  0.30237416E+002
  0.30239020E+002
  0.30239927E+002
  0.30240433E+002
  0.30240693E+002
  0.30240795E+002
  0.30240793E+002
  0.30240723E+002
  0.30240607E+002
  0.30240462E+002
  0.30240298E+002
  0.30240124E+002
  0.30239944E+002
  0.30239764E+002
  0.30239585E+002
  0.30239410E+002
  0.30239240E+002
  0.30239075E+002
  0.30238917E+002
  0.30238764E+002
  0.30238617E+002
  0.30238477E+002
  0.30238342E+002
  0.30238213E+002
  0.30238089E+002
  0.30237971E+002
  0.30237858E+002
  0.30237749E+002
  0.30237645E+002
  0.30237545E+002
  0.30237448E+002
  0.30237356E+002
  0.30237267E+002
  0.30237180E+002
  0.30237097E+002
  0.30237016E+002
  0.30236938E+002
  0.30236862E+002
  0.30236788E+002
  0.30236716E+002
  0.30236646E+002
  0.30236578E+002
  0.30236511E+002
  0.30236445E+002
  0.30236381E+002
  0.30236318E+002
  0.30236256E+002
  0.30236195E+002
  0.30236135E+002
  0.30236076E+002
  0.30236018E+002
  0.30235961E+002
  0.30235905E+002
  0.30235849E+002
  0.30235795E+002
  0.30235741E+002
  0.30235687E+002
  0.30235635E+002
  0.30235583E+002
  0.30235532E+002
  0.30235481E+002
  0.30235431E+002
  0.30235383E+002
  0.30235335E+002
  0.30235288E+002
  0.30235242E+002
  0.30235197E+002
  0.30235153E+002
  0.30235110E+002
  0.30235069E+002
  0.30235030E+002
  0.30234992E+002
  0.30234956E+002
  0.30234922E+002
  0.30234889E+002
  0.30234859E+002
  0.30234831E+002
  0.30234805E+002
  0.30234781E+002
  0.30234759E+002
  0.30234739E+002
  0.30234722E+002
  0.30234706E+002
  0.30234693E+002
  0.30234681E+002
  0.30234671E+002
  0.30234663E+002
  0.30234656E+002
  0.30234651E+002
  0.30234648E+002
  0.30234645E+002
  0.30234644E+002
  0.30234643E+002
  0.30234644E+002
  0.30234645E+002
  0.30234646E+002
  0.30234649E+002
  0.30234652E+002
  0.30234655E+002
  0.30234659E+002
  0.30234663E+002
  0.30234667E+002
  0.30234672E+002
  0.30234677E+002
  0.30234682E+002
  0.30234687E+002
  0.30234692E+002
  0.30234698E+002
  0.30234704E+002
  0.30234710E+002
  0.30234716E+002
  0.30234723E+002
  0.30234729E+002
  0.30234736E+002
  0.30234744E+002
  0.30234751E+002
  0.30234759E+002
  0.30234767E+002
  0.30234776E+002
  0.30234784E+002
  0.30234794E+002
  0.30234803E+002
  0.30234813E+002
  0.30234824E+002
  0.30234835E+002
  0.30234846E+002
  0.30234858E+002
  0.30234870E+002
  0.30234883E+002
  0.30234896E+002
  0.30234910E+002
  0.30234925E+002
  0.30234940E+002
  0.30234956E+002
  0.30234972E+002
  0.30234989E+002
  0.30235007E+002
  0.30235025E+002
  0.30235044E+002
  0.30235063E+002
  0.30235083E+002
  0.30235104E+002
  0.30235125E+002
  0.30235147E+002
  0.30235170E+002
  0.30235193E+002
  0.30235217E+002
  0.30235242E+002
  0.30235267E+002
  0.30235293E+002
  0.30235319E+002
  0.30235346E+002
  0.30235373E+002
  0.30235401E+002
  0.30235430E+002
  0.30235459E+002
  0.30235488E+002
  0.30235518E+002
  0.30235548E+002
  0.30235579E+002
  0.30235610E+002
  0.30235641E+002
  0.30235673E+002
  0.30235705E+002
  0.30235737E+002
  0.30235770E+002
  0.30235803E+002
  0.30235836E+002
  0.30235868E+002
  0.30235902E+002
  0.30235935E+002
  0.30235968E+002
  0.30236001E+002
  0.30236034E+002
  0.30236067E+002
  0.30236100E+002
  0.30236133E+002
  0.30236166E+002
  0.30236198E+002
  0.30236231E+002
  0.30236263E+002
  0.30236294E+002
  0.30236326E+002
  0.30236357E+002
  0.30236388E+002
  0.30236418E+002
  0.30236449E+002
  0.30236478E+002
  0.30236508E+002
  0.30236536E+002
  0.30236565E+002
  0.30236593E+002
  0.30236620E+002
  0.30236647E+002
  0.30236673E+002
  0.30236699E+002
  0.30236724E+002
  0.30236749E+002
  0.30236773E+002
  0.30236797E+002
