  0.15616606E+001  0.10209131E+001  0.70980862E+001  0.11126902E+003
  0.15550178E+001  0.10220994E+001  0.70882339E+001  0.11129074E+003
  0.15460149E+001  0.10233618E+001  0.70929737E+001  0.11129737E+003
  0.15343153E+001  0.10311633E+001  0.70914424E+001  0.11130482E+003
  0.15302599E+001  0.10398686E+001  0.69625219E+001  0.11131033E+003
  0.15233041E+001  0.10286616E+001  0.70844893E+001  0.11132674E+003
  0.15183911E+001  0.10312389E+001  0.70796924E+001  0.11133386E+003
  0.15133416E+001  0.10350815E+001  0.70788463E+001  0.11133564E+003
  0.15111155E+001  0.10347784E+001  0.70809653E+001  0.11133558E+003
  0.15100926E+001  0.10298232E+001  0.70857872E+001  0.11133616E+003
  0.15074295E+001  0.10319447E+001  0.70861662E+001  0.11133566E+003
  0.15054768E+001  0.10307960E+001  0.70910605E+001  0.11133317E+003
  0.15053075E+001  0.10293429E+001  0.70885734E+001  0.11133657E+003
  0.15049556E+001  0.10294548E+001  0.71000162E+001  0.11113907E+003
  0.15047027E+001  0.10292835E+001  0.70888088E+001  0.11133556E+003
  0.15031648E+001  0.10281887E+001  0.70857146E+001  0.11134059E+003
  0.15020971E+001  0.10290609E+001  0.70858528E+001  0.11133996E+003
  0.15020677E+001  0.10285553E+001  0.70862353E+001  0.11133946E+003
  0.15020148E+001  0.10284939E+001  0.70863190E+001  0.11133885E+003
  0.15020200E+001  0.10277294E+001  0.70871585E+001  0.11133816E+003
  0.15015589E+001  0.10281046E+001  0.70867411E+001  0.11133808E+003
  0.15001618E+001  0.10294150E+001  0.70869068E+001  0.11133744E+003
  0.15001792E+001  0.10293194E+001  0.70870671E+001  0.11133682E+003
  0.15001968E+001  0.10292607E+001  0.70871891E+001  0.11133622E+003
  0.15002132E+001  0.10292131E+001  0.70872995E+001  0.11133564E+003
  0.15002239E+001  0.10291824E+001  0.70873965E+001  0.11133509E+003
  0.15002404E+001  0.10291461E+001  0.70874911E+001  0.11133457E+003
  0.15001020E+001  0.10292795E+001  0.70875359E+001  0.11133409E+003
  0.15001197E+001  0.10292533E+001  0.70876139E+001  0.11133361E+003
  0.15001370E+001  0.10292412E+001  0.70876752E+001  0.11133314E+003
  0.15001540E+001  0.10292349E+001  0.70877283E+001  0.11133269E+003
  0.15001698E+001  0.10292354E+001  0.70877743E+001  0.11133226E+003
  0.15001860E+001  0.10290285E+001  0.70880246E+001  0.11133184E+003
  0.15002017E+001  0.10290342E+001  0.70880600E+001  0.11133144E+003
  0.15002170E+001  0.10290402E+001  0.70880927E+001  0.11133105E+003
  0.15002318E+001  0.10290483E+001  0.70880792E+001  0.11133072E+003
  0.15002461E+001  0.10290573E+001  0.70881061E+001  0.11133036E+003
  0.15002600E+001  0.10290668E+001  0.70881304E+001  0.11133001E+003
  0.15002735E+001  0.10290767E+001  0.70881525E+001  0.11132966E+003
  0.15002865E+001  0.10290869E+001  0.70881726E+001  0.11132933E+003
  0.15002991E+001  0.10290973E+001  0.70881911E+001  0.11132901E+003
  0.15003113E+001  0.10291089E+001  0.70882070E+001  0.11132870E+003
  0.15003232E+001  0.10291195E+001  0.70882229E+001  0.11132839E+003
  0.15003348E+001  0.10291299E+001  0.70882387E+001  0.11132809E+003
  0.15003461E+001  0.10291402E+001  0.70882540E+001  0.11132780E+003
  0.15003571E+001  0.10291502E+001  0.70882688E+001  0.11132751E+003
  0.15003679E+001  0.10293716E+001  0.70880718E+001  0.11132723E+003
  0.15003784E+001  0.10293811E+001  0.70880863E+001  0.11132695E+003
  0.15003889E+001  0.10293912E+001  0.70881001E+001  0.11132667E+003
  0.15003991E+001  0.10294016E+001  0.70881136E+001  0.11132640E+003
  0.15004093E+001  0.10294118E+001  0.70881273E+001  0.11132614E+003
  0.15004193E+001  0.10294216E+001  0.70881416E+001  0.11132588E+003
  0.15004293E+001  0.10294312E+001  0.70881566E+001  0.11132562E+003
  0.15004392E+001  0.10294404E+001  0.70881724E+001  0.11132536E+003
  0.15004490E+001  0.10294493E+001  0.70881890E+001  0.11132510E+003
  0.15004588E+001  0.10294580E+001  0.70882063E+001  0.11132485E+003
  0.15004694E+001  0.10294657E+001  0.70882246E+001  0.11132460E+003
  0.15004792E+001  0.10294741E+001  0.70882436E+001  0.11132436E+003
  0.15004889E+001  0.10294825E+001  0.70882633E+001  0.11132411E+003
  0.15004985E+001  0.10294910E+001  0.70882836E+001  0.11132387E+003
  0.15005081E+001  0.10294996E+001  0.70883045E+001  0.11132363E+003
  0.15005176E+001  0.10295084E+001  0.70883258E+001  0.11132339E+003
  0.15005271E+001  0.10295175E+001  0.70883473E+001  0.11132315E+003
  0.15005364E+001  0.10295362E+001  0.70883599E+001  0.11132292E+003
  0.15005457E+001  0.10295460E+001  0.70883816E+001  0.11132269E+003
  0.15005548E+001  0.10295561E+001  0.70884032E+001  0.11132247E+003
  0.15005639E+001  0.10295667E+001  0.70884244E+001  0.11132225E+003
  0.15005727E+001  0.10295776E+001  0.70884451E+001  0.11132203E+003
  0.15005814E+001  0.10295889E+001  0.70884650E+001  0.11132182E+003
  0.15005898E+001  0.10296005E+001  0.70884842E+001  0.11132162E+003
  0.15005981E+001  0.10296124E+001  0.70885024E+001  0.11132142E+003
  0.15006061E+001  0.10296244E+001  0.70885196E+001  0.11132123E+003
  0.15006138E+001  0.10296366E+001  0.70885356E+001  0.11132105E+003
  0.15006213E+001  0.10296487E+001  0.70885505E+001  0.11132088E+003
  0.15006284E+001  0.10296608E+001  0.70885641E+001  0.11132072E+003
  0.15006353E+001  0.10296727E+001  0.70885766E+001  0.11132056E+003
  0.15006418E+001  0.10296844E+001  0.70885878E+001  0.11132042E+003
  0.15006480E+001  0.10296957E+001  0.70885979E+001  0.11132029E+003
  0.15006539E+001  0.10297067E+001  0.70886068E+001  0.11132017E+003
  0.15006594E+001  0.10297172E+001  0.70886148E+001  0.11132006E+003
  0.15006646E+001  0.10297272E+001  0.70886217E+001  0.11131996E+003
  0.15006694E+001  0.10297367E+001  0.70886277E+001  0.11131987E+003
  0.15006739E+001  0.10297456E+001  0.70886330E+001  0.11131979E+003
  0.15006780E+001  0.10297541E+001  0.70886375E+001  0.11131971E+003
  0.15006819E+001  0.10297619E+001  0.70886415E+001  0.11131965E+003
  0.15006854E+001  0.10297693E+001  0.70886449E+001  0.11131960E+003
  0.15006886E+001  0.10297761E+001  0.70886479E+001  0.11131955E+003
  0.15006916E+001  0.10297824E+001  0.70886505E+001  0.11131952E+003
  0.15006943E+001  0.10297887E+001  0.70886525E+001  0.11131948E+003
  0.15006967E+001  0.10297941E+001  0.70886547E+001  0.11131946E+003
  0.15006989E+001  0.10297992E+001  0.70886568E+001  0.11131944E+003
  0.15007009E+001  0.10298038E+001  0.70886588E+001  0.11131942E+003
  0.15007027E+001  0.10298082E+001  0.70886608E+001  0.11131941E+003
  0.15007043E+001  0.10298123E+001  0.70886629E+001  0.11131941E+003
  0.15007057E+001  0.10298161E+001  0.70886652E+001  0.11131941E+003
  0.15007070E+001  0.10298196E+001  0.70886677E+001  0.11131941E+003
  0.15007081E+001  0.10298229E+001  0.70886703E+001  0.11131941E+003
  0.15007092E+001  0.10298261E+001  0.70886732E+001  0.11131941E+003
  0.15007101E+001  0.10298291E+001  0.70886763E+001  0.11131942E+003
  0.15007110E+001  0.10298319E+001  0.70886797E+001  0.11131943E+003
  0.15007117E+001  0.10298346E+001  0.70886834E+001  0.11131944E+003
  0.15007125E+001  0.10298371E+001  0.70886874E+001  0.11131945E+003
  0.15007131E+001  0.10298396E+001  0.70886917E+001  0.11131946E+003
  0.15007137E+001  0.10298419E+001  0.70886963E+001  0.11131947E+003
  0.15007143E+001  0.10298442E+001  0.70887012E+001  0.11131948E+003
  0.15007148E+001  0.10298464E+001  0.70887065E+001  0.11131949E+003
  0.15007154E+001  0.10298484E+001  0.70887120E+001  0.11131951E+003
  0.15007159E+001  0.10298505E+001  0.70887178E+001  0.11131952E+003
  0.15007164E+001  0.10298524E+001  0.70887239E+001  0.11131954E+003
  0.15007169E+001  0.10298543E+001  0.70887302E+001  0.11131955E+003
  0.15007175E+001  0.10298560E+001  0.70887368E+001  0.11131957E+003
  0.15007180E+001  0.10298578E+001  0.70887436E+001  0.11131958E+003
  0.15007186E+001  0.10298594E+001  0.70887506E+001  0.11131960E+003
  0.15007191E+001  0.10298610E+001  0.70887578E+001  0.11131962E+003
  0.15007197E+001  0.10298626E+001  0.70887651E+001  0.11131964E+003
  0.15007203E+001  0.10298640E+001  0.70887726E+001  0.11131966E+003
  0.15007209E+001  0.10298655E+001  0.70887802E+001  0.11131968E+003
  0.15007215E+001  0.10298668E+001  0.70887878E+001  0.11131971E+003
  0.15007222E+001  0.10298681E+001  0.70887955E+001  0.11131973E+003
  0.15007229E+001  0.10298693E+001  0.70888033E+001  0.11131976E+003
  0.15007235E+001  0.10298705E+001  0.70888111E+001  0.11131978E+003
  0.15007242E+001  0.10298716E+001  0.70888188E+001  0.11131981E+003
  0.15007250E+001  0.10298727E+001  0.70888265E+001  0.11131984E+003
  0.15007257E+001  0.10298737E+001  0.70888342E+001  0.11131987E+003
  0.15007264E+001  0.10298747E+001  0.70888417E+001  0.11131991E+003
  0.15007271E+001  0.10298756E+001  0.70888491E+001  0.11131995E+003
  0.15007279E+001  0.10298764E+001  0.70888564E+001  0.11131998E+003
  0.15007286E+001  0.10298772E+001  0.70888635E+001  0.11132003E+003
  0.15007293E+001  0.10298780E+001  0.70888705E+001  0.11132007E+003
  0.15007300E+001  0.10298787E+001  0.70888772E+001  0.11132011E+003
  0.15007307E+001  0.10298794E+001  0.70888838E+001  0.11132016E+003
  0.15007313E+001  0.10298800E+001  0.70888900E+001  0.11132021E+003
  0.15007320E+001  0.10298807E+001  0.70888961E+001  0.11132027E+003
  0.15007326E+001  0.10298812E+001  0.70889019E+001  0.11132032E+003
  0.15007332E+001  0.10298817E+001  0.70889073E+001  0.11132038E+003
  0.15007337E+001  0.10298822E+001  0.70889126E+001  0.11132044E+003
  0.15007342E+001  0.10298827E+001  0.70889175E+001  0.11132051E+003
  0.15007347E+001  0.10298831E+001  0.70889221E+001  0.11132057E+003
  0.15007352E+001  0.10298835E+001  0.70889264E+001  0.11132064E+003
  0.15007356E+001  0.10298839E+001  0.70889304E+001  0.11132072E+003
  0.15007359E+001  0.10298842E+001  0.70889340E+001  0.11132079E+003
  0.15007362E+001  0.10298845E+001  0.70889374E+001  0.11132087E+003
  0.15007365E+001  0.10298848E+001  0.70889404E+001  0.11132095E+003
  0.15007367E+001  0.10298851E+001  0.70889432E+001  0.11132104E+003
  0.15007369E+001  0.10298853E+001  0.70889456E+001  0.11132113E+003
  0.15007370E+001  0.10298855E+001  0.70889477E+001  0.11132122E+003
  0.15007371E+001  0.10298857E+001  0.70889496E+001  0.11132131E+003
  0.15007372E+001  0.10298858E+001  0.70889511E+001  0.11132141E+003
  0.15007372E+001  0.10298860E+001  0.70889524E+001  0.11132151E+003
  0.15007371E+001  0.10298861E+001  0.70889534E+001  0.11132161E+003
  0.15007370E+001  0.10298862E+001  0.70889542E+001  0.11132171E+003
  0.15007369E+001  0.10298863E+001  0.70889547E+001  0.11132182E+003
  0.15007368E+001  0.10298863E+001  0.70889550E+001  0.11132193E+003
  0.15007366E+001  0.10298863E+001  0.70889550E+001  0.11132204E+003
  0.15007364E+001  0.10298864E+001  0.70889548E+001  0.11132215E+003
  0.15007361E+001  0.10298863E+001  0.70889545E+001  0.11132227E+003
  0.15007358E+001  0.10298863E+001  0.70889540E+001  0.11132239E+003
  0.15007355E+001  0.10298863E+001  0.70889532E+001  0.11132251E+003
  0.15007352E+001  0.10298862E+001  0.70889524E+001  0.11132263E+003
  0.15007349E+001  0.10298862E+001  0.70889514E+001  0.11132276E+003
  0.15007345E+001  0.10298861E+001  0.70889502E+001  0.11132288E+003
  0.15007341E+001  0.10298860E+001  0.70889490E+001  0.11132301E+003
  0.15007337E+001  0.10298859E+001  0.70889476E+001  0.11132314E+003
  0.15007333E+001  0.10298858E+001  0.70889462E+001  0.11132327E+003
  0.15007329E+001  0.10298857E+001  0.70889446E+001  0.11132340E+003
  0.15007325E+001  0.10298855E+001  0.70889430E+001  0.11132353E+003
  0.15007321E+001  0.10298854E+001  0.70889413E+001  0.11132367E+003
  0.15007316E+001  0.10298852E+001  0.70889396E+001  0.11132380E+003
  0.15007312E+001  0.10298851E+001  0.70889379E+001  0.11132393E+003
  0.15007308E+001  0.10298849E+001  0.70889361E+001  0.11132407E+003
  0.15007304E+001  0.10298848E+001  0.70889342E+001  0.11132420E+003
  0.15007300E+001  0.10298846E+001  0.70889324E+001  0.11132434E+003
  0.15007295E+001  0.10298844E+001  0.70889306E+001  0.11132447E+003
  0.15007291E+001  0.10298842E+001  0.70889287E+001  0.11132461E+003
  0.15007287E+001  0.10298841E+001  0.70889269E+001  0.11132474E+003
  0.15007284E+001  0.10298839E+001  0.70889251E+001  0.11132488E+003
  0.15007280E+001  0.10298837E+001  0.70889233E+001  0.11132501E+003
  0.15007276E+001  0.10298835E+001  0.70889215E+001  0.11132514E+003
  0.15007272E+001  0.10298834E+001  0.70889198E+001  0.11132528E+003
  0.15007269E+001  0.10298832E+001  0.70889181E+001  0.11132541E+003
  0.15007266E+001  0.10298830E+001  0.70889164E+001  0.11132554E+003
  0.15007262E+001  0.10298828E+001  0.70889148E+001  0.11132567E+003
  0.15007259E+001  0.10298827E+001  0.70889132E+001  0.11132580E+003
  0.15007256E+001  0.10298825E+001  0.70889116E+001  0.11132592E+003
  0.15007253E+001  0.10298823E+001  0.70889101E+001  0.11132605E+003
  0.15007251E+001  0.10298822E+001  0.70889086E+001  0.11132617E+003
  0.15007248E+001  0.10298820E+001  0.70889072E+001  0.11132629E+003
  0.15007245E+001  0.10298819E+001  0.70889059E+001  0.11132641E+003
  0.15007243E+001  0.10298817E+001  0.70889046E+001  0.11132653E+003
  0.15007241E+001  0.10298816E+001  0.70889033E+001  0.11132665E+003
  0.15007238E+001  0.10298815E+001  0.70889021E+001  0.11132677E+003
  0.15007236E+001  0.10298813E+001  0.70889009E+001  0.11132688E+003
  0.15007234E+001  0.10298812E+001  0.70888998E+001  0.11132699E+003
  0.15007233E+001  0.10298811E+001  0.70888987E+001  0.11132710E+003
  0.15007231E+001  0.10298810E+001  0.70888977E+001  0.11132720E+003
  0.15007229E+001  0.10298809E+001  0.70888967E+001  0.11132731E+003
  0.15007228E+001  0.10298808E+001  0.70888958E+001  0.11132741E+003
  0.15007226E+001  0.10298807E+001  0.70888949E+001  0.11132751E+003
  0.15007225E+001  0.10298806E+001  0.70888941E+001  0.11132761E+003
  0.15007223E+001  0.10298805E+001  0.70888933E+001  0.11132771E+003
