  0.10444409E+000
  0.10558686E+000
  0.10612379E+000
  0.10640509E+000
  0.10655868E+000
  0.10664141E+000
  0.10668283E+000
  0.10669970E+000
  0.10670184E+000
  0.10669488E+000
  0.10668240E+000
  0.10666668E+000
  0.10664944E+000
  0.10663172E+000
  0.10661400E+000
  0.10659682E+000
  0.10658061E+000
  0.10656553E+000
  0.10655159E+000
  0.10653880E+000
  0.10652711E+000
  0.10651647E+000
  0.10650684E+000
  0.10649816E+000
  0.10649037E+000
  0.10648341E+000
  0.10647722E+000
  0.10647176E+000
  0.10646695E+000
  0.10646276E+000
  0.10645911E+000
  0.10645597E+000
  0.10645329E+000
  0.10645101E+000
  0.10644911E+000
  0.10644752E+000
  0.10644622E+000
  0.10644518E+000
  0.10644435E+000
  0.10644370E+000
  0.10644322E+000
  0.10644286E+000
  0.10644262E+000
  0.10644247E+000
  0.10644239E+000
  0.10644237E+000
  0.10644239E+000
  0.10644244E+000
  0.10644252E+000
  0.10644260E+000
  0.10644268E+000
  0.10644277E+000
  0.10644284E+000
  0.10644290E+000
  0.10644295E+000
  0.10644297E+000
  0.10644298E+000
  0.10644295E+000
  0.10644291E+000
  0.10644283E+000
  0.10644273E+000
  0.10644260E+000
  0.10644244E+000
  0.10644226E+000
  0.10644205E+000
  0.10644181E+000
  0.10644156E+000
  0.10644128E+000
  0.10644098E+000
  0.10644066E+000
  0.10644034E+000
  0.10644000E+000
  0.10643965E+000
  0.10643930E+000
  0.10643895E+000
  0.10643860E+000
  0.10643825E+000
  0.10643792E+000
  0.10643759E+000
  0.10643728E+000
  0.10643699E+000
  0.10643671E+000
  0.10643645E+000
  0.10643622E+000
  0.10643600E+000
  0.10643580E+000
  0.10643563E+000
  0.10643547E+000
  0.10643533E+000
  0.10643521E+000
  0.10643511E+000
  0.10643503E+000
  0.10643495E+000
  0.10643489E+000
  0.10643485E+000
  0.10643481E+000
  0.10643478E+000
  0.10643476E+000
  0.10643474E+000
  0.10643473E+000
  0.10643473E+000
  0.10643473E+000
  0.10643473E+000
  0.10643473E+000
  0.10643474E+000
  0.10643475E+000
  0.10643476E+000
  0.10643476E+000
  0.10643477E+000
  0.10643478E+000
  0.10643479E+000
  0.10643481E+000
  0.10643482E+000
  0.10643483E+000
  0.10643484E+000
  0.10643485E+000
  0.10643486E+000
  0.10643487E+000
  0.10643488E+000
  0.10643489E+000
  0.10643491E+000
  0.10643492E+000
  0.10643493E+000
  0.10643495E+000
  0.10643496E+000
  0.10643498E+000
  0.10643499E+000
  0.10643501E+000
  0.10643503E+000
  0.10643505E+000
  0.10643507E+000
  0.10643509E+000
  0.10643512E+000
  0.10643514E+000
  0.10643517E+000
  0.10643520E+000
  0.10643523E+000
  0.10643527E+000
  0.10643530E+000
  0.10643534E+000
  0.10643538E+000
  0.10643542E+000
  0.10643547E+000
  0.10643552E+000
  0.10643557E+000
  0.10643562E+000
  0.10643567E+000
  0.10643573E+000
  0.10643579E+000
  0.10643585E+000
  0.10643592E+000
  0.10643599E+000
  0.10643606E+000
  0.10643613E+000
  0.10643621E+000
  0.10643629E+000
  0.10643637E+000
  0.10643645E+000
  0.10643654E+000
  0.10643663E+000
  0.10643672E+000
  0.10643681E+000
  0.10643691E+000
  0.10643701E+000
  0.10643711E+000
  0.10643721E+000
  0.10643732E+000
  0.10643742E+000
  0.10643753E+000
  0.10643764E+000
  0.10643775E+000
  0.10643787E+000
  0.10643798E+000
  0.10643809E+000
  0.10643821E+000
  0.10643833E+000
  0.10643844E+000
  0.10643856E+000
  0.10643868E+000
  0.10643880E+000
  0.10643892E+000
  0.10643904E+000
  0.10643915E+000
  0.10643927E+000
  0.10643939E+000
  0.10643951E+000
  0.10643963E+000
  0.10643974E+000
  0.10643986E+000
  0.10643997E+000
  0.10644009E+000
  0.10644020E+000
  0.10644031E+000
  0.10644042E+000
  0.10644053E+000
  0.10644063E+000
  0.10644074E+000
  0.10644084E+000
  0.10644094E+000
  0.10644105E+000
