  0.12215337E+001  0.54435370E+000  0.87387891E+000  0.37109768E+001
  0.12063097E+001  0.54575765E+000  0.87229042E+000  0.37052487E+001
  0.11897476E+001  0.53938979E+000  0.88449555E+000  0.37000339E+001
  0.11757279E+001  0.54288645E+000  0.88815644E+000  0.36946502E+001
  0.11647971E+001  0.55742356E+000  0.87052686E+000  0.36928904E+001
  0.11388005E+001  0.56329522E+000  0.88435259E+000  0.36982505E+001
  0.11238014E+001  0.56927710E+000  0.88685066E+000  0.36992242E+001
  0.11098041E+001  0.57922885E+000  0.88215430E+000  0.37038104E+001
  0.11043906E+001  0.56896209E+000  0.89589256E+000  0.37027221E+001
  0.11024883E+001  0.56563636E+000  0.89950487E+000  0.37022243E+001
  0.10973781E+001  0.56902048E+000  0.90013057E+000  0.37019604E+001
  0.10898026E+001  0.57526264E+000  0.90061149E+000  0.37020625E+001
  0.10892475E+001  0.57044759E+000  0.90233803E+000  0.37054604E+001
  0.10887029E+001  0.57048957E+000  0.90342482E+000  0.37000565E+001
  0.10881574E+001  0.57067689E+000  0.90279410E+000  0.37065411E+001
  0.10876508E+001  0.56645382E+000  0.90495736E+000  0.37098937E+001
  0.10848626E+001  0.56925899E+000  0.90507908E+000  0.37107700E+001
  0.10849124E+001  0.56891834E+000  0.90560316E+000  0.37117392E+001
  0.10846908E+001  0.56933889E+000  0.90580741E+000  0.37126919E+001
  0.10848686E+001  0.56705123E+000  0.90847402E+000  0.37136166E+001
  0.10851336E+001  0.56716873E+000  0.90866148E+000  0.37146302E+001
  0.10806631E+001  0.57209752E+000  0.90888584E+000  0.37156139E+001
  0.10809969E+001  0.57216311E+000  0.90921838E+000  0.37166152E+001
  0.10813813E+001  0.57230331E+000  0.90946629E+000  0.37176293E+001
  0.10817824E+001  0.57245027E+000  0.90972491E+000  0.37186516E+001
  0.10821975E+001  0.57260501E+000  0.90999020E+000  0.37196784E+001
  0.10826190E+001  0.57275191E+000  0.91028053E+000  0.37207067E+001
  0.10828810E+001  0.57309024E+000  0.91054098E+000  0.37217514E+001
  0.10833339E+001  0.57322443E+000  0.91084789E+000  0.37227759E+001
  0.10837941E+001  0.57338461E+000  0.91113406E+000  0.37237957E+001
  0.10842602E+001  0.57354632E+000  0.91142267E+000  0.37248097E+001
  0.10847293E+001  0.57371054E+000  0.91171323E+000  0.37258166E+001
  0.10852031E+001  0.57347009E+000  0.91240895E+000  0.37268154E+001
  0.10856790E+001  0.57363301E+000  0.91270248E+000  0.37278055E+001
  0.10861559E+001  0.57377460E+000  0.91301781E+000  0.37287859E+001
  0.10866328E+001  0.57393717E+000  0.91329607E+000  0.37297721E+001
  0.10871088E+001  0.57409908E+000  0.91359023E+000  0.37307314E+001
  0.10875828E+001  0.57426014E+000  0.91388407E+000  0.37316792E+001
  0.10880540E+001  0.57442012E+000  0.91417734E+000  0.37326149E+001
  0.10885215E+001  0.57457885E+000  0.91446983E+000  0.37335380E+001
  0.10889844E+001  0.57473613E+000  0.91476134E+000  0.37344477E+001
  0.10894419E+001  0.57491337E+000  0.91503012E+000  0.37353434E+001
  0.10898932E+001  0.57506721E+000  0.91531914E+000  0.37362246E+001
  0.10903374E+001  0.57521907E+000  0.91560668E+000  0.37370905E+001
  0.10907738E+001  0.57536884E+000  0.91589245E+000  0.37379403E+001
  0.10912015E+001  0.57551640E+000  0.91617623E+000  0.37387736E+001
  0.10916197E+001  0.57605642E+000  0.91606296E+000  0.37395894E+001
  0.10920278E+001  0.57619865E+000  0.91634252E+000  0.37403871E+001
  0.10924249E+001  0.57634909E+000  0.91660848E+000  0.37411659E+001
  0.10928105E+001  0.57648538E+000  0.91688282E+000  0.37419252E+001
  0.10931837E+001  0.57661839E+000  0.91715418E+000  0.37426643E+001
  0.10935441E+001  0.57674796E+000  0.91742230E+000  0.37433825E+001
  0.10938911E+001  0.57687388E+000  0.91768687E+000  0.37440792E+001
  0.10942241E+001  0.57699600E+000  0.91794758E+000  0.37447539E+001
  0.10945428E+001  0.57711414E+000  0.91820407E+000  0.37454060E+001
  0.10948468E+001  0.57722817E+000  0.91845597E+000  0.37460350E+001
  0.10951373E+001  0.57733634E+000  0.91870291E+000  0.37466406E+001
  0.10954111E+001  0.57744173E+000  0.91894446E+000  0.37472225E+001
  0.10956694E+001  0.57754263E+000  0.91918021E+000  0.37477803E+001
  0.10959123E+001  0.57763896E+000  0.91940972E+000  0.37483139E+001
  0.10961398E+001  0.57773064E+000  0.91963252E+000  0.37488231E+001
  0.10963520E+001  0.57781762E+000  0.91984818E+000  0.37493079E+001
  0.10965490E+001  0.57789985E+000  0.92005623E+000  0.37497681E+001
  0.10967310E+001  0.57800142E+000  0.92023214E+000  0.37502040E+001
  0.10968985E+001  0.57807412E+000  0.92042366E+000  0.37506154E+001
  0.10970518E+001  0.57814206E+000  0.92060628E+000  0.37510027E+001
  0.10971912E+001  0.57820528E+000  0.92077964E+000  0.37513658E+001
  0.10973173E+001  0.57826381E+000  0.92094340E+000  0.37517051E+001
  0.10974306E+001  0.57831772E+000  0.92109727E+000  0.37520207E+001
  0.10975317E+001  0.57836709E+000  0.92124103E+000  0.37523130E+001
  0.10976211E+001  0.57841202E+000  0.92137449E+000  0.37525822E+001
  0.10976995E+001  0.57845263E+000  0.92149758E+000  0.37528287E+001
  0.10977675E+001  0.57848904E+000  0.92161026E+000  0.37530528E+001
  0.10978256E+001  0.57852141E+000  0.92171258E+000  0.37532551E+001
  0.10978747E+001  0.57854990E+000  0.92180467E+000  0.37534359E+001
  0.10979152E+001  0.57857469E+000  0.92188673E+000  0.37535960E+001
  0.10979479E+001  0.57859596E+000  0.92195902E+000  0.37537358E+001
  0.10979734E+001  0.57861393E+000  0.92202189E+000  0.37538561E+001
  0.10979923E+001  0.57862881E+000  0.92207573E+000  0.37539577E+001
  0.10980052E+001  0.57864080E+000  0.92212099E+000  0.37540414E+001
  0.10980126E+001  0.57865015E+000  0.92215816E+000  0.37541082E+001
  0.10980153E+001  0.57865707E+000  0.92218778E+000  0.37541592E+001
  0.10980136E+001  0.57866179E+000  0.92221039E+000  0.37541953E+001
  0.10980082E+001  0.57866454E+000  0.92222658E+000  0.37542177E+001
  0.10979995E+001  0.57866552E+000  0.92223693E+000  0.37542275E+001
  0.10979880E+001  0.57866496E+000  0.92224202E+000  0.37542261E+001
  0.10979741E+001  0.57866305E+000  0.92224244E+000  0.37542146E+001
  0.10979583E+001  0.57866000E+000  0.92223875E+000  0.37541942E+001
  0.10979409E+001  0.57865639E+000  0.92223107E+000  0.37541661E+001
  0.10979223E+001  0.57865157E+000  0.92222078E+000  0.37541314E+001
  0.10979027E+001  0.57864611E+000  0.92220794E+000  0.37540914E+001
  0.10978826E+001  0.57864015E+000  0.92219301E+000  0.37540469E+001
  0.10978621E+001  0.57863383E+000  0.92217643E+000  0.37539991E+001
  0.10978415E+001  0.57862727E+000  0.92215858E+000  0.37539488E+001
  0.10978210E+001  0.57862055E+000  0.92213981E+000  0.37538968E+001
  0.10978007E+001  0.57861379E+000  0.92212046E+000  0.37538439E+001
  0.10977808E+001  0.57860705E+000  0.92210079E+000  0.37537908E+001
  0.10977614E+001  0.57860041E+000  0.92208105E+000  0.37537379E+001
  0.10977426E+001  0.57859391E+000  0.92206146E+000  0.37536859E+001
  0.10977245E+001  0.57858760E+000  0.92204219E+000  0.37536350E+001
  0.10977072E+001  0.57858153E+000  0.92202340E+000  0.37535857E+001
  0.10976907E+001  0.57857571E+000  0.92200520E+000  0.37535382E+001
  0.10976750E+001  0.57857017E+000  0.92198769E+000  0.37534927E+001
  0.10976601E+001  0.57856492E+000  0.92197095E+000  0.37534493E+001
  0.10976461E+001  0.57855997E+000  0.92195504E+000  0.37534083E+001
  0.10976329E+001  0.57855532E+000  0.92193998E+000  0.37533695E+001
  0.10976206E+001  0.57855098E+000  0.92192580E+000  0.37533331E+001
  0.10976091E+001  0.57854692E+000  0.92191251E+000  0.37532990E+001
  0.10975983E+001  0.57854316E+000  0.92190010E+000  0.37532672E+001
  0.10975883E+001  0.57853967E+000  0.92188856E+000  0.37532377E+001
  0.10975791E+001  0.57853645E+000  0.92187788E+000  0.37532104E+001
  0.10975705E+001  0.57853348E+000  0.92186801E+000  0.37531851E+001
  0.10975627E+001  0.57853076E+000  0.92185894E+000  0.37531619E+001
  0.10975554E+001  0.57852826E+000  0.92185062E+000  0.37531405E+001
  0.10975487E+001  0.57852597E+000  0.92184302E+000  0.37531210E+001
  0.10975426E+001  0.57852388E+000  0.92183610E+000  0.37531031E+001
  0.10975369E+001  0.57852197E+000  0.92182983E+000  0.37530869E+001
  0.10975318E+001  0.57852023E+000  0.92182415E+000  0.37530721E+001
  0.10975271E+001  0.57851865E+000  0.92181902E+000  0.37530587E+001
  0.10975229E+001  0.57851721E+000  0.92181442E+000  0.37530466E+001
  0.10975190E+001  0.57851591E+000  0.92181030E+000  0.37530356E+001
  0.10975154E+001  0.57851472E+000  0.92180663E+000  0.37530257E+001
  0.10975122E+001  0.57851365E+000  0.92180336E+000  0.37530169E+001
  0.10975094E+001  0.57851267E+000  0.92180047E+000  0.37530089E+001
  0.10975068E+001  0.57851179E+000  0.92179792E+000  0.37530018E+001
  0.10975044E+001  0.57851099E+000  0.92179569E+000  0.37529955E+001
  0.10975023E+001  0.57851026E+000  0.92179374E+000  0.37529898E+001
  0.10975004E+001  0.57850960E+000  0.92179204E+000  0.37529848E+001
  0.10974987E+001  0.57850900E+000  0.92179059E+000  0.37529803E+001
  0.10974972E+001  0.57850845E+000  0.92178934E+000  0.37529764E+001
  0.10974958E+001  0.57850795E+000  0.92178828E+000  0.37529729E+001
  0.10974946E+001  0.57850750E+000  0.92178739E+000  0.37529698E+001
  0.10974935E+001  0.57850709E+000  0.92178665E+000  0.37529671E+001
  0.10974926E+001  0.57850671E+000  0.92178605E+000  0.37529647E+001
  0.10974918E+001  0.57850637E+000  0.92178556E+000  0.37529627E+001
  0.10974910E+001  0.57850606E+000  0.92178518E+000  0.37529609E+001
  0.10974904E+001  0.57850577E+000  0.92178490E+000  0.37529593E+001
  0.10974898E+001  0.57850551E+000  0.92178469E+000  0.37529579E+001
  0.10974894E+001  0.57850526E+000  0.92178456E+000  0.37529568E+001
  0.10974890E+001  0.57850504E+000  0.92178449E+000  0.37529557E+001
  0.10974886E+001  0.57850484E+000  0.92178447E+000  0.37529549E+001
  0.10974883E+001  0.57850465E+000  0.92178449E+000  0.37529541E+001
  0.10974881E+001  0.57850448E+000  0.92178456E+000  0.37529535E+001
  0.10974879E+001  0.57850432E+000  0.92178466E+000  0.37529529E+001
  0.10974877E+001  0.57850418E+000  0.92178479E+000  0.37529524E+001
  0.10974876E+001  0.57850404E+000  0.92178494E+000  0.37529520E+001
  0.10974875E+001  0.57850392E+000  0.92178510E+000  0.37529517E+001
  0.10974874E+001  0.57850381E+000  0.92178529E+000  0.37529514E+001
  0.10974874E+001  0.57850370E+000  0.92178548E+000  0.37529512E+001
  0.10974873E+001  0.57850361E+000  0.92178568E+000  0.37529510E+001
  0.10974873E+001  0.57850352E+000  0.92178589E+000  0.37529508E+001
  0.10974873E+001  0.57850345E+000  0.92178611E+000  0.37529507E+001
  0.10974874E+001  0.57850337E+000  0.92178632E+000  0.37529505E+001
  0.10974874E+001  0.57850331E+000  0.92178654E+000  0.37529504E+001
  0.10974874E+001  0.57850325E+000  0.92178676E+000  0.37529504E+001
  0.10974875E+001  0.57850320E+000  0.92178697E+000  0.37529503E+001
  0.10974876E+001  0.57850315E+000  0.92178719E+000  0.37529502E+001
  0.10974876E+001  0.57850311E+000  0.92178740E+000  0.37529502E+001
  0.10974877E+001  0.57850307E+000  0.92178760E+000  0.37529502E+001
  0.10974878E+001  0.57850304E+000  0.92178780E+000  0.37529501E+001
  0.10974879E+001  0.57850301E+000  0.92178800E+000  0.37529501E+001
  0.10974880E+001  0.57850299E+000  0.92178819E+000  0.37529501E+001
  0.10974881E+001  0.57850297E+000  0.92178838E+000  0.37529501E+001
  0.10974882E+001  0.57850295E+000  0.92178856E+000  0.37529501E+001
  0.10974882E+001  0.57850293E+000  0.92178873E+000  0.37529501E+001
  0.10974883E+001  0.57850292E+000  0.92178890E+000  0.37529501E+001
  0.10974884E+001  0.57850291E+000  0.92178906E+000  0.37529501E+001
  0.10974885E+001  0.57850290E+000  0.92178922E+000  0.37529501E+001
  0.10974886E+001  0.57850290E+000  0.92178937E+000  0.37529501E+001
  0.10974887E+001  0.57850290E+000  0.92178952E+000  0.37529501E+001
  0.10974888E+001  0.57850289E+000  0.92178966E+000  0.37529501E+001
  0.10974889E+001  0.57850289E+000  0.92178979E+000  0.37529502E+001
  0.10974890E+001  0.57850289E+000  0.92178992E+000  0.37529502E+001
  0.10974891E+001  0.57850290E+000  0.92179004E+000  0.37529502E+001
  0.10974891E+001  0.57850290E+000  0.92179016E+000  0.37529502E+001
  0.10974892E+001  0.57850290E+000  0.92179027E+000  0.37529503E+001
  0.10974893E+001  0.57850291E+000  0.92179038E+000  0.37529503E+001
  0.10974894E+001  0.57850292E+000  0.92179048E+000  0.37529503E+001
  0.10974894E+001  0.57850292E+000  0.92179057E+000  0.37529504E+001
  0.10974895E+001  0.57850293E+000  0.92179066E+000  0.37529504E+001
  0.10974896E+001  0.57850294E+000  0.92179075E+000  0.37529505E+001
  0.10974896E+001  0.57850294E+000  0.92179083E+000  0.37529505E+001
  0.10974897E+001  0.57850295E+000  0.92179091E+000  0.37529506E+001
  0.10974897E+001  0.57850296E+000  0.92179099E+000  0.37529506E+001
  0.10974898E+001  0.57850297E+000  0.92179106E+000  0.37529507E+001
  0.10974898E+001  0.57850297E+000  0.92179112E+000  0.37529507E+001
  0.10974899E+001  0.57850298E+000  0.92179118E+000  0.37529508E+001
  0.10974899E+001  0.57850299E+000  0.92179124E+000  0.37529509E+001
  0.10974900E+001  0.57850300E+000  0.92179129E+000  0.37529509E+001
  0.10974900E+001  0.57850300E+000  0.92179135E+000  0.37529510E+001
  0.10974901E+001  0.57850301E+000  0.92179139E+000  0.37529510E+001
  0.10974901E+001  0.57850302E+000  0.92179144E+000  0.37529511E+001
  0.10974901E+001  0.57850302E+000  0.92179148E+000  0.37529512E+001
  0.10974902E+001  0.57850303E+000  0.92179152E+000  0.37529513E+001
  0.10974902E+001  0.57850303E+000  0.92179155E+000  0.37529513E+001
  0.10974902E+001  0.57850304E+000  0.92179158E+000  0.37529514E+001
  0.10974902E+001  0.57850304E+000  0.92179161E+000  0.37529515E+001
  0.10974903E+001  0.57850304E+000  0.92179163E+000  0.37529516E+001
  0.10974903E+001  0.57850304E+000  0.92179165E+000  0.37529517E+001
  0.10974903E+001  0.57850303E+000  0.92179167E+000  0.37529518E+001
