 -0.50351565E-001
 -0.50572305E-001
 -0.50740447E-001
 -0.50865712E-001
 -0.50955584E-001
 -0.51018859E-001
 -0.51062087E-001
 -0.51089339E-001
 -0.51103830E-001
 -0.51108194E-001
 -0.51104554E-001
 -0.51094623E-001
 -0.51079791E-001
 -0.51061201E-001
 -0.51039777E-001
 -0.51016065E-001
 -0.50990639E-001
 -0.50964139E-001
 -0.50937039E-001
 -0.50909693E-001
 -0.50882375E-001
 -0.50855294E-001
 -0.50828612E-001
 -0.50802456E-001
 -0.50776924E-001
 -0.50752090E-001
 -0.50728012E-001
 -0.50704733E-001
 -0.50682283E-001
 -0.50660682E-001
 -0.50639945E-001
 -0.50620086E-001
 -0.50601092E-001
 -0.50582951E-001
 -0.50565650E-001
 -0.50549172E-001
 -0.50533500E-001
 -0.50518611E-001
 -0.50504486E-001
 -0.50491099E-001
 -0.50478425E-001
 -0.50466441E-001
 -0.50455121E-001
 -0.50444440E-001
 -0.50434375E-001
 -0.50424901E-001
 -0.50415997E-001
 -0.50407642E-001
 -0.50399820E-001
 -0.50392511E-001
 -0.50385695E-001
 -0.50379353E-001
 -0.50373467E-001
 -0.50368022E-001
 -0.50363001E-001
 -0.50358389E-001
 -0.50354169E-001
 -0.50350325E-001
 -0.50346841E-001
 -0.50343700E-001
 -0.50340886E-001
 -0.50338381E-001
 -0.50336169E-001
 -0.50334232E-001
 -0.50332553E-001
 -0.50331116E-001
 -0.50329903E-001
 -0.50328899E-001
 -0.50328089E-001
 -0.50327458E-001
 -0.50326992E-001
 -0.50326679E-001
 -0.50326507E-001
 -0.50326465E-001
 -0.50326542E-001
 -0.50326731E-001
 -0.50327021E-001
 -0.50327404E-001
 -0.50327874E-001
 -0.50328422E-001
 -0.50329041E-001
 -0.50329723E-001
 -0.50330462E-001
 -0.50331251E-001
 -0.50332080E-001
 -0.50332944E-001
 -0.50333835E-001
 -0.50334745E-001
 -0.50335668E-001
 -0.50336595E-001
 -0.50337522E-001
 -0.50338440E-001
 -0.50339345E-001
 -0.50340232E-001
 -0.50341095E-001
 -0.50341931E-001
 -0.50342736E-001
 -0.50343508E-001
 -0.50344244E-001
 -0.50344944E-001
 -0.50345605E-001
 -0.50346228E-001
 -0.50346812E-001
 -0.50347358E-001
 -0.50347866E-001
 -0.50348337E-001
 -0.50348772E-001
 -0.50349173E-001
 -0.50349541E-001
 -0.50349878E-001
 -0.50350185E-001
 -0.50350464E-001
 -0.50350716E-001
 -0.50350944E-001
 -0.50351148E-001
 -0.50351331E-001
 -0.50351493E-001
 -0.50351637E-001
 -0.50351764E-001
 -0.50351875E-001
 -0.50351972E-001
 -0.50352055E-001
 -0.50352126E-001
 -0.50352186E-001
 -0.50352236E-001
 -0.50352277E-001
 -0.50352309E-001
 -0.50352334E-001
 -0.50352353E-001
 -0.50352365E-001
 -0.50352373E-001
 -0.50352375E-001
 -0.50352374E-001
 -0.50352369E-001
 -0.50352360E-001
 -0.50352349E-001
 -0.50352336E-001
 -0.50352320E-001
 -0.50352303E-001
 -0.50352285E-001
 -0.50352265E-001
 -0.50352245E-001
 -0.50352224E-001
 -0.50352202E-001
 -0.50352180E-001
 -0.50352158E-001
 -0.50352136E-001
 -0.50352114E-001
 -0.50352092E-001
 -0.50352070E-001
 -0.50352048E-001
 -0.50352027E-001
 -0.50352007E-001
 -0.50351987E-001
 -0.50351967E-001
 -0.50351948E-001
 -0.50351929E-001
 -0.50351911E-001
 -0.50351894E-001
 -0.50351877E-001
 -0.50351861E-001
 -0.50351845E-001
 -0.50351831E-001
 -0.50351816E-001
 -0.50351802E-001
 -0.50351789E-001
 -0.50351777E-001
 -0.50351765E-001
 -0.50351753E-001
 -0.50351742E-001
 -0.50351732E-001
 -0.50351722E-001
 -0.50351713E-001
 -0.50351704E-001
 -0.50351695E-001
 -0.50351688E-001
 -0.50351680E-001
 -0.50351673E-001
 -0.50351666E-001
 -0.50351660E-001
 -0.50351654E-001
 -0.50351648E-001
 -0.50351643E-001
 -0.50351638E-001
 -0.50351634E-001
 -0.50351629E-001
 -0.50351625E-001
 -0.50351622E-001
 -0.50351618E-001
 -0.50351615E-001
 -0.50351612E-001
 -0.50351609E-001
 -0.50351607E-001
 -0.50351604E-001
 -0.50351603E-001
 -0.50351601E-001
 -0.50351600E-001
 -0.50351599E-001
 -0.50351599E-001
 -0.50351599E-001
