  0.16380372E+001
  0.16329738E+001
  0.16291570E+001
  0.16262208E+001
  0.16239483E+001
  0.16221934E+001
  0.16208503E+001
  0.16198387E+001
  0.16190955E+001
  0.16185715E+001
  0.16182268E+001
  0.16180293E+001
  0.16179531E+001
  0.16179766E+001
  0.16180820E+001
  0.16182549E+001
  0.16184832E+001
  0.16187573E+001
  0.16190692E+001
  0.16194122E+001
  0.16197808E+001
  0.16201703E+001
  0.16205769E+001
  0.16209974E+001
  0.16214291E+001
  0.16218698E+001
  0.16223174E+001
  0.16227705E+001
  0.16232277E+001
  0.16236877E+001
  0.16241495E+001
  0.16246124E+001
  0.16250754E+001
  0.16255378E+001
  0.16259991E+001
  0.16264586E+001
  0.16269158E+001
  0.16273700E+001
  0.16278210E+001
  0.16282680E+001
  0.16287107E+001
  0.16291485E+001
  0.16295810E+001
  0.16300077E+001
  0.16304281E+001
  0.16308417E+001
  0.16312480E+001
  0.16316465E+001
  0.16320368E+001
  0.16324184E+001
  0.16327907E+001
  0.16331535E+001
  0.16335061E+001
  0.16338483E+001
  0.16341796E+001
  0.16344998E+001
  0.16348084E+001
  0.16351052E+001
  0.16353899E+001
  0.16356623E+001
  0.16359223E+001
  0.16361697E+001
  0.16364044E+001
  0.16366263E+001
  0.16368354E+001
  0.16370317E+001
  0.16372153E+001
  0.16373862E+001
  0.16375446E+001
  0.16376905E+001
  0.16378243E+001
  0.16379462E+001
  0.16380563E+001
  0.16381550E+001
  0.16382427E+001
  0.16383198E+001
  0.16383866E+001
  0.16384436E+001
  0.16384914E+001
  0.16385304E+001
  0.16385612E+001
  0.16385844E+001
  0.16386006E+001
  0.16386104E+001
  0.16386143E+001
  0.16386131E+001
  0.16386073E+001
  0.16385974E+001
  0.16385842E+001
  0.16385680E+001
  0.16385494E+001
  0.16385290E+001
  0.16385071E+001
  0.16384841E+001
  0.16384605E+001
  0.16384365E+001
  0.16384125E+001
  0.16383886E+001
  0.16383651E+001
  0.16383422E+001
  0.16383199E+001
  0.16382985E+001
  0.16382781E+001
  0.16382586E+001
  0.16382401E+001
  0.16382226E+001
  0.16382063E+001
  0.16381909E+001
  0.16381766E+001
  0.16381633E+001
  0.16381510E+001
  0.16381396E+001
  0.16381292E+001
  0.16381195E+001
  0.16381107E+001
  0.16381026E+001
  0.16380953E+001
  0.16380886E+001
  0.16380825E+001
  0.16380770E+001
  0.16380721E+001
  0.16380676E+001
  0.16380635E+001
  0.16380599E+001
  0.16380567E+001
  0.16380538E+001
  0.16380512E+001
  0.16380489E+001
  0.16380469E+001
  0.16380451E+001
  0.16380435E+001
  0.16380421E+001
  0.16380409E+001
  0.16380398E+001
  0.16380388E+001
  0.16380380E+001
  0.16380373E+001
  0.16380367E+001
  0.16380362E+001
  0.16380357E+001
  0.16380353E+001
  0.16380350E+001
  0.16380347E+001
  0.16380345E+001
  0.16380343E+001
  0.16380342E+001
  0.16380341E+001
  0.16380340E+001
  0.16380339E+001
  0.16380339E+001
  0.16380338E+001
  0.16380338E+001
  0.16380338E+001
  0.16380338E+001
  0.16380338E+001
  0.16380338E+001
  0.16380339E+001
  0.16380339E+001
  0.16380339E+001
  0.16380340E+001
  0.16380340E+001
  0.16380340E+001
  0.16380341E+001
  0.16380341E+001
  0.16380342E+001
  0.16380342E+001
  0.16380343E+001
  0.16380343E+001
  0.16380344E+001
  0.16380344E+001
  0.16380345E+001
  0.16380345E+001
  0.16380346E+001
  0.16380346E+001
  0.16380347E+001
  0.16380347E+001
  0.16380348E+001
  0.16380348E+001
  0.16380349E+001
  0.16380349E+001
  0.16380350E+001
  0.16380350E+001
  0.16380351E+001
  0.16380351E+001
  0.16380351E+001
  0.16380352E+001
  0.16380352E+001
  0.16380353E+001
  0.16380353E+001
  0.16380353E+001
  0.16380354E+001
  0.16380354E+001
  0.16380354E+001
  0.16380355E+001
  0.16380355E+001
  0.16380355E+001
  0.16380356E+001
  0.16380356E+001
  0.16380356E+001
  0.16380357E+001
