  0.12564258E+001
  0.12550934E+001
  0.12542757E+001
  0.12536860E+001
  0.12532370E+001
  0.12528851E+001
  0.12526046E+001
  0.12523804E+001
  0.12521999E+001
  0.12520549E+001
  0.12519382E+001
  0.12518447E+001
  0.12517707E+001
  0.12517129E+001
  0.12516681E+001
  0.12516345E+001
  0.12516103E+001
  0.12515939E+001
  0.12515840E+001
  0.12515794E+001
  0.12515792E+001
  0.12515827E+001
  0.12515892E+001
  0.12515982E+001
  0.12516092E+001
  0.12516219E+001
  0.12516360E+001
  0.12516511E+001
  0.12516670E+001
  0.12516836E+001
  0.12517007E+001
  0.12517181E+001
  0.12517357E+001
  0.12517533E+001
  0.12517711E+001
  0.12517887E+001
  0.12518063E+001
  0.12518237E+001
  0.12518409E+001
  0.12518578E+001
  0.12518745E+001
  0.12518909E+001
  0.12519070E+001
  0.12519228E+001
  0.12519382E+001
  0.12519533E+001
  0.12519679E+001
  0.12519823E+001
  0.12519962E+001
  0.12520097E+001
  0.12520229E+001
  0.12520356E+001
  0.12520479E+001
  0.12520598E+001
  0.12520712E+001
  0.12520822E+001
  0.12520928E+001
  0.12521029E+001
  0.12521126E+001
  0.12521218E+001
  0.12521306E+001
  0.12521390E+001
  0.12521469E+001
  0.12521544E+001
  0.12521615E+001
  0.12521681E+001
  0.12521743E+001
  0.12521802E+001
  0.12521856E+001
  0.12521907E+001
  0.12521953E+001
  0.12521996E+001
  0.12522036E+001
  0.12522072E+001
  0.12522105E+001
  0.12522135E+001
  0.12522162E+001
  0.12522186E+001
  0.12522207E+001
  0.12522226E+001
  0.12522241E+001
  0.12522255E+001
  0.12522266E+001
  0.12522276E+001
  0.12522283E+001
  0.12522289E+001
  0.12522293E+001
  0.12522295E+001
  0.12522296E+001
  0.12522296E+001
  0.12522296E+001
  0.12522294E+001
  0.12522291E+001
  0.12522288E+001
  0.12522284E+001
  0.12522280E+001
  0.12522276E+001
  0.12522271E+001
  0.12522267E+001
  0.12522262E+001
  0.12522257E+001
  0.12522253E+001
  0.12522248E+001
  0.12522243E+001
  0.12522239E+001
  0.12522235E+001
  0.12522231E+001
  0.12522227E+001
  0.12522223E+001
  0.12522219E+001
  0.12522216E+001
  0.12522213E+001
  0.12522210E+001
  0.12522207E+001
  0.12522205E+001
  0.12522202E+001
  0.12522200E+001
  0.12522198E+001
  0.12522196E+001
  0.12522195E+001
  0.12522193E+001
  0.12522192E+001
  0.12522191E+001
  0.12522189E+001
  0.12522188E+001
  0.12522188E+001
  0.12522187E+001
  0.12522186E+001
  0.12522186E+001
  0.12522185E+001
  0.12522185E+001
  0.12522185E+001
  0.12522185E+001
  0.12522185E+001
  0.12522185E+001
  0.12522185E+001
  0.12522186E+001
  0.12522186E+001
  0.12522187E+001
  0.12522187E+001
  0.12522188E+001
  0.12522189E+001
  0.12522190E+001
  0.12522191E+001
  0.12522192E+001
  0.12522194E+001
  0.12522195E+001
  0.12522197E+001
  0.12522198E+001
  0.12522200E+001
  0.12522202E+001
  0.12522204E+001
  0.12522206E+001
  0.12522208E+001
  0.12522210E+001
  0.12522213E+001
  0.12522215E+001
  0.12522218E+001
  0.12522220E+001
  0.12522223E+001
  0.12522226E+001
  0.12522229E+001
  0.12522232E+001
  0.12522235E+001
  0.12522238E+001
  0.12522241E+001
  0.12522244E+001
  0.12522248E+001
  0.12522251E+001
  0.12522254E+001
  0.12522258E+001
  0.12522261E+001
  0.12522265E+001
  0.12522269E+001
  0.12522272E+001
  0.12522276E+001
  0.12522280E+001
  0.12522283E+001
  0.12522287E+001
  0.12522291E+001
  0.12522295E+001
  0.12522298E+001
  0.12522302E+001
  0.12522306E+001
  0.12522309E+001
  0.12522313E+001
  0.12522317E+001
  0.12522320E+001
  0.12522324E+001
  0.12522328E+001
  0.12522331E+001
  0.12522335E+001
  0.12522338E+001
  0.12522342E+001
  0.12522345E+001
  0.12522348E+001
  0.12522352E+001
  0.12522355E+001
  0.12522358E+001
  0.12522361E+001
