  0.60227047E+000
  0.60404288E+000
  0.60499956E+000
  0.60533516E+000
  0.60505931E+000
  0.60461148E+000
  0.60421384E+000
  0.60385979E+000
  0.60354110E+000
  0.60324874E+000
  0.60297821E+000
  0.60272458E+000
  0.60248772E+000
  0.60226751E+000
  0.60206267E+000
  0.60183583E+000
  0.60158111E+000
  0.60132422E+000
  0.60107838E+000
  0.60084983E+000
  0.60064094E+000
  0.60045194E+000
  0.60028198E+000
  0.60012969E+000
  0.59999353E+000
  0.59987198E+000
  0.59976358E+000
  0.59966700E+000
  0.59958105E+000
  0.59950466E+000
  0.59943771E+000
  0.59938077E+000
  0.59933128E+000
  0.59928772E+000
  0.59924914E+000
  0.59921491E+000
  0.59918457E+000
  0.59915777E+000
  0.59913420E+000
  0.59911357E+000
  0.59909562E+000
  0.59908010E+000
  0.59906677E+000
  0.59905539E+000
  0.59904576E+000
  0.59903768E+000
  0.59903094E+000
  0.59902538E+000
  0.59902168E+000
  0.59901946E+000
  0.59901818E+000
  0.59901757E+000
  0.59901749E+000
  0.59901782E+000
  0.59901849E+000
  0.59901942E+000
  0.59902055E+000
  0.59902185E+000
  0.59902326E+000
  0.59902476E+000
  0.59902631E+000
  0.59902788E+000
  0.59902946E+000
  0.59903103E+000
  0.59903256E+000
  0.59903406E+000
  0.59903550E+000
  0.59903688E+000
  0.59903820E+000
  0.59903946E+000
  0.59904066E+000
  0.59904179E+000
  0.59904288E+000
  0.59904392E+000
  0.59904492E+000
  0.59904590E+000
  0.59904686E+000
  0.59904782E+000
  0.59904879E+000
  0.59904978E+000
  0.59905079E+000
  0.59905183E+000
  0.59905292E+000
  0.59905404E+000
  0.59905520E+000
  0.59905641E+000
  0.59905765E+000
  0.59905893E+000
  0.59906023E+000
  0.59906156E+000
  0.59906290E+000
  0.59906424E+000
  0.59906558E+000
  0.59906690E+000
  0.59906821E+000
  0.59906949E+000
  0.59907074E+000
  0.59907195E+000
  0.59907311E+000
  0.59907423E+000
  0.59907530E+000
  0.59907631E+000
  0.59907728E+000
  0.59907818E+000
  0.59907903E+000
  0.59907983E+000
  0.59908058E+000
  0.59908127E+000
  0.59908191E+000
  0.59908251E+000
  0.59908306E+000
  0.59908356E+000
  0.59908403E+000
  0.59908445E+000
  0.59908484E+000
  0.59908519E+000
  0.59908551E+000
  0.59908581E+000
  0.59908607E+000
  0.59908631E+000
  0.59908652E+000
  0.59908672E+000
  0.59908689E+000
  0.59908705E+000
  0.59908719E+000
  0.59908731E+000
  0.59908742E+000
  0.59908752E+000
  0.59908760E+000
  0.59908768E+000
  0.59908774E+000
  0.59908780E+000
  0.59908785E+000
  0.59908789E+000
  0.59908793E+000
  0.59908796E+000
  0.59908798E+000
  0.59908801E+000
  0.59908802E+000
  0.59908804E+000
  0.59908805E+000
  0.59908805E+000
  0.59908806E+000
  0.59908806E+000
  0.59908806E+000
  0.59908806E+000
  0.59908805E+000
  0.59908805E+000
  0.59908804E+000
  0.59908804E+000
  0.59908803E+000
  0.59908802E+000
  0.59908801E+000
  0.59908800E+000
  0.59908798E+000
  0.59908797E+000
  0.59908796E+000
  0.59908795E+000
  0.59908793E+000
  0.59908792E+000
  0.59908790E+000
  0.59908789E+000
  0.59908788E+000
  0.59908786E+000
  0.59908785E+000
  0.59908783E+000
  0.59908782E+000
  0.59908781E+000
  0.59908779E+000
  0.59908778E+000
  0.59908776E+000
  0.59908775E+000
  0.59908774E+000
  0.59908772E+000
  0.59908771E+000
  0.59908770E+000
  0.59908769E+000
  0.59908768E+000
  0.59908767E+000
  0.59908765E+000
  0.59908764E+000
  0.59908763E+000
  0.59908762E+000
  0.59908761E+000
  0.59908761E+000
  0.59908760E+000
  0.59908759E+000
  0.59908758E+000
  0.59908757E+000
  0.59908757E+000
  0.59908756E+000
  0.59908755E+000
  0.59908755E+000
  0.59908754E+000
  0.59908754E+000
  0.59908753E+000
  0.59908753E+000
  0.59908753E+000
  0.59908753E+000
  0.59908752E+000
