  0.67139244E+000  0.85223789E+000  0.97599063E+000  0.25260827E+001
  0.67023209E+000  0.85174308E+000  0.97509469E+000  0.25233039E+001
  0.66876591E+000  0.85112465E+000  0.97554062E+000  0.25216718E+001
  0.66763841E+000  0.85115604E+000  0.97541675E+000  0.25205330E+001
  0.66649335E+000  0.85167580E+000  0.97254437E+000  0.25197898E+001
  0.66423615E+000  0.85276697E+000  0.97510398E+000  0.25194336E+001
  0.66298665E+000  0.85318278E+000  0.97516614E+000  0.25190830E+001
  0.66193124E+000  0.85378473E+000  0.97492305E+000  0.25188829E+001
  0.66148701E+000  0.85317158E+000  0.97554484E+000  0.25185966E+001
  0.66127315E+000  0.85289384E+000  0.97566777E+000  0.25183850E+001
  0.66094300E+000  0.85296010E+000  0.97563722E+000  0.25182126E+001
  0.66027473E+000  0.85340461E+000  0.97562067E+000  0.25180792E+001
  0.66018076E+000  0.85313421E+000  0.97568316E+000  0.25180852E+001
  0.66008357E+000  0.85312040E+000  0.97526730E+000  0.25156333E+001
  0.66001738E+000  0.85307947E+000  0.97561522E+000  0.25179606E+001
  0.65994438E+000  0.85281487E+000  0.97573392E+000  0.25180450E+001
  0.65978361E+000  0.85291470E+000  0.97572031E+000  0.25180230E+001
  0.65976037E+000  0.85288227E+000  0.97571773E+000  0.25180157E+001
  0.65973509E+000  0.85287985E+000  0.97570915E+000  0.25180123E+001
  0.65972718E+000  0.85277092E+000  0.97580550E+000  0.25180144E+001
  0.65971821E+000  0.85277195E+000  0.97580233E+000  0.25180247E+001
  0.65940382E+000  0.85308597E+000  0.97580382E+000  0.25180375E+001
  0.65941099E+000  0.85308055E+000  0.97581144E+000  0.25180541E+001
  0.65942204E+000  0.85307996E+000  0.97581725E+000  0.25180738E+001
  0.65943568E+000  0.85308083E+000  0.97582475E+000  0.25180959E+001
  0.65945146E+000  0.85308303E+000  0.97583355E+000  0.25181199E+001
  0.65946903E+000  0.85308136E+000  0.97584836E+000  0.25181454E+001
  0.65948392E+000  0.85308967E+000  0.97585872E+000  0.25181723E+001
  0.65950461E+000  0.85308822E+000  0.97587598E+000  0.25181996E+001
  0.65952635E+000  0.85309319E+000  0.97588783E+000  0.25182274E+001
  0.65954895E+000  0.85309852E+000  0.97590007E+000  0.25182555E+001
  0.65957218E+000  0.85310428E+000  0.97591242E+000  0.25182837E+001
  0.65959596E+000  0.85309822E+000  0.97593692E+000  0.25183118E+001
  0.65962011E+000  0.85310434E+000  0.97594947E+000  0.25183398E+001
  0.65964451E+000  0.85310801E+000  0.97596457E+000  0.25183675E+001
  0.65966906E+000  0.85311432E+000  0.97597443E+000  0.25183975E+001
  0.65969366E+000  0.85312064E+000  0.97598679E+000  0.25184244E+001
  0.65971823E+000  0.85312694E+000  0.97599901E+000  0.25184509E+001
  0.65974269E+000  0.85313320E+000  0.97601105E+000  0.25184769E+001
  0.65976698E+000  0.85313939E+000  0.97602290E+000  0.25185024E+001
  0.65979102E+000  0.85314551E+000  0.97603454E+000  0.25185274E+001
  0.65981476E+000  0.85315414E+000  0.97604335E+000  0.25185518E+001
  0.65983815E+000  0.85316008E+000  0.97605455E+000  0.25185756E+001
  0.65986114E+000  0.85316590E+000  0.97606553E+000  0.25185988E+001
  0.65988369E+000  0.85317169E+000  0.97607621E+000  0.25186215E+001
  0.65990574E+000  0.85317733E+000  0.97608671E+000  0.25186435E+001
  0.65992726E+000  0.85319467E+000  0.97608517E+000  0.25186650E+001
  0.65994821E+000  0.85320005E+000  0.97609526E+000  0.25186859E+001
  0.65996855E+000  0.85320559E+000  0.97610486E+000  0.25187061E+001
  0.65998825E+000  0.85321075E+000  0.97611450E+000  0.25187257E+001
  0.66000728E+000  0.85321580E+000  0.97612393E+000  0.25187448E+001
  0.66002561E+000  0.85322073E+000  0.97613317E+000  0.25187632E+001
  0.66004321E+000  0.85322553E+000  0.97614220E+000  0.25187809E+001
  0.66006006E+000  0.85323020E+000  0.97615103E+000  0.25187981E+001
  0.66007615E+000  0.85323474E+000  0.97615967E+000  0.25188146E+001
  0.66009145E+000  0.85323915E+000  0.97616810E+000  0.25188305E+001
  0.66010599E+000  0.85324339E+000  0.97617632E+000  0.25188458E+001
  0.66011971E+000  0.85324752E+000  0.97618434E+000  0.25188604E+001
  0.66013263E+000  0.85325150E+000  0.97619214E+000  0.25188745E+001
  0.66014475E+000  0.85325533E+000  0.97619972E+000  0.25188879E+001
  0.66015608E+000  0.85325901E+000  0.97620707E+000  0.25189007E+001
  0.66016663E+000  0.85326253E+000  0.97621419E+000  0.25189130E+001
  0.66017642E+000  0.85326590E+000  0.97622106E+000  0.25189246E+001
  0.66018546E+000  0.85327494E+000  0.97622185E+000  0.25189357E+001
  0.66019378E+000  0.85327799E+000  0.97622820E+000  0.25189462E+001
  0.66020141E+000  0.85328088E+000  0.97623429E+000  0.25189562E+001
  0.66020837E+000  0.85328360E+000  0.97624011E+000  0.25189656E+001
  0.66021468E+000  0.85328617E+000  0.97624563E+000  0.25189745E+001
  0.66022039E+000  0.85328857E+000  0.97625087E+000  0.25189829E+001
  0.66022553E+000  0.85329081E+000  0.97625581E+000  0.25189908E+001
  0.66023012E+000  0.85329290E+000  0.97626045E+000  0.25189982E+001
  0.66023421E+000  0.85329483E+000  0.97626479E+000  0.25190051E+001
  0.66023782E+000  0.85329661E+000  0.97626883E+000  0.25190115E+001
  0.66024100E+000  0.85329824E+000  0.97627256E+000  0.25190175E+001
  0.66024376E+000  0.85329973E+000  0.97627599E+000  0.25190230E+001
  0.66024614E+000  0.85330109E+000  0.97627912E+000  0.25190281E+001
  0.66024817E+000  0.85330231E+000  0.97628195E+000  0.25190327E+001
  0.66024989E+000  0.85330341E+000  0.97628451E+000  0.25190369E+001
  0.66025131E+000  0.85330439E+000  0.97628679E+000  0.25190406E+001
  0.66025247E+000  0.85330526E+000  0.97628880E+000  0.25190440E+001
  0.66025338E+000  0.85330603E+000  0.97629056E+000  0.25190469E+001
  0.66025408E+000  0.85330670E+000  0.97629208E+000  0.25190495E+001
  0.66025457E+000  0.85330728E+000  0.97629337E+000  0.25190517E+001
  0.66025490E+000  0.85330778E+000  0.97629445E+000  0.25190535E+001
  0.66025507E+000  0.85330821E+000  0.97629533E+000  0.25190549E+001
  0.66025510E+000  0.85330856E+000  0.97629604E+000  0.25190561E+001
  0.66025501E+000  0.85330886E+000  0.97629659E+000  0.25190569E+001
  0.66025482E+000  0.85330910E+000  0.97629699E+000  0.25190575E+001
  0.66025454E+000  0.85330931E+000  0.97629725E+000  0.25190578E+001
  0.66025419E+000  0.85330946E+000  0.97629740E+000  0.25190579E+001
  0.66025378E+000  0.85330958E+000  0.97629746E+000  0.25190577E+001
  0.66025332E+000  0.85330966E+000  0.97629743E+000  0.25190574E+001
  0.66025283E+000  0.85330972E+000  0.97629734E+000  0.25190569E+001
  0.66025231E+000  0.85330975E+000  0.97629718E+000  0.25190563E+001
  0.66025177E+000  0.85330977E+000  0.97629699E+000  0.25190555E+001
  0.66025122E+000  0.85330977E+000  0.97629675E+000  0.25190547E+001
  0.66025067E+000  0.85330976E+000  0.97629650E+000  0.25190538E+001
  0.66025013E+000  0.85330974E+000  0.97629623E+000  0.25190528E+001
  0.66024959E+000  0.85330972E+000  0.97629595E+000  0.25190518E+001
  0.66024906E+000  0.85330968E+000  0.97629568E+000  0.25190507E+001
  0.66024855E+000  0.85330965E+000  0.97629541E+000  0.25190496E+001
  0.66024806E+000  0.85330962E+000  0.97629515E+000  0.25190485E+001
  0.66024759E+000  0.85330958E+000  0.97629490E+000  0.25190474E+001
  0.66024714E+000  0.85330954E+000  0.97629467E+000  0.25190463E+001
  0.66024672E+000  0.85330951E+000  0.97629446E+000  0.25190452E+001
  0.66024632E+000  0.85330948E+000  0.97629428E+000  0.25190441E+001
  0.66024594E+000  0.85330945E+000  0.97629412E+000  0.25190430E+001
  0.66024559E+000  0.85330942E+000  0.97629398E+000  0.25190420E+001
  0.66024526E+000  0.85330940E+000  0.97629387E+000  0.25190410E+001
  0.66024496E+000  0.85330938E+000  0.97629379E+000  0.25190400E+001
  0.66024468E+000  0.85330936E+000  0.97629372E+000  0.25190390E+001
  0.66024442E+000  0.85330935E+000  0.97629369E+000  0.25190381E+001
  0.66024418E+000  0.85330934E+000  0.97629367E+000  0.25190372E+001
  0.66024397E+000  0.85330933E+000  0.97629368E+000  0.25190363E+001
  0.66024377E+000  0.85330933E+000  0.97629372E+000  0.25190354E+001
  0.66024359E+000  0.85330932E+000  0.97629377E+000  0.25190346E+001
  0.66024343E+000  0.85330932E+000  0.97629384E+000  0.25190338E+001
  0.66024328E+000  0.85330932E+000  0.97629393E+000  0.25190331E+001
  0.66024315E+000  0.85330932E+000  0.97629404E+000  0.25190324E+001
  0.66024303E+000  0.85330933E+000  0.97629416E+000  0.25190317E+001
  0.66024293E+000  0.85330934E+000  0.97629429E+000  0.25190310E+001
  0.66024284E+000  0.85330934E+000  0.97629444E+000  0.25190304E+001
  0.66024276E+000  0.85330935E+000  0.97629460E+000  0.25190298E+001
  0.66024269E+000  0.85330936E+000  0.97629477E+000  0.25190292E+001
  0.66024263E+000  0.85330937E+000  0.97629495E+000  0.25190287E+001
  0.66024258E+000  0.85330938E+000  0.97629514E+000  0.25190282E+001
  0.66024254E+000  0.85330939E+000  0.97629534E+000  0.25190278E+001
  0.66024250E+000  0.85330940E+000  0.97629554E+000  0.25190273E+001
  0.66024248E+000  0.85330942E+000  0.97629575E+000  0.25190269E+001
  0.66024245E+000  0.85330943E+000  0.97629596E+000  0.25190266E+001
  0.66024244E+000  0.85330944E+000  0.97629617E+000  0.25190263E+001
  0.66024243E+000  0.85330946E+000  0.97629639E+000  0.25190260E+001
  0.66024242E+000  0.85330947E+000  0.97629661E+000  0.25190257E+001
  0.66024242E+000  0.85330948E+000  0.97629683E+000  0.25190255E+001
  0.66024242E+000  0.85330950E+000  0.97629705E+000  0.25190253E+001
  0.66024242E+000  0.85330951E+000  0.97629727E+000  0.25190252E+001
  0.66024243E+000  0.85330952E+000  0.97629749E+000  0.25190251E+001
  0.66024244E+000  0.85330954E+000  0.97629770E+000  0.25190251E+001
  0.66024246E+000  0.85330955E+000  0.97629792E+000  0.25190251E+001
  0.66024247E+000  0.85330956E+000  0.97629813E+000  0.25190251E+001
  0.66024249E+000  0.85330958E+000  0.97629834E+000  0.25190252E+001
  0.66024250E+000  0.85330959E+000  0.97629855E+000  0.25190253E+001
  0.66024252E+000  0.85330960E+000  0.97629876E+000  0.25190255E+001
  0.66024254E+000  0.85330962E+000  0.97629896E+000  0.25190257E+001
  0.66024256E+000  0.85330963E+000  0.97629915E+000  0.25190259E+001
  0.66024259E+000  0.85330964E+000  0.97629935E+000  0.25190262E+001
  0.66024261E+000  0.85330965E+000  0.97629953E+000  0.25190266E+001
  0.66024263E+000  0.85330967E+000  0.97629972E+000  0.25190270E+001
  0.66024265E+000  0.85330968E+000  0.97629990E+000  0.25190274E+001
  0.66024267E+000  0.85330969E+000  0.97630007E+000  0.25190279E+001
  0.66024270E+000  0.85330970E+000  0.97630024E+000  0.25190284E+001
  0.66024272E+000  0.85330971E+000  0.97630040E+000  0.25190290E+001
  0.66024274E+000  0.85330972E+000  0.97630056E+000  0.25190297E+001
  0.66024276E+000  0.85330973E+000  0.97630071E+000  0.25190303E+001
  0.66024278E+000  0.85330975E+000  0.97630086E+000  0.25190311E+001
  0.66024281E+000  0.85330976E+000  0.97630101E+000  0.25190318E+001
  0.66024283E+000  0.85330977E+000  0.97630115E+000  0.25190326E+001
  0.66024285E+000  0.85330978E+000  0.97630128E+000  0.25190335E+001
  0.66024287E+000  0.85330978E+000  0.97630141E+000  0.25190344E+001
  0.66024288E+000  0.85330979E+000  0.97630153E+000  0.25190353E+001
  0.66024290E+000  0.85330980E+000  0.97630165E+000  0.25190363E+001
  0.66024292E+000  0.85330981E+000  0.97630176E+000  0.25190373E+001
  0.66024294E+000  0.85330982E+000  0.97630187E+000  0.25190384E+001
  0.66024295E+000  0.85330983E+000  0.97630197E+000  0.25190395E+001
  0.66024297E+000  0.85330984E+000  0.97630207E+000  0.25190406E+001
  0.66024298E+000  0.85330984E+000  0.97630217E+000  0.25190417E+001
  0.66024300E+000  0.85330985E+000  0.97630226E+000  0.25190429E+001
  0.66024301E+000  0.85330986E+000  0.97630235E+000  0.25190442E+001
  0.66024303E+000  0.85330986E+000  0.97630243E+000  0.25190454E+001
  0.66024304E+000  0.85330987E+000  0.97630251E+000  0.25190467E+001
  0.66024305E+000  0.85330988E+000  0.97630258E+000  0.25190480E+001
  0.66024306E+000  0.85330988E+000  0.97630265E+000  0.25190493E+001
  0.66024307E+000  0.85330989E+000  0.97630272E+000  0.25190506E+001
  0.66024308E+000  0.85330989E+000  0.97630278E+000  0.25190520E+001
  0.66024309E+000  0.85330990E+000  0.97630284E+000  0.25190534E+001
  0.66024310E+000  0.85330990E+000  0.97630290E+000  0.25190548E+001
  0.66024311E+000  0.85330991E+000  0.97630295E+000  0.25190562E+001
  0.66024312E+000  0.85330991E+000  0.97630300E+000  0.25190576E+001
  0.66024313E+000  0.85330991E+000  0.97630305E+000  0.25190590E+001
  0.66024313E+000  0.85330992E+000  0.97630309E+000  0.25190605E+001
  0.66024314E+000  0.85330992E+000  0.97630314E+000  0.25190619E+001
  0.66024315E+000  0.85330993E+000  0.97630318E+000  0.25190634E+001
  0.66024315E+000  0.85330993E+000  0.97630321E+000  0.25190648E+001
  0.66024316E+000  0.85330993E+000  0.97630325E+000  0.25190663E+001
  0.66024317E+000  0.85330993E+000  0.97630328E+000  0.25190677E+001
  0.66024317E+000  0.85330994E+000  0.97630331E+000  0.25190691E+001
  0.66024318E+000  0.85330994E+000  0.97630334E+000  0.25190706E+001
  0.66024318E+000  0.85330994E+000  0.97630337E+000  0.25190720E+001
  0.66024318E+000  0.85330994E+000  0.97630339E+000  0.25190734E+001
  0.66024319E+000  0.85330995E+000  0.97630342E+000  0.25190748E+001
  0.66024319E+000  0.85330995E+000  0.97630344E+000  0.25190762E+001
  0.66024319E+000  0.85330995E+000  0.97630346E+000  0.25190776E+001
  0.66024320E+000  0.85330995E+000  0.97630348E+000  0.25190790E+001
  0.66024320E+000  0.85330995E+000  0.97630350E+000  0.25190803E+001
  0.66024320E+000  0.85330995E+000  0.97630352E+000  0.25190817E+001
  0.66024321E+000  0.85330996E+000  0.97630353E+000  0.25190830E+001
  0.66024321E+000  0.85330996E+000  0.97630355E+000  0.25190843E+001
  0.66024321E+000  0.85330996E+000  0.97630356E+000  0.25190855E+001
  0.66024321E+000  0.85330996E+000  0.97630357E+000  0.25190868E+001
  0.66024320E+000  0.85330995E+000  0.97630357E+000  0.25190880E+001
