  0.70283046E+000  0.85573559E+000  0.10428760E+001  0.24242615E+001
  0.70247499E+000  0.85534941E+000  0.10415231E+001  0.24210262E+001
  0.70228496E+000  0.85492723E+000  0.10405334E+001  0.24193574E+001
  0.70200008E+000  0.85469185E+000  0.10397438E+001  0.24183084E+001
  0.70176956E+000  0.85453190E+000  0.10390559E+001  0.24175909E+001
  0.70158169E+000  0.85440398E+000  0.10384804E+001  0.24170746E+001
  0.70142919E+000  0.85428983E+000  0.10380089E+001  0.24166906E+001
  0.70130646E+000  0.85418904E+000  0.10376250E+001  0.24164015E+001
  0.70120826E+000  0.85409898E+000  0.10373113E+001  0.24161815E+001
  0.70113025E+000  0.85401796E+000  0.10370566E+001  0.24160149E+001
  0.70106901E+000  0.85394404E+000  0.10368507E+001  0.24158892E+001
  0.70102184E+000  0.85387574E+000  0.10366855E+001  0.24157961E+001
  0.70098660E+000  0.85381232E+000  0.10365554E+001  0.24157290E+001
  0.70096150E+000  0.85375300E+000  0.10364551E+001  0.24156824E+001
  0.70094310E+000  0.85369710E+000  0.10363800E+001  0.24156525E+001
  0.70093189E+000  0.85364406E+000  0.10363262E+001  0.24156360E+001
  0.70092846E+000  0.85359345E+000  0.10362898E+001  0.24156298E+001
  0.70093111E+000  0.85354490E+000  0.10362684E+001  0.24156317E+001
  0.70093855E+000  0.85349812E+000  0.10362596E+001  0.24156401E+001
  0.70094983E+000  0.85345290E+000  0.10362614E+001  0.24156538E+001
  0.70096418E+000  0.85340907E+000  0.10362723E+001  0.24156717E+001
  0.70098099E+000  0.85336652E+000  0.10362908E+001  0.24156928E+001
  0.70099975E+000  0.85332519E+000  0.10363157E+001  0.24157164E+001
  0.70102004E+000  0.85328503E+000  0.10363460E+001  0.24157419E+001
  0.70104150E+000  0.85324602E+000  0.10363808E+001  0.24157688E+001
  0.70106386E+000  0.85320816E+000  0.10364192E+001  0.24157967E+001
  0.70108684E+000  0.85317146E+000  0.10364605E+001  0.24158253E+001
  0.70111024E+000  0.85313593E+000  0.10365042E+001  0.24158542E+001
  0.70113387E+000  0.85310159E+000  0.10365496E+001  0.24158834E+001
  0.70115759E+000  0.85306847E+000  0.10365962E+001  0.24159125E+001
  0.70116998E+000  0.85304784E+000  0.10366437E+001  0.24159415E+001
  0.70116751E+000  0.85304313E+000  0.10366916E+001  0.24159703E+001
  0.70116556E+000  0.85303889E+000  0.10367397E+001  0.24159987E+001
  0.70116409E+000  0.85303844E+000  0.10367843E+001  0.24160268E+001
  0.70116303E+000  0.85304691E+000  0.10368201E+001  0.24160546E+001
  0.70116234E+000  0.85305564E+000  0.10368554E+001  0.24160818E+001
  0.70116800E+000  0.85305857E+000  0.10368902E+001  0.24161087E+001
  0.70118072E+000  0.85305487E+000  0.10369244E+001  0.24161351E+001
  0.70119319E+000  0.85305178E+000  0.10369579E+001  0.24161610E+001
  0.70120537E+000  0.85304925E+000  0.10369907E+001  0.24161863E+001
  0.70121724E+000  0.85304724E+000  0.10370227E+001  0.24162112E+001
  0.70123024E+000  0.85304423E+000  0.10370540E+001  0.24162356E+001
  0.70124554E+000  0.85303899E+000  0.10370845E+001  0.24162593E+001
  0.70126027E+000  0.85303434E+000  0.10371142E+001  0.24162825E+001
  0.70127440E+000  0.85303024E+000  0.10371433E+001  0.24163051E+001
  0.70128793E+000  0.85302665E+000  0.10371716E+001  0.24163271E+001
  0.70130085E+000  0.85302355E+000  0.10371993E+001  0.24163484E+001
  0.70131314E+000  0.85302090E+000  0.10372263E+001  0.24163690E+001
  0.70132479E+000  0.85301869E+000  0.10372526E+001  0.24163890E+001
  0.70133580E+000  0.85301690E+000  0.10372783E+001  0.24164083E+001
  0.70134617E+000  0.85301549E+000  0.10373032E+001  0.24164269E+001
  0.70135589E+000  0.85301447E+000  0.10373275E+001  0.24164448E+001
  0.70136498E+000  0.85301379E+000  0.10373511E+001  0.24164620E+001
  0.70137342E+000  0.85301346E+000  0.10373739E+001  0.24164786E+001
  0.70138123E+000  0.85301344E+000  0.10373960E+001  0.24164945E+001
  0.70138842E+000  0.85301372E+000  0.10374173E+001  0.24165097E+001
  0.70139499E+000  0.85301427E+000  0.10374378E+001  0.24165244E+001
  0.70140097E+000  0.85301506E+000  0.10374575E+001  0.24165384E+001
  0.70140638E+000  0.85301608E+000  0.10374764E+001  0.24165519E+001
  0.70141124E+000  0.85301729E+000  0.10374944E+001  0.24165648E+001
  0.70141558E+000  0.85301866E+000  0.10375116E+001  0.24165771E+001
  0.70141942E+000  0.85302017E+000  0.10375279E+001  0.24165889E+001
  0.70142279E+000  0.85302178E+000  0.10375433E+001  0.24166001E+001
  0.70142573E+000  0.85302347E+000  0.10375579E+001  0.24166108E+001
  0.70142828E+000  0.85302522E+000  0.10375717E+001  0.24166209E+001
  0.70143046E+000  0.85302699E+000  0.10375847E+001  0.24166306E+001
  0.70143230E+000  0.85302876E+000  0.10375969E+001  0.24166397E+001
  0.70143384E+000  0.85303053E+000  0.10376083E+001  0.24166483E+001
  0.70143511E+000  0.85303226E+000  0.10376189E+001  0.24166564E+001
  0.70143613E+000  0.85303395E+000  0.10376288E+001  0.24166640E+001
  0.70143694E+000  0.85303559E+000  0.10376380E+001  0.24166711E+001
  0.70143756E+000  0.85303716E+000  0.10376464E+001  0.24166777E+001
  0.70143801E+000  0.85303867E+000  0.10376542E+001  0.24166838E+001
  0.70143831E+000  0.85304011E+000  0.10376614E+001  0.24166894E+001
  0.70143848E+000  0.85304148E+000  0.10376679E+001  0.24166946E+001
  0.70143853E+000  0.85304279E+000  0.10376738E+001  0.24166992E+001
  0.70143849E+000  0.85304403E+000  0.10376792E+001  0.24167034E+001
  0.70143836E+000  0.85304521E+000  0.10376840E+001  0.24167071E+001
  0.70143816E+000  0.85304633E+000  0.10376882E+001  0.24167104E+001
  0.70143790E+000  0.85304740E+000  0.10376919E+001  0.24167132E+001
  0.70143758E+000  0.85304843E+000  0.10376952E+001  0.24167157E+001
  0.70143721E+000  0.85304940E+000  0.10376980E+001  0.24167177E+001
  0.70143681E+000  0.85305033E+000  0.10377004E+001  0.24167193E+001
  0.70143638E+000  0.85305123E+000  0.10377025E+001  0.24167205E+001
  0.70143591E+000  0.85305209E+000  0.10377041E+001  0.24167214E+001
  0.70143543E+000  0.85305291E+000  0.10377054E+001  0.24167220E+001
  0.70143494E+000  0.85305370E+000  0.10377065E+001  0.24167222E+001
  0.70143443E+000  0.85305446E+000  0.10377073E+001  0.24167222E+001
  0.70143392E+000  0.85305518E+000  0.10377078E+001  0.24167219E+001
  0.70143341E+000  0.85305588E+000  0.10377082E+001  0.24167214E+001
  0.70143291E+000  0.85305654E+000  0.10377083E+001  0.24167207E+001
  0.70143241E+000  0.85305717E+000  0.10377084E+001  0.24167199E+001
  0.70143193E+000  0.85305778E+000  0.10377083E+001  0.24167188E+001
  0.70143146E+000  0.85305835E+000  0.10377081E+001  0.24167176E+001
  0.70143101E+000  0.85305889E+000  0.10377078E+001  0.24167164E+001
  0.70143057E+000  0.85305940E+000  0.10377075E+001  0.24167150E+001
  0.70143016E+000  0.85305989E+000  0.10377071E+001  0.24167135E+001
  0.70142977E+000  0.85306034E+000  0.10377068E+001  0.24167120E+001
  0.70142941E+000  0.85306077E+000  0.10377064E+001  0.24167105E+001
  0.70142907E+000  0.85306117E+000  0.10377060E+001  0.24167089E+001
  0.70142876E+000  0.85306154E+000  0.10377056E+001  0.24167073E+001
  0.70142847E+000  0.85306189E+000  0.10377053E+001  0.24167056E+001
  0.70142821E+000  0.85306222E+000  0.10377050E+001  0.24167040E+001
  0.70142798E+000  0.85306252E+000  0.10377047E+001  0.24167024E+001
  0.70142777E+000  0.85306280E+000  0.10377045E+001  0.24167008E+001
  0.70142758E+000  0.85306307E+000  0.10377043E+001  0.24166993E+001
  0.70142741E+000  0.85306331E+000  0.10377041E+001  0.24166977E+001
  0.70142727E+000  0.85306354E+000  0.10377040E+001  0.24166962E+001
  0.70142714E+000  0.85306376E+000  0.10377039E+001  0.24166947E+001
  0.70142704E+000  0.85306396E+000  0.10377039E+001  0.24166932E+001
  0.70142695E+000  0.85306414E+000  0.10377039E+001  0.24166918E+001
  0.70142688E+000  0.85306432E+000  0.10377040E+001  0.24166904E+001
  0.70142682E+000  0.85306448E+000  0.10377041E+001  0.24166890E+001
  0.70142678E+000  0.85306463E+000  0.10377042E+001  0.24166876E+001
  0.70142675E+000  0.85306477E+000  0.10377044E+001  0.24166863E+001
  0.70142673E+000  0.85306491E+000  0.10377046E+001  0.24166851E+001
  0.70142672E+000  0.85306504E+000  0.10377048E+001  0.24166838E+001
  0.70142672E+000  0.85306516E+000  0.10377051E+001  0.24166826E+001
  0.70142673E+000  0.85306527E+000  0.10377054E+001  0.24166814E+001
  0.70142674E+000  0.85306538E+000  0.10377058E+001  0.24166803E+001
  0.70142676E+000  0.85306548E+000  0.10377061E+001  0.24166792E+001
  0.70142679E+000  0.85306558E+000  0.10377065E+001  0.24166781E+001
  0.70142682E+000  0.85306567E+000  0.10377069E+001  0.24166771E+001
  0.70142685E+000  0.85306576E+000  0.10377074E+001  0.24166761E+001
  0.70142689E+000  0.85306584E+000  0.10377078E+001  0.24166751E+001
  0.70142693E+000  0.85306592E+000  0.10377083E+001  0.24166742E+001
  0.70142697E+000  0.85306600E+000  0.10377087E+001  0.24166733E+001
  0.70142702E+000  0.85306607E+000  0.10377092E+001  0.24166724E+001
  0.70142706E+000  0.85306614E+000  0.10377097E+001  0.24166716E+001
  0.70142711E+000  0.85306621E+000  0.10377102E+001  0.24166709E+001
  0.70142716E+000  0.85306628E+000  0.10377107E+001  0.24166701E+001
  0.70142720E+000  0.85306634E+000  0.10377112E+001  0.24166695E+001
  0.70142725E+000  0.85306640E+000  0.10377118E+001  0.24166688E+001
  0.70142729E+000  0.85306645E+000  0.10377123E+001  0.24166682E+001
  0.70142734E+000  0.85306651E+000  0.10377128E+001  0.24166677E+001
  0.70142738E+000  0.85306656E+000  0.10377133E+001  0.24166672E+001
  0.70142742E+000  0.85306661E+000  0.10377138E+001  0.24166667E+001
  0.70142746E+000  0.85306665E+000  0.10377143E+001  0.24166663E+001
  0.70142750E+000  0.85306670E+000  0.10377148E+001  0.24166660E+001
  0.70142754E+000  0.85306674E+000  0.10377153E+001  0.24166657E+001
  0.70142758E+000  0.85306678E+000  0.10377158E+001  0.24166654E+001
  0.70142762E+000  0.85306681E+000  0.10377162E+001  0.24166653E+001
  0.70142765E+000  0.85306685E+000  0.10377167E+001  0.24166651E+001
  0.70142769E+000  0.85306688E+000  0.10377172E+001  0.24166650E+001
  0.70142772E+000  0.85306691E+000  0.10377176E+001  0.24166650E+001
  0.70142775E+000  0.85306694E+000  0.10377180E+001  0.24166651E+001
  0.70142778E+000  0.85306697E+000  0.10377184E+001  0.24166652E+001
  0.70142780E+000  0.85306700E+000  0.10377188E+001  0.24166653E+001
  0.70142783E+000  0.85306702E+000  0.10377192E+001  0.24166655E+001
  0.70142786E+000  0.85306704E+000  0.10377196E+001  0.24166658E+001
  0.70142788E+000  0.85306706E+000  0.10377200E+001  0.24166661E+001
  0.70142790E+000  0.85306708E+000  0.10377203E+001  0.24166665E+001
  0.70142792E+000  0.85306710E+000  0.10377207E+001  0.24166670E+001
  0.70142794E+000  0.85306711E+000  0.10377210E+001  0.24166675E+001
  0.70142796E+000  0.85306713E+000  0.10377213E+001  0.24166680E+001
  0.70142798E+000  0.85306714E+000  0.10377216E+001  0.24166686E+001
  0.70142800E+000  0.85306716E+000  0.10377219E+001  0.24166693E+001
  0.70142801E+000  0.85306717E+000  0.10377222E+001  0.24166700E+001
  0.70142803E+000  0.85306718E+000  0.10377224E+001  0.24166708E+001
  0.70142804E+000  0.85306719E+000  0.10377227E+001  0.24166716E+001
  0.70142805E+000  0.85306720E+000  0.10377229E+001  0.24166725E+001
  0.70142806E+000  0.85306720E+000  0.10377231E+001  0.24166734E+001
  0.70142808E+000  0.85306721E+000  0.10377233E+001  0.24166744E+001
  0.70142809E+000  0.85306722E+000  0.10377235E+001  0.24166754E+001
  0.70142810E+000  0.85306722E+000  0.10377237E+001  0.24166764E+001
  0.70142811E+000  0.85306723E+000  0.10377239E+001  0.24166775E+001
  0.70142812E+000  0.85306723E+000  0.10377241E+001  0.24166786E+001
  0.70142812E+000  0.85306724E+000  0.10377242E+001  0.24166798E+001
  0.70142813E+000  0.85306724E+000  0.10377244E+001  0.24166810E+001
  0.70142814E+000  0.85306724E+000  0.10377245E+001  0.24166822E+001
  0.70142814E+000  0.85306725E+000  0.10377246E+001  0.24166835E+001
  0.70142815E+000  0.85306725E+000  0.10377247E+001  0.24166847E+001
  0.70142816E+000  0.85306725E+000  0.10377249E+001  0.24166860E+001
  0.70142816E+000  0.85306725E+000  0.10377250E+001  0.24166874E+001
  0.70142817E+000  0.85306725E+000  0.10377251E+001  0.24166887E+001
  0.70142817E+000  0.85306725E+000  0.10377252E+001  0.24166901E+001
  0.70142818E+000  0.85306725E+000  0.10377252E+001  0.24166915E+001
  0.70142818E+000  0.85306725E+000  0.10377253E+001  0.24166929E+001
  0.70142818E+000  0.85306726E+000  0.10377254E+001  0.24166943E+001
  0.70142819E+000  0.85306726E+000  0.10377255E+001  0.24166957E+001
  0.70142819E+000  0.85306726E+000  0.10377255E+001  0.24166971E+001
  0.70142819E+000  0.85306726E+000  0.10377256E+001  0.24166986E+001
  0.70142820E+000  0.85306726E+000  0.10377256E+001  0.24167000E+001
  0.70142820E+000  0.85306726E+000  0.10377257E+001  0.24167014E+001
  0.70142820E+000  0.85306726E+000  0.10377257E+001  0.24167029E+001
  0.70142820E+000  0.85306726E+000  0.10377258E+001  0.24167043E+001
  0.70142820E+000  0.85306726E+000  0.10377258E+001  0.24167057E+001
  0.70142821E+000  0.85306726E+000  0.10377258E+001  0.24167072E+001
  0.70142821E+000  0.85306725E+000  0.10377259E+001  0.24167086E+001
  0.70142821E+000  0.85306725E+000  0.10377259E+001  0.24167100E+001
  0.70142821E+000  0.85306725E+000  0.10377259E+001  0.24167114E+001
  0.70142821E+000  0.85306725E+000  0.10377260E+001  0.24167128E+001
  0.70142821E+000  0.85306725E+000  0.10377260E+001  0.24167141E+001
  0.70142821E+000  0.85306725E+000  0.10377260E+001  0.24167155E+001
  0.70142822E+000  0.85306725E+000  0.10377260E+001  0.24167168E+001
  0.70142822E+000  0.85306725E+000  0.10377260E+001  0.24167181E+001
  0.70142822E+000  0.85306725E+000  0.10377261E+001  0.24167194E+001
  0.70142822E+000  0.85306726E+000  0.10377261E+001  0.24167207E+001
  0.70142822E+000  0.85306725E+000  0.10377261E+001  0.24167220E+001
  0.70142821E+000  0.85306724E+000  0.10377261E+001  0.24167232E+001
