 -0.43803343E+000
 -0.44213403E+000
 -0.44413128E+000
 -0.44523306E+000
 -0.44587979E+000
 -0.44626765E+000
 -0.44649955E+000
 -0.44663437E+000
 -0.44670731E+000
 -0.44673912E+000
 -0.44674331E+000
 -0.44672886E+000
 -0.44670267E+000
 -0.44666911E+000
 -0.44663062E+000
 -0.44658973E+000
 -0.44654841E+000
 -0.44650770E+000
 -0.44646816E+000
 -0.44643016E+000
 -0.44639388E+000
 -0.44635947E+000
 -0.44632700E+000
 -0.44629649E+000
 -0.44626793E+000
 -0.44624129E+000
 -0.44621651E+000
 -0.44619353E+000
 -0.44617225E+000
 -0.44615259E+000
 -0.44613446E+000
 -0.44611775E+000
 -0.44610236E+000
 -0.44608821E+000
 -0.44607520E+000
 -0.44606323E+000
 -0.44605221E+000
 -0.44604206E+000
 -0.44603270E+000
 -0.44602405E+000
 -0.44601605E+000
 -0.44600863E+000
 -0.44600174E+000
 -0.44599532E+000
 -0.44598932E+000
 -0.44598372E+000
 -0.44597847E+000
 -0.44597353E+000
 -0.44596889E+000
 -0.44596451E+000
 -0.44596038E+000
 -0.44595647E+000
 -0.44595277E+000
 -0.44594925E+000
 -0.44594591E+000
 -0.44594273E+000
 -0.44593970E+000
 -0.44593679E+000
 -0.44593401E+000
 -0.44593133E+000
 -0.44592875E+000
 -0.44592625E+000
 -0.44592383E+000
 -0.44592147E+000
 -0.44591916E+000
 -0.44591690E+000
 -0.44591469E+000
 -0.44591251E+000
 -0.44591037E+000
 -0.44590826E+000
 -0.44590619E+000
 -0.44590416E+000
 -0.44590216E+000
 -0.44590021E+000
 -0.44589832E+000
 -0.44589648E+000
 -0.44589471E+000
 -0.44589302E+000
 -0.44589140E+000
 -0.44588988E+000
 -0.44588845E+000
 -0.44588712E+000
 -0.44588589E+000
 -0.44588476E+000
 -0.44588374E+000
 -0.44588283E+000
 -0.44588202E+000
 -0.44588130E+000
 -0.44588068E+000
 -0.44588014E+000
 -0.44587969E+000
 -0.44587932E+000
 -0.44587901E+000
 -0.44587877E+000
 -0.44587858E+000
 -0.44587844E+000
 -0.44587834E+000
 -0.44587828E+000
 -0.44587825E+000
 -0.44587824E+000
 -0.44587826E+000
 -0.44587829E+000
 -0.44587834E+000
 -0.44587840E+000
 -0.44587847E+000
 -0.44587854E+000
 -0.44587862E+000
 -0.44587870E+000
 -0.44587879E+000
 -0.44587887E+000
 -0.44587896E+000
 -0.44587905E+000
 -0.44587914E+000
 -0.44587923E+000
 -0.44587932E+000
 -0.44587941E+000
 -0.44587950E+000
 -0.44587959E+000
 -0.44587968E+000
 -0.44587978E+000
 -0.44587987E+000
 -0.44587997E+000
 -0.44588007E+000
 -0.44588018E+000
 -0.44588029E+000
 -0.44588040E+000
 -0.44588052E+000
 -0.44588064E+000
 -0.44588077E+000
 -0.44588090E+000
 -0.44588104E+000
 -0.44588118E+000
 -0.44588134E+000
 -0.44588150E+000
 -0.44588167E+000
 -0.44588184E+000
 -0.44588203E+000
 -0.44588222E+000
 -0.44588243E+000
 -0.44588264E+000
 -0.44588286E+000
 -0.44588310E+000
 -0.44588334E+000
 -0.44588359E+000
 -0.44588386E+000
 -0.44588413E+000
 -0.44588442E+000
 -0.44588471E+000
 -0.44588502E+000
 -0.44588534E+000
 -0.44588567E+000
 -0.44588601E+000
 -0.44588637E+000
 -0.44588673E+000
 -0.44588710E+000
 -0.44588749E+000
 -0.44588788E+000
 -0.44588829E+000
 -0.44588871E+000
 -0.44588913E+000
 -0.44588957E+000
 -0.44589001E+000
 -0.44589046E+000
 -0.44589092E+000
 -0.44589139E+000
 -0.44589187E+000
 -0.44589235E+000
 -0.44589284E+000
 -0.44589333E+000
 -0.44589383E+000
 -0.44589434E+000
 -0.44589485E+000
 -0.44589536E+000
 -0.44589588E+000
 -0.44589640E+000
 -0.44589692E+000
 -0.44589745E+000
 -0.44589797E+000
 -0.44589850E+000
 -0.44589902E+000
 -0.44589955E+000
 -0.44590007E+000
 -0.44590059E+000
 -0.44590111E+000
 -0.44590163E+000
 -0.44590214E+000
 -0.44590265E+000
 -0.44590316E+000
 -0.44590366E+000
 -0.44590416E+000
 -0.44590465E+000
 -0.44590513E+000
 -0.44590561E+000
 -0.44590609E+000
 -0.44590655E+000
 -0.44590701E+000
 -0.44590746E+000
 -0.44590790E+000
 -0.44590834E+000
 -0.44590879E+000
