  0.11405836E+001
  0.11415514E+001
  0.11421975E+001
  0.11427026E+001
  0.11431098E+001
  0.11434432E+001
  0.11437183E+001
  0.11439441E+001
  0.11441300E+001
  0.11442825E+001
  0.11444077E+001
  0.11445100E+001
  0.11445926E+001
  0.11446585E+001
  0.11447111E+001
  0.11447518E+001
  0.11447822E+001
  0.11448041E+001
  0.11448189E+001
  0.11448278E+001
  0.11448317E+001
  0.11448315E+001
  0.11448278E+001
  0.11448212E+001
  0.11448122E+001
  0.11448013E+001
  0.11447887E+001
  0.11447748E+001
  0.11447598E+001
  0.11447440E+001
  0.11447275E+001
  0.11447106E+001
  0.11446934E+001
  0.11446760E+001
  0.11446584E+001
  0.11446408E+001
  0.11446233E+001
  0.11446060E+001
  0.11445888E+001
  0.11445718E+001
  0.11445551E+001
  0.11445386E+001
  0.11445225E+001
  0.11445068E+001
  0.11444914E+001
  0.11444764E+001
  0.11444618E+001
  0.11444475E+001
  0.11444337E+001
  0.11444204E+001
  0.11444075E+001
  0.11443950E+001
  0.11443829E+001
  0.11443714E+001
  0.11443602E+001
  0.11443496E+001
  0.11443394E+001
  0.11443297E+001
  0.11443204E+001
  0.11443116E+001
  0.11443032E+001
  0.11442953E+001
  0.11442879E+001
  0.11442808E+001
  0.11442742E+001
  0.11442681E+001
  0.11442623E+001
  0.11442569E+001
  0.11442519E+001
  0.11442473E+001
  0.11442430E+001
  0.11442390E+001
  0.11442354E+001
  0.11442321E+001
  0.11442291E+001
  0.11442264E+001
  0.11442239E+001
  0.11442217E+001
  0.11442198E+001
  0.11442180E+001
  0.11442165E+001
  0.11442152E+001
  0.11442141E+001
  0.11442132E+001
  0.11442124E+001
  0.11442118E+001
  0.11442114E+001
  0.11442110E+001
  0.11442107E+001
  0.11442106E+001
  0.11442105E+001
  0.11442105E+001
  0.11442106E+001
  0.11442107E+001
  0.11442108E+001
  0.11442110E+001
  0.11442112E+001
  0.11442114E+001
  0.11442116E+001
  0.11442118E+001
  0.11442120E+001
  0.11442122E+001
  0.11442124E+001
  0.11442126E+001
  0.11442128E+001
  0.11442129E+001
  0.11442130E+001
  0.11442132E+001
  0.11442133E+001
  0.11442134E+001
  0.11442134E+001
  0.11442135E+001
  0.11442135E+001
  0.11442136E+001
  0.11442136E+001
  0.11442136E+001
  0.11442135E+001
  0.11442135E+001
  0.11442135E+001
  0.11442134E+001
  0.11442134E+001
  0.11442133E+001
  0.11442132E+001
  0.11442131E+001
  0.11442131E+001
  0.11442130E+001
  0.11442129E+001
  0.11442128E+001
  0.11442126E+001
  0.11442125E+001
  0.11442124E+001
  0.11442123E+001
  0.11442122E+001
  0.11442120E+001
  0.11442119E+001
  0.11442118E+001
  0.11442117E+001
  0.11442115E+001
  0.11442114E+001
  0.11442113E+001
  0.11442112E+001
  0.11442110E+001
  0.11442109E+001
  0.11442108E+001
  0.11442107E+001
  0.11442105E+001
  0.11442104E+001
  0.11442103E+001
  0.11442102E+001
  0.11442101E+001
  0.11442100E+001
  0.11442099E+001
  0.11442097E+001
  0.11442096E+001
  0.11442095E+001
  0.11442094E+001
  0.11442093E+001
  0.11442092E+001
  0.11442091E+001
  0.11442090E+001
  0.11442089E+001
  0.11442088E+001
  0.11442088E+001
  0.11442087E+001
  0.11442086E+001
  0.11442085E+001
  0.11442084E+001
  0.11442084E+001
  0.11442083E+001
  0.11442082E+001
  0.11442081E+001
  0.11442081E+001
  0.11442080E+001
  0.11442079E+001
  0.11442079E+001
  0.11442078E+001
  0.11442078E+001
  0.11442077E+001
  0.11442077E+001
  0.11442076E+001
  0.11442076E+001
  0.11442075E+001
  0.11442075E+001
  0.11442074E+001
  0.11442074E+001
  0.11442073E+001
  0.11442073E+001
  0.11442073E+001
  0.11442072E+001
  0.11442072E+001
  0.11442072E+001
  0.11442071E+001
  0.11442071E+001
  0.11442071E+001
  0.11442071E+001
  0.11442070E+001
  0.11442070E+001
  0.11442070E+001
  0.11442070E+001
  0.11442070E+001
