  0.52495888E+000
  0.52542590E+000
  0.52572675E+000
  0.52596020E+000
  0.52614835E+000
  0.52630216E+000
  0.52642861E+000
  0.52653226E+000
  0.52661747E+000
  0.52668727E+000
  0.52674445E+000
  0.52679114E+000
  0.52682891E+000
  0.52685913E+000
  0.52688330E+000
  0.52690210E+000
  0.52691614E+000
  0.52692628E+000
  0.52693316E+000
  0.52693733E+000
  0.52693924E+000
  0.52693926E+000
  0.52693770E+000
  0.52693484E+000
  0.52693088E+000
  0.52692603E+000
  0.52692045E+000
  0.52691427E+000
  0.52690762E+000
  0.52690060E+000
  0.52689330E+000
  0.52688579E+000
  0.52687814E+000
  0.52687041E+000
  0.52686263E+000
  0.52685484E+000
  0.52684709E+000
  0.52683940E+000
  0.52683179E+000
  0.52682429E+000
  0.52681690E+000
  0.52680965E+000
  0.52680255E+000
  0.52679560E+000
  0.52678881E+000
  0.52678220E+000
  0.52677576E+000
  0.52676949E+000
  0.52676342E+000
  0.52675754E+000
  0.52675184E+000
  0.52674635E+000
  0.52674105E+000
  0.52673595E+000
  0.52673106E+000
  0.52672636E+000
  0.52672188E+000
  0.52671760E+000
  0.52671352E+000
  0.52670965E+000
  0.52670598E+000
  0.52670251E+000
  0.52669924E+000
  0.52669616E+000
  0.52669327E+000
  0.52669057E+000
  0.52668804E+000
  0.52668569E+000
  0.52668351E+000
  0.52668149E+000
  0.52667963E+000
  0.52667792E+000
  0.52667635E+000
  0.52667492E+000
  0.52667363E+000
  0.52667246E+000
  0.52667141E+000
  0.52667047E+000
  0.52666965E+000
  0.52666893E+000
  0.52666830E+000
  0.52666776E+000
  0.52666731E+000
  0.52666693E+000
  0.52666663E+000
  0.52666639E+000
  0.52666621E+000
  0.52666608E+000
  0.52666600E+000
  0.52666596E+000
  0.52666595E+000
  0.52666598E+000
  0.52666602E+000
  0.52666609E+000
  0.52666617E+000
  0.52666627E+000
  0.52666637E+000
  0.52666648E+000
  0.52666659E+000
  0.52666670E+000
  0.52666681E+000
  0.52666691E+000
  0.52666701E+000
  0.52666710E+000
  0.52666719E+000
  0.52666726E+000
  0.52666733E+000
  0.52666739E+000
  0.52666745E+000
  0.52666749E+000
  0.52666752E+000
  0.52666755E+000
  0.52666757E+000
  0.52666758E+000
  0.52666758E+000
  0.52666758E+000
  0.52666757E+000
  0.52666755E+000
  0.52666753E+000
  0.52666750E+000
  0.52666747E+000
  0.52666744E+000
  0.52666739E+000
  0.52666735E+000
  0.52666730E+000
  0.52666725E+000
  0.52666720E+000
  0.52666714E+000
  0.52666709E+000
  0.52666703E+000
  0.52666697E+000
  0.52666690E+000
  0.52666684E+000
  0.52666678E+000
  0.52666671E+000
  0.52666664E+000
  0.52666658E+000
  0.52666651E+000
  0.52666645E+000
  0.52666638E+000
  0.52666631E+000
  0.52666625E+000
  0.52666618E+000
  0.52666612E+000
  0.52666605E+000
  0.52666599E+000
  0.52666593E+000
  0.52666587E+000
  0.52666581E+000
  0.52666575E+000
  0.52666569E+000
  0.52666563E+000
  0.52666558E+000
  0.52666552E+000
  0.52666547E+000
  0.52666541E+000
  0.52666536E+000
  0.52666531E+000
  0.52666526E+000
  0.52666521E+000
  0.52666517E+000
  0.52666512E+000
  0.52666508E+000
  0.52666504E+000
  0.52666499E+000
  0.52666495E+000
  0.52666492E+000
  0.52666488E+000
  0.52666484E+000
  0.52666481E+000
  0.52666477E+000
  0.52666474E+000
  0.52666471E+000
  0.52666468E+000
  0.52666465E+000
  0.52666462E+000
  0.52666459E+000
  0.52666456E+000
  0.52666454E+000
  0.52666451E+000
  0.52666449E+000
  0.52666447E+000
  0.52666445E+000
  0.52666443E+000
  0.52666441E+000
  0.52666439E+000
  0.52666437E+000
  0.52666435E+000
  0.52666433E+000
  0.52666432E+000
  0.52666430E+000
  0.52666429E+000
  0.52666427E+000
  0.52666426E+000
  0.52666425E+000
  0.52666424E+000
  0.52666422E+000
  0.52666421E+000
  0.52666420E+000
  0.52666420E+000
