  0.17658910E+001
  0.17678952E+001
  0.17694136E+001
  0.17706556E+001
  0.17716863E+001
  0.17725476E+001
  0.17732704E+001
  0.17738758E+001
  0.17743841E+001
  0.17748107E+001
  0.17751689E+001
  0.17754695E+001
  0.17757210E+001
  0.17759307E+001
  0.17761059E+001
  0.17762510E+001
  0.17763705E+001
  0.17764683E+001
  0.17765479E+001
  0.17766119E+001
  0.17766628E+001
  0.17767026E+001
  0.17767330E+001
  0.17767554E+001
  0.17767711E+001
  0.17767812E+001
  0.17767864E+001
  0.17767877E+001
  0.17767857E+001
  0.17767810E+001
  0.17767741E+001
  0.17767653E+001
  0.17767552E+001
  0.17767439E+001
  0.17767317E+001
  0.17767190E+001
  0.17767058E+001
  0.17766923E+001
  0.17766787E+001
  0.17766651E+001
  0.17766515E+001
  0.17766380E+001
  0.17766247E+001
  0.17766116E+001
  0.17765988E+001
  0.17765863E+001
  0.17765742E+001
  0.17765623E+001
  0.17765508E+001
  0.17765396E+001
  0.17765288E+001
  0.17765184E+001
  0.17765083E+001
  0.17764986E+001
  0.17764893E+001
  0.17764803E+001
  0.17764718E+001
  0.17764635E+001
  0.17764557E+001
  0.17764482E+001
  0.17764410E+001
  0.17764343E+001
  0.17764278E+001
  0.17764217E+001
  0.17764159E+001
  0.17764104E+001
  0.17764053E+001
  0.17764004E+001
  0.17763958E+001
  0.17763915E+001
  0.17763875E+001
  0.17763838E+001
  0.17763802E+001
  0.17763770E+001
  0.17763739E+001
  0.17763711E+001
  0.17763685E+001
  0.17763661E+001
  0.17763638E+001
  0.17763618E+001
  0.17763600E+001
  0.17763583E+001
  0.17763568E+001
  0.17763554E+001
  0.17763542E+001
  0.17763531E+001
  0.17763522E+001
  0.17763513E+001
  0.17763506E+001
  0.17763499E+001
  0.17763494E+001
  0.17763489E+001
  0.17763485E+001
  0.17763482E+001
  0.17763479E+001
  0.17763477E+001
  0.17763475E+001
  0.17763473E+001
  0.17763472E+001
  0.17763471E+001
  0.17763470E+001
  0.17763470E+001
  0.17763470E+001
  0.17763469E+001
  0.17763469E+001
  0.17763469E+001
  0.17763469E+001
  0.17763469E+001
  0.17763469E+001
  0.17763469E+001
  0.17763469E+001
  0.17763469E+001
  0.17763469E+001
  0.17763470E+001
  0.17763470E+001
  0.17763470E+001
  0.17763470E+001
  0.17763471E+001
  0.17763471E+001
  0.17763472E+001
  0.17763472E+001
  0.17763473E+001
  0.17763474E+001
  0.17763474E+001
  0.17763475E+001
  0.17763476E+001
  0.17763477E+001
  0.17763479E+001
  0.17763480E+001
  0.17763481E+001
  0.17763483E+001
  0.17763484E+001
  0.17763486E+001
  0.17763488E+001
  0.17763490E+001
  0.17763492E+001
  0.17763494E+001
  0.17763497E+001
  0.17763499E+001
  0.17763502E+001
  0.17763505E+001
  0.17763508E+001
  0.17763511E+001
  0.17763514E+001
  0.17763517E+001
  0.17763521E+001
  0.17763524E+001
  0.17763528E+001
  0.17763532E+001
  0.17763536E+001
  0.17763541E+001
  0.17763545E+001
  0.17763550E+001
  0.17763554E+001
  0.17763559E+001
  0.17763564E+001
  0.17763569E+001
  0.17763574E+001
  0.17763579E+001
  0.17763585E+001
  0.17763590E+001
  0.17763596E+001
  0.17763601E+001
  0.17763607E+001
  0.17763613E+001
  0.17763618E+001
  0.17763624E+001
  0.17763630E+001
  0.17763636E+001
  0.17763642E+001
  0.17763648E+001
  0.17763655E+001
  0.17763661E+001
  0.17763667E+001
  0.17763673E+001
  0.17763679E+001
  0.17763685E+001
  0.17763691E+001
  0.17763698E+001
  0.17763704E+001
  0.17763710E+001
  0.17763716E+001
  0.17763722E+001
  0.17763728E+001
  0.17763733E+001
  0.17763739E+001
  0.17763745E+001
  0.17763751E+001
  0.17763756E+001
  0.17763762E+001
  0.17763767E+001
  0.17763773E+001
  0.17763778E+001
  0.17763783E+001
  0.17763788E+001
  0.17763793E+001
  0.17763798E+001
  0.17763803E+001
  0.17763808E+001
  0.17763813E+001
