  0.90275632E+000
  0.90343383E+000
  0.90388604E+000
  0.90423964E+000
  0.90452466E+000
  0.90475803E+000
  0.90495066E+000
  0.90510867E+000
  0.90523882E+000
  0.90534559E+000
  0.90543322E+000
  0.90550481E+000
  0.90556264E+000
  0.90560879E+000
  0.90564560E+000
  0.90567407E+000
  0.90569536E+000
  0.90571069E+000
  0.90572104E+000
  0.90572725E+000
  0.90572999E+000
  0.90572984E+000
  0.90572725E+000
  0.90572265E+000
  0.90571637E+000
  0.90570869E+000
  0.90569988E+000
  0.90569014E+000
  0.90567966E+000
  0.90566860E+000
  0.90565709E+000
  0.90564526E+000
  0.90563320E+000
  0.90562099E+000
  0.90560871E+000
  0.90559641E+000
  0.90558416E+000
  0.90557199E+000
  0.90555994E+000
  0.90554806E+000
  0.90553636E+000
  0.90552486E+000
  0.90551359E+000
  0.90550256E+000
  0.90549178E+000
  0.90548128E+000
  0.90547104E+000
  0.90546109E+000
  0.90545144E+000
  0.90544209E+000
  0.90543304E+000
  0.90542430E+000
  0.90541587E+000
  0.90540777E+000
  0.90539998E+000
  0.90539252E+000
  0.90538539E+000
  0.90537857E+000
  0.90537209E+000
  0.90536592E+000
  0.90536007E+000
  0.90535454E+000
  0.90534932E+000
  0.90534440E+000
  0.90533979E+000
  0.90533546E+000
  0.90533141E+000
  0.90532764E+000
  0.90532414E+000
  0.90532089E+000
  0.90531789E+000
  0.90531513E+000
  0.90531260E+000
  0.90531028E+000
  0.90530817E+000
  0.90530626E+000
  0.90530455E+000
  0.90530301E+000
  0.90530165E+000
  0.90530044E+000
  0.90529939E+000
  0.90529849E+000
  0.90529771E+000
  0.90529707E+000
  0.90529653E+000
  0.90529610E+000
  0.90529576E+000
  0.90529551E+000
  0.90529534E+000
  0.90529523E+000
  0.90529517E+000
  0.90529517E+000
  0.90529521E+000
  0.90529528E+000
  0.90529538E+000
  0.90529550E+000
  0.90529563E+000
  0.90529577E+000
  0.90529592E+000
  0.90529607E+000
  0.90529622E+000
  0.90529636E+000
  0.90529650E+000
  0.90529662E+000
  0.90529674E+000
  0.90529685E+000
  0.90529695E+000
  0.90529704E+000
  0.90529711E+000
  0.90529717E+000
  0.90529722E+000
  0.90529726E+000
  0.90529729E+000
  0.90529730E+000
  0.90529731E+000
  0.90529731E+000
  0.90529730E+000
  0.90529728E+000
  0.90529725E+000
  0.90529722E+000
  0.90529717E+000
  0.90529713E+000
  0.90529707E+000
  0.90529702E+000
  0.90529695E+000
  0.90529689E+000
  0.90529681E+000
  0.90529674E+000
  0.90529666E+000
  0.90529659E+000
  0.90529650E+000
  0.90529642E+000
  0.90529634E+000
  0.90529625E+000
  0.90529616E+000
  0.90529608E+000
  0.90529599E+000
  0.90529590E+000
  0.90529581E+000
  0.90529572E+000
  0.90529563E+000
  0.90529555E+000
  0.90529546E+000
  0.90529537E+000
  0.90529529E+000
  0.90529520E+000
  0.90529512E+000
  0.90529503E+000
  0.90529495E+000
  0.90529487E+000
  0.90529479E+000
  0.90529471E+000
  0.90529463E+000
  0.90529456E+000
  0.90529449E+000
  0.90529441E+000
  0.90529434E+000
  0.90529427E+000
  0.90529420E+000
  0.90529414E+000
  0.90529407E+000
  0.90529401E+000
  0.90529395E+000
  0.90529389E+000
  0.90529383E+000
  0.90529378E+000
  0.90529372E+000
  0.90529367E+000
  0.90529362E+000
  0.90529357E+000
  0.90529352E+000
  0.90529347E+000
  0.90529342E+000
  0.90529338E+000
  0.90529334E+000
  0.90529330E+000
  0.90529326E+000
  0.90529322E+000
  0.90529318E+000
  0.90529315E+000
  0.90529311E+000
  0.90529308E+000
  0.90529305E+000
  0.90529302E+000
  0.90529299E+000
  0.90529296E+000
  0.90529293E+000
  0.90529291E+000
  0.90529288E+000
  0.90529286E+000
  0.90529284E+000
  0.90529281E+000
  0.90529279E+000
  0.90529277E+000
  0.90529275E+000
  0.90529274E+000
  0.90529272E+000
  0.90529270E+000
  0.90529269E+000
  0.90529268E+000
