  0.31825102E+002
  0.31821422E+002
  0.31818343E+002
  0.31815788E+002
  0.31813686E+002
  0.31811969E+002
  0.31810581E+002
  0.31809472E+002
  0.31808599E+002
  0.31807925E+002
  0.31807420E+002
  0.31807058E+002
  0.31806818E+002
  0.31806679E+002
  0.31806628E+002
  0.31806649E+002
  0.31806733E+002
  0.31806869E+002
  0.31807049E+002
  0.31807266E+002
  0.31807516E+002
  0.31807792E+002
  0.31808090E+002
  0.31808408E+002
  0.31808741E+002
  0.31809089E+002
  0.31809447E+002
  0.31809815E+002
  0.31810190E+002
  0.31810572E+002
  0.31810958E+002
  0.31811348E+002
  0.31811741E+002
  0.31812135E+002
  0.31812531E+002
  0.31812926E+002
  0.31813320E+002
  0.31813714E+002
  0.31814105E+002
  0.31814493E+002
  0.31814879E+002
  0.31815260E+002
  0.31815637E+002
  0.31816008E+002
  0.31816375E+002
  0.31816735E+002
  0.31817088E+002
  0.31817434E+002
  0.31817772E+002
  0.31818102E+002
  0.31818423E+002
  0.31818735E+002
  0.31819038E+002
  0.31819330E+002
  0.31819611E+002
  0.31819882E+002
  0.31820141E+002
  0.31820389E+002
  0.31820626E+002
  0.31820850E+002
  0.31821063E+002
  0.31821263E+002
  0.31821451E+002
  0.31821627E+002
  0.31821790E+002
  0.31821942E+002
  0.31822082E+002
  0.31822210E+002
  0.31822327E+002
  0.31822432E+002
  0.31822527E+002
  0.31822611E+002
  0.31822686E+002
  0.31822750E+002
  0.31822805E+002
  0.31822852E+002
  0.31822890E+002
  0.31822921E+002
  0.31822944E+002
  0.31822961E+002
  0.31822971E+002
  0.31822976E+002
  0.31822976E+002
  0.31822972E+002
  0.31822963E+002
  0.31822951E+002
  0.31822936E+002
  0.31822919E+002
  0.31822900E+002
  0.31822879E+002
  0.31822857E+002
  0.31822834E+002
  0.31822811E+002
  0.31822787E+002
  0.31822764E+002
  0.31822741E+002
  0.31822719E+002
  0.31822697E+002
  0.31822676E+002
  0.31822656E+002
  0.31822637E+002
  0.31822619E+002
  0.31822603E+002
  0.31822588E+002
  0.31822574E+002
  0.31822561E+002
  0.31822550E+002
  0.31822540E+002
  0.31822531E+002
  0.31822523E+002
  0.31822517E+002
  0.31822512E+002
  0.31822508E+002
  0.31822505E+002
  0.31822503E+002
  0.31822502E+002
  0.31822503E+002
  0.31822504E+002
  0.31822506E+002
  0.31822509E+002
  0.31822514E+002
  0.31822519E+002
  0.31822525E+002
  0.31822531E+002
  0.31822539E+002
  0.31822547E+002
  0.31822557E+002
  0.31822567E+002
  0.31822578E+002
  0.31822589E+002
  0.31822602E+002
  0.31822615E+002
  0.31822629E+002
  0.31822643E+002
  0.31822659E+002
  0.31822675E+002
  0.31822692E+002
  0.31822709E+002
  0.31822728E+002
  0.31822747E+002
  0.31822766E+002
  0.31822787E+002
  0.31822808E+002
  0.31822830E+002
  0.31822852E+002
  0.31822875E+002
  0.31822899E+002
  0.31822924E+002
  0.31822949E+002
  0.31822974E+002
  0.31823001E+002
  0.31823027E+002
  0.31823055E+002
  0.31823083E+002
  0.31823111E+002
  0.31823140E+002
  0.31823170E+002
  0.31823200E+002
  0.31823230E+002
  0.31823261E+002
  0.31823292E+002
  0.31823324E+002
  0.31823355E+002
  0.31823387E+002
  0.31823420E+002
  0.31823452E+002
  0.31823485E+002
  0.31823518E+002
  0.31823551E+002
  0.31823584E+002
  0.31823617E+002
  0.31823651E+002
  0.31823684E+002
  0.31823717E+002
  0.31823750E+002
  0.31823783E+002
  0.31823816E+002
  0.31823849E+002
  0.31823882E+002
  0.31823914E+002
  0.31823946E+002
  0.31823978E+002
  0.31824009E+002
  0.31824041E+002
  0.31824072E+002
  0.31824102E+002
  0.31824132E+002
  0.31824162E+002
  0.31824191E+002
  0.31824220E+002
  0.31824248E+002
  0.31824276E+002
  0.31824304E+002
  0.31824331E+002
  0.31824357E+002
  0.31824383E+002
  0.31824408E+002
  0.31824433E+002
  0.31824457E+002
  0.31824481E+002
