  0.21475755E+000
  0.24019676E+000
  0.23930001E+000
  0.23536518E+000
  0.23182919E+000
  0.22891933E+000
  0.22646326E+000
  0.22441663E+000
  0.22272769E+000
  0.22132387E+000
  0.22017853E+000
  0.21922714E+000
  0.21845122E+000
  0.21783794E+000
  0.21730531E+000
  0.21687772E+000
  0.21655162E+000
  0.21629617E+000
  0.21609205E+000
  0.21592646E+000
  0.21579060E+000
  0.21567820E+000
  0.21558465E+000
  0.21550642E+000
  0.21544074E+000
  0.21538539E+000
  0.21533855E+000
  0.21529871E+000
  0.21526460E+000
  0.21523514E+000
  0.21520282E+000
  0.21515403E+000
  0.21509844E+000
  0.21504265E+000
  0.21499090E+000
  0.21494570E+000
  0.21490831E+000
  0.21487906E+000
  0.21485772E+000
  0.21484362E+000
  0.21483593E+000
  0.21483369E+000
  0.21483596E+000
  0.21484182E+000
  0.21485048E+000
  0.21486124E+000
  0.21487350E+000
  0.21488679E+000
  0.21489285E+000
  0.21489153E+000
  0.21488562E+000
  0.21487694E+000
  0.21486670E+000
  0.21485568E+000
  0.21484439E+000
  0.21483316E+000
  0.21482219E+000
  0.21481161E+000
  0.21480153E+000
  0.21479198E+000
  0.21478301E+000
  0.21477465E+000
  0.21476689E+000
  0.21475976E+000
  0.21475324E+000
  0.21474733E+000
  0.21474203E+000
  0.21473731E+000
  0.21473317E+000
  0.21472958E+000
  0.21472652E+000
  0.21472397E+000
  0.21472190E+000
  0.21472030E+000
  0.21471912E+000
  0.21471834E+000
  0.21471794E+000
  0.21471788E+000
  0.21471813E+000
  0.21471866E+000
  0.21471945E+000
  0.21472046E+000
  0.21472166E+000
  0.21472302E+000
  0.21472452E+000
  0.21472613E+000
  0.21472782E+000
  0.21472957E+000
  0.21473136E+000
  0.21473317E+000
  0.21473497E+000
  0.21473676E+000
  0.21473851E+000
  0.21474022E+000
  0.21474187E+000
  0.21474346E+000
  0.21474498E+000
  0.21474642E+000
  0.21474778E+000
  0.21474906E+000
  0.21475026E+000
  0.21475138E+000
  0.21475242E+000
  0.21475337E+000
  0.21475425E+000
  0.21475505E+000
  0.21475578E+000
  0.21475644E+000
  0.21475704E+000
  0.21475757E+000
  0.21475805E+000
  0.21475847E+000
  0.21475884E+000
  0.21475916E+000
  0.21475944E+000
  0.21475968E+000
  0.21475989E+000
  0.21476006E+000
  0.21476020E+000
  0.21476031E+000
  0.21476039E+000
  0.21476046E+000
  0.21476050E+000
  0.21476053E+000
  0.21476053E+000
  0.21476053E+000
  0.21476051E+000
  0.21476048E+000
  0.21476044E+000
  0.21476040E+000
  0.21476034E+000
  0.21476028E+000
  0.21476022E+000
  0.21476015E+000
  0.21476008E+000
  0.21476000E+000
  0.21475993E+000
  0.21475985E+000
  0.21475977E+000
  0.21475969E+000
  0.21475961E+000
  0.21475954E+000
  0.21475946E+000
  0.21475938E+000
  0.21475931E+000
  0.21475923E+000
  0.21475916E+000
  0.21475909E+000
  0.21475902E+000
  0.21475896E+000
  0.21475889E+000
  0.21475883E+000
  0.21475877E+000
  0.21475871E+000
  0.21475865E+000
  0.21475860E+000
  0.21475854E+000
  0.21475849E+000
  0.21475844E+000
  0.21475840E+000
  0.21475835E+000
  0.21475831E+000
  0.21475827E+000
  0.21475823E+000
  0.21475819E+000
  0.21475815E+000
  0.21475812E+000
  0.21475808E+000
  0.21475805E+000
  0.21475802E+000
  0.21475800E+000
  0.21475797E+000
  0.21475794E+000
  0.21475792E+000
  0.21475790E+000
  0.21475787E+000
  0.21475785E+000
  0.21475784E+000
  0.21475782E+000
  0.21475780E+000
  0.21475778E+000
  0.21475777E+000
  0.21475775E+000
  0.21475774E+000
  0.21475773E+000
  0.21475772E+000
  0.21475771E+000
  0.21475770E+000
  0.21475769E+000
  0.21475768E+000
  0.21475767E+000
  0.21475766E+000
  0.21475765E+000
  0.21475765E+000
  0.21475764E+000
  0.21475764E+000
  0.21475763E+000
  0.21475763E+000
  0.21475763E+000
  0.21475764E+000
