  0.53182286E-005
  0.60506985E-005
  0.63687184E-005
  0.65341695E-005
  0.66894089E-005
  0.67155426E-005
  0.65879306E-005
  0.63955069E-005
  0.61931416E-005
  0.60088871E-005
  0.58535340E-005
  0.57283339E-005
  0.56301147E-005
  0.55542269E-005
  0.54960225E-005
  0.54514741E-005
  0.54173246E-005
  0.53910478E-005
  0.53707350E-005
  0.53549642E-005
  0.53426799E-005
  0.53330981E-005
  0.53256318E-005
  0.53198374E-005
  0.53153751E-005
  0.53119814E-005
  0.53094487E-005
  0.53076116E-005
  0.53063364E-005
  0.53055141E-005
  0.53050553E-005
  0.53048857E-005
  0.53049437E-005
  0.53051781E-005
  0.53055461E-005
  0.53060124E-005
  0.53065479E-005
  0.53071286E-005
  0.53077352E-005
  0.53083523E-005
  0.53089677E-005
  0.53095722E-005
  0.53101589E-005
  0.53107228E-005
  0.53112606E-005
  0.53117703E-005
  0.53122510E-005
  0.53127024E-005
  0.53131249E-005
  0.53135193E-005
  0.53138866E-005
  0.53142279E-005
  0.53145445E-005
  0.53148378E-005
  0.53151090E-005
  0.53153594E-005
  0.53155902E-005
  0.53158025E-005
  0.53159974E-005
  0.53161760E-005
  0.53163392E-005
  0.53164881E-005
  0.53166235E-005
  0.53167464E-005
  0.53168577E-005
  0.53169582E-005
  0.53170490E-005
  0.53171308E-005
  0.53172045E-005
  0.53172710E-005
  0.53173311E-005
  0.53173857E-005
  0.53174354E-005
  0.53174809E-005
  0.53175230E-005
  0.53175622E-005
  0.53175989E-005
  0.53176337E-005
  0.53176669E-005
  0.53176987E-005
  0.53177295E-005
  0.53177593E-005
  0.53177882E-005
  0.53178164E-005
  0.53178437E-005
  0.53178703E-005
  0.53178960E-005
  0.53179208E-005
  0.53179447E-005
  0.53179676E-005
  0.53179894E-005
  0.53180102E-005
  0.53180298E-005
  0.53180483E-005
  0.53180657E-005
  0.53180819E-005
  0.53180970E-005
  0.53181110E-005
  0.53181240E-005
  0.53181360E-005
  0.53181470E-005
  0.53181572E-005
  0.53181664E-005
  0.53181749E-005
  0.53181825E-005
  0.53181895E-005
  0.53181958E-005
  0.53182016E-005
  0.53182067E-005
  0.53182113E-005
  0.53182155E-005
  0.53182191E-005
  0.53182224E-005
  0.53182253E-005
  0.53182279E-005
  0.53182301E-005
  0.53182321E-005
  0.53182337E-005
  0.53182352E-005
  0.53182364E-005
  0.53182374E-005
  0.53182383E-005
  0.53182390E-005
  0.53182395E-005
  0.53182400E-005
  0.53182403E-005
  0.53182405E-005
  0.53182406E-005
  0.53182406E-005
  0.53182406E-005
  0.53182405E-005
  0.53182404E-005
  0.53182402E-005
  0.53182400E-005
  0.53182398E-005
  0.53182395E-005
  0.53182392E-005
  0.53182390E-005
  0.53182386E-005
  0.53182383E-005
  0.53182380E-005
  0.53182377E-005
  0.53182373E-005
  0.53182370E-005
  0.53182367E-005
  0.53182364E-005
  0.53182361E-005
  0.53182358E-005
  0.53182354E-005
  0.53182352E-005
  0.53182349E-005
  0.53182346E-005
  0.53182343E-005
  0.53182341E-005
  0.53182338E-005
  0.53182336E-005
  0.53182333E-005
  0.53182331E-005
  0.53182329E-005
  0.53182327E-005
  0.53182325E-005
  0.53182323E-005
  0.53182321E-005
  0.53182319E-005
  0.53182317E-005
  0.53182316E-005
  0.53182314E-005
  0.53182313E-005
  0.53182311E-005
  0.53182310E-005
  0.53182309E-005
  0.53182308E-005
  0.53182306E-005
  0.53182305E-005
  0.53182304E-005
  0.53182303E-005
  0.53182302E-005
  0.53182302E-005
  0.53182301E-005
  0.53182300E-005
  0.53182299E-005
  0.53182299E-005
  0.53182298E-005
  0.53182297E-005
  0.53182297E-005
  0.53182296E-005
  0.53182296E-005
  0.53182296E-005
  0.53182295E-005
  0.53182295E-005
  0.53182295E-005
  0.53182294E-005
  0.53182294E-005
  0.53182294E-005
  0.53182294E-005
  0.53182294E-005
  0.53182294E-005
  0.53182295E-005
  0.53182296E-005
  0.53182299E-005
