  0.14115454E+000
  0.14444618E+000
  0.14645566E+000
  0.14750797E+000
  0.14777461E+000
  0.14766995E+000
  0.14744765E+000
  0.14715940E+000
  0.14683378E+000
  0.14649363E+000
  0.14615332E+000
  0.14582005E+000
  0.14549879E+000
  0.14519114E+000
  0.14489910E+000
  0.14460180E+000
  0.14429688E+000
  0.14400137E+000
  0.14372366E+000
  0.14346731E+000
  0.14323320E+000
  0.14302077E+000
  0.14282872E+000
  0.14265545E+000
  0.14249925E+000
  0.14235850E+000
  0.14223166E+000
  0.14211733E+000
  0.14201423E+000
  0.14192124E+000
  0.14183785E+000
  0.14176403E+000
  0.14169787E+000
  0.14163809E+000
  0.14158385E+000
  0.14153453E+000
  0.14148963E+000
  0.14144875E+000
  0.14141155E+000
  0.14137770E+000
  0.14134693E+000
  0.14131898E+000
  0.14129359E+000
  0.14127056E+000
  0.14124967E+000
  0.14123074E+000
  0.14121359E+000
  0.14119805E+000
  0.14118452E+000
  0.14117270E+000
  0.14116223E+000
  0.14115289E+000
  0.14114456E+000
  0.14113714E+000
  0.14113054E+000
  0.14112470E+000
  0.14111953E+000
  0.14111500E+000
  0.14111103E+000
  0.14110759E+000
  0.14110462E+000
  0.14110209E+000
  0.14109996E+000
  0.14109818E+000
  0.14109674E+000
  0.14109560E+000
  0.14109473E+000
  0.14109411E+000
  0.14109373E+000
  0.14109356E+000
  0.14109359E+000
  0.14109381E+000
  0.14109421E+000
  0.14109478E+000
  0.14109552E+000
  0.14109642E+000
  0.14109747E+000
  0.14109866E+000
  0.14110000E+000
  0.14110147E+000
  0.14110307E+000
  0.14110478E+000
  0.14110660E+000
  0.14110851E+000
  0.14111050E+000
  0.14111255E+000
  0.14111464E+000
  0.14111677E+000
  0.14111892E+000
  0.14112107E+000
  0.14112321E+000
  0.14112532E+000
  0.14112739E+000
  0.14112941E+000
  0.14113138E+000
  0.14113327E+000
  0.14113509E+000
  0.14113684E+000
  0.14113849E+000
  0.14114006E+000
  0.14114155E+000
  0.14114294E+000
  0.14114424E+000
  0.14114546E+000
  0.14114659E+000
  0.14114764E+000
  0.14114861E+000
  0.14114950E+000
  0.14115032E+000
  0.14115107E+000
  0.14115175E+000
  0.14115237E+000
  0.14115293E+000
  0.14115344E+000
  0.14115389E+000
  0.14115430E+000
  0.14115466E+000
  0.14115498E+000
  0.14115526E+000
  0.14115551E+000
  0.14115572E+000
  0.14115591E+000
  0.14115606E+000
  0.14115620E+000
  0.14115631E+000
  0.14115640E+000
  0.14115647E+000
  0.14115652E+000
  0.14115656E+000
  0.14115659E+000
  0.14115660E+000
  0.14115660E+000
  0.14115660E+000
  0.14115658E+000
  0.14115656E+000
  0.14115653E+000
  0.14115650E+000
  0.14115646E+000
  0.14115642E+000
  0.14115638E+000
  0.14115633E+000
  0.14115628E+000
  0.14115623E+000
  0.14115617E+000
  0.14115612E+000
  0.14115606E+000
  0.14115601E+000
  0.14115595E+000
  0.14115590E+000
  0.14115585E+000
  0.14115579E+000
  0.14115574E+000
  0.14115569E+000
  0.14115564E+000
  0.14115559E+000
  0.14115554E+000
  0.14115549E+000
  0.14115545E+000
  0.14115540E+000
  0.14115536E+000
  0.14115532E+000
  0.14115528E+000
  0.14115524E+000
  0.14115520E+000
  0.14115517E+000
  0.14115513E+000
  0.14115510E+000
  0.14115507E+000
  0.14115504E+000
  0.14115501E+000
  0.14115499E+000
  0.14115496E+000
  0.14115493E+000
  0.14115491E+000
  0.14115489E+000
  0.14115487E+000
  0.14115485E+000
  0.14115483E+000
  0.14115481E+000
  0.14115479E+000
  0.14115478E+000
  0.14115476E+000
  0.14115475E+000
  0.14115474E+000
  0.14115472E+000
  0.14115471E+000
  0.14115470E+000
  0.14115469E+000
  0.14115468E+000
  0.14115467E+000
  0.14115467E+000
  0.14115466E+000
  0.14115465E+000
  0.14115464E+000
  0.14115464E+000
  0.14115463E+000
  0.14115463E+000
  0.14115463E+000
  0.14115463E+000
  0.14115464E+000
