  0.13124710E+000
  0.13121515E+000
  0.13120001E+000
  0.13119589E+000
  0.13119962E+000
  0.13120774E+000
  0.13121727E+000
  0.13122664E+000
  0.13123521E+000
  0.13124281E+000
  0.13124950E+000
  0.13125542E+000
  0.13126070E+000
  0.13126548E+000
  0.13126983E+000
  0.13127383E+000
  0.13127751E+000
  0.13128090E+000
  0.13128402E+000
  0.13128688E+000
  0.13128949E+000
  0.13129185E+000
  0.13129396E+000
  0.13129583E+000
  0.13129746E+000
  0.13129885E+000
  0.13130002E+000
  0.13130096E+000
  0.13130169E+000
  0.13130220E+000
  0.13130252E+000
  0.13130264E+000
  0.13130257E+000
  0.13130232E+000
  0.13130191E+000
  0.13130134E+000
  0.13130062E+000
  0.13129977E+000
  0.13129879E+000
  0.13129769E+000
  0.13129650E+000
  0.13129521E+000
  0.13129384E+000
  0.13129241E+000
  0.13129092E+000
  0.13128938E+000
  0.13128781E+000
  0.13128622E+000
  0.13128461E+000
  0.13128299E+000
  0.13128138E+000
  0.13127978E+000
  0.13127821E+000
  0.13127666E+000
  0.13127514E+000
  0.13127366E+000
  0.13127223E+000
  0.13127084E+000
  0.13126950E+000
  0.13126822E+000
  0.13126699E+000
  0.13126582E+000
  0.13126471E+000
  0.13126366E+000
  0.13126266E+000
  0.13126173E+000
  0.13126084E+000
  0.13126001E+000
  0.13125924E+000
  0.13125851E+000
  0.13125783E+000
  0.13125719E+000
  0.13125660E+000
  0.13125605E+000
  0.13125553E+000
  0.13125505E+000
  0.13125459E+000
  0.13125417E+000
  0.13125377E+000
  0.13125339E+000
  0.13125304E+000
  0.13125271E+000
  0.13125239E+000
  0.13125209E+000
  0.13125181E+000
  0.13125154E+000
  0.13125128E+000
  0.13125104E+000
  0.13125081E+000
  0.13125058E+000
  0.13125037E+000
  0.13125017E+000
  0.13124997E+000
  0.13124979E+000
  0.13124961E+000
  0.13124944E+000
  0.13124928E+000
  0.13124913E+000
  0.13124899E+000
  0.13124885E+000
  0.13124872E+000
  0.13124860E+000
  0.13124848E+000
  0.13124837E+000
  0.13124827E+000
  0.13124817E+000
  0.13124808E+000
  0.13124800E+000
  0.13124792E+000
  0.13124784E+000
  0.13124777E+000
  0.13124771E+000
  0.13124765E+000
  0.13124759E+000
  0.13124754E+000
  0.13124749E+000
  0.13124744E+000
  0.13124740E+000
  0.13124736E+000
  0.13124733E+000
  0.13124730E+000
  0.13124727E+000
  0.13124724E+000
  0.13124722E+000
  0.13124719E+000
  0.13124717E+000
  0.13124716E+000
  0.13124714E+000
  0.13124713E+000
  0.13124711E+000
  0.13124710E+000
  0.13124709E+000
  0.13124708E+000
  0.13124707E+000
  0.13124707E+000
  0.13124706E+000
  0.13124706E+000
  0.13124705E+000
  0.13124705E+000
  0.13124705E+000
  0.13124704E+000
  0.13124704E+000
  0.13124704E+000
  0.13124704E+000
  0.13124704E+000
  0.13124704E+000
  0.13124704E+000
  0.13124704E+000
  0.13124704E+000
  0.13124704E+000
  0.13124704E+000
  0.13124704E+000
  0.13124705E+000
  0.13124705E+000
  0.13124705E+000
  0.13124705E+000
  0.13124705E+000
  0.13124705E+000
  0.13124705E+000
  0.13124706E+000
  0.13124706E+000
  0.13124706E+000
  0.13124706E+000
  0.13124706E+000
  0.13124706E+000
  0.13124707E+000
  0.13124707E+000
  0.13124707E+000
  0.13124707E+000
  0.13124707E+000
  0.13124707E+000
  0.13124707E+000
  0.13124708E+000
  0.13124708E+000
  0.13124708E+000
  0.13124708E+000
  0.13124708E+000
  0.13124708E+000
  0.13124708E+000
  0.13124708E+000
  0.13124708E+000
  0.13124709E+000
  0.13124709E+000
  0.13124709E+000
  0.13124709E+000
  0.13124709E+000
  0.13124709E+000
  0.13124709E+000
  0.13124709E+000
  0.13124709E+000
  0.13124709E+000
  0.13124709E+000
  0.13124709E+000
  0.13124709E+000
  0.13124709E+000
  0.13124709E+000
  0.13124709E+000
  0.13124709E+000
  0.13124710E+000
  0.13124710E+000
