  0.86193873E+000
  0.86292215E+000
  0.86354983E+000
  0.86396859E+000
  0.86424697E+000
  0.86442827E+000
  0.86454058E+000
  0.86460203E+000
  0.86462551E+000
  0.86462052E+000
  0.86459409E+000
  0.86455154E+000
  0.86449686E+000
  0.86443315E+000
  0.86436295E+000
  0.86428788E+000
  0.86420946E+000
  0.86412909E+000
  0.86404780E+000
  0.86396634E+000
  0.86388530E+000
  0.86380510E+000
  0.86372606E+000
  0.86364843E+000
  0.86357241E+000
  0.86349812E+000
  0.86342566E+000
  0.86335512E+000
  0.86328654E+000
  0.86321995E+000
  0.86315536E+000
  0.86309279E+000
  0.86303221E+000
  0.86297363E+000
  0.86291702E+000
  0.86286236E+000
  0.86280963E+000
  0.86275880E+000
  0.86270984E+000
  0.86266273E+000
  0.86261743E+000
  0.86257391E+000
  0.86253213E+000
  0.86249207E+000
  0.86245369E+000
  0.86241696E+000
  0.86238185E+000
  0.86234832E+000
  0.86231635E+000
  0.86228590E+000
  0.86225694E+000
  0.86222944E+000
  0.86220336E+000
  0.86217866E+000
  0.86215531E+000
  0.86213327E+000
  0.86211249E+000
  0.86209293E+000
  0.86207454E+000
  0.86205728E+000
  0.86204109E+000
  0.86202593E+000
  0.86201175E+000
  0.86199849E+000
  0.86198612E+000
  0.86197459E+000
  0.86196385E+000
  0.86195388E+000
  0.86194464E+000
  0.86193611E+000
  0.86192825E+000
  0.86192106E+000
  0.86191451E+000
  0.86190859E+000
  0.86190330E+000
  0.86189863E+000
  0.86189455E+000
  0.86189107E+000
  0.86188817E+000
  0.86188583E+000
  0.86188404E+000
  0.86188277E+000
  0.86188201E+000
  0.86188170E+000
  0.86188184E+000
  0.86188237E+000
  0.86188326E+000
  0.86188448E+000
  0.86188597E+000
  0.86188770E+000
  0.86188962E+000
  0.86189171E+000
  0.86189392E+000
  0.86189621E+000
  0.86189855E+000
  0.86190092E+000
  0.86190329E+000
  0.86190563E+000
  0.86190793E+000
  0.86191017E+000
  0.86191234E+000
  0.86191442E+000
  0.86191641E+000
  0.86191830E+000
  0.86192009E+000
  0.86192177E+000
  0.86192335E+000
  0.86192483E+000
  0.86192620E+000
  0.86192748E+000
  0.86192866E+000
  0.86192975E+000
  0.86193075E+000
  0.86193167E+000
  0.86193251E+000
  0.86193327E+000
  0.86193397E+000
  0.86193460E+000
  0.86193517E+000
  0.86193569E+000
  0.86193615E+000
  0.86193657E+000
  0.86193694E+000
  0.86193727E+000
  0.86193757E+000
  0.86193784E+000
  0.86193807E+000
  0.86193827E+000
  0.86193846E+000
  0.86193861E+000
  0.86193875E+000
  0.86193887E+000
  0.86193897E+000
  0.86193906E+000
  0.86193914E+000
  0.86193920E+000
  0.86193926E+000
  0.86193930E+000
  0.86193934E+000
  0.86193937E+000
  0.86193939E+000
  0.86193941E+000
  0.86193942E+000
  0.86193943E+000
  0.86193943E+000
  0.86193944E+000
  0.86193944E+000
  0.86193943E+000
  0.86193943E+000
  0.86193942E+000
  0.86193941E+000
  0.86193940E+000
  0.86193939E+000
  0.86193938E+000
  0.86193937E+000
  0.86193936E+000
  0.86193935E+000
  0.86193933E+000
  0.86193932E+000
  0.86193931E+000
  0.86193930E+000
  0.86193928E+000
  0.86193927E+000
  0.86193926E+000
  0.86193924E+000
  0.86193923E+000
  0.86193922E+000
  0.86193921E+000
  0.86193919E+000
  0.86193918E+000
  0.86193917E+000
  0.86193916E+000
  0.86193915E+000
  0.86193914E+000
  0.86193913E+000
  0.86193912E+000
  0.86193911E+000
  0.86193910E+000
  0.86193909E+000
  0.86193908E+000
  0.86193907E+000
  0.86193906E+000
  0.86193905E+000
  0.86193904E+000
  0.86193903E+000
  0.86193903E+000
  0.86193902E+000
  0.86193901E+000
  0.86193900E+000
  0.86193899E+000
  0.86193899E+000
  0.86193898E+000
  0.86193897E+000
  0.86193897E+000
  0.86193896E+000
  0.86193896E+000
  0.86193895E+000
  0.86193895E+000
  0.86193895E+000
  0.86193895E+000
