  0.88682554E+000
  0.88689220E+000
  0.88694568E+000
  0.88698801E+000
  0.88702128E+000
  0.88704728E+000
  0.88706738E+000
  0.88708264E+000
  0.88709392E+000
  0.88710191E+000
  0.88710718E+000
  0.88711020E+000
  0.88711134E+000
  0.88711093E+000
  0.88710924E+000
  0.88710648E+000
  0.88710285E+000
  0.88709849E+000
  0.88709355E+000
  0.88708812E+000
  0.88708230E+000
  0.88707617E+000
  0.88706979E+000
  0.88706320E+000
  0.88705646E+000
  0.88704960E+000
  0.88704265E+000
  0.88703564E+000
  0.88702860E+000
  0.88702155E+000
  0.88701450E+000
  0.88700746E+000
  0.88700046E+000
  0.88699351E+000
  0.88698661E+000
  0.88697977E+000
  0.88697302E+000
  0.88696634E+000
  0.88695977E+000
  0.88695329E+000
  0.88694693E+000
  0.88694068E+000
  0.88693455E+000
  0.88692856E+000
  0.88692271E+000
  0.88691701E+000
  0.88691145E+000
  0.88690606E+000
  0.88690083E+000
  0.88689577E+000
  0.88689089E+000
  0.88688620E+000
  0.88688169E+000
  0.88687737E+000
  0.88687324E+000
  0.88686931E+000
  0.88686559E+000
  0.88686206E+000
  0.88685873E+000
  0.88685561E+000
  0.88685268E+000
  0.88684995E+000
  0.88684742E+000
  0.88684507E+000
  0.88684291E+000
  0.88684093E+000
  0.88683913E+000
  0.88683749E+000
  0.88683602E+000
  0.88683470E+000
  0.88683352E+000
  0.88683249E+000
  0.88683158E+000
  0.88683080E+000
  0.88683013E+000
  0.88682957E+000
  0.88682910E+000
  0.88682872E+000
  0.88682843E+000
  0.88682821E+000
  0.88682806E+000
  0.88682796E+000
  0.88682792E+000
  0.88682792E+000
  0.88682796E+000
  0.88682803E+000
  0.88682812E+000
  0.88682824E+000
  0.88682837E+000
  0.88682851E+000
  0.88682865E+000
  0.88682880E+000
  0.88682895E+000
  0.88682908E+000
  0.88682921E+000
  0.88682934E+000
  0.88682944E+000
  0.88682954E+000
  0.88682962E+000
  0.88682968E+000
  0.88682973E+000
  0.88682976E+000
  0.88682977E+000
  0.88682976E+000
  0.88682974E+000
  0.88682971E+000
  0.88682966E+000
  0.88682959E+000
  0.88682951E+000
  0.88682941E+000
  0.88682931E+000
  0.88682919E+000
  0.88682906E+000
  0.88682892E+000
  0.88682878E+000
  0.88682862E+000
  0.88682846E+000
  0.88682829E+000
  0.88682812E+000
  0.88682794E+000
  0.88682775E+000
  0.88682757E+000
  0.88682738E+000
  0.88682719E+000
  0.88682700E+000
  0.88682681E+000
  0.88682662E+000
  0.88682643E+000
  0.88682624E+000
  0.88682606E+000
  0.88682587E+000
  0.88682569E+000
  0.88682551E+000
  0.88682534E+000
  0.88682517E+000
  0.88682500E+000
  0.88682484E+000
  0.88682468E+000
  0.88682452E+000
  0.88682438E+000
  0.88682423E+000
  0.88682410E+000
  0.88682397E+000
  0.88682384E+000
  0.88682372E+000
  0.88682361E+000
  0.88682350E+000
  0.88682340E+000
  0.88682330E+000
  0.88682321E+000
  0.88682313E+000
  0.88682305E+000
  0.88682298E+000
  0.88682291E+000
  0.88682285E+000
  0.88682280E+000
  0.88682275E+000
  0.88682271E+000
  0.88682267E+000
  0.88682264E+000
  0.88682262E+000
  0.88682259E+000
  0.88682258E+000
  0.88682257E+000
  0.88682256E+000
  0.88682256E+000
  0.88682256E+000
  0.88682257E+000
  0.88682258E+000
  0.88682259E+000
  0.88682261E+000
  0.88682263E+000
  0.88682266E+000
  0.88682269E+000
  0.88682272E+000
  0.88682275E+000
  0.88682278E+000
  0.88682282E+000
  0.88682286E+000
  0.88682291E+000
  0.88682295E+000
  0.88682300E+000
  0.88682304E+000
  0.88682309E+000
  0.88682314E+000
  0.88682319E+000
  0.88682324E+000
  0.88682330E+000
  0.88682335E+000
  0.88682340E+000
  0.88682346E+000
  0.88682351E+000
  0.88682357E+000
  0.88682362E+000
  0.88682367E+000
  0.88682373E+000
  0.88682378E+000
  0.88682384E+000
  0.88682389E+000
  0.88682394E+000
