  0.46068283E+000
  0.46053256E+000
  0.46040982E+000
  0.46030963E+000
  0.46022423E+000
  0.46015248E+000
  0.46009448E+000
  0.46004515E+000
  0.46000477E+000
  0.45997129E+000
  0.45994271E+000
  0.45992078E+000
  0.45989910E+000
  0.45988527E+000
  0.45987181E+000
  0.45986020E+000
  0.45985205E+000
  0.45984480E+000
  0.45983765E+000
  0.45983478E+000
  0.45983235E+000
  0.45982867E+000
  0.45982766E+000
  0.45982510E+000
  0.45982381E+000
  0.45982371E+000
  0.45982433E+000
  0.45982308E+000
  0.45982511E+000
  0.45982568E+000
  0.45982703E+000
  0.45982904E+000
  0.45983028E+000
  0.45983134E+000
  0.45983273E+000
  0.45983421E+000
  0.45983583E+000
  0.45983744E+000
  0.45983899E+000
  0.45984056E+000
  0.45984190E+000
  0.45984350E+000
  0.45984503E+000
  0.45984662E+000
  0.45984779E+000
  0.45984937E+000
  0.45985085E+000
  0.45985230E+000
  0.45985336E+000
  0.45985480E+000
  0.45985617E+000
  0.45985738E+000
  0.45985851E+000
  0.45985959E+000
  0.45985974E+000
  0.45986055E+000
  0.45986150E+000
  0.45986243E+000
  0.45986328E+000
  0.45986402E+000
  0.45986475E+000
  0.45986511E+000
  0.45986578E+000
  0.45986639E+000
  0.45986689E+000
  0.45986734E+000
  0.45986771E+000
  0.45986756E+000
  0.45986791E+000
  0.45986821E+000
  0.45986846E+000
  0.45986863E+000
  0.45986878E+000
  0.45986910E+000
  0.45986924E+000
  0.45986916E+000
  0.45986926E+000
  0.45986927E+000
  0.45986928E+000
  0.45986908E+000
  0.45986909E+000
  0.45986893E+000
  0.45986904E+000
  0.45986903E+000
  0.45986891E+000
  0.45986902E+000
  0.45986886E+000
  0.45986809E+000
  0.45986792E+000
  0.45986785E+000
  0.45986764E+000
  0.45986745E+000
  0.45986736E+000
  0.45986731E+000
  0.45986701E+000
  0.45986693E+000
  0.45986676E+000
  0.45986662E+000
  0.45986648E+000
  0.45986633E+000
  0.45986621E+000
  0.45986609E+000
  0.45986599E+000
  0.45986586E+000
  0.45986571E+000
  0.45986560E+000
  0.45986546E+000
  0.45986530E+000
  0.45986517E+000
  0.45986506E+000
  0.45986494E+000
  0.45986470E+000
  0.45986458E+000
  0.45986446E+000
  0.45986432E+000
  0.45986418E+000
  0.45986405E+000
  0.45986392E+000
  0.45986370E+000
  0.45986354E+000
  0.45986342E+000
  0.45986332E+000
  0.45986321E+000
  0.45986310E+000
  0.45986298E+000
  0.45986288E+000
  0.45986278E+000
  0.45986267E+000
  0.45986258E+000
  0.45986249E+000
  0.45986243E+000
  0.45986235E+000
  0.45986227E+000
  0.45986220E+000
  0.45986213E+000
  0.45986207E+000
  0.45986202E+000
  0.45986196E+000
  0.45986192E+000
  0.45986188E+000
  0.45986185E+000
  0.45986182E+000
  0.45986178E+000
  0.45986176E+000
  0.45986175E+000
  0.45986175E+000
  0.45986175E+000
  0.45986177E+000
  0.45986178E+000
  0.45986181E+000
  0.45986184E+000
  0.45986187E+000
  0.45986191E+000
  0.45986196E+000
  0.45986202E+000
  0.45986208E+000
  0.45986214E+000
  0.45986221E+000
  0.45986230E+000
  0.45986238E+000
  0.45986247E+000
  0.45986256E+000
  0.45986266E+000
  0.45986276E+000
  0.45986287E+000
  0.45986298E+000
  0.45986309E+000
  0.45986321E+000
  0.45986333E+000
  0.45986345E+000
  0.45986358E+000
  0.45986371E+000
  0.45986382E+000
  0.45986396E+000
  0.45986409E+000
  0.45986424E+000
  0.45986438E+000
  0.45986452E+000
  0.45986466E+000
  0.45986480E+000
  0.45986495E+000
  0.45986509E+000
  0.45986524E+000
  0.45986538E+000
  0.45986553E+000
  0.45986567E+000
  0.45986581E+000
  0.45986596E+000
  0.45986610E+000
  0.45986624E+000
  0.45986638E+000
  0.45986652E+000
  0.45986665E+000
  0.45986679E+000
  0.45986692E+000
  0.45986705E+000
  0.45986718E+000
  0.45986731E+000
  0.45986744E+000
  0.45986756E+000
