  0.81427371E+000
  0.81427346E+000
  0.81427265E+000
  0.81427156E+000
  0.81427039E+000
  0.81426926E+000
  0.81426823E+000
  0.81426733E+000
  0.81426657E+000
  0.81426595E+000
  0.81426547E+000
  0.81426511E+000
  0.81426487E+000
  0.81426474E+000
  0.81426470E+000
  0.81426475E+000
  0.81426487E+000
  0.81426506E+000
  0.81426530E+000
  0.81426560E+000
  0.81426593E+000
  0.81426631E+000
  0.81426672E+000
  0.81426716E+000
  0.81426762E+000
  0.81426811E+000
  0.81426861E+000
  0.81426913E+000
  0.81426966E+000
  0.81427020E+000
  0.81427075E+000
  0.81427130E+000
  0.81427186E+000
  0.81427242E+000
  0.81427298E+000
  0.81427354E+000
  0.81427410E+000
  0.81427465E+000
  0.81427519E+000
  0.81427573E+000
  0.81427626E+000
  0.81427678E+000
  0.81427729E+000
  0.81427779E+000
  0.81427828E+000
  0.81427875E+000
  0.81427921E+000
  0.81427966E+000
  0.81428009E+000
  0.81428051E+000
  0.81428091E+000
  0.81428130E+000
  0.81428167E+000
  0.81428203E+000
  0.81428237E+000
  0.81428269E+000
  0.81428300E+000
  0.81428329E+000
  0.81428356E+000
  0.81428382E+000
  0.81428407E+000
  0.81428429E+000
  0.81428451E+000
  0.81428470E+000
  0.81428488E+000
  0.81428505E+000
  0.81428520E+000
  0.81428533E+000
  0.81428545E+000
  0.81428555E+000
  0.81428563E+000
  0.81428570E+000
  0.81428575E+000
  0.81428579E+000
  0.81428580E+000
  0.81428580E+000
  0.81428578E+000
  0.81428575E+000
  0.81428570E+000
  0.81428563E+000
  0.81428555E+000
  0.81428545E+000
  0.81428533E+000
  0.81428520E+000
  0.81428506E+000
  0.81428491E+000
  0.81428474E+000
  0.81428456E+000
  0.81428438E+000
  0.81428418E+000
  0.81428397E+000
  0.81428376E+000
  0.81428354E+000
  0.81428332E+000
  0.81428309E+000
  0.81428285E+000
  0.81428261E+000
  0.81428237E+000
  0.81428213E+000
  0.81428188E+000
  0.81428163E+000
  0.81428138E+000
  0.81428113E+000
  0.81428087E+000
  0.81428062E+000
  0.81428037E+000
  0.81428011E+000
  0.81427986E+000
  0.81427961E+000
  0.81427935E+000
  0.81427910E+000
  0.81427885E+000
  0.81427860E+000
  0.81427836E+000
  0.81427811E+000
  0.81427786E+000
  0.81427762E+000
  0.81427738E+000
  0.81427714E+000
  0.81427690E+000
  0.81427667E+000
  0.81427644E+000
  0.81427621E+000
  0.81427598E+000
  0.81427576E+000
  0.81427554E+000
  0.81427533E+000
  0.81427512E+000
  0.81427491E+000
  0.81427470E+000
  0.81427450E+000
  0.81427431E+000
  0.81427412E+000
  0.81427393E+000
  0.81427375E+000
  0.81427358E+000
  0.81427341E+000
  0.81427324E+000
  0.81427308E+000
  0.81427293E+000
  0.81427278E+000
  0.81427264E+000
  0.81427250E+000
  0.81427237E+000
  0.81427224E+000
  0.81427212E+000
  0.81427201E+000
  0.81427190E+000
  0.81427180E+000
  0.81427170E+000
  0.81427162E+000
  0.81427153E+000
  0.81427145E+000
  0.81427138E+000
  0.81427132E+000
  0.81427126E+000
  0.81427120E+000
  0.81427115E+000
  0.81427111E+000
  0.81427107E+000
  0.81427104E+000
  0.81427101E+000
  0.81427098E+000
  0.81427097E+000
  0.81427095E+000
  0.81427094E+000
  0.81427094E+000
  0.81427094E+000
  0.81427094E+000
  0.81427095E+000
  0.81427096E+000
  0.81427097E+000
  0.81427099E+000
  0.81427101E+000
  0.81427104E+000
  0.81427106E+000
  0.81427109E+000
  0.81427112E+000
  0.81427116E+000
  0.81427120E+000
  0.81427123E+000
  0.81427127E+000
  0.81427132E+000
  0.81427136E+000
  0.81427140E+000
  0.81427145E+000
  0.81427150E+000
  0.81427154E+000
  0.81427159E+000
  0.81427164E+000
  0.81427169E+000
  0.81427174E+000
  0.81427179E+000
  0.81427184E+000
  0.81427189E+000
  0.81427194E+000
  0.81427199E+000
  0.81427204E+000
  0.81427209E+000
  0.81427214E+000
