  0.00000000E+000  0.00000000E+000  0.00000000E+000  0.00000000E+000  0.42174581E-001  0.36748790E+000  0.69433515E+001  0.46552187E+002  0.11381362E+003  0.30126422E+003  0.59143845E+003
  0.00000000E+000  0.00000000E+000  0.00000000E+000  0.00000000E+000  0.42194765E-001  0.36757047E+000  0.69439641E+001  0.46554198E+002  0.11381871E+003  0.30127637E+003  0.59146047E+003
  0.00000000E+000  0.00000000E+000  0.00000000E+000  0.00000000E+000  0.42210238E-001  0.36763665E+000  0.69444339E+001  0.46555358E+002  0.11382119E+003  0.30128164E+003  0.59147019E+003
  0.00000000E+000  0.00000000E+000  0.00000000E+000  0.00000000E+000  0.42221885E-001  0.36768905E+000  0.69447975E+001  0.46556112E+002  0.11382248E+003  0.30128352E+003  0.59147349E+003
  0.00000000E+000  0.00000000E+000  0.00000000E+000  0.00000000E+000  0.42230442E-001  0.36772988E+000  0.69450767E+001  0.46556597E+002  0.11382315E+003  0.30128371E+003  0.59147350E+003
  0.00000000E+000  0.00000000E+000  0.00000000E+000  0.00000000E+000  0.42236515E-001  0.36776099E+000  0.69452877E+001  0.46556890E+002  0.11382343E+003  0.30128305E+003  0.59147185E+003
  0.00000000E+000  0.00000000E+000  0.00000000E+000  0.00000000E+000  0.42240590E-001  0.36778395E+000  0.69454429E+001  0.46557040E+002  0.11382347E+003  0.30128200E+003  0.59146940E+003
  0.00000000E+000  0.00000000E+000  0.00000000E+000  0.00000000E+000  0.42243060E-001  0.36780010E+000  0.69455526E+001  0.46557081E+002  0.11382332E+003  0.30128077E+003  0.59146664E+003
  0.00000000E+000  0.00000000E+000  0.00000000E+000  0.00000000E+000  0.42244245E-001  0.36781054E+000  0.69456248E+001  0.46557035E+002  0.11382303E+003  0.30127949E+003  0.59146384E+003
  0.00000000E+000  0.00000000E+000  0.00000000E+000  0.00000000E+000  0.42244402E-001  0.36781621E+000  0.69456663E+001  0.46556921E+002  0.11382265E+003  0.30127822E+003  0.59146116E+003
  0.00000000E+000  0.00000000E+000  0.00000000E+000  0.00000000E+000  0.42243742E-001  0.36781791E+000  0.69456824E+001  0.46556750E+002  0.11382220E+003  0.30127699E+003  0.59145867E+003
  0.00000000E+000  0.00000000E+000  0.00000000E+000  0.00000000E+000  0.42242434E-001  0.36781630E+000  0.69456776E+001  0.46556533E+002  0.11382170E+003  0.30127583E+003  0.59145641E+003
  0.00000000E+000  0.00000000E+000  0.00000000E+000  0.00000000E+000  0.42240618E-001  0.36781197E+000  0.69456553E+001  0.46556278E+002  0.11382116E+003  0.30127475E+003  0.59145439E+003
  0.00000000E+000  0.00000000E+000  0.00000000E+000  0.00000000E+000  0.42238407E-001  0.36780538E+000  0.69456185E+001  0.46555987E+002  0.11382060E+003  0.30127374E+003  0.59145260E+003
  0.00000000E+000  0.00000000E+000  0.00000000E+000  0.00000000E+000  0.42235893E-001  0.36779696E+000  0.69455698E+001  0.46555673E+002  0.11382003E+003  0.30127281E+003  0.59145103E+003
  0.00000000E+000  0.00000000E+000  0.00000000E+000  0.00000000E+000  0.42233151E-001  0.36778704E+000  0.69455112E+001  0.46555344E+002  0.11381945E+003  0.30127196E+003  0.59144965E+003
  0.00000000E+000  0.00000000E+000  0.00000000E+000  0.00000000E+000  0.42230239E-001  0.36777592E+000  0.69454443E+001  0.46555005E+002  0.11381887E+003  0.30127117E+003  0.59144844E+003
  0.00000000E+000  0.00000000E+000  0.00000000E+000  0.00000000E+000  0.42227209E-001  0.36776383E+000  0.69453707E+001  0.46554659E+002  0.11381829E+003  0.30127045E+003  0.59144739E+003
  0.00000000E+000  0.00000000E+000  0.00000000E+000  0.00000000E+000  0.42224098E-001  0.36775097E+000  0.69452913E+001  0.46554310E+002  0.11381772E+003  0.30126979E+003  0.59144649E+003
  0.00000000E+000  0.00000000E+000  0.00000000E+000  0.00000000E+000  0.42220940E-001  0.36773753E+000  0.69452072E+001  0.46553958E+002  0.11381716E+003  0.30126918E+003  0.59144570E+003
  0.00000000E+000  0.00000000E+000  0.00000000E+000  0.00000000E+000  0.42217760E-001  0.36772365E+000  0.69451192E+001  0.46553606E+002  0.11381661E+003  0.30126863E+003  0.59144502E+003
  0.00000000E+000  0.00000000E+000  0.00000000E+000  0.00000000E+000  0.42214579E-001  0.36770944E+000  0.69450280E+001  0.46553254E+002  0.11381607E+003  0.30126812E+003  0.59144444E+003
  0.00000000E+000  0.00000000E+000  0.00000000E+000  0.00000000E+000  0.42211415E-001  0.36769501E+000  0.69449340E+001  0.46552905E+002  0.11381553E+003  0.30126766E+003  0.59144394E+003
  0.00000000E+000  0.00000000E+000  0.00000000E+000  0.00000000E+000  0.42208281E-001  0.36768045E+000  0.69448377E+001  0.46552557E+002  0.11381501E+003  0.30126724E+003  0.59144351E+003
  0.00000000E+000  0.00000000E+000  0.00000000E+000  0.00000000E+000  0.42205191E-001  0.36766584E+000  0.69447396E+001  0.46552213E+002  0.11381451E+003  0.30126685E+003  0.59144314E+003
  0.00000000E+000  0.00000000E+000  0.00000000E+000  0.00000000E+000  0.42202153E-001  0.36765123E+000  0.69446400E+001  0.46551871E+002  0.11381401E+003  0.30126650E+003  0.59144283E+003
  0.00000000E+000  0.00000000E+000  0.00000000E+000  0.00000000E+000  0.42199177E-001  0.36763669E+000  0.69445391E+001  0.46551533E+002  0.11381353E+003  0.30126617E+003  0.59144256E+003
  0.00000000E+000  0.00000000E+000  0.00000000E+000  0.00000000E+000  0.42196269E-001  0.36762226E+000  0.69444372E+001  0.46551199E+002  0.11381306E+003  0.30126587E+003  0.59144234E+003
  0.00000000E+000  0.00000000E+000  0.00000000E+000  0.00000000E+000  0.42193435E-001  0.36760799E+000  0.69443345E+001  0.46550868E+002  0.11381260E+003  0.30126560E+003  0.59144214E+003
  0.00000000E+000  0.00000000E+000  0.00000000E+000  0.00000000E+000  0.42190681E-001  0.36759392E+000  0.69442312E+001  0.46550541E+002  0.11381215E+003  0.30126534E+003  0.59144198E+003
  0.00000000E+000  0.00000000E+000  0.00000000E+000  0.00000000E+000  0.42188012E-001  0.36758007E+000  0.69441275E+001  0.46550218E+002  0.11381172E+003  0.30126510E+003  0.59144185E+003
  0.00000000E+000  0.00000000E+000  0.00000000E+000  0.00000000E+000  0.42185431E-001  0.36756650E+000  0.69440236E+001  0.46549899E+002  0.11381129E+003  0.30126488E+003  0.59144173E+003
  0.00000000E+000  0.00000000E+000  0.00000000E+000  0.00000000E+000  0.42182942E-001  0.36755321E+000  0.69439195E+001  0.46549584E+002  0.11381087E+003  0.30126468E+003  0.59144164E+003
  0.00000000E+000  0.00000000E+000  0.00000000E+000  0.00000000E+000  0.42180549E-001  0.36754024E+000  0.69438156E+001  0.46549272E+002  0.11381047E+003  0.30126448E+003  0.59144156E+003
  0.00000000E+000  0.00000000E+000  0.00000000E+000  0.00000000E+000  0.42178253E-001  0.36752762E+000  0.69437119E+001  0.46548964E+002  0.11381007E+003  0.30126430E+003  0.59144149E+003
  0.00000000E+000  0.00000000E+000  0.00000000E+000  0.00000000E+000  0.42176057E-001  0.36751536E+000  0.69436085E+001  0.46548659E+002  0.11380968E+003  0.30126413E+003  0.59144143E+003
  0.00000000E+000  0.00000000E+000  0.00000000E+000  0.00000000E+000  0.42173962E-001  0.36750348E+000  0.69435057E+001  0.46548358E+002  0.11380930E+003  0.30126396E+003  0.59144138E+003
  0.00000000E+000  0.00000000E+000  0.00000000E+000  0.00000000E+000  0.42171970E-001  0.36749201E+000  0.69434036E+001  0.46548061E+002  0.11380893E+003  0.30126381E+003  0.59144134E+003
  0.00000000E+000  0.00000000E+000  0.00000000E+000  0.00000000E+000  0.42170082E-001  0.36748096E+000  0.69433023E+001  0.46547766E+002  0.11380856E+003  0.30126365E+003  0.59144130E+003
  0.00000000E+000  0.00000000E+000  0.00000000E+000  0.00000000E+000  0.42168297E-001  0.36747035E+000  0.69432021E+001  0.46547474E+002  0.11380820E+003  0.30126351E+003  0.59144127E+003
  0.00000000E+000  0.00000000E+000  0.00000000E+000  0.00000000E+000  0.42166617E-001  0.36746018E+000  0.69431030E+001  0.46547185E+002  0.11380784E+003  0.30126336E+003  0.59144125E+003
  0.00000000E+000  0.00000000E+000  0.00000000E+000  0.00000000E+000  0.42165040E-001  0.36745048E+000  0.69430053E+001  0.46546899E+002  0.11380749E+003  0.30126322E+003  0.59144122E+003
  0.00000000E+000  0.00000000E+000  0.00000000E+000  0.00000000E+000  0.42163566E-001  0.36744125E+000  0.69429091E+001  0.46546615E+002  0.11380714E+003  0.30126308E+003  0.59144120E+003
  0.00000000E+000  0.00000000E+000  0.00000000E+000  0.00000000E+000  0.42162194E-001  0.36743250E+000  0.69428147E+001  0.46546333E+002  0.11380680E+003  0.30126295E+003  0.59144117E+003
  0.00000000E+000  0.00000000E+000  0.00000000E+000  0.00000000E+000  0.42160923E-001  0.36742423E+000  0.69427221E+001  0.46546053E+002  0.11380645E+003  0.30126281E+003  0.59144115E+003
  0.00000000E+000  0.00000000E+000  0.00000000E+000  0.00000000E+000  0.42159751E-001  0.36741646E+000  0.69426315E+001  0.46545775E+002  0.11380611E+003  0.30126267E+003  0.59144113E+003
  0.00000000E+000  0.00000000E+000  0.00000000E+000  0.00000000E+000  0.42158677E-001  0.36740918E+000  0.69425430E+001  0.46545498E+002  0.11380577E+003  0.30126253E+003  0.59144111E+003
  0.00000000E+000  0.00000000E+000  0.00000000E+000  0.00000000E+000  0.42157698E-001  0.36740240E+000  0.69424569E+001  0.46545223E+002  0.11380543E+003  0.30126239E+003  0.59144109E+003
  0.00000000E+000  0.00000000E+000  0.00000000E+000  0.00000000E+000  0.42156813E-001  0.36739612E+000  0.69423731E+001  0.46544948E+002  0.11380509E+003  0.30126225E+003  0.59144106E+003
  0.00000000E+000  0.00000000E+000  0.00000000E+000  0.00000000E+000  0.42156019E-001  0.36739032E+000  0.69422920E+001  0.46544675E+002  0.11380474E+003  0.30126210E+003  0.59144104E+003
  0.00000000E+000  0.00000000E+000  0.00000000E+000  0.00000000E+000  0.42155314E-001  0.36738501E+000  0.69422135E+001  0.46544403E+002  0.11380440E+003  0.30126195E+003  0.59144101E+003
  0.00000000E+000  0.00000000E+000  0.00000000E+000  0.00000000E+000  0.42154695E-001  0.36738018E+000  0.69421377E+001  0.46544131E+002  0.11380405E+003  0.30126180E+003  0.59144099E+003
  0.00000000E+000  0.00000000E+000  0.00000000E+000  0.00000000E+000  0.42154160E-001  0.36737583E+000  0.69420649E+001  0.46543859E+002  0.11380370E+003  0.30126164E+003  0.59144096E+003
  0.00000000E+000  0.00000000E+000  0.00000000E+000  0.00000000E+000  0.42153708E-001  0.36737193E+000  0.69419949E+001  0.46543589E+002  0.11380335E+003  0.30126148E+003  0.59144093E+003
  0.00000000E+000  0.00000000E+000  0.00000000E+000  0.00000000E+000  0.42153336E-001  0.36736848E+000  0.69419280E+001  0.46543319E+002  0.11380299E+003  0.30126131E+003  0.59144089E+003
  0.00000000E+000  0.00000000E+000  0.00000000E+000  0.00000000E+000  0.42153042E-001  0.36736546E+000  0.69418641E+001  0.46543049E+002  0.11380264E+003  0.30126113E+003  0.59144086E+003
  0.00000000E+000  0.00000000E+000  0.00000000E+000  0.00000000E+000  0.42152824E-001  0.36736287E+000  0.69418035E+001  0.46542781E+002  0.11380227E+003  0.30126095E+003  0.59144082E+003
  0.00000000E+000  0.00000000E+000  0.00000000E+000  0.00000000E+000  0.42152680E-001  0.36736067E+000  0.69417460E+001  0.46542513E+002  0.11380191E+003  0.30126076E+003  0.59144078E+003
  0.00000000E+000  0.00000000E+000  0.00000000E+000  0.00000000E+000  0.42152609E-001  0.36735886E+000  0.69416917E+001  0.46542247E+002  0.11380154E+003  0.30126056E+003  0.59144073E+003
  0.00000000E+000  0.00000000E+000  0.00000000E+000  0.00000000E+000  0.42152608E-001  0.36735741E+000  0.69416408E+001  0.46541983E+002  0.11380117E+003  0.30126036E+003  0.59144068E+003
  0.00000000E+000  0.00000000E+000  0.00000000E+000  0.00000000E+000  0.42152675E-001  0.36735631E+000  0.69415931E+001  0.46541720E+002  0.11380079E+003  0.30126014E+003  0.59144063E+003
  0.00000000E+000  0.00000000E+000  0.00000000E+000  0.00000000E+000  0.42152809E-001  0.36735554E+000  0.69415488E+001  0.46541461E+002  0.11380041E+003  0.30125992E+003  0.59144057E+003
  0.00000000E+000  0.00000000E+000  0.00000000E+000  0.00000000E+000  0.42153006E-001  0.36735507E+000  0.69415079E+001  0.46541206E+002  0.11380003E+003  0.30125968E+003  0.59144051E+003
  0.00000000E+000  0.00000000E+000  0.00000000E+000  0.00000000E+000  0.42153265E-001  0.36735488E+000  0.69414704E+001  0.46540954E+002  0.11379965E+003  0.30125944E+003  0.59144044E+003
  0.00000000E+000  0.00000000E+000  0.00000000E+000  0.00000000E+000  0.42153581E-001  0.36735496E+000  0.69414363E+001  0.46540708E+002  0.11379927E+003  0.30125918E+003  0.59144037E+003
  0.00000000E+000  0.00000000E+000  0.00000000E+000  0.00000000E+000  0.42153953E-001  0.36735529E+000  0.69414056E+001  0.46540468E+002  0.11379889E+003  0.30125891E+003  0.59144030E+003
  0.00000000E+000  0.00000000E+000  0.00000000E+000  0.00000000E+000  0.42154376E-001  0.36735583E+000  0.69413784E+001  0.46540236E+002  0.11379850E+003  0.30125863E+003  0.59144021E+003
  0.00000000E+000  0.00000000E+000  0.00000000E+000  0.00000000E+000  0.42154847E-001  0.36735659E+000  0.69413545E+001  0.46540011E+002  0.11379812E+003  0.30125834E+003  0.59144012E+003
  0.00000000E+000  0.00000000E+000  0.00000000E+000  0.00000000E+000  0.42155360E-001  0.36735753E+000  0.69413340E+001  0.46539797E+002  0.11379774E+003  0.30125803E+003  0.59144003E+003
  0.00000000E+000  0.00000000E+000  0.00000000E+000  0.00000000E+000  0.42155913E-001  0.36735864E+000  0.69413169E+001  0.46539592E+002  0.11379736E+003  0.30125771E+003  0.59143992E+003
  0.00000000E+000  0.00000000E+000  0.00000000E+000  0.00000000E+000  0.42156500E-001  0.36735991E+000  0.69413032E+001  0.46539400E+002  0.11379699E+003  0.30125737E+003  0.59143981E+003
  0.00000000E+000  0.00000000E+000  0.00000000E+000  0.00000000E+000  0.42157117E-001  0.36736131E+000  0.69412928E+001  0.46539220E+002  0.11379662E+003  0.30125702E+003  0.59143969E+003
  0.00000000E+000  0.00000000E+000  0.00000000E+000  0.00000000E+000  0.42157758E-001  0.36736284E+000  0.69412856E+001  0.46539054E+002  0.11379625E+003  0.30125665E+003  0.59143956E+003
  0.00000000E+000  0.00000000E+000  0.00000000E+000  0.00000000E+000  0.42158418E-001  0.36736449E+000  0.69412817E+001  0.46538903E+002  0.11379590E+003  0.30125626E+003  0.59143943E+003
  0.00000000E+000  0.00000000E+000  0.00000000E+000  0.00000000E+000  0.42159093E-001  0.36736623E+000  0.69412809E+001  0.46538768E+002  0.11379555E+003  0.30125586E+003  0.59143928E+003
  0.00000000E+000  0.00000000E+000  0.00000000E+000  0.00000000E+000  0.42159777E-001  0.36736807E+000  0.69412831E+001  0.46538649E+002  0.11379521E+003  0.30125544E+003  0.59143912E+003
  0.00000000E+000  0.00000000E+000  0.00000000E+000  0.00000000E+000  0.42160465E-001  0.36736999E+000  0.69412884E+001  0.46538547E+002  0.11379488E+003  0.30125501E+003  0.59143894E+003
  0.00000000E+000  0.00000000E+000  0.00000000E+000  0.00000000E+000  0.42161154E-001  0.36737199E+000  0.69412964E+001  0.46538463E+002  0.11379456E+003  0.30125455E+003  0.59143876E+003
  0.00000000E+000  0.00000000E+000  0.00000000E+000  0.00000000E+000  0.42161839E-001  0.36737406E+000  0.69413072E+001  0.46538396E+002  0.11379425E+003  0.30125408E+003  0.59143856E+003
  0.00000000E+000  0.00000000E+000  0.00000000E+000  0.00000000E+000  0.42162516E-001  0.36737619E+000  0.69413206E+001  0.46538348E+002  0.11379396E+003  0.30125358E+003  0.59143835E+003
  0.00000000E+000  0.00000000E+000  0.00000000E+000  0.00000000E+000  0.42163181E-001  0.36737838E+000  0.69413363E+001  0.46538317E+002  0.11379367E+003  0.30125307E+003  0.59143812E+003
  0.00000000E+000  0.00000000E+000  0.00000000E+000  0.00000000E+000  0.42163831E-001  0.36738063E+000  0.69413544E+001  0.46538304E+002  0.11379341E+003  0.30125254E+003  0.59143788E+003
  0.00000000E+000  0.00000000E+000  0.00000000E+000  0.00000000E+000  0.42164464E-001  0.36738293E+000  0.69413745E+001  0.46538309E+002  0.11379315E+003  0.30125198E+003  0.59143761E+003
  0.00000000E+000  0.00000000E+000  0.00000000E+000  0.00000000E+000  0.42165077E-001  0.36738527E+000  0.69413965E+001  0.46538331E+002  0.11379291E+003  0.30125141E+003  0.59143733E+003
  0.00000000E+000  0.00000000E+000  0.00000000E+000  0.00000000E+000  0.42165668E-001  0.36738766E+000  0.69414202E+001  0.46538370E+002  0.11379269E+003  0.30125082E+003  0.59143703E+003
  0.00000000E+000  0.00000000E+000  0.00000000E+000  0.00000000E+000  0.42166236E-001  0.36739009E+000  0.69414455E+001  0.46538424E+002  0.11379248E+003  0.30125021E+003  0.59143671E+003
  0.00000000E+000  0.00000000E+000  0.00000000E+000  0.00000000E+000  0.42166779E-001  0.36739256E+000  0.69414722E+001  0.46538493E+002  0.11379228E+003  0.30124957E+003  0.59143637E+003
  0.00000000E+000  0.00000000E+000  0.00000000E+000  0.00000000E+000  0.42167298E-001  0.36739506E+000  0.69415000E+001  0.46538577E+002  0.11379210E+003  0.30124892E+003  0.59143600E+003
  0.00000000E+000  0.00000000E+000  0.00000000E+000  0.00000000E+000  0.42167791E-001  0.36739759E+000  0.69415289E+001  0.46538674E+002  0.11379194E+003  0.30124825E+003  0.59143560E+003
  0.00000000E+000  0.00000000E+000  0.00000000E+000  0.00000000E+000  0.42168258E-001  0.36740015E+000  0.69415586E+001  0.46538783E+002  0.11379179E+003  0.30124756E+003  0.59143519E+003
  0.00000000E+000  0.00000000E+000  0.00000000E+000  0.00000000E+000  0.42168700E-001  0.36740274E+000  0.69415891E+001  0.46538904E+002  0.11379165E+003  0.30124685E+003  0.59143474E+003
  0.00000000E+000  0.00000000E+000  0.00000000E+000  0.00000000E+000  0.42169118E-001  0.36740534E+000  0.69416201E+001  0.46539036E+002  0.11379153E+003  0.30124613E+003  0.59143426E+003
  0.00000000E+000  0.00000000E+000  0.00000000E+000  0.00000000E+000  0.42169511E-001  0.36740797E+000  0.69416517E+001  0.46539177E+002  0.11379142E+003  0.30124538E+003  0.59143376E+003
  0.00000000E+000  0.00000000E+000  0.00000000E+000  0.00000000E+000  0.42169880E-001  0.36741061E+000  0.69416836E+001  0.46539327E+002  0.11379133E+003  0.30124462E+003  0.59143322E+003
  0.00000000E+000  0.00000000E+000  0.00000000E+000  0.00000000E+000  0.42170227E-001  0.36741325E+000  0.69417157E+001  0.46539485E+002  0.11379125E+003  0.30124385E+003  0.59143265E+003
  0.00000000E+000  0.00000000E+000  0.00000000E+000  0.00000000E+000  0.42170551E-001  0.36741591E+000  0.69417481E+001  0.46539650E+002  0.11379119E+003  0.30124306E+003  0.59143204E+003
  0.00000000E+000  0.00000000E+000  0.00000000E+000  0.00000000E+000  0.42170856E-001  0.36741856E+000  0.69417805E+001  0.46539822E+002  0.11379114E+003  0.30124226E+003  0.59143140E+003
  0.00000000E+000  0.00000000E+000  0.00000000E+000  0.00000000E+000  0.42171140E-001  0.36742121E+000  0.69418131E+001  0.46539999E+002  0.11379111E+003  0.30124145E+003  0.59143072E+003
  0.00000000E+000  0.00000000E+000  0.00000000E+000  0.00000000E+000  0.42171406E-001  0.36742384E+000  0.69418456E+001  0.46540181E+002  0.11379109E+003  0.30124062E+003  0.59143001E+003
  0.00000000E+000  0.00000000E+000  0.00000000E+000  0.00000000E+000  0.42171654E-001  0.36742647E+000  0.69418781E+001  0.46540367E+002  0.11379108E+003  0.30123979E+003  0.59142925E+003
  0.00000000E+000  0.00000000E+000  0.00000000E+000  0.00000000E+000  0.42171886E-001  0.36742907E+000  0.69419106E+001  0.46540557E+002  0.11379108E+003  0.30123895E+003  0.59142846E+003
  0.00000000E+000  0.00000000E+000  0.00000000E+000  0.00000000E+000  0.42172102E-001  0.36743164E+000  0.69419430E+001  0.46540749E+002  0.11379110E+003  0.30123811E+003  0.59142763E+003
  0.00000000E+000  0.00000000E+000  0.00000000E+000  0.00000000E+000  0.42172304E-001  0.36743419E+000  0.69419753E+001  0.46540945E+002  0.11379114E+003  0.30123726E+003  0.59142675E+003
  0.00000000E+000  0.00000000E+000  0.00000000E+000  0.00000000E+000  0.42172492E-001  0.36743670E+000  0.69420075E+001  0.46541143E+002  0.11379119E+003  0.30123641E+003  0.59142583E+003
  0.00000000E+000  0.00000000E+000  0.00000000E+000  0.00000000E+000  0.42172667E-001  0.36743917E+000  0.69420396E+001  0.46541342E+002  0.11379125E+003  0.30123555E+003  0.59142487E+003
  0.00000000E+000  0.00000000E+000  0.00000000E+000  0.00000000E+000  0.42172830E-001  0.36744159E+000  0.69420715E+001  0.46541543E+002  0.11379132E+003  0.30123470E+003  0.59142387E+003
  0.00000000E+000  0.00000000E+000  0.00000000E+000  0.00000000E+000  0.42172981E-001  0.36744396E+000  0.69421034E+001  0.46541745E+002  0.11379141E+003  0.30123386E+003  0.59142282E+003
  0.00000000E+000  0.00000000E+000  0.00000000E+000  0.00000000E+000  0.42173122E-001  0.36744628E+000  0.69421351E+001  0.46541948E+002  0.11379151E+003  0.30123301E+003  0.59142174E+003
  0.00000000E+000  0.00000000E+000  0.00000000E+000  0.00000000E+000  0.42173253E-001  0.36744854E+000  0.69421667E+001  0.46542151E+002  0.11379163E+003  0.30123218E+003  0.59142061E+003
  0.00000000E+000  0.00000000E+000  0.00000000E+000  0.00000000E+000  0.42173375E-001  0.36745074E+000  0.69421982E+001  0.46542355E+002  0.11379175E+003  0.30123136E+003  0.59141944E+003
  0.00000000E+000  0.00000000E+000  0.00000000E+000  0.00000000E+000  0.42173487E-001  0.36745287E+000  0.69422296E+001  0.46542558E+002  0.11379189E+003  0.30123054E+003  0.59141823E+003
  0.00000000E+000  0.00000000E+000  0.00000000E+000  0.00000000E+000  0.42173592E-001  0.36745493E+000  0.69422608E+001  0.46542761E+002  0.11379205E+003  0.30122974E+003  0.59141698E+003
  0.00000000E+000  0.00000000E+000  0.00000000E+000  0.00000000E+000  0.42173689E-001  0.36745692E+000  0.69422919E+001  0.46542963E+002  0.11379221E+003  0.30122896E+003  0.59141569E+003
  0.00000000E+000  0.00000000E+000  0.00000000E+000  0.00000000E+000  0.42173778E-001  0.36745884E+000  0.69423228E+001  0.46543165E+002  0.11379239E+003  0.30122820E+003  0.59141436E+003
  0.00000000E+000  0.00000000E+000  0.00000000E+000  0.00000000E+000  0.42173861E-001  0.36746069E+000  0.69423536E+001  0.46543366E+002  0.11379258E+003  0.30122745E+003  0.59141300E+003
  0.00000000E+000  0.00000000E+000  0.00000000E+000  0.00000000E+000  0.42173937E-001  0.36746246E+000  0.69423842E+001  0.46543566E+002  0.11379278E+003  0.30122673E+003  0.59141161E+003
  0.00000000E+000  0.00000000E+000  0.00000000E+000  0.00000000E+000  0.42174008E-001  0.36746415E+000  0.69424147E+001  0.46543764E+002  0.11379299E+003  0.30122603E+003  0.59141019E+003
  0.00000000E+000  0.00000000E+000  0.00000000E+000  0.00000000E+000  0.42174072E-001  0.36746577E+000  0.69424449E+001  0.46543961E+002  0.11379322E+003  0.30122536E+003  0.59140874E+003
  0.00000000E+000  0.00000000E+000  0.00000000E+000  0.00000000E+000  0.42174132E-001  0.36746731E+000  0.69424750E+001  0.46544157E+002  0.11379345E+003  0.30122472E+003  0.59140726E+003
  0.00000000E+000  0.00000000E+000  0.00000000E+000  0.00000000E+000  0.42174186E-001  0.36746878E+000  0.69425047E+001  0.46544351E+002  0.11379369E+003  0.30122411E+003  0.59140577E+003
  0.00000000E+000  0.00000000E+000  0.00000000E+000  0.00000000E+000  0.42174236E-001  0.36747017E+000  0.69425343E+001  0.46544543E+002  0.11379395E+003  0.30122352E+003  0.59140425E+003
  0.00000000E+000  0.00000000E+000  0.00000000E+000  0.00000000E+000  0.42174281E-001  0.36747148E+000  0.69425635E+001  0.46544734E+002  0.11379421E+003  0.30122298E+003  0.59140272E+003
  0.00000000E+000  0.00000000E+000  0.00000000E+000  0.00000000E+000  0.42174323E-001  0.36747273E+000  0.69425925E+001  0.46544922E+002  0.11379448E+003  0.30122247E+003  0.59140117E+003
  0.00000000E+000  0.00000000E+000  0.00000000E+000  0.00000000E+000  0.42174360E-001  0.36747390E+000  0.69426211E+001  0.46545109E+002  0.11379476E+003  0.30122199E+003  0.59139962E+003
  0.00000000E+000  0.00000000E+000  0.00000000E+000  0.00000000E+000  0.42174395E-001  0.36747501E+000  0.69426494E+001  0.46545293E+002  0.11379505E+003  0.30122155E+003  0.59139806E+003
  0.00000000E+000  0.00000000E+000  0.00000000E+000  0.00000000E+000  0.42174425E-001  0.36747605E+000  0.69426773E+001  0.46545476E+002  0.11379534E+003  0.30122115E+003  0.59139651E+003
  0.00000000E+000  0.00000000E+000  0.00000000E+000  0.00000000E+000  0.42174453E-001  0.36747702E+000  0.69427047E+001  0.46545656E+002  0.11379564E+003  0.30122079E+003  0.59139495E+003
  0.00000000E+000  0.00000000E+000  0.00000000E+000  0.00000000E+000  0.42174479E-001  0.36747793E+000  0.69427317E+001  0.46545834E+002  0.11379595E+003  0.30122048E+003  0.59139341E+003
  0.00000000E+000  0.00000000E+000  0.00000000E+000  0.00000000E+000  0.42174501E-001  0.36747878E+000  0.69427583E+001  0.46546010E+002  0.11379626E+003  0.30122020E+003  0.59139188E+003
  0.00000000E+000  0.00000000E+000  0.00000000E+000  0.00000000E+000  0.42174521E-001  0.36747958E+000  0.69427843E+001  0.46546183E+002  0.11379658E+003  0.30121997E+003  0.59139036E+003
  0.00000000E+000  0.00000000E+000  0.00000000E+000  0.00000000E+000  0.42174539E-001  0.36748032E+000  0.69428098E+001  0.46546354E+002  0.11379690E+003  0.30121978E+003  0.59138887E+003
  0.00000000E+000  0.00000000E+000  0.00000000E+000  0.00000000E+000  0.42174555E-001  0.36748101E+000  0.69428348E+001  0.46546523E+002  0.11379723E+003  0.30121963E+003  0.59138740E+003
  0.00000000E+000  0.00000000E+000  0.00000000E+000  0.00000000E+000  0.42174569E-001  0.36748164E+000  0.69428591E+001  0.46546689E+002  0.11379756E+003  0.30121953E+003  0.59138596E+003
  0.00000000E+000  0.00000000E+000  0.00000000E+000  0.00000000E+000  0.42174582E-001  0.36748224E+000  0.69428829E+001  0.46546853E+002  0.11379789E+003  0.30121947E+003  0.59138455E+003
  0.00000000E+000  0.00000000E+000  0.00000000E+000  0.00000000E+000  0.42174593E-001  0.36748278E+000  0.69429061E+001  0.46547014E+002  0.11379822E+003  0.30121945E+003  0.59138319E+003
  0.00000000E+000  0.00000000E+000  0.00000000E+000  0.00000000E+000  0.42174602E-001  0.36748329E+000  0.69429286E+001  0.46547173E+002  0.11379856E+003  0.30121948E+003  0.59138186E+003
  0.00000000E+000  0.00000000E+000  0.00000000E+000  0.00000000E+000  0.42174611E-001  0.36748375E+000  0.69429504E+001  0.46547330E+002  0.11379890E+003  0.30121954E+003  0.59138059E+003
  0.00000000E+000  0.00000000E+000  0.00000000E+000  0.00000000E+000  0.42174618E-001  0.36748418E+000  0.69429716E+001  0.46547484E+002  0.11379923E+003  0.30121965E+003  0.59137936E+003
  0.00000000E+000  0.00000000E+000  0.00000000E+000  0.00000000E+000  0.42174624E-001  0.36748457E+000  0.69429921E+001  0.46547635E+002  0.11379957E+003  0.30121981E+003  0.59137818E+003
  0.00000000E+000  0.00000000E+000  0.00000000E+000  0.00000000E+000  0.42174629E-001  0.36748493E+000  0.69430119E+001  0.46547785E+002  0.11379991E+003  0.30122000E+003  0.59137707E+003
  0.00000000E+000  0.00000000E+000  0.00000000E+000  0.00000000E+000  0.42174633E-001  0.36748526E+000  0.69430310E+001  0.46547931E+002  0.11380025E+003  0.30122023E+003  0.59137601E+003
  0.00000000E+000  0.00000000E+000  0.00000000E+000  0.00000000E+000  0.42174636E-001  0.36748556E+000  0.69430494E+001  0.46548075E+002  0.11380059E+003  0.30122050E+003  0.59137502E+003
  0.00000000E+000  0.00000000E+000  0.00000000E+000  0.00000000E+000  0.42174639E-001  0.36748584E+000  0.69430671E+001  0.46548216E+002  0.11380092E+003  0.30122081E+003  0.59137409E+003
  0.00000000E+000  0.00000000E+000  0.00000000E+000  0.00000000E+000  0.42174641E-001  0.36748609E+000  0.69430841E+001  0.46548355E+002  0.11380126E+003  0.30122116E+003  0.59137323E+003
  0.00000000E+000  0.00000000E+000  0.00000000E+000  0.00000000E+000  0.42174643E-001  0.36748632E+000  0.69431004E+001  0.46548491E+002  0.11380159E+003  0.30122154E+003  0.59137245E+003
  0.00000000E+000  0.00000000E+000  0.00000000E+000  0.00000000E+000  0.42174644E-001  0.36748652E+000  0.69431160E+001  0.46548625E+002  0.11380192E+003  0.30122195E+003  0.59137173E+003
  0.00000000E+000  0.00000000E+000  0.00000000E+000  0.00000000E+000  0.42174644E-001  0.36748671E+000  0.69431308E+001  0.46548756E+002  0.11380224E+003  0.30122240E+003  0.59137109E+003
  0.00000000E+000  0.00000000E+000  0.00000000E+000  0.00000000E+000  0.42174645E-001  0.36748688E+000  0.69431450E+001  0.46548884E+002  0.11380257E+003  0.30122288E+003  0.59137053E+003
  0.00000000E+000  0.00000000E+000  0.00000000E+000  0.00000000E+000  0.42174644E-001  0.36748703E+000  0.69431585E+001  0.46549010E+002  0.11380289E+003  0.30122339E+003  0.59137004E+003
  0.00000000E+000  0.00000000E+000  0.00000000E+000  0.00000000E+000  0.42174644E-001  0.36748716E+000  0.69431714E+001  0.46549133E+002  0.11380321E+003  0.30122392E+003  0.59136963E+003
  0.00000000E+000  0.00000000E+000  0.00000000E+000  0.00000000E+000  0.42174643E-001  0.36748728E+000  0.69431836E+001  0.46549253E+002  0.11380352E+003  0.30122448E+003  0.59136929E+003
  0.00000000E+000  0.00000000E+000  0.00000000E+000  0.00000000E+000  0.42174643E-001  0.36748739E+000  0.69431952E+001  0.46549370E+002  0.11380383E+003  0.30122507E+003  0.59136904E+003
  0.00000000E+000  0.00000000E+000  0.00000000E+000  0.00000000E+000  0.42174641E-001  0.36748749E+000  0.69432061E+001  0.46549485E+002  0.11380413E+003  0.30122567E+003  0.59136886E+003
  0.00000000E+000  0.00000000E+000  0.00000000E+000  0.00000000E+000  0.42174640E-001  0.36748758E+000  0.69432165E+001  0.46549597E+002  0.11380443E+003  0.30122630E+003  0.59136876E+003
  0.00000000E+000  0.00000000E+000  0.00000000E+000  0.00000000E+000  0.42174639E-001  0.36748765E+000  0.69432262E+001  0.46549706E+002  0.11380473E+003  0.30122695E+003  0.59136874E+003
  0.00000000E+000  0.00000000E+000  0.00000000E+000  0.00000000E+000  0.42174637E-001  0.36748772E+000  0.69432354E+001  0.46549812E+002  0.11380502E+003  0.30122761E+003  0.59136879E+003
  0.00000000E+000  0.00000000E+000  0.00000000E+000  0.00000000E+000  0.42174636E-001  0.36748778E+000  0.69432441E+001  0.46549915E+002  0.11380531E+003  0.30122830E+003  0.59136892E+003
  0.00000000E+000  0.00000000E+000  0.00000000E+000  0.00000000E+000  0.42174634E-001  0.36748783E+000  0.69432522E+001  0.46550016E+002  0.11380559E+003  0.30122899E+003  0.59136912E+003
  0.00000000E+000  0.00000000E+000  0.00000000E+000  0.00000000E+000  0.42174632E-001  0.36748788E+000  0.69432599E+001  0.46550114E+002  0.11380587E+003  0.30122970E+003  0.59136939E+003
  0.00000000E+000  0.00000000E+000  0.00000000E+000  0.00000000E+000  0.42174631E-001  0.36748792E+000  0.69432670E+001  0.46550208E+002  0.11380614E+003  0.30123042E+003  0.59136974E+003
  0.00000000E+000  0.00000000E+000  0.00000000E+000  0.00000000E+000  0.42174629E-001  0.36748795E+000  0.69432737E+001  0.46550300E+002  0.11380641E+003  0.30123115E+003  0.59137015E+003
  0.00000000E+000  0.00000000E+000  0.00000000E+000  0.00000000E+000  0.42174627E-001  0.36748798E+000  0.69432800E+001  0.46550390E+002  0.11380667E+003  0.30123188E+003  0.59137062E+003
  0.00000000E+000  0.00000000E+000  0.00000000E+000  0.00000000E+000  0.42174625E-001  0.36748801E+000  0.69432858E+001  0.46550476E+002  0.11380692E+003  0.30123263E+003  0.59137116E+003
  0.00000000E+000  0.00000000E+000  0.00000000E+000  0.00000000E+000  0.42174624E-001  0.36748803E+000  0.69432912E+001  0.46550559E+002  0.11380717E+003  0.30123337E+003  0.59137176E+003
  0.00000000E+000  0.00000000E+000  0.00000000E+000  0.00000000E+000  0.42174622E-001  0.36748804E+000  0.69432963E+001  0.46550640E+002  0.11380742E+003  0.30123412E+003  0.59137242E+003
  0.00000000E+000  0.00000000E+000  0.00000000E+000  0.00000000E+000  0.42174620E-001  0.36748806E+000  0.69433010E+001  0.46550718E+002  0.11380765E+003  0.30123488E+003  0.59137313E+003
  0.00000000E+000  0.00000000E+000  0.00000000E+000  0.00000000E+000  0.42174618E-001  0.36748807E+000  0.69433054E+001  0.46550793E+002  0.11380789E+003  0.30123563E+003  0.59137390E+003
  0.00000000E+000  0.00000000E+000  0.00000000E+000  0.00000000E+000  0.42174617E-001  0.36748808E+000  0.69433094E+001  0.46550865E+002  0.11380811E+003  0.30123639E+003  0.59137472E+003
  0.00000000E+000  0.00000000E+000  0.00000000E+000  0.00000000E+000  0.42174615E-001  0.36748808E+000  0.69433132E+001  0.46550935E+002  0.11380833E+003  0.30123714E+003  0.59137558E+003
  0.00000000E+000  0.00000000E+000  0.00000000E+000  0.00000000E+000  0.42174613E-001  0.36748809E+000  0.69433166E+001  0.46551002E+002  0.11380855E+003  0.30123789E+003  0.59137649E+003
  0.00000000E+000  0.00000000E+000  0.00000000E+000  0.00000000E+000  0.42174612E-001  0.36748809E+000  0.69433198E+001  0.46551066E+002  0.11380876E+003  0.30123863E+003  0.59137744E+003
  0.00000000E+000  0.00000000E+000  0.00000000E+000  0.00000000E+000  0.42174610E-001  0.36748809E+000  0.69433228E+001  0.46551128E+002  0.11380896E+003  0.30123938E+003  0.59137842E+003
  0.00000000E+000  0.00000000E+000  0.00000000E+000  0.00000000E+000  0.42174609E-001  0.36748809E+000  0.69433255E+001  0.46551187E+002  0.11380916E+003  0.30124011E+003  0.59137945E+003
  0.00000000E+000  0.00000000E+000  0.00000000E+000  0.00000000E+000  0.42174608E-001  0.36748809E+000  0.69433280E+001  0.46551243E+002  0.11380936E+003  0.30124084E+003  0.59138050E+003
  0.00000000E+000  0.00000000E+000  0.00000000E+000  0.00000000E+000  0.42174606E-001  0.36748809E+000  0.69433303E+001  0.46551298E+002  0.11380954E+003  0.30124156E+003  0.59138158E+003
  0.00000000E+000  0.00000000E+000  0.00000000E+000  0.00000000E+000  0.42174605E-001  0.36748809E+000  0.69433324E+001  0.46551349E+002  0.11380972E+003  0.30124227E+003  0.59138269E+003
  0.00000000E+000  0.00000000E+000  0.00000000E+000  0.00000000E+000  0.42174604E-001  0.36748808E+000  0.69433343E+001  0.46551399E+002  0.11380990E+003  0.30124298E+003  0.59138382E+003
  0.00000000E+000  0.00000000E+000  0.00000000E+000  0.00000000E+000  0.42174602E-001  0.36748808E+000  0.69433361E+001  0.46551446E+002  0.11381007E+003  0.30124367E+003  0.59138497E+003
  0.00000000E+000  0.00000000E+000  0.00000000E+000  0.00000000E+000  0.42174601E-001  0.36748807E+000  0.69433377E+001  0.46551491E+002  0.11381023E+003  0.30124436E+003  0.59138614E+003
  0.00000000E+000  0.00000000E+000  0.00000000E+000  0.00000000E+000  0.42174600E-001  0.36748807E+000  0.69433392E+001  0.46551533E+002  0.11381039E+003  0.30124503E+003  0.59138732E+003
  0.00000000E+000  0.00000000E+000  0.00000000E+000  0.00000000E+000  0.42174599E-001  0.36748806E+000  0.69433405E+001  0.46551574E+002  0.11381055E+003  0.30124569E+003  0.59138851E+003
  0.00000000E+000  0.00000000E+000  0.00000000E+000  0.00000000E+000  0.42174598E-001  0.36748806E+000  0.69433418E+001  0.46551612E+002  0.11381069E+003  0.30124635E+003  0.59138972E+003
  0.00000000E+000  0.00000000E+000  0.00000000E+000  0.00000000E+000  0.42174597E-001  0.36748805E+000  0.69433429E+001  0.46551649E+002  0.11381084E+003  0.30124698E+003  0.59139093E+003
  0.00000000E+000  0.00000000E+000  0.00000000E+000  0.00000000E+000  0.42174596E-001  0.36748805E+000  0.69433439E+001  0.46551684E+002  0.11381097E+003  0.30124761E+003  0.59139214E+003
  0.00000000E+000  0.00000000E+000  0.00000000E+000  0.00000000E+000  0.42174595E-001  0.36748804E+000  0.69433448E+001  0.46551717E+002  0.11381111E+003  0.30124822E+003  0.59139336E+003
  0.00000000E+000  0.00000000E+000  0.00000000E+000  0.00000000E+000  0.42174594E-001  0.36748804E+000  0.69433456E+001  0.46551748E+002  0.11381124E+003  0.30124882E+003  0.59139458E+003
  0.00000000E+000  0.00000000E+000  0.00000000E+000  0.00000000E+000  0.42174593E-001  0.36748803E+000  0.69433464E+001  0.46551777E+002  0.11381136E+003  0.30124941E+003  0.59139579E+003
  0.00000000E+000  0.00000000E+000  0.00000000E+000  0.00000000E+000  0.42174593E-001  0.36748802E+000  0.69433470E+001  0.46551805E+002  0.11381148E+003  0.30124998E+003  0.59139700E+003
  0.00000000E+000  0.00000000E+000  0.00000000E+000  0.00000000E+000  0.42174592E-001  0.36748802E+000  0.69433476E+001  0.46551831E+002  0.11381159E+003  0.30125054E+003  0.59139821E+003
  0.00000000E+000  0.00000000E+000  0.00000000E+000  0.00000000E+000  0.42174591E-001  0.36748801E+000  0.69433482E+001  0.46551855E+002  0.11381170E+003  0.30125109E+003  0.59139940E+003
  0.00000000E+000  0.00000000E+000  0.00000000E+000  0.00000000E+000  0.42174591E-001  0.36748801E+000  0.69433487E+001  0.46551879E+002  0.11381180E+003  0.30125162E+003  0.59140059E+003
  0.00000000E+000  0.00000000E+000  0.00000000E+000  0.00000000E+000  0.42174590E-001  0.36748800E+000  0.69433491E+001  0.46551900E+002  0.11381190E+003  0.30125214E+003  0.59140177E+003
  0.00000000E+000  0.00000000E+000  0.00000000E+000  0.00000000E+000  0.42174589E-001  0.36748800E+000  0.69433495E+001  0.46551921E+002  0.11381200E+003  0.30125264E+003  0.59140293E+003
  0.00000000E+000  0.00000000E+000  0.00000000E+000  0.00000000E+000  0.42174589E-001  0.36748799E+000  0.69433499E+001  0.46551940E+002  0.11381209E+003  0.30125313E+003  0.59140408E+003
  0.00000000E+000  0.00000000E+000  0.00000000E+000  0.00000000E+000  0.42174588E-001  0.36748799E+000  0.69433502E+001  0.46551958E+002  0.11381217E+003  0.30125360E+003  0.59140522E+003
  0.00000000E+000  0.00000000E+000  0.00000000E+000  0.00000000E+000  0.42174588E-001  0.36748798E+000  0.69433504E+001  0.46551975E+002  0.11381226E+003  0.30125406E+003  0.59140633E+003
  0.00000000E+000  0.00000000E+000  0.00000000E+000  0.00000000E+000  0.42174587E-001  0.36748798E+000  0.69433507E+001  0.46551991E+002  0.11381234E+003  0.30125451E+003  0.59140744E+003
  0.00000000E+000  0.00000000E+000  0.00000000E+000  0.00000000E+000  0.42174587E-001  0.36748798E+000  0.69433509E+001  0.46552006E+002  0.11381241E+003  0.30125494E+003  0.59140852E+003
  0.00000000E+000  0.00000000E+000  0.00000000E+000  0.00000000E+000  0.42174586E-001  0.36748797E+000  0.69433510E+001  0.46552019E+002  0.11381248E+003  0.30125536E+003  0.59140958E+003
  0.00000000E+000  0.00000000E+000  0.00000000E+000  0.00000000E+000  0.42174586E-001  0.36748797E+000  0.69433512E+001  0.46552032E+002  0.11381255E+003  0.30125577E+003  0.59141063E+003
