  0.15621381E+000  0.20305509E+000  0.38970564E+000  0.58778266E+000  0.91316876E+000  0.10527759E+001  0.15515198E+001  0.34211210E+001  0.50019577E+001  0.86192131E+001  0.13802394E+002
  0.15602128E+000  0.20313457E+000  0.39099136E+000  0.59167011E+000  0.91325280E+000  0.10528219E+001  0.15537024E+001  0.34264093E+001  0.50076184E+001  0.86285685E+001  0.13802799E+002
  0.15598647E+000  0.20343185E+000  0.39170754E+000  0.59328917E+000  0.91331318E+000  0.10528108E+001  0.15555967E+001  0.34303065E+001  0.50123258E+001  0.86283470E+001  0.13803572E+002
  0.15598781E+000  0.20374222E+000  0.39339876E+000  0.59638914E+000  0.91329442E+000  0.10528126E+001  0.15570172E+001  0.34350394E+001  0.50159439E+001  0.86277394E+001  0.13803650E+002
  0.15617488E+000  0.20385617E+000  0.39481395E+000  0.59715657E+000  0.91330757E+000  0.10526974E+001  0.15579349E+001  0.34404081E+001  0.50181525E+001  0.86291838E+001  0.13804095E+002
  0.15665083E+000  0.20405507E+000  0.39559280E+000  0.59782042E+000  0.91331218E+000  0.10527935E+001  0.15583228E+001  0.34439082E+001  0.50194058E+001  0.86272727E+001  0.13803515E+002
  0.15693883E+000  0.20441195E+000  0.39609791E+000  0.59775331E+000  0.91349417E+000  0.10528304E+001  0.15590850E+001  0.34447989E+001  0.50214091E+001  0.86279442E+001  0.13804205E+002
  0.15701836E+000  0.20455360E+000  0.39662887E+000  0.59840383E+000  0.91353431E+000  0.10528114E+001  0.15598878E+001  0.34484124E+001  0.50222935E+001  0.86288915E+001  0.13803637E+002
  0.15750928E+000  0.20456007E+000  0.39699882E+000  0.59922692E+000  0.91345533E+000  0.10528246E+001  0.15604307E+001  0.34517668E+001  0.50234291E+001  0.86299854E+001  0.13803703E+002
  0.15780533E+000  0.20491249E+000  0.39732769E+000  0.59923987E+000  0.91350610E+000  0.10528326E+001  0.15610197E+001  0.34568170E+001  0.50248194E+001  0.86288973E+001  0.13803772E+002
  0.15772363E+000  0.20488649E+000  0.39766862E+000  0.60002268E+000  0.91356201E+000  0.10528227E+001  0.15614209E+001  0.34593462E+001  0.50261827E+001  0.86293943E+001  0.13803768E+002
  0.15774052E+000  0.20497640E+000  0.39791042E+000  0.60027355E+000  0.91351680E+000  0.10527953E+001  0.15617588E+001  0.34600730E+001  0.50273900E+001  0.86284207E+001  0.13803810E+002
  0.15772166E+000  0.20497908E+000  0.39812758E+000  0.60028064E+000  0.91355860E+000  0.10527818E+001  0.15620562E+001  0.34614878E+001  0.50282770E+001  0.86300450E+001  0.13803852E+002
  0.15787163E+000  0.20498275E+000  0.39829981E+000  0.60046040E+000  0.91353820E+000  0.10528299E+001  0.15622254E+001  0.34641016E+001  0.50290640E+001  0.86304711E+001  0.13803883E+002
  0.15783387E+000  0.20503381E+000  0.39845337E+000  0.60076518E+000  0.91356631E+000  0.10527986E+001  0.15625863E+001  0.34667725E+001  0.50293496E+001  0.86284924E+001  0.13803913E+002
  0.15780588E+000  0.20505226E+000  0.39858545E+000  0.60078227E+000  0.91357206E+000  0.10528105E+001  0.15627607E+001  0.34671592E+001  0.50299135E+001  0.86273971E+001  0.13803940E+002
  0.15778392E+000  0.20500586E+000  0.39869310E+000  0.60080058E+000  0.91357029E+000  0.10527885E+001  0.15629410E+001  0.34675774E+001  0.50304190E+001  0.86211301E+001  0.13803963E+002
  0.15775523E+000  0.20501431E+000  0.39878224E+000  0.60080669E+000  0.91354201E+000  0.10528090E+001  0.15629707E+001  0.34680959E+001  0.50308979E+001  0.86217777E+001  0.13804007E+002
  0.15769785E+000  0.20498850E+000  0.39886204E+000  0.60080947E+000  0.91355526E+000  0.10528319E+001  0.15631304E+001  0.34683669E+001  0.50313037E+001  0.86253933E+001  0.13804000E+002
  0.15771803E+000  0.20498059E+000  0.39893239E+000  0.60085087E+000  0.91356658E+000  0.10528176E+001  0.15631855E+001  0.34684189E+001  0.50315653E+001  0.86254217E+001  0.13804050E+002
  0.15766232E+000  0.20497323E+000  0.39900150E+000  0.60092193E+000  0.91356574E+000  0.10528313E+001  0.15633011E+001  0.34685265E+001  0.50318213E+001  0.86254563E+001  0.13804027E+002
  0.15766274E+000  0.20496630E+000  0.39905314E+000  0.60102745E+000  0.91353828E+000  0.10528274E+001  0.15632392E+001  0.34686207E+001  0.50320360E+001  0.86254927E+001  0.13804038E+002
  0.15767881E+000  0.20496774E+000  0.39912614E+000  0.60103777E+000  0.91354157E+000  0.10528341E+001  0.15632756E+001  0.34686803E+001  0.50322193E+001  0.86255283E+001  0.13804046E+002
  0.15766336E+000  0.20496370E+000  0.39913748E+000  0.60107483E+000  0.91354552E+000  0.10528317E+001  0.15633033E+001  0.34686878E+001  0.50323871E+001  0.86255614E+001  0.13804054E+002
  0.15766334E+000  0.20496842E+000  0.39920100E+000  0.60110508E+000  0.91357187E+000  0.10528297E+001  0.15633236E+001  0.34687024E+001  0.50324607E+001  0.86254413E+001  0.13804091E+002
  0.15762446E+000  0.20496592E+000  0.39921897E+000  0.60113314E+000  0.91355986E+000  0.10528280E+001  0.15633377E+001  0.34687290E+001  0.50325630E+001  0.86254656E+001  0.13804065E+002
  0.15762669E+000  0.20496282E+000  0.39923665E+000  0.60115807E+000  0.91355918E+000  0.10528265E+001  0.15634341E+001  0.34687543E+001  0.50326469E+001  0.86254867E+001  0.13804069E+002
  0.15761739E+000  0.20496347E+000  0.39924843E+000  0.60116842E+000  0.91355500E+000  0.10528254E+001  0.15633511E+001  0.34687777E+001  0.50327152E+001  0.86255047E+001  0.13804072E+002
  0.15763159E+000  0.20496670E+000  0.39928866E+000  0.60117213E+000  0.91355610E+000  0.10528280E+001  0.15633520E+001  0.34687986E+001  0.50327704E+001  0.86255196E+001  0.13804074E+002
  0.15761242E+000  0.20495978E+000  0.39929246E+000  0.60117925E+000  0.91355681E+000  0.10528348E+001  0.15633500E+001  0.34687980E+001  0.50328146E+001  0.86255318E+001  0.13804077E+002
  0.15761045E+000  0.20495854E+000  0.39929458E+000  0.60118390E+000  0.91356709E+000  0.10528230E+001  0.15633456E+001  0.34687918E+001  0.50328495E+001  0.86255414E+001  0.13804078E+002
  0.15760877E+000  0.20496073E+000  0.39931804E+000  0.60118645E+000  0.91355726E+000  0.10528225E+001  0.15633350E+001  0.34687808E+001  0.50328768E+001  0.86255488E+001  0.13804079E+002
  0.15760735E+000  0.20496205E+000  0.39929531E+000  0.60118722E+000  0.91355708E+000  0.10528323E+001  0.15633334E+001  0.34687731E+001  0.50328977E+001  0.86255543E+001  0.13804080E+002
  0.15760612E+000  0.20496483E+000  0.39929583E+000  0.60118650E+000  0.91355669E+000  0.10528319E+001  0.15633371E+001  0.34687655E+001  0.50329134E+001  0.86255581E+001  0.13804081E+002
  0.15760507E+000  0.20496251E+000  0.39931950E+000  0.60118455E+000  0.91355611E+000  0.10528216E+001  0.15633430E+001  0.34687557E+001  0.50329248E+001  0.86255607E+001  0.13804081E+002
  0.15760415E+000  0.20496467E+000  0.39930068E+000  0.60118159E+000  0.91355537E+000  0.10528215E+001  0.15631187E+001  0.34687435E+001  0.50329329E+001  0.86255620E+001  0.13804081E+002
  0.15760334E+000  0.20495404E+000  0.39930108E+000  0.60117781E+000  0.91355657E+000  0.10528214E+001  0.15630777E+001  0.34687287E+001  0.50329381E+001  0.86255625E+001  0.13804081E+002
  0.15760262E+000  0.20495334E+000  0.39930044E+000  0.60117339E+000  0.91355728E+000  0.10528213E+001  0.15630377E+001  0.34687113E+001  0.50329412E+001  0.86255623E+001  0.13804081E+002
  0.15760197E+000  0.20495269E+000  0.39929899E+000  0.60116846E+000  0.91355686E+000  0.10528213E+001  0.15629989E+001  0.34686317E+001  0.50329426E+001  0.86255615E+001  0.13804081E+002
  0.15760137E+000  0.20495209E+000  0.39929689E+000  0.60116317E+000  0.91355552E+000  0.10528213E+001  0.15629614E+001  0.34686021E+001  0.50329427E+001  0.86255603E+001  0.13804081E+002
  0.15760082E+000  0.20495153E+000  0.39929429E+000  0.60115761E+000  0.91355345E+000  0.10528213E+001  0.15629253E+001  0.34685713E+001  0.50329418E+001  0.86255588E+001  0.13804081E+002
  0.15760030E+000  0.20496227E+000  0.39929131E+000  0.60115187E+000  0.91355081E+000  0.10528349E+001  0.15628908E+001  0.34685392E+001  0.50329402E+001  0.86255570E+001  0.13804081E+002
  0.15759980E+000  0.20496020E+000  0.39931690E+000  0.60114604E+000  0.91354772E+000  0.10528292E+001  0.15628578E+001  0.34685062E+001  0.50329380E+001  0.86255550E+001  0.13804080E+002
  0.15759932E+000  0.20495786E+000  0.39930002E+000  0.60114016E+000  0.91354632E+000  0.10528231E+001  0.15628281E+001  0.34684721E+001  0.50329355E+001  0.86255530E+001  0.13804080E+002
  0.15759886E+000  0.20496181E+000  0.39928139E+000  0.60113430E+000  0.91354501E+000  0.10528341E+001  0.15628003E+001  0.34684373E+001  0.50329326E+001  0.86255509E+001  0.13804080E+002
  0.15759841E+000  0.20496002E+000  0.39927738E+000  0.60112849E+000  0.91354368E+000  0.10528320E+001  0.15627740E+001  0.34684020E+001  0.50329296E+001  0.86255487E+001  0.13804079E+002
  0.15759797E+000  0.20495816E+000  0.39919568E+000  0.60112277E+000  0.91354236E+000  0.10528330E+001  0.15627493E+001  0.34683663E+001  0.50329265E+001  0.86255465E+001  0.13804079E+002
  0.15759754E+000  0.20495625E+000  0.39919360E+000  0.60111716E+000  0.91354104E+000  0.10528279E+001  0.15627261E+001  0.34683306E+001  0.50329233E+001  0.86255444E+001  0.13804079E+002
  0.15759711E+000  0.20496144E+000  0.39919142E+000  0.60111168E+000  0.91353972E+000  0.10528301E+001  0.15627045E+001  0.34682949E+001  0.50329201E+001  0.86255422E+001  0.13804078E+002
  0.15759669E+000  0.20495902E+000  0.39919013E+000  0.60110636E+000  0.91353842E+000  0.10528238E+001  0.15626843E+001  0.34682595E+001  0.50329169E+001  0.86255401E+001  0.13804078E+002
  0.15759628E+000  0.20495658E+000  0.39918806E+000  0.60110120E+000  0.91353712E+000  0.10528219E+001  0.15626655E+001  0.34682246E+001  0.50329136E+001  0.86255381E+001  0.13804078E+002
  0.15759588E+000  0.20495415E+000  0.39918594E+000  0.60109621E+000  0.91353585E+000  0.10528219E+001  0.15626480E+001  0.34686043E+001  0.50329104E+001  0.86255360E+001  0.13804077E+002
  0.15759548E+000  0.20495173E+000  0.39918377E+000  0.60109140E+000  0.91353459E+000  0.10528220E+001  0.15626317E+001  0.34685999E+001  0.50329071E+001  0.86255341E+001  0.13804077E+002
  0.15759509E+000  0.20494934E+000  0.39918156E+000  0.60108679E+000  0.91353336E+000  0.10528220E+001  0.15626166E+001  0.34685953E+001  0.50329039E+001  0.86255322E+001  0.13804077E+002
  0.15759471E+000  0.20494697E+000  0.39917934E+000  0.60108236E+000  0.91353215E+000  0.10528221E+001  0.15626027E+001  0.34685908E+001  0.50329006E+001  0.86255303E+001  0.13804076E+002
  0.15759435E+000  0.20494508E+000  0.39917710E+000  0.60107814E+000  0.91353097E+000  0.10528222E+001  0.15625897E+001  0.34685862E+001  0.50328973E+001  0.86255285E+001  0.13804076E+002
  0.15759399E+000  0.20494486E+000  0.39917488E+000  0.60107410E+000  0.91357049E+000  0.10528222E+001  0.15625776E+001  0.34685817E+001  0.50328940E+001  0.86255267E+001  0.13804076E+002
  0.15759364E+000  0.20494465E+000  0.39917267E+000  0.60107027E+000  0.91356562E+000  0.10528223E+001  0.15625665E+001  0.34685772E+001  0.50328907E+001  0.86255250E+001  0.13804076E+002
  0.15759330E+000  0.20494446E+000  0.39917049E+000  0.60106663E+000  0.91356087E+000  0.10528223E+001  0.15625561E+001  0.34685728E+001  0.50328873E+001  0.86255234E+001  0.13804075E+002
  0.15759298E+000  0.20494428E+000  0.39916834E+000  0.60106319E+000  0.91355625E+000  0.10528224E+001  0.15625464E+001  0.34685685E+001  0.50328839E+001  0.86255218E+001  0.13804075E+002
  0.15759266E+000  0.20494411E+000  0.39916624E+000  0.60105995E+000  0.91355177E+000  0.10528224E+001  0.15625375E+001  0.34685643E+001  0.50328804E+001  0.86255202E+001  0.13804075E+002
  0.15759236E+000  0.20494395E+000  0.39916420E+000  0.60105689E+000  0.91354743E+000  0.10528225E+001  0.15625292E+001  0.34685602E+001  0.50328769E+001  0.86255188E+001  0.13804075E+002
  0.15759207E+000  0.20494380E+000  0.39917037E+000  0.60105403E+000  0.91354324E+000  0.10528225E+001  0.15625214E+001  0.34685562E+001  0.50328734E+001  0.86255173E+001  0.13804075E+002
  0.15759179E+000  0.20494366E+000  0.39916925E+000  0.60105134E+000  0.91353921E+000  0.10528342E+001  0.15625144E+001  0.34685524E+001  0.50328698E+001  0.86255160E+001  0.13804074E+002
  0.15759152E+000  0.20494354E+000  0.39916768E+000  0.60104884E+000  0.91353535E+000  0.10528318E+001  0.15625079E+001  0.34685487E+001  0.50328662E+001  0.86255146E+001  0.13804074E+002
  0.15759126E+000  0.20494342E+000  0.39916617E+000  0.60104650E+000  0.91353164E+000  0.10528295E+001  0.15625019E+001  0.34685452E+001  0.50328625E+001  0.86255134E+001  0.13804074E+002
  0.15759101E+000  0.20494332E+000  0.39916470E+000  0.60104433E+000  0.91352810E+000  0.10528272E+001  0.15624964E+001  0.34685419E+001  0.50328587E+001  0.86255121E+001  0.13804074E+002
  0.15759078E+000  0.20494322E+000  0.39916329E+000  0.60104232E+000  0.91352564E+000  0.10528251E+001  0.15624913E+001  0.34685386E+001  0.50328550E+001  0.86255110E+001  0.13804074E+002
  0.15759055E+000  0.20494313E+000  0.39916193E+000  0.60104046E+000  0.91352544E+000  0.10528230E+001  0.15624867E+001  0.34685356E+001  0.50328512E+001  0.86255098E+001  0.13804074E+002
  0.15759032E+000  0.20494306E+000  0.39916062E+000  0.60103873E+000  0.91352526E+000  0.10528228E+001  0.15624824E+001  0.34685326E+001  0.50328473E+001  0.86255087E+001  0.13804073E+002
  0.15759011E+000  0.20494299E+000  0.39915937E+000  0.60103714E+000  0.91352509E+000  0.10528228E+001  0.15624785E+001  0.34685299E+001  0.50328434E+001  0.86255077E+001  0.13804073E+002
  0.15758990E+000  0.20494292E+000  0.39915816E+000  0.60103567E+000  0.91352494E+000  0.10528228E+001  0.15624750E+001  0.34685272E+001  0.50328395E+001  0.86255066E+001  0.13804073E+002
  0.15758969E+000  0.20494287E+000  0.39915703E+000  0.60103432E+000  0.91352480E+000  0.10528229E+001  0.15624719E+001  0.34685246E+001  0.50328356E+001  0.86255056E+001  0.13804073E+002
  0.15758950E+000  0.20494282E+000  0.39915596E+000  0.60103307E+000  0.91352468E+000  0.10528229E+001  0.15624691E+001  0.34685222E+001  0.50328316E+001  0.86255047E+001  0.13804073E+002
  0.15758930E+000  0.20494278E+000  0.39915492E+000  0.60103191E+000  0.91352457E+000  0.10528229E+001  0.15624666E+001  0.34685198E+001  0.50328276E+001  0.86255037E+001  0.13804073E+002
  0.15758911E+000  0.20494274E+000  0.39915391E+000  0.60103084E+000  0.91352447E+000  0.10528229E+001  0.15624644E+001  0.34685175E+001  0.50328237E+001  0.86255028E+001  0.13804073E+002
  0.15758893E+000  0.20494271E+000  0.39915294E+000  0.60102985E+000  0.91352437E+000  0.10528230E+001  0.15624625E+001  0.34685153E+001  0.50328197E+001  0.86255018E+001  0.13804073E+002
  0.15758875E+000  0.20494269E+000  0.39915200E+000  0.60102893E+000  0.91352429E+000  0.10528230E+001  0.15624609E+001  0.34685131E+001  0.50328157E+001  0.86255009E+001  0.13804072E+002
  0.15758857E+000  0.20494266E+000  0.39915108E+000  0.60102807E+000  0.91352421E+000  0.10528230E+001  0.15624594E+001  0.34685110E+001  0.50328117E+001  0.86255000E+001  0.13804072E+002
  0.15758840E+000  0.20494264E+000  0.39915018E+000  0.60102727E+000  0.91352414E+000  0.10528230E+001  0.15624582E+001  0.34685089E+001  0.50328078E+001  0.86254991E+001  0.13804072E+002
  0.15758824E+000  0.20494263E+000  0.39914931E+000  0.60102652E+000  0.91352407E+000  0.10528231E+001  0.15624573E+001  0.34685069E+001  0.50328039E+001  0.86254982E+001  0.13804072E+002
  0.15758807E+000  0.20494262E+000  0.39914846E+000  0.60102582E+000  0.91352401E+000  0.10528231E+001  0.15624565E+001  0.34685049E+001  0.50328000E+001  0.86254974E+001  0.13804072E+002
  0.15758791E+000  0.20494261E+000  0.39914763E+000  0.60102517E+000  0.91352396E+000  0.10528231E+001  0.15624558E+001  0.34685030E+001  0.50327962E+001  0.86254965E+001  0.13804072E+002
  0.15758776E+000  0.20494260E+000  0.39914683E+000  0.60102455E+000  0.91352391E+000  0.10528231E+001  0.15624554E+001  0.34685011E+001  0.50327924E+001  0.86254956E+001  0.13804072E+002
  0.15758762E+000  0.20494260E+000  0.39914605E+000  0.60102397E+000  0.91352386E+000  0.10528232E+001  0.15624550E+001  0.34684992E+001  0.50327887E+001  0.86254947E+001  0.13804072E+002
  0.15758747E+000  0.20494260E+000  0.39914530E+000  0.60102343E+000  0.91352382E+000  0.10528232E+001  0.15624548E+001  0.34684974E+001  0.50327850E+001  0.86254939E+001  0.13804072E+002
  0.15758734E+000  0.20494260E+000  0.39914457E+000  0.60102293E+000  0.91352378E+000  0.10528232E+001  0.15624547E+001  0.34684956E+001  0.50327814E+001  0.86254930E+001  0.13804072E+002
  0.15758721E+000  0.20494260E+000  0.39914387E+000  0.60102245E+000  0.91352375E+000  0.10528232E+001  0.15624547E+001  0.34684939E+001  0.50327779E+001  0.86254922E+001  0.13804071E+002
  0.15758708E+000  0.20494261E+000  0.39914319E+000  0.60102201E+000  0.91352371E+000  0.10528335E+001  0.15624548E+001  0.34684923E+001  0.50327744E+001  0.86254913E+001  0.13804071E+002
  0.15758697E+000  0.20494261E+000  0.39914255E+000  0.60102160E+000  0.91352368E+000  0.10528308E+001  0.15624549E+001  0.34684907E+001  0.50327711E+001  0.86254905E+001  0.13804071E+002
  0.15758685E+000  0.20495758E+000  0.39914193E+000  0.60102122E+000  0.91352366E+000  0.10528282E+001  0.15624551E+001  0.34684891E+001  0.50327678E+001  0.86254897E+001  0.13804071E+002
  0.15758675E+000  0.20495716E+000  0.39914135E+000  0.60102086E+000  0.91352363E+000  0.10528257E+001  0.15624554E+001  0.34684877E+001  0.50327646E+001  0.86254889E+001  0.13804071E+002
  0.15758665E+000  0.20495676E+000  0.39914079E+000  0.60102053E+000  0.91352361E+000  0.10528233E+001  0.15624557E+001  0.34684863E+001  0.50327615E+001  0.86254880E+001  0.13804071E+002
  0.15758656E+000  0.20495638E+000  0.39914027E+000  0.60102023E+000  0.91352359E+000  0.10528234E+001  0.15624561E+001  0.34684850E+001  0.50327585E+001  0.86254872E+001  0.13804071E+002
  0.15758647E+000  0.20495602E+000  0.39913978E+000  0.60101996E+000  0.91352357E+000  0.10528234E+001  0.15624565E+001  0.34684837E+001  0.50327556E+001  0.86254865E+001  0.13804071E+002
  0.15758639E+000  0.20495568E+000  0.39913932E+000  0.60101971E+000  0.91352356E+000  0.10528234E+001  0.15624570E+001  0.34684826E+001  0.50327528E+001  0.86254857E+001  0.13804071E+002
  0.15758631E+000  0.20495536E+000  0.39913889E+000  0.60101948E+000  0.91352354E+000  0.10528234E+001  0.15624575E+001  0.34684815E+001  0.50327501E+001  0.86254849E+001  0.13804071E+002
  0.15758624E+000  0.20495507E+000  0.39913849E+000  0.60101928E+000  0.91352353E+000  0.10528234E+001  0.15624580E+001  0.34684805E+001  0.50327475E+001  0.86254842E+001  0.13804071E+002
  0.15758618E+000  0.20495479E+000  0.39913812E+000  0.60101909E+000  0.91352352E+000  0.10528235E+001  0.15624585E+001  0.34684795E+001  0.50327450E+001  0.86254834E+001  0.13804071E+002
  0.15758612E+000  0.20495453E+000  0.39913777E+000  0.60101893E+000  0.91352351E+000  0.10528235E+001  0.15624590E+001  0.34684787E+001  0.50327425E+001  0.86254827E+001  0.13804071E+002
  0.15758606E+000  0.20495429E+000  0.39913745E+000  0.60101878E+000  0.91352350E+000  0.10528235E+001  0.15624596E+001  0.34684779E+001  0.50327402E+001  0.86254820E+001  0.13804071E+002
  0.15758601E+000  0.20495407E+000  0.39913716E+000  0.60101865E+000  0.91352350E+000  0.10528235E+001  0.15624601E+001  0.34684772E+001  0.50327380E+001  0.86254812E+001  0.13804070E+002
  0.15758596E+000  0.20495387E+000  0.39913689E+000  0.60101854E+000  0.91352349E+000  0.10528235E+001  0.15624606E+001  0.34684765E+001  0.50327358E+001  0.86254805E+001  0.13804070E+002
  0.15758592E+000  0.20495368E+000  0.39913664E+000  0.60101844E+000  0.91352349E+000  0.10528235E+001  0.15624611E+001  0.34684760E+001  0.50327338E+001  0.86254798E+001  0.13804070E+002
  0.15758588E+000  0.20495351E+000  0.39913642E+000  0.60101836E+000  0.91352349E+000  0.10528235E+001  0.15624615E+001  0.34684755E+001  0.50327319E+001  0.86254792E+001  0.13804070E+002
  0.15758585E+000  0.20495336E+000  0.39913621E+000  0.60101829E+000  0.91352348E+000  0.10528235E+001  0.15624620E+001  0.34684750E+001  0.50327301E+001  0.86254785E+001  0.13804070E+002
  0.15761957E+000  0.20495322E+000  0.39913603E+000  0.60101823E+000  0.91352348E+000  0.10528235E+001  0.15624625E+001  0.34684746E+001  0.50327284E+001  0.86254778E+001  0.13804070E+002
  0.15761934E+000  0.20495309E+000  0.39913586E+000  0.60101819E+000  0.91352348E+000  0.10528235E+001  0.15624629E+001  0.34684743E+001  0.50327268E+001  0.86254772E+001  0.13804070E+002
  0.15761912E+000  0.20495297E+000  0.39913571E+000  0.60101815E+000  0.91352348E+000  0.10528236E+001  0.15624634E+001  0.34684740E+001  0.50327253E+001  0.86254765E+001  0.13804070E+002
  0.15761893E+000  0.20495286E+000  0.39913557E+000  0.60101812E+000  0.91352348E+000  0.10528236E+001  0.15624638E+001  0.34684738E+001  0.50327239E+001  0.86254759E+001  0.13804070E+002
  0.15761875E+000  0.20495277E+000  0.39913545E+000  0.60101811E+000  0.91352348E+000  0.10528236E+001  0.15624642E+001  0.34684737E+001  0.50327227E+001  0.86254753E+001  0.13804070E+002
  0.15761859E+000  0.20495268E+000  0.39913534E+000  0.60101810E+000  0.91352348E+000  0.10528236E+001  0.15624646E+001  0.34684735E+001  0.50327215E+001  0.86254746E+001  0.13804070E+002
  0.15761844E+000  0.20495261E+000  0.39913524E+000  0.60101809E+000  0.91352348E+000  0.10528236E+001  0.15624650E+001  0.34684735E+001  0.50327205E+001  0.86254740E+001  0.13804070E+002
  0.15761831E+000  0.20495254E+000  0.39913516E+000  0.60101818E+000  0.91352349E+000  0.10528236E+001  0.15624654E+001  0.34684734E+001  0.50327196E+001  0.86254735E+001  0.13804070E+002
  0.15761819E+000  0.20495248E+000  0.39913508E+000  0.60101828E+000  0.91352349E+000  0.10528236E+001  0.15624658E+001  0.34684734E+001  0.50327189E+001  0.86254729E+001  0.13804070E+002
  0.15761808E+000  0.20495242E+000  0.39913502E+000  0.60101838E+000  0.91352349E+000  0.10528236E+001  0.15624662E+001  0.34684735E+001  0.50327182E+001  0.86254723E+001  0.13804070E+002
  0.15761799E+000  0.20495238E+000  0.39913496E+000  0.60101847E+000  0.91352349E+000  0.10528236E+001  0.15624666E+001  0.34684736E+001  0.50327177E+001  0.86254718E+001  0.13804070E+002
  0.15761790E+000  0.20495234E+000  0.39913492E+000  0.60101856E+000  0.91352349E+000  0.10528236E+001  0.15624669E+001  0.34684737E+001  0.50327173E+001  0.86254713E+001  0.13804070E+002
  0.15761783E+000  0.20495230E+000  0.39913488E+000  0.60101865E+000  0.91352350E+000  0.10528236E+001  0.15624673E+001  0.34684739E+001  0.50327171E+001  0.86254708E+001  0.13804070E+002
  0.15761776E+000  0.20495227E+000  0.39913484E+000  0.60101874E+000  0.91352350E+000  0.10528236E+001  0.15624676E+001  0.34684741E+001  0.50327170E+001  0.86254703E+001  0.13804070E+002
  0.15761770E+000  0.20495224E+000  0.39913482E+000  0.60101882E+000  0.91352350E+000  0.10528236E+001  0.15624679E+001  0.34684743E+001  0.50327170E+001  0.86254698E+001  0.13804070E+002
  0.15761765E+000  0.20495222E+000  0.39913480E+000  0.60101891E+000  0.91352351E+000  0.10528236E+001  0.15624683E+001  0.34684745E+001  0.50327171E+001  0.86254694E+001  0.13804070E+002
  0.15761761E+000  0.20495220E+000  0.39913478E+000  0.60101899E+000  0.91352351E+000  0.10528236E+001  0.15624686E+001  0.34684748E+001  0.50327174E+001  0.86254690E+001  0.13804070E+002
  0.15761757E+000  0.20495219E+000  0.39913477E+000  0.60101907E+000  0.91352351E+000  0.10528236E+001  0.15624689E+001  0.34684751E+001  0.50327177E+001  0.86254686E+001  0.13804070E+002
  0.15761754E+000  0.20495218E+000  0.39913477E+000  0.60101914E+000  0.91352352E+000  0.10528236E+001  0.15624692E+001  0.34684754E+001  0.50327182E+001  0.86254682E+001  0.13804070E+002
  0.15761751E+000  0.20495217E+000  0.39913476E+000  0.60101922E+000  0.91352352E+000  0.10528236E+001  0.15624695E+001  0.34684757E+001  0.50327189E+001  0.86254678E+001  0.13804070E+002
  0.15761748E+000  0.20495216E+000  0.39913477E+000  0.60101929E+000  0.91352352E+000  0.10528236E+001  0.15624698E+001  0.34684761E+001  0.50327196E+001  0.86254675E+001  0.13804070E+002
  0.15761747E+000  0.20495216E+000  0.39913477E+000  0.60101936E+000  0.91352353E+000  0.10528236E+001  0.15624701E+001  0.34684765E+001  0.50327205E+001  0.86254672E+001  0.13804069E+002
  0.15761745E+000  0.20495215E+000  0.39913478E+000  0.60101944E+000  0.91352353E+000  0.10528236E+001  0.15624704E+001  0.34684769E+001  0.50327215E+001  0.86254669E+001  0.13804069E+002
  0.15761744E+000  0.20495215E+000  0.39913479E+000  0.60101950E+000  0.91352354E+000  0.10528236E+001  0.15624706E+001  0.34684773E+001  0.50327226E+001  0.86254667E+001  0.13804069E+002
  0.15761743E+000  0.20495215E+000  0.39913480E+000  0.60101957E+000  0.91352354E+000  0.10528236E+001  0.15624709E+001  0.34684777E+001  0.50327239E+001  0.86254664E+001  0.13804069E+002
  0.15761742E+000  0.20495215E+000  0.39913481E+000  0.60101964E+000  0.91352354E+000  0.10528236E+001  0.15624712E+001  0.34684781E+001  0.50327252E+001  0.86254662E+001  0.13804069E+002
  0.15761741E+000  0.20495216E+000  0.39913482E+000  0.60101971E+000  0.91352355E+000  0.10528236E+001  0.15624714E+001  0.34684786E+001  0.50327266E+001  0.86254660E+001  0.13804069E+002
  0.15761741E+000  0.20495216E+000  0.39913484E+000  0.60101977E+000  0.91352355E+000  0.10528236E+001  0.15624717E+001  0.34684790E+001  0.50327282E+001  0.86254659E+001  0.13804069E+002
  0.15761741E+000  0.20495217E+000  0.39913486E+000  0.60101984E+000  0.91352355E+000  0.10528236E+001  0.15624720E+001  0.34684795E+001  0.50327298E+001  0.86254658E+001  0.13804069E+002
  0.15761741E+000  0.20495217E+000  0.39913488E+000  0.60101990E+000  0.91352356E+000  0.10528236E+001  0.15624722E+001  0.34684800E+001  0.50327316E+001  0.86254657E+001  0.13804069E+002
  0.15761741E+000  0.20495218E+000  0.39913489E+000  0.60101996E+000  0.91352356E+000  0.10528236E+001  0.15624724E+001  0.34684804E+001  0.50327334E+001  0.86254656E+001  0.13804069E+002
  0.15761742E+000  0.20495218E+000  0.39913491E+000  0.60102002E+000  0.91352356E+000  0.10528236E+001  0.15624727E+001  0.34684809E+001  0.50327353E+001  0.86254656E+001  0.13804069E+002
  0.15761742E+000  0.20495219E+000  0.39913493E+000  0.60102008E+000  0.91352357E+000  0.10528236E+001  0.15624729E+001  0.34684814E+001  0.50327373E+001  0.86254655E+001  0.13804069E+002
  0.15761742E+000  0.20495220E+000  0.39913495E+000  0.60102014E+000  0.91352357E+000  0.10528236E+001  0.15624732E+001  0.34684819E+001  0.50327394E+001  0.86254656E+001  0.13804069E+002
  0.15761743E+000  0.20495220E+000  0.39913497E+000  0.60102019E+000  0.91352357E+000  0.10528236E+001  0.15624734E+001  0.34684824E+001  0.50327415E+001  0.86254656E+001  0.13804069E+002
  0.15761743E+000  0.20495221E+000  0.39913499E+000  0.60102025E+000  0.91352358E+000  0.10528236E+001  0.15624736E+001  0.34684829E+001  0.50327437E+001  0.86254657E+001  0.13804069E+002
  0.15761744E+000  0.20495222E+000  0.39913501E+000  0.60102030E+000  0.91352358E+000  0.10528236E+001  0.15624738E+001  0.34684834E+001  0.50327460E+001  0.86254657E+001  0.13804069E+002
  0.15761745E+000  0.20495222E+000  0.39913503E+000  0.60102035E+000  0.91352358E+000  0.10528236E+001  0.15624740E+001  0.34684839E+001  0.50327483E+001  0.86254659E+001  0.13804069E+002
  0.15761745E+000  0.20495223E+000  0.39913505E+000  0.60102040E+000  0.91352358E+000  0.10528236E+001  0.15624742E+001  0.34684844E+001  0.50327507E+001  0.86254660E+001  0.13804069E+002
  0.15761746E+000  0.20495224E+000  0.39913507E+000  0.60102045E+000  0.91352359E+000  0.10528236E+001  0.15624744E+001  0.34684849E+001  0.50327532E+001  0.86254662E+001  0.13804069E+002
  0.15761747E+000  0.20495225E+000  0.39913509E+000  0.60102050E+000  0.91352359E+000  0.10528236E+001  0.15624746E+001  0.34684854E+001  0.50327556E+001  0.86254663E+001  0.13804069E+002
  0.15761748E+000  0.20495225E+000  0.39913511E+000  0.60102055E+000  0.91352359E+000  0.10528236E+001  0.15624748E+001  0.34684858E+001  0.50327582E+001  0.86254666E+001  0.13804069E+002
  0.15761748E+000  0.20495226E+000  0.39913513E+000  0.60102060E+000  0.91352359E+000  0.10528236E+001  0.15624750E+001  0.34684863E+001  0.50327607E+001  0.86254668E+001  0.13804069E+002
  0.15761749E+000  0.20495227E+000  0.39913515E+000  0.60102064E+000  0.91352360E+000  0.10528236E+001  0.15624752E+001  0.34684868E+001  0.50327633E+001  0.86254670E+001  0.13804069E+002
  0.15761750E+000  0.20495227E+000  0.39913516E+000  0.60102068E+000  0.91352360E+000  0.10528236E+001  0.15624754E+001  0.34684873E+001  0.50327659E+001  0.86254673E+001  0.13804069E+002
  0.15761751E+000  0.20495228E+000  0.39913518E+000  0.60102072E+000  0.91352360E+000  0.10528236E+001  0.15624756E+001  0.34684878E+001  0.50327685E+001  0.86254676E+001  0.13804069E+002
  0.15761751E+000  0.20495229E+000  0.39913520E+000  0.60102076E+000  0.91352360E+000  0.10528236E+001  0.15624757E+001  0.34684882E+001  0.50327712E+001  0.86254679E+001  0.13804069E+002
  0.15761752E+000  0.20495229E+000  0.39913521E+000  0.60102080E+000  0.91352361E+000  0.10528236E+001  0.15624759E+001  0.34684887E+001  0.50327738E+001  0.86254682E+001  0.13804069E+002
  0.15761753E+000  0.20495230E+000  0.39913523E+000  0.60102084E+000  0.91352361E+000  0.10528236E+001  0.15624760E+001  0.34684891E+001  0.50327765E+001  0.86254685E+001  0.13804069E+002
  0.15761754E+000  0.20495230E+000  0.39913524E+000  0.60102088E+000  0.91352361E+000  0.10528236E+001  0.15624762E+001  0.34684896E+001  0.50327791E+001  0.86254689E+001  0.13804069E+002
  0.15761754E+000  0.20495231E+000  0.39913526E+000  0.60102091E+000  0.91352361E+000  0.10528236E+001  0.15624763E+001  0.34684900E+001  0.50327818E+001  0.86254693E+001  0.13804069E+002
  0.15761755E+000  0.20495231E+000  0.39913527E+000  0.60102094E+000  0.91352361E+000  0.10528236E+001  0.15624765E+001  0.34684905E+001  0.50327844E+001  0.86254696E+001  0.13804069E+002
  0.15761756E+000  0.20495232E+000  0.39913528E+000  0.60102097E+000  0.91352361E+000  0.10528236E+001  0.15624766E+001  0.34684909E+001  0.50327871E+001  0.86254700E+001  0.13804069E+002
  0.15761756E+000  0.20495232E+000  0.39913529E+000  0.60102100E+000  0.91352362E+000  0.10528236E+001  0.15624768E+001  0.34684913E+001  0.50327897E+001  0.86254704E+001  0.13804069E+002
  0.15761757E+000  0.20495233E+000  0.39913531E+000  0.60102103E+000  0.91352362E+000  0.10528236E+001  0.15624769E+001  0.34684917E+001  0.50327923E+001  0.86254708E+001  0.13804069E+002
  0.15761758E+000  0.20495233E+000  0.39913532E+000  0.60102106E+000  0.91352362E+000  0.10528236E+001  0.15624770E+001  0.34684921E+001  0.50327949E+001  0.86254712E+001  0.13804069E+002
  0.15761758E+000  0.20495234E+000  0.39913533E+000  0.60102109E+000  0.91352362E+000  0.10528236E+001  0.15624772E+001  0.34684925E+001  0.50327975E+001  0.86254717E+001  0.13804069E+002
  0.15761759E+000  0.20495234E+000  0.39913534E+000  0.60102111E+000  0.91352362E+000  0.10528236E+001  0.15624773E+001  0.34684929E+001  0.50328000E+001  0.86254721E+001  0.13804069E+002
  0.15761759E+000  0.20495234E+000  0.39913535E+000  0.60102114E+000  0.91352362E+000  0.10528236E+001  0.15624774E+001  0.34684933E+001  0.50328026E+001  0.86254725E+001  0.13804069E+002
  0.15761760E+000  0.20495235E+000  0.39913536E+000  0.60102116E+000  0.91352362E+000  0.10528236E+001  0.15624775E+001  0.34684937E+001  0.50328051E+001  0.86254730E+001  0.13804069E+002
  0.15761760E+000  0.20495235E+000  0.39913537E+000  0.60102118E+000  0.91352363E+000  0.10528236E+001  0.15624776E+001  0.34684940E+001  0.50328075E+001  0.86254734E+001  0.13804069E+002
  0.15761761E+000  0.20495235E+000  0.39913538E+000  0.60102120E+000  0.91352363E+000  0.10528236E+001  0.15624777E+001  0.34684944E+001  0.50328100E+001  0.86254738E+001  0.13804069E+002
  0.15761761E+000  0.20495236E+000  0.39913538E+000  0.60102122E+000  0.91352363E+000  0.10528236E+001  0.15624778E+001  0.34684947E+001  0.50328124E+001  0.86254743E+001  0.13804069E+002
  0.15761762E+000  0.20495236E+000  0.39913539E+000  0.60102124E+000  0.91352363E+000  0.10528236E+001  0.15624779E+001  0.34684951E+001  0.50328147E+001  0.86254747E+001  0.13804069E+002
  0.15761762E+000  0.20495236E+000  0.39913540E+000  0.60102125E+000  0.91352363E+000  0.10528236E+001  0.15624780E+001  0.34684954E+001  0.50328170E+001  0.86254752E+001  0.13804069E+002
  0.15761762E+000  0.20495237E+000  0.39913541E+000  0.60102127E+000  0.91352363E+000  0.10528236E+001  0.15624780E+001  0.34684957E+001  0.50328193E+001  0.86254756E+001  0.13804069E+002
  0.15761763E+000  0.20495237E+000  0.39913541E+000  0.60102129E+000  0.91352363E+000  0.10528236E+001  0.15624781E+001  0.34684960E+001  0.50328216E+001  0.86254761E+001  0.13804069E+002
  0.15761763E+000  0.20495237E+000  0.39913542E+000  0.60102130E+000  0.91352363E+000  0.10528236E+001  0.15624782E+001  0.34684963E+001  0.50328237E+001  0.86254765E+001  0.13804069E+002
  0.15761763E+000  0.20495237E+000  0.39913542E+000  0.60102131E+000  0.91352363E+000  0.10528236E+001  0.15624783E+001  0.34684966E+001  0.50328259E+001  0.86254770E+001  0.13804069E+002
  0.15761764E+000  0.20495238E+000  0.39913543E+000  0.60102133E+000  0.91352363E+000  0.10528236E+001  0.15624783E+001  0.34684969E+001  0.50328280E+001  0.86254774E+001  0.13804069E+002
  0.15761764E+000  0.20495238E+000  0.39913543E+000  0.60102134E+000  0.91352364E+000  0.10528236E+001  0.15624784E+001  0.34684972E+001  0.50328301E+001  0.86254778E+001  0.13804069E+002
  0.15761764E+000  0.20495238E+000  0.39913544E+000  0.60102135E+000  0.91352364E+000  0.10528236E+001  0.15624785E+001  0.34684975E+001  0.50328321E+001  0.86254783E+001  0.13804069E+002
  0.15761765E+000  0.20495238E+000  0.39913544E+000  0.60102136E+000  0.91352364E+000  0.10528236E+001  0.15624785E+001  0.34684977E+001  0.50328340E+001  0.86254787E+001  0.13804069E+002
  0.15761765E+000  0.20495238E+000  0.39913545E+000  0.60102137E+000  0.91352364E+000  0.10528236E+001  0.15624786E+001  0.34684980E+001  0.50328360E+001  0.86254791E+001  0.13804069E+002
  0.15761765E+000  0.20495239E+000  0.39913545E+000  0.60102138E+000  0.91352364E+000  0.10528236E+001  0.15624786E+001  0.34684982E+001  0.50328378E+001  0.86254795E+001  0.13804069E+002
  0.15761765E+000  0.20495239E+000  0.39913545E+000  0.60102139E+000  0.91352364E+000  0.10528236E+001  0.15624787E+001  0.34684985E+001  0.50328397E+001  0.86254799E+001  0.13804069E+002
  0.15761766E+000  0.20495239E+000  0.39913546E+000  0.60102139E+000  0.91352364E+000  0.10528236E+001  0.15624787E+001  0.34684987E+001  0.50328414E+001  0.86254803E+001  0.13804069E+002
  0.15761766E+000  0.20495239E+000  0.39913546E+000  0.60102140E+000  0.91352364E+000  0.10528236E+001  0.15624788E+001  0.34684989E+001  0.50328432E+001  0.86254807E+001  0.13804069E+002
  0.15761766E+000  0.20495239E+000  0.39913546E+000  0.60102141E+000  0.91352364E+000  0.10528236E+001  0.15624788E+001  0.34684991E+001  0.50328448E+001  0.86254811E+001  0.13804069E+002
  0.15761766E+000  0.20495239E+000  0.39913547E+000  0.60102141E+000  0.91352364E+000  0.10528236E+001  0.15624789E+001  0.34684993E+001  0.50328465E+001  0.86254815E+001  0.13804069E+002
  0.15761766E+000  0.20495239E+000  0.39913547E+000  0.60102142E+000  0.91352364E+000  0.10528236E+001  0.15624789E+001  0.34684995E+001  0.50328481E+001  0.86254819E+001  0.13804069E+002
  0.15761767E+000  0.20495239E+000  0.39913547E+000  0.60102142E+000  0.91352364E+000  0.10528236E+001  0.15624789E+001  0.34684997E+001  0.50328496E+001  0.86254822E+001  0.13804069E+002
  0.15761767E+000  0.20495239E+000  0.39913547E+000  0.60102143E+000  0.91352364E+000  0.10528236E+001  0.15624790E+001  0.34684999E+001  0.50328511E+001  0.86254826E+001  0.13804069E+002
  0.15761767E+000  0.20495240E+000  0.39913548E+000  0.60102143E+000  0.91352364E+000  0.10528236E+001  0.15624790E+001  0.34685001E+001  0.50328525E+001  0.86254829E+001  0.13804069E+002
  0.15761767E+000  0.20495240E+000  0.39913548E+000  0.60102144E+000  0.91352364E+000  0.10528236E+001  0.15624790E+001  0.34685003E+001  0.50328539E+001  0.86254833E+001  0.13804069E+002
  0.15761767E+000  0.20495240E+000  0.39913548E+000  0.60102144E+000  0.91352364E+000  0.10528236E+001  0.15624791E+001  0.34685004E+001  0.50328553E+001  0.86254836E+001  0.13804070E+002
  0.15761767E+000  0.20495240E+000  0.39913548E+000  0.60102145E+000  0.91352364E+000  0.10528236E+001  0.15624791E+001  0.34685006E+001  0.50328566E+001  0.86254840E+001  0.13804070E+002
  0.15761767E+000  0.20495240E+000  0.39913548E+000  0.60102145E+000  0.91352364E+000  0.10528236E+001  0.15624791E+001  0.34685007E+001  0.50328578E+001  0.86254843E+001  0.13804070E+002
  0.15761767E+000  0.20495240E+000  0.39913548E+000  0.60102145E+000  0.91352364E+000  0.10528236E+001  0.15624791E+001  0.34685009E+001  0.50328590E+001  0.86254846E+001  0.13804070E+002
  0.15761767E+000  0.20495240E+000  0.39913548E+000  0.60102145E+000  0.91352364E+000  0.10528236E+001  0.15624791E+001  0.34685010E+001  0.50328602E+001  0.86254849E+001  0.13804070E+002
  0.15761767E+000  0.20495240E+000  0.39913548E+000  0.60102146E+000  0.91352364E+000  0.10528236E+001  0.15624792E+001  0.34685011E+001  0.50328613E+001  0.86254852E+001  0.13804070E+002
  0.15761767E+000  0.20495240E+000  0.39913548E+000  0.60102146E+000  0.91352364E+000  0.10528236E+001  0.15624792E+001  0.34685012E+001  0.50328624E+001  0.86254855E+001  0.13804070E+002
  0.15761767E+000  0.20495240E+000  0.39913548E+000  0.60102146E+000  0.91352364E+000  0.10528236E+001  0.15624792E+001  0.34685013E+001  0.50328635E+001  0.86254857E+001  0.13804070E+002
  0.15761766E+000  0.20495240E+000  0.39913549E+000  0.60102147E+000  0.91352364E+000  0.10528236E+001  0.15624793E+001  0.34685014E+001  0.50328644E+001  0.86254860E+001  0.13804070E+002
