  0.30994764E+000  0.34504716E+000  0.45557043E+000  0.59491735E+000  0.79448991E+000  0.88792306E+000  0.11859817E+001  0.18683267E+001  0.26178732E+001  0.43857366E+001  0.81320263E+001
  0.30961872E+000  0.34468492E+000  0.45505897E+000  0.59490902E+000  0.79324302E+000  0.88710667E+000  0.11853339E+001  0.18664733E+001  0.26170166E+001  0.43773277E+001  0.81275679E+001
  0.30934192E+000  0.34437848E+000  0.45467984E+000  0.59491735E+000  0.79267622E+000  0.88637565E+000  0.11850649E+001  0.18649105E+001  0.26164779E+001  0.43765623E+001  0.81221685E+001
  0.30910408E+000  0.34411922E+000  0.45428489E+000  0.59491735E+000  0.79209239E+000  0.88580937E+000  0.11849448E+001  0.18634612E+001  0.26158834E+001  0.43756786E+001  0.81211640E+001
  0.30890183E+000  0.34389987E+000  0.45402995E+000  0.59491735E+000  0.79159234E+000  0.88552945E+000  0.11850368E+001  0.18623366E+001  0.26153420E+001  0.43751380E+001  0.81199738E+001
  0.30872997E+000  0.34367957E+000  0.45377321E+000  0.59491735E+000  0.79120123E+000  0.88536512E+000  0.11850997E+001  0.18614188E+001  0.26147293E+001  0.43745460E+001  0.81191697E+001
  0.30858395E+000  0.34353476E+000  0.45353625E+000  0.59491735E+000  0.79086719E+000  0.88522681E+000  0.11850817E+001  0.18606330E+001  0.26145845E+001  0.43739716E+001  0.81184418E+001
  0.30845992E+000  0.34339933E+000  0.45338416E+000  0.59491735E+000  0.79056175E+000  0.88513592E+000  0.11845755E+001  0.18600295E+001  0.26144149E+001  0.43734974E+001  0.81176264E+001
  0.30835456E+000  0.34319734E+000  0.45326412E+000  0.59491735E+000  0.79035410E+000  0.88502515E+000  0.11845966E+001  0.18594417E+001  0.26140505E+001  0.43731085E+001  0.81213716E+001
  0.30825659E+000  0.34311193E+000  0.45312654E+000  0.59491735E+000  0.79017873E+000  0.88494389E+000  0.11846088E+001  0.18589721E+001  0.26139543E+001  0.43729019E+001  0.81216994E+001
  0.30818898E+000  0.34303974E+000  0.45298088E+000  0.59491735E+000  0.79002642E+000  0.88487446E+000  0.11846351E+001  0.18585542E+001  0.26135343E+001  0.43725858E+001  0.81205498E+001
  0.30811846E+000  0.34297873E+000  0.45291548E+000  0.59491735E+000  0.78989840E+000  0.88481841E+000  0.11846662E+001  0.18581859E+001  0.26134944E+001  0.43723973E+001  0.81196398E+001
  0.30806951E+000  0.34292719E+000  0.45285568E+000  0.59491735E+000  0.78979277E+000  0.88475785E+000  0.11846732E+001  0.18578712E+001  0.26134140E+001  0.43722372E+001  0.81189123E+001
  0.30802293E+000  0.34288366E+000  0.45275474E+000  0.59491735E+000  0.78970404E+000  0.88471257E+000  0.11846457E+001  0.18576463E+001  0.26133747E+001  0.43721952E+001  0.81183259E+001
  0.30798340E+000  0.34284694E+000  0.45270762E+000  0.59491735E+000  0.78962970E+000  0.88468624E+000  0.11845830E+001  0.18574155E+001  0.26131982E+001  0.43720376E+001  0.81178501E+001
  0.30794987E+000  0.34281601E+000  0.45266790E+000  0.59491735E+000  0.78956756E+000  0.88463849E+000  0.11847198E+001  0.18572562E+001  0.26130510E+001  0.43719115E+001  0.81174620E+001
  0.30792147E+000  0.34279001E+000  0.45263450E+000  0.59491735E+000  0.78951578E+000  0.88461937E+000  0.11846615E+001  0.18571229E+001  0.26131611E+001  0.43718456E+001  0.81171445E+001
  0.30789744E+000  0.34276821E+000  0.45260646E+000  0.59491735E+000  0.78947278E+000  0.88458593E+000  0.11846033E+001  0.18569832E+001  0.26130271E+001  0.43717559E+001  0.81168842E+001
  0.30787714E+000  0.34274999E+000  0.45258301E+000  0.59491735E+000  0.78946064E+000  0.88458481E+000  0.11845490E+001  0.18568864E+001  0.26129161E+001  0.43716841E+001  0.81166706E+001
  0.30786002E+000  0.34273483E+000  0.45256347E+000  0.59491735E+000  0.78978490E+000  0.88456184E+000  0.11844839E+001  0.18568005E+001  0.26128245E+001  0.43716266E+001  0.81165515E+001
  0.30784562E+000  0.34272229E+000  0.45254727E+000  0.59491735E+000  0.78976670E+000  0.88455787E+000  0.11844374E+001  0.18567322E+001  0.26127895E+001  0.43715805E+001  0.81165069E+001
  0.30783355E+000  0.34261148E+000  0.45251146E+000  0.59491735E+000  0.78975123E+000  0.88454533E+000  0.11843761E+001  0.18566753E+001  0.26127680E+001  0.43715633E+001  0.81164693E+001
  0.30781705E+000  0.34260351E+000  0.45250248E+000  0.59491735E+000  0.78966341E+000  0.88453522E+000  0.11843514E+001  0.18566274E+001  0.26127501E+001  0.43715293E+001  0.81164378E+001
  0.30780884E+000  0.34259717E+000  0.45249530E+000  0.59491735E+000  0.78965362E+000  0.88452717E+000  0.11843311E+001  0.18565569E+001  0.26127354E+001  0.43715017E+001  0.81164117E+001
  0.30780809E+000  0.34259222E+000  0.45248967E+000  0.59491735E+000  0.78964646E+000  0.88452085E+000  0.11843197E+001  0.18565401E+001  0.26127233E+001  0.43714796E+001  0.81163903E+001
  0.30780235E+000  0.34258843E+000  0.45248535E+000  0.59482499E+000  0.78964151E+000  0.88451600E+000  0.11843771E+001  0.18565265E+001  0.26127136E+001  0.43714618E+001  0.81163728E+001
  0.30779766E+000  0.34258564E+000  0.45248214E+000  0.59482517E+000  0.78963839E+000  0.88451238E+000  0.11847686E+001  0.18565158E+001  0.26127058E+001  0.43714477E+001  0.81163588E+001
  0.30779385E+000  0.34258369E+000  0.45247987E+000  0.59491735E+000  0.78963678E+000  0.88450979E+000  0.11847659E+001  0.18565076E+001  0.26126996E+001  0.43714366E+001  0.81163478E+001
  0.30779079E+000  0.34258243E+000  0.45247839E+000  0.59491735E+000  0.78963641E+000  0.88450805E+000  0.11847666E+001  0.18565016E+001  0.26126949E+001  0.43715096E+001  0.81163392E+001
  0.30778835E+000  0.34258176E+000  0.45247756E+000  0.59491735E+000  0.78963705E+000  0.88450702E+000  0.11847686E+001  0.18564409E+001  0.26126913E+001  0.43718811E+001  0.81163328E+001
  0.30778644E+000  0.34258157E+000  0.45247729E+000  0.59491735E+000  0.78963850E+000  0.88450658E+000  0.11847713E+001  0.18564396E+001  0.26126887E+001  0.43719440E+001  0.81163280E+001
  0.30778497E+000  0.34258179E+000  0.45247748E+000  0.59491735E+000  0.78964059E+000  0.88448241E+000  0.11847743E+001  0.18564945E+001  0.26126869E+001  0.43719956E+001  0.81163248E+001
  0.30778386E+000  0.34258233E+000  0.45247803E+000  0.59491735E+000  0.78964317E+000  0.88448307E+000  0.11847773E+001  0.18564950E+001  0.26126858E+001  0.43720374E+001  0.81163227E+001
  0.30778305E+000  0.34258313E+000  0.45247890E+000  0.59491735E+000  0.78964612E+000  0.88448409E+000  0.11847801E+001  0.18564967E+001  0.26126853E+001  0.43720707E+001  0.81163215E+001
  0.30778249E+000  0.34258414E+000  0.45248000E+000  0.59491735E+000  0.78964935E+000  0.88448539E+000  0.11847826E+001  0.18564994E+001  0.26126851E+001  0.43720970E+001  0.81163212E+001
  0.30778212E+000  0.34258531E+000  0.45248130E+000  0.59491735E+000  0.78965278E+000  0.88448690E+000  0.11847845E+001  0.18565030E+001  0.26126854E+001  0.43721174E+001  0.81163214E+001
  0.30778190E+000  0.34258661E+000  0.45248276E+000  0.59491735E+000  0.78965632E+000  0.88448857E+000  0.11847859E+001  0.18565073E+001  0.26126859E+001  0.43721329E+001  0.81163222E+001
  0.30778182E+000  0.34258801E+000  0.45248433E+000  0.59491735E+000  0.78965994E+000  0.88449036E+000  0.11847867E+001  0.18565124E+001  0.26126866E+001  0.43721446E+001  0.81163233E+001
  0.30778183E+000  0.34258947E+000  0.45248599E+000  0.59491735E+000  0.78966357E+000  0.88449222E+000  0.11848256E+001  0.18565181E+001  0.26126876E+001  0.43721531E+001  0.81163247E+001
  0.30778191E+000  0.34259099E+000  0.45248771E+000  0.59491735E+000  0.78966720E+000  0.88449412E+000  0.11850584E+001  0.18565243E+001  0.26126886E+001  0.43721592E+001  0.81163263E+001
  0.30778206E+000  0.34259253E+000  0.45248948E+000  0.59491735E+000  0.78967078E+000  0.88449605E+000  0.11850654E+001  0.18565310E+001  0.26126898E+001  0.43721633E+001  0.81163281E+001
  0.30778224E+000  0.34259409E+000  0.45249127E+000  0.59491735E+000  0.78967431E+000  0.88449797E+000  0.11850724E+001  0.18565382E+001  0.26126910E+001  0.43721659E+001  0.81163299E+001
  0.30778246E+000  0.34259565E+000  0.45249307E+000  0.59491735E+000  0.79015927E+000  0.88449988E+000  0.11850793E+001  0.18565457E+001  0.26126922E+001  0.43721674E+001  0.81163318E+001
  0.30778269E+000  0.34259722E+000  0.45249487E+000  0.59491735E+000  0.79018721E+000  0.88450176E+000  0.11850861E+001  0.18565537E+001  0.26126935E+001  0.43721681E+001  0.81163338E+001
  0.30778294E+000  0.34259877E+000  0.45249667E+000  0.59491735E+000  0.79040898E+000  0.88450361E+000  0.11850929E+001  0.18565619E+001  0.26126948E+001  0.43721681E+001  0.81163357E+001
  0.30778320E+000  0.34260031E+000  0.45249846E+000  0.59491735E+000  0.79041353E+000  0.88450542E+000  0.11850995E+001  0.18565705E+001  0.26126962E+001  0.43721676E+001  0.81163377E+001
  0.30778346E+000  0.34260182E+000  0.45250023E+000  0.59491735E+000  0.79041775E+000  0.88450718E+000  0.11851060E+001  0.18565793E+001  0.26126975E+001  0.43721667E+001  0.81163396E+001
  0.30778372E+000  0.34260331E+000  0.45250198E+000  0.59491735E+000  0.79042165E+000  0.88450889E+000  0.11851123E+001  0.18565884E+001  0.26126988E+001  0.43721656E+001  0.81163415E+001
  0.30778398E+000  0.34260478E+000  0.45250370E+000  0.59491735E+000  0.79042525E+000  0.88449246E+000  0.11851185E+001  0.18565977E+001  0.26127001E+001  0.43721643E+001  0.81163433E+001
  0.30778423E+000  0.34260622E+000  0.45250539E+000  0.59491735E+000  0.79042857E+000  0.88449426E+000  0.11851245E+001  0.18566073E+001  0.26127014E+001  0.43721628E+001  0.81163451E+001
  0.30778448E+000  0.34260762E+000  0.45250704E+000  0.59491735E+000  0.79043488E+000  0.88449601E+000  0.11851303E+001  0.18566170E+001  0.26127026E+001  0.43721612E+001  0.81163469E+001
  0.30778473E+000  0.34260900E+000  0.45250867E+000  0.59491735E+000  0.79046306E+000  0.88449769E+000  0.11851360E+001  0.18566269E+001  0.26127039E+001  0.43721595E+001  0.81163486E+001
  0.30778497E+000  0.34261034E+000  0.45251026E+000  0.59491735E+000  0.79046577E+000  0.88449931E+000  0.11851414E+001  0.18566370E+001  0.26127051E+001  0.43721577E+001  0.81163503E+001
  0.30778520E+000  0.34261165E+000  0.45251181E+000  0.59491735E+000  0.79046840E+000  0.88450088E+000  0.11851467E+001  0.18566477E+001  0.26127063E+001  0.43721558E+001  0.81163519E+001
  0.30778542E+000  0.34261292E+000  0.45251332E+000  0.59482771E+000  0.79047094E+000  0.88450238E+000  0.11851518E+001  0.18566584E+001  0.26127075E+001  0.43721538E+001  0.81163535E+001
  0.30778564E+000  0.34261416E+000  0.45251480E+000  0.59482774E+000  0.79047338E+000  0.88450383E+000  0.11851568E+001  0.18566691E+001  0.26127086E+001  0.43721518E+001  0.81163550E+001
  0.30778585E+000  0.34261535E+000  0.45251623E+000  0.59482776E+000  0.79047573E+000  0.88450521E+000  0.11851615E+001  0.18566797E+001  0.26127097E+001  0.43721497E+001  0.81163565E+001
  0.30778606E+000  0.34261651E+000  0.45251763E+000  0.59482779E+000  0.79047798E+000  0.88450654E+000  0.11851661E+001  0.18566901E+001  0.26127108E+001  0.43721475E+001  0.81163579E+001
  0.30778625E+000  0.34261764E+000  0.45251898E+000  0.59482781E+000  0.79048013E+000  0.88450782E+000  0.11851704E+001  0.18567003E+001  0.26127118E+001  0.43721453E+001  0.81163593E+001
  0.30778644E+000  0.34261872E+000  0.45244051E+000  0.59491735E+000  0.79048218E+000  0.88450904E+000  0.11851746E+001  0.18567139E+001  0.26127128E+001  0.43721430E+001  0.81163606E+001
  0.30778662E+000  0.34261976E+000  0.45244160E+000  0.59491735E+000  0.79048412E+000  0.88451022E+000  0.11851787E+001  0.18567343E+001  0.26127137E+001  0.43721406E+001  0.81163618E+001
  0.30778680E+000  0.34262077E+000  0.45244266E+000  0.59491735E+000  0.79048635E+000  0.88451134E+000  0.11851825E+001  0.18570566E+001  0.26127147E+001  0.43721382E+001  0.81163630E+001
  0.30778696E+000  0.34262174E+000  0.45244366E+000  0.59491735E+000  0.79048850E+000  0.88451242E+000  0.11851862E+001  0.18572004E+001  0.26127155E+001  0.43721358E+001  0.81163641E+001
  0.30778712E+000  0.34262267E+000  0.45244463E+000  0.59491735E+000  0.79049051E+000  0.88451346E+000  0.11851898E+001  0.18573009E+001  0.26127164E+001  0.43721333E+001  0.81163652E+001
  0.30778727E+000  0.34262357E+000  0.45244556E+000  0.59491735E+000  0.79049240E+000  0.88451445E+000  0.11851932E+001  0.18573081E+001  0.26127171E+001  0.43721308E+001  0.81163663E+001
  0.30778742E+000  0.34262443E+000  0.45244646E+000  0.59491735E+000  0.79049416E+000  0.88451540E+000  0.11851965E+001  0.18573145E+001  0.26127179E+001  0.43721282E+001  0.81163672E+001
  0.30778755E+000  0.34262526E+000  0.45244731E+000  0.59491735E+000  0.79049580E+000  0.88451632E+000  0.11851996E+001  0.18573201E+001  0.26127186E+001  0.43721256E+001  0.81163682E+001
  0.30778768E+000  0.34262606E+000  0.45244814E+000  0.59491735E+000  0.79049733E+000  0.88450206E+000  0.11852026E+001  0.18573250E+001  0.26127192E+001  0.43721229E+001  0.81163691E+001
  0.30778781E+000  0.34262683E+000  0.45253000E+000  0.59491735E+000  0.79049874E+000  0.88450298E+000  0.11852055E+001  0.18573291E+001  0.26127199E+001  0.43721202E+001  0.81163699E+001
  0.30778793E+000  0.34262758E+000  0.45253076E+000  0.59491735E+000  0.79050006E+000  0.88450386E+000  0.11852083E+001  0.18573327E+001  0.26127204E+001  0.43721175E+001  0.81163707E+001
  0.30778804E+000  0.34262830E+000  0.45253150E+000  0.59491735E+000  0.79050127E+000  0.88450471E+000  0.11852110E+001  0.18573357E+001  0.26127210E+001  0.43721148E+001  0.81163715E+001
  0.30778815E+000  0.34262900E+000  0.45253221E+000  0.59491735E+000  0.79050239E+000  0.88450553E+000  0.11852136E+001  0.18573382E+001  0.26127215E+001  0.43721119E+001  0.81163722E+001
  0.30778825E+000  0.34262967E+000  0.45253291E+000  0.59491735E+000  0.79050343E+000  0.88450634E+000  0.11852161E+001  0.18573402E+001  0.26127220E+001  0.43721091E+001  0.81163729E+001
  0.30778835E+000  0.34263033E+000  0.45253360E+000  0.59491735E+000  0.79050438E+000  0.88450712E+000  0.11852186E+001  0.18573418E+001  0.26127224E+001  0.43721061E+001  0.81163736E+001
  0.30778844E+000  0.34263097E+000  0.45253427E+000  0.59491735E+000  0.79050526E+000  0.88450788E+000  0.11852210E+001  0.18573327E+001  0.26127228E+001  0.43721031E+001  0.81163743E+001
  0.30778853E+000  0.34263159E+000  0.45253493E+000  0.59491735E+000  0.79050606E+000  0.88450862E+000  0.11852234E+001  0.18573367E+001  0.26127232E+001  0.43721001E+001  0.81163749E+001
  0.30778862E+000  0.34263220E+000  0.45253557E+000  0.59491735E+000  0.79050680E+000  0.88450934E+000  0.11852257E+001  0.18573404E+001  0.26127236E+001  0.43720969E+001  0.81163755E+001
  0.30778871E+000  0.34263280E+000  0.45253621E+000  0.59491735E+000  0.79050748E+000  0.88451005E+000  0.11852280E+001  0.18573438E+001  0.26127240E+001  0.43720937E+001  0.81163762E+001
  0.30778879E+000  0.34263338E+000  0.45253683E+000  0.59491735E+000  0.79050810E+000  0.88451075E+000  0.11852302E+001  0.18573592E+001  0.26127243E+001  0.43720903E+001  0.81163767E+001
  0.30778887E+000  0.34263395E+000  0.45253745E+000  0.59491735E+000  0.79050866E+000  0.88451143E+000  0.11852324E+001  0.18573674E+001  0.26127246E+001  0.43720869E+001  0.81163773E+001
  0.30778895E+000  0.34263450E+000  0.45253805E+000  0.59491735E+000  0.79050918E+000  0.88451209E+000  0.11852346E+001  0.18573750E+001  0.26127249E+001  0.43720834E+001  0.81163779E+001
  0.30778903E+000  0.34263505E+000  0.45253864E+000  0.59491735E+000  0.79051038E+000  0.88451274E+000  0.11852369E+001  0.18573819E+001  0.26127252E+001  0.43720798E+001  0.81163784E+001
  0.30778911E+000  0.34263557E+000  0.45253922E+000  0.59491735E+000  0.79051160E+000  0.88451337E+000  0.11852389E+001  0.18573883E+001  0.26127260E+001  0.43720762E+001  0.81163790E+001
  0.30778919E+000  0.34263608E+000  0.45253979E+000  0.59491735E+000  0.79051275E+000  0.88451399E+000  0.11852410E+001  0.18573940E+001  0.26127283E+001  0.43720724E+001  0.81163795E+001
  0.30778926E+000  0.34263658E+000  0.45254034E+000  0.59491735E+000  0.79051385E+000  0.88451459E+000  0.11852430E+001  0.18573991E+001  0.26127305E+001  0.43720686E+001  0.81163800E+001
  0.30778933E+000  0.34263706E+000  0.45254088E+000  0.59491735E+000  0.79051489E+000  0.88451517E+000  0.11852449E+001  0.18574036E+001  0.26127326E+001  0.43720648E+001  0.81163805E+001
  0.30778941E+000  0.34263752E+000  0.45254140E+000  0.59491735E+000  0.79051586E+000  0.88451573E+000  0.11852467E+001  0.18574076E+001  0.26127347E+001  0.43720609E+001  0.81163810E+001
  0.30778948E+000  0.34263796E+000  0.45254190E+000  0.59491735E+000  0.79051679E+000  0.88451626E+000  0.11852485E+001  0.18574110E+001  0.26127367E+001  0.43720569E+001  0.81163815E+001
  0.30778954E+000  0.34263839E+000  0.45254238E+000  0.59491735E+000  0.79051766E+000  0.88451678E+000  0.11852503E+001  0.18574140E+001  0.26127386E+001  0.43720529E+001  0.81163819E+001
  0.30778961E+000  0.34263879E+000  0.45254284E+000  0.59491735E+000  0.79051848E+000  0.88451728E+000  0.11852519E+001  0.18574165E+001  0.26127405E+001  0.43720489E+001  0.81163823E+001
  0.30778967E+000  0.34263918E+000  0.45254328E+000  0.59491735E+000  0.79051925E+000  0.88451775E+000  0.11852535E+001  0.18574187E+001  0.26127422E+001  0.43720449E+001  0.81163827E+001
  0.30778973E+000  0.34263955E+000  0.45254370E+000  0.59491735E+000  0.79051997E+000  0.88451820E+000  0.11852550E+001  0.18574205E+001  0.26127439E+001  0.43720409E+001  0.81163831E+001
  0.30778979E+000  0.34263989E+000  0.45254410E+000  0.59491735E+000  0.79052065E+000  0.88451862E+000  0.11852565E+001  0.18574219E+001  0.26127455E+001  0.43720369E+001  0.81163834E+001
  0.30778985E+000  0.34264022E+000  0.45254448E+000  0.59491735E+000  0.79052128E+000  0.88451903E+000  0.11852578E+001  0.18574231E+001  0.26127469E+001  0.43720328E+001  0.81163838E+001
  0.30778990E+000  0.34264053E+000  0.45254483E+000  0.59491735E+000  0.79052187E+000  0.88451941E+000  0.11852591E+001  0.18574240E+001  0.26127483E+001  0.43720289E+001  0.81163841E+001
  0.30778995E+000  0.34264082E+000  0.45254517E+000  0.59491735E+000  0.79052241E+000  0.88451976E+000  0.11852603E+001  0.18574247E+001  0.26127497E+001  0.43720249E+001  0.81163843E+001
  0.30779000E+000  0.34264109E+000  0.45254548E+000  0.59491735E+000  0.79052292E+000  0.88452010E+000  0.11852615E+001  0.18574252E+001  0.26127509E+001  0.43720210E+001  0.81163846E+001
  0.30779004E+000  0.34264134E+000  0.45254577E+000  0.59491735E+000  0.79052340E+000  0.88452041E+000  0.11852625E+001  0.18574256E+001  0.26127521E+001  0.43720171E+001  0.81163848E+001
  0.30779008E+000  0.34264158E+000  0.45254605E+000  0.59491735E+000  0.79052384E+000  0.88452070E+000  0.11852635E+001  0.18574259E+001  0.26127531E+001  0.43720132E+001  0.81163850E+001
  0.30779012E+000  0.34264179E+000  0.45254630E+000  0.59491735E+000  0.79052424E+000  0.88452098E+000  0.11852644E+001  0.18574261E+001  0.26127541E+001  0.43720094E+001  0.81163852E+001
  0.30779016E+000  0.34264200E+000  0.45254654E+000  0.59491735E+000  0.79052462E+000  0.88452123E+000  0.11852653E+001  0.18574262E+001  0.26127551E+001  0.43720056E+001  0.81163853E+001
  0.30779019E+000  0.34264218E+000  0.45254675E+000  0.59491735E+000  0.79052497E+000  0.88452146E+000  0.11852661E+001  0.18574263E+001  0.26127559E+001  0.43720019E+001  0.81163855E+001
  0.30779023E+000  0.34264236E+000  0.45254696E+000  0.59491735E+000  0.79052529E+000  0.88452168E+000  0.11852668E+001  0.18574263E+001  0.26127567E+001  0.43719983E+001  0.81163856E+001
  0.30779025E+000  0.34264251E+000  0.45254714E+000  0.59491735E+000  0.79052558E+000  0.88452187E+000  0.11852675E+001  0.18574264E+001  0.26127575E+001  0.43719947E+001  0.81163857E+001
  0.30779028E+000  0.34264266E+000  0.45254731E+000  0.59491735E+000  0.79052586E+000  0.88450764E+000  0.11852681E+001  0.18574265E+001  0.26127581E+001  0.43719912E+001  0.81163857E+001
  0.30779031E+000  0.34264279E+000  0.45254747E+000  0.59491735E+000  0.79052611E+000  0.88450780E+000  0.11852687E+001  0.18574265E+001  0.26127587E+001  0.43719877E+001  0.81163858E+001
  0.30779033E+000  0.34264291E+000  0.45254761E+000  0.59491735E+000  0.79052634E+000  0.88450795E+000  0.11852692E+001  0.18574266E+001  0.26127593E+001  0.43719843E+001  0.81163858E+001
  0.30779035E+000  0.34264303E+000  0.45254774E+000  0.59491735E+000  0.79052655E+000  0.88450808E+000  0.11852696E+001  0.18574268E+001  0.26127598E+001  0.43719810E+001  0.81163858E+001
  0.30779037E+000  0.34264313E+000  0.45254786E+000  0.59491735E+000  0.79052675E+000  0.88450820E+000  0.11852701E+001  0.18574270E+001  0.26127603E+001  0.43719778E+001  0.81163858E+001
  0.30779039E+000  0.34264322E+000  0.45254797E+000  0.59491735E+000  0.79052692E+000  0.88450831E+000  0.11852705E+001  0.18574272E+001  0.26127607E+001  0.43719746E+001  0.81163858E+001
  0.30779040E+000  0.34264330E+000  0.45254807E+000  0.59491735E+000  0.79052709E+000  0.88450842E+000  0.11852708E+001  0.18574274E+001  0.26127611E+001  0.43719715E+001  0.81163858E+001
  0.30779042E+000  0.34264338E+000  0.45254816E+000  0.59491735E+000  0.79052724E+000  0.88450851E+000  0.11852712E+001  0.18574278E+001  0.26127615E+001  0.43719686E+001  0.81163857E+001
  0.30779043E+000  0.34264345E+000  0.45254824E+000  0.59491735E+000  0.79052737E+000  0.88450859E+000  0.11852714E+001  0.18574281E+001  0.26127618E+001  0.43719657E+001  0.81163857E+001
  0.30779044E+000  0.34264351E+000  0.45254831E+000  0.59491735E+000  0.79052750E+000  0.88450866E+000  0.11852717E+001  0.18574286E+001  0.26127621E+001  0.43719628E+001  0.81163856E+001
  0.30779045E+000  0.34264356E+000  0.45254837E+000  0.59491735E+000  0.79052761E+000  0.88450873E+000  0.11852719E+001  0.18574290E+001  0.26127623E+001  0.43719601E+001  0.81163855E+001
  0.30779046E+000  0.34264361E+000  0.45254843E+000  0.59491735E+000  0.79052772E+000  0.88450879E+000  0.11852721E+001  0.18574296E+001  0.26127625E+001  0.43719575E+001  0.81163854E+001
  0.30779047E+000  0.34264366E+000  0.45254848E+000  0.59491735E+000  0.79052781E+000  0.88450884E+000  0.11852723E+001  0.18574301E+001  0.26127628E+001  0.43719550E+001  0.81163853E+001
  0.30779048E+000  0.34264369E+000  0.45254853E+000  0.59491735E+000  0.79052790E+000  0.88450888E+000  0.11852725E+001  0.18574308E+001  0.26127629E+001  0.43719526E+001  0.81163852E+001
  0.30779048E+000  0.34264373E+000  0.45254857E+000  0.59491735E+000  0.79052798E+000  0.88450893E+000  0.11852726E+001  0.18574314E+001  0.26127631E+001  0.43715491E+001  0.81163851E+001
  0.30779049E+000  0.34264376E+000  0.45254860E+000  0.59491735E+000  0.79052805E+000  0.88450896E+000  0.11852728E+001  0.18574321E+001  0.26127632E+001  0.43715493E+001  0.81163849E+001
  0.30779049E+000  0.34264378E+000  0.45254863E+000  0.59491735E+000  0.79052811E+000  0.88450899E+000  0.11852729E+001  0.18574329E+001  0.26127634E+001  0.43715494E+001  0.81163848E+001
  0.30779050E+000  0.34264381E+000  0.45254866E+000  0.59491735E+000  0.79052817E+000  0.88450902E+000  0.11852730E+001  0.18574336E+001  0.26127635E+001  0.43715495E+001  0.81163846E+001
  0.30779050E+000  0.34264383E+000  0.45254868E+000  0.59491735E+000  0.79052823E+000  0.88450904E+000  0.11852731E+001  0.18574345E+001  0.26127636E+001  0.43715496E+001  0.81163845E+001
  0.30779051E+000  0.34264384E+000  0.45254870E+000  0.59491735E+000  0.79052828E+000  0.88450906E+000  0.11852731E+001  0.18574353E+001  0.26127637E+001  0.43715496E+001  0.81163843E+001
  0.30779051E+000  0.34264386E+000  0.45254871E+000  0.59491735E+000  0.79052832E+000  0.88450908E+000  0.11852732E+001  0.18574362E+001  0.26127637E+001  0.43715497E+001  0.81163842E+001
  0.30779051E+000  0.34264387E+000  0.45254872E+000  0.59491735E+000  0.79052836E+000  0.88450909E+000  0.11852732E+001  0.18574371E+001  0.26127638E+001  0.43715497E+001  0.81163840E+001
  0.30779051E+000  0.34264388E+000  0.45254874E+000  0.59491735E+000  0.79052840E+000  0.88450910E+000  0.11852733E+001  0.18574380E+001  0.26127638E+001  0.43715498E+001  0.81163839E+001
  0.30779052E+000  0.34264389E+000  0.45254874E+000  0.59491735E+000  0.79052844E+000  0.88450911E+000  0.11852733E+001  0.18574390E+001  0.26127639E+001  0.43715498E+001  0.81163837E+001
  0.30779052E+000  0.34264389E+000  0.45254875E+000  0.59491735E+000  0.79052847E+000  0.88450912E+000  0.11852734E+001  0.18574399E+001  0.26127639E+001  0.43715498E+001  0.81163835E+001
  0.30779052E+000  0.34264390E+000  0.45254875E+000  0.59491735E+000  0.79052850E+000  0.88450912E+000  0.11852734E+001  0.18574409E+001  0.26127640E+001  0.43715498E+001  0.81163834E+001
  0.30779052E+000  0.34264390E+000  0.45254876E+000  0.59491735E+000  0.79052853E+000  0.88450913E+000  0.11852734E+001  0.18574419E+001  0.26127640E+001  0.43715499E+001  0.81163832E+001
  0.30779052E+000  0.34264391E+000  0.45254876E+000  0.59491735E+000  0.79052855E+000  0.88450913E+000  0.11852734E+001  0.18574429E+001  0.26127640E+001  0.43715499E+001  0.81163830E+001
  0.30779052E+000  0.34264391E+000  0.45254876E+000  0.59491735E+000  0.79052857E+000  0.88450913E+000  0.11852734E+001  0.18574439E+001  0.26127640E+001  0.43715499E+001  0.81163829E+001
  0.30779052E+000  0.34264391E+000  0.45254876E+000  0.59491735E+000  0.79052860E+000  0.88450913E+000  0.11852734E+001  0.18574450E+001  0.26127640E+001  0.43715499E+001  0.81163827E+001
  0.30779052E+000  0.34264391E+000  0.45254876E+000  0.59491735E+000  0.79052862E+000  0.88450913E+000  0.11852734E+001  0.18574460E+001  0.26127641E+001  0.43715499E+001  0.81163826E+001
  0.30779052E+000  0.34264391E+000  0.45254876E+000  0.59491735E+000  0.79052863E+000  0.88450913E+000  0.11852734E+001  0.18574471E+001  0.26127641E+001  0.43715499E+001  0.81163824E+001
  0.30779052E+000  0.34264390E+000  0.45254875E+000  0.59491735E+000  0.79052865E+000  0.88450912E+000  0.11852734E+001  0.18574481E+001  0.26127641E+001  0.43715499E+001  0.81163823E+001
  0.30779052E+000  0.34264390E+000  0.45254875E+000  0.59491735E+000  0.79052867E+000  0.88450912E+000  0.11852734E+001  0.18574491E+001  0.26127641E+001  0.43715498E+001  0.81163821E+001
  0.30779052E+000  0.34264390E+000  0.45254874E+000  0.59491735E+000  0.79052868E+000  0.88450912E+000  0.11852734E+001  0.18574502E+001  0.26127641E+001  0.43715498E+001  0.81163820E+001
  0.30779052E+000  0.34264390E+000  0.45254874E+000  0.59491735E+000  0.79052870E+000  0.88450911E+000  0.11852733E+001  0.18574512E+001  0.26127641E+001  0.43715498E+001  0.81163819E+001
  0.30779052E+000  0.34264389E+000  0.45254874E+000  0.59491735E+000  0.79052871E+000  0.88450911E+000  0.11852733E+001  0.18574523E+001  0.26127641E+001  0.43715498E+001  0.81163818E+001
  0.30779052E+000  0.34264389E+000  0.45254873E+000  0.59491735E+000  0.79052873E+000  0.88450910E+000  0.11852733E+001  0.18574533E+001  0.26127641E+001  0.43715498E+001  0.81163816E+001
  0.30779052E+000  0.34264389E+000  0.45254872E+000  0.59491735E+000  0.79052874E+000  0.88450910E+000  0.11852733E+001  0.18574543E+001  0.26127641E+001  0.43715498E+001  0.81163815E+001
  0.30779052E+000  0.34264388E+000  0.45254872E+000  0.59491735E+000  0.79052875E+000  0.88450909E+000  0.11852733E+001  0.18574553E+001  0.26127641E+001  0.43715497E+001  0.81163814E+001
  0.30779052E+000  0.34264388E+000  0.45254871E+000  0.59491735E+000  0.79052876E+000  0.88450909E+000  0.11852733E+001  0.18574563E+001  0.26127641E+001  0.43715497E+001  0.81163813E+001
  0.30779052E+000  0.34264388E+000  0.45254871E+000  0.59491735E+000  0.79052878E+000  0.88450908E+000  0.11852733E+001  0.18574574E+001  0.26127641E+001  0.43715497E+001  0.81163812E+001
  0.30779052E+000  0.34264387E+000  0.45254870E+000  0.59491735E+000  0.79052879E+000  0.88450908E+000  0.11852732E+001  0.18574583E+001  0.26127641E+001  0.43715497E+001  0.81163812E+001
  0.30779052E+000  0.34264387E+000  0.45254870E+000  0.59491735E+000  0.79052880E+000  0.88450907E+000  0.11852732E+001  0.18574593E+001  0.26127641E+001  0.43715497E+001  0.81163811E+001
  0.30779052E+000  0.34264386E+000  0.45254869E+000  0.59491735E+000  0.79052881E+000  0.88450907E+000  0.11852732E+001  0.18574603E+001  0.26127641E+001  0.43715497E+001  0.81163810E+001
  0.30779052E+000  0.34264386E+000  0.45254869E+000  0.59491735E+000  0.79052882E+000  0.88450906E+000  0.11852732E+001  0.18574612E+001  0.26127641E+001  0.43715496E+001  0.81163810E+001
  0.30779051E+000  0.34264386E+000  0.45254868E+000  0.59491735E+000  0.79052883E+000  0.88450906E+000  0.11852732E+001  0.18574622E+001  0.26127641E+001  0.43715496E+001  0.81163809E+001
  0.30779051E+000  0.34264385E+000  0.45254868E+000  0.59491735E+000  0.79052883E+000  0.88450905E+000  0.11852731E+001  0.18574631E+001  0.26127641E+001  0.43715496E+001  0.81163809E+001
  0.30779051E+000  0.34264385E+000  0.45254867E+000  0.59491735E+000  0.79052884E+000  0.88450905E+000  0.11852731E+001  0.18574640E+001  0.26127641E+001  0.43715496E+001  0.81163809E+001
  0.30779051E+000  0.34264384E+000  0.45254866E+000  0.59491735E+000  0.79052885E+000  0.88450904E+000  0.11852731E+001  0.18574649E+001  0.26127641E+001  0.43719547E+001  0.81163809E+001
  0.30779051E+000  0.34264384E+000  0.45254866E+000  0.59491735E+000  0.79052886E+000  0.88450904E+000  0.11852731E+001  0.18574658E+001  0.26127641E+001  0.43719569E+001  0.81163809E+001
  0.30779051E+000  0.34264384E+000  0.45254865E+000  0.59491735E+000  0.79052887E+000  0.88450903E+000  0.11852731E+001  0.18574667E+001  0.26127641E+001  0.43719592E+001  0.81163809E+001
  0.30779051E+000  0.34264383E+000  0.45254865E+000  0.59491735E+000  0.79052887E+000  0.88450903E+000  0.11852731E+001  0.18574675E+001  0.26127641E+001  0.43719615E+001  0.81163809E+001
  0.30779051E+000  0.34264383E+000  0.45254865E+000  0.59491735E+000  0.79052888E+000  0.88450902E+000  0.11852730E+001  0.18574684E+001  0.26127641E+001  0.43719639E+001  0.81163809E+001
  0.30779051E+000  0.34264383E+000  0.45254864E+000  0.59491735E+000  0.79052889E+000  0.88450902E+000  0.11852730E+001  0.18574692E+001  0.26127641E+001  0.43719664E+001  0.81163809E+001
  0.30779051E+000  0.34264382E+000  0.45254864E+000  0.59491735E+000  0.79052889E+000  0.88450901E+000  0.11852730E+001  0.18574700E+001  0.26127641E+001  0.43719689E+001  0.81163809E+001
  0.30779051E+000  0.34264382E+000  0.45254863E+000  0.59491735E+000  0.79052890E+000  0.88450901E+000  0.11852730E+001  0.18574708E+001  0.26127641E+001  0.43719714E+001  0.81163810E+001
  0.30779051E+000  0.34264382E+000  0.45254863E+000  0.59491735E+000  0.79052890E+000  0.88450901E+000  0.11852730E+001  0.18574716E+001  0.26127641E+001  0.43719740E+001  0.81163810E+001
  0.30779051E+000  0.34264381E+000  0.45254862E+000  0.59491735E+000  0.79052891E+000  0.88450900E+000  0.11852730E+001  0.18574723E+001  0.26127641E+001  0.43719766E+001  0.81163811E+001
  0.30779051E+000  0.34264381E+000  0.45254862E+000  0.59491735E+000  0.79052892E+000  0.88450900E+000  0.11852730E+001  0.18574730E+001  0.26127641E+001  0.43719792E+001  0.81163812E+001
  0.30779051E+000  0.34264381E+000  0.45254862E+000  0.59491735E+000  0.79052892E+000  0.88450899E+000  0.11852730E+001  0.18574737E+001  0.26127641E+001  0.43719818E+001  0.81163812E+001
  0.30779051E+000  0.34264380E+000  0.45254861E+000  0.59491735E+000  0.79052893E+000  0.88450899E+000  0.11852729E+001  0.18574744E+001  0.26127641E+001  0.43719844E+001  0.81163813E+001
  0.30779051E+000  0.34264380E+000  0.45254861E+000  0.59491735E+000  0.79052893E+000  0.88450899E+000  0.11852729E+001  0.18574751E+001  0.26127641E+001  0.43719871E+001  0.81163814E+001
  0.30779051E+000  0.34264380E+000  0.45254861E+000  0.59491735E+000  0.79052893E+000  0.88450899E+000  0.11852729E+001  0.18574758E+001  0.26127641E+001  0.43719897E+001  0.81163815E+001
  0.30779051E+000  0.34264380E+000  0.45254860E+000  0.59491735E+000  0.79052894E+000  0.88450898E+000  0.11852729E+001  0.18574764E+001  0.26127641E+001  0.43719923E+001  0.81163816E+001
  0.30779050E+000  0.34264379E+000  0.45254860E+000  0.59491735E+000  0.79052894E+000  0.88450898E+000  0.11852729E+001  0.18574771E+001  0.26127641E+001  0.43719950E+001  0.81163817E+001
  0.30779050E+000  0.34264379E+000  0.45254860E+000  0.59491735E+000  0.79052895E+000  0.88450898E+000  0.11852729E+001  0.18574777E+001  0.26127642E+001  0.43719976E+001  0.81163818E+001
  0.30779050E+000  0.34264379E+000  0.45254860E+000  0.59491735E+000  0.79052895E+000  0.88450897E+000  0.11852729E+001  0.18574783E+001  0.26127642E+001  0.43720002E+001  0.81163819E+001
  0.30779050E+000  0.34264379E+000  0.45254859E+000  0.59491735E+000  0.79052895E+000  0.88450897E+000  0.11852729E+001  0.18574788E+001  0.26127642E+001  0.43720028E+001  0.81163820E+001
  0.30779050E+000  0.34264379E+000  0.45254859E+000  0.59491735E+000  0.79052895E+000  0.88450897E+000  0.11852729E+001  0.18574794E+001  0.26127642E+001  0.43720054E+001  0.81163821E+001
  0.30779050E+000  0.34264378E+000  0.45254859E+000  0.59491735E+000  0.79052896E+000  0.88450897E+000  0.11852729E+001  0.18574799E+001  0.26127642E+001  0.43720079E+001  0.81163823E+001
  0.30779050E+000  0.34264378E+000  0.45254859E+000  0.59491735E+000  0.79052896E+000  0.88450897E+000  0.11852728E+001  0.18574804E+001  0.26127642E+001  0.43720104E+001  0.81163824E+001
  0.30779050E+000  0.34264378E+000  0.45254858E+000  0.59491735E+000  0.79052896E+000  0.88450896E+000  0.11852728E+001  0.18574809E+001  0.26127642E+001  0.43720129E+001  0.81163825E+001
  0.30779050E+000  0.34264378E+000  0.45254858E+000  0.59491735E+000  0.79052896E+000  0.88450896E+000  0.11852728E+001  0.18574814E+001  0.26127642E+001  0.43720154E+001  0.81163826E+001
  0.30779050E+000  0.34264378E+000  0.45254858E+000  0.59491735E+000  0.79052897E+000  0.88450896E+000  0.11852728E+001  0.18574819E+001  0.26127642E+001  0.43720178E+001  0.81163828E+001
  0.30779050E+000  0.34264378E+000  0.45254858E+000  0.59491735E+000  0.79052897E+000  0.88450896E+000  0.11852728E+001  0.18574823E+001  0.26127642E+001  0.43720202E+001  0.81163829E+001
  0.30779050E+000  0.34264377E+000  0.45254858E+000  0.59491735E+000  0.79052897E+000  0.88450896E+000  0.11852728E+001  0.18574828E+001  0.26127642E+001  0.43720226E+001  0.81163830E+001
  0.30779050E+000  0.34264377E+000  0.45254858E+000  0.59491735E+000  0.79052897E+000  0.88450896E+000  0.11852728E+001  0.18574832E+001  0.26127642E+001  0.43720249E+001  0.81163832E+001
  0.30779050E+000  0.34264377E+000  0.45254857E+000  0.59491735E+000  0.79052897E+000  0.88450895E+000  0.11852728E+001  0.18574836E+001  0.26127642E+001  0.43720271E+001  0.81163833E+001
  0.30779050E+000  0.34264377E+000  0.45254857E+000  0.59491735E+000  0.79052898E+000  0.88450895E+000  0.11852728E+001  0.18574840E+001  0.26127642E+001  0.43720294E+001  0.81163834E+001
  0.30779050E+000  0.34264377E+000  0.45254857E+000  0.59491735E+000  0.79052898E+000  0.88450895E+000  0.11852728E+001  0.18574844E+001  0.26127643E+001  0.43720315E+001  0.81163836E+001
  0.30779050E+000  0.34264377E+000  0.45254857E+000  0.59491735E+000  0.79052898E+000  0.88450895E+000  0.11852728E+001  0.18574847E+001  0.26127643E+001  0.43720337E+001  0.81163837E+001
  0.30779050E+000  0.34264377E+000  0.45254857E+000  0.59491735E+000  0.79052898E+000  0.88450895E+000  0.11852728E+001  0.18574851E+001  0.26127643E+001  0.43720358E+001  0.81163839E+001
  0.30779050E+000  0.34264377E+000  0.45254857E+000  0.59491735E+000  0.79052898E+000  0.88450895E+000  0.11852728E+001  0.18574854E+001  0.26127643E+001  0.43720378E+001  0.81163840E+001
  0.30779050E+000  0.34264377E+000  0.45254857E+000  0.59491735E+000  0.79052898E+000  0.88450895E+000  0.11852728E+001  0.18574857E+001  0.26127643E+001  0.43720398E+001  0.81163841E+001
  0.30779050E+000  0.34264377E+000  0.45254857E+000  0.59491735E+000  0.79052898E+000  0.88450895E+000  0.11852728E+001  0.18574860E+001  0.26127643E+001  0.43720418E+001  0.81163843E+001
  0.30779050E+000  0.34264377E+000  0.45254857E+000  0.59491735E+000  0.79052899E+000  0.88450895E+000  0.11852728E+001  0.18574863E+001  0.26127643E+001  0.43720437E+001  0.81163844E+001
  0.30779050E+000  0.34264377E+000  0.45254856E+000  0.59491735E+000  0.79052899E+000  0.88450895E+000  0.11852728E+001  0.18574866E+001  0.26127643E+001  0.43720455E+001  0.81163845E+001
  0.30779050E+000  0.34264376E+000  0.45254856E+000  0.59491735E+000  0.79052899E+000  0.88450894E+000  0.11852728E+001  0.18574869E+001  0.26127643E+001  0.43720473E+001  0.81163847E+001
  0.30779050E+000  0.34264376E+000  0.45254856E+000  0.59491735E+000  0.79052899E+000  0.88450894E+000  0.11852728E+001  0.18574871E+001  0.26127643E+001  0.43720491E+001  0.81163848E+001
  0.30779050E+000  0.34264376E+000  0.45254856E+000  0.59491735E+000  0.79052899E+000  0.88450894E+000  0.11852728E+001  0.18574873E+001  0.26127643E+001  0.43720508E+001  0.81163849E+001
  0.30779050E+000  0.34264376E+000  0.45254856E+000  0.59491735E+000  0.79052899E+000  0.88450894E+000  0.11852728E+001  0.18574876E+001  0.26127643E+001  0.43720524E+001  0.81163851E+001
  0.30779050E+000  0.34264376E+000  0.45254856E+000  0.59491735E+000  0.79052899E+000  0.88450894E+000  0.11852728E+001  0.18574878E+001  0.26127643E+001  0.43720540E+001  0.81163852E+001
  0.30779050E+000  0.34264376E+000  0.45254856E+000  0.59491735E+000  0.79052898E+000  0.88450894E+000  0.11852728E+001  0.18574880E+001  0.26127643E+001  0.43720556E+001  0.81163853E+001
  0.30779050E+000  0.34264376E+000  0.45254856E+000  0.59491735E+000  0.79052897E+000  0.88450893E+000  0.11852728E+001  0.18574882E+001  0.26127643E+001  0.43720570E+001  0.81163854E+001
  0.30779050E+000  0.34264375E+000  0.45254855E+000  0.59491735E+000  0.79052896E+000  0.88450893E+000  0.11852727E+001  0.18574883E+001  0.26127643E+001  0.43720585E+001  0.81163855E+001
