 -0.93136838E+000 -0.83200798E+000 -0.54954850E+000 -0.18462065E+000 -0.52196989E-002  0.96542082E-003  0.91442160E+000  0.45470511E+001  0.88191833E+001  0.15860427E+002  0.21714189E+002
 -0.93165658E+000 -0.83258865E+000 -0.55110929E+000 -0.18717043E+000 -0.57247711E-002  0.77579535E-003  0.90268812E+000  0.45357076E+001  0.88026408E+001  0.15822294E+002  0.21675891E+002
 -0.93185422E+000 -0.83303774E+000 -0.55235607E+000 -0.18914655E+000 -0.58063023E-002  0.73422325E-003  0.89397000E+000  0.45262917E+001  0.87888403E+001  0.15791107E+002  0.21643885E+002
 -0.93198417E+000 -0.83337487E+000 -0.55333566E+000 -0.19065891E+000 -0.58118259E-002  0.74021367E-003  0.88773103E+000  0.45185415E+001  0.87773917E+001  0.15766013E+002  0.21617174E+002
 -0.93206497E+000 -0.83361879E+000 -0.55409167E+000 -0.19179675E+000 -0.57965822E-002  0.75644363E-003  0.88372859E+000  0.45122148E+001  0.87679574E+001  0.15745922E+002  0.21594983E+002
 -0.93211058E+000 -0.83378707E+000 -0.55466320E+000 -0.19263000E+000 -0.57640094E-002  0.77782183E-003  0.88146993E+000  0.45071086E+001  0.87602467E+001  0.15729523E+002  0.21576653E+002
 -0.93213105E+000 -0.83389515E+000 -0.55508267E+000 -0.19321590E+000 -0.57170132E-002  0.80197116E-003  0.88049717E+000  0.45030354E+001  0.87540083E+001  0.15716087E+002  0.21561607E+002
 -0.93213386E+000 -0.83395622E+000 -0.55537706E+000 -0.19360195E+000 -0.56648622E-002  0.82456650E-003  0.88043653E+000  0.44998213E+001  0.87490252E+001  0.15705148E+002  0.21549345E+002
 -0.93212445E+000 -0.83398114E+000 -0.55556887E+000 -0.19382622E+000 -0.56133525E-002  0.84403632E-003  0.88099537E+000  0.44973286E+001  0.87451104E+001  0.15696288E+002  0.21539435E+002
 -0.93210671E+000 -0.83397869E+000 -0.55567680E+000 -0.19391976E+000 -0.55655463E-002  0.86041565E-003  0.88195451E+000  0.44954424E+001  0.87421023E+001  0.15689252E+002  0.21531540E+002
 -0.93208346E+000 -0.83395580E+000 -0.55571645E+000 -0.19390796E+000 -0.55231316E-002  0.87407021E-003  0.88315643E+000  0.44940657E+001  0.87398617E+001  0.15683881E+002  0.21525383E+002
 -0.93205671E+000 -0.83391796E+000 -0.55570077E+000 -0.19381163E+000 -0.54860522E-002  0.88538582E-003  0.88449098E+000  0.44931189E+001  0.87382692E+001  0.15679978E+002  0.21520719E+002
 -0.93202785E+000 -0.83386946E+000 -0.55564052E+000 -0.19364795E+000 -0.54541842E-002  0.89481607E-003  0.88588165E+000  0.44925375E+001  0.87372230E+001  0.15677322E+002  0.21517328E+002
 -0.93199789E+000 -0.83381360E+000 -0.55554470E+000 -0.19343110E+000 -0.54271174E-002  0.90293796E-003  0.88727277E+000  0.44922635E+001  0.87366370E+001  0.15675725E+002  0.21515014E+002
 -0.93196755E+000 -0.83375291E+000 -0.55542072E+000 -0.19317278E+000 -0.54034623E-002  0.90997284E-003  0.88862357E+000  0.44922486E+001  0.87364385E+001  0.15675028E+002  0.21513604E+002
 -0.93193731E+000 -0.83368931E+000 -0.55527470E+000 -0.19288284E+000 -0.53824702E-002  0.91600367E-003  0.88990697E+000  0.44924516E+001  0.87365665E+001  0.15675100E+002  0.21512970E+002
 -0.93190752E+000 -0.83362425E+000 -0.55511169E+000 -0.19256980E+000 -0.53637036E-002  0.92117794E-003  0.89108097E+000  0.44928383E+001  0.87369696E+001  0.15675834E+002  0.21513005E+002
 -0.93187841E+000 -0.83355880E+000 -0.55493588E+000 -0.19224013E+000 -0.53470751E-002  0.92563412E-003  0.89215197E+000  0.44933799E+001  0.87376047E+001  0.15677155E+002  0.21513618E+002
 -0.93185012E+000 -0.83349374E+000 -0.55475071E+000 -0.19189921E+000 -0.53324127E-002  0.92948424E-003  0.89313728E+000  0.44940519E+001  0.87384356E+001  0.15678978E+002  0.21514731E+002
 -0.93182274E+000 -0.83342965E+000 -0.55455904E+000 -0.19155151E+000 -0.53195155E-002  0.93283799E-003  0.89404809E+000  0.44948338E+001  0.87394316E+001  0.15681231E+002  0.21516281E+002
 -0.93179632E+000 -0.83336691E+000 -0.55436319E+000 -0.19120076E+000 -0.53081812E-002  0.93577657E-003  0.89489805E+000  0.44957080E+001  0.87405670E+001  0.15683853E+002  0.21518213E+002
 -0.93177089E+000 -0.83330581E+000 -0.55416511E+000 -0.19085005E+000 -0.52982201E-002  0.93836388E-003  0.89569767E+000  0.44966596E+001  0.87418200E+001  0.15686791E+002  0.21520481E+002
 -0.93174643E+000 -0.83324651E+000 -0.55396636E+000 -0.19050196E+000 -0.52894602E-002  0.94065190E-003  0.89645497E+000  0.44976756E+001  0.87431723E+001  0.15689998E+002  0.21523048E+002
 -0.93172296E+000 -0.83318911E+000 -0.55376823E+000 -0.19015865E+000 -0.52817491E-002  0.94268359E-003  0.89717608E+000  0.44987450E+001  0.87446082E+001  0.15693433E+002  0.21525880E+002
 -0.93170043E+000 -0.83313364E+000 -0.55357175E+000 -0.18982190E+000 -0.52749529E-002  0.94449486E-003  0.89786576E+000  0.44998580E+001  0.87461148E+001  0.15697062E+002  0.21528953E+002
 -0.93167884E+000 -0.83308010E+000 -0.55337775E+000 -0.18949320E+000 -0.52689551E-002  0.94611601E-003  0.89852769E+000  0.45010063E+001  0.87476811E+001  0.15700855E+002  0.21532242E+002
 -0.93165815E+000 -0.83302846E+000 -0.55318691E+000 -0.18917377E+000 -0.52636542E-002  0.94757275E-003  0.89916425E+000  0.45021826E+001  0.87492979E+001  0.15704784E+002  0.21535729E+002
 -0.93163832E+000 -0.83297865E+000 -0.55299973E+000 -0.18886463E+000 -0.52589621E-002  0.94888700E-003  0.89977774E+000  0.45033805E+001  0.87509575E+001  0.15708826E+002  0.21539400E+002
 -0.93161934E+000 -0.83293059E+000 -0.55281661E+000 -0.18856657E+000 -0.52548021E-002  0.95007752E-003  0.90037039E+000  0.45045945E+001  0.87526537E+001  0.15712960E+002  0.21543242E+002
 -0.93160115E+000 -0.83288420E+000 -0.55263786E+000 -0.18828024E+000 -0.52511075E-002  0.95116044E-003  0.90094397E+000  0.45058196E+001  0.87543810E+001  0.15717167E+002  0.21547243E+002
 -0.93158373E+000 -0.83283937E+000 -0.55246369E+000 -0.18800611E+000 -0.52477447E-002  0.95215943E-003  0.90149997E+000  0.45070517E+001  0.87561350E+001  0.15721432E+002  0.21551395E+002
 -0.93156703E+000 -0.83279600E+000 -0.55229424E+000 -0.18774454E+000 -0.52445113E-002  0.95310549E-003  0.90203966E+000  0.45082873E+001  0.87579120E+001  0.15725739E+002  0.21555690E+002
 -0.93155102E+000 -0.83275399E+000 -0.55212961E+000 -0.18749574E+000 -0.52414701E-002  0.95399382E-003  0.90256412E+000  0.45095231E+001  0.87597087E+001  0.15730075E+002  0.21560121E+002
 -0.93153567E+000 -0.83271324E+000 -0.55196985E+000 -0.18725980E+000 -0.52386652E-002  0.95482262E-003  0.90307431E+000  0.45107566E+001  0.87615223E+001  0.15734429E+002  0.21564682E+002
 -0.93152093E+000 -0.83267366E+000 -0.55181498E+000 -0.18703672E+000 -0.52361226E-002  0.95559244E-003  0.90357107E+000  0.45119856E+001  0.87633501E+001  0.15738789E+002  0.21569366E+002
 -0.93150678E+000 -0.83263516E+000 -0.55166498E+000 -0.18682639E+000 -0.52338523E-002  0.95630544E-003  0.90405514E+000  0.45132081E+001  0.87651896E+001  0.15743148E+002  0.21574167E+002
 -0.93149317E+000 -0.83259764E+000 -0.55151982E+000 -0.18662861E+000 -0.52318521E-002  0.95696487E-003  0.90452717E+000  0.45144227E+001  0.87670384E+001  0.15747497E+002  0.21579078E+002
 -0.93148008E+000 -0.83256105E+000 -0.55137947E+000 -0.18644312E+000 -0.52301104E-002  0.95757461E-003  0.90498770E+000  0.45156280E+001  0.87688940E+001  0.15751828E+002  0.21584090E+002
 -0.93146748E+000 -0.83252531E+000 -0.55124389E+000 -0.18626957E+000 -0.52286095E-002  0.95813885E-003  0.90543721E+000  0.45168230E+001  0.87707539E+001  0.15756137E+002  0.21589195E+002
 -0.93145534E+000 -0.83249038E+000 -0.55111302E+000 -0.18610758E+000 -0.52273279E-002  0.95866178E-003  0.90587606E+000  0.45180067E+001  0.87726154E+001  0.15760418E+002  0.21594381E+002
 -0.93144363E+000 -0.83245623E+000 -0.55098684E+000 -0.18595669E+000 -0.52262424E-002  0.95914745E-003  0.90630456E+000  0.45191784E+001  0.87744757E+001  0.15764667E+002  0.21599639E+002
 -0.93143233E+000 -0.83242281E+000 -0.55086531E+000 -0.18581643E+000 -0.52253293E-002  0.95959965E-003  0.90672290E+000  0.45203373E+001  0.87763320E+001  0.15768882E+002  0.21604953E+002
 -0.93142143E+000 -0.83239013E+000 -0.55074841E+000 -0.18568629E+000 -0.52245662E-002  0.96002176E-003  0.90713121E+000  0.45214829E+001  0.87781811E+001  0.15773059E+002  0.21610310E+002
 -0.93141091E+000 -0.83235817E+000 -0.55063612E+000 -0.18556576E+000 -0.52239319E-002  0.96041680E-003  0.90752956E+000  0.45226144E+001  0.87800199E+001  0.15777198E+002  0.21615693E+002
 -0.93140075E+000 -0.83232695E+000 -0.55052843E+000 -0.18545432E+000 -0.52234076E-002  0.96078739E-003  0.90791793E+000  0.45237312E+001  0.87818454E+001  0.15781297E+002  0.21621086E+002
 -0.93139096E+000 -0.83229649E+000 -0.55042535E+000 -0.18535143E+000 -0.52229765E-002  0.96113573E-003  0.90829625E+000  0.45248327E+001  0.87836543E+001  0.15785354E+002  0.21626471E+002
 -0.93138153E+000 -0.83226681E+000 -0.55032689E+000 -0.18525660E+000 -0.52226241E-002  0.96146369E-003  0.90866441E+000  0.45259183E+001  0.87854438E+001  0.15789368E+002  0.21631828E+002
 -0.93137245E+000 -0.83223797E+000 -0.55023307E+000 -0.18516932E+000 -0.52223383E-002  0.96177280E-003  0.90902226E+000  0.45269872E+001  0.87872108E+001  0.15793336E+002  0.21637139E+002
 -0.93136373E+000 -0.83220999E+000 -0.55014390E+000 -0.18508911E+000 -0.52220144E-002  0.96207555E-003  0.90936961E+000  0.45280387E+001  0.87889526E+001  0.15797258E+002  0.21642384E+002
 -0.93135537E+000 -0.83218294E+000 -0.55005940E+000 -0.18501551E+000 -0.52216406E-002  0.96237298E-003  0.90970629E+000  0.45290721E+001  0.87906667E+001  0.15801130E+002  0.21647545E+002
 -0.93134739E+000 -0.83215686E+000 -0.54997958E+000 -0.18494810E+000 -0.52212439E-002  0.96266168E-003  0.91003207E+000  0.45300867E+001  0.87923509E+001  0.15804948E+002  0.21652604E+002
 -0.93133979E+000 -0.83213182E+000 -0.54990444E+000 -0.18488646E+000 -0.52208436E-002  0.96293943E-003  0.91034677E+000  0.45310818E+001  0.87940030E+001  0.15808708E+002  0.21657542E+002
 -0.93133258E+000 -0.83210786E+000 -0.54983398E+000 -0.18483020E+000 -0.52204524E-002  0.96320486E-003  0.91065021E+000  0.45320565E+001  0.87956213E+001  0.15812405E+002  0.21662344E+002
 -0.93132578E+000 -0.83208503E+000 -0.54976817E+000 -0.18477896E+000 -0.52200782E-002  0.96345718E-003  0.91094222E+000  0.45330103E+001  0.87972041E+001  0.15816032E+002  0.21666994E+002
 -0.93131939E+000 -0.83206339E+000 -0.54970699E+000 -0.18473242E+000 -0.52197256E-002  0.96369600E-003  0.91122268E+000  0.45339423E+001  0.87987499E+001  0.15819584E+002  0.21671478E+002
 -0.93131343E+000 -0.83204297E+000 -0.54965037E+000 -0.18469023E+000 -0.52193967E-002  0.96392117E-003  0.91149150E+000  0.45348519E+001  0.88002573E+001  0.15823051E+002  0.21675784E+002
 -0.93130791E+000 -0.83202381E+000 -0.54959826E+000 -0.18465212E+000 -0.52190926E-002  0.96413276E-003  0.91174862E+000  0.45357385E+001  0.88017250E+001  0.15826427E+002  0.21679901E+002
 -0.93130284E+000 -0.83200594E+000 -0.54955055E+000 -0.18461779E+000 -0.52188132E-002  0.96433094E-003  0.91199406E+000  0.45366014E+001  0.88031516E+001  0.15829703E+002  0.21683820E+002
 -0.93129822E+000 -0.83198936E+000 -0.54950715E+000 -0.18458700E+000 -0.52185581E-002  0.96451598E-003  0.91222786E+000  0.45374398E+001  0.88045358E+001  0.15832870E+002  0.21687535E+002
 -0.93129405E+000 -0.83197409E+000 -0.54946791E+000 -0.18455947E+000 -0.52183266E-002  0.96468820E-003  0.91245012E+000  0.45382532E+001  0.88058761E+001  0.15835919E+002  0.21691038E+002
 -0.93129033E+000 -0.83196011E+000 -0.54943271E+000 -0.18453499E+000 -0.52181176E-002  0.96484800E-003  0.91266100E+000  0.45390409E+001  0.88071708E+001  0.15838844E+002  0.21694328E+002
 -0.93128706E+000 -0.83194742E+000 -0.54940136E+000 -0.18451332E+000 -0.52179303E-002  0.96499579E-003  0.91286069E+000  0.45398021E+001  0.88084184E+001  0.15841635E+002  0.21697400E+002
 -0.93128423E+000 -0.83193600E+000 -0.54937370E+000 -0.18449427E+000 -0.52177637E-002  0.96513203E-003  0.91304942E+000  0.45405361E+001  0.88096170E+001  0.15844287E+002  0.21700255E+002
 -0.93128183E+000 -0.83192580E+000 -0.54934953E+000 -0.18447763E+000 -0.52176166E-002  0.96525721E-003  0.91322747E+000  0.45412422E+001  0.88107649E+001  0.15846792E+002  0.21702894E+002
 -0.93127986E+000 -0.83191679E+000 -0.54932867E+000 -0.18446321E+000 -0.52174882E-002  0.96537180E-003  0.91339511E+000  0.45419194E+001  0.88118601E+001  0.15849147E+002  0.21705319E+002
 -0.93127828E+000 -0.83190892E+000 -0.54931090E+000 -0.18445085E+000 -0.52173774E-002  0.96547633E-003  0.91355265E+000  0.45425670E+001  0.88129008E+001  0.15851346E+002  0.21707535E+002
 -0.93127709E+000 -0.83190215E+000 -0.54929602E+000 -0.18444038E+000 -0.52172834E-002  0.96557128E-003  0.91370039E+000  0.45431841E+001  0.88138853E+001  0.15853388E+002  0.21709547E+002
 -0.93127628E+000 -0.83189641E+000 -0.54928383E+000 -0.18443165E+000 -0.52172053E-002  0.96565714E-003  0.91383861E+000  0.45437698E+001  0.88148120E+001  0.15855271E+002  0.21711361E+002
 -0.93127581E+000 -0.83189165E+000 -0.54927413E+000 -0.18442453E+000 -0.52171423E-002  0.96573441E-003  0.91396760E+000  0.45443233E+001  0.88156798E+001  0.15856995E+002  0.21712985E+002
 -0.93127567E+000 -0.83188781E+000 -0.54926671E+000 -0.18441888E+000 -0.52170936E-002  0.96580350E-003  0.91408761E+000  0.45448439E+001  0.88164874E+001  0.15858561E+002  0.21714427E+002
 -0.93127585E+000 -0.83188483E+000 -0.54926140E+000 -0.18441460E+000 -0.52170586E-002  0.96586486E-003  0.91419888E+000  0.45453307E+001  0.88172343E+001  0.15859972E+002  0.21715696E+002
 -0.93127632E+000 -0.83188266E+000 -0.54925801E+000 -0.18441157E+000 -0.52170366E-002  0.96591885E-003  0.91430161E+000  0.45457833E+001  0.88179201E+001  0.15861232E+002  0.21716802E+002
 -0.93127708E+000 -0.83188124E+000 -0.54925637E+000 -0.18440971E+000 -0.52170271E-002  0.96596582E-003  0.91439598E+000  0.45462012E+001  0.88185450E+001  0.15862345E+002  0.21717755E+002
 -0.93127809E+000 -0.83188053E+000 -0.54925633E+000 -0.18440894E+000 -0.52170294E-002  0.96600608E-003  0.91448217E+000  0.45465843E+001  0.88191095E+001  0.15863317E+002  0.21718565E+002
 -0.93127936E+000 -0.83188046E+000 -0.54925775E+000 -0.18440917E+000 -0.52170431E-002  0.96603994E-003  0.91456033E+000  0.45469325E+001  0.88196147E+001  0.15864154E+002  0.21719242E+002
 -0.93128085E+000 -0.83188100E+000 -0.54926048E+000 -0.18441035E+000 -0.52170676E-002  0.96606764E-003  0.91463061E+000  0.45472460E+001  0.88200620E+001  0.15864864E+002  0.21719796E+002
 -0.93128257E+000 -0.83188210E+000 -0.54926441E+000 -0.18441239E+000 -0.52171024E-002  0.96608944E-003  0.91469316E+000  0.45475253E+001  0.88204531E+001  0.15865455E+002  0.21720239E+002
 -0.93128449E+000 -0.83188371E+000 -0.54926942E+000 -0.18441526E+000 -0.52171468E-002  0.96610557E-003  0.91474815E+000  0.45477711E+001  0.88207903E+001  0.15865934E+002  0.21720579E+002
 -0.93128660E+000 -0.83188580E+000 -0.54927540E+000 -0.18441888E+000 -0.52172004E-002  0.96611628E-003  0.91479578E+000  0.45479845E+001  0.88210761E+001  0.15866310E+002  0.21720827E+002
 -0.93128889E+000 -0.83188832E+000 -0.54928225E+000 -0.18442321E+000 -0.52172624E-002  0.96612182E-003  0.91483627E+000  0.45481666E+001  0.88213133E+001  0.15866592E+002  0.21720991E+002
 -0.93129134E+000 -0.83189124E+000 -0.54928987E+000 -0.18442819E+000 -0.52173321E-002  0.96612246E-003  0.91486987E+000  0.45483189E+001  0.88215049E+001  0.15866787E+002  0.21721081E+002
 -0.93129394E+000 -0.83189452E+000 -0.54929818E+000 -0.18443375E+000 -0.52174088E-002  0.96611849E-003  0.91489688E+000  0.45484429E+001  0.88216542E+001  0.15866905E+002  0.21721105E+002
 -0.93129668E+000 -0.83189812E+000 -0.54930707E+000 -0.18443983E+000 -0.52174917E-002  0.96611022E-003  0.91491763E+000  0.45485405E+001  0.88217644E+001  0.15866955E+002  0.21721071E+002
 -0.93129952E+000 -0.83190199E+000 -0.54931646E+000 -0.18444639E+000 -0.52175800E-002  0.96609798E-003  0.91493249E+000  0.45486137E+001  0.88218390E+001  0.15866943E+002  0.21720987E+002
 -0.93130247E+000 -0.83190611E+000 -0.54932628E+000 -0.18445335E+000 -0.52176728E-002  0.96608214E-003  0.91494186E+000  0.45486643E+001  0.88218815E+001  0.15866877E+002  0.21720859E+002
 -0.93130549E+000 -0.83191042E+000 -0.54933642E+000 -0.18446064E+000 -0.52177692E-002  0.96606308E-003  0.91494618E+000  0.45486945E+001  0.88218952E+001  0.15866766E+002  0.21720695E+002
 -0.93130857E+000 -0.83191489E+000 -0.54934681E+000 -0.18446820E+000 -0.52178683E-002  0.96604119E-003  0.91494591E+000  0.45487065E+001  0.88218835E+001  0.15866616E+002  0.21720500E+002
 -0.93131168E+000 -0.83191949E+000 -0.54935737E+000 -0.18447597E+000 -0.52179693E-002  0.96601688E-003  0.91494151E+000  0.45487022E+001  0.88218497E+001  0.15866432E+002  0.21720279E+002
 -0.93131482E+000 -0.83192417E+000 -0.54936802E+000 -0.18448387E+000 -0.52180713E-002  0.96599055E-003  0.91493346E+000  0.45486838E+001  0.88217969E+001  0.15866223E+002  0.21720039E+002
 -0.93131795E+000 -0.83192890E+000 -0.54937869E+000 -0.18449185E+000 -0.52181734E-002  0.96596261E-003  0.91492225E+000  0.45486532E+001  0.88217280E+001  0.15865992E+002  0.21719782E+002
 -0.93132107E+000 -0.83193363E+000 -0.54938929E+000 -0.18449985E+000 -0.52182750E-002  0.96593345E-003  0.91490834E+000  0.45486122E+001  0.88216459E+001  0.15865745E+002  0.21719515E+002
 -0.93132415E+000 -0.83193835E+000 -0.54939978E+000 -0.18450779E+000 -0.52183753E-002  0.96590345E-003  0.91489219E+000  0.45485628E+001  0.88215532E+001  0.15865486E+002  0.21719240E+002
 -0.93132717E+000 -0.83194301E+000 -0.54941008E+000 -0.18451564E+000 -0.52184737E-002  0.96587295E-003  0.91487423E+000  0.45485066E+001  0.88214521E+001  0.15865219E+002  0.21718962E+002
 -0.93133013E+000 -0.83194759E+000 -0.54942014E+000 -0.18452334E+000 -0.52185696E-002  0.96584228E-003  0.91485487E+000  0.45484450E+001  0.88213449E+001  0.15864949E+002  0.21718682E+002
 -0.93133300E+000 -0.83195206E+000 -0.54942991E+000 -0.18453085E+000 -0.52186625E-002  0.96581174E-003  0.91483448E+000  0.45483795E+001  0.88212335E+001  0.15864677E+002  0.21718403E+002
 -0.93133577E+000 -0.83195640E+000 -0.54943936E+000 -0.18453813E+000 -0.52187520E-002  0.96578159E-003  0.91481340E+000  0.45483114E+001  0.88211196E+001  0.15864408E+002  0.21718129E+002
 -0.93133844E+000 -0.83196059E+000 -0.54944844E+000 -0.18454516E+000 -0.52188379E-002  0.96575206E-003  0.91479195E+000  0.45482416E+001  0.88210047E+001  0.15864142E+002  0.21717860E+002
 -0.93134100E+000 -0.83196461E+000 -0.54945714E+000 -0.18455190E+000 -0.52189198E-002  0.96572335E-003  0.91477038E+000  0.45481713E+001  0.88208902E+001  0.15863882E+002  0.21717599E+002
 -0.93134344E+000 -0.83196846E+000 -0.54946542E+000 -0.18455833E+000 -0.52189975E-002  0.96569561E-003  0.91474894E+000  0.45481011E+001  0.88207771E+001  0.15863630E+002  0.21717346E+002
 -0.93134575E+000 -0.83197213E+000 -0.54947327E+000 -0.18456445E+000 -0.52190711E-002  0.96566897E-003  0.91472783E+000  0.45480319E+001  0.88206665E+001  0.15863387E+002  0.21717104E+002
 -0.93134794E+000 -0.83197560E+000 -0.54948069E+000 -0.18457023E+000 -0.52191402E-002  0.96564354E-003  0.91470721E+000  0.45479642E+001  0.88205589E+001  0.15863153E+002  0.21716871E+002
 -0.93134999E+000 -0.83197887E+000 -0.54948767E+000 -0.18457568E+000 -0.52192051E-002  0.96561939E-003  0.91468723E+000  0.45478984E+001  0.88204551E+001  0.15862931E+002  0.21716650E+002
 -0.93135192E+000 -0.83198195E+000 -0.54949421E+000 -0.18458079E+000 -0.52192657E-002  0.96559658E-003  0.91466797E+000  0.45478350E+001  0.88203556E+001  0.15862719E+002  0.21716441E+002
 -0.93135373E+000 -0.83198483E+000 -0.54950031E+000 -0.18458557E+000 -0.52193220E-002  0.96557512E-003  0.91464954E+000  0.45477743E+001  0.88202606E+001  0.15862519E+002  0.21716243E+002
 -0.93135541E+000 -0.83198751E+000 -0.54950599E+000 -0.18459002E+000 -0.52193742E-002  0.96555503E-003  0.91463199E+000  0.45477164E+001  0.88201705E+001  0.15862331E+002  0.21716057E+002
 -0.93135696E+000 -0.83199000E+000 -0.54951125E+000 -0.18459415E+000 -0.52194224E-002  0.96553631E-003  0.91461535E+000  0.45476616E+001  0.88200854E+001  0.15862154E+002  0.21715883E+002
 -0.93135840E+000 -0.83199231E+000 -0.54951612E+000 -0.18459796E+000 -0.52194667E-002  0.96551892E-003  0.91459966E+000  0.45476098E+001  0.88200053E+001  0.15861989E+002  0.21715721E+002
 -0.93135973E+000 -0.83199444E+000 -0.54952059E+000 -0.18460147E+000 -0.52195074E-002  0.96550285E-003  0.91458491E+000  0.45475612E+001  0.88199303E+001  0.15861836E+002  0.21715569E+002
 -0.93136095E+000 -0.83199639E+000 -0.54952470E+000 -0.18460470E+000 -0.52195445E-002  0.96548804E-003  0.91457110E+000  0.45475157E+001  0.88198602E+001  0.15861693E+002  0.21715429E+002
 -0.93136206E+000 -0.83199818E+000 -0.54952845E+000 -0.18460764E+000 -0.52195783E-002  0.96547446E-003  0.91455822E+000  0.45474732E+001  0.88197951E+001  0.15861561E+002  0.21715299E+002
 -0.93136308E+000 -0.83199982E+000 -0.54953188E+000 -0.18461033E+000 -0.52196089E-002  0.96546204E-003  0.91454624E+000  0.45474338E+001  0.88197347E+001  0.15861439E+002  0.21715180E+002
 -0.93136401E+000 -0.83200131E+000 -0.54953499E+000 -0.18461277E+000 -0.52196366E-002  0.96545074E-003  0.91453513E+000  0.45473972E+001  0.88196789E+001  0.15861327E+002  0.21715070E+002
 -0.93136484E+000 -0.83200265E+000 -0.54953780E+000 -0.18461497E+000 -0.52196615E-002  0.96544049E-003  0.91452486E+000  0.45473635E+001  0.88196275E+001  0.15861224E+002  0.21714969E+002
 -0.93136560E+000 -0.83200387E+000 -0.54954034E+000 -0.18461695E+000 -0.52196837E-002  0.96543124E-003  0.91451538E+000  0.45473324E+001  0.88195802E+001  0.15861130E+002  0.21714877E+002
 -0.93136628E+000 -0.83200497E+000 -0.54954262E+000 -0.18461873E+000 -0.52197036E-002  0.96542292E-003  0.91450666E+000  0.45473038E+001  0.88195369E+001  0.15861045E+002  0.21714793E+002
 -0.93136689E+000 -0.83200595E+000 -0.54954467E+000 -0.18462032E+000 -0.52197212E-002  0.96541547E-003  0.91449866E+000  0.45472777E+001  0.88194973E+001  0.15860966E+002  0.21714717E+002
 -0.93136743E+000 -0.83200682E+000 -0.54954648E+000 -0.18462173E+000 -0.52197367E-002  0.96540885E-003  0.91449132E+000  0.45472537E+001  0.88194612E+001  0.15860896E+002  0.21714648E+002
 -0.93136792E+000 -0.83200760E+000 -0.54954810E+000 -0.18462298E+000 -0.52197503E-002  0.96540297E-003  0.91448461E+000  0.45472319E+001  0.88194284E+001  0.15860832E+002  0.21714585E+002
 -0.93136835E+000 -0.83200828E+000 -0.54954952E+000 -0.18462407E+000 -0.52197621E-002  0.96539780E-003  0.91447849E+000  0.45472121E+001  0.88193986E+001  0.15860774E+002  0.21714528E+002
 -0.93136872E+000 -0.83200889E+000 -0.54955077E+000 -0.18462502E+000 -0.52197723E-002  0.96539327E-003  0.91447291E+000  0.45471941E+001  0.88193717E+001  0.15860722E+002  0.21714477E+002
 -0.93136905E+000 -0.83200941E+000 -0.54955186E+000 -0.18462585E+000 -0.52197810E-002  0.96538934E-003  0.91446783E+000  0.45471778E+001  0.88193474E+001  0.15860675E+002  0.21714432E+002
 -0.93136933E+000 -0.83200987E+000 -0.54955280E+000 -0.18462655E+000 -0.52197883E-002  0.96538595E-003  0.91446322E+000  0.45471631E+001  0.88193255E+001  0.15860633E+002  0.21714391E+002
 -0.93136958E+000 -0.83201026E+000 -0.54955360E+000 -0.18462715E+000 -0.52197944E-002  0.96538307E-003  0.91445904E+000  0.45471497E+001  0.88193058E+001  0.15860596E+002  0.21714354E+002
 -0.93136979E+000 -0.83201059E+000 -0.54955429E+000 -0.18462765E+000 -0.52197994E-002  0.96538064E-003  0.91445524E+000  0.45471378E+001  0.88192881E+001  0.15860562E+002  0.21714322E+002
 -0.93136996E+000 -0.83201087E+000 -0.54955486E+000 -0.18462806E+000 -0.52198033E-002  0.96537863E-003  0.91445181E+000  0.45471270E+001  0.88192723E+001  0.15860533E+002  0.21714293E+002
 -0.93137011E+000 -0.83201110E+000 -0.54955534E+000 -0.18462839E+000 -0.52198063E-002  0.96537699E-003  0.91444871E+000  0.45471174E+001  0.88192583E+001  0.15860507E+002  0.21714268E+002
 -0.93137023E+000 -0.83201129E+000 -0.54955572E+000 -0.18462864E+000 -0.52198085E-002  0.96537570E-003  0.91444590E+000  0.45471087E+001  0.88192457E+001  0.15860484E+002  0.21714246E+002
 -0.93137033E+000 -0.83201143E+000 -0.54955602E+000 -0.18462883E+000 -0.52198100E-002  0.96537471E-003  0.91444337E+000  0.45471010E+001  0.88192346E+001  0.15860464E+002  0.21714226E+002
 -0.93137040E+000 -0.83201155E+000 -0.54955625E+000 -0.18462896E+000 -0.52198108E-002  0.96537400E-003  0.91444109E+000  0.45470941E+001  0.88192248E+001  0.15860446E+002  0.21714209E+002
 -0.93137045E+000 -0.83201163E+000 -0.54955641E+000 -0.18462904E+000 -0.52198110E-002  0.96537354E-003  0.91443903E+000  0.45470880E+001  0.88192161E+001  0.15860431E+002  0.21714194E+002
 -0.93137049E+000 -0.83201168E+000 -0.54955652E+000 -0.18462907E+000 -0.52198107E-002  0.96537330E-003  0.91443717E+000  0.45470825E+001  0.88192085E+001  0.15860418E+002  0.21714181E+002
 -0.93137051E+000 -0.83201171E+000 -0.54955657E+000 -0.18462906E+000 -0.52198100E-002  0.96537325E-003  0.91443549E+000  0.45470777E+001  0.88192018E+001  0.15860406E+002  0.21714170E+002
 -0.93137052E+000 -0.83201172E+000 -0.54955658E+000 -0.18462901E+000 -0.52198088E-002  0.96537339E-003  0.91443398E+000  0.45470734E+001  0.88191959E+001  0.15860396E+002  0.21714161E+002
 -0.93137052E+000 -0.83201170E+000 -0.54955655E+000 -0.18462893E+000 -0.52198073E-002  0.96537367E-003  0.91443262E+000  0.45470697E+001  0.88191908E+001  0.15860388E+002  0.21714153E+002
 -0.93137050E+000 -0.83201167E+000 -0.54955648E+000 -0.18462882E+000 -0.52198055E-002  0.96537410E-003  0.91443139E+000  0.45470663E+001  0.88191864E+001  0.15860381E+002  0.21714147E+002
 -0.93137048E+000 -0.83201163E+000 -0.54955638E+000 -0.18462869E+000 -0.52198035E-002  0.96537464E-003  0.91443028E+000  0.45470634E+001  0.88191825E+001  0.15860375E+002  0.21714141E+002
 -0.93137045E+000 -0.83201157E+000 -0.54955626E+000 -0.18462853E+000 -0.52198012E-002  0.96537529E-003  0.91442928E+000  0.45470608E+001  0.88191793E+001  0.15860371E+002  0.21714137E+002
 -0.93137042E+000 -0.83201151E+000 -0.54955612E+000 -0.18462836E+000 -0.52197988E-002  0.96537602E-003  0.91442838E+000  0.45470586E+001  0.88191765E+001  0.15860367E+002  0.21714134E+002
 -0.93137037E+000 -0.83201143E+000 -0.54955595E+000 -0.18462818E+000 -0.52197962E-002  0.96537684E-003  0.91442756E+000  0.45470566E+001  0.88191741E+001  0.15860364E+002  0.21714131E+002
 -0.93137033E+000 -0.83201135E+000 -0.54955578E+000 -0.18462798E+000 -0.52197935E-002  0.96537771E-003  0.91442681E+000  0.45470549E+001  0.88191721E+001  0.15860362E+002  0.21714129E+002
 -0.93137028E+000 -0.83201126E+000 -0.54955558E+000 -0.18462777E+000 -0.52197907E-002  0.96537865E-003  0.91442614E+000  0.45470534E+001  0.88191704E+001  0.15860360E+002  0.21714128E+002
 -0.93137022E+000 -0.83201116E+000 -0.54955538E+000 -0.18462756E+000 -0.52197878E-002  0.96537963E-003  0.91442553E+000  0.45470521E+001  0.88191690E+001  0.15860359E+002  0.21714127E+002
 -0.93137017E+000 -0.83201107E+000 -0.54955517E+000 -0.18462734E+000 -0.52197849E-002  0.96538065E-003  0.91442497E+000  0.45470510E+001  0.88191678E+001  0.15860358E+002  0.21714126E+002
 -0.93137011E+000 -0.83201096E+000 -0.54955496E+000 -0.18462711E+000 -0.52197819E-002  0.96538170E-003  0.91442446E+000  0.45470500E+001  0.88191669E+001  0.15860358E+002  0.21714126E+002
 -0.93137005E+000 -0.83201086E+000 -0.54955474E+000 -0.18462689E+000 -0.52197790E-002  0.96538277E-003  0.91442399E+000  0.45470492E+001  0.88191662E+001  0.15860358E+002  0.21714127E+002
 -0.93136999E+000 -0.83201076E+000 -0.54955452E+000 -0.18462666E+000 -0.52197760E-002  0.96538386E-003  0.91442356E+000  0.45470485E+001  0.88191656E+001  0.15860358E+002  0.21714127E+002
 -0.93136993E+000 -0.83201065E+000 -0.54955429E+000 -0.18462643E+000 -0.52197731E-002  0.96538496E-003  0.91442316E+000  0.45470479E+001  0.88191652E+001  0.15860358E+002  0.21714128E+002
 -0.93136987E+000 -0.83201055E+000 -0.54955407E+000 -0.18462621E+000 -0.52197702E-002  0.96538606E-003  0.91442280E+000  0.45470474E+001  0.88191649E+001  0.15860359E+002  0.21714129E+002
 -0.93136981E+000 -0.83201045E+000 -0.54955385E+000 -0.18462598E+000 -0.52197673E-002  0.96538717E-003  0.91442246E+000  0.45470469E+001  0.88191647E+001  0.15860360E+002  0.21714131E+002
 -0.93136975E+000 -0.83201034E+000 -0.54955363E+000 -0.18462576E+000 -0.52197644E-002  0.96538828E-003  0.91442215E+000  0.45470466E+001  0.88191646E+001  0.15860361E+002  0.21714132E+002
 -0.93136969E+000 -0.83201024E+000 -0.54955341E+000 -0.18462554E+000 -0.52197617E-002  0.96538938E-003  0.91442186E+000  0.45470463E+001  0.88191646E+001  0.15860362E+002  0.21714134E+002
 -0.93136964E+000 -0.83201014E+000 -0.54955320E+000 -0.18462533E+000 -0.52197589E-002  0.96539048E-003  0.91442159E+000  0.45470460E+001  0.88191646E+001  0.15860363E+002  0.21714135E+002
 -0.93136958E+000 -0.83201005E+000 -0.54955299E+000 -0.18462512E+000 -0.52197563E-002  0.96539156E-003  0.91442134E+000  0.45470458E+001  0.88191647E+001  0.15860365E+002  0.21714137E+002
 -0.93136952E+000 -0.83200995E+000 -0.54955279E+000 -0.18462491E+000 -0.52197537E-002  0.96539263E-003  0.91442111E+000  0.45470456E+001  0.88191648E+001  0.15860366E+002  0.21714138E+002
 -0.93136947E+000 -0.83200986E+000 -0.54955259E+000 -0.18462471E+000 -0.52197511E-002  0.96539369E-003  0.91442089E+000  0.45470455E+001  0.88191650E+001  0.15860367E+002  0.21714140E+002
 -0.93136942E+000 -0.83200977E+000 -0.54955240E+000 -0.18462452E+000 -0.52197487E-002  0.96539473E-003  0.91442068E+000  0.45470454E+001  0.88191652E+001  0.15860369E+002  0.21714142E+002
 -0.93136937E+000 -0.83200968E+000 -0.54955221E+000 -0.18462433E+000 -0.52197463E-002  0.96539576E-003  0.91442049E+000  0.45470453E+001  0.88191655E+001  0.15860370E+002  0.21714144E+002
 -0.93136932E+000 -0.83200960E+000 -0.54955203E+000 -0.18462415E+000 -0.52197439E-002  0.96539676E-003  0.91442031E+000  0.45470452E+001  0.88191657E+001  0.15860371E+002  0.21714145E+002
 -0.93136927E+000 -0.83200951E+000 -0.54955185E+000 -0.18462397E+000 -0.52197417E-002  0.96539774E-003  0.91442014E+000  0.45470452E+001  0.88191660E+001  0.15860373E+002  0.21714147E+002
 -0.93136923E+000 -0.83200944E+000 -0.54955168E+000 -0.18462380E+000 -0.52197396E-002  0.96539870E-003  0.91441998E+000  0.45470452E+001  0.88191663E+001  0.15860374E+002  0.21714149E+002
 -0.93136918E+000 -0.83200936E+000 -0.54955152E+000 -0.18462364E+000 -0.52197375E-002  0.96539964E-003  0.91441983E+000  0.45470452E+001  0.88191666E+001  0.15860376E+002  0.21714150E+002
 -0.93136914E+000 -0.83200929E+000 -0.54955136E+000 -0.18462348E+000 -0.52197355E-002  0.96540056E-003  0.91441969E+000  0.45470452E+001  0.88191668E+001  0.15860377E+002  0.21714152E+002
 -0.93136910E+000 -0.83200922E+000 -0.54955121E+000 -0.18462333E+000 -0.52197335E-002  0.96540145E-003  0.91441956E+000  0.45470452E+001  0.88191671E+001  0.15860378E+002  0.21714154E+002
 -0.93136906E+000 -0.83200915E+000 -0.54955106E+000 -0.18462319E+000 -0.52197317E-002  0.96540232E-003  0.91441944E+000  0.45470452E+001  0.88191675E+001  0.15860379E+002  0.21714155E+002
 -0.93136902E+000 -0.83200909E+000 -0.54955092E+000 -0.18462305E+000 -0.52197299E-002  0.96540316E-003  0.91441933E+000  0.45470452E+001  0.88191678E+001  0.15860381E+002  0.21714157E+002
 -0.93136899E+000 -0.83200902E+000 -0.54955079E+000 -0.18462291E+000 -0.52197282E-002  0.96540398E-003  0.91441922E+000  0.45470453E+001  0.88191681E+001  0.15860382E+002  0.21714158E+002
 -0.93136895E+000 -0.83200897E+000 -0.54955066E+000 -0.18462279E+000 -0.52197266E-002  0.96540477E-003  0.91441912E+000  0.45470453E+001  0.88191684E+001  0.15860383E+002  0.21714160E+002
 -0.93136892E+000 -0.83200891E+000 -0.54955054E+000 -0.18462267E+000 -0.52197250E-002  0.96540554E-003  0.91441903E+000  0.45470454E+001  0.88191687E+001  0.15860384E+002  0.21714161E+002
 -0.93136889E+000 -0.83200886E+000 -0.54955042E+000 -0.18462255E+000 -0.52197236E-002  0.96540628E-003  0.91441895E+000  0.45470454E+001  0.88191690E+001  0.15860385E+002  0.21714162E+002
 -0.93136886E+000 -0.83200881E+000 -0.54955031E+000 -0.18462244E+000 -0.52197221E-002  0.96540699E-003  0.91441887E+000  0.45470455E+001  0.88191692E+001  0.15860386E+002  0.21714164E+002
 -0.93136883E+000 -0.83200876E+000 -0.54955021E+000 -0.18462233E+000 -0.52197208E-002  0.96540768E-003  0.91441880E+000  0.45470455E+001  0.88191695E+001  0.15860387E+002  0.21714165E+002
 -0.93136881E+000 -0.83200871E+000 -0.54955011E+000 -0.18462223E+000 -0.52197195E-002  0.96540834E-003  0.91441874E+000  0.45470456E+001  0.88191698E+001  0.15860388E+002  0.21714166E+002
 -0.93136878E+000 -0.83200867E+000 -0.54955001E+000 -0.18462214E+000 -0.52197183E-002  0.96540898E-003  0.91441868E+000  0.45470457E+001  0.88191701E+001  0.15860389E+002  0.21714167E+002
 -0.93136876E+000 -0.83200863E+000 -0.54954992E+000 -0.18462205E+000 -0.52197171E-002  0.96540960E-003  0.91441863E+000  0.45470457E+001  0.88191704E+001  0.15860390E+002  0.21714168E+002
 -0.93136874E+000 -0.83200859E+000 -0.54954984E+000 -0.18462196E+000 -0.52197160E-002  0.96541019E-003  0.91441858E+000  0.45470458E+001  0.88191706E+001  0.15860391E+002  0.21714169E+002
 -0.93136871E+000 -0.83200855E+000 -0.54954976E+000 -0.18462188E+000 -0.52197150E-002  0.96541075E-003  0.91441854E+000  0.45470459E+001  0.88191709E+001  0.15860392E+002  0.21714170E+002
 -0.93136869E+000 -0.83200852E+000 -0.54954968E+000 -0.18462181E+000 -0.52197140E-002  0.96541130E-003  0.91441851E+000  0.45470459E+001  0.88191711E+001  0.15860393E+002  0.21714171E+002
 -0.93136868E+000 -0.83200848E+000 -0.54954961E+000 -0.18462174E+000 -0.52197131E-002  0.96541182E-003  0.91441848E+000  0.45470460E+001  0.88191714E+001  0.15860394E+002  0.21714172E+002
 -0.93136866E+000 -0.83200845E+000 -0.54954954E+000 -0.18462167E+000 -0.52197122E-002  0.96541231E-003  0.91441845E+000  0.45470461E+001  0.88191716E+001  0.15860394E+002  0.21714173E+002
 -0.93136864E+000 -0.83200842E+000 -0.54954948E+000 -0.18462160E+000 -0.52197114E-002  0.96541279E-003  0.91441843E+000  0.45470461E+001  0.88191719E+001  0.15860395E+002  0.21714174E+002
 -0.93136862E+000 -0.83200840E+000 -0.54954942E+000 -0.18462154E+000 -0.52197106E-002  0.96541324E-003  0.91441842E+000  0.45470462E+001  0.88191721E+001  0.15860396E+002  0.21714175E+002
 -0.93136861E+000 -0.83200837E+000 -0.54954936E+000 -0.18462149E+000 -0.52197099E-002  0.96541367E-003  0.91441841E+000  0.45470463E+001  0.88191723E+001  0.15860397E+002  0.21714175E+002
 -0.93136860E+000 -0.83200835E+000 -0.54954931E+000 -0.18462143E+000 -0.52197092E-002  0.96541408E-003  0.91441840E+000  0.45470463E+001  0.88191726E+001  0.15860397E+002  0.21714176E+002
 -0.93136858E+000 -0.83200833E+000 -0.54954926E+000 -0.18462138E+000 -0.52197085E-002  0.96541447E-003  0.91441840E+000  0.45470464E+001  0.88191728E+001  0.15860398E+002  0.21714177E+002
 -0.93136857E+000 -0.83200830E+000 -0.54954921E+000 -0.18462134E+000 -0.52197079E-002  0.96541484E-003  0.91441840E+000  0.45470465E+001  0.88191730E+001  0.15860399E+002  0.21714177E+002
 -0.93136856E+000 -0.83200828E+000 -0.54954917E+000 -0.18462129E+000 -0.52197073E-002  0.96541519E-003  0.91441841E+000  0.45470465E+001  0.88191732E+001  0.15860399E+002  0.21714178E+002
 -0.93136855E+000 -0.83200827E+000 -0.54954913E+000 -0.18462125E+000 -0.52197068E-002  0.96541552E-003  0.91441842E+000  0.45470466E+001  0.88191734E+001  0.15860400E+002  0.21714178E+002
 -0.93136854E+000 -0.83200825E+000 -0.54954909E+000 -0.18462122E+000 -0.52197063E-002  0.96541583E-003  0.91441843E+000  0.45470467E+001  0.88191736E+001  0.15860401E+002  0.21714179E+002
 -0.93136853E+000 -0.83200823E+000 -0.54954905E+000 -0.18462118E+000 -0.52197058E-002  0.96541613E-003  0.91441845E+000  0.45470467E+001  0.88191738E+001  0.15860401E+002  0.21714179E+002
 -0.93136852E+000 -0.83200822E+000 -0.54954902E+000 -0.18462115E+000 -0.52197054E-002  0.96541641E-003  0.91441847E+000  0.45470468E+001  0.88191740E+001  0.15860402E+002  0.21714180E+002
 -0.93136851E+000 -0.83200820E+000 -0.54954899E+000 -0.18462112E+000 -0.52197050E-002  0.96541667E-003  0.91441849E+000  0.45470468E+001  0.88191741E+001  0.15860402E+002  0.21714180E+002
 -0.93136851E+000 -0.83200819E+000 -0.54954896E+000 -0.18462109E+000 -0.52197046E-002  0.96541692E-003  0.91441852E+000  0.45470469E+001  0.88191743E+001  0.15860403E+002  0.21714180E+002
 -0.93136850E+000 -0.83200818E+000 -0.54954894E+000 -0.18462106E+000 -0.52197043E-002  0.96541715E-003  0.91441854E+000  0.45470470E+001  0.88191745E+001  0.15860403E+002  0.21714181E+002
 -0.93136849E+000 -0.83200817E+000 -0.54954892E+000 -0.18462104E+000 -0.52197040E-002  0.96541737E-003  0.91441857E+000  0.45470470E+001  0.88191747E+001  0.15860404E+002  0.21714181E+002
 -0.93136849E+000 -0.83200816E+000 -0.54954890E+000 -0.18462102E+000 -0.52197037E-002  0.96541757E-003  0.91441860E+000  0.45470471E+001  0.88191748E+001  0.15860404E+002  0.21714181E+002
 -0.93136848E+000 -0.83200816E+000 -0.54954888E+000 -0.18462100E+000 -0.52197035E-002  0.96541775E-003  0.91441863E+000  0.45470471E+001  0.88191750E+001  0.15860405E+002  0.21714182E+002
 -0.93136848E+000 -0.83200815E+000 -0.54954887E+000 -0.18462099E+000 -0.52197033E-002  0.96541791E-003  0.91441865E+000  0.45470472E+001  0.88191752E+001  0.15860405E+002  0.21714182E+002
 -0.93136848E+000 -0.83200815E+000 -0.54954886E+000 -0.18462098E+000 -0.52197032E-002  0.96541802E-003  0.91441867E+000  0.45470472E+001  0.88191753E+001  0.15860406E+002  0.21714182E+002
 -0.93136848E+000 -0.83200815E+000 -0.54954887E+000 -0.18462098E+000 -0.52197034E-002  0.96541804E-003  0.91441867E+000  0.45470473E+001  0.88191755E+001  0.15860406E+002  0.21714183E+002
 -0.93136848E+000 -0.83200814E+000 -0.54954885E+000 -0.18462098E+000 -0.52197036E-002  0.96541804E-003  0.91441868E+000  0.45470473E+001  0.88191757E+001  0.15860407E+002  0.21714183E+002
