  0.20757981E+001  0.12784911E+001  0.89827048E+001  0.10861268E+003
  0.20431925E+001  0.11342292E+001  0.86720221E+001  0.10893406E+003
  0.19094371E+001  0.11758164E+001  0.86169217E+001  0.10894043E+003
  0.18892480E+001  0.11665226E+001  0.83729298E+001  0.10909464E+003
  0.17888525E+001  0.11606558E+001  0.80878797E+001  0.10938515E+003
  0.17413154E+001  0.10744981E+001  0.75856109E+001  0.10993600E+003
  0.17256443E+001  0.89979949E+000  0.75861201E+001  0.11005409E+003
  0.17086491E+001  0.90120579E+000  0.75388929E+001  0.11005645E+003
  0.16967254E+001  0.89599365E+000  0.75530198E+001  0.10965658E+003
  0.16900665E+001  0.89185760E+000  0.74483971E+001  0.11008136E+003
  0.16740934E+001  0.89746210E+000  0.74229924E+001  0.11008139E+003
  0.16403484E+001  0.91437021E+000  0.74048098E+001  0.11008657E+003
  0.15497453E+001  0.99937816E+000  0.73887130E+001  0.11008342E+003
  0.15340968E+001  0.10093117E+001  0.73818062E+001  0.11007547E+003
  0.15316701E+001  0.10079054E+001  0.73747254E+001  0.11006944E+003
  0.15242349E+001  0.10133530E+001  0.73476783E+001  0.11008461E+003
  0.15219107E+001  0.10122852E+001  0.73352671E+001  0.11008919E+003
  0.15168538E+001  0.10168038E+001  0.73218267E+001  0.11009420E+003
  0.15131337E+001  0.10198969E+001  0.73217750E+001  0.11008783E+003
  0.15108286E+001  0.10156318E+001  0.73216104E+001  0.11008917E+003
  0.15070481E+001  0.10184361E+001  0.73221996E+001  0.11008557E+003
  0.15029366E+001  0.10223741E+001  0.73215524E+001  0.11008362E+003
  0.14993142E+001  0.10256055E+001  0.72379944E+001  0.11016583E+003
  0.14993316E+001  0.10255494E+001  0.72382034E+001  0.11016482E+003
  0.14988514E+001  0.10260299E+001  0.72383622E+001  0.11016460E+003
  0.14988803E+001  0.10260123E+001  0.71247781E+001  0.11027877E+003
  0.14988887E+001  0.10260196E+001  0.70854594E+001  0.11031924E+003
  0.14989088E+001  0.10260395E+001  0.70854803E+001  0.11032085E+003
  0.14987867E+001  0.10262124E+001  0.70854838E+001  0.11032289E+003
  0.14988228E+001  0.10262424E+001  0.70855163E+001  0.11032526E+003
  0.14988299E+001  0.10263065E+001  0.70855460E+001  0.11032795E+003
  0.14988668E+001  0.10261342E+001  0.70857857E+001  0.11033092E+003
  0.14989060E+001  0.10261719E+001  0.70836825E+001  0.11033626E+003
  0.14989462E+001  0.10262124E+001  0.70873189E+001  0.11028015E+003
  0.14989871E+001  0.10262546E+001  0.70865839E+001  0.11029568E+003
  0.14990288E+001  0.10262982E+001  0.70858840E+001  0.11031082E+003
  0.14990711E+001  0.10263432E+001  0.70852199E+001  0.11032553E+003
  0.14991140E+001  0.10263895E+001  0.70845922E+001  0.11033981E+003
  0.14991575E+001  0.10264370E+001  0.70840012E+001  0.11035362E+003
  0.14992015E+001  0.10264856E+001  0.70836483E+001  0.11036381E+003
  0.14992460E+001  0.10265352E+001  0.70836696E+001  0.11036823E+003
  0.14992909E+001  0.10265858E+001  0.70836906E+001  0.11037275E+003
  0.14993362E+001  0.10266372E+001  0.70837114E+001  0.11037737E+003
  0.14993820E+001  0.10266895E+001  0.70837322E+001  0.11038208E+003
  0.14994281E+001  0.10267424E+001  0.70837532E+001  0.11038687E+003
  0.14994745E+001  0.10267972E+001  0.70837735E+001  0.11039175E+003
  0.14995212E+001  0.10268514E+001  0.70837954E+001  0.11039671E+003
  0.14995683E+001  0.10269062E+001  0.70838181E+001  0.11040176E+003
  0.14996155E+001  0.10269614E+001  0.70838418E+001  0.11040688E+003
  0.14996630E+001  0.10270172E+001  0.70838665E+001  0.11041207E+003
  0.14997106E+001  0.10270734E+001  0.70838926E+001  0.11041735E+003
  0.14997583E+001  0.10271299E+001  0.70839202E+001  0.11042269E+003
  0.14998061E+001  0.10271869E+001  0.70839495E+001  0.11042810E+003
  0.14998539E+001  0.10272443E+001  0.70839805E+001  0.11043358E+003
  0.14999016E+001  0.10273021E+001  0.70840135E+001  0.11043913E+003
  0.14999507E+001  0.10275720E+001  0.70838354E+001  0.11044474E+003
  0.14999982E+001  0.10276305E+001  0.70838726E+001  0.11045041E+003
  0.15000456E+001  0.10276894E+001  0.70839121E+001  0.11045614E+003
  0.15000926E+001  0.10277486E+001  0.70841561E+001  0.11046172E+003
  0.15001394E+001  0.10278082E+001  0.70842006E+001  0.11046756E+003
  0.15001943E+001  0.10278596E+001  0.70842477E+001  0.11047345E+003
  0.15002402E+001  0.10279198E+001  0.70842973E+001  0.11047939E+003
  0.15002855E+001  0.10279803E+001  0.70843495E+001  0.11048538E+003
  0.15003303E+001  0.10280411E+001  0.70844043E+001  0.11049141E+003
  0.15003752E+001  0.10281013E+001  0.70866016E+001  0.11049535E+003
  0.15004186E+001  0.10281626E+001  0.70866616E+001  0.11050147E+003
  0.15004612E+001  0.10282240E+001  0.70867241E+001  0.11050763E+003
  0.15005029E+001  0.10282858E+001  0.70867888E+001  0.11051383E+003
  0.15005437E+001  0.10283489E+001  0.70868548E+001  0.11052007E+003
  0.15005835E+001  0.10284122E+001  0.70869230E+001  0.11052635E+003
  0.15006224E+001  0.10284845E+001  0.70892097E+001  0.11049774E+003
  0.15006601E+001  0.10285472E+001  0.70893981E+001  0.11050228E+003
  0.15007176E+001  0.10285886E+001  0.70895948E+001  0.11050676E+003
  0.15007531E+001  0.10286502E+001  0.70897992E+001  0.11051119E+003
  0.15007873E+001  0.10287112E+001  0.70900111E+001  0.11051557E+003
  0.15008204E+001  0.10287713E+001  0.70902299E+001  0.11051991E+003
  0.15008521E+001  0.10288305E+001  0.70904553E+001  0.11052420E+003
  0.15008826E+001  0.10288888E+001  0.70906869E+001  0.11052846E+003
  0.15009118E+001  0.10289459E+001  0.70909242E+001  0.11053269E+003
  0.15009396E+001  0.10290019E+001  0.70911668E+001  0.11053689E+003
  0.15009661E+001  0.10290566E+001  0.70914143E+001  0.11054106E+003
  0.15009913E+001  0.10291101E+001  0.70916661E+001  0.11054521E+003
  0.15010152E+001  0.10291623E+001  0.70919218E+001  0.11054933E+003
  0.15010377E+001  0.10292131E+001  0.70921809E+001  0.11055344E+003
  0.15010589E+001  0.10292625E+001  0.70924429E+001  0.11055753E+003
  0.15010788E+001  0.10293106E+001  0.70927073E+001  0.11056161E+003
  0.15010975E+001  0.10293573E+001  0.70929737E+001  0.11056567E+003
  0.15011149E+001  0.10294026E+001  0.70932415E+001  0.11056973E+003
  0.15011311E+001  0.10294464E+001  0.70935102E+001  0.11057378E+003
  0.15011461E+001  0.10294889E+001  0.70937794E+001  0.11057783E+003
  0.15011599E+001  0.10295300E+001  0.70940486E+001  0.11058188E+003
  0.15011727E+001  0.10295696E+001  0.70943174E+001  0.11058592E+003
  0.15011844E+001  0.10296079E+001  0.70945853E+001  0.11058997E+003
  0.15011951E+001  0.10296448E+001  0.70948520E+001  0.11059403E+003
  0.15012048E+001  0.10296803E+001  0.70951171E+001  0.11059810E+003
  0.15012135E+001  0.10297145E+001  0.70953802E+001  0.11060218E+003
  0.15012215E+001  0.10297476E+001  0.70956406E+001  0.11060627E+003
  0.15012285E+001  0.10297790E+001  0.70958987E+001  0.11061038E+003
  0.15012349E+001  0.10298091E+001  0.70961540E+001  0.11061451E+003
  0.15012404E+001  0.10298378E+001  0.70897496E+001  0.11072312E+003
  0.15012453E+001  0.10298651E+001  0.70898426E+001  0.11072974E+003
  0.15012496E+001  0.10298911E+001  0.70899334E+001  0.11073637E+003
  0.15012533E+001  0.10299157E+001  0.70900219E+001  0.11074301E+003
  0.15012564E+001  0.10299390E+001  0.70901078E+001  0.11074965E+003
  0.15012591E+001  0.10299610E+001  0.70901913E+001  0.11075630E+003
  0.15012613E+001  0.10299817E+001  0.70902721E+001  0.11076296E+003
  0.15012630E+001  0.10300010E+001  0.70903501E+001  0.11076964E+003
  0.15012644E+001  0.10300191E+001  0.70904254E+001  0.11077632E+003
  0.15012654E+001  0.10300359E+001  0.70904978E+001  0.11078302E+003
  0.15012660E+001  0.10300514E+001  0.70905673E+001  0.11078974E+003
  0.15012664E+001  0.10300657E+001  0.70906338E+001  0.11079647E+003
  0.15012665E+001  0.10300788E+001  0.70906973E+001  0.11080322E+003
  0.15012662E+001  0.10300908E+001  0.70907577E+001  0.11080998E+003
  0.15012658E+001  0.10301015E+001  0.70908150E+001  0.11081676E+003
  0.15012650E+001  0.10301112E+001  0.70908692E+001  0.11082356E+003
  0.15012641E+001  0.10301197E+001  0.70909201E+001  0.11083038E+003
  0.15012628E+001  0.10301272E+001  0.70909678E+001  0.11083721E+003
  0.15012614E+001  0.10301337E+001  0.70910122E+001  0.11084407E+003
  0.15012597E+001  0.10301392E+001  0.70910532E+001  0.11085094E+003
  0.15012577E+001  0.10301439E+001  0.70910909E+001  0.11085782E+003
  0.15012554E+001  0.10301476E+001  0.70911251E+001  0.11086473E+003
  0.15012529E+001  0.10301505E+001  0.70911557E+001  0.11087165E+003
  0.15012501E+001  0.10301526E+001  0.70911829E+001  0.11087858E+003
  0.15012470E+001  0.10301540E+001  0.70912064E+001  0.11088553E+003
  0.15012436E+001  0.10301547E+001  0.70912263E+001  0.11089250E+003
  0.15012399E+001  0.10301547E+001  0.70912426E+001  0.11089947E+003
  0.15012358E+001  0.10301542E+001  0.70912551E+001  0.11090645E+003
  0.15012313E+001  0.10301531E+001  0.70912640E+001  0.11091345E+003
  0.15012265E+001  0.10301514E+001  0.70912691E+001  0.11092045E+003
  0.15012213E+001  0.10301494E+001  0.70912705E+001  0.11092745E+003
  0.15012157E+001  0.10301469E+001  0.70912683E+001  0.11093446E+003
  0.15012097E+001  0.10301440E+001  0.70912624E+001  0.11094147E+003
  0.15012033E+001  0.10301408E+001  0.70912528E+001  0.11094847E+003
  0.15011965E+001  0.10301373E+001  0.70912397E+001  0.11095547E+003
  0.15011893E+001  0.10301335E+001  0.70912231E+001  0.11096247E+003
  0.15011817E+001  0.10301295E+001  0.70912031E+001  0.11096946E+003
  0.15011736E+001  0.10301253E+001  0.70911798E+001  0.11097643E+003
  0.15011652E+001  0.10301209E+001  0.70911533E+001  0.11098339E+003
  0.15011565E+001  0.10301163E+001  0.70911237E+001  0.11099034E+003
  0.15011473E+001  0.10301116E+001  0.70910913E+001  0.11099726E+003
  0.15011378E+001  0.10301068E+001  0.70910560E+001  0.11100416E+003
  0.15011280E+001  0.10301018E+001  0.70910182E+001  0.11101103E+003
  0.15011179E+001  0.10300968E+001  0.70909779E+001  0.11101787E+003
  0.15011075E+001  0.10300917E+001  0.70909354E+001  0.11102468E+003
  0.15010969E+001  0.10300866E+001  0.70908908E+001  0.11103146E+003
  0.15010861E+001  0.10300814E+001  0.70908444E+001  0.11103819E+003
  0.15010751E+001  0.10300762E+001  0.70907963E+001  0.11104489E+003
  0.15010639E+001  0.10300709E+001  0.70907468E+001  0.11105154E+003
  0.15010526E+001  0.10300656E+001  0.70906960E+001  0.11105814E+003
  0.15010413E+001  0.10300603E+001  0.70906441E+001  0.11106468E+003
  0.15010299E+001  0.10300551E+001  0.70905914E+001  0.11107118E+003
  0.15010184E+001  0.10300498E+001  0.70905379E+001  0.11107761E+003
  0.15010070E+001  0.10300445E+001  0.70904841E+001  0.11108398E+003
  0.15009956E+001  0.10300392E+001  0.70904299E+001  0.11109029E+003
  0.15009844E+001  0.10300340E+001  0.70903756E+001  0.11109654E+003
  0.15009732E+001  0.10300288E+001  0.70903213E+001  0.11110271E+003
  0.15009621E+001  0.10300236E+001  0.70902673E+001  0.11110881E+003
  0.15009513E+001  0.10300185E+001  0.70902137E+001  0.11111484E+003
  0.15009406E+001  0.10300134E+001  0.70901606E+001  0.11112079E+003
  0.15009301E+001  0.10300084E+001  0.70901081E+001  0.11112666E+003
  0.15009199E+001  0.10300035E+001  0.70900564E+001  0.11113245E+003
  0.15009099E+001  0.10299986E+001  0.70900056E+001  0.11113816E+003
  0.15009001E+001  0.10299937E+001  0.70899557E+001  0.11114377E+003
  0.15008907E+001  0.10299890E+001  0.70899069E+001  0.11114930E+003
  0.15008815E+001  0.10299843E+001  0.70898592E+001  0.11115474E+003
  0.15008727E+001  0.10299798E+001  0.70898127E+001  0.11116009E+003
  0.15008642E+001  0.10299753E+001  0.70897675E+001  0.11116535E+003
  0.15008560E+001  0.10299709E+001  0.70897236E+001  0.11117051E+003
  0.15008481E+001  0.10299666E+001  0.70896810E+001  0.11117558E+003
  0.15008405E+001  0.10299625E+001  0.70896398E+001  0.11118055E+003
  0.15008333E+001  0.10299584E+001  0.70896001E+001  0.11118542E+003
  0.15008263E+001  0.10299545E+001  0.70895618E+001  0.11119019E+003
  0.15008197E+001  0.10299506E+001  0.70895249E+001  0.11119486E+003
  0.15008135E+001  0.10299469E+001  0.70894894E+001  0.11119944E+003
  0.15008075E+001  0.10299434E+001  0.70894554E+001  0.11120391E+003
  0.15008018E+001  0.10299399E+001  0.70894228E+001  0.11120828E+003
  0.15007965E+001  0.10299366E+001  0.70893916E+001  0.11121256E+003
  0.15007914E+001  0.10299334E+001  0.70893618E+001  0.11121673E+003
  0.15007866E+001  0.10299303E+001  0.70893333E+001  0.11122080E+003
  0.15007821E+001  0.10299274E+001  0.70893062E+001  0.11122477E+003
  0.15007778E+001  0.10299245E+001  0.70892805E+001  0.11122863E+003
  0.15007738E+001  0.10299218E+001  0.70892560E+001  0.11123240E+003
  0.15007701E+001  0.10299193E+001  0.70892327E+001  0.11123607E+003
  0.15007665E+001  0.10299168E+001  0.70892106E+001  0.11123964E+003
  0.15007632E+001  0.10299145E+001  0.70891897E+001  0.11124312E+003
  0.15007602E+001  0.10299122E+001  0.70891700E+001  0.11124649E+003
  0.15007573E+001  0.10299101E+001  0.70891513E+001  0.11124977E+003
  0.15007546E+001  0.10299081E+001  0.70891337E+001  0.11125295E+003
  0.15007521E+001  0.10299062E+001  0.70891171E+001  0.11125604E+003
  0.15007497E+001  0.10299044E+001  0.70891014E+001  0.11125904E+003
  0.15007476E+001  0.10299027E+001  0.70890867E+001  0.11126194E+003
  0.15007455E+001  0.10299011E+001  0.70890728E+001  0.11126475E+003
  0.15007437E+001  0.10298996E+001  0.70890598E+001  0.11126748E+003
  0.15007419E+001  0.10298982E+001  0.70890476E+001  0.11127011E+003
  0.15007403E+001  0.10298969E+001  0.70890362E+001  0.11127266E+003
  0.15007388E+001  0.10298957E+001  0.70890254E+001  0.11127513E+003
  0.15007374E+001  0.10298945E+001  0.70890154E+001  0.11127751E+003
  0.15007362E+001  0.10298934E+001  0.70890060E+001  0.11127981E+003
  0.15007350E+001  0.10298924E+001  0.70889973E+001  0.11128203E+003
  0.15007339E+001  0.10298914E+001  0.70889891E+001  0.11128417E+003
