  0.36544153E-001  0.37207889E+000  0.31419242E+001  0.11739913E+003
  0.36559619E-001  0.37242163E+000  0.31392401E+001  0.11723529E+003
  0.36537864E-001  0.37273991E+000  0.31369774E+001  0.11709635E+003
  0.36523704E-001  0.37300133E+000  0.31350713E+001  0.11697875E+003
  0.36512083E-001  0.37321406E+000  0.31338129E+001  0.11687900E+003
  0.36510621E-001  0.37337558E+000  0.31340574E+001  0.11679348E+003
  0.36512571E-001  0.37349952E+000  0.31342407E+001  0.11672140E+003
  0.36512177E-001  0.37359717E+000  0.31343717E+001  0.11666072E+003
  0.36507761E-001  0.37367484E+000  0.31344633E+001  0.11660971E+003
  0.36504374E-001  0.37373133E+000  0.31345270E+001  0.11656692E+003
  0.36501824E-001  0.37377003E+000  0.31345674E+001  0.11653110E+003
  0.36499881E-001  0.37379388E+000  0.31345886E+001  0.11650121E+003
  0.36498370E-001  0.37380525E+000  0.31340004E+001  0.11647696E+003
  0.36497164E-001  0.37380611E+000  0.31333753E+001  0.11645701E+003
  0.36496177E-001  0.37379812E+000  0.31329153E+001  0.11644053E+003
  0.36495352E-001  0.37378267E+000  0.31325963E+001  0.11642701E+003
  0.36491879E-001  0.37376367E+000  0.31323975E+001  0.11641600E+003
  0.36488071E-001  0.37373979E+000  0.31323013E+001  0.11640716E+003
  0.36484212E-001  0.37371159E+000  0.31322925E+001  0.11640015E+003
  0.36480348E-001  0.37367973E+000  0.31323585E+001  0.11639472E+003
  0.36476518E-001  0.37364481E+000  0.31324883E+001  0.11639064E+003
  0.36472757E-001  0.37360733E+000  0.31326724E+001  0.11638773E+003
  0.36469899E-001  0.37356693E+000  0.31329029E+001  0.11638581E+003
  0.36469913E-001  0.37352205E+000  0.31331729E+001  0.11638475E+003
  0.36470046E-001  0.37347580E+000  0.31334768E+001  0.11638442E+003
  0.36470305E-001  0.37342847E+000  0.31338096E+001  0.11638473E+003
  0.36470699E-001  0.37338035E+000  0.31339504E+001  0.11638581E+003
  0.36471234E-001  0.37333166E+000  0.31338866E+001  0.11638759E+003
  0.36471915E-001  0.37328262E+000  0.31338222E+001  0.11638980E+003
  0.36472743E-001  0.37323343E+000  0.31337572E+001  0.11639238E+003
  0.36473718E-001  0.37318425E+000  0.31336918E+001  0.11639528E+003
  0.36474838E-001  0.37313524E+000  0.31336259E+001  0.11639847E+003
  0.36476100E-001  0.37308654E+000  0.31335597E+001  0.11640190E+003
  0.36477501E-001  0.37303826E+000  0.31334932E+001  0.11640555E+003
  0.36479035E-001  0.37299053E+000  0.31334263E+001  0.11640939E+003
  0.36480696E-001  0.37294343E+000  0.31333592E+001  0.11641339E+003
  0.36482479E-001  0.37289707E+000  0.31332919E+001  0.11641755E+003
  0.36484375E-001  0.37285152E+000  0.31332244E+001  0.11642185E+003
  0.36486379E-001  0.37280685E+000  0.31331569E+001  0.11642627E+003
  0.36488482E-001  0.37276314E+000  0.31330894E+001  0.11643081E+003
  0.36490678E-001  0.37272044E+000  0.31330220E+001  0.11643545E+003
  0.36492958E-001  0.37267881E+000  0.31329549E+001  0.11644019E+003
  0.36495316E-001  0.37263829E+000  0.31328881E+001  0.11644503E+003
  0.36497743E-001  0.37259895E+000  0.31328218E+001  0.11644996E+003
  0.36500234E-001  0.37256081E+000  0.31327561E+001  0.11645498E+003
  0.36502780E-001  0.37252393E+000  0.31326912E+001  0.11646008E+003
  0.36505376E-001  0.37248835E+000  0.31326272E+001  0.11646526E+003
  0.36508014E-001  0.37245410E+000  0.31325642E+001  0.11647052E+003
  0.36511418E-001  0.37242050E+000  0.31325023E+001  0.11647586E+003
  0.36515102E-001  0.37238824E+000  0.31324413E+001  0.11648128E+003
  0.36518784E-001  0.37235836E+000  0.31323808E+001  0.11648676E+003
  0.36522459E-001  0.37232996E+000  0.31323215E+001  0.11649232E+003
  0.36526125E-001  0.37230305E+000  0.31322637E+001  0.11649795E+003
  0.36529778E-001  0.37227768E+000  0.31322073E+001  0.11650365E+003
  0.36533414E-001  0.37225387E+000  0.31321524E+001  0.11650941E+003
  0.36537032E-001  0.37223164E+000  0.31320990E+001  0.11651523E+003
  0.36540628E-001  0.37221102E+000  0.31320471E+001  0.11652111E+003
  0.36543744E-001  0.37219250E+000  0.31319967E+001  0.11652705E+003
  0.36546526E-001  0.37217592E+000  0.31319480E+001  0.11653305E+003
  0.36549296E-001  0.37216100E+000  0.31320546E+001  0.11653894E+003
  0.36552050E-001  0.37214773E+000  0.31321963E+001  0.11654486E+003
  0.36554782E-001  0.37213612E+000  0.31323368E+001  0.11655082E+003
  0.36557489E-001  0.37212617E+000  0.31324763E+001  0.11655684E+003
  0.36560164E-001  0.37211787E+000  0.31326148E+001  0.11656290E+003
  0.36562802E-001  0.37211120E+000  0.31327524E+001  0.11656900E+003
  0.36563815E-001  0.37210772E+000  0.31328892E+001  0.11657516E+003
  0.36563790E-001  0.37210681E+000  0.31330253E+001  0.11658135E+003
  0.36563766E-001  0.37210736E+000  0.31331609E+001  0.11658758E+003
  0.36563745E-001  0.37210932E+000  0.31332962E+001  0.11659385E+003
  0.36563726E-001  0.37211263E+000  0.31334314E+001  0.11660016E+003
  0.36563708E-001  0.37211721E+000  0.31335665E+001  0.11660650E+003
  0.36563689E-001  0.37212296E+000  0.31337020E+001  0.11661288E+003
  0.36563668E-001  0.37212980E+000  0.31338378E+001  0.11661929E+003
  0.36563646E-001  0.37213762E+000  0.31339743E+001  0.11662573E+003
  0.36563622E-001  0.37214631E+000  0.31341115E+001  0.11663220E+003
  0.36563597E-001  0.37215575E+000  0.31342497E+001  0.11663869E+003
  0.36563570E-001  0.37216584E+000  0.31343891E+001  0.11664521E+003
  0.36563542E-001  0.37217645E+000  0.31345297E+001  0.11665175E+003
  0.36563515E-001  0.37218747E+000  0.31346717E+001  0.11665831E+003
  0.36563487E-001  0.37219877E+000  0.31348150E+001  0.11666489E+003
  0.36563460E-001  0.37221025E+000  0.31349599E+001  0.11667149E+003
  0.36563432E-001  0.37222180E+000  0.31351062E+001  0.11667809E+003
  0.36563403E-001  0.37223332E+000  0.31352540E+001  0.11668471E+003
  0.36563371E-001  0.37224469E+000  0.31354032E+001  0.11669133E+003
  0.36563337E-001  0.37225582E+000  0.31355537E+001  0.11669796E+003
  0.36563296E-001  0.37226663E+000  0.31357056E+001  0.11670459E+003
  0.36563249E-001  0.37227703E+000  0.31358586E+001  0.11671122E+003
  0.36563191E-001  0.37228693E+000  0.31360127E+001  0.11671785E+003
  0.36563122E-001  0.37229628E+000  0.31361678E+001  0.11672448E+003
  0.36563038E-001  0.37230501E+000  0.31363237E+001  0.11673111E+003
  0.36562937E-001  0.37231305E+000  0.31364803E+001  0.11673773E+003
  0.36562817E-001  0.37232035E+000  0.31366375E+001  0.11674435E+003
  0.36562677E-001  0.37232687E+000  0.31367952E+001  0.11675096E+003
  0.36562513E-001  0.37233257E+000  0.31369532E+001  0.11675756E+003
  0.36562325E-001  0.37233742E+000  0.31371114E+001  0.11676417E+003
  0.36562111E-001  0.37234139E+000  0.31372696E+001  0.11677077E+003
  0.36561870E-001  0.37234447E+000  0.31374278E+001  0.11677736E+003
  0.36561602E-001  0.37234665E+000  0.31375857E+001  0.11678395E+003
  0.36561308E-001  0.37234793E+000  0.31377433E+001  0.11679055E+003
  0.36560986E-001  0.37234831E+000  0.31379003E+001  0.11679714E+003
  0.36560638E-001  0.37234780E+000  0.31380566E+001  0.11680373E+003
  0.36560264E-001  0.37234643E+000  0.31382121E+001  0.11681033E+003
  0.36559867E-001  0.37234423E+000  0.31383665E+001  0.11681693E+003
  0.36559447E-001  0.37234122E+000  0.31385197E+001  0.11682353E+003
  0.36559006E-001  0.37233744E+000  0.31386714E+001  0.11683014E+003
  0.36558547E-001  0.37233294E+000  0.31388215E+001  0.11683676E+003
  0.36558071E-001  0.37232777E+000  0.31389698E+001  0.11684340E+003
  0.36557582E-001  0.37232198E+000  0.31391160E+001  0.11685004E+003
  0.36557080E-001  0.37231563E+000  0.31392599E+001  0.11685669E+003
  0.36556570E-001  0.37230878E+000  0.31394012E+001  0.11686336E+003
  0.36556053E-001  0.37230148E+000  0.31395398E+001  0.11687004E+003
  0.36555533E-001  0.37229380E+000  0.31396754E+001  0.11687673E+003
  0.36555011E-001  0.37228581E+000  0.31398079E+001  0.11688345E+003
  0.36554489E-001  0.37227756E+000  0.31399369E+001  0.11689018E+003
  0.36553971E-001  0.37226912E+000  0.31400622E+001  0.11689692E+003
  0.36553459E-001  0.37226054E+000  0.31401838E+001  0.11690368E+003
  0.36552954E-001  0.37225189E+000  0.31403013E+001  0.11691046E+003
  0.36552458E-001  0.37224321E+000  0.31404147E+001  0.11691726E+003
  0.36551973E-001  0.37223456E+000  0.31405238E+001  0.11692408E+003
  0.36551501E-001  0.37222600E+000  0.31406284E+001  0.11693091E+003
  0.36551043E-001  0.37221755E+000  0.31407285E+001  0.11693776E+003
  0.36550600E-001  0.37220926E+000  0.31408240E+001  0.11694462E+003
  0.36550173E-001  0.37220117E+000  0.31409148E+001  0.11695150E+003
  0.36549763E-001  0.37219330E+000  0.31410008E+001  0.11695840E+003
  0.36549371E-001  0.37218569E+000  0.31410821E+001  0.11696530E+003
  0.36548996E-001  0.37217835E+000  0.31411587E+001  0.11697222E+003
  0.36548640E-001  0.37217131E+000  0.31412306E+001  0.11697915E+003
  0.36548302E-001  0.37216457E+000  0.31412979E+001  0.11698608E+003
  0.36547982E-001  0.37215816E+000  0.31413606E+001  0.11699303E+003
  0.36547681E-001  0.37215207E+000  0.31414188E+001  0.11699997E+003
  0.36547398E-001  0.37214631E+000  0.31414728E+001  0.11700692E+003
  0.36547132E-001  0.37214087E+000  0.31415225E+001  0.11701387E+003
  0.36546883E-001  0.37213577E+000  0.31415681E+001  0.11702082E+003
  0.36546651E-001  0.37213099E+000  0.31416099E+001  0.11702776E+003
  0.36546436E-001  0.37212652E+000  0.31416479E+001  0.11703470E+003
  0.36546235E-001  0.37212236E+000  0.31416824E+001  0.11704162E+003
  0.36546050E-001  0.37211850E+000  0.31417136E+001  0.11704853E+003
  0.36545879E-001  0.37211492E+000  0.31417416E+001  0.11705543E+003
  0.36545721E-001  0.37211162E+000  0.31417666E+001  0.11706231E+003
  0.36545575E-001  0.37210858E+000  0.31417889E+001  0.11706917E+003
  0.36545442E-001  0.37210578E+000  0.31418086E+001  0.11707600E+003
  0.36545320E-001  0.37210322E+000  0.31418260E+001  0.11708281E+003
  0.36545209E-001  0.37210088E+000  0.31418411E+001  0.11708958E+003
  0.36545107E-001  0.37209875E+000  0.31418543E+001  0.11709632E+003
  0.36545015E-001  0.37209681E+000  0.31418656E+001  0.11710303E+003
  0.36544931E-001  0.37209504E+000  0.31418753E+001  0.11710969E+003
  0.36544854E-001  0.37209344E+000  0.31418835E+001  0.11711631E+003
  0.36544785E-001  0.37209200E+000  0.31418904E+001  0.11712289E+003
  0.36544723E-001  0.37209069E+000  0.31418961E+001  0.11712942E+003
  0.36544667E-001  0.37208952E+000  0.31419008E+001  0.11713589E+003
  0.36544616E-001  0.37208846E+000  0.31419046E+001  0.11714232E+003
  0.36544571E-001  0.37208751E+000  0.31419075E+001  0.11714868E+003
  0.36544530E-001  0.37208666E+000  0.31419098E+001  0.11715498E+003
  0.36544493E-001  0.37208590E+000  0.31419115E+001  0.11716122E+003
  0.36544460E-001  0.37208521E+000  0.31419126E+001  0.11716739E+003
  0.36544431E-001  0.37208461E+000  0.31419134E+001  0.11717349E+003
  0.36544405E-001  0.37208406E+000  0.31419138E+001  0.11717953E+003
  0.36544381E-001  0.37208358E+000  0.31419140E+001  0.11718548E+003
  0.36544360E-001  0.37208315E+000  0.31419139E+001  0.11719137E+003
  0.36544341E-001  0.37208276E+000  0.31419137E+001  0.11719717E+003
  0.36544325E-001  0.37208242E+000  0.31419133E+001  0.11720289E+003
  0.36544310E-001  0.37208212E+000  0.31419128E+001  0.11720853E+003
  0.36544297E-001  0.37208185E+000  0.31419123E+001  0.11721409E+003
  0.36544285E-001  0.37208161E+000  0.31419118E+001  0.11721955E+003
  0.36544274E-001  0.37208139E+000  0.31419112E+001  0.11722493E+003
  0.36544265E-001  0.37208120E+000  0.31419107E+001  0.11723022E+003
  0.36544257E-001  0.37208103E+000  0.31419101E+001  0.11723542E+003
  0.36544249E-001  0.37208087E+000  0.31419097E+001  0.11724053E+003
  0.36544242E-001  0.37208074E+000  0.31419092E+001  0.11724554E+003
  0.36544236E-001  0.37208061E+000  0.31419089E+001  0.11725046E+003
  0.36544231E-001  0.37208050E+000  0.31419086E+001  0.11725528E+003
  0.36544226E-001  0.37208040E+000  0.31419083E+001  0.11726000E+003
  0.36544222E-001  0.37208031E+000  0.31419081E+001  0.11726463E+003
  0.36544217E-001  0.37208023E+000  0.31419080E+001  0.11726916E+003
  0.36544214E-001  0.37208015E+000  0.31419079E+001  0.11727359E+003
  0.36544211E-001  0.37208008E+000  0.31419079E+001  0.11727792E+003
  0.36544208E-001  0.37208002E+000  0.31419080E+001  0.11728215E+003
  0.36544205E-001  0.37207996E+000  0.31419081E+001  0.11728628E+003
  0.36544202E-001  0.37207991E+000  0.31419082E+001  0.11729031E+003
  0.36544200E-001  0.37207986E+000  0.31419084E+001  0.11729425E+003
  0.36544198E-001  0.37207981E+000  0.31419087E+001  0.11729809E+003
  0.36544196E-001  0.37207977E+000  0.31419089E+001  0.11730182E+003
  0.36544194E-001  0.37207973E+000  0.31419092E+001  0.11730546E+003
  0.36544192E-001  0.37207969E+000  0.31419096E+001  0.11730900E+003
  0.36544191E-001  0.37207965E+000  0.31419099E+001  0.11731245E+003
  0.36544189E-001  0.37207962E+000  0.31419103E+001  0.11731580E+003
  0.36544188E-001  0.37207959E+000  0.31419107E+001  0.11731905E+003
  0.36544187E-001  0.37207956E+000  0.31419111E+001  0.11732222E+003
  0.36544186E-001  0.37207953E+000  0.31419116E+001  0.11732528E+003
  0.36544185E-001  0.37207950E+000  0.31419120E+001  0.11732826E+003
  0.36544184E-001  0.37207948E+000  0.31419125E+001  0.11733114E+003
  0.36544183E-001  0.37207946E+000  0.31419129E+001  0.11733394E+003
  0.36544183E-001  0.37207943E+000  0.31419134E+001  0.11733665E+003
  0.36544182E-001  0.37207941E+000  0.31419138E+001  0.11733927E+003
  0.36544181E-001  0.37207940E+000  0.31419143E+001  0.11734180E+003
  0.36544181E-001  0.37207938E+000  0.31419147E+001  0.11734425E+003
  0.36544181E-001  0.37207936E+000  0.31419152E+001  0.11734662E+003
  0.36544181E-001  0.37207935E+000  0.31419156E+001  0.11734891E+003
  0.36544181E-001  0.37207934E+000  0.31419160E+001  0.11735111E+003
  0.36544181E-001  0.37207933E+000  0.31419165E+001  0.11735324E+003
