  0.15876857E+001
  0.15834559E+001
  0.15800730E+001
  0.15773599E+001
  0.15751907E+001
  0.15734661E+001
  0.15721073E+001
  0.15710507E+001
  0.15702436E+001
  0.15696434E+001
  0.15692150E+001
  0.15689303E+001
  0.15687660E+001
  0.15687028E+001
  0.15687245E+001
  0.15688178E+001
  0.15689715E+001
  0.15691760E+001
  0.15694235E+001
  0.15697074E+001
  0.15700223E+001
  0.15703634E+001
  0.15707270E+001
  0.15711096E+001
  0.15715086E+001
  0.15719215E+001
  0.15723463E+001
  0.15727811E+001
  0.15732245E+001
  0.15736750E+001
  0.15741314E+001
  0.15745925E+001
  0.15750573E+001
  0.15755248E+001
  0.15759942E+001
  0.15764644E+001
  0.15769348E+001
  0.15774046E+001
  0.15778728E+001
  0.15783389E+001
  0.15788019E+001
  0.15792612E+001
  0.15797160E+001
  0.15801655E+001
  0.15806091E+001
  0.15810461E+001
  0.15814756E+001
  0.15818970E+001
  0.15823097E+001
  0.15827129E+001
  0.15831060E+001
  0.15834884E+001
  0.15838595E+001
  0.15842187E+001
  0.15845655E+001
  0.15848995E+001
  0.15852201E+001
  0.15855270E+001
  0.15858200E+001
  0.15860985E+001
  0.15863625E+001
  0.15866118E+001
  0.15868462E+001
  0.15870657E+001
  0.15872703E+001
  0.15874600E+001
  0.15876349E+001
  0.15877952E+001
  0.15879412E+001
  0.15880731E+001
  0.15881913E+001
  0.15882961E+001
  0.15883880E+001
  0.15884675E+001
  0.15885351E+001
  0.15885914E+001
  0.15886370E+001
  0.15886726E+001
  0.15886988E+001
  0.15887164E+001
  0.15887261E+001
  0.15887285E+001
  0.15887245E+001
  0.15887147E+001
  0.15886999E+001
  0.15886807E+001
  0.15886578E+001
  0.15886318E+001
  0.15886033E+001
  0.15885729E+001
  0.15885410E+001
  0.15885081E+001
  0.15884747E+001
  0.15884410E+001
  0.15884073E+001
  0.15883740E+001
  0.15883413E+001
  0.15883093E+001
  0.15882782E+001
  0.15882481E+001
  0.15882191E+001
  0.15881912E+001
  0.15881645E+001
  0.15881389E+001
  0.15881145E+001
  0.15880912E+001
  0.15880691E+001
  0.15880481E+001
  0.15880281E+001
  0.15880091E+001
  0.15879910E+001
  0.15879739E+001
  0.15879576E+001
  0.15879421E+001
  0.15879274E+001
  0.15879133E+001
  0.15879000E+001
  0.15878872E+001
  0.15878751E+001
  0.15878635E+001
  0.15878524E+001
  0.15878418E+001
  0.15878316E+001
  0.15878219E+001
  0.15878126E+001
  0.15878036E+001
  0.15877951E+001
  0.15877868E+001
  0.15877789E+001
  0.15877713E+001
  0.15877640E+001
  0.15877570E+001
  0.15877503E+001
  0.15877439E+001
  0.15877377E+001
  0.15877317E+001
  0.15877260E+001
  0.15877206E+001
  0.15877154E+001
  0.15877104E+001
  0.15877057E+001
  0.15877011E+001
  0.15876968E+001
  0.15876927E+001
  0.15876888E+001
  0.15876851E+001
  0.15876816E+001
  0.15876783E+001
  0.15876751E+001
  0.15876722E+001
  0.15876694E+001
  0.15876669E+001
  0.15876645E+001
  0.15876622E+001
  0.15876602E+001
  0.15876582E+001
  0.15876565E+001
  0.15876549E+001
  0.15876534E+001
  0.15876521E+001
  0.15876509E+001
  0.15876499E+001
  0.15876489E+001
  0.15876481E+001
  0.15876474E+001
  0.15876468E+001
  0.15876464E+001
  0.15876460E+001
  0.15876457E+001
  0.15876455E+001
  0.15876454E+001
  0.15876454E+001
  0.15876454E+001
  0.15876455E+001
  0.15876457E+001
  0.15876460E+001
  0.15876463E+001
  0.15876466E+001
  0.15876470E+001
  0.15876475E+001
  0.15876480E+001
  0.15876485E+001
  0.15876491E+001
  0.15876497E+001
  0.15876503E+001
  0.15876510E+001
  0.15876517E+001
  0.15876524E+001
  0.15876531E+001
  0.15876538E+001
  0.15876545E+001
  0.15876553E+001
  0.15876560E+001
  0.15876568E+001
  0.15876575E+001
  0.15876583E+001
  0.15876590E+001
  0.15876598E+001
  0.15876605E+001
  0.15876613E+001
