  0.12721124E+001  0.54250680E+000  0.81679230E+000  0.37193317E+001
  0.12463525E+001  0.54218686E+000  0.85347123E+000  0.36918133E+001
  0.12179658E+001  0.55239369E+000  0.85221798E+000  0.36977151E+001
  0.12022984E+001  0.54677143E+000  0.86817919E+000  0.36921910E+001
  0.11875663E+001  0.54456158E+000  0.88345005E+000  0.36851854E+001
  0.11671946E+001  0.55667508E+000  0.89186668E+000  0.36781285E+001
  0.11440451E+001  0.56821075E+000  0.89315433E+000  0.36830196E+001
  0.11302423E+001  0.57438034E+000  0.89576974E+000  0.36838109E+001
  0.11204871E+001  0.57041193E+000  0.90418199E+000  0.36763360E+001
  0.11149794E+001  0.56355191E+000  0.90543284E+000  0.36946100E+001
  0.11079564E+001  0.56813631E+000  0.90325596E+000  0.36975119E+001
  0.11028507E+001  0.56861792E+000  0.90626190E+000  0.36979911E+001
  0.10945849E+001  0.57606751E+000  0.90543837E+000  0.36989738E+001
  0.10927895E+001  0.57232086E+000  0.90970662E+000  0.36999947E+001
  0.10916707E+001  0.57116415E+000  0.91089170E+000  0.37011718E+001
  0.10913021E+001  0.56869218E+000  0.90818172E+000  0.37070956E+001
  0.10910613E+001  0.56811679E+000  0.90656210E+000  0.37101461E+001
  0.10879457E+001  0.57129862E+000  0.90360795E+000  0.37138522E+001
  0.10880218E+001  0.57115303E+000  0.90394415E+000  0.37145756E+001
  0.10876494E+001  0.56930432E+000  0.90632884E+000  0.37155477E+001
  0.10872969E+001  0.56759880E+000  0.90882839E+000  0.37163655E+001
  0.10874261E+001  0.56789358E+000  0.90886921E+000  0.37172652E+001
  0.10829205E+001  0.57263984E+000  0.90976631E+000  0.37175816E+001
  0.10832931E+001  0.57274749E+000  0.91004468E+000  0.37183536E+001
  0.10836448E+001  0.57293557E+000  0.91029606E+000  0.37191584E+001
  0.10840532E+001  0.57308422E+000  0.91110937E+000  0.37194396E+001
  0.10844603E+001  0.57322912E+000  0.91153142E+000  0.37201646E+001
  0.10848872E+001  0.57339045E+000  0.91178601E+000  0.37210613E+001
  0.10851447E+001  0.57370713E+000  0.91207109E+000  0.37219756E+001
  0.10855910E+001  0.57386757E+000  0.91235168E+000  0.37228903E+001
  0.10860354E+001  0.57403665E+000  0.91263500E+000  0.37238190E+001
  0.10864907E+001  0.57380630E+000  0.91331383E+000  0.37247596E+001
  0.10869487E+001  0.57393665E+000  0.91364391E+000  0.37257003E+001
  0.10874082E+001  0.57409953E+000  0.91409094E+000  0.37249776E+001
  0.10878682E+001  0.57426219E+000  0.91431415E+000  0.37263126E+001
  0.10883276E+001  0.57442438E+000  0.91454091E+000  0.37276347E+001
  0.10887855E+001  0.57458586E+000  0.91477090E+000  0.37289418E+001
  0.10892410E+001  0.57474641E+000  0.91500381E+000  0.37302320E+001
  0.10896931E+001  0.57490583E+000  0.91523935E+000  0.37315034E+001
  0.10901410E+001  0.57506392E+000  0.91549496E+000  0.37326560E+001
  0.10905838E+001  0.57522047E+000  0.91578237E+000  0.37336213E+001
  0.10910207E+001  0.57537530E+000  0.91606829E+000  0.37345808E+001
  0.10914508E+001  0.57552821E+000  0.91635244E+000  0.37355329E+001
  0.10918732E+001  0.57567899E+000  0.91663453E+000  0.37364759E+001
  0.10922872E+001  0.57582744E+000  0.91691430E+000  0.37374081E+001
  0.10926919E+001  0.57599491E+000  0.91716988E+000  0.37383280E+001
  0.10930866E+001  0.57613808E+000  0.91744410E+000  0.37392340E+001
  0.10934705E+001  0.57627853E+000  0.91771483E+000  0.37401247E+001
  0.10938430E+001  0.57641558E+000  0.91798224E+000  0.37409984E+001
  0.10942032E+001  0.57656034E+000  0.91823464E+000  0.37418538E+001
  0.10945507E+001  0.57669041E+000  0.91849387E+000  0.37426894E+001
  0.10948848E+001  0.57681678E+000  0.91874838E+000  0.37435041E+001
  0.10952049E+001  0.57693905E+000  0.91899797E+000  0.37442964E+001
  0.10955106E+001  0.57705712E+000  0.91924215E+000  0.37450652E+001
  0.10958016E+001  0.57717083E+000  0.91948053E+000  0.37458095E+001
  0.10960775E+001  0.57767829E+000  0.91931441E+000  0.37465281E+001
  0.10963380E+001  0.57778302E+000  0.91953966E+000  0.37472202E+001
  0.10965830E+001  0.57788294E+000  0.91975783E+000  0.37478848E+001
  0.10968125E+001  0.57797794E+000  0.92015085E+000  0.37483390E+001
  0.10970264E+001  0.57806792E+000  0.92035380E+000  0.37489465E+001
  0.10972303E+001  0.57814732E+000  0.92054843E+000  0.37495246E+001
  0.10974133E+001  0.57822709E+000  0.92073435E+000  0.37500730E+001
  0.10975813E+001  0.57830171E+000  0.92091119E+000  0.37505912E+001
  0.10977345E+001  0.57837118E+000  0.92107860E+000  0.37510791E+001
  0.10978750E+001  0.57843392E+000  0.92122655E+000  0.37515462E+001
  0.10979999E+001  0.57849320E+000  0.92137428E+000  0.37519730E+001
  0.10981115E+001  0.57854747E+000  0.92151181E+000  0.37523693E+001
  0.10982101E+001  0.57859684E+000  0.92163901E+000  0.37527354E+001
  0.10982965E+001  0.57864149E+000  0.92175576E+000  0.37530716E+001
  0.10983712E+001  0.57868150E+000  0.92186205E+000  0.37533781E+001
  0.10984350E+001  0.57874115E+000  0.92213188E+000  0.37525627E+001
  0.10984883E+001  0.57877233E+000  0.92222776E+000  0.37527552E+001
  0.10985321E+001  0.57879928E+000  0.92231406E+000  0.37529172E+001
  0.10985668E+001  0.57882237E+000  0.92239099E+000  0.37530497E+001
  0.10985932E+001  0.57884174E+000  0.92245884E+000  0.37531538E+001
  0.10986119E+001  0.57885762E+000  0.92251797E+000  0.37532308E+001
  0.10986236E+001  0.57887023E+000  0.92256878E+000  0.37532819E+001
  0.10986289E+001  0.57887983E+000  0.92261174E+000  0.37533087E+001
  0.10986284E+001  0.57888666E+000  0.92264734E+000  0.37533126E+001
  0.10986228E+001  0.57889098E+000  0.92267612E+000  0.37532951E+001
  0.10986125E+001  0.57889302E+000  0.92269863E+000  0.37532580E+001
  0.10985981E+001  0.57889304E+000  0.92271545E+000  0.37532029E+001
  0.10985801E+001  0.57889128E+000  0.92272715E+000  0.37531316E+001
  0.10985591E+001  0.57888795E+000  0.92273433E+000  0.37530456E+001
  0.10985354E+001  0.57888329E+000  0.92273754E+000  0.37529469E+001
  0.10985094E+001  0.57887750E+000  0.92273735E+000  0.37528369E+001
  0.10984816E+001  0.57887077E+000  0.92273430E+000  0.37527174E+001
  0.10984524E+001  0.57886329E+000  0.92272888E+000  0.37525900E+001
  0.10984219E+001  0.57885522E+000  0.92272159E+000  0.37524560E+001
  0.10983907E+001  0.57884671E+000  0.92271285E+000  0.37523169E+001
  0.10983588E+001  0.57883789E+000  0.92270309E+000  0.37521739E+001
  0.10983267E+001  0.57882889E+000  0.92269266E+000  0.37520282E+001
  0.10982944E+001  0.57881980E+000  0.92268191E+000  0.37518808E+001
  0.10982622E+001  0.57881072E+000  0.92267112E+000  0.37517327E+001
  0.10982302E+001  0.57880173E+000  0.92266054E+000  0.37515847E+001
  0.10981986E+001  0.57879287E+000  0.92265039E+000  0.37514374E+001
  0.10981675E+001  0.57878462E+000  0.92264043E+000  0.37512915E+001
  0.10981371E+001  0.57877618E+000  0.92263164E+000  0.37511473E+001
  0.10981073E+001  0.57876799E+000  0.92262373E+000  0.37510053E+001
  0.10980783E+001  0.57876006E+000  0.92202442E+000  0.37541302E+001
  0.10980501E+001  0.57875242E+000  0.92200463E+000  0.37540697E+001
  0.10980228E+001  0.57874504E+000  0.92198603E+000  0.37540114E+001
  0.10979963E+001  0.57873794E+000  0.92196863E+000  0.37539554E+001
  0.10979708E+001  0.57873109E+000  0.92195244E+000  0.37539017E+001
  0.10979462E+001  0.57872450E+000  0.92193746E+000  0.37538503E+001
  0.10979224E+001  0.57871813E+000  0.92192365E+000  0.37538012E+001
  0.10978996E+001  0.57871196E+000  0.92191098E+000  0.37537543E+001
  0.10978778E+001  0.57870599E+000  0.92189941E+000  0.37537096E+001
  0.10978568E+001  0.57870018E+000  0.92188890E+000  0.37536669E+001
  0.10978367E+001  0.57869452E+000  0.92187938E+000  0.37536262E+001
  0.10978174E+001  0.57868899E+000  0.92187079E+000  0.37535874E+001
  0.10977990E+001  0.57868356E+000  0.92186309E+000  0.37535503E+001
  0.10977815E+001  0.57867822E+000  0.92185620E+000  0.37535150E+001
  0.10977647E+001  0.57867296E+000  0.92185007E+000  0.37534812E+001
  0.10977487E+001  0.57866776E+000  0.92184463E+000  0.37534488E+001
  0.10977335E+001  0.57866260E+000  0.92183983E+000  0.37534179E+001
  0.10977190E+001  0.57865749E+000  0.92183560E+000  0.37533883E+001
  0.10977053E+001  0.57865240E+000  0.92183190E+000  0.37533599E+001
  0.10976922E+001  0.57864735E+000  0.92182866E+000  0.37533326E+001
  0.10976798E+001  0.57864232E+000  0.92182585E+000  0.37533064E+001
  0.10976681E+001  0.57863732E+000  0.92182340E+000  0.37532812E+001
  0.10976570E+001  0.57863234E+000  0.92182129E+000  0.37532570E+001
  0.10976464E+001  0.57862739E+000  0.92181946E+000  0.37532337E+001
  0.10976365E+001  0.57862248E+000  0.92181788E+000  0.37532112E+001
  0.10976271E+001  0.57861760E+000  0.92181652E+000  0.37531895E+001
  0.10976183E+001  0.57861277E+000  0.92181534E+000  0.37531686E+001
  0.10976099E+001  0.57860799E+000  0.92181431E+000  0.37531484E+001
  0.10976021E+001  0.57860328E+000  0.92181341E+000  0.37531290E+001
  0.10975947E+001  0.57859864E+000  0.92181262E+000  0.37531101E+001
  0.10975878E+001  0.57859407E+000  0.92181191E+000  0.37530920E+001
  0.10975813E+001  0.57858959E+000  0.92181127E+000  0.37530744E+001
  0.10975752E+001  0.57858521E+000  0.92181068E+000  0.37530575E+001
  0.10975695E+001  0.57858094E+000  0.92181012E+000  0.37530412E+001
  0.10975641E+001  0.57857677E+000  0.92180960E+000  0.37530254E+001
  0.10975591E+001  0.57857272E+000  0.92180909E+000  0.37530102E+001
  0.10975544E+001  0.57856880E+000  0.92180859E+000  0.37529956E+001
  0.10975501E+001  0.57856501E+000  0.92180810E+000  0.37529815E+001
  0.10975460E+001  0.57856135E+000  0.92180760E+000  0.37529679E+001
  0.10975422E+001  0.57855783E+000  0.92180710E+000  0.37529549E+001
  0.10975386E+001  0.57855445E+000  0.92180659E+000  0.37529424E+001
  0.10975353E+001  0.57855122E+000  0.92180608E+000  0.37529304E+001
  0.10975323E+001  0.57854813E+000  0.92180556E+000  0.37529190E+001
  0.10975294E+001  0.57854519E+000  0.92180503E+000  0.37529080E+001
  0.10975267E+001  0.57854239E+000  0.92180449E+000  0.37528975E+001
  0.10975243E+001  0.57853974E+000  0.92180395E+000  0.37528876E+001
  0.10975220E+001  0.57853722E+000  0.92180340E+000  0.37528781E+001
  0.10975198E+001  0.57853485E+000  0.92180285E+000  0.37528692E+001
  0.10975178E+001  0.57853261E+000  0.92180230E+000  0.37528607E+001
  0.10975160E+001  0.57853051E+000  0.92180176E+000  0.37528527E+001
  0.10975143E+001  0.57852853E+000  0.92180122E+000  0.37528452E+001
  0.10975127E+001  0.57852667E+000  0.92180068E+000  0.37528382E+001
  0.10975112E+001  0.57852494E+000  0.92180016E+000  0.37528316E+001
  0.10975098E+001  0.57852332E+000  0.92179964E+000  0.37528255E+001
  0.10975086E+001  0.57852181E+000  0.92179914E+000  0.37528199E+001
  0.10975074E+001  0.57852040E+000  0.92179866E+000  0.37528147E+001
  0.10975063E+001  0.57851909E+000  0.92179819E+000  0.37528099E+001
  0.10975053E+001  0.57851788E+000  0.92179773E+000  0.37528056E+001
  0.10975043E+001  0.57851675E+000  0.92179730E+000  0.37528016E+001
  0.10975034E+001  0.57851571E+000  0.92179688E+000  0.37527981E+001
  0.10975026E+001  0.57851475E+000  0.92179649E+000  0.37527950E+001
  0.10975019E+001  0.57851386E+000  0.92179612E+000  0.37527923E+001
  0.10975012E+001  0.57851304E+000  0.92179576E+000  0.37527900E+001
  0.10975005E+001  0.57851228E+000  0.92179543E+000  0.37527880E+001
  0.10974999E+001  0.57851158E+000  0.92179512E+000  0.37527864E+001
  0.10974993E+001  0.57851094E+000  0.92179483E+000  0.37527851E+001
  0.10974988E+001  0.57851034E+000  0.92179456E+000  0.37527842E+001
  0.10974983E+001  0.57850980E+000  0.92179431E+000  0.37527835E+001
  0.10974978E+001  0.57850930E+000  0.92179408E+000  0.37527832E+001
  0.10974974E+001  0.57850884E+000  0.92179387E+000  0.37527832E+001
  0.10974970E+001  0.57850842E+000  0.92179367E+000  0.37527834E+001
  0.10974966E+001  0.57850803E+000  0.92179349E+000  0.37527839E+001
  0.10974963E+001  0.57850767E+000  0.92179333E+000  0.37527847E+001
  0.10974960E+001  0.57850734E+000  0.92179318E+000  0.37527856E+001
  0.10974957E+001  0.57850704E+000  0.92179305E+000  0.37527869E+001
  0.10974954E+001  0.57850676E+000  0.92179293E+000  0.37527883E+001
  0.10974951E+001  0.57850651E+000  0.92179283E+000  0.37527899E+001
  0.10974949E+001  0.57850628E+000  0.92179273E+000  0.37527917E+001
  0.10974946E+001  0.57850606E+000  0.92179265E+000  0.37527937E+001
  0.10974944E+001  0.57850586E+000  0.92179257E+000  0.37527958E+001
  0.10974942E+001  0.57850568E+000  0.92179250E+000  0.37527981E+001
  0.10974940E+001  0.57850551E+000  0.92179245E+000  0.37528005E+001
  0.10974938E+001  0.57850535E+000  0.92179240E+000  0.37528030E+001
  0.10974936E+001  0.57850521E+000  0.92179235E+000  0.37528057E+001
  0.10974935E+001  0.57850508E+000  0.92179231E+000  0.37528084E+001
  0.10974933E+001  0.57850495E+000  0.92179228E+000  0.37528112E+001
  0.10974932E+001  0.57850484E+000  0.92179225E+000  0.37528141E+001
  0.10974930E+001  0.57850473E+000  0.92179223E+000  0.37528171E+001
  0.10974929E+001  0.57850463E+000  0.92179221E+000  0.37528201E+001
  0.10974928E+001  0.57850454E+000  0.92179219E+000  0.37528232E+001
  0.10974927E+001  0.57850446E+000  0.92179218E+000  0.37528263E+001
  0.10974926E+001  0.57850438E+000  0.92179216E+000  0.37528295E+001
  0.10974925E+001  0.57850430E+000  0.92179215E+000  0.37528326E+001
  0.10974924E+001  0.57850423E+000  0.92179214E+000  0.37528358E+001
  0.10974923E+001  0.57850417E+000  0.92179214E+000  0.37528390E+001
  0.10974922E+001  0.57850411E+000  0.92179213E+000  0.37528422E+001
  0.10974921E+001  0.57850405E+000  0.92179212E+000  0.37528454E+001
  0.10974920E+001  0.57850399E+000  0.92179211E+000  0.37528486E+001
  0.10974919E+001  0.57850394E+000  0.92179210E+000  0.37528517E+001
  0.10974918E+001  0.57850389E+000  0.92179209E+000  0.37528549E+001
  0.10974917E+001  0.57850383E+000  0.92179208E+000  0.37528580E+001
