 -0.50351565E-001
 -0.50536768E-001
 -0.50680214E-001
 -0.50789695E-001
 -0.50869850E-001
 -0.50926685E-001
 -0.50966906E-001
 -0.50993702E-001
 -0.51009639E-001
 -0.51016833E-001
 -0.51017027E-001
 -0.51011643E-001
 -0.51001846E-001
 -0.50988598E-001
 -0.50972682E-001
 -0.50954450E-001
 -0.50934488E-001
 -0.50913374E-001
 -0.50891537E-001
 -0.50869298E-001
 -0.50846905E-001
 -0.50824550E-001
 -0.50802383E-001
 -0.50780524E-001
 -0.50759066E-001
 -0.50738103E-001
 -0.50717717E-001
 -0.50697923E-001
 -0.50678744E-001
 -0.50660197E-001
 -0.50642298E-001
 -0.50625059E-001
 -0.50608487E-001
 -0.50592584E-001
 -0.50577348E-001
 -0.50562775E-001
 -0.50548855E-001
 -0.50535577E-001
 -0.50522928E-001
 -0.50510892E-001
 -0.50499454E-001
 -0.50488595E-001
 -0.50478298E-001
 -0.50468545E-001
 -0.50459318E-001
 -0.50450600E-001
 -0.50442374E-001
 -0.50434623E-001
 -0.50427332E-001
 -0.50420487E-001
 -0.50414072E-001
 -0.50408073E-001
 -0.50402478E-001
 -0.50397272E-001
 -0.50392444E-001
 -0.50387978E-001
 -0.50383863E-001
 -0.50380084E-001
 -0.50376627E-001
 -0.50373479E-001
 -0.50370625E-001
 -0.50368051E-001
 -0.50365741E-001
 -0.50363680E-001
 -0.50361854E-001
 -0.50360247E-001
 -0.50358846E-001
 -0.50357636E-001
 -0.50356611E-001
 -0.50355751E-001
 -0.50355041E-001
 -0.50354471E-001
 -0.50354028E-001
 -0.50353703E-001
 -0.50353486E-001
 -0.50353369E-001
 -0.50353342E-001
 -0.50353398E-001
 -0.50353530E-001
 -0.50353729E-001
 -0.50353989E-001
 -0.50354303E-001
 -0.50354664E-001
 -0.50355063E-001
 -0.50355495E-001
 -0.50355953E-001
 -0.50356428E-001
 -0.50356915E-001
 -0.50357407E-001
 -0.50357898E-001
 -0.50358382E-001
 -0.50358852E-001
 -0.50359305E-001
 -0.50359737E-001
 -0.50360142E-001
 -0.50360518E-001
 -0.50360863E-001
 -0.50361174E-001
 -0.50361451E-001
 -0.50361691E-001
 -0.50361896E-001
 -0.50362065E-001
 -0.50362198E-001
 -0.50362296E-001
 -0.50362361E-001
 -0.50362394E-001
 -0.50362396E-001
 -0.50362369E-001
 -0.50362314E-001
 -0.50362235E-001
 -0.50362132E-001
 -0.50362007E-001
 -0.50361862E-001
 -0.50361699E-001
 -0.50361521E-001
 -0.50361327E-001
 -0.50361121E-001
 -0.50360904E-001
 -0.50360677E-001
 -0.50360442E-001
 -0.50360201E-001
 -0.50359953E-001
 -0.50359702E-001
 -0.50359447E-001
 -0.50359191E-001
 -0.50358933E-001
 -0.50358675E-001
 -0.50358418E-001
 -0.50358163E-001
 -0.50357909E-001
 -0.50357659E-001
 -0.50357412E-001
 -0.50357169E-001
 -0.50356931E-001
 -0.50356698E-001
 -0.50356470E-001
 -0.50356247E-001
 -0.50356031E-001
 -0.50355821E-001
 -0.50355616E-001
 -0.50355419E-001
 -0.50355228E-001
 -0.50355043E-001
 -0.50354865E-001
 -0.50354694E-001
 -0.50354530E-001
 -0.50354372E-001
 -0.50354221E-001
 -0.50354076E-001
 -0.50353937E-001
 -0.50353805E-001
 -0.50353679E-001
 -0.50353559E-001
 -0.50353444E-001
 -0.50353336E-001
 -0.50353232E-001
 -0.50353134E-001
 -0.50353041E-001
 -0.50352953E-001
 -0.50352870E-001
 -0.50352791E-001
 -0.50352716E-001
 -0.50352646E-001
 -0.50352579E-001
 -0.50352516E-001
 -0.50352457E-001
 -0.50352402E-001
 -0.50352349E-001
 -0.50352300E-001
 -0.50352254E-001
 -0.50352210E-001
 -0.50352169E-001
 -0.50352131E-001
 -0.50352095E-001
 -0.50352061E-001
 -0.50352029E-001
 -0.50352000E-001
 -0.50351972E-001
 -0.50351946E-001
 -0.50351921E-001
 -0.50351899E-001
 -0.50351877E-001
 -0.50351857E-001
 -0.50351838E-001
 -0.50351821E-001
 -0.50351805E-001
 -0.50351789E-001
 -0.50351775E-001
 -0.50351762E-001
 -0.50351749E-001
 -0.50351738E-001
 -0.50351727E-001
 -0.50351717E-001
 -0.50351708E-001
 -0.50351699E-001
 -0.50351692E-001
 -0.50351685E-001
 -0.50351679E-001
 -0.50351674E-001
 -0.50351668E-001
