  0.16380372E+001
  0.16339926E+001
  0.16307533E+001
  0.16281496E+001
  0.16260606E+001
  0.16243928E+001
  0.16230742E+001
  0.16220444E+001
  0.16212532E+001
  0.16206603E+001
  0.16202321E+001
  0.16199419E+001
  0.16197679E+001
  0.16196914E+001
  0.16196971E+001
  0.16197722E+001
  0.16199059E+001
  0.16200894E+001
  0.16203151E+001
  0.16205767E+001
  0.16208692E+001
  0.16211880E+001
  0.16215294E+001
  0.16218901E+001
  0.16222676E+001
  0.16226596E+001
  0.16230640E+001
  0.16234790E+001
  0.16239033E+001
  0.16243352E+001
  0.16247737E+001
  0.16252176E+001
  0.16256658E+001
  0.16261174E+001
  0.16265715E+001
  0.16270272E+001
  0.16274837E+001
  0.16279401E+001
  0.16283958E+001
  0.16288497E+001
  0.16293013E+001
  0.16297498E+001
  0.16301943E+001
  0.16306341E+001
  0.16310684E+001
  0.16314967E+001
  0.16319180E+001
  0.16323316E+001
  0.16327370E+001
  0.16331334E+001
  0.16335201E+001
  0.16338965E+001
  0.16342619E+001
  0.16346159E+001
  0.16349579E+001
  0.16352874E+001
  0.16356040E+001
  0.16359071E+001
  0.16361966E+001
  0.16364720E+001
  0.16367332E+001
  0.16369799E+001
  0.16372120E+001
  0.16374294E+001
  0.16376321E+001
  0.16378202E+001
  0.16379937E+001
  0.16381529E+001
  0.16382978E+001
  0.16384289E+001
  0.16385463E+001
  0.16386505E+001
  0.16387420E+001
  0.16388212E+001
  0.16388885E+001
  0.16389447E+001
  0.16389903E+001
  0.16390260E+001
  0.16390523E+001
  0.16390701E+001
  0.16390801E+001
  0.16390828E+001
  0.16390792E+001
  0.16390698E+001
  0.16390554E+001
  0.16390366E+001
  0.16390142E+001
  0.16389887E+001
  0.16389607E+001
  0.16389308E+001
  0.16388994E+001
  0.16388670E+001
  0.16388340E+001
  0.16388007E+001
  0.16387675E+001
  0.16387346E+001
  0.16387022E+001
  0.16386705E+001
  0.16386397E+001
  0.16386098E+001
  0.16385810E+001
  0.16385533E+001
  0.16385267E+001
  0.16385012E+001
  0.16384769E+001
  0.16384536E+001
  0.16384315E+001
  0.16384104E+001
  0.16383904E+001
  0.16383713E+001
  0.16383532E+001
  0.16383359E+001
  0.16383195E+001
  0.16383038E+001
  0.16382889E+001
  0.16382747E+001
  0.16382611E+001
  0.16382482E+001
  0.16382358E+001
  0.16382239E+001
  0.16382126E+001
  0.16382017E+001
  0.16381913E+001
  0.16381813E+001
  0.16381718E+001
  0.16381626E+001
  0.16381537E+001
  0.16381452E+001
  0.16381371E+001
  0.16381292E+001
  0.16381217E+001
  0.16381144E+001
  0.16381075E+001
  0.16381008E+001
  0.16380944E+001
  0.16380882E+001
  0.16380823E+001
  0.16380766E+001
  0.16380712E+001
  0.16380660E+001
  0.16380611E+001
  0.16380563E+001
  0.16380518E+001
  0.16380475E+001
  0.16380435E+001
  0.16380396E+001
  0.16380359E+001
  0.16380325E+001
  0.16380292E+001
  0.16380261E+001
  0.16380232E+001
  0.16380205E+001
  0.16380180E+001
  0.16380157E+001
  0.16380135E+001
  0.16380115E+001
  0.16380096E+001
  0.16380079E+001
  0.16380064E+001
  0.16380050E+001
  0.16380037E+001
  0.16380026E+001
  0.16380016E+001
  0.16380007E+001
  0.16379999E+001
  0.16379993E+001
  0.16379988E+001
  0.16379983E+001
  0.16379980E+001
  0.16379978E+001
  0.16379976E+001
  0.16379975E+001
  0.16379975E+001
  0.16379976E+001
  0.16379978E+001
  0.16379980E+001
  0.16379983E+001
  0.16379986E+001
  0.16379990E+001
  0.16379994E+001
  0.16379999E+001
  0.16380004E+001
  0.16380010E+001
  0.16380015E+001
  0.16380022E+001
  0.16380028E+001
  0.16380034E+001
  0.16380041E+001
  0.16380048E+001
  0.16380055E+001
  0.16380063E+001
  0.16380070E+001
  0.16380077E+001
  0.16380085E+001
  0.16380092E+001
  0.16380100E+001
  0.16380107E+001
  0.16380115E+001
  0.16380122E+001
  0.16380130E+001
