  0.12555275E+001
  0.12541132E+001
  0.12530228E+001
  0.12521302E+001
  0.12513931E+001
  0.12507818E+001
  0.12502724E+001
  0.12498492E+001
  0.12494969E+001
  0.12492041E+001
  0.12489607E+001
  0.12487600E+001
  0.12485958E+001
  0.12484626E+001
  0.12483548E+001
  0.12482695E+001
  0.12482032E+001
  0.12481531E+001
  0.12481166E+001
  0.12480917E+001
  0.12480766E+001
  0.12480699E+001
  0.12480704E+001
  0.12480769E+001
  0.12480887E+001
  0.12481048E+001
  0.12481248E+001
  0.12481480E+001
  0.12481740E+001
  0.12482023E+001
  0.12482326E+001
  0.12482647E+001
  0.12482982E+001
  0.12483329E+001
  0.12483686E+001
  0.12484052E+001
  0.12484425E+001
  0.12484803E+001
  0.12485187E+001
  0.12485574E+001
  0.12485964E+001
  0.12486357E+001
  0.12486752E+001
  0.12487147E+001
  0.12487544E+001
  0.12487940E+001
  0.12488337E+001
  0.12488733E+001
  0.12489128E+001
  0.12489521E+001
  0.12489913E+001
  0.12490303E+001
  0.12490690E+001
  0.12491075E+001
  0.12491456E+001
  0.12491835E+001
  0.12492209E+001
  0.12492579E+001
  0.12492946E+001
  0.12493307E+001
  0.12493664E+001
  0.12494016E+001
  0.12494363E+001
  0.12494704E+001
  0.12495041E+001
  0.12495371E+001
  0.12495696E+001
  0.12496016E+001
  0.12496329E+001
  0.12496637E+001
  0.12496940E+001
  0.12497236E+001
  0.12497528E+001
  0.12497813E+001
  0.12498094E+001
  0.12498369E+001
  0.12498639E+001
  0.12498903E+001
  0.12499163E+001
  0.12499418E+001
  0.12499668E+001
  0.12499914E+001
  0.12500155E+001
  0.12500392E+001
  0.12500625E+001
  0.12500854E+001
  0.12501079E+001
  0.12501301E+001
  0.12501519E+001
  0.12501734E+001
  0.12501947E+001
  0.12502157E+001
  0.12502364E+001
  0.12502569E+001
  0.12502772E+001
  0.12502972E+001
  0.12503172E+001
  0.12503369E+001
  0.12503565E+001
  0.12503760E+001
  0.12503954E+001
  0.12504147E+001
  0.12504339E+001
  0.12504530E+001
  0.12504721E+001
  0.12504912E+001
  0.12505102E+001
  0.12505291E+001
  0.12505481E+001
  0.12505671E+001
  0.12505860E+001
  0.12506050E+001
  0.12506240E+001
  0.12506430E+001
  0.12506620E+001
  0.12506811E+001
  0.12507002E+001
  0.12507194E+001
  0.12507386E+001
  0.12507578E+001
  0.12507771E+001
  0.12507965E+001
  0.12508159E+001
  0.12508354E+001
  0.12508549E+001
  0.12508745E+001
  0.12508942E+001
  0.12509139E+001
  0.12509336E+001
  0.12509535E+001
  0.12509733E+001
  0.12509932E+001
  0.12510132E+001
  0.12510332E+001
  0.12510532E+001
  0.12510733E+001
  0.12510934E+001
  0.12511135E+001
  0.12511336E+001
  0.12511537E+001
  0.12511738E+001
  0.12511939E+001
  0.12512140E+001
  0.12512341E+001
  0.12512541E+001
  0.12512741E+001
  0.12512940E+001
  0.12513139E+001
  0.12513337E+001
  0.12513534E+001
  0.12513730E+001
  0.12513926E+001
  0.12514120E+001
  0.12514313E+001
  0.12514505E+001
  0.12514695E+001
  0.12514884E+001
  0.12515071E+001
  0.12515257E+001
  0.12515441E+001
  0.12515623E+001
  0.12515803E+001
  0.12515981E+001
  0.12516157E+001
  0.12516331E+001
  0.12516503E+001
  0.12516672E+001
  0.12516839E+001
  0.12517003E+001
  0.12517165E+001
  0.12517325E+001
  0.12517481E+001
  0.12517636E+001
  0.12517787E+001
  0.12517935E+001
  0.12518081E+001
  0.12518224E+001
  0.12518364E+001
  0.12518501E+001
  0.12518636E+001
  0.12518767E+001
  0.12518895E+001
  0.12519021E+001
  0.12519143E+001
  0.12519263E+001
  0.12519379E+001
  0.12519493E+001
  0.12519604E+001
  0.12519711E+001
  0.12519816E+001
  0.12519918E+001
  0.12520017E+001
  0.12520113E+001
  0.12520207E+001
  0.12520297E+001
  0.12520385E+001
  0.12520470E+001
  0.12520553E+001
  0.12520633E+001
  0.12520710E+001
