  0.60226895E+000
  0.60334167E+000
  0.60399754E+000
  0.60435303E+000
  0.60419313E+000
  0.60370691E+000
  0.60331637E+000
  0.60299211E+000
  0.60271492E+000
  0.60247210E+000
  0.60225586E+000
  0.60206033E+000
  0.60188154E+000
  0.60171662E+000
  0.60156347E+000
  0.60137080E+000
  0.60114852E+000
  0.60092267E+000
  0.60070655E+000
  0.60050642E+000
  0.60032453E+000
  0.60016104E+000
  0.60001503E+000
  0.59988512E+000
  0.59976975E+000
  0.59967084E+000
  0.59959080E+000
  0.59952339E+000
  0.59946490E+000
  0.59941308E+000
  0.59936659E+000
  0.59932459E+000
  0.59928652E+000
  0.59925201E+000
  0.59922078E+000
  0.59919259E+000
  0.59916722E+000
  0.59914449E+000
  0.59912421E+000
  0.59910619E+000
  0.59909025E+000
  0.59907621E+000
  0.59906391E+000
  0.59905317E+000
  0.59904384E+000
  0.59903576E+000
  0.59902879E+000
  0.59902279E+000
  0.59901765E+000
  0.59901325E+000
  0.59900949E+000
  0.59900629E+000
  0.59900357E+000
  0.59900126E+000
  0.59899930E+000
  0.59899764E+000
  0.59899624E+000
  0.59899507E+000
  0.59899409E+000
  0.59899328E+000
  0.59899262E+000
  0.59899210E+000
  0.59899168E+000
  0.59899138E+000
  0.59899116E+000
  0.59899104E+000
  0.59899100E+000
  0.59899136E+000
  0.59899307E+000
  0.59899508E+000
  0.59899717E+000
  0.59899931E+000
  0.59900148E+000
  0.59900369E+000
  0.59900595E+000
  0.59900826E+000
  0.59901063E+000
  0.59901306E+000
  0.59901555E+000
  0.59901811E+000
  0.59902072E+000
  0.59902340E+000
  0.59902613E+000
  0.59902891E+000
  0.59903172E+000
  0.59903456E+000
  0.59903741E+000
  0.59904026E+000
  0.59904310E+000
  0.59904591E+000
  0.59904868E+000
  0.59905139E+000
  0.59905404E+000
  0.59905661E+000
  0.59905910E+000
  0.59906149E+000
  0.59906379E+000
  0.59906598E+000
  0.59906806E+000
  0.59907004E+000
  0.59907191E+000
  0.59907367E+000
  0.59907532E+000
  0.59907687E+000
  0.59907832E+000
  0.59907968E+000
  0.59908094E+000
  0.59908211E+000
  0.59908320E+000
  0.59908421E+000
  0.59908515E+000
  0.59908601E+000
  0.59908681E+000
  0.59908755E+000
  0.59908823E+000
  0.59908886E+000
  0.59908944E+000
  0.59908997E+000
  0.59909045E+000
  0.59909090E+000
  0.59909131E+000
  0.59909168E+000
  0.59909201E+000
  0.59909232E+000
  0.59909259E+000
  0.59909284E+000
  0.59909306E+000
  0.59909325E+000
  0.59909342E+000
  0.59909357E+000
  0.59909370E+000
  0.59909381E+000
  0.59909389E+000
  0.59909396E+000
  0.59909401E+000
  0.59909404E+000
  0.59909406E+000
  0.59909406E+000
  0.59909405E+000
  0.59909402E+000
  0.59909399E+000
  0.59909393E+000
  0.59909387E+000
  0.59909380E+000
  0.59909372E+000
  0.59909362E+000
  0.59909352E+000
  0.59909341E+000
  0.59909330E+000
  0.59909317E+000
  0.59909304E+000
  0.59909291E+000
  0.59909277E+000
  0.59909263E+000
  0.59909249E+000
  0.59909234E+000
  0.59909219E+000
  0.59909204E+000
  0.59909188E+000
  0.59909173E+000
  0.59909158E+000
  0.59909143E+000
  0.59909128E+000
  0.59909113E+000
  0.59909098E+000
  0.59909083E+000
  0.59909069E+000
  0.59909055E+000
  0.59909041E+000
  0.59909027E+000
  0.59909014E+000
  0.59909001E+000
  0.59908989E+000
  0.59908977E+000
  0.59908965E+000
  0.59908954E+000
  0.59908943E+000
  0.59908932E+000
  0.59908922E+000
  0.59908912E+000
  0.59908903E+000
  0.59908894E+000
  0.59908886E+000
  0.59908877E+000
  0.59908870E+000
  0.59908862E+000
  0.59908855E+000
  0.59908848E+000
  0.59908842E+000
  0.59908836E+000
  0.59908830E+000
  0.59908825E+000
  0.59908819E+000
  0.59908815E+000
  0.59908810E+000
  0.59908806E+000
  0.59908802E+000
  0.59908798E+000
  0.59908795E+000
  0.59908791E+000
