  0.19591460E+001
  0.20304536E+001
  0.20435904E+001
  0.20426461E+001
  0.20395765E+001
  0.20358615E+001
  0.20267784E+001
  0.20157056E+001
  0.20047504E+001
  0.19949575E+001
  0.19867070E+001
  0.19799617E+001
  0.19744838E+001
  0.19700234E+001
  0.19663536E+001
  0.19634435E+001
  0.19611355E+001
  0.19592814E+001
  0.19577752E+001
  0.19565403E+001
  0.19555200E+001
  0.19546720E+001
  0.19539640E+001
  0.19533710E+001
  0.19528733E+001
  0.19523731E+001
  0.19517465E+001
  0.19510660E+001
  0.19503843E+001
  0.19497374E+001
  0.19491486E+001
  0.19486312E+001
  0.19481911E+001
  0.19478290E+001
  0.19475418E+001
  0.19473242E+001
  0.19471694E+001
  0.19470701E+001
  0.19470188E+001
  0.19470081E+001
  0.19470315E+001
  0.19470829E+001
  0.19471568E+001
  0.19472488E+001
  0.19473549E+001
  0.19474719E+001
  0.19475973E+001
  0.19477288E+001
  0.19478649E+001
  0.19480043E+001
  0.19481460E+001
  0.19482892E+001
  0.19484333E+001
  0.19485779E+001
  0.19487227E+001
  0.19488673E+001
  0.19490116E+001
  0.19491554E+001
  0.19492985E+001
  0.19494407E+001
  0.19495820E+001
  0.19497221E+001
  0.19498610E+001
  0.19499986E+001
  0.19501347E+001
  0.19502693E+001
  0.19504024E+001
  0.19505224E+001
  0.19505930E+001
  0.19506421E+001
  0.19506821E+001
  0.19507185E+001
  0.19507539E+001
  0.19507891E+001
  0.19508244E+001
  0.19508600E+001
  0.19508957E+001
  0.19509316E+001
  0.19509675E+001
  0.19510033E+001
  0.19510390E+001
  0.19510745E+001
  0.19511097E+001
  0.19511446E+001
  0.19511790E+001
  0.19512130E+001
  0.19512464E+001
  0.19512792E+001
  0.19513114E+001
  0.19513430E+001
  0.19513740E+001
  0.19514042E+001
  0.19514339E+001
  0.19514628E+001
  0.19514912E+001
  0.19515189E+001
  0.19515460E+001
  0.19515726E+001
  0.19515986E+001
  0.19516242E+001
  0.19516494E+001
  0.19516742E+001
  0.19516986E+001
  0.19517227E+001
  0.19517466E+001
  0.19517703E+001
  0.19517938E+001
  0.19518172E+001
  0.19518406E+001
  0.19518639E+001
  0.19518872E+001
  0.19519106E+001
  0.19519340E+001
  0.19519576E+001
  0.19519813E+001
  0.19520052E+001
  0.19520292E+001
  0.19520535E+001
  0.19520780E+001
  0.19521028E+001
  0.19521278E+001
  0.19521530E+001
  0.19521786E+001
  0.19522044E+001
  0.19522305E+001
  0.19522569E+001
  0.19522836E+001
  0.19523106E+001
  0.19523379E+001
  0.19523654E+001
  0.19523932E+001
  0.19524213E+001
  0.19524497E+001
  0.19524783E+001
  0.19525071E+001
  0.19525361E+001
  0.19525654E+001
  0.19525948E+001
  0.19526245E+001
  0.19526543E+001
  0.19526842E+001
  0.19527143E+001
  0.19527444E+001
  0.19527747E+001
  0.19528051E+001
  0.19528355E+001
  0.19528659E+001
  0.19528964E+001
  0.19529268E+001
  0.19529573E+001
  0.19529877E+001
  0.19530180E+001
  0.19530483E+001
  0.19530785E+001
  0.19531085E+001
  0.19531385E+001
  0.19531682E+001
  0.19531978E+001
  0.19532272E+001
  0.19532564E+001
  0.19532854E+001
  0.19533141E+001
  0.19533425E+001
  0.19533707E+001
  0.19533986E+001
  0.19534262E+001
  0.19534534E+001
  0.19534803E+001
  0.19535068E+001
  0.19535330E+001
  0.19535588E+001
  0.19535843E+001
  0.19536093E+001
  0.19536339E+001
  0.19536581E+001
  0.19536818E+001
  0.19537051E+001
  0.19537280E+001
  0.19537504E+001
  0.19537724E+001
  0.19537939E+001
  0.19538150E+001
  0.19538356E+001
  0.19538557E+001
  0.19538753E+001
  0.19538945E+001
  0.19539132E+001
  0.19539314E+001
  0.19539492E+001
  0.19539665E+001
  0.19539833E+001
  0.19539996E+001
  0.19540155E+001
  0.19540310E+001
  0.19540460E+001
  0.19540605E+001
  0.19540746E+001
  0.19540883E+001
  0.19541015E+001
  0.19541143E+001
