  0.67622440E+000  0.85156917E+000  0.97275243E+000  0.25215643E+001
  0.67405450E+000  0.85063579E+000  0.97443051E+000  0.25173325E+001
  0.67138507E+000  0.85127001E+000  0.97428068E+000  0.25151556E+001
  0.67014648E+000  0.85064875E+000  0.97445736E+000  0.25132685E+001
  0.66845261E+000  0.85096763E+000  0.97488627E+000  0.25112664E+001
  0.66639889E+000  0.85219217E+000  0.97494064E+000  0.25095959E+001
  0.66434177E+000  0.85294641E+000  0.97495015E+000  0.25088515E+001
  0.66314735E+000  0.85342592E+000  0.97490645E+000  0.25079174E+001
  0.66249380E+000  0.85305744E+000  0.97455631E+000  0.25026119E+001
  0.66214888E+000  0.85258080E+000  0.97534901E+000  0.25067380E+001
  0.66159957E+000  0.85282397E+000  0.97524063E+000  0.25061791E+001
  0.66123709E+000  0.85270983E+000  0.97535183E+000  0.25057416E+001
  0.66041375E+000  0.85333408E+000  0.97524212E+000  0.25053935E+001
  0.66025969E+000  0.85308944E+000  0.97540388E+000  0.25050976E+001
  0.66016353E+000  0.85299618E+000  0.97539520E+000  0.25048647E+001
  0.66008467E+000  0.85283880E+000  0.97529370E+000  0.25048611E+001
  0.66003922E+000  0.85275151E+000  0.97525096E+000  0.25047716E+001
  0.65983834E+000  0.85290669E+000  0.97509863E+000  0.25047691E+001
  0.65981524E+000  0.85286929E+000  0.97510426E+000  0.25046780E+001
  0.65978285E+000  0.85276857E+000  0.97518831E+000  0.25046274E+001
  0.65973572E+000  0.85270591E+000  0.97527392E+000  0.25045913E+001
  0.65972566E+000  0.85271195E+000  0.97526496E+000  0.25045775E+001
  0.65940532E+000  0.85302485E+000  0.97529637E+000  0.25045553E+001
  0.65941532E+000  0.85302251E+000  0.97530090E+000  0.25045692E+001
  0.65942019E+000  0.85303113E+000  0.97530627E+000  0.25045974E+001
  0.65943538E+000  0.85303220E+000  0.97532606E+000  0.25046260E+001
  0.65945212E+000  0.85303043E+000  0.97534162E+000  0.25046753E+001
  0.65947069E+000  0.85303412E+000  0.97535174E+000  0.25047358E+001
  0.65948628E+000  0.85303742E+000  0.97536618E+000  0.25048063E+001
  0.65950749E+000  0.85304266E+000  0.97537821E+000  0.25048812E+001
  0.65952931E+000  0.85304863E+000  0.97539097E+000  0.25049620E+001
  0.65955211E+000  0.85304287E+000  0.97541609E+000  0.25050480E+001
  0.65957545E+000  0.85304628E+000  0.97543267E+000  0.25051386E+001
  0.65959919E+000  0.85305272E+000  0.97533680E+000  0.25045143E+001
  0.65962320E+000  0.85305928E+000  0.97537218E+000  0.25047565E+001
  0.65964737E+000  0.85306591E+000  0.97540668E+000  0.25049950E+001
  0.65967160E+000  0.85307256E+000  0.97544022E+000  0.25052293E+001
  0.65969581E+000  0.85307921E+000  0.97547272E+000  0.25054589E+001
  0.65971992E+000  0.85308583E+000  0.97550414E+000  0.25056835E+001
  0.65974386E+000  0.85309240E+000  0.97552887E+000  0.25058648E+001
  0.65976755E+000  0.85309890E+000  0.97554311E+000  0.25059765E+001
  0.65979095E+000  0.85310533E+000  0.97555722E+000  0.25060896E+001
  0.65981399E+000  0.85311166E+000  0.97557118E+000  0.25062041E+001
  0.65983663E+000  0.85311791E+000  0.97558498E+000  0.25063197E+001
  0.65985881E+000  0.85312405E+000  0.97559862E+000  0.25064363E+001
  0.65988050E+000  0.85313268E+000  0.97560949E+000  0.25065538E+001
  0.65990165E+000  0.85313860E+000  0.97562278E+000  0.25066720E+001
  0.65992223E+000  0.85314443E+000  0.97563586E+000  0.25067909E+001
  0.65994219E+000  0.85315013E+000  0.97564879E+000  0.25069103E+001
  0.65996150E+000  0.85315596E+000  0.97566128E+000  0.25070301E+001
  0.65998014E+000  0.85316140E+000  0.97567384E+000  0.25071502E+001
  0.65999807E+000  0.85316679E+000  0.97568614E+000  0.25072705E+001
  0.66001527E+000  0.85317197E+000  0.97569832E+000  0.25073909E+001
  0.66003172E+000  0.85317702E+000  0.97571030E+000  0.25075112E+001
  0.66004740E+000  0.85318192E+000  0.97572208E+000  0.25076315E+001
  0.66006230E+000  0.85319862E+000  0.97572172E+000  0.25077515E+001
  0.66007642E+000  0.85320323E+000  0.97573308E+000  0.25078712E+001
  0.66008974E+000  0.85320769E+000  0.97574423E+000  0.25079904E+001
  0.66010227E+000  0.85321199E+000  0.97575963E+000  0.25081047E+001
  0.66011401E+000  0.85321613E+000  0.97577033E+000  0.25082227E+001
  0.66012517E+000  0.85321990E+000  0.97578079E+000  0.25083401E+001
  0.66013537E+000  0.85322371E+000  0.97579102E+000  0.25084567E+001
  0.66014483E+000  0.85322734E+000  0.97580100E+000  0.25085723E+001
  0.66015355E+000  0.85323080E+000  0.97581073E+000  0.25086870E+001
  0.66016161E+000  0.85323407E+000  0.97582026E+000  0.25088006E+001
  0.66016896E+000  0.85323719E+000  0.97582948E+000  0.25089132E+001
  0.66017567E+000  0.85324014E+000  0.97583844E+000  0.25090245E+001
  0.66018177E+000  0.85324293E+000  0.97584713E+000  0.25091347E+001
  0.66018729E+000  0.85324557E+000  0.97585554E+000  0.25092436E+001
  0.66019227E+000  0.85324807E+000  0.97586368E+000  0.25093512E+001
  0.66019673E+000  0.85325625E+000  0.97580425E+000  0.25090342E+001
  0.66020073E+000  0.85325845E+000  0.97580872E+000  0.25091172E+001
  0.66020434E+000  0.85326044E+000  0.97581280E+000  0.25091976E+001
  0.66020749E+000  0.85326235E+000  0.97581651E+000  0.25092757E+001
  0.66021027E+000  0.85326414E+000  0.97581986E+000  0.25093513E+001
  0.66021271E+000  0.85326580E+000  0.97582288E+000  0.25094246E+001
  0.66021484E+000  0.85326736E+000  0.97582559E+000  0.25094957E+001
  0.66021669E+000  0.85326880E+000  0.97582801E+000  0.25095645E+001
  0.66021828E+000  0.85327015E+000  0.97583017E+000  0.25096313E+001
  0.66021964E+000  0.85327141E+000  0.97583209E+000  0.25096959E+001
  0.66022079E+000  0.85327259E+000  0.97583380E+000  0.25097586E+001
  0.66022176E+000  0.85327369E+000  0.97583532E+000  0.25098193E+001
  0.66022256E+000  0.85327473E+000  0.97583667E+000  0.25098782E+001
  0.66022322E+000  0.85327572E+000  0.97583788E+000  0.25099354E+001
  0.66022375E+000  0.85327665E+000  0.97583898E+000  0.25099909E+001
  0.66022417E+000  0.85327754E+000  0.97583998E+000  0.25100448E+001
  0.66022449E+000  0.85327838E+000  0.97584091E+000  0.25100973E+001
  0.66022473E+000  0.85327920E+000  0.97584179E+000  0.25101484E+001
  0.66022490E+000  0.85327998E+000  0.97584263E+000  0.25101982E+001
  0.66022501E+000  0.85328075E+000  0.97584346E+000  0.25102468E+001
  0.66022508E+000  0.85328149E+000  0.97584430E+000  0.25102943E+001
  0.66022511E+000  0.85328221E+000  0.97584514E+000  0.25103409E+001
  0.66022511E+000  0.85328292E+000  0.97584602E+000  0.25103865E+001
  0.66022509E+000  0.85328362E+000  0.97584693E+000  0.25104313E+001
  0.66022506E+000  0.85328431E+000  0.97584789E+000  0.25104754E+001
  0.66022502E+000  0.85328500E+000  0.97584891E+000  0.25105189E+001
  0.66022499E+000  0.85328568E+000  0.97584997E+000  0.25105618E+001
  0.66022495E+000  0.85328635E+000  0.97585111E+000  0.25106043E+001
  0.66022493E+000  0.85328701E+000  0.97585232E+000  0.25106464E+001
  0.66022491E+000  0.85328767E+000  0.97603733E+000  0.25119545E+001
  0.66022491E+000  0.85328832E+000  0.97604297E+000  0.25120257E+001
  0.66022492E+000  0.85328897E+000  0.97604864E+000  0.25120965E+001
  0.66022496E+000  0.85328961E+000  0.97605434E+000  0.25121670E+001
  0.66022501E+000  0.85329024E+000  0.97606006E+000  0.25122371E+001
  0.66022508E+000  0.85329087E+000  0.97606579E+000  0.25123070E+001
  0.66022517E+000  0.85329149E+000  0.97607153E+000  0.25123767E+001
  0.66022528E+000  0.85329209E+000  0.97607728E+000  0.25124463E+001
  0.66022542E+000  0.85329269E+000  0.97608303E+000  0.25125157E+001
  0.66022557E+000  0.85329328E+000  0.97608877E+000  0.25125851E+001
  0.66022575E+000  0.85329385E+000  0.97609450E+000  0.25126545E+001
  0.66022594E+000  0.85329441E+000  0.97610021E+000  0.25127238E+001
  0.66022615E+000  0.85329496E+000  0.97610589E+000  0.25127933E+001
  0.66022639E+000  0.85329549E+000  0.97611154E+000  0.25128628E+001
  0.66022664E+000  0.85329601E+000  0.97611715E+000  0.25129325E+001
  0.66022690E+000  0.85329652E+000  0.97612272E+000  0.25130023E+001
  0.66022719E+000  0.85329701E+000  0.97612824E+000  0.25130723E+001
  0.66022748E+000  0.85329748E+000  0.97613371E+000  0.25131425E+001
  0.66022780E+000  0.85329794E+000  0.97613911E+000  0.25132130E+001
  0.66022812E+000  0.85329838E+000  0.97614445E+000  0.25132837E+001
  0.66022846E+000  0.85329881E+000  0.97614972E+000  0.25133546E+001
  0.66022881E+000  0.85329922E+000  0.97615492E+000  0.25134259E+001
  0.66022916E+000  0.85329962E+000  0.97616004E+000  0.25134975E+001
  0.66022953E+000  0.85330000E+000  0.97616508E+000  0.25135694E+001
  0.66022990E+000  0.85330037E+000  0.97617003E+000  0.25136416E+001
  0.66023028E+000  0.85330073E+000  0.97617489E+000  0.25137141E+001
  0.66023067E+000  0.85330108E+000  0.97617966E+000  0.25137870E+001
  0.66023106E+000  0.85330141E+000  0.97618433E+000  0.25138602E+001
  0.66023145E+000  0.85330173E+000  0.97618891E+000  0.25139338E+001
  0.66023184E+000  0.85330204E+000  0.97619338E+000  0.25140076E+001
  0.66023224E+000  0.85330234E+000  0.97619776E+000  0.25140818E+001
  0.66023263E+000  0.85330262E+000  0.97620203E+000  0.25141563E+001
  0.66023303E+000  0.85330290E+000  0.97620619E+000  0.25142312E+001
  0.66023342E+000  0.85330317E+000  0.97621025E+000  0.25143063E+001
  0.66023380E+000  0.85330344E+000  0.97621420E+000  0.25143817E+001
  0.66023419E+000  0.85330369E+000  0.97621805E+000  0.25144573E+001
  0.66023457E+000  0.85330394E+000  0.97622178E+000  0.25145332E+001
  0.66023494E+000  0.85330417E+000  0.97622541E+000  0.25146093E+001
  0.66023531E+000  0.85330441E+000  0.97622892E+000  0.25146856E+001
  0.66023567E+000  0.85330463E+000  0.97623233E+000  0.25147621E+001
  0.66023602E+000  0.85330485E+000  0.97623563E+000  0.25148387E+001
  0.66023636E+000  0.85330506E+000  0.97623881E+000  0.25149154E+001
  0.66023670E+000  0.85330527E+000  0.97624189E+000  0.25149922E+001
  0.66023703E+000  0.85330547E+000  0.97624487E+000  0.25150690E+001
  0.66023734E+000  0.85330567E+000  0.97624774E+000  0.25151459E+001
  0.66023765E+000  0.85330586E+000  0.97625050E+000  0.25152228E+001
  0.66023794E+000  0.85330604E+000  0.97625316E+000  0.25152996E+001
  0.66023823E+000  0.85330622E+000  0.97625572E+000  0.25153763E+001
  0.66023851E+000  0.85330640E+000  0.97625817E+000  0.25154528E+001
  0.66023877E+000  0.85330657E+000  0.97626053E+000  0.25155292E+001
  0.66023903E+000  0.85330673E+000  0.97626279E+000  0.25156054E+001
  0.66023927E+000  0.85330689E+000  0.97626496E+000  0.25156814E+001
  0.66023950E+000  0.85330704E+000  0.97626704E+000  0.25157570E+001
  0.66023973E+000  0.85330719E+000  0.97626902E+000  0.25158323E+001
  0.66023994E+000  0.85330733E+000  0.97627092E+000  0.25159073E+001
  0.66024014E+000  0.85330747E+000  0.97627273E+000  0.25159818E+001
  0.66024033E+000  0.85330760E+000  0.97627446E+000  0.25160559E+001
  0.66024052E+000  0.85330773E+000  0.97627610E+000  0.25161295E+001
  0.66024069E+000  0.85330785E+000  0.97627767E+000  0.25162026E+001
  0.66024085E+000  0.85330797E+000  0.97627917E+000  0.25162751E+001
  0.66024101E+000  0.85330808E+000  0.97628058E+000  0.25163469E+001
  0.66024115E+000  0.85330819E+000  0.97628193E+000  0.25164182E+001
  0.66024129E+000  0.85330829E+000  0.97628321E+000  0.25164887E+001
  0.66024142E+000  0.85330839E+000  0.97628443E+000  0.25165585E+001
  0.66024154E+000  0.85330848E+000  0.97628558E+000  0.25166275E+001
  0.66024166E+000  0.85330857E+000  0.97628667E+000  0.25166958E+001
  0.66024177E+000  0.85330866E+000  0.97628770E+000  0.25167632E+001
  0.66024187E+000  0.85330874E+000  0.97628868E+000  0.25168298E+001
  0.66024196E+000  0.85330882E+000  0.97628960E+000  0.25168955E+001
  0.66024205E+000  0.85330889E+000  0.97629048E+000  0.25169602E+001
  0.66024213E+000  0.85330896E+000  0.97629130E+000  0.25170240E+001
  0.66024221E+000  0.85330902E+000  0.97629208E+000  0.25170869E+001
  0.66024228E+000  0.85330908E+000  0.97629281E+000  0.25171487E+001
  0.66024235E+000  0.85330914E+000  0.97629350E+000  0.25172095E+001
  0.66024241E+000  0.85330919E+000  0.97629415E+000  0.25172693E+001
  0.66024247E+000  0.85330925E+000  0.97629476E+000  0.25173280E+001
  0.66024253E+000  0.85330929E+000  0.97629533E+000  0.25173857E+001
  0.66024258E+000  0.85330934E+000  0.97629587E+000  0.25174422E+001
  0.66024263E+000  0.85330938E+000  0.97629638E+000  0.25174976E+001
  0.66024267E+000  0.85330942E+000  0.97629686E+000  0.25175519E+001
  0.66024271E+000  0.85330946E+000  0.97629730E+000  0.25176051E+001
  0.66024275E+000  0.85330949E+000  0.97629772E+000  0.25176572E+001
  0.66024278E+000  0.85330953E+000  0.97629812E+000  0.25177081E+001
  0.66024282E+000  0.85330956E+000  0.97629849E+000  0.25177578E+001
  0.66024285E+000  0.85330958E+000  0.97629883E+000  0.25178064E+001
  0.66024287E+000  0.85330961E+000  0.97629915E+000  0.25178538E+001
  0.66024290E+000  0.85330964E+000  0.97629946E+000  0.25179001E+001
  0.66024292E+000  0.85330966E+000  0.97629974E+000  0.25179452E+001
  0.66024295E+000  0.85330968E+000  0.97630000E+000  0.25179892E+001
  0.66024297E+000  0.85330970E+000  0.97630025E+000  0.25180320E+001
  0.66024298E+000  0.85330972E+000  0.97630048E+000  0.25180736E+001
  0.66024300E+000  0.85330974E+000  0.97630070E+000  0.25181142E+001
  0.66024302E+000  0.85330975E+000  0.97630090E+000  0.25181535E+001
  0.66024303E+000  0.85330977E+000  0.97630109E+000  0.25181918E+001
  0.66024305E+000  0.85330978E+000  0.97630127E+000  0.25182290E+001
  0.66024306E+000  0.85330980E+000  0.97630143E+000  0.25182650E+001
  0.66024307E+000  0.85330981E+000  0.97630158E+000  0.25183000E+001
  0.66024308E+000  0.85330982E+000  0.97630173E+000  0.25183339E+001
  0.66024309E+000  0.85330983E+000  0.97630186E+000  0.25183667E+001
  0.66024310E+000  0.85330984E+000  0.97630198E+000  0.25183984E+001
  0.66024309E+000  0.85330984E+000  0.97630208E+000  0.25184291E+001
