  0.70285003E+000  0.85574180E+000  0.10429414E+001  0.24205771E+001
  0.70250678E+000  0.85531231E+000  0.10414504E+001  0.24171838E+001
  0.70220901E+000  0.85497594E+000  0.10403111E+001  0.24145953E+001
  0.70188664E+000  0.85481650E+000  0.10393223E+001  0.24124956E+001
  0.70162072E+000  0.85470080E+000  0.10384792E+001  0.24107722E+001
  0.70143044E+000  0.85457444E+000  0.10377700E+001  0.24093527E+001
  0.70128444E+000  0.85445350E+000  0.10371855E+001  0.24081664E+001
  0.70116525E+000  0.85434969E+000  0.10367063E+001  0.24071758E+001
  0.70107201E+000  0.85425580E+000  0.10363121E+001  0.24063479E+001
  0.70099291E+000  0.85417733E+000  0.10359893E+001  0.24056572E+001
  0.70092570E+000  0.85411090E+000  0.10357256E+001  0.24050810E+001
  0.70086876E+000  0.85405379E+000  0.10355120E+001  0.24046058E+001
  0.70082086E+000  0.85400430E+000  0.10353705E+001  0.24041878E+001
  0.70078097E+000  0.85396087E+000  0.10352666E+001  0.24038422E+001
  0.70074546E+000  0.85392225E+000  0.10351850E+001  0.24035669E+001
  0.70071698E+000  0.85388742E+000  0.10351220E+001  0.24033519E+001
  0.70069997E+000  0.85385123E+000  0.10350744E+001  0.24031877E+001
  0.70068927E+000  0.85381676E+000  0.10350400E+001  0.24030667E+001
  0.70068336E+000  0.85378397E+000  0.10350168E+001  0.24029827E+001
  0.70068137E+000  0.85375256E+000  0.10350031E+001  0.24029301E+001
  0.70068261E+000  0.85372231E+000  0.10349974E+001  0.24029045E+001
  0.70068651E+000  0.85369304E+000  0.10349987E+001  0.24029018E+001
  0.70069530E+000  0.85366197E+000  0.10350058E+001  0.24029187E+001
  0.70071511E+000  0.85362250E+000  0.10350178E+001  0.24029526E+001
  0.70073633E+000  0.85358387E+000  0.10350338E+001  0.24030009E+001
  0.70075860E+000  0.85354610E+000  0.10350533E+001  0.24030617E+001
  0.70078159E+000  0.85350924E+000  0.10350861E+001  0.24031225E+001
  0.70080516E+000  0.85347332E+000  0.10351324E+001  0.24031814E+001
  0.70082913E+000  0.85343838E+000  0.10351812E+001  0.24032475E+001
  0.70085335E+000  0.85340446E+000  0.10352320E+001  0.24033197E+001
  0.70087767E+000  0.85337159E+000  0.10352842E+001  0.24033974E+001
  0.70090196E+000  0.85333979E+000  0.10353376E+001  0.24034798E+001
  0.70092612E+000  0.85330908E+000  0.10353915E+001  0.24035663E+001
  0.70095004E+000  0.85327946E+000  0.10354458E+001  0.24036565E+001
  0.70097366E+000  0.85325094E+000  0.10355002E+001  0.24037499E+001
  0.70099691E+000  0.85322349E+000  0.10355544E+001  0.24038461E+001
  0.70101974E+000  0.85319709E+000  0.10356083E+001  0.24039449E+001
  0.70104210E+000  0.85317172E+000  0.10356617E+001  0.24040460E+001
  0.70106397E+000  0.85314733E+000  0.10357146E+001  0.24041491E+001
  0.70108531E+000  0.85312390E+000  0.10357668E+001  0.24042539E+001
  0.70110612E+000  0.85310138E+000  0.10358183E+001  0.24043602E+001
  0.70112637E+000  0.85307972E+000  0.10358691E+001  0.24044680E+001
  0.70114606E+000  0.85305890E+000  0.10359191E+001  0.24045769E+001
  0.70116517E+000  0.85303886E+000  0.10359683E+001  0.24046869E+001
  0.70118371E+000  0.85301958E+000  0.10360168E+001  0.24047977E+001
  0.70120166E+000  0.85300103E+000  0.10360645E+001  0.24049093E+001
  0.70121904E+000  0.85298316E+000  0.10361114E+001  0.24050214E+001
  0.70123584E+000  0.85296597E+000  0.10361575E+001  0.24051341E+001
  0.70123908E+000  0.85296240E+000  0.10362028E+001  0.24052470E+001
  0.70123733E+000  0.85296537E+000  0.10362459E+001  0.24053602E+001
  0.70123551E+000  0.85297588E+000  0.10362806E+001  0.24054736E+001
  0.70123363E+000  0.85298619E+000  0.10363147E+001  0.24055869E+001
  0.70123167E+000  0.85299629E+000  0.10363482E+001  0.24057002E+001
  0.70122964E+000  0.85300618E+000  0.10363811E+001  0.24058133E+001
  0.70122752E+000  0.85301585E+000  0.10364133E+001  0.24059262E+001
  0.70122531E+000  0.85302530E+000  0.10364448E+001  0.24060387E+001
  0.70122301E+000  0.85303452E+000  0.10364756E+001  0.24061507E+001
  0.70122556E+000  0.85303858E+000  0.10365057E+001  0.24062622E+001
  0.70123134E+000  0.85303909E+000  0.10365350E+001  0.24063731E+001
  0.70123684E+000  0.85303956E+000  0.10365620E+001  0.24064848E+001
  0.70124208E+000  0.85303999E+000  0.10365880E+001  0.24065959E+001
  0.70124708E+000  0.85304034E+000  0.10366132E+001  0.24067061E+001
  0.70125186E+000  0.85304063E+000  0.10366376E+001  0.24068154E+001
  0.70125644E+000  0.85304083E+000  0.10366613E+001  0.24069235E+001
  0.70126084E+000  0.85304094E+000  0.10366843E+001  0.24070305E+001
  0.70126679E+000  0.85303923E+000  0.10367066E+001  0.24071362E+001
  0.70127368E+000  0.85303636E+000  0.10367281E+001  0.24072406E+001
  0.70128037E+000  0.85303345E+000  0.10367490E+001  0.24073437E+001
  0.70128688E+000  0.85303052E+000  0.10367693E+001  0.24074453E+001
  0.70129323E+000  0.85302756E+000  0.10367889E+001  0.24075455E+001
  0.70129942E+000  0.85302461E+000  0.10368079E+001  0.24076442E+001
  0.70130546E+000  0.85302167E+000  0.10368264E+001  0.24077413E+001
  0.70131134E+000  0.85301877E+000  0.10368443E+001  0.24078369E+001
  0.70131708E+000  0.85301592E+000  0.10368618E+001  0.24079309E+001
  0.70132265E+000  0.85301315E+000  0.10368787E+001  0.24080233E+001
  0.70132807E+000  0.85301047E+000  0.10368952E+001  0.24081140E+001
  0.70133332E+000  0.85300791E+000  0.10369113E+001  0.24082032E+001
  0.70133841E+000  0.85300549E+000  0.10369270E+001  0.24082907E+001
  0.70134332E+000  0.85300323E+000  0.10369423E+001  0.24083766E+001
  0.70134804E+000  0.85300115E+000  0.10369572E+001  0.24084610E+001
  0.70135258E+000  0.85299925E+000  0.10369719E+001  0.24085438E+001
  0.70135693E+000  0.85299756E+000  0.10369862E+001  0.24086250E+001
  0.70136109E+000  0.85299607E+000  0.10370003E+001  0.24087048E+001
  0.70136505E+000  0.85299481E+000  0.10370141E+001  0.24087831E+001
  0.70136882E+000  0.85299376E+000  0.10370276E+001  0.24088599E+001
  0.70137239E+000  0.85299294E+000  0.10370410E+001  0.24089354E+001
  0.70137577E+000  0.85299234E+000  0.10370542E+001  0.24090096E+001
  0.70137896E+000  0.85299196E+000  0.10370672E+001  0.24090825E+001
  0.70138196E+000  0.85299180E+000  0.10370800E+001  0.24091541E+001
  0.70138479E+000  0.85299184E+000  0.10370927E+001  0.24092247E+001
  0.70138744E+000  0.85299209E+000  0.10371053E+001  0.24092942E+001
  0.70138993E+000  0.85299253E+000  0.10371178E+001  0.24093627E+001
  0.70139226E+000  0.85299315E+000  0.10371301E+001  0.24094303E+001
  0.70139444E+000  0.85299394E+000  0.10371424E+001  0.24094970E+001
  0.70139648E+000  0.85299489E+000  0.10371546E+001  0.24095629E+001
  0.70139839E+000  0.85299599E+000  0.10371668E+001  0.24096281E+001
  0.70140017E+000  0.85299723E+000  0.10371788E+001  0.24096927E+001
  0.70140184E+000  0.85299860E+000  0.10371908E+001  0.24097567E+001
  0.70140339E+000  0.85300008E+000  0.10372027E+001  0.24098202E+001
  0.70140485E+000  0.85300166E+000  0.10372146E+001  0.24098832E+001
  0.70140621E+000  0.85300334E+000  0.10372264E+001  0.24099459E+001
  0.70140748E+000  0.85300510E+000  0.10372382E+001  0.24100083E+001
  0.70140867E+000  0.85300693E+000  0.10372499E+001  0.24100704E+001
  0.70140979E+000  0.85300882E+000  0.10372616E+001  0.24101323E+001
  0.70141083E+000  0.85301076E+000  0.10372732E+001  0.24101940E+001
  0.70141181E+000  0.85301275E+000  0.10372847E+001  0.24102557E+001
  0.70141273E+000  0.85301476E+000  0.10372962E+001  0.24103173E+001
  0.70141360E+000  0.85301679E+000  0.10373076E+001  0.24103789E+001
  0.70141441E+000  0.85301884E+000  0.10373190E+001  0.24104405E+001
  0.70141517E+000  0.85302089E+000  0.10373303E+001  0.24105022E+001
  0.70141589E+000  0.85302293E+000  0.10373415E+001  0.24105641E+001
  0.70141656E+000  0.85302497E+000  0.10373527E+001  0.24106261E+001
  0.70141720E+000  0.85302699E+000  0.10373638E+001  0.24106883E+001
  0.70141779E+000  0.85302898E+000  0.10373748E+001  0.24107507E+001
  0.70141835E+000  0.85303095E+000  0.10373857E+001  0.24108134E+001
  0.70141888E+000  0.85303287E+000  0.10373966E+001  0.24108764E+001
  0.70141938E+000  0.85303476E+000  0.10374073E+001  0.24109397E+001
  0.70141985E+000  0.85303660E+000  0.10374180E+001  0.24110033E+001
  0.70142029E+000  0.85303839E+000  0.10374286E+001  0.24110674E+001
  0.70142070E+000  0.85304012E+000  0.10374390E+001  0.24111318E+001
  0.70142109E+000  0.85304180E+000  0.10374494E+001  0.24111966E+001
  0.70142145E+000  0.85304342E+000  0.10374596E+001  0.24112618E+001
  0.70142179E+000  0.85304498E+000  0.10374697E+001  0.24113275E+001
  0.70142212E+000  0.85304647E+000  0.10374796E+001  0.24113937E+001
  0.70142242E+000  0.85304790E+000  0.10374894E+001  0.24114603E+001
  0.70142270E+000  0.85304927E+000  0.10374990E+001  0.24115274E+001
  0.70142297E+000  0.85305057E+000  0.10375085E+001  0.24115949E+001
  0.70142322E+000  0.85305180E+000  0.10375178E+001  0.24116630E+001
  0.70142346E+000  0.85305297E+000  0.10375269E+001  0.24117315E+001
  0.70142368E+000  0.85305407E+000  0.10375359E+001  0.24118005E+001
  0.70142389E+000  0.85305511E+000  0.10375446E+001  0.24118700E+001
  0.70142409E+000  0.85305609E+000  0.10375531E+001  0.24119400E+001
  0.70142427E+000  0.85305700E+000  0.10375614E+001  0.24120105E+001
  0.70142444E+000  0.85305786E+000  0.10375694E+001  0.24120813E+001
  0.70142461E+000  0.85305866E+000  0.10375773E+001  0.24121527E+001
  0.70142476E+000  0.85305941E+000  0.10375849E+001  0.24122244E+001
  0.70142491E+000  0.85306010E+000  0.10375922E+001  0.24122966E+001
  0.70142505E+000  0.85306074E+000  0.10375993E+001  0.24123691E+001
  0.70142518E+000  0.85306133E+000  0.10376062E+001  0.24124420E+001
  0.70142531E+000  0.85306188E+000  0.10376128E+001  0.24125152E+001
  0.70142543E+000  0.85306238E+000  0.10376192E+001  0.24125886E+001
  0.70142554E+000  0.85306285E+000  0.10376253E+001  0.24126624E+001
  0.70142565E+000  0.85306327E+000  0.10376311E+001  0.24127363E+001
  0.70142575E+000  0.85306366E+000  0.10376367E+001  0.24128105E+001
  0.70142585E+000  0.85306402E+000  0.10376421E+001  0.24128848E+001
  0.70142594E+000  0.85306434E+000  0.10376472E+001  0.24129592E+001
  0.70142603E+000  0.85306463E+000  0.10376520E+001  0.24130337E+001
  0.70142612E+000  0.85306490E+000  0.10376567E+001  0.24131082E+001
  0.70142620E+000  0.85306514E+000  0.10376611E+001  0.24131827E+001
  0.70142628E+000  0.85306536E+000  0.10376652E+001  0.24132571E+001
  0.70142636E+000  0.85306555E+000  0.10376691E+001  0.24133314E+001
  0.70142643E+000  0.85306573E+000  0.10376729E+001  0.24134056E+001
  0.70142650E+000  0.85306589E+000  0.10376764E+001  0.24134795E+001
  0.70142657E+000  0.85306603E+000  0.10376797E+001  0.24135532E+001
  0.70142664E+000  0.85306616E+000  0.10376828E+001  0.24136266E+001
  0.70142670E+000  0.85306628E+000  0.10376857E+001  0.24136996E+001
  0.70142677E+000  0.85306638E+000  0.10376885E+001  0.24137722E+001
  0.70142683E+000  0.85306647E+000  0.10376911E+001  0.24138444E+001
  0.70142688E+000  0.85306655E+000  0.10376935E+001  0.24139161E+001
  0.70142694E+000  0.85306662E+000  0.10376957E+001  0.24139873E+001
  0.70142699E+000  0.85306669E+000  0.10376978E+001  0.24140579E+001
  0.70142705E+000  0.85306674E+000  0.10376998E+001  0.24141279E+001
  0.70142710E+000  0.85306679E+000  0.10377017E+001  0.24141972E+001
  0.70142715E+000  0.85306684E+000  0.10377034E+001  0.24142658E+001
  0.70142719E+000  0.85306688E+000  0.10377050E+001  0.24143336E+001
  0.70142724E+000  0.85306691E+000  0.10377065E+001  0.24144007E+001
  0.70142728E+000  0.85306694E+000  0.10377079E+001  0.24144670E+001
  0.70142733E+000  0.85306697E+000  0.10377091E+001  0.24145324E+001
  0.70142737E+000  0.85306699E+000  0.10377103E+001  0.24145969E+001
  0.70142741E+000  0.85306701E+000  0.10377115E+001  0.24146605E+001
  0.70142745E+000  0.85306703E+000  0.10377125E+001  0.24147232E+001
  0.70142748E+000  0.85306705E+000  0.10377134E+001  0.24147849E+001
  0.70142752E+000  0.85306706E+000  0.10377143E+001  0.24148456E+001
  0.70142755E+000  0.85306707E+000  0.10377152E+001  0.24149053E+001
  0.70142759E+000  0.85306708E+000  0.10377159E+001  0.24149639E+001
  0.70142762E+000  0.85306709E+000  0.10377166E+001  0.24150214E+001
  0.70142765E+000  0.85306710E+000  0.10377173E+001  0.24150779E+001
  0.70142768E+000  0.85306711E+000  0.10377179E+001  0.24151333E+001
  0.70142770E+000  0.85306712E+000  0.10377185E+001  0.24151876E+001
  0.70142773E+000  0.85306712E+000  0.10377190E+001  0.24152407E+001
  0.70142776E+000  0.85306713E+000  0.10377195E+001  0.24152928E+001
  0.70142778E+000  0.85306714E+000  0.10377199E+001  0.24153436E+001
  0.70142781E+000  0.85306714E+000  0.10377204E+001  0.24153934E+001
  0.70142783E+000  0.85306714E+000  0.10377207E+001  0.24154419E+001
  0.70142785E+000  0.85306715E+000  0.10377211E+001  0.24154894E+001
  0.70142787E+000  0.85306715E+000  0.10377214E+001  0.24155356E+001
  0.70142789E+000  0.85306716E+000  0.10377218E+001  0.24155807E+001
  0.70142791E+000  0.85306716E+000  0.10377220E+001  0.24156247E+001
  0.70142793E+000  0.85306716E+000  0.10377223E+001  0.24156675E+001
  0.70142794E+000  0.85306717E+000  0.10377226E+001  0.24157091E+001
  0.70142796E+000  0.85306717E+000  0.10377228E+001  0.24157497E+001
  0.70142797E+000  0.85306717E+000  0.10377230E+001  0.24157891E+001
  0.70142799E+000  0.85306717E+000  0.10377232E+001  0.24158273E+001
  0.70142800E+000  0.85306717E+000  0.10377234E+001  0.24158645E+001
  0.70142802E+000  0.85306718E+000  0.10377236E+001  0.24159005E+001
  0.70142803E+000  0.85306718E+000  0.10377237E+001  0.24159355E+001
  0.70142804E+000  0.85306718E+000  0.10377239E+001  0.24159693E+001
  0.70142805E+000  0.85306718E+000  0.10377240E+001  0.24160022E+001
  0.70142806E+000  0.85306718E+000  0.10377242E+001  0.24160339E+001
  0.70142807E+000  0.85306718E+000  0.10377243E+001  0.24160646E+001
