  0.16348846E+001
  0.16559873E+001
  0.16738391E+001
  0.16889897E+001
  0.17018461E+001
  0.17127518E+001
  0.17220064E+001
  0.17298576E+001
  0.17365202E+001
  0.17421766E+001
  0.17469789E+001
  0.17510562E+001
  0.17545173E+001
  0.17574541E+001
  0.17599459E+001
  0.17620581E+001
  0.17638466E+001
  0.17653592E+001
  0.17666369E+001
  0.17677139E+001
  0.17686198E+001
  0.17693796E+001
  0.17700148E+001
  0.17705438E+001
  0.17709823E+001
  0.17713440E+001
  0.17716404E+001
  0.17718817E+001
  0.17720765E+001
  0.17722323E+001
  0.17723554E+001
  0.17724515E+001
  0.17725253E+001
  0.17725808E+001
  0.17726215E+001
  0.17726504E+001
  0.17726700E+001
  0.17726823E+001
  0.17726891E+001
  0.17726917E+001
  0.17726915E+001
  0.17726892E+001
  0.17726858E+001
  0.17726816E+001
  0.17726773E+001
  0.17726732E+001
  0.17726695E+001
  0.17726665E+001
  0.17726642E+001
  0.17726628E+001
  0.17726624E+001
  0.17726630E+001
  0.17726647E+001
  0.17726674E+001
  0.17726712E+001
  0.17726761E+001
  0.17726820E+001
  0.17726891E+001
  0.17726972E+001
  0.17727063E+001
  0.17727165E+001
  0.17727277E+001
  0.17727400E+001
  0.17727532E+001
  0.17727673E+001
  0.17727824E+001
  0.17727984E+001
  0.17728152E+001
  0.17728329E+001
  0.17728514E+001
  0.17728706E+001
  0.17728904E+001
  0.17729109E+001
  0.17729320E+001
  0.17729536E+001
  0.17729756E+001
  0.17729981E+001
  0.17730210E+001
  0.17730442E+001
  0.17730677E+001
  0.17730915E+001
  0.17731155E+001
  0.17731398E+001
  0.17731642E+001
  0.17731888E+001
  0.17732136E+001
  0.17732386E+001
  0.17732637E+001
  0.17732890E+001
  0.17733144E+001
  0.17733400E+001
  0.17733658E+001
  0.17733917E+001
  0.17734178E+001
  0.17734441E+001
  0.17734705E+001
  0.17734971E+001
  0.17735239E+001
  0.17735509E+001
  0.17735781E+001
  0.17736055E+001
  0.17736330E+001
  0.17736607E+001
  0.17736887E+001
  0.17737168E+001
  0.17737451E+001
  0.17737736E+001
  0.17738023E+001
  0.17738311E+001
  0.17738602E+001
  0.17738894E+001
  0.17739189E+001
  0.17739485E+001
  0.17739783E+001
  0.17740083E+001
  0.17740384E+001
  0.17740687E+001
  0.17740992E+001
  0.17741299E+001
  0.17741607E+001
  0.17741916E+001
  0.17742227E+001
  0.17742540E+001
  0.17742854E+001
  0.17743169E+001
  0.17743485E+001
  0.17743802E+001
  0.17744120E+001
  0.17744439E+001
  0.17744759E+001
  0.17745079E+001
  0.17745400E+001
  0.17745721E+001
  0.17746043E+001
  0.17746365E+001
  0.17746687E+001
  0.17747008E+001
  0.17747330E+001
  0.17747651E+001
  0.17747972E+001
  0.17748291E+001
  0.17748610E+001
  0.17748929E+001
  0.17749245E+001
  0.17749561E+001
  0.17749875E+001
  0.17750188E+001
  0.17750499E+001
  0.17750808E+001
  0.17751115E+001
  0.17751420E+001
  0.17751722E+001
  0.17752022E+001
  0.17752319E+001
  0.17752613E+001
  0.17752905E+001
  0.17753193E+001
  0.17753479E+001
  0.17753761E+001
  0.17754039E+001
  0.17754314E+001
  0.17754585E+001
  0.17754853E+001
  0.17755117E+001
  0.17755376E+001
  0.17755632E+001
  0.17755883E+001
  0.17756130E+001
  0.17756373E+001
  0.17756612E+001
  0.17756846E+001
  0.17757075E+001
  0.17757300E+001
  0.17757521E+001
  0.17757737E+001
  0.17757948E+001
  0.17758154E+001
  0.17758356E+001
  0.17758553E+001
  0.17758746E+001
  0.17758934E+001
  0.17759117E+001
  0.17759295E+001
  0.17759469E+001
  0.17759638E+001
  0.17759803E+001
  0.17759963E+001
  0.17760118E+001
  0.17760269E+001
  0.17760415E+001
  0.17760558E+001
  0.17760695E+001
  0.17760829E+001
  0.17760958E+001
  0.17761083E+001
  0.17761204E+001
  0.17761321E+001
  0.17761435E+001
  0.17761543E+001
  0.17761648E+001
