  0.60640113E+000  0.99972361E+000  0.11945766E+001  0.37388376E+001
  0.60904870E+000  0.10013280E+001  0.12017366E+001  0.38118364E+001
  0.61121327E+000  0.10026414E+001  0.12074730E+001  0.38740292E+001
  0.61300257E+000  0.10037518E+001  0.12122564E+001  0.39269484E+001
  0.61449803E+000  0.10046828E+001  0.12162708E+001  0.39719331E+001
  0.61572719E+000  0.10054310E+001  0.12194475E+001  0.40104021E+001
  0.61674426E+000  0.10060351E+001  0.12221462E+001  0.40431006E+001
  0.61759436E+000  0.10065318E+001  0.12244143E+001  0.40708903E+001
  0.61830879E+000  0.10069459E+001  0.12251919E+001  0.40857719E+001
  0.61891041E+000  0.10072915E+001  0.12279535E+001  0.41145515E+001
  0.61941677E+000  0.10075808E+001  0.12293197E+001  0.41315989E+001
  0.61984060E+000  0.10078264E+001  0.12304748E+001  0.41460834E+001
  0.62019585E+000  0.10080345E+001  0.12314516E+001  0.41583879E+001
  0.62048694E+000  0.10082173E+001  0.12322767E+001  0.41688361E+001
  0.62073132E+000  0.10083740E+001  0.12329738E+001  0.41777052E+001
  0.62093678E+000  0.10085051E+001  0.12335608E+001  0.41852303E+001
  0.62110903E+000  0.10086131E+001  0.12340541E+001  0.41916107E+001
  0.62125309E+000  0.10087020E+001  0.12344679E+001  0.41970145E+001
  0.62137306E+000  0.10087752E+001  0.12348149E+001  0.42015850E+001
  0.62147269E+000  0.10088347E+001  0.12351051E+001  0.42054436E+001
  0.62155502E+000  0.10088826E+001  0.12353469E+001  0.42086952E+001
  0.62162257E+000  0.10089209E+001  0.12355474E+001  0.42114280E+001
  0.62167745E+000  0.10089511E+001  0.12357122E+001  0.42137189E+001
  0.62172168E+000  0.10089744E+001  0.12358461E+001  0.42156335E+001
  0.62175691E+000  0.10089918E+001  0.12359549E+001  0.42172263E+001
  0.62178450E+000  0.10090041E+001  0.12360419E+001  0.42185459E+001
  0.62180563E+000  0.10090123E+001  0.12361099E+001  0.42196344E+001
  0.62182130E+000  0.10090169E+001  0.12361628E+001  0.42205265E+001
  0.62183239E+000  0.10090186E+001  0.12362030E+001  0.42212527E+001
  0.62183964E+000  0.10090177E+001  0.12362328E+001  0.42218396E+001
  0.62184370E+000  0.10090148E+001  0.12362537E+001  0.42223100E+001
  0.62184512E+000  0.10090102E+001  0.12362675E+001  0.42226838E+001
  0.62184439E+000  0.10090042E+001  0.12362753E+001  0.42229777E+001
  0.62184192E+000  0.10089972E+001  0.12361013E+001  0.42217650E+001
  0.62183805E+000  0.10089893E+001  0.12361359E+001  0.42222279E+001
  0.62183308E+000  0.10089808E+001  0.12361657E+001  0.42226346E+001
  0.62182728E+000  0.10089719E+001  0.12361914E+001  0.42229939E+001
  0.62182084E+000  0.10089626E+001  0.12362136E+001  0.42233129E+001
  0.62181396E+000  0.10089532E+001  0.12362328E+001  0.42235976E+001
  0.62180678E+000  0.10089437E+001  0.12362400E+001  0.42237770E+001
  0.62179942E+000  0.10089341E+001  0.12362292E+001  0.42238037E+001
  0.62179198E+000  0.10089246E+001  0.12362181E+001  0.42238228E+001
  0.62178455E+000  0.10089152E+001  0.12362069E+001  0.42238370E+001
  0.62177719E+000  0.10089059E+001  0.12361956E+001  0.42238483E+001
  0.62176997E+000  0.10088969E+001  0.12361845E+001  0.42238585E+001
  0.62176291E+000  0.10088880E+001  0.12361737E+001  0.42238688E+001
  0.62175606E+000  0.10088794E+001  0.12361631E+001  0.42238800E+001
  0.62174945E+000  0.10088710E+001  0.12361529E+001  0.42238930E+001
  0.62174310E+000  0.10088629E+001  0.12361432E+001  0.42239082E+001
  0.62173702E+000  0.10088550E+001  0.12361338E+001  0.42239259E+001
  0.62173123E+000  0.10088475E+001  0.12361250E+001  0.42239465E+001
  0.62172575E+000  0.10088403E+001  0.12361166E+001  0.42239700E+001
  0.62172057E+000  0.10088333E+001  0.12361087E+001  0.42239966E+001
  0.62171571E+000  0.10088267E+001  0.12361013E+001  0.42240263E+001
  0.62171117E+000  0.10088205E+001  0.12360945E+001  0.42240592E+001
  0.62170696E+000  0.10088145E+001  0.12360881E+001  0.42240952E+001
  0.62170307E+000  0.10088089E+001  0.12360823E+001  0.42241343E+001
  0.62169951E+000  0.10088037E+001  0.12360770E+001  0.42241766E+001
  0.62169627E+000  0.10087988E+001  0.12360723E+001  0.42242218E+001
  0.62169335E+000  0.10087943E+001  0.12360681E+001  0.42242701E+001
  0.62169075E+000  0.10087901E+001  0.12360644E+001  0.42243213E+001
  0.62168846E+000  0.10087863E+001  0.12360613E+001  0.42243754E+001
  0.62168647E+000  0.10087828E+001  0.12360587E+001  0.42244324E+001
  0.62168478E+000  0.10087796E+001  0.12360567E+001  0.42244920E+001
  0.62168338E+000  0.10087768E+001  0.12360552E+001  0.42245544E+001
  0.62168225E+000  0.10087743E+001  0.12360542E+001  0.42246194E+001
  0.62168139E+000  0.10087721E+001  0.12360538E+001  0.42246868E+001
  0.62168078E+000  0.10087702E+001  0.12360539E+001  0.42247566E+001
  0.62168041E+000  0.10087686E+001  0.12360545E+001  0.42248287E+001
  0.62168027E+000  0.10087673E+001  0.12360556E+001  0.42249028E+001
  0.62168034E+000  0.10087663E+001  0.12359540E+001  0.42241374E+001
  0.62168062E+000  0.10087655E+001  0.12359507E+001  0.42241718E+001
  0.62168108E+000  0.10087649E+001  0.12359476E+001  0.42242057E+001
  0.62168171E+000  0.10087645E+001  0.12359447E+001  0.42242391E+001
  0.62168251E+000  0.10087643E+001  0.12359420E+001  0.42242719E+001
  0.62168345E+000  0.10087643E+001  0.12359396E+001  0.42243042E+001
  0.62168453E+000  0.10087645E+001  0.12359373E+001  0.42243359E+001
  0.62168574E+000  0.10087648E+001  0.12359352E+001  0.42243670E+001
  0.62168706E+000  0.10087653E+001  0.12359333E+001  0.42243975E+001
  0.62168848E+000  0.10087658E+001  0.12359316E+001  0.42244274E+001
  0.62169000E+000  0.10087665E+001  0.12359301E+001  0.42244568E+001
  0.62169161E+000  0.10087673E+001  0.12359288E+001  0.42244858E+001
  0.62169330E+000  0.10087682E+001  0.12359277E+001  0.42245143E+001
  0.62169505E+000  0.10087692E+001  0.12359269E+001  0.42245425E+001
  0.62169688E+000  0.10087702E+001  0.12359262E+001  0.42245705E+001
  0.62169876E+000  0.10087714E+001  0.12359257E+001  0.42245983E+001
  0.62170070E+000  0.10087725E+001  0.12359255E+001  0.42246260E+001
  0.62170269E+000  0.10087738E+001  0.12359254E+001  0.42246539E+001
  0.62170472E+000  0.10087751E+001  0.12359256E+001  0.42246818E+001
  0.62170680E+000  0.10087764E+001  0.12359259E+001  0.42247101E+001
  0.62170891E+000  0.10087778E+001  0.12359265E+001  0.42247388E+001
  0.62171105E+000  0.10087792E+001  0.12359272E+001  0.42247679E+001
  0.62171322E+000  0.10087806E+001  0.12359282E+001  0.42247976E+001
  0.62171542E+000  0.10087821E+001  0.12359293E+001  0.42248281E+001
  0.62171763E+000  0.10087836E+001  0.12359305E+001  0.42248593E+001
  0.62171986E+000  0.10087851E+001  0.12359320E+001  0.42248913E+001
  0.62172211E+000  0.10087867E+001  0.12359336E+001  0.42249243E+001
  0.62172437E+000  0.10087882E+001  0.12359353E+001  0.42249583E+001
  0.62172663E+000  0.10087897E+001  0.12359372E+001  0.42249934E+001
  0.62172890E+000  0.10087913E+001  0.12362474E+001  0.42275453E+001
  0.62173116E+000  0.10087929E+001  0.12362568E+001  0.42276416E+001
  0.62173343E+000  0.10087944E+001  0.12362661E+001  0.42277386E+001
  0.62173569E+000  0.10087960E+001  0.12362755E+001  0.42278363E+001
  0.62173794E+000  0.10087975E+001  0.12362850E+001  0.42279348E+001
  0.62174018E+000  0.10087991E+001  0.12362944E+001  0.42280340E+001
  0.62174241E+000  0.10088006E+001  0.12363038E+001  0.42281341E+001
  0.62174462E+000  0.10088022E+001  0.12363132E+001  0.42282349E+001
  0.62174682E+000  0.10088037E+001  0.12363226E+001  0.42283365E+001
  0.62174900E+000  0.10088052E+001  0.12363319E+001  0.42284390E+001
  0.62175116E+000  0.10088067E+001  0.12363412E+001  0.42285424E+001
  0.62175329E+000  0.10088081E+001  0.12363504E+001  0.42286465E+001
  0.62175540E+000  0.10088096E+001  0.12363595E+001  0.42287516E+001
  0.62175749E+000  0.10088110E+001  0.12363686E+001  0.42288575E+001
  0.62175955E+000  0.10088124E+001  0.12363775E+001  0.42289642E+001
  0.62176158E+000  0.10088138E+001  0.12363864E+001  0.42290718E+001
  0.62176358E+000  0.10088151E+001  0.12363952E+001  0.42291803E+001
  0.62176555E+000  0.10088165E+001  0.12364038E+001  0.42292896E+001
  0.62176749E+000  0.10088177E+001  0.12364124E+001  0.42293998E+001
  0.62176940E+000  0.10088190E+001  0.12364208E+001  0.42295108E+001
  0.62177127E+000  0.10088203E+001  0.12364291E+001  0.42296227E+001
  0.62177311E+000  0.10088215E+001  0.12364372E+001  0.42297353E+001
  0.62177491E+000  0.10088227E+001  0.12364452E+001  0.42298487E+001
  0.62177668E+000  0.10088238E+001  0.12364531E+001  0.42299629E+001
  0.62177841E+000  0.10088249E+001  0.12364608E+001  0.42300778E+001
  0.62178010E+000  0.10088260E+001  0.12364684E+001  0.42301935E+001
  0.62178176E+000  0.10088271E+001  0.12364758E+001  0.42303098E+001
  0.62178337E+000  0.10088281E+001  0.12364830E+001  0.42304268E+001
  0.62178495E+000  0.10088291E+001  0.12364901E+001  0.42305444E+001
  0.62178649E+000  0.10088300E+001  0.12364970E+001  0.42306626E+001
  0.62178799E+000  0.10088310E+001  0.12365037E+001  0.42307813E+001
  0.62178945E+000  0.10088319E+001  0.12365103E+001  0.42309006E+001
  0.62179087E+000  0.10088327E+001  0.12365167E+001  0.42310203E+001
  0.62179225E+000  0.10088336E+001  0.12365229E+001  0.42311404E+001
  0.62179360E+000  0.10088344E+001  0.12365289E+001  0.42312608E+001
  0.62179490E+000  0.10088352E+001  0.12365348E+001  0.42313816E+001
  0.62179616E+000  0.10088359E+001  0.12365405E+001  0.42315026E+001
  0.62179738E+000  0.10088366E+001  0.12365460E+001  0.42316239E+001
  0.62179856E+000  0.10088373E+001  0.12365514E+001  0.42317452E+001
  0.62179970E+000  0.10088380E+001  0.12365565E+001  0.42318667E+001
  0.62180080E+000  0.10088387E+001  0.12365615E+001  0.42319882E+001
  0.62180187E+000  0.10088393E+001  0.12365663E+001  0.42321096E+001
  0.62180289E+000  0.10088399E+001  0.12365710E+001  0.42322310E+001
  0.62180388E+000  0.10088404E+001  0.12365755E+001  0.42323522E+001
  0.62180483E+000  0.10088410E+001  0.12365798E+001  0.42324731E+001
  0.62180574E+000  0.10088415E+001  0.12365839E+001  0.42325938E+001
  0.62180662E+000  0.10088420E+001  0.12365879E+001  0.42327141E+001
  0.62180745E+000  0.10088425E+001  0.12365918E+001  0.42328340E+001
  0.62180826E+000  0.10088429E+001  0.12365955E+001  0.42329534E+001
  0.62180903E+000  0.10088434E+001  0.12365990E+001  0.42330723E+001
  0.62180976E+000  0.10088438E+001  0.12366024E+001  0.42331905E+001
  0.62181046E+000  0.10088442E+001  0.12366056E+001  0.42333081E+001
  0.62181113E+000  0.10088446E+001  0.12366087E+001  0.42334249E+001
  0.62181177E+000  0.10088449E+001  0.12366117E+001  0.42335409E+001
  0.62181238E+000  0.10088453E+001  0.12366145E+001  0.42336560E+001
  0.62181296E+000  0.10088456E+001  0.12366172E+001  0.42337702E+001
  0.62181351E+000  0.10088459E+001  0.12366198E+001  0.42338833E+001
  0.62181403E+000  0.10088462E+001  0.12366222E+001  0.42339955E+001
  0.62181452E+000  0.10088465E+001  0.12366246E+001  0.42341065E+001
  0.62181499E+000  0.10088468E+001  0.12366268E+001  0.42342163E+001
  0.62181544E+000  0.10088470E+001  0.12366289E+001  0.42343249E+001
  0.62181586E+000  0.10088473E+001  0.12366309E+001  0.42344322E+001
  0.62181625E+000  0.10088475E+001  0.12366328E+001  0.42345382E+001
  0.62181663E+000  0.10088477E+001  0.12366346E+001  0.42346428E+001
  0.62181698E+000  0.10088479E+001  0.12366363E+001  0.42347459E+001
  0.62181731E+000  0.10088481E+001  0.12366379E+001  0.42348477E+001
  0.62181763E+000  0.10088483E+001  0.12366395E+001  0.42349478E+001
  0.62181792E+000  0.10088485E+001  0.12366409E+001  0.42350465E+001
  0.62181820E+000  0.10088486E+001  0.12366423E+001  0.42351435E+001
  0.62181846E+000  0.10088488E+001  0.12366436E+001  0.42352390E+001
  0.62181870E+000  0.10088489E+001  0.12366448E+001  0.42353327E+001
  0.62181893E+000  0.10088491E+001  0.12366460E+001  0.42354248E+001
  0.62181915E+000  0.10088492E+001  0.12366471E+001  0.42355152E+001
  0.62181935E+000  0.10088493E+001  0.12366481E+001  0.42356039E+001
  0.62181954E+000  0.10088495E+001  0.12366491E+001  0.42356908E+001
  0.62181972E+000  0.10088496E+001  0.12366500E+001  0.42357759E+001
  0.62181988E+000  0.10088497E+001  0.12366508E+001  0.42358593E+001
  0.62182004E+000  0.10088498E+001  0.12366516E+001  0.42359408E+001
  0.62182018E+000  0.10088499E+001  0.12366524E+001  0.42360206E+001
  0.62182032E+000  0.10088499E+001  0.12366531E+001  0.42360985E+001
  0.62182044E+000  0.10088500E+001  0.12366538E+001  0.42361746E+001
  0.62182056E+000  0.10088501E+001  0.12366544E+001  0.42362489E+001
  0.62182067E+000  0.10088502E+001  0.12366550E+001  0.42363213E+001
  0.62182077E+000  0.10088502E+001  0.12366556E+001  0.42363920E+001
  0.62182087E+000  0.10088503E+001  0.12366561E+001  0.42364608E+001
  0.62182096E+000  0.10088504E+001  0.12366566E+001  0.42365278E+001
  0.62182104E+000  0.10088504E+001  0.12366570E+001  0.42365931E+001
  0.62182112E+000  0.10088505E+001  0.12366575E+001  0.42366565E+001
  0.62182119E+000  0.10088505E+001  0.12366579E+001  0.42367181E+001
  0.62182126E+000  0.10088506E+001  0.12366582E+001  0.42367780E+001
  0.62182132E+000  0.10088506E+001  0.12366586E+001  0.42368362E+001
  0.62182138E+000  0.10088506E+001  0.12366589E+001  0.42368926E+001
  0.62182144E+000  0.10088507E+001  0.12366592E+001  0.42369473E+001
  0.62182149E+000  0.10088507E+001  0.12366595E+001  0.42370004E+001
  0.62182154E+000  0.10088508E+001  0.12366598E+001  0.42370518E+001
  0.62182158E+000  0.10088508E+001  0.12366600E+001  0.42371015E+001
  0.62182162E+000  0.10088508E+001  0.12366603E+001  0.42371496E+001
  0.62182166E+000  0.10088508E+001  0.12366605E+001  0.42371961E+001
  0.62182169E+000  0.10088509E+001  0.12366607E+001  0.42372411E+001
  0.62182172E+000  0.10088509E+001  0.12366609E+001  0.42372844E+001
  0.62182176E+000  0.10088509E+001  0.12366610E+001  0.42373261E+001
