 -0.11921776E+000  0.60389155E+000  0.54232138E+001  0.12139254E+003
 -0.11981018E+000  0.60153524E+000  0.54139092E+001  0.12122170E+003
 -0.12025645E+000  0.59960198E+000  0.54061900E+001  0.12107736E+003
 -0.12059625E+000  0.59804238E+000  0.53997939E+001  0.12095555E+003
 -0.12084778E+000  0.59679318E+000  0.53945252E+001  0.12085283E+003
 -0.12102891E+000  0.59580024E+000  0.53902315E+001  0.12076629E+003
 -0.12115458E+000  0.59502050E+000  0.53867303E+001  0.12069348E+003
 -0.12123741E+000  0.59441949E+000  0.53838970E+001  0.12063232E+003
 -0.12128711E+000  0.59396723E+000  0.53816259E+001  0.12058102E+003
 -0.12131128E+000  0.59363895E+000  0.53798290E+001  0.12053810E+003
 -0.12131545E+000  0.59341379E+000  0.53784328E+001  0.12050227E+003
 -0.12130379E+000  0.59327437E+000  0.53773757E+001  0.12047247E+003
 -0.12127953E+000  0.59320620E+000  0.53766066E+001  0.12044779E+003
 -0.12124524E+000  0.59319710E+000  0.53760801E+001  0.12042747E+003
 -0.12120298E+000  0.59323688E+000  0.53757579E+001  0.12041085E+003
 -0.12115344E+000  0.59331701E+000  0.53756084E+001  0.12039738E+003
 -0.12109819E+000  0.59343025E+000  0.53756048E+001  0.12038661E+003
 -0.12103910E+000  0.59357070E+000  0.53757250E+001  0.12037813E+003
 -0.12097747E+000  0.59373337E+000  0.53759500E+001  0.12037163E+003
 -0.12091426E+000  0.59391405E+000  0.53762641E+001  0.12036681E+003
 -0.12085019E+000  0.59410919E+000  0.53766537E+001  0.12036343E+003
 -0.12078584E+000  0.59431582E+000  0.53771075E+001  0.12036130E+003
 -0.12072166E+000  0.59453143E+000  0.53776158E+001  0.12036023E+003
 -0.12065798E+000  0.59475390E+000  0.53781705E+001  0.12036008E+003
 -0.12059511E+000  0.59498145E+000  0.53787645E+001  0.12036073E+003
 -0.12053325E+000  0.59521258E+000  0.53793919E+001  0.12036206E+003
 -0.12047251E+000  0.59544599E+000  0.53800480E+001  0.12036398E+003
 -0.12041304E+000  0.59568060E+000  0.53807283E+001  0.12036641E+003
 -0.12035497E+000  0.59591549E+000  0.53814286E+001  0.12036929E+003
 -0.12029842E+000  0.59614986E+000  0.53821455E+001  0.12037255E+003
 -0.12024349E+000  0.59638303E+000  0.53828759E+001  0.12037614E+003
 -0.12019026E+000  0.59661443E+000  0.53836173E+001  0.12038003E+003
 -0.12013879E+000  0.59684356E+000  0.53843672E+001  0.12038418E+003
 -0.12008909E+000  0.59706999E+000  0.53851236E+001  0.12038855E+003
 -0.12004120E+000  0.59729335E+000  0.53858844E+001  0.12039312E+003
 -0.11999511E+000  0.59751331E+000  0.53866479E+001  0.12039787E+003
 -0.11995081E+000  0.59772958E+000  0.53874125E+001  0.12040277E+003
 -0.11990829E+000  0.59794191E+000  0.53881765E+001  0.12040782E+003
 -0.11986751E+000  0.59815008E+000  0.53889386E+001  0.12041299E+003
 -0.11982845E+000  0.59835387E+000  0.53896974E+001  0.12041828E+003
 -0.11979106E+000  0.59855311E+000  0.53904516E+001  0.12042368E+003
 -0.11975531E+000  0.59874761E+000  0.53912000E+001  0.12042917E+003
 -0.11972117E+000  0.59893721E+000  0.53919415E+001  0.12043476E+003
 -0.11968859E+000  0.59912176E+000  0.53926751E+001  0.12044043E+003
 -0.11965753E+000  0.59930111E+000  0.53933996E+001  0.12044619E+003
 -0.11962795E+000  0.59947514E+000  0.53941141E+001  0.12045202E+003
 -0.11959982E+000  0.59964372E+000  0.53948177E+001  0.12045792E+003
 -0.11957311E+000  0.59980672E+000  0.53955096E+001  0.12046390E+003
 -0.11954763E+000  0.59996391E+000  0.53961890E+001  0.12046993E+003
 -0.11952345E+000  0.60011548E+000  0.53968550E+001  0.12047603E+003
 -0.11950058E+000  0.60026213E+000  0.53975061E+001  0.12048218E+003
 -0.11947901E+000  0.60040286E+000  0.53981427E+001  0.12048838E+003
 -0.11945868E+000  0.60053765E+000  0.53987642E+001  0.12049464E+003
 -0.11943958E+000  0.60066649E+000  0.53993702E+001  0.12050094E+003
 -0.11942167E+000  0.60078939E+000  0.53999602E+001  0.12050728E+003
 -0.11940492E+000  0.60090639E+000  0.54005339E+001  0.12051366E+003
 -0.11938928E+000  0.60101757E+000  0.54010910E+001  0.12052007E+003
 -0.11937455E+000  0.60112287E+000  0.54016313E+001  0.12052651E+003
 -0.11936076E+000  0.60122247E+000  0.54021547E+001  0.12053298E+003
 -0.11934797E+000  0.60131666E+000  0.54026642E+001  0.12053947E+003
 -0.11933613E+000  0.60140562E+000  0.54031574E+001  0.12054598E+003
 -0.11932522E+000  0.60148959E+000  0.54036338E+001  0.12055250E+003
 -0.11931517E+000  0.60156880E+000  0.54040936E+001  0.12055903E+003
 -0.11930594E+000  0.60164352E+000  0.54045372E+001  0.12056558E+003
 -0.11929749E+000  0.60171404E+000  0.54049650E+001  0.12057213E+003
 -0.11928974E+000  0.60178063E+000  0.54053773E+001  0.12057869E+003
 -0.11928265E+000  0.60184362E+000  0.54057747E+001  0.12058525E+003
 -0.11927618E+000  0.60190333E+000  0.54061579E+001  0.12059181E+003
 -0.11927027E+000  0.60196008E+000  0.54065274E+001  0.12059837E+003
 -0.11926488E+000  0.60201419E+000  0.54068839E+001  0.12060493E+003
 -0.11925999E+000  0.60206596E+000  0.54072282E+001  0.12061148E+003
 -0.11925556E+000  0.60211568E+000  0.54075610E+001  0.12061803E+003
 -0.11925156E+000  0.60216362E+000  0.54078831E+001  0.12062458E+003
 -0.11924796E+000  0.60221003E+000  0.54081953E+001  0.12063112E+003
 -0.11924474E+000  0.60225513E+000  0.54084983E+001  0.12063765E+003
 -0.11924187E+000  0.60229915E+000  0.54087929E+001  0.12064418E+003
 -0.11923932E+000  0.60234226E+000  0.54090799E+001  0.12065070E+003
 -0.11923707E+000  0.60238462E+000  0.54093599E+001  0.12065721E+003
 -0.11923511E+000  0.60242637E+000  0.54096337E+001  0.12066371E+003
 -0.11923340E+000  0.60246761E+000  0.54099020E+001  0.12067020E+003
 -0.11923194E+000  0.60250845E+000  0.54101654E+001  0.12067668E+003
 -0.11923070E+000  0.60254896E+000  0.54104245E+001  0.12068316E+003
 -0.11922966E+000  0.60258920E+000  0.54106799E+001  0.12068962E+003
 -0.11922880E+000  0.60262920E+000  0.54109320E+001  0.12069607E+003
 -0.11922812E+000  0.60266899E+000  0.54111813E+001  0.12070251E+003
 -0.11922758E+000  0.60270860E+000  0.54114284E+001  0.12070894E+003
 -0.11922718E+000  0.60274802E+000  0.54116735E+001  0.12071536E+003
 -0.11922688E+000  0.60278724E+000  0.54119171E+001  0.12072177E+003
 -0.11922669E+000  0.60282627E+000  0.54121594E+001  0.12072816E+003
 -0.11922658E+000  0.60286507E+000  0.54124006E+001  0.12073455E+003
 -0.11922653E+000  0.60290362E+000  0.54126412E+001  0.12074093E+003
 -0.11922654E+000  0.60294189E+000  0.54128811E+001  0.12074730E+003
 -0.11922659E+000  0.60297984E+000  0.54131207E+001  0.12075367E+003
 -0.11922666E+000  0.60301743E+000  0.54133599E+001  0.12076003E+003
 -0.11922675E+000  0.60305461E+000  0.54135990E+001  0.12076638E+003
 -0.11922684E+000  0.60309132E+000  0.54138378E+001  0.12077273E+003
 -0.11922694E+000  0.60312753E+000  0.54140766E+001  0.12077908E+003
 -0.11922702E+000  0.60316317E+000  0.54143152E+001  0.12078544E+003
 -0.11922709E+000  0.60319819E+000  0.54145536E+001  0.12079179E+003
 -0.11922715E+000  0.60323253E+000  0.54147918E+001  0.12079814E+003
 -0.11922719E+000  0.60326614E+000  0.54150296E+001  0.12080450E+003
 -0.11922720E+000  0.60329897E+000  0.54152671E+001  0.12081087E+003
 -0.11922719E+000  0.60333096E+000  0.54155039E+001  0.12081725E+003
 -0.11922716E+000  0.60336206E+000  0.54157400E+001  0.12082363E+003
 -0.11922711E+000  0.60339223E+000  0.54159752E+001  0.12083003E+003
 -0.11922703E+000  0.60342142E+000  0.54162093E+001  0.12083644E+003
 -0.11922694E+000  0.60344961E+000  0.54164421E+001  0.12084286E+003
 -0.11922683E+000  0.60347675E+000  0.54166734E+001  0.12084930E+003
 -0.11922670E+000  0.60350282E+000  0.54169030E+001  0.12085576E+003
 -0.11922655E+000  0.60352780E+000  0.54171305E+001  0.12086223E+003
 -0.11922640E+000  0.60355167E+000  0.54173559E+001  0.12086872E+003
 -0.11922623E+000  0.60357443E+000  0.54175787E+001  0.12087523E+003
 -0.11922605E+000  0.60359606E+000  0.54177988E+001  0.12088176E+003
 -0.11922587E+000  0.60361659E+000  0.54180159E+001  0.12088831E+003
 -0.11922569E+000  0.60363600E+000  0.54182298E+001  0.12089488E+003
 -0.11922549E+000  0.60365432E+000  0.54184401E+001  0.12090147E+003
 -0.11922530E+000  0.60367156E+000  0.54186467E+001  0.12090808E+003
 -0.11922511E+000  0.60368774E+000  0.54188493E+001  0.12091471E+003
 -0.11922492E+000  0.60370290E+000  0.54190476E+001  0.12092136E+003
 -0.11922472E+000  0.60371706E+000  0.54192415E+001  0.12092804E+003
 -0.11922453E+000  0.60373025E+000  0.54194307E+001  0.12093473E+003
 -0.11922435E+000  0.60374252E+000  0.54196150E+001  0.12094144E+003
 -0.11922416E+000  0.60375390E+000  0.54197943E+001  0.12094817E+003
 -0.11922398E+000  0.60376443E+000  0.54199683E+001  0.12095492E+003
 -0.11922381E+000  0.60377416E+000  0.54201371E+001  0.12096168E+003
 -0.11922363E+000  0.60378312E+000  0.54203003E+001  0.12096846E+003
 -0.11922347E+000  0.60379136E+000  0.54204580E+001  0.12097525E+003
 -0.11922330E+000  0.60379893E+000  0.54206100E+001  0.12098206E+003
 -0.11922314E+000  0.60380586E+000  0.54207563E+001  0.12098887E+003
 -0.11922298E+000  0.60381220E+000  0.54208968E+001  0.12099569E+003
 -0.11922283E+000  0.60381800E+000  0.54210316E+001  0.12100252E+003
 -0.11922268E+000  0.60382328E+000  0.54211606E+001  0.12100935E+003
 -0.11922254E+000  0.60382809E+000  0.54212839E+001  0.12101618E+003
 -0.11922239E+000  0.60383248E+000  0.54214016E+001  0.12102301E+003
 -0.11922226E+000  0.60383646E+000  0.54215136E+001  0.12102984E+003
 -0.11922212E+000  0.60384009E+000  0.54216201E+001  0.12103666E+003
 -0.11922199E+000  0.60384338E+000  0.54217212E+001  0.12104347E+003
 -0.11922186E+000  0.60384637E+000  0.54218170E+001  0.12105027E+003
 -0.11922173E+000  0.60384909E+000  0.54219076E+001  0.12105706E+003
 -0.11922161E+000  0.60385157E+000  0.54219932E+001  0.12106383E+003
 -0.11922149E+000  0.60385383E+000  0.54220739E+001  0.12107058E+003
 -0.11922137E+000  0.60385589E+000  0.54221499E+001  0.12107730E+003
 -0.11922125E+000  0.60385777E+000  0.54222214E+001  0.12108400E+003
 -0.11922114E+000  0.60385949E+000  0.54222885E+001  0.12109066E+003
 -0.11922103E+000  0.60386107E+000  0.54223515E+001  0.12109730E+003
 -0.11922092E+000  0.60386253E+000  0.54224104E+001  0.12110390E+003
 -0.11922081E+000  0.60386387E+000  0.54224656E+001  0.12111045E+003
 -0.11922071E+000  0.60386511E+000  0.54225171E+001  0.12111697E+003
 -0.11922060E+000  0.60386627E+000  0.54225652E+001  0.12112344E+003
 -0.11922050E+000  0.60386735E+000  0.54226100E+001  0.12112986E+003
 -0.11922040E+000  0.60386836E+000  0.54226518E+001  0.12113623E+003
 -0.11922031E+000  0.60386932E+000  0.54226907E+001  0.12114255E+003
 -0.11922021E+000  0.60387021E+000  0.54227268E+001  0.12114880E+003
 -0.11922012E+000  0.60387106E+000  0.54227605E+001  0.12115500E+003
 -0.11922003E+000  0.60387187E+000  0.54227917E+001  0.12116113E+003
 -0.11921994E+000  0.60387264E+000  0.54228206E+001  0.12116720E+003
 -0.11921986E+000  0.60387338E+000  0.54228475E+001  0.12117319E+003
 -0.11921977E+000  0.60387408E+000  0.54228724E+001  0.12117912E+003
 -0.11921969E+000  0.60387476E+000  0.54228955E+001  0.12118497E+003
 -0.11921961E+000  0.60387541E+000  0.54229170E+001  0.12119075E+003
 -0.11921953E+000  0.60387604E+000  0.54229368E+001  0.12119644E+003
 -0.11921946E+000  0.60387665E+000  0.54229552E+001  0.12120206E+003
 -0.11921939E+000  0.60387724E+000  0.54229723E+001  0.12120759E+003
 -0.11921932E+000  0.60387781E+000  0.54229881E+001  0.12121304E+003
 -0.11921925E+000  0.60387837E+000  0.54230028E+001  0.12121840E+003
 -0.11921918E+000  0.60387890E+000  0.54230164E+001  0.12122367E+003
 -0.11921912E+000  0.60387942E+000  0.54230291E+001  0.12122885E+003
 -0.11921905E+000  0.60387993E+000  0.54230408E+001  0.12123395E+003
 -0.11921899E+000  0.60388042E+000  0.54230517E+001  0.12123894E+003
 -0.11921894E+000  0.60388089E+000  0.54230618E+001  0.12124385E+003
 -0.11921888E+000  0.60388135E+000  0.54230712E+001  0.12124866E+003
 -0.11921883E+000  0.60388180E+000  0.54230800E+001  0.12125337E+003
 -0.11921878E+000  0.60388223E+000  0.54230881E+001  0.12125799E+003
 -0.11921873E+000  0.60388264E+000  0.54230957E+001  0.12126251E+003
 -0.11921868E+000  0.60388305E+000  0.54231028E+001  0.12126693E+003
 -0.11921863E+000  0.60388344E+000  0.54231095E+001  0.12127126E+003
 -0.11921859E+000  0.60388381E+000  0.54231156E+001  0.12127549E+003
 -0.11921855E+000  0.60388418E+000  0.54231214E+001  0.12127961E+003
 -0.11921850E+000  0.60388453E+000  0.54231268E+001  0.12128364E+003
 -0.11921847E+000  0.60388487E+000  0.54231319E+001  0.12128757E+003
 -0.11921843E+000  0.60388519E+000  0.54231366E+001  0.12129141E+003
 -0.11921839E+000  0.60388550E+000  0.54231411E+001  0.12129514E+003
 -0.11921836E+000  0.60388580E+000  0.54231453E+001  0.12129878E+003
 -0.11921833E+000  0.60388609E+000  0.54231492E+001  0.12130232E+003
 -0.11921830E+000  0.60388637E+000  0.54231529E+001  0.12130576E+003
 -0.11921827E+000  0.60388663E+000  0.54231563E+001  0.12130911E+003
 -0.11921824E+000  0.60388689E+000  0.54231596E+001  0.12131237E+003
 -0.11921821E+000  0.60388713E+000  0.54231627E+001  0.12131553E+003
 -0.11921819E+000  0.60388737E+000  0.54231656E+001  0.12131860E+003
 -0.11921816E+000  0.60388759E+000  0.54231683E+001  0.12132157E+003
 -0.11921814E+000  0.60388780E+000  0.54231709E+001  0.12132446E+003
 -0.11921812E+000  0.60388801E+000  0.54231733E+001  0.12132725E+003
 -0.11921810E+000  0.60388821E+000  0.54231756E+001  0.12132996E+003
 -0.11921808E+000  0.60388839E+000  0.54231778E+001  0.12133258E+003
 -0.11921806E+000  0.60388857E+000  0.54231798E+001  0.12133512E+003
 -0.11921805E+000  0.60388874E+000  0.54231817E+001  0.12133757E+003
 -0.11921803E+000  0.60388890E+000  0.54231836E+001  0.12133994E+003
 -0.11921802E+000  0.60388905E+000  0.54231853E+001  0.12134223E+003
 -0.11921801E+000  0.60388919E+000  0.54231869E+001  0.12134444E+003
 -0.11921799E+000  0.60388932E+000  0.54231885E+001  0.12134657E+003
