  0.63442027E+000
  0.63493010E+000
  0.63531507E+000
  0.63563061E+000
  0.63589074E+000
  0.63610605E+000
  0.63628534E+000
  0.63643340E+000
  0.63655612E+000
  0.63665741E+000
  0.63674111E+000
  0.63680995E+000
  0.63686601E+000
  0.63691125E+000
  0.63694789E+000
  0.63697666E+000
  0.63699872E+000
  0.63701519E+000
  0.63702695E+000
  0.63703478E+000
  0.63703929E+000
  0.63704100E+000
  0.63704035E+000
  0.63703773E+000
  0.63703344E+000
  0.63702777E+000
  0.63702095E+000
  0.63701318E+000
  0.63700462E+000
  0.63699541E+000
  0.63698568E+000
  0.63697555E+000
  0.63696511E+000
  0.63695444E+000
  0.63694362E+000
  0.63693270E+000
  0.63692173E+000
  0.63691076E+000
  0.63689983E+000
  0.63688896E+000
  0.63687818E+000
  0.63686751E+000
  0.63685698E+000
  0.63684659E+000
  0.63683637E+000
  0.63682632E+000
  0.63681645E+000
  0.63680678E+000
  0.63679731E+000
  0.63678806E+000
  0.63677902E+000
  0.63677021E+000
  0.63676162E+000
  0.63675328E+000
  0.63674517E+000
  0.63673730E+000
  0.63672968E+000
  0.63672231E+000
  0.63671519E+000
  0.63670831E+000
  0.63670168E+000
  0.63669530E+000
  0.63668916E+000
  0.63668325E+000
  0.63667758E+000
  0.63667213E+000
  0.63666690E+000
  0.63666188E+000
  0.63665707E+000
  0.63665245E+000
  0.63664801E+000
  0.63664375E+000
  0.63663966E+000
  0.63663572E+000
  0.63663193E+000
  0.63662827E+000
  0.63662475E+000
  0.63662134E+000
  0.63661804E+000
  0.63661485E+000
  0.63661175E+000
  0.63660874E+000
  0.63660580E+000
  0.63660294E+000
  0.63660014E+000
  0.63659739E+000
  0.63659470E+000
  0.63659204E+000
  0.63658943E+000
  0.63658685E+000
  0.63658430E+000
  0.63658177E+000
  0.63657925E+000
  0.63657676E+000
  0.63657428E+000
  0.63657180E+000
  0.63656934E+000
  0.63656688E+000
  0.63656443E+000
  0.63656198E+000
  0.63655954E+000
  0.63655710E+000
  0.63655467E+000
  0.63655224E+000
  0.63654982E+000
  0.63654740E+000
  0.63654500E+000
  0.63654259E+000
  0.63654020E+000
  0.63653782E+000
  0.63653545E+000
  0.63653309E+000
  0.63653075E+000
  0.63652842E+000
  0.63652611E+000
  0.63652381E+000
  0.63652153E+000
  0.63651927E+000
  0.63651703E+000
  0.63651482E+000
  0.63651262E+000
  0.63651045E+000
  0.63650830E+000
  0.63650617E+000
  0.63650407E+000
  0.63650200E+000
  0.63649995E+000
  0.63649793E+000
  0.63649594E+000
  0.63649398E+000
  0.63649205E+000
  0.63649015E+000
  0.63648828E+000
  0.63648644E+000
  0.63648464E+000
  0.63648286E+000
  0.63648112E+000
  0.63647941E+000
  0.63647774E+000
  0.63647610E+000
  0.63647449E+000
  0.63647292E+000
  0.63647139E+000
  0.63646988E+000
  0.63646842E+000
  0.63646698E+000
  0.63646558E+000
  0.63646422E+000
  0.63646289E+000
  0.63646160E+000
  0.63646034E+000
  0.63645912E+000
  0.63645792E+000
  0.63645677E+000
  0.63645564E+000
  0.63645455E+000
  0.63645349E+000
  0.63645247E+000
  0.63645147E+000
  0.63645051E+000
  0.63644958E+000
  0.63644868E+000
  0.63644781E+000
  0.63644697E+000
  0.63644615E+000
  0.63644537E+000
  0.63644461E+000
  0.63644388E+000
  0.63644317E+000
  0.63644250E+000
  0.63644184E+000
  0.63644121E+000
  0.63644061E+000
  0.63644003E+000
  0.63643947E+000
  0.63643893E+000
  0.63643842E+000
  0.63643792E+000
  0.63643745E+000
  0.63643699E+000
  0.63643656E+000
  0.63643614E+000
  0.63643574E+000
  0.63643535E+000
  0.63643499E+000
  0.63643464E+000
  0.63643430E+000
  0.63643398E+000
  0.63643368E+000
  0.63643339E+000
  0.63643311E+000
  0.63643284E+000
  0.63643259E+000
  0.63643235E+000
  0.63643212E+000
  0.63643190E+000
  0.63643169E+000
  0.63643149E+000
  0.63643130E+000
  0.63643114E+000
