  0.90276565E+000
  0.90340728E+000
  0.90389176E+000
  0.90428887E+000
  0.90461624E+000
  0.90488721E+000
  0.90511284E+000
  0.90529918E+000
  0.90545362E+000
  0.90558110E+000
  0.90568643E+000
  0.90577306E+000
  0.90584362E+000
  0.90590055E+000
  0.90594666E+000
  0.90598286E+000
  0.90601063E+000
  0.90603136E+000
  0.90604617E+000
  0.90605601E+000
  0.90606169E+000
  0.90606384E+000
  0.90606303E+000
  0.90605973E+000
  0.90605433E+000
  0.90604719E+000
  0.90603861E+000
  0.90602883E+000
  0.90601805E+000
  0.90600646E+000
  0.90599422E+000
  0.90598147E+000
  0.90596833E+000
  0.90595491E+000
  0.90594129E+000
  0.90592754E+000
  0.90591374E+000
  0.90589994E+000
  0.90588617E+000
  0.90587249E+000
  0.90585893E+000
  0.90584551E+000
  0.90583225E+000
  0.90581918E+000
  0.90580631E+000
  0.90579366E+000
  0.90578125E+000
  0.90576908E+000
  0.90575716E+000
  0.90574552E+000
  0.90573414E+000
  0.90572305E+000
  0.90571225E+000
  0.90570174E+000
  0.90569154E+000
  0.90568164E+000
  0.90567205E+000
  0.90566277E+000
  0.90565381E+000
  0.90564516E+000
  0.90563681E+000
  0.90562878E+000
  0.90562105E+000
  0.90561362E+000
  0.90560648E+000
  0.90559962E+000
  0.90559304E+000
  0.90558672E+000
  0.90558067E+000
  0.90557485E+000
  0.90556927E+000
  0.90556390E+000
  0.90555875E+000
  0.90555379E+000
  0.90554902E+000
  0.90554442E+000
  0.90553999E+000
  0.90553570E+000
  0.90553155E+000
  0.90552753E+000
  0.90552363E+000
  0.90551984E+000
  0.90551615E+000
  0.90551254E+000
  0.90550902E+000
  0.90550556E+000
  0.90550217E+000
  0.90549883E+000
  0.90549554E+000
  0.90549229E+000
  0.90548908E+000
  0.90548590E+000
  0.90548274E+000
  0.90547960E+000
  0.90547647E+000
  0.90547336E+000
  0.90547026E+000
  0.90546717E+000
  0.90546408E+000
  0.90546100E+000
  0.90545793E+000
  0.90545486E+000
  0.90545180E+000
  0.90544874E+000
  0.90544569E+000
  0.90544265E+000
  0.90543962E+000
  0.90543660E+000
  0.90543359E+000
  0.90543059E+000
  0.90542761E+000
  0.90542464E+000
  0.90542169E+000
  0.90541876E+000
  0.90541585E+000
  0.90541296E+000
  0.90541009E+000
  0.90540725E+000
  0.90540443E+000
  0.90540164E+000
  0.90539888E+000
  0.90539614E+000
  0.90539344E+000
  0.90539076E+000
  0.90538812E+000
  0.90538551E+000
  0.90538293E+000
  0.90538039E+000
  0.90537789E+000
  0.90537542E+000
  0.90537299E+000
  0.90537060E+000
  0.90536825E+000
  0.90536593E+000
  0.90536366E+000
  0.90536143E+000
  0.90535924E+000
  0.90535709E+000
  0.90535498E+000
  0.90535292E+000
  0.90535089E+000
  0.90534892E+000
  0.90534698E+000
  0.90534509E+000
  0.90534324E+000
  0.90534144E+000
  0.90533968E+000
  0.90533797E+000
  0.90533630E+000
  0.90533467E+000
  0.90533308E+000
  0.90533154E+000
  0.90533004E+000
  0.90532859E+000
  0.90532717E+000
  0.90532580E+000
  0.90532447E+000
  0.90532318E+000
  0.90532192E+000
  0.90532071E+000
  0.90531954E+000
  0.90531841E+000
  0.90531731E+000
  0.90531625E+000
  0.90531523E+000
  0.90531424E+000
  0.90531328E+000
  0.90531236E+000
  0.90531148E+000
  0.90531062E+000
  0.90530980E+000
  0.90530901E+000
  0.90530825E+000
  0.90530752E+000
  0.90530681E+000
  0.90530614E+000
  0.90530549E+000
  0.90530487E+000
  0.90530427E+000
  0.90530370E+000
  0.90530315E+000
  0.90530262E+000
  0.90530212E+000
  0.90530164E+000
  0.90530118E+000
  0.90530074E+000
  0.90530031E+000
  0.90529991E+000
  0.90529953E+000
  0.90529916E+000
  0.90529881E+000
  0.90529848E+000
  0.90529816E+000
  0.90529785E+000
  0.90529756E+000
  0.90529729E+000
  0.90529703E+000
  0.90529678E+000
  0.90529654E+000
  0.90529633E+000
