  0.31825102E+002
  0.31779329E+002
  0.31740721E+002
  0.31708193E+002
  0.31680821E+002
  0.31657819E+002
  0.31638517E+002
  0.31622346E+002
  0.31608829E+002
  0.31597559E+002
  0.31588196E+002
  0.31580451E+002
  0.31574078E+002
  0.31568871E+002
  0.31564656E+002
  0.31561284E+002
  0.31558632E+002
  0.31556594E+002
  0.31555080E+002
  0.31554014E+002
  0.31553332E+002
  0.31552980E+002
  0.31552910E+002
  0.31553084E+002
  0.31553466E+002
  0.31554028E+002
  0.31554746E+002
  0.31555598E+002
  0.31556565E+002
  0.31557632E+002
  0.31558786E+002
  0.31560015E+002
  0.31561310E+002
  0.31562661E+002
  0.31564061E+002
  0.31565505E+002
  0.31566988E+002
  0.31568504E+002
  0.31570050E+002
  0.31571622E+002
  0.31573219E+002
  0.31574838E+002
  0.31576476E+002
  0.31578132E+002
  0.31579804E+002
  0.31581492E+002
  0.31583193E+002
  0.31584906E+002
  0.31586630E+002
  0.31588365E+002
  0.31590108E+002
  0.31591859E+002
  0.31593617E+002
  0.31595380E+002
  0.31597148E+002
  0.31598920E+002
  0.31600694E+002
  0.31602470E+002
  0.31604246E+002
  0.31606022E+002
  0.31607797E+002
  0.31609571E+002
  0.31611342E+002
  0.31613110E+002
  0.31614874E+002
  0.31616635E+002
  0.31618392E+002
  0.31620145E+002
  0.31621893E+002
  0.31623636E+002
  0.31625375E+002
  0.31627110E+002
  0.31628840E+002
  0.31630565E+002
  0.31632286E+002
  0.31634003E+002
  0.31635716E+002
  0.31637425E+002
  0.31639130E+002
  0.31640831E+002
  0.31642528E+002
  0.31644221E+002
  0.31645911E+002
  0.31647597E+002
  0.31649279E+002
  0.31650958E+002
  0.31652634E+002
  0.31654307E+002
  0.31655977E+002
  0.31657644E+002
  0.31659309E+002
  0.31660971E+002
  0.31662632E+002
  0.31664291E+002
  0.31665948E+002
  0.31667605E+002
  0.31669262E+002
  0.31670918E+002
  0.31672574E+002
  0.31674231E+002
  0.31675890E+002
  0.31677549E+002
  0.31679210E+002
  0.31680873E+002
  0.31682539E+002
  0.31684207E+002
  0.31685878E+002
  0.31687553E+002
  0.31689230E+002
  0.31690911E+002
  0.31692596E+002
  0.31694285E+002
  0.31695978E+002
  0.31697675E+002
  0.31699375E+002
  0.31701080E+002
  0.31702789E+002
  0.31704502E+002
  0.31706219E+002
  0.31707939E+002
  0.31709663E+002
  0.31711390E+002
  0.31713121E+002
  0.31714854E+002
  0.31716589E+002
  0.31718327E+002
  0.31720066E+002
  0.31721807E+002
  0.31723549E+002
  0.31725291E+002
  0.31727033E+002
  0.31728774E+002
  0.31730514E+002
  0.31732252E+002
  0.31733988E+002
  0.31735721E+002
  0.31737450E+002
  0.31739175E+002
  0.31740895E+002
  0.31742609E+002
  0.31744317E+002
  0.31746017E+002
  0.31747710E+002
  0.31749394E+002
  0.31751069E+002
  0.31752733E+002
  0.31754387E+002
  0.31756029E+002
  0.31757659E+002
  0.31759276E+002
  0.31760879E+002
  0.31762468E+002
  0.31764041E+002
  0.31765599E+002
  0.31767140E+002
  0.31768664E+002
  0.31770170E+002
  0.31771658E+002
  0.31773127E+002
  0.31774576E+002
  0.31776005E+002
  0.31777414E+002
  0.31778801E+002
  0.31780167E+002
  0.31781511E+002
  0.31782833E+002
  0.31784132E+002
  0.31785408E+002
  0.31786661E+002
  0.31787889E+002
  0.31789094E+002
  0.31790275E+002
  0.31791432E+002
  0.31792564E+002
  0.31793672E+002
  0.31794755E+002
  0.31795813E+002
  0.31796846E+002
  0.31797855E+002
  0.31798839E+002
  0.31799799E+002
  0.31800734E+002
  0.31801644E+002
  0.31802531E+002
  0.31803393E+002
  0.31804231E+002
  0.31805045E+002
  0.31805836E+002
  0.31806604E+002
  0.31807349E+002
  0.31808071E+002
  0.31808770E+002
  0.31809448E+002
  0.31810104E+002
  0.31810738E+002
  0.31811352E+002
  0.31811945E+002
  0.31812518E+002
  0.31813070E+002
  0.31813603E+002
