  0.21475755E+000
  0.22768176E+000
  0.22769174E+000
  0.22588553E+000
  0.22404563E+000
  0.22249257E+000
  0.22122529E+000
  0.22018672E+000
  0.21933147E+000
  0.21862455E+000
  0.21804777E+000
  0.21757347E+000
  0.21716700E+000
  0.21680673E+000
  0.21647815E+000
  0.21623580E+000
  0.21606535E+000
  0.21594079E+000
  0.21584673E+000
  0.21577362E+000
  0.21571542E+000
  0.21566817E+000
  0.21562917E+000
  0.21559654E+000
  0.21556888E+000
  0.21551885E+000
  0.21541035E+000
  0.21526978E+000
  0.21511623E+000
  0.21496299E+000
  0.21481889E+000
  0.21468935E+000
  0.21457729E+000
  0.21448383E+000
  0.21440879E+000
  0.21435117E+000
  0.21430944E+000
  0.21428180E+000
  0.21426635E+000
  0.21426121E+000
  0.21426460E+000
  0.21427491E+000
  0.21429072E+000
  0.21431080E+000
  0.21433412E+000
  0.21435982E+000
  0.21438723E+000
  0.21441580E+000
  0.21444512E+000
  0.21447487E+000
  0.21450482E+000
  0.21453478E+000
  0.21456464E+000
  0.21459431E+000
  0.21462374E+000
  0.21465287E+000
  0.21468168E+000
  0.21471015E+000
  0.21473826E+000
  0.21476599E+000
  0.21479333E+000
  0.21482026E+000
  0.21484679E+000
  0.21487288E+000
  0.21489855E+000
  0.21492378E+000
  0.21494857E+000
  0.21496932E+000
  0.21497457E+000
  0.21497319E+000
  0.21496914E+000
  0.21496413E+000
  0.21495891E+000
  0.21495375E+000
  0.21494876E+000
  0.21494398E+000
  0.21493939E+000
  0.21493498E+000
  0.21493072E+000
  0.21492659E+000
  0.21492258E+000
  0.21491866E+000
  0.21491481E+000
  0.21491102E+000
  0.21490728E+000
  0.21490357E+000
  0.21489989E+000
  0.21489623E+000
  0.21489258E+000
  0.21488895E+000
  0.21488532E+000
  0.21488170E+000
  0.21487808E+000
  0.21487448E+000
  0.21487089E+000
  0.21486731E+000
  0.21486375E+000
  0.21486022E+000
  0.21485671E+000
  0.21485324E+000
  0.21484980E+000
  0.21484641E+000
  0.21484306E+000
  0.21483977E+000
  0.21483654E+000
  0.21483337E+000
  0.21483027E+000
  0.21482723E+000
  0.21482427E+000
  0.21482139E+000
  0.21481859E+000
  0.21481587E+000
  0.21481323E+000
  0.21481068E+000
  0.21480821E+000
  0.21480583E+000
  0.21480354E+000
  0.21480134E+000
  0.21479922E+000
  0.21479719E+000
  0.21479525E+000
  0.21479339E+000
  0.21479161E+000
  0.21478991E+000
  0.21478829E+000
  0.21478674E+000
  0.21478527E+000
  0.21478387E+000
  0.21478253E+000
  0.21478126E+000
  0.21478006E+000
  0.21477891E+000
  0.21477782E+000
  0.21477679E+000
  0.21477580E+000
  0.21477487E+000
  0.21477398E+000
  0.21477314E+000
  0.21477234E+000
  0.21477158E+000
  0.21477085E+000
  0.21477017E+000
  0.21476951E+000
  0.21476889E+000
  0.21476829E+000
  0.21476773E+000
  0.21476719E+000
  0.21476668E+000
  0.21476619E+000
  0.21476573E+000
  0.21476529E+000
  0.21476487E+000
  0.21476447E+000
  0.21476409E+000
  0.21476372E+000
  0.21476338E+000
  0.21476305E+000
  0.21476273E+000
  0.21476244E+000
  0.21476216E+000
  0.21476189E+000
  0.21476163E+000
  0.21476139E+000
  0.21476116E+000
  0.21476095E+000
  0.21476074E+000
  0.21476055E+000
  0.21476036E+000
  0.21476019E+000
  0.21476002E+000
  0.21475987E+000
  0.21475972E+000
  0.21475959E+000
  0.21475946E+000
  0.21475933E+000
  0.21475922E+000
  0.21475911E+000
  0.21475901E+000
  0.21475892E+000
  0.21475883E+000
  0.21475874E+000
  0.21475867E+000
  0.21475859E+000
  0.21475853E+000
  0.21475846E+000
  0.21475840E+000
  0.21475835E+000
  0.21475830E+000
  0.21475825E+000
  0.21475820E+000
  0.21475816E+000
  0.21475813E+000
  0.21475809E+000
  0.21475806E+000
  0.21475803E+000
  0.21475800E+000
  0.21475798E+000
  0.21475796E+000
  0.21475794E+000
  0.21475793E+000
