  0.46626308E-001
  0.53735793E-001
  0.56871097E-001
  0.58175596E-001
  0.59257249E-001
  0.60087663E-001
  0.59123039E-001
  0.57333413E-001
  0.55348526E-001
  0.53504377E-001
  0.51939258E-001
  0.50678924E-001
  0.49695353E-001
  0.48941399E-001
  0.48368504E-001
  0.47934273E-001
  0.47604450E-001
  0.47352669E-001
  0.47159214E-001
  0.47009581E-001
  0.46893158E-001
  0.46802177E-001
  0.46730910E-001
  0.46675089E-001
  0.46631494E-001
  0.46597655E-001
  0.46571649E-001
  0.46551959E-001
  0.46537369E-001
  0.46526893E-001
  0.46519725E-001
  0.46515202E-001
  0.46512772E-001
  0.46511981E-001
  0.46512449E-001
  0.46513861E-001
  0.46515959E-001
  0.46518533E-001
  0.46521410E-001
  0.46524455E-001
  0.46527560E-001
  0.46530645E-001
  0.46533648E-001
  0.46536527E-001
  0.46539255E-001
  0.46541815E-001
  0.46544200E-001
  0.46546410E-001
  0.46548453E-001
  0.46550336E-001
  0.46552074E-001
  0.46553680E-001
  0.46555169E-001
  0.46556556E-001
  0.46557856E-001
  0.46559084E-001
  0.46560253E-001
  0.46561377E-001
  0.46562466E-001
  0.46563532E-001
  0.46564584E-001
  0.46565630E-001
  0.46566678E-001
  0.46567734E-001
  0.46568804E-001
  0.46569893E-001
  0.46571006E-001
  0.46572146E-001
  0.46573316E-001
  0.46574519E-001
  0.46575756E-001
  0.46577029E-001
  0.46578340E-001
  0.46579688E-001
  0.46581072E-001
  0.46582493E-001
  0.46583947E-001
  0.46585433E-001
  0.46586947E-001
  0.46588486E-001
  0.46590044E-001
  0.46591618E-001
  0.46593200E-001
  0.46594787E-001
  0.46596370E-001
  0.46597945E-001
  0.46599506E-001
  0.46601046E-001
  0.46602559E-001
  0.46604041E-001
  0.46605487E-001
  0.46606892E-001
  0.46608253E-001
  0.46609566E-001
  0.46610828E-001
  0.46612038E-001
  0.46613193E-001
  0.46614294E-001
  0.46615339E-001
  0.46616328E-001
  0.46617262E-001
  0.46618141E-001
  0.46618967E-001
  0.46619739E-001
  0.46620461E-001
  0.46621133E-001
  0.46621758E-001
  0.46622336E-001
  0.46622871E-001
  0.46623364E-001
  0.46623817E-001
  0.46624233E-001
  0.46624613E-001
  0.46624960E-001
  0.46625275E-001
  0.46625560E-001
  0.46625818E-001
  0.46626049E-001
  0.46626257E-001
  0.46626442E-001
  0.46626607E-001
  0.46626752E-001
  0.46626879E-001
  0.46626990E-001
  0.46627086E-001
  0.46627169E-001
  0.46627238E-001
  0.46627296E-001
  0.46627344E-001
  0.46627382E-001
  0.46627411E-001
  0.46627433E-001
  0.46627448E-001
  0.46627456E-001
  0.46627459E-001
  0.46627456E-001
  0.46627449E-001
  0.46627439E-001
  0.46627425E-001
  0.46627408E-001
  0.46627388E-001
  0.46627366E-001
  0.46627342E-001
  0.46627317E-001
  0.46627290E-001
  0.46627263E-001
  0.46627235E-001
  0.46627206E-001
  0.46627176E-001
  0.46627147E-001
  0.46627117E-001
  0.46627088E-001
  0.46627059E-001
  0.46627029E-001
  0.46627001E-001
  0.46626973E-001
  0.46626945E-001
  0.46626918E-001
  0.46626891E-001
  0.46626865E-001
  0.46626840E-001
  0.46626815E-001
  0.46626792E-001
  0.46626769E-001
  0.46626746E-001
  0.46626725E-001
  0.46626704E-001
  0.46626684E-001
  0.46626665E-001
  0.46626647E-001
  0.46626629E-001
  0.46626612E-001
  0.46626596E-001
  0.46626580E-001
  0.46626565E-001
  0.46626551E-001
  0.46626538E-001
  0.46626525E-001
  0.46626512E-001
  0.46626500E-001
  0.46626489E-001
  0.46626478E-001
  0.46626468E-001
  0.46626458E-001
  0.46626449E-001
  0.46626440E-001
  0.46626431E-001
  0.46626423E-001
  0.46626415E-001
  0.46626408E-001
  0.46626400E-001
  0.46626393E-001
  0.46626387E-001
  0.46626380E-001
  0.46626374E-001
  0.46626369E-001
  0.46626363E-001
  0.46626358E-001
  0.46626354E-001
  0.46626351E-001
