  0.26138386E+000
  0.28141755E+000
  0.28456283E+000
  0.28406112E+000
  0.28330288E+000
  0.28258023E+000
  0.28034833E+000
  0.27752013E+000
  0.27467999E+000
  0.27212892E+000
  0.26998703E+000
  0.26825239E+000
  0.26686235E+000
  0.26574813E+000
  0.26484665E+000
  0.26417008E+000
  0.26366980E+000
  0.26329346E+000
  0.26300594E+000
  0.26278320E+000
  0.26260858E+000
  0.26247035E+000
  0.26236008E+000
  0.26227163E+000
  0.26220037E+000
  0.26211651E+000
  0.26198200E+000
  0.26182174E+000
  0.26165360E+000
  0.26148989E+000
  0.26133861E+000
  0.26120455E+000
  0.26109007E+000
  0.26099581E+000
  0.26092124E+000
  0.26086503E+000
  0.26082540E+000
  0.26080033E+000
  0.26078776E+000
  0.26078566E+000
  0.26079216E+000
  0.26080555E+000
  0.26082437E+000
  0.26084733E+000
  0.26087337E+000
  0.26090164E+000
  0.26093143E+000
  0.26096221E+000
  0.26099357E+000
  0.26102521E+000
  0.26105689E+000
  0.26108846E+000
  0.26111981E+000
  0.26115087E+000
  0.26118159E+000
  0.26121195E+000
  0.26124193E+000
  0.26127153E+000
  0.26130072E+000
  0.26132952E+000
  0.26135791E+000
  0.26138589E+000
  0.26141346E+000
  0.26144062E+000
  0.26146735E+000
  0.26149367E+000
  0.26151958E+000
  0.26154147E+000
  0.26154788E+000
  0.26154771E+000
  0.26154490E+000
  0.26154116E+000
  0.26153724E+000
  0.26153343E+000
  0.26152983E+000
  0.26152647E+000
  0.26152333E+000
  0.26152041E+000
  0.26151767E+000
  0.26151508E+000
  0.26151262E+000
  0.26151028E+000
  0.26150801E+000
  0.26150581E+000
  0.26150365E+000
  0.26150152E+000
  0.26149940E+000
  0.26149728E+000
  0.26149514E+000
  0.26149299E+000
  0.26149080E+000
  0.26148859E+000
  0.26148633E+000
  0.26148404E+000
  0.26148171E+000
  0.26147935E+000
  0.26147694E+000
  0.26147451E+000
  0.26147205E+000
  0.26146956E+000
  0.26146706E+000
  0.26146455E+000
  0.26146203E+000
  0.26145951E+000
  0.26145700E+000
  0.26145450E+000
  0.26145202E+000
  0.26144957E+000
  0.26144714E+000
  0.26144475E+000
  0.26144240E+000
  0.26144010E+000
  0.26143784E+000
  0.26143564E+000
  0.26143349E+000
  0.26143139E+000
  0.26142936E+000
  0.26142739E+000
  0.26142548E+000
  0.26142364E+000
  0.26142186E+000
  0.26142014E+000
  0.26141849E+000
  0.26141690E+000
  0.26141537E+000
  0.26141391E+000
  0.26141251E+000
  0.26141116E+000
  0.26140987E+000
  0.26140864E+000
  0.26140747E+000
  0.26140634E+000
  0.26140527E+000
  0.26140424E+000
  0.26140326E+000
  0.26140233E+000
  0.26140143E+000
  0.26140058E+000
  0.26139976E+000
  0.26139899E+000
  0.26139824E+000
  0.26139753E+000
  0.26139685E+000
  0.26139620E+000
  0.26139559E+000
  0.26139499E+000
  0.26139443E+000
  0.26139389E+000
  0.26139337E+000
  0.26139288E+000
  0.26139241E+000
  0.26139196E+000
  0.26139153E+000
  0.26139111E+000
  0.26139072E+000
  0.26139035E+000
  0.26138999E+000
  0.26138965E+000
  0.26138933E+000
  0.26138902E+000
  0.26138873E+000
  0.26138845E+000
  0.26138818E+000
  0.26138793E+000
  0.26138769E+000
  0.26138746E+000
  0.26138725E+000
  0.26138705E+000
  0.26138685E+000
  0.26138667E+000
  0.26138650E+000
  0.26138634E+000
  0.26138618E+000
  0.26138604E+000
  0.26138590E+000
  0.26138577E+000
  0.26138565E+000
  0.26138554E+000
  0.26138543E+000
  0.26138533E+000
  0.26138523E+000
  0.26138514E+000
  0.26138506E+000
  0.26138498E+000
  0.26138491E+000
  0.26138484E+000
  0.26138478E+000
  0.26138472E+000
  0.26138466E+000
  0.26138461E+000
  0.26138456E+000
  0.26138452E+000
  0.26138448E+000
  0.26138444E+000
  0.26138440E+000
  0.26138437E+000
  0.26138434E+000
  0.26138431E+000
  0.26138429E+000
  0.26138428E+000
