  0.53182286E-005
  0.61291413E-005
  0.64867562E-005
  0.66355482E-005
  0.67589223E-005
  0.68536399E-005
  0.67436143E-005
  0.65394883E-005
  0.63130907E-005
  0.61027458E-005
  0.59242273E-005
  0.57804727E-005
  0.56682860E-005
  0.55822894E-005
  0.55169446E-005
  0.54674159E-005
  0.54297961E-005
  0.54010778E-005
  0.53790121E-005
  0.53619449E-005
  0.53486657E-005
  0.53382883E-005
  0.53301595E-005
  0.53237926E-005
  0.53188201E-005
  0.53149603E-005
  0.53119941E-005
  0.53097483E-005
  0.53080841E-005
  0.53068892E-005
  0.53060716E-005
  0.53055557E-005
  0.53052786E-005
  0.53051884E-005
  0.53052417E-005
  0.53054028E-005
  0.53056421E-005
  0.53059356E-005
  0.53062638E-005
  0.53066111E-005
  0.53069653E-005
  0.53073171E-005
  0.53076597E-005
  0.53079881E-005
  0.53082993E-005
  0.53085912E-005
  0.53088632E-005
  0.53091154E-005
  0.53093483E-005
  0.53095632E-005
  0.53097614E-005
  0.53099446E-005
  0.53101144E-005
  0.53102726E-005
  0.53104209E-005
  0.53105609E-005
  0.53106943E-005
  0.53108225E-005
  0.53109467E-005
  0.53110683E-005
  0.53111883E-005
  0.53113076E-005
  0.53114271E-005
  0.53115476E-005
  0.53116696E-005
  0.53117939E-005
  0.53119208E-005
  0.53120508E-005
  0.53121842E-005
  0.53123214E-005
  0.53124625E-005
  0.53126078E-005
  0.53127573E-005
  0.53129110E-005
  0.53130689E-005
  0.53132310E-005
  0.53133968E-005
  0.53135663E-005
  0.53137390E-005
  0.53139145E-005
  0.53140923E-005
  0.53142717E-005
  0.53144523E-005
  0.53146332E-005
  0.53148138E-005
  0.53149935E-005
  0.53151715E-005
  0.53153471E-005
  0.53155198E-005
  0.53156888E-005
  0.53158537E-005
  0.53160140E-005
  0.53161692E-005
  0.53163189E-005
  0.53164629E-005
  0.53166009E-005
  0.53167327E-005
  0.53168583E-005
  0.53169774E-005
  0.53170903E-005
  0.53171968E-005
  0.53172971E-005
  0.53173912E-005
  0.53174793E-005
  0.53175617E-005
  0.53176383E-005
  0.53177095E-005
  0.53177755E-005
  0.53178365E-005
  0.53178928E-005
  0.53179445E-005
  0.53179919E-005
  0.53180353E-005
  0.53180748E-005
  0.53181107E-005
  0.53181432E-005
  0.53181726E-005
  0.53181991E-005
  0.53182227E-005
  0.53182439E-005
  0.53182626E-005
  0.53182792E-005
  0.53182937E-005
  0.53183064E-005
  0.53183174E-005
  0.53183267E-005
  0.53183347E-005
  0.53183413E-005
  0.53183467E-005
  0.53183511E-005
  0.53183544E-005
  0.53183569E-005
  0.53183585E-005
  0.53183595E-005
  0.53183598E-005
  0.53183595E-005
  0.53183588E-005
  0.53183575E-005
  0.53183559E-005
  0.53183540E-005
  0.53183517E-005
  0.53183492E-005
  0.53183465E-005
  0.53183436E-005
  0.53183406E-005
  0.53183375E-005
  0.53183343E-005
  0.53183310E-005
  0.53183276E-005
  0.53183243E-005
  0.53183209E-005
  0.53183175E-005
  0.53183142E-005
  0.53183109E-005
  0.53183076E-005
  0.53183044E-005
  0.53183012E-005
  0.53182981E-005
  0.53182951E-005
  0.53182921E-005
  0.53182892E-005
  0.53182864E-005
  0.53182837E-005
  0.53182811E-005
  0.53182786E-005
  0.53182761E-005
  0.53182738E-005
  0.53182715E-005
  0.53182693E-005
  0.53182672E-005
  0.53182652E-005
  0.53182633E-005
  0.53182614E-005
  0.53182596E-005
  0.53182579E-005
  0.53182563E-005
  0.53182548E-005
  0.53182533E-005
  0.53182519E-005
  0.53182505E-005
  0.53182492E-005
  0.53182480E-005
  0.53182468E-005
  0.53182457E-005
  0.53182446E-005
  0.53182436E-005
  0.53182426E-005
  0.53182417E-005
  0.53182408E-005
  0.53182399E-005
  0.53182391E-005
  0.53182383E-005
  0.53182375E-005
  0.53182368E-005
  0.53182361E-005
  0.53182355E-005
  0.53182348E-005
  0.53182343E-005
  0.53182338E-005
  0.53182335E-005
