  0.14115454E+000
  0.14360128E+000
  0.14520619E+000
  0.14620078E+000
  0.14655699E+000
  0.14648240E+000
  0.14633485E+000
  0.14614252E+000
  0.14592262E+000
  0.14568753E+000
  0.14544473E+000
  0.14520072E+000
  0.14496016E+000
  0.14472688E+000
  0.14450327E+000
  0.14425880E+000
  0.14400144E+000
  0.14374869E+000
  0.14350938E+000
  0.14328747E+000
  0.14308419E+000
  0.14289926E+000
  0.14273171E+000
  0.14258020E+000
  0.14244332E+000
  0.14232182E+000
  0.14221679E+000
  0.14212392E+000
  0.14204050E+000
  0.14196479E+000
  0.14189564E+000
  0.14183223E+000
  0.14177398E+000
  0.14172042E+000
  0.14167114E+000
  0.14162581E+000
  0.14158414E+000
  0.14154583E+000
  0.14151065E+000
  0.14147835E+000
  0.14144870E+000
  0.14142151E+000
  0.14139658E+000
  0.14137372E+000
  0.14135276E+000
  0.14133356E+000
  0.14131596E+000
  0.14129982E+000
  0.14128504E+000
  0.14127148E+000
  0.14125906E+000
  0.14124768E+000
  0.14123725E+000
  0.14122771E+000
  0.14121898E+000
  0.14121099E+000
  0.14120370E+000
  0.14119705E+000
  0.14119100E+000
  0.14118549E+000
  0.14118050E+000
  0.14117598E+000
  0.14117190E+000
  0.14116823E+000
  0.14116493E+000
  0.14116197E+000
  0.14115934E+000
  0.14115721E+000
  0.14115615E+000
  0.14115548E+000
  0.14115506E+000
  0.14115484E+000
  0.14115480E+000
  0.14115494E+000
  0.14115524E+000
  0.14115570E+000
  0.14115630E+000
  0.14115704E+000
  0.14115791E+000
  0.14115890E+000
  0.14115999E+000
  0.14116118E+000
  0.14116246E+000
  0.14116380E+000
  0.14116519E+000
  0.14116662E+000
  0.14116808E+000
  0.14116954E+000
  0.14117099E+000
  0.14117242E+000
  0.14117382E+000
  0.14117516E+000
  0.14117645E+000
  0.14117767E+000
  0.14117881E+000
  0.14117986E+000
  0.14118083E+000
  0.14118170E+000
  0.14118248E+000
  0.14118316E+000
  0.14118375E+000
  0.14118424E+000
  0.14118463E+000
  0.14118493E+000
  0.14118515E+000
  0.14118528E+000
  0.14118533E+000
  0.14118530E+000
  0.14118521E+000
  0.14118504E+000
  0.14118481E+000
  0.14118453E+000
  0.14118419E+000
  0.14118380E+000
  0.14118337E+000
  0.14118289E+000
  0.14118238E+000
  0.14118184E+000
  0.14118127E+000
  0.14118067E+000
  0.14118005E+000
  0.14117942E+000
  0.14117876E+000
  0.14117810E+000
  0.14117742E+000
  0.14117674E+000
  0.14117605E+000
  0.14117536E+000
  0.14117466E+000
  0.14117397E+000
  0.14117328E+000
  0.14117260E+000
  0.14117193E+000
  0.14117126E+000
  0.14117060E+000
  0.14116995E+000
  0.14116932E+000
  0.14116869E+000
  0.14116808E+000
  0.14116749E+000
  0.14116691E+000
  0.14116634E+000
  0.14116580E+000
  0.14116526E+000
  0.14116475E+000
  0.14116425E+000
  0.14116377E+000
  0.14116330E+000
  0.14116286E+000
  0.14116243E+000
  0.14116201E+000
  0.14116162E+000
  0.14116124E+000
  0.14116087E+000
  0.14116053E+000
  0.14116019E+000
  0.14115988E+000
  0.14115957E+000
  0.14115929E+000
  0.14115901E+000
  0.14115875E+000
  0.14115851E+000
  0.14115827E+000
  0.14115805E+000
  0.14115784E+000
  0.14115764E+000
  0.14115745E+000
  0.14115728E+000
  0.14115711E+000
  0.14115695E+000
  0.14115680E+000
  0.14115666E+000
  0.14115653E+000
  0.14115640E+000
  0.14115628E+000
  0.14115617E+000
  0.14115607E+000
  0.14115597E+000
  0.14115588E+000
  0.14115579E+000
  0.14115571E+000
  0.14115564E+000
  0.14115557E+000
  0.14115550E+000
  0.14115544E+000
  0.14115538E+000
  0.14115532E+000
  0.14115527E+000
  0.14115523E+000
  0.14115518E+000
  0.14115514E+000
  0.14115510E+000
  0.14115506E+000
  0.14115503E+000
  0.14115500E+000
  0.14115497E+000
  0.14115494E+000
  0.14115492E+000
  0.14115490E+000
  0.14115489E+000
