  0.13124710E+000
  0.13130008E+000
  0.13135207E+000
  0.13140054E+000
  0.13144491E+000
  0.13148485E+000
  0.13151846E+000
  0.13154524E+000
  0.13156554E+000
  0.13158014E+000
  0.13158992E+000
  0.13159573E+000
  0.13159833E+000
  0.13159832E+000
  0.13159621E+000
  0.13159240E+000
  0.13158720E+000
  0.13158085E+000
  0.13157356E+000
  0.13156549E+000
  0.13155677E+000
  0.13154750E+000
  0.13153776E+000
  0.13152764E+000
  0.13151720E+000
  0.13150648E+000
  0.13149554E+000
  0.13148442E+000
  0.13147315E+000
  0.13146176E+000
  0.13145030E+000
  0.13143878E+000
  0.13142724E+000
  0.13141569E+000
  0.13140418E+000
  0.13139271E+000
  0.13138133E+000
  0.13137004E+000
  0.13135888E+000
  0.13134787E+000
  0.13133703E+000
  0.13132640E+000
  0.13131598E+000
  0.13130581E+000
  0.13129591E+000
  0.13128630E+000
  0.13127700E+000
  0.13126803E+000
  0.13125942E+000
  0.13125117E+000
  0.13124330E+000
  0.13123584E+000
  0.13122879E+000
  0.13122216E+000
  0.13121595E+000
  0.13121019E+000
  0.13120486E+000
  0.13119997E+000
  0.13119552E+000
  0.13119151E+000
  0.13118793E+000
  0.13118477E+000
  0.13118202E+000
  0.13117967E+000
  0.13117772E+000
  0.13117614E+000
  0.13117491E+000
  0.13117403E+000
  0.13117348E+000
  0.13117323E+000
  0.13117327E+000
  0.13117359E+000
  0.13117415E+000
  0.13117495E+000
  0.13117597E+000
  0.13117719E+000
  0.13117858E+000
  0.13118014E+000
  0.13118184E+000
  0.13118368E+000
  0.13118562E+000
  0.13118767E+000
  0.13118979E+000
  0.13119199E+000
  0.13119423E+000
  0.13119652E+000
  0.13119883E+000
  0.13120115E+000
  0.13120348E+000
  0.13120579E+000
  0.13120808E+000
  0.13121034E+000
  0.13121256E+000
  0.13121474E+000
  0.13121686E+000
  0.13121891E+000
  0.13122090E+000
  0.13122282E+000
  0.13122467E+000
  0.13122644E+000
  0.13122813E+000
  0.13122974E+000
  0.13123127E+000
  0.13123272E+000
  0.13123409E+000
  0.13123538E+000
  0.13123660E+000
  0.13123773E+000
  0.13123880E+000
  0.13123979E+000
  0.13124072E+000
  0.13124157E+000
  0.13124237E+000
  0.13124310E+000
  0.13124378E+000
  0.13124440E+000
  0.13124497E+000
  0.13124549E+000
  0.13124596E+000
  0.13124639E+000
  0.13124678E+000
  0.13124713E+000
  0.13124744E+000
  0.13124772E+000
  0.13124797E+000
  0.13124819E+000
  0.13124838E+000
  0.13124855E+000
  0.13124869E+000
  0.13124881E+000
  0.13124891E+000
  0.13124900E+000
  0.13124906E+000
  0.13124912E+000
  0.13124915E+000
  0.13124918E+000
  0.13124920E+000
  0.13124920E+000
  0.13124920E+000
  0.13124918E+000
  0.13124917E+000
  0.13124914E+000
  0.13124911E+000
  0.13124907E+000
  0.13124903E+000
  0.13124899E+000
  0.13124895E+000
  0.13124890E+000
  0.13124885E+000
  0.13124879E+000
  0.13124874E+000
  0.13124869E+000
  0.13124863E+000
  0.13124858E+000
  0.13124853E+000
  0.13124847E+000
  0.13124842E+000
  0.13124837E+000
  0.13124831E+000
  0.13124826E+000
  0.13124821E+000
  0.13124816E+000
  0.13124812E+000
  0.13124807E+000
  0.13124802E+000
  0.13124798E+000
  0.13124794E+000
  0.13124790E+000
  0.13124786E+000
  0.13124782E+000
  0.13124778E+000
  0.13124775E+000
  0.13124771E+000
  0.13124768E+000
  0.13124765E+000
  0.13124762E+000
  0.13124759E+000
  0.13124756E+000
  0.13124754E+000
  0.13124751E+000
  0.13124749E+000
  0.13124747E+000
  0.13124744E+000
  0.13124742E+000
  0.13124740E+000
  0.13124738E+000
  0.13124737E+000
  0.13124735E+000
  0.13124733E+000
  0.13124731E+000
  0.13124730E+000
  0.13124728E+000
  0.13124727E+000
  0.13124726E+000
  0.13124724E+000
  0.13124723E+000
  0.13124722E+000
  0.13124720E+000
  0.13124719E+000
  0.13124718E+000
