  0.81427371E+000
  0.81425011E+000
  0.81422974E+000
  0.81421231E+000
  0.81419748E+000
  0.81418493E+000
  0.81417435E+000
  0.81416548E+000
  0.81415808E+000
  0.81415194E+000
  0.81414689E+000
  0.81414280E+000
  0.81413955E+000
  0.81413701E+000
  0.81413508E+000
  0.81413366E+000
  0.81413267E+000
  0.81413205E+000
  0.81413175E+000
  0.81413171E+000
  0.81413190E+000
  0.81413228E+000
  0.81413282E+000
  0.81413349E+000
  0.81413428E+000
  0.81413517E+000
  0.81413613E+000
  0.81413717E+000
  0.81413825E+000
  0.81413938E+000
  0.81414055E+000
  0.81414174E+000
  0.81414296E+000
  0.81414419E+000
  0.81414542E+000
  0.81414667E+000
  0.81414792E+000
  0.81414916E+000
  0.81415040E+000
  0.81415163E+000
  0.81415285E+000
  0.81415406E+000
  0.81415525E+000
  0.81415642E+000
  0.81415757E+000
  0.81415870E+000
  0.81415980E+000
  0.81416088E+000
  0.81416192E+000
  0.81416293E+000
  0.81416391E+000
  0.81416484E+000
  0.81416573E+000
  0.81416658E+000
  0.81416738E+000
  0.81416813E+000
  0.81416883E+000
  0.81416947E+000
  0.81417005E+000
  0.81417057E+000
  0.81417102E+000
  0.81417141E+000
  0.81417173E+000
  0.81417198E+000
  0.81417215E+000
  0.81417225E+000
  0.81417226E+000
  0.81417220E+000
  0.81417206E+000
  0.81417184E+000
  0.81417154E+000
  0.81417115E+000
  0.81417068E+000
  0.81417013E+000
  0.81416950E+000
  0.81416879E+000
  0.81416801E+000
  0.81416714E+000
  0.81416620E+000
  0.81416519E+000
  0.81416412E+000
  0.81416297E+000
  0.81416177E+000
  0.81416050E+000
  0.81415918E+000
  0.81415781E+000
  0.81415640E+000
  0.81415494E+000
  0.81415344E+000
  0.81415191E+000
  0.81415036E+000
  0.81414878E+000
  0.81414718E+000
  0.81414557E+000
  0.81414394E+000
  0.81414232E+000
  0.81414069E+000
  0.81413907E+000
  0.81413745E+000
  0.81413585E+000
  0.81413427E+000
  0.81413271E+000
  0.81413117E+000
  0.81412967E+000
  0.81412820E+000
  0.81412677E+000
  0.81412539E+000
  0.81412405E+000
  0.81412276E+000
  0.81412152E+000
  0.81412034E+000
  0.81411923E+000
  0.81411817E+000
  0.81411719E+000
  0.81411628E+000
  0.81411544E+000
  0.81411467E+000
  0.81411399E+000
  0.81411339E+000
  0.81411287E+000
  0.81411243E+000
  0.81411209E+000
  0.81411183E+000
  0.81411166E+000
  0.81411159E+000
  0.81411161E+000
  0.81411172E+000
  0.81411192E+000
  0.81411222E+000
  0.81411262E+000
  0.81411311E+000
  0.81411369E+000
  0.81411437E+000
  0.81411514E+000
  0.81411600E+000
  0.81411696E+000
  0.81411800E+000
  0.81411913E+000
  0.81412035E+000
  0.81412165E+000
  0.81412303E+000
  0.81412449E+000
  0.81412603E+000
  0.81412764E+000
  0.81412932E+000
  0.81413108E+000
  0.81413289E+000
  0.81413477E+000
  0.81413671E+000
  0.81413871E+000
  0.81414075E+000
  0.81414285E+000
  0.81414499E+000
  0.81414718E+000
  0.81414940E+000
  0.81415165E+000
  0.81415394E+000
  0.81415625E+000
  0.81415859E+000
  0.81416095E+000
  0.81416333E+000
  0.81416572E+000
  0.81416812E+000
  0.81417053E+000
  0.81417294E+000
  0.81417535E+000
  0.81417776E+000
  0.81418016E+000
  0.81418256E+000
  0.81418494E+000
  0.81418731E+000
  0.81418967E+000
  0.81419201E+000
  0.81419432E+000
  0.81419662E+000
  0.81419888E+000
  0.81420113E+000
  0.81420334E+000
  0.81420552E+000
  0.81420767E+000
  0.81420979E+000
  0.81421187E+000
  0.81421392E+000
  0.81421592E+000
  0.81421789E+000
  0.81421983E+000
  0.81422172E+000
  0.81422357E+000
  0.81422538E+000
  0.81422715E+000
  0.81422888E+000
  0.81423056E+000
  0.81423220E+000
  0.81423380E+000
  0.81423536E+000
  0.81423687E+000
  0.81423835E+000
  0.81423978E+000
  0.81424117E+000
  0.81424251E+000
