  0.35684521E+000
  0.35666007E+000
  0.35649314E+000
  0.35635713E+000
  0.35624221E+000
  0.35614446E+000
  0.35606160E+000
  0.35599168E+000
  0.35593349E+000
  0.35588215E+000
  0.35584030E+000
  0.35580499E+000
  0.35577552E+000
  0.35575136E+000
  0.35573275E+000
  0.35571781E+000
  0.35570588E+000
  0.35569637E+000
  0.35568959E+000
  0.35568452E+000
  0.35568099E+000
  0.35567922E+000
  0.35567888E+000
  0.35568035E+000
  0.35568307E+000
  0.35568545E+000
  0.35568941E+000
  0.35569410E+000
  0.35569959E+000
  0.35570559E+000
  0.35571218E+000
  0.35572031E+000
  0.35572779E+000
  0.35573568E+000
  0.35574403E+000
  0.35575265E+000
  0.35576175E+000
  0.35577115E+000
  0.35578091E+000
  0.35579091E+000
  0.35580108E+000
  0.35581175E+000
  0.35582291E+000
  0.35583381E+000
  0.35584488E+000
  0.35585624E+000
  0.35586763E+000
  0.35587943E+000
  0.35589118E+000
  0.35590317E+000
  0.35591521E+000
  0.35592725E+000
  0.35593933E+000
  0.35595162E+000
  0.35596399E+000
  0.35597644E+000
  0.35598889E+000
  0.35600144E+000
  0.35601402E+000
  0.35602659E+000
  0.35603943E+000
  0.35605178E+000
  0.35606412E+000
  0.35607645E+000
  0.35608885E+000
  0.35610103E+000
  0.35611203E+000
  0.35612387E+000
  0.35613560E+000
  0.35614726E+000
  0.35615903E+000
  0.35617045E+000
  0.35618175E+000
  0.35619286E+000
  0.35620386E+000
  0.35621459E+000
  0.35622524E+000
  0.35623568E+000
  0.35624579E+000
  0.35625611E+000
  0.35626578E+000
  0.35627549E+000
  0.35628494E+000
  0.35629421E+000
  0.35630344E+000
  0.35631250E+000
  0.35632116E+000
  0.35632997E+000
  0.35633858E+000
  0.35634708E+000
  0.35635540E+000
  0.35636364E+000
  0.35637170E+000
  0.35637964E+000
  0.35638745E+000
  0.35639517E+000
  0.35640278E+000
  0.35641026E+000
  0.35641770E+000
  0.35642510E+000
  0.35643242E+000
  0.35643967E+000
  0.35644679E+000
  0.35645389E+000
  0.35646102E+000
  0.35646807E+000
  0.35647511E+000
  0.35648208E+000
  0.35648911E+000
  0.35649615E+000
  0.35650319E+000
  0.35651025E+000
  0.35651731E+000
  0.35652439E+000
  0.35653151E+000
  0.35653864E+000
  0.35654582E+000
  0.35655303E+000
  0.35656029E+000
  0.35656759E+000
  0.35657495E+000
  0.35658235E+000
  0.35658981E+000
  0.35659733E+000
  0.35660491E+000
  0.35661255E+000
  0.35662025E+000
  0.35662801E+000
  0.35663583E+000
  0.35664371E+000
  0.35665166E+000
  0.35665967E+000
  0.35666773E+000
  0.35667586E+000
  0.35668404E+000
  0.35669228E+000
  0.35670057E+000
  0.35670890E+000
  0.35671729E+000
  0.35672572E+000
  0.35673419E+000
  0.35674270E+000
  0.35675124E+000
  0.35675981E+000
  0.35676840E+000
  0.35677701E+000
  0.35678564E+000
  0.35679428E+000
  0.35680293E+000
  0.35681157E+000
  0.35682021E+000
  0.35682884E+000
  0.35683746E+000
  0.35684605E+000
  0.35685462E+000
  0.35686315E+000
  0.35687165E+000
  0.35688011E+000
  0.35688852E+000
  0.35689687E+000
  0.35690517E+000
  0.35691340E+000
  0.35692157E+000
  0.35692966E+000
  0.35693767E+000
  0.35694560E+000
  0.35695345E+000
  0.35696120E+000
  0.35696885E+000
  0.35697641E+000
  0.35698386E+000
  0.35699121E+000
  0.35699844E+000
  0.35700556E+000
  0.35701257E+000
  0.35701945E+000
  0.35702622E+000
  0.35703286E+000
  0.35703937E+000
  0.35704576E+000
  0.35705201E+000
  0.35705814E+000
  0.35706413E+000
  0.35706999E+000
  0.35707572E+000
  0.35708131E+000
  0.35708677E+000
  0.35709209E+000
  0.35709728E+000
  0.35710234E+000
  0.35710726E+000
  0.35711205E+000
  0.35711670E+000
  0.35712122E+000
  0.35712562E+000
  0.35712988E+000
  0.35713402E+000
  0.35713802E+000
  0.35714191E+000
  0.35714566E+000
