  0.86193873E+000
  0.86258738E+000
  0.86305887E+000
  0.86340990E+000
  0.86366810E+000
  0.86385479E+000
  0.86398756E+000
  0.86407801E+000
  0.86413515E+000
  0.86416593E+000
  0.86417582E+000
  0.86416898E+000
  0.86414875E+000
  0.86411780E+000
  0.86407829E+000
  0.86403154E+000
  0.86397916E+000
  0.86392261E+000
  0.86386304E+000
  0.86380134E+000
  0.86373820E+000
  0.86367418E+000
  0.86360974E+000
  0.86354524E+000
  0.86348097E+000
  0.86341719E+000
  0.86335409E+000
  0.86329181E+000
  0.86323048E+000
  0.86317022E+000
  0.86311111E+000
  0.86305324E+000
  0.86299667E+000
  0.86294145E+000
  0.86288763E+000
  0.86283523E+000
  0.86278428E+000
  0.86273479E+000
  0.86268678E+000
  0.86264025E+000
  0.86259521E+000
  0.86255165E+000
  0.86250957E+000
  0.86246897E+000
  0.86242984E+000
  0.86239218E+000
  0.86235598E+000
  0.86232123E+000
  0.86228793E+000
  0.86225605E+000
  0.86222560E+000
  0.86219656E+000
  0.86216890E+000
  0.86214262E+000
  0.86211770E+000
  0.86209411E+000
  0.86207183E+000
  0.86205084E+000
  0.86203109E+000
  0.86201258E+000
  0.86199525E+000
  0.86197908E+000
  0.86196403E+000
  0.86195007E+000
  0.86193716E+000
  0.86192527E+000
  0.86191436E+000
  0.86190440E+000
  0.86189537E+000
  0.86188722E+000
  0.86187993E+000
  0.86187349E+000
  0.86186786E+000
  0.86186303E+000
  0.86185896E+000
  0.86185564E+000
  0.86185304E+000
  0.86185113E+000
  0.86184988E+000
  0.86184926E+000
  0.86184922E+000
  0.86184973E+000
  0.86185075E+000
  0.86185223E+000
  0.86185412E+000
  0.86185638E+000
  0.86185895E+000
  0.86186178E+000
  0.86186483E+000
  0.86186805E+000
  0.86187138E+000
  0.86187480E+000
  0.86187827E+000
  0.86188174E+000
  0.86188518E+000
  0.86188858E+000
  0.86189190E+000
  0.86189514E+000
  0.86189826E+000
  0.86190127E+000
  0.86190415E+000
  0.86190690E+000
  0.86190951E+000
  0.86191198E+000
  0.86191432E+000
  0.86191653E+000
  0.86191860E+000
  0.86192055E+000
  0.86192238E+000
  0.86192409E+000
  0.86192570E+000
  0.86192720E+000
  0.86192860E+000
  0.86192991E+000
  0.86193114E+000
  0.86193228E+000
  0.86193335E+000
  0.86193435E+000
  0.86193529E+000
  0.86193617E+000
  0.86193699E+000
  0.86193776E+000
  0.86193847E+000
  0.86193915E+000
  0.86193978E+000
  0.86194037E+000
  0.86194092E+000
  0.86194144E+000
  0.86194193E+000
  0.86194238E+000
  0.86194281E+000
  0.86194320E+000
  0.86194357E+000
  0.86194392E+000
  0.86194424E+000
  0.86194454E+000
  0.86194482E+000
  0.86194508E+000
  0.86194532E+000
  0.86194553E+000
  0.86194573E+000
  0.86194591E+000
  0.86194608E+000
  0.86194623E+000
  0.86194636E+000
  0.86194647E+000
  0.86194658E+000
  0.86194666E+000
  0.86194674E+000
  0.86194680E+000
  0.86194684E+000
  0.86194688E+000
  0.86194690E+000
  0.86194691E+000
  0.86194691E+000
  0.86194690E+000
  0.86194688E+000
  0.86194685E+000
  0.86194680E+000
  0.86194676E+000
  0.86194670E+000
  0.86194663E+000
  0.86194656E+000
  0.86194648E+000
  0.86194639E+000
  0.86194630E+000
  0.86194620E+000
  0.86194609E+000
  0.86194598E+000
  0.86194587E+000
  0.86194575E+000
  0.86194563E+000
  0.86194550E+000
  0.86194538E+000
  0.86194525E+000
  0.86194511E+000
  0.86194498E+000
  0.86194484E+000
  0.86194470E+000
  0.86194456E+000
  0.86194442E+000
  0.86194428E+000
  0.86194414E+000
  0.86194400E+000
  0.86194386E+000
  0.86194372E+000
  0.86194358E+000
  0.86194344E+000
  0.86194330E+000
  0.86194316E+000
  0.86194303E+000
  0.86194290E+000
  0.86194276E+000
  0.86194263E+000
  0.86194251E+000
  0.86194238E+000
  0.86194226E+000
  0.86194214E+000
  0.86194203E+000
  0.86194191E+000
