  0.88682554E+000
  0.88685894E+000
  0.88688498E+000
  0.88690484E+000
  0.88691961E+000
  0.88693028E+000
  0.88693764E+000
  0.88694233E+000
  0.88694485E+000
  0.88694561E+000
  0.88694494E+000
  0.88694314E+000
  0.88694040E+000
  0.88693691E+000
  0.88693282E+000
  0.88692821E+000
  0.88692320E+000
  0.88691787E+000
  0.88691229E+000
  0.88690651E+000
  0.88690059E+000
  0.88689456E+000
  0.88688844E+000
  0.88688228E+000
  0.88687609E+000
  0.88686988E+000
  0.88686368E+000
  0.88685749E+000
  0.88685133E+000
  0.88684521E+000
  0.88683914E+000
  0.88683312E+000
  0.88682717E+000
  0.88682129E+000
  0.88681548E+000
  0.88680976E+000
  0.88680413E+000
  0.88679860E+000
  0.88679316E+000
  0.88678784E+000
  0.88678262E+000
  0.88677752E+000
  0.88677255E+000
  0.88676770E+000
  0.88676298E+000
  0.88675841E+000
  0.88675397E+000
  0.88674968E+000
  0.88674554E+000
  0.88674155E+000
  0.88673772E+000
  0.88673404E+000
  0.88673053E+000
  0.88672717E+000
  0.88672398E+000
  0.88672095E+000
  0.88671807E+000
  0.88671535E+000
  0.88671279E+000
  0.88671037E+000
  0.88670810E+000
  0.88670597E+000
  0.88670398E+000
  0.88670210E+000
  0.88670035E+000
  0.88669871E+000
  0.88669718E+000
  0.88669573E+000
  0.88669438E+000
  0.88669310E+000
  0.88669189E+000
  0.88669074E+000
  0.88668964E+000
  0.88668859E+000
  0.88668757E+000
  0.88668658E+000
  0.88668562E+000
  0.88668467E+000
  0.88668372E+000
  0.88668279E+000
  0.88668185E+000
  0.88668091E+000
  0.88667995E+000
  0.88667899E+000
  0.88667801E+000
  0.88667701E+000
  0.88667600E+000
  0.88667497E+000
  0.88667391E+000
  0.88667284E+000
  0.88667175E+000
  0.88667064E+000
  0.88666951E+000
  0.88666837E+000
  0.88666722E+000
  0.88666607E+000
  0.88666490E+000
  0.88666374E+000
  0.88666257E+000
  0.88666141E+000
  0.88666027E+000
  0.88665913E+000
  0.88665802E+000
  0.88665693E+000
  0.88665587E+000
  0.88665484E+000
  0.88665385E+000
  0.88665290E+000
  0.88665199E+000
  0.88665114E+000
  0.88665034E+000
  0.88664960E+000
  0.88664892E+000
  0.88664831E+000
  0.88664777E+000
  0.88664730E+000
  0.88664690E+000
  0.88664659E+000
  0.88664636E+000
  0.88664621E+000
  0.88664614E+000
  0.88664617E+000
  0.88664628E+000
  0.88664649E+000
  0.88664679E+000
  0.88664718E+000
  0.88664767E+000
  0.88664825E+000
  0.88664892E+000
  0.88664969E+000
  0.88665055E+000
  0.88665151E+000
  0.88665256E+000
  0.88665370E+000
  0.88665494E+000
  0.88665626E+000
  0.88665766E+000
  0.88665916E+000
  0.88666073E+000
  0.88666239E+000
  0.88666413E+000
  0.88666594E+000
  0.88666782E+000
  0.88666978E+000
  0.88667180E+000
  0.88667388E+000
  0.88667602E+000
  0.88667823E+000
  0.88668048E+000
  0.88668278E+000
  0.88668513E+000
  0.88668753E+000
  0.88668996E+000
  0.88669242E+000
  0.88669492E+000
  0.88669745E+000
  0.88670000E+000
  0.88670257E+000
  0.88670516E+000
  0.88670776E+000
  0.88671037E+000
  0.88671299E+000
  0.88671561E+000
  0.88671823E+000
  0.88672084E+000
  0.88672345E+000
  0.88672606E+000
  0.88672864E+000
  0.88673122E+000
  0.88673377E+000
  0.88673631E+000
  0.88673882E+000
  0.88674131E+000
  0.88674377E+000
  0.88674621E+000
  0.88674861E+000
  0.88675098E+000
  0.88675331E+000
  0.88675561E+000
  0.88675787E+000
  0.88676009E+000
  0.88676227E+000
  0.88676441E+000
  0.88676651E+000
  0.88676857E+000
  0.88677058E+000
  0.88677255E+000
  0.88677447E+000
  0.88677635E+000
  0.88677819E+000
  0.88677997E+000
  0.88678172E+000
  0.88678341E+000
  0.88678506E+000
  0.88678667E+000
  0.88678823E+000
  0.88678974E+000
  0.88679121E+000
  0.88679264E+000
  0.88679402E+000
