  0.43107063E+000
  0.43546865E+000
  0.43915364E+000
  0.44224913E+000
  0.44484861E+000
  0.44703788E+000
  0.44888637E+000
  0.45044281E+000
  0.45175887E+000
  0.45287204E+000
  0.45381057E+000
  0.45460870E+000
  0.45528608E+000
  0.45585929E+000
  0.45634606E+000
  0.45675789E+000
  0.45710574E+000
  0.45740269E+000
  0.45765399E+000
  0.45786581E+000
  0.45804627E+000
  0.45819890E+000
  0.45832724E+000
  0.45843305E+000
  0.45852336E+000
  0.45859883E+000
  0.45866136E+000
  0.45871436E+000
  0.45875651E+000
  0.45879232E+000
  0.45882148E+000
  0.45884586E+000
  0.45886618E+000
  0.45888197E+000
  0.45889523E+000
  0.45890693E+000
  0.45891644E+000
  0.45892396E+000
  0.45893034E+000
  0.45893626E+000
  0.45894139E+000
  0.45894600E+000
  0.45895046E+000
  0.45895430E+000
  0.45895855E+000
  0.45896235E+000
  0.45896664E+000
  0.45897071E+000
  0.45897508E+000
  0.45897891E+000
  0.45898310E+000
  0.45898730E+000
  0.45899121E+000
  0.45899545E+000
  0.45900021E+000
  0.45900396E+000
  0.45900891E+000
  0.45901350E+000
  0.45901835E+000
  0.45902355E+000
  0.45902839E+000
  0.45903320E+000
  0.45903828E+000
  0.45904310E+000
  0.45904771E+000
  0.45905289E+000
  0.45905807E+000
  0.45906312E+000
  0.45906848E+000
  0.45907361E+000
  0.45907906E+000
  0.45908412E+000
  0.45908942E+000
  0.45909444E+000
  0.45909971E+000
  0.45910495E+000
  0.45911009E+000
  0.45911531E+000
  0.45912070E+000
  0.45912576E+000
  0.45913055E+000
  0.45913533E+000
  0.45914028E+000
  0.45914514E+000
  0.45915000E+000
  0.45915472E+000
  0.45915944E+000
  0.45916419E+000
  0.45916903E+000
  0.45917360E+000
  0.45917818E+000
  0.45918213E+000
  0.45918676E+000
  0.45919138E+000
  0.45919594E+000
  0.45920051E+000
  0.45920519E+000
  0.45920982E+000
  0.45921465E+000
  0.45921943E+000
  0.45922418E+000
  0.45922900E+000
  0.45923388E+000
  0.45923865E+000
  0.45924354E+000
  0.45924855E+000
  0.45925355E+000
  0.45925866E+000
  0.45926379E+000
  0.45926896E+000
  0.45927424E+000
  0.45927945E+000
  0.45928484E+000
  0.45929032E+000
  0.45929586E+000
  0.45930138E+000
  0.45930708E+000
  0.45931285E+000
  0.45931870E+000
  0.45932451E+000
  0.45933050E+000
  0.45933660E+000
  0.45934275E+000
  0.45934899E+000
  0.45935529E+000
  0.45936165E+000
  0.45936812E+000
  0.45937466E+000
  0.45938127E+000
  0.45938796E+000
  0.45939471E+000
  0.45940153E+000
  0.45940840E+000
  0.45941534E+000
  0.45942233E+000
  0.45942938E+000
  0.45943649E+000
  0.45944364E+000
  0.45945083E+000
  0.45945807E+000
  0.45946534E+000
  0.45947264E+000
  0.45947996E+000
  0.45948730E+000
  0.45949467E+000
  0.45950204E+000
  0.45950942E+000
  0.45951681E+000
  0.45952420E+000
  0.45953156E+000
  0.45953892E+000
  0.45954626E+000
  0.45955357E+000
  0.45956086E+000
  0.45956812E+000
  0.45957537E+000
  0.45958255E+000
  0.45958968E+000
  0.45959676E+000
  0.45960379E+000
  0.45961075E+000
  0.45961765E+000
  0.45962447E+000
  0.45963123E+000
  0.45963790E+000
  0.45964450E+000
  0.45965101E+000
  0.45965743E+000
  0.45966376E+000
  0.45967000E+000
  0.45967614E+000
  0.45968218E+000
  0.45968811E+000
  0.45969394E+000
  0.45969967E+000
  0.45970528E+000
  0.45971079E+000
  0.45971619E+000
  0.45972147E+000
  0.45972664E+000
  0.45973170E+000
  0.45973664E+000
  0.45974147E+000
  0.45974616E+000
  0.45975076E+000
  0.45975524E+000
  0.45975960E+000
  0.45976385E+000
  0.45976798E+000
  0.45977200E+000
  0.45977591E+000
  0.45977970E+000
  0.45978339E+000
  0.45978696E+000
  0.45979042E+000
  0.45979377E+000
  0.45979702E+000
  0.45980016E+000
  0.45980318E+000
  0.45980612E+000
