 -0.93136838E+000 -0.83200798E+000 -0.54954850E+000 -0.18462065E+000 -0.52196989E-002  0.96542082E-003  0.91442160E+000  0.45470511E+001  0.88191833E+001  0.15860427E+002  0.21714189E+002
 -0.93159384E+000 -0.83249715E+000 -0.55090794E+000 -0.18680840E+000 -0.55626102E-002  0.88427980E-003  0.90722589E+000  0.45366708E+001  0.88039973E+001  0.15824992E+002  0.21679640E+002
 -0.93174812E+000 -0.83287703E+000 -0.55199646E+000 -0.18851990E+000 -0.56504328E-002  0.85792010E-003  0.90188622E+000  0.45280282E+001  0.87913243E+001  0.15795838E+002  0.21650827E+002
 -0.93184942E+000 -0.83316377E+000 -0.55285698E+000 -0.18984490E+000 -0.56759321E-002  0.85277404E-003  0.89804517E+000  0.45208658E+001  0.87807948E+001  0.15772255E+002  0.21626831E+002
 -0.93191269E+000 -0.83337328E+000 -0.55352753E+000 -0.19085562E+000 -0.56784306E-002  0.85390738E-003  0.89538008E+000  0.45149550E+001  0.87720837E+001  0.15753228E+002  0.21606959E+002
 -0.93194898E+000 -0.83352036E+000 -0.55404093E+000 -0.19160856E+000 -0.56677178E-002  0.85764950E-003  0.89361796E+000  0.45101163E+001  0.87649071E+001  0.15737619E+002  0.21590612E+002
 -0.93196627E+000 -0.83361797E+000 -0.55442468E+000 -0.19215045E+000 -0.56369253E-002  0.86674943E-003  0.89253846E+000  0.45061880E+001  0.87590193E+001  0.15724820E+002  0.21577261E+002
 -0.93197035E+000 -0.83367699E+000 -0.55470159E+000 -0.19252049E+000 -0.55970214E-002  0.87750489E-003  0.89196805E+000  0.45030226E+001  0.87542115E+001  0.15714382E+002  0.21566447E+002
 -0.93196530E+000 -0.83370629E+000 -0.55489056E+000 -0.19275013E+000 -0.55552511E-002  0.88780771E-003  0.89177057E+000  0.45005034E+001  0.87503093E+001  0.15705947E+002  0.21557778E+002
 -0.93195399E+000 -0.83371299E+000 -0.55500727E+000 -0.19286530E+000 -0.55157539E-002  0.89682723E-003  0.89183930E+000  0.44985316E+001  0.87471685E+001  0.15699339E+002  0.21550945E+002
 -0.93193846E+000 -0.83370271E+000 -0.55506475E+000 -0.19288739E+000 -0.54805105E-002  0.90439782E-003  0.89209186E+000  0.44970223E+001  0.87446714E+001  0.15694348E+002  0.21545699E+002
 -0.93192016E+000 -0.83367983E+000 -0.55507383E+000 -0.19283419E+000 -0.54499763E-002  0.91067471E-003  0.89246036E+000  0.44959074E+001  0.87427216E+001  0.15690730E+002  0.21541815E+002
 -0.93190014E+000 -0.83364773E+000 -0.55504356E+000 -0.19272043E+000 -0.54237126E-002  0.91588885E-003  0.89288193E+000  0.44951335E+001  0.87412409E+001  0.15688265E+002  0.21539092E+002
 -0.93187914E+000 -0.83360906E+000 -0.55498147E+000 -0.19255861E+000 -0.54011002E-002  0.92027774E-003  0.89333877E+000  0.44946551E+001  0.87401657E+001  0.15686762E+002  0.21537347E+002
 -0.93185769E+000 -0.83356581E+000 -0.55489380E+000 -0.19235918E+000 -0.53814884E-002  0.92403159E-003  0.89382243E+000  0.44944343E+001  0.87394448E+001  0.15686062E+002  0.21536423E+002
 -0.93183615E+000 -0.83351952E+000 -0.55478570E+000 -0.19213044E+000 -0.53640863E-002  0.92723495E-003  0.89432308E+000  0.44944385E+001  0.87390370E+001  0.15686028E+002  0.21536203E+002
 -0.93181480E+000 -0.83347136E+000 -0.55466149E+000 -0.19187928E+000 -0.53485630E-002  0.93000095E-003  0.89483737E+000  0.44946390E+001  0.87389090E+001  0.15686549E+002  0.21536590E+002
 -0.93179379E+000 -0.83342222E+000 -0.55452474E+000 -0.19161143E+000 -0.53348377E-002  0.93242016E-003  0.89536229E+000  0.44950102E+001  0.87390338E+001  0.15687542E+002  0.21537500E+002
 -0.93177326E+000 -0.83337278E+000 -0.55437842E+000 -0.19133170E+000 -0.53227534E-002  0.93455972E-003  0.89589514E+000  0.44955294E+001  0.87393879E+001  0.15688919E+002  0.21538863E+002
 -0.93175328E+000 -0.83332351E+000 -0.55422499E+000 -0.19104409E+000 -0.53121307E-002  0.93647031E-003  0.89643344E+000  0.44961763E+001  0.87399508E+001  0.15690607E+002  0.21540621E+002
 -0.93173390E+000 -0.83327479E+000 -0.55406653E+000 -0.19075198E+000 -0.53027916E-002  0.93819085E-003  0.89697498E+000  0.44969334E+001  0.87407036E+001  0.15692547E+002  0.21542723E+002
 -0.93171514E+000 -0.83322688E+000 -0.55390471E+000 -0.19045818E+000 -0.52945721E-002  0.93975163E-003  0.89751783E+000  0.44977851E+001  0.87416281E+001  0.15694691E+002  0.21545127E+002
 -0.93169704E+000 -0.83317995E+000 -0.55374097E+000 -0.19016507E+000 -0.52873261E-002  0.94117666E-003  0.89806030E+000  0.44987181E+001  0.87427070E+001  0.15697001E+002  0.21547799E+002
 -0.93167958E+000 -0.83313415E+000 -0.55357646E+000 -0.18987461E+000 -0.52809259E-002  0.94248520E-003  0.89860096E+000  0.44997206E+001  0.87439237E+001  0.15699451E+002  0.21550708E+002
 -0.93166278E+000 -0.83308953E+000 -0.55341214E+000 -0.18958848E+000 -0.52752610E-002  0.94369297E-003  0.89913861E+000  0.45007822E+001  0.87452625E+001  0.15702022E+002  0.21553831E+002
 -0.93164662E+000 -0.83304613E+000 -0.55324880E+000 -0.18930807E+000 -0.52699411E-002  0.94485343E-003  0.89967189E+000  0.45018938E+001  0.87467087E+001  0.15704701E+002  0.21557145E+002
 -0.93163109E+000 -0.83300397E+000 -0.55308708E+000 -0.18903455E+000 -0.52644688E-002  0.94603144E-003  0.90020016E+000  0.45030476E+001  0.87482488E+001  0.15707484E+002  0.21560634E+002
 -0.93161619E+000 -0.83296304E+000 -0.55292748E+000 -0.18876888E+000 -0.52590437E-002  0.94719457E-003  0.90072297E+000  0.45042363E+001  0.87498707E+001  0.15710368E+002  0.21564283E+002
 -0.93160188E+000 -0.83292329E+000 -0.55277044E+000 -0.18851185E+000 -0.52538239E-002  0.94832000E-003  0.90123999E+000  0.45054536E+001  0.87515634E+001  0.15713356E+002  0.21568078E+002
 -0.93158816E+000 -0.83288469E+000 -0.55261628E+000 -0.18826410E+000 -0.52489237E-002  0.94939288E-003  0.90175094E+000  0.45066940E+001  0.87533173E+001  0.15716451E+002  0.21572010E+002
 -0.93157499E+000 -0.83284719E+000 -0.55246524E+000 -0.18802612E+000 -0.52444180E-002  0.95040455E-003  0.90225566E+000  0.45079525E+001  0.87551239E+001  0.15719659E+002  0.21576068E+002
 -0.93156236E+000 -0.83281072E+000 -0.55231754E+000 -0.18779830E+000 -0.52403480E-002  0.95135109E-003  0.90275404E+000  0.45092247E+001  0.87569756E+001  0.15722984E+002  0.21580245E+002
 -0.93155025E+000 -0.83277523E+000 -0.55217333E+000 -0.18758088E+000 -0.52367284E-002  0.95223193E-003  0.90324599E+000  0.45105067E+001  0.87588661E+001  0.15726427E+002  0.21584534E+002
 -0.93153862E+000 -0.83274065E+000 -0.55203270E+000 -0.18737402E+000 -0.52335537E-002  0.95304889E-003  0.90373150E+000  0.45117952E+001  0.87607893E+001  0.15729990E+002  0.21588926E+002
 -0.93152745E+000 -0.83270692E+000 -0.55189575E+000 -0.18717778E+000 -0.52308039E-002  0.95380530E-003  0.90421052E+000  0.45130872E+001  0.87627401E+001  0.15733671E+002  0.21593415E+002
 -0.93151671E+000 -0.83267399E+000 -0.55176253E+000 -0.18699214E+000 -0.52284497E-002  0.95450540E-003  0.90468303E+000  0.45143802E+001  0.87647137E+001  0.15737466E+002  0.21597994E+002
 -0.93150639E+000 -0.83264180E+000 -0.55163307E+000 -0.18681697E+000 -0.52264559E-002  0.95515387E-003  0.90514899E+000  0.45156717E+001  0.87667056E+001  0.15741368E+002  0.21602654E+002
 -0.93149646E+000 -0.83261030E+000 -0.55150741E+000 -0.18665210E+000 -0.52247850E-002  0.95575549E-003  0.90560831E+000  0.45169599E+001  0.87687117E+001  0.15745369E+002  0.21607388E+002
 -0.93148688E+000 -0.83257946E+000 -0.55138555E+000 -0.18649727E+000 -0.52233990E-002  0.95631492E-003  0.90606090E+000  0.45182430E+001  0.87707279E+001  0.15749457E+002  0.21612186E+002
 -0.93147765E+000 -0.83254924E+000 -0.55126751E+000 -0.18635220E+000 -0.52222611E-002  0.95683652E-003  0.90650660E+000  0.45195193E+001  0.87727503E+001  0.15753622E+002  0.21617037E+002
 -0.93146874E+000 -0.83251961E+000 -0.55115331E+000 -0.18621653E+000 -0.52213372E-002  0.95732426E-003  0.90694520E+000  0.45207874E+001  0.87747748E+001  0.15757849E+002  0.21621931E+002
 -0.93146014E+000 -0.83249057E+000 -0.55104296E+000 -0.18608989E+000 -0.52205959E-002  0.95778169E-003  0.90737647E+000  0.45220460E+001  0.87767977E+001  0.15762126E+002  0.21626855E+002
 -0.93145183E+000 -0.83246210E+000 -0.55093648E+000 -0.18597187E+000 -0.52200094E-002  0.95821189E-003  0.90780012E+000  0.45232936E+001  0.87788149E+001  0.15766439E+002  0.21631795E+002
 -0.93144379E+000 -0.83243421E+000 -0.55083389E+000 -0.18586205E+000 -0.52195534E-002  0.95861751E-003  0.90821582E+000  0.45245291E+001  0.87808227E+001  0.15770775E+002  0.21636736E+002
 -0.93143602E+000 -0.83240691E+000 -0.55073523E+000 -0.18576001E+000 -0.52192068E-002  0.95900076E-003  0.90862320E+000  0.45257511E+001  0.87828170E+001  0.15775121E+002  0.21641663E+002
 -0.93142851E+000 -0.83238023E+000 -0.55064052E+000 -0.18566531E+000 -0.52189520E-002  0.95936348E-003  0.90902186E+000  0.45269584E+001  0.87847941E+001  0.15779463E+002  0.21646559E+002
 -0.93142125E+000 -0.83235418E+000 -0.55054980E+000 -0.18557753E+000 -0.52187739E-002  0.95970717E-003  0.90941139E+000  0.45281495E+001  0.87867502E+001  0.15783792E+002  0.21651409E+002
 -0.93141425E+000 -0.83232881E+000 -0.55046311E+000 -0.18549626E+000 -0.52186604E-002  0.96003302E-003  0.90979136E+000  0.45293233E+001  0.87886817E+001  0.15788095E+002  0.21656194E+002
 -0.93140751E+000 -0.83230415E+000 -0.55038048E+000 -0.18542110E+000 -0.52186014E-002  0.96034200E-003  0.91016132E+000  0.45304782E+001  0.87905849E+001  0.15792361E+002  0.21660897E+002
 -0.93140104E+000 -0.83228025E+000 -0.55030194E+000 -0.18535167E+000 -0.52185885E-002  0.96063484E-003  0.91052083E+000  0.45316131E+001  0.87924567E+001  0.15796580E+002  0.21665503E+002
 -0.93139483E+000 -0.83225716E+000 -0.55022753E+000 -0.18528760E+000 -0.52186151E-002  0.96091214E-003  0.91086947E+000  0.45327263E+001  0.87942937E+001  0.15800743E+002  0.21669995E+002
 -0.93138891E+000 -0.83223493E+000 -0.55015726E+000 -0.18522855E+000 -0.52186757E-002  0.96117437E-003  0.91120683E+000  0.45338166E+001  0.87960930E+001  0.15804839E+002  0.21674358E+002
 -0.93138327E+000 -0.83221360E+000 -0.55009113E+000 -0.18517421E+000 -0.52187659E-002  0.96142190E-003  0.91153251E+000  0.45348826E+001  0.87978517E+001  0.15808858E+002  0.21678578E+002
 -0.93137793E+000 -0.83219322E+000 -0.55002914E+000 -0.18512428E+000 -0.52188820E-002  0.96165506E-003  0.91184617E+000  0.45359227E+001  0.87995672E+001  0.15812791E+002  0.21682641E+002
 -0.93137290E+000 -0.83217384E+000 -0.54997128E+000 -0.18507846E+000 -0.52190211E-002  0.96187411E-003  0.91214749E+000  0.45369358E+001  0.88012370E+001  0.15816628E+002  0.21686535E+002
 -0.93136819E+000 -0.83215548E+000 -0.54991750E+000 -0.18503649E+000 -0.52191807E-002  0.96207930E-003  0.91243620E+000  0.45379205E+001  0.88028587E+001  0.15820360E+002  0.21690251E+002
 -0.93136381E+000 -0.83213818E+000 -0.54986774E+000 -0.18499814E+000 -0.52193586E-002  0.96227089E-003  0.91271209E+000  0.45388754E+001  0.88044299E+001  0.15823977E+002  0.21693780E+002
 -0.93135977E+000 -0.83212197E+000 -0.54982194E+000 -0.18496315E+000 -0.52195529E-002  0.96244916E-003  0.91297497E+000  0.45397993E+001  0.88059485E+001  0.15827470E+002  0.21697114E+002
 -0.93135606E+000 -0.83210685E+000 -0.54978001E+000 -0.18493132E+000 -0.52197619E-002  0.96261438E-003  0.91322475E+000  0.45406910E+001  0.88074123E+001  0.15830830E+002  0.21700247E+002
 -0.93135270E+000 -0.83209284E+000 -0.54974182E+000 -0.18490243E+000 -0.52199839E-002  0.96276687E-003  0.91346137E+000  0.45415492E+001  0.88088192E+001  0.15834049E+002  0.21703177E+002
 -0.93134968E+000 -0.83207992E+000 -0.54970726E+000 -0.18487629E+000 -0.52202176E-002  0.96290698E-003  0.91368482E+000  0.45423730E+001  0.88101671E+001  0.15837121E+002  0.21705900E+002
 -0.93134700E+000 -0.83206809E+000 -0.54967619E+000 -0.18485271E+000 -0.52204617E-002  0.96303508E-003  0.91389518E+000  0.45431612E+001  0.88114541E+001  0.15840037E+002  0.21708416E+002
 -0.93134465E+000 -0.83205734E+000 -0.54964844E+000 -0.18483151E+000 -0.52207148E-002  0.96315159E-003  0.91409253E+000  0.45439128E+001  0.88126781E+001  0.15842793E+002  0.21710726E+002
 -0.93134263E+000 -0.83204762E+000 -0.54962386E+000 -0.18481253E+000 -0.52209758E-002  0.96325694E-003  0.91427702E+000  0.45446268E+001  0.88138375E+001  0.15845384E+002  0.21712831E+002
 -0.93134093E+000 -0.83203892E+000 -0.54960227E+000 -0.18479560E+000 -0.52212435E-002  0.96335158E-003  0.91444885E+000  0.45453024E+001  0.88149306E+001  0.15847806E+002  0.21714737E+002
 -0.93133953E+000 -0.83203118E+000 -0.54958348E+000 -0.18478058E+000 -0.52215173E-002  0.96343599E-003  0.91460824E+000  0.45459388E+001  0.88159561E+001  0.15850057E+002  0.21716446E+002
 -0.93133842E+000 -0.83202437E+000 -0.54956731E+000 -0.18476733E+000 -0.52217960E-002  0.96351064E-003  0.91475542E+000  0.45465353E+001  0.88169128E+001  0.15852138E+002  0.21717967E+002
 -0.93133759E+000 -0.83201844E+000 -0.54955357E+000 -0.18475570E+000 -0.52220347E-002  0.96358117E-003  0.91489065E+000  0.45470913E+001  0.88178000E+001  0.15854047E+002  0.21719306E+002
 -0.93133703E+000 -0.83201334E+000 -0.54954210E+000 -0.18474558E+000 -0.52220896E-002  0.96366459E-003  0.91501421E+000  0.45476063E+001  0.88186172E+001  0.15855787E+002  0.21720472E+002
 -0.93133672E+000 -0.83200902E+000 -0.54953269E+000 -0.18473686E+000 -0.52220644E-002  0.96374885E-003  0.91512638E+000  0.45480802E+001  0.88193644E+001  0.15857362E+002  0.21721472E+002
 -0.93133664E+000 -0.83200543E+000 -0.54952519E+000 -0.18472941E+000 -0.52220099E-002  0.96382865E-003  0.91522744E+000  0.45485128E+001  0.88200420E+001  0.15858775E+002  0.21722318E+002
 -0.93133679E+000 -0.83200253E+000 -0.54951943E+000 -0.18472315E+000 -0.52219492E-002  0.96390184E-003  0.91531769E+000  0.45489042E+001  0.88206510E+001  0.15860031E+002  0.21723019E+002
 -0.93133714E+000 -0.83200026E+000 -0.54951525E+000 -0.18471799E+000 -0.52218922E-002  0.96396778E-003  0.91539743E+000  0.45492547E+001  0.88211926E+001  0.15861138E+002  0.21723585E+002
 -0.93133770E+000 -0.83199859E+000 -0.54951251E+000 -0.18471384E+000 -0.52218427E-002  0.96402642E-003  0.91546695E+000  0.45495650E+001  0.88216687E+001  0.15862102E+002  0.21724027E+002
 -0.93133844E+000 -0.83199747E+000 -0.54951107E+000 -0.18471063E+000 -0.52218017E-002  0.96407801E-003  0.91552658E+000  0.45498359E+001  0.88220814E+001  0.15862931E+002  0.21724356E+002
 -0.93133936E+000 -0.83199685E+000 -0.54951081E+000 -0.18470830E+000 -0.52217695E-002  0.96412289E-003  0.91557665E+000  0.45500684E+001  0.88224334E+001  0.15863633E+002  0.21724582E+002
 -0.93134044E+000 -0.83199671E+000 -0.54951161E+000 -0.18470677E+000 -0.52217455E-002  0.96416144E-003  0.91561751E+000  0.45502640E+001  0.88227277E+001  0.15864218E+002  0.21724716E+002
 -0.93134168E+000 -0.83199699E+000 -0.54951337E+000 -0.18470598E+000 -0.52217292E-002  0.96419406E-003  0.91564955E+000  0.45504240E+001  0.88229674E+001  0.15864695E+002  0.21724768E+002
 -0.93134307E+000 -0.83199768E+000 -0.54951597E+000 -0.18470588E+000 -0.52217199E-002  0.96422115E-003  0.91567317E+000  0.45505504E+001  0.88231563E+001  0.15865072E+002  0.21724747E+002
 -0.93134459E+000 -0.83199872E+000 -0.54951933E+000 -0.18470639E+000 -0.52217169E-002  0.96424313E-003  0.91568883E+000  0.45506452E+001  0.88232979E+001  0.15865360E+002  0.21724662E+002
 -0.93134624E+000 -0.83200009E+000 -0.54952335E+000 -0.18470747E+000 -0.52217194E-002  0.96426040E-003  0.91569699E+000  0.45507105E+001  0.88233962E+001  0.15865566E+002  0.21724523E+002
 -0.93134799E+000 -0.83200175E+000 -0.54952794E+000 -0.18470904E+000 -0.52217267E-002  0.96427340E-003  0.91569817E+000  0.45507485E+001  0.88234552E+001  0.15865701E+002  0.21724338E+002
 -0.93134985E+000 -0.83200366E+000 -0.54953303E+000 -0.18471106E+000 -0.52217379E-002  0.96428255E-003  0.91569289E+000  0.45507617E+001  0.88234787E+001  0.15865772E+002  0.21724114E+002
 -0.93135178E+000 -0.83200579E+000 -0.54953852E+000 -0.18471345E+000 -0.52217524E-002  0.96428830E-003  0.91568174E+000  0.45507525E+001  0.88234709E+001  0.15865788E+002  0.21723858E+002
 -0.93135378E+000 -0.83200811E+000 -0.54954433E+000 -0.18471615E+000 -0.52217694E-002  0.96429109E-003  0.91566528E+000  0.45507233E+001  0.88234353E+001  0.15865756E+002  0.21723576E+002
 -0.93135584E+000 -0.83201058E+000 -0.54955040E+000 -0.18471910E+000 -0.52217880E-002  0.96429137E-003  0.91564411E+000  0.45506767E+001  0.88233760E+001  0.15865683E+002  0.21723275E+002
 -0.93135792E+000 -0.83201316E+000 -0.54955663E+000 -0.18472224E+000 -0.52218076E-002  0.96428960E-003  0.91561881E+000  0.45506149E+001  0.88232962E+001  0.15865576E+002  0.21722959E+002
 -0.93136003E+000 -0.83201582E+000 -0.54956296E+000 -0.18472549E+000 -0.52218273E-002  0.96428621E-003  0.91558999E+000  0.45505403E+001  0.88231995E+001  0.15865441E+002  0.21722633E+002
 -0.93136213E+000 -0.83201853E+000 -0.54956932E+000 -0.18472880E+000 -0.52218467E-002  0.96428162E-003  0.91555821E+000  0.45504550E+001  0.88230888E+001  0.15865284E+002  0.21722302E+002
 -0.93136422E+000 -0.83202124E+000 -0.54957563E+000 -0.18473212E+000 -0.52218650E-002  0.96427625E-003  0.91552402E+000  0.45503611E+001  0.88229672E+001  0.15865109E+002  0.21721968E+002
 -0.93136627E+000 -0.83202394E+000 -0.54958184E+000 -0.18473538E+000 -0.52218816E-002  0.96427048E-003  0.91548794E+000  0.45502604E+001  0.88228372E+001  0.15864921E+002  0.21721635E+002
 -0.93136828E+000 -0.83202660E+000 -0.54958790E+000 -0.18473854E+000 -0.52218961E-002  0.96426466E-003  0.91545047E+000  0.45501548E+001  0.88227011E+001  0.15864723E+002  0.21721306E+002
 -0.93137022E+000 -0.83202918E+000 -0.54959374E+000 -0.18474155E+000 -0.52219081E-002  0.96425912E-003  0.91541205E+000  0.45500457E+001  0.88225610E+001  0.15864519E+002  0.21720982E+002
 -0.93137209E+000 -0.83203166E+000 -0.54959931E+000 -0.18474436E+000 -0.52219171E-002  0.96425413E-003  0.91537308E+000  0.45499346E+001  0.88224187E+001  0.15864312E+002  0.21720665E+002
 -0.93137387E+000 -0.83203403E+000 -0.54960460E+000 -0.18474696E+000 -0.52219229E-002  0.96424995E-003  0.91533392E+000  0.45498226E+001  0.88222759E+001  0.15864104E+002  0.21720357E+002
 -0.93137556E+000 -0.83203626E+000 -0.54960954E+000 -0.18474929E+000 -0.52219253E-002  0.96424678E-003  0.91529489E+000  0.45497108E+001  0.88221339E+001  0.15863898E+002  0.21720060E+002
 -0.93137714E+000 -0.83203833E+000 -0.54961414E+000 -0.18475135E+000 -0.52219242E-002  0.96424480E-003  0.91525624E+000  0.45496000E+001  0.88219937E+001  0.15863695E+002  0.21719773E+002
 -0.93137861E+000 -0.83204025E+000 -0.54961835E+000 -0.18475311E+000 -0.52219194E-002  0.96424414E-003  0.91521821E+000  0.45494911E+001  0.88218563E+001  0.15863495E+002  0.21719498E+002
 -0.93137997E+000 -0.83204200E+000 -0.54962217E+000 -0.18475457E+000 -0.52219110E-002  0.96424489E-003  0.91518097E+000  0.45493845E+001  0.88217224E+001  0.15863302E+002  0.21719234E+002
 -0.93138121E+000 -0.83204356E+000 -0.54962559E+000 -0.18475571E+000 -0.52218989E-002  0.96424713E-003  0.91514467E+000  0.45492807E+001  0.88215926E+001  0.15863115E+002  0.21718983E+002
 -0.93138233E+000 -0.83204495E+000 -0.54962860E+000 -0.18475653E+000 -0.52218833E-002  0.96425088E-003  0.91510942E+000  0.45491802E+001  0.88214672E+001  0.15862934E+002  0.21718743E+002
 -0.93138334E+000 -0.83204616E+000 -0.54963121E+000 -0.18475704E+000 -0.52218642E-002  0.96425615E-003  0.91507529E+000  0.45490831E+001  0.88213467E+001  0.15862761E+002  0.21718516E+002
 -0.93138423E+000 -0.83204718E+000 -0.54963343E+000 -0.18475723E+000 -0.52218418E-002  0.96426293E-003  0.91504234E+000  0.45489896E+001  0.88212311E+001  0.15862596E+002  0.21718301E+002
 -0.93138500E+000 -0.83204803E+000 -0.54963526E+000 -0.18475712E+000 -0.52218164E-002  0.96427119E-003  0.91501058E+000  0.45488998E+001  0.88211205E+001  0.15862438E+002  0.21718097E+002
 -0.93138566E+000 -0.83204870E+000 -0.54963671E+000 -0.18475671E+000 -0.52217880E-002  0.96428087E-003  0.91498003E+000  0.45488138E+001  0.88210149E+001  0.15862288E+002  0.21717904E+002
 -0.93138621E+000 -0.83204921E+000 -0.54963781E+000 -0.18475603E+000 -0.52217569E-002  0.96429191E-003  0.91495068E+000  0.45487315E+001  0.88209144E+001  0.15862146E+002  0.21717722E+002
 -0.93138666E+000 -0.83204956E+000 -0.54963856E+000 -0.18475507E+000 -0.52217233E-002  0.96430423E-003  0.91492250E+000  0.45486528E+001  0.88208187E+001  0.15862011E+002  0.21717550E+002
 -0.93138701E+000 -0.83204976E+000 -0.54963900E+000 -0.18475387E+000 -0.52216874E-002  0.96431774E-003  0.91489547E+000  0.45485777E+001  0.88207278E+001  0.15861883E+002  0.21717387E+002
 -0.93138727E+000 -0.83204981E+000 -0.54963912E+000 -0.18475243E+000 -0.52216496E-002  0.96433236E-003  0.91486954E+000  0.45485061E+001  0.88206414E+001  0.15861763E+002  0.21717234E+002
 -0.93138744E+000 -0.83204973E+000 -0.54963897E+000 -0.18475077E+000 -0.52216099E-002  0.96434799E-003  0.91484466E+000  0.45484378E+001  0.88205594E+001  0.15861648E+002  0.21717090E+002
 -0.93138753E+000 -0.83204952E+000 -0.54963854E+000 -0.18474890E+000 -0.52215687E-002  0.96436455E-003  0.91482080E+000  0.45483726E+001  0.88204815E+001  0.15861541E+002  0.21716954E+002
 -0.93138754E+000 -0.83204920E+000 -0.54963788E+000 -0.18474686E+000 -0.52215261E-002  0.96438193E-003  0.91479791E+000  0.45483104E+001  0.88204075E+001  0.15861439E+002  0.21716826E+002
 -0.93138749E+000 -0.83204877E+000 -0.54963700E+000 -0.18474464E+000 -0.52214823E-002  0.96440005E-003  0.91477592E+000  0.45482511E+001  0.88203373E+001  0.15861343E+002  0.21716704E+002
 -0.93138736E+000 -0.83204825E+000 -0.54963591E+000 -0.18474228E+000 -0.52214376E-002  0.96441881E-003  0.91475480E+000  0.45481945E+001  0.88202706E+001  0.15861252E+002  0.21716590E+002
 -0.93138719E+000 -0.83204763E+000 -0.54963464E+000 -0.18473978E+000 -0.52213922E-002  0.96443813E-003  0.91473449E+000  0.45481404E+001  0.88202071E+001  0.15861166E+002  0.21716481E+002
 -0.93138695E+000 -0.83204694E+000 -0.54963320E+000 -0.18473716E+000 -0.52213462E-002  0.96445792E-003  0.91471496E+000  0.45480887E+001  0.88201467E+001  0.15861085E+002  0.21716379E+002
 -0.93138667E+000 -0.83204618E+000 -0.54963162E+000 -0.18473444E+000 -0.52212998E-002  0.96447811E-003  0.91469615E+000  0.45480393E+001  0.88200892E+001  0.15861008E+002  0.21716282E+002
 -0.93138635E+000 -0.83204536E+000 -0.54962991E+000 -0.18473163E+000 -0.52212532E-002  0.96449862E-003  0.91467803E+000  0.45479920E+001  0.88200345E+001  0.15860935E+002  0.21716190E+002
 -0.93138599E+000 -0.83204448E+000 -0.54962808E+000 -0.18472874E+000 -0.52212064E-002  0.96451939E-003  0.91466056E+000  0.45479466E+001  0.88199822E+001  0.15860866E+002  0.21716103E+002
 -0.93138560E+000 -0.83204355E+000 -0.54962616E+000 -0.18472580E+000 -0.52211597E-002  0.96454035E-003  0.91464371E+000  0.45479031E+001  0.88199323E+001  0.15860800E+002  0.21716020E+002
 -0.93138517E+000 -0.83204259E+000 -0.54962416E+000 -0.18472280E+000 -0.52211132E-002  0.96456144E-003  0.91462744E+000  0.45478614E+001  0.88198845E+001  0.15860738E+002  0.21715941E+002
 -0.93138473E+000 -0.83204159E+000 -0.54962209E+000 -0.18471977E+000 -0.52210669E-002  0.96458262E-003  0.91461174E+000  0.45478213E+001  0.88198389E+001  0.15860679E+002  0.21715866E+002
 -0.93138426E+000 -0.83204057E+000 -0.54961996E+000 -0.18471671E+000 -0.52210210E-002  0.96460382E-003  0.91459656E+000  0.45477827E+001  0.88197952E+001  0.15860623E+002  0.21715795E+002
 -0.93138378E+000 -0.83203953E+000 -0.54961779E+000 -0.18471363E+000 -0.52209756E-002  0.96462500E-003  0.91458190E+000  0.45477456E+001  0.88197533E+001  0.15860569E+002  0.21715726E+002
 -0.93138328E+000 -0.83203848E+000 -0.54961559E+000 -0.18471055E+000 -0.52209307E-002  0.96464614E-003  0.91456773E+000  0.45477099E+001  0.88197131E+001  0.15860518E+002  0.21715661E+002
 -0.93138278E+000 -0.83203741E+000 -0.54961337E+000 -0.18470747E+000 -0.52208865E-002  0.96466718E-003  0.91455403E+000  0.45476755E+001  0.88196745E+001  0.15860469E+002  0.21715599E+002
 -0.93138227E+000 -0.83203634E+000 -0.54961113E+000 -0.18470441E+000 -0.52208429E-002  0.96468810E-003  0.91454080E+000  0.45476424E+001  0.88196374E+001  0.15860423E+002  0.21715539E+002
 -0.93138175E+000 -0.83203528E+000 -0.54960890E+000 -0.18470137E+000 -0.52208001E-002  0.96470887E-003  0.91452800E+000  0.45476105E+001  0.88196018E+001  0.15860378E+002  0.21715482E+002
 -0.93138124E+000 -0.83203421E+000 -0.54960666E+000 -0.18469835E+000 -0.52207581E-002  0.96472946E-003  0.91451565E+000  0.45475796E+001  0.88195676E+001  0.15860336E+002  0.21715427E+002
 -0.93138072E+000 -0.83203316E+000 -0.54960445E+000 -0.18469537E+000 -0.52207170E-002  0.96474986E-003  0.91450372E+000  0.45475499E+001  0.88195346E+001  0.15860295E+002  0.21715374E+002
 -0.93138021E+000 -0.83203211E+000 -0.54960225E+000 -0.18469243E+000 -0.52206767E-002  0.96477003E-003  0.91449220E+000  0.45475212E+001  0.88195030E+001  0.15860256E+002  0.21715324E+002
 -0.93137970E+000 -0.83203108E+000 -0.54960008E+000 -0.18468954E+000 -0.52206373E-002  0.96478996E-003  0.91448110E+000  0.45474936E+001  0.88194725E+001  0.15860219E+002  0.21715275E+002
 -0.93137921E+000 -0.83203007E+000 -0.54959794E+000 -0.18468670E+000 -0.52205989E-002  0.96480964E-003  0.91447039E+000  0.45474669E+001  0.88194432E+001  0.15860184E+002  0.21715228E+002
 -0.93137871E+000 -0.83202908E+000 -0.54959583E+000 -0.18468391E+000 -0.52205614E-002  0.96482905E-003  0.91446008E+000  0.45474411E+001  0.88194150E+001  0.15860150E+002  0.21715184E+002
 -0.93137823E+000 -0.83202811E+000 -0.54959377E+000 -0.18468119E+000 -0.52205249E-002  0.96484818E-003  0.91445017E+000  0.45474163E+001  0.88193879E+001  0.15860118E+002  0.21715140E+002
 -0.93137776E+000 -0.83202716E+000 -0.54959176E+000 -0.18467853E+000 -0.52204894E-002  0.96486703E-003  0.91444064E+000  0.45473924E+001  0.88193619E+001  0.15860087E+002  0.21715098E+002
 -0.93137731E+000 -0.83202624E+000 -0.54958979E+000 -0.18467593E+000 -0.52204549E-002  0.96488556E-003  0.91443149E+000  0.45473693E+001  0.88193369E+001  0.15860057E+002  0.21715058E+002
 -0.93137686E+000 -0.83202535E+000 -0.54958787E+000 -0.18467341E+000 -0.52204215E-002  0.96490379E-003  0.91442273E+000  0.45473471E+001  0.88193129E+001  0.15860029E+002  0.21715020E+002
 -0.93137643E+000 -0.83202448E+000 -0.54958601E+000 -0.18467095E+000 -0.52203890E-002  0.96492170E-003  0.91441434E+000  0.45473258E+001  0.88192899E+001  0.15860003E+002  0.21714982E+002
 -0.93137601E+000 -0.83202364E+000 -0.54958420E+000 -0.18466857E+000 -0.52203575E-002  0.96493929E-003  0.91440632E+000  0.45473052E+001  0.88192679E+001  0.15859977E+002  0.21714946E+002
 -0.93137561E+000 -0.83202283E+000 -0.54958244E+000 -0.18466626E+000 -0.52203271E-002  0.96495655E-003  0.91439867E+000  0.45472855E+001  0.88192468E+001  0.15859953E+002  0.21714912E+002
 -0.93137522E+000 -0.83202205E+000 -0.54958075E+000 -0.18466403E+000 -0.52202976E-002  0.96497347E-003  0.91439138E+000  0.45472665E+001  0.88192266E+001  0.15859930E+002  0.21714878E+002
 -0.93137485E+000 -0.83202130E+000 -0.54957911E+000 -0.18466188E+000 -0.52202692E-002  0.96499005E-003  0.91438446E+000  0.45472483E+001  0.88192073E+001  0.15859909E+002  0.21714846E+002
 -0.93137449E+000 -0.83202058E+000 -0.54957754E+000 -0.18465980E+000 -0.52202418E-002  0.96500628E-003  0.91437789E+000  0.45472309E+001  0.88191890E+001  0.15859889E+002  0.21714815E+002
 -0.93137415E+000 -0.83201989E+000 -0.54957602E+000 -0.18465780E+000 -0.52202153E-002  0.96502217E-003  0.91437167E+000  0.45472142E+001  0.88191715E+001  0.15859870E+002  0.21714785E+002
 -0.93137382E+000 -0.83201923E+000 -0.54957456E+000 -0.18465587E+000 -0.52201898E-002  0.96503769E-003  0.91436580E+000  0.45471982E+001  0.88191549E+001  0.15859852E+002  0.21714756E+002
 -0.93137351E+000 -0.83201859E+000 -0.54957317E+000 -0.18465402E+000 -0.52201653E-002  0.96505286E-003  0.91436028E+000  0.45471829E+001  0.88191392E+001  0.15859836E+002  0.21714729E+002
 -0.93137321E+000 -0.83201799E+000 -0.54957183E+000 -0.18465225E+000 -0.52201417E-002  0.96506767E-003  0.91435509E+000  0.45471684E+001  0.88191243E+001  0.15859821E+002  0.21714702E+002
 -0.93137293E+000 -0.83201742E+000 -0.54957054E+000 -0.18465055E+000 -0.52201190E-002  0.96508212E-003  0.91435023E+000  0.45471545E+001  0.88191103E+001  0.15859806E+002  0.21714677E+002
 -0.93137266E+000 -0.83201687E+000 -0.54956932E+000 -0.18464892E+000 -0.52200973E-002  0.96509620E-003  0.91434571E+000  0.45471413E+001  0.88190970E+001  0.15859794E+002  0.21714652E+002
 -0.93137241E+000 -0.83201635E+000 -0.54956815E+000 -0.18464737E+000 -0.52200764E-002  0.96510991E-003  0.91434150E+000  0.45471288E+001  0.88190846E+001  0.15859782E+002  0.21714629E+002
 -0.93137216E+000 -0.83201585E+000 -0.54956704E+000 -0.18464588E+000 -0.52200564E-002  0.96512325E-003  0.91433761E+000  0.45471169E+001  0.88190729E+001  0.15859771E+002  0.21714606E+002
 -0.93137194E+000 -0.83201538E+000 -0.54956597E+000 -0.18464446E+000 -0.52200373E-002  0.96513622E-003  0.91433402E+000  0.45471057E+001  0.88190620E+001  0.15859762E+002  0.21714585E+002
 -0.93137172E+000 -0.83201494E+000 -0.54956496E+000 -0.18464311E+000 -0.52200190E-002  0.96514882E-003  0.91433073E+000  0.45470951E+001  0.88190519E+001  0.15859754E+002  0.21714564E+002
 -0.93137151E+000 -0.83201452E+000 -0.54956401E+000 -0.18464182E+000 -0.52200016E-002  0.96516105E-003  0.91432774E+000  0.45470850E+001  0.88190425E+001  0.15859746E+002  0.21714544E+002
 -0.93137132E+000 -0.83201412E+000 -0.54956309E+000 -0.18464060E+000 -0.52199849E-002  0.96517290E-003  0.91432503E+000  0.45470756E+001  0.88190338E+001  0.15859740E+002  0.21714525E+002
 -0.93137114E+000 -0.83201375E+000 -0.54956223E+000 -0.18463944E+000 -0.52199689E-002  0.96518439E-003  0.91432261E+000  0.45470667E+001  0.88190258E+001  0.15859735E+002  0.21714507E+002
 -0.93137097E+000 -0.83201339E+000 -0.54956141E+000 -0.18463833E+000 -0.52199538E-002  0.96519551E-003  0.91432045E+000  0.45470584E+001  0.88190185E+001  0.15859731E+002  0.21714490E+002
 -0.93137081E+000 -0.83201306E+000 -0.54956064E+000 -0.18463729E+000 -0.52199393E-002  0.96520626E-003  0.91431855E+000  0.45470506E+001  0.88190119E+001  0.15859728E+002  0.21714473E+002
 -0.93137066E+000 -0.83201274E+000 -0.54955990E+000 -0.18463629E+000 -0.52199256E-002  0.96521664E-003  0.91431690E+000  0.45470433E+001  0.88190059E+001  0.15859726E+002  0.21714457E+002
 -0.93137051E+000 -0.83201244E+000 -0.54955921E+000 -0.18463535E+000 -0.52199125E-002  0.96522667E-003  0.91431550E+000  0.45470366E+001  0.88190005E+001  0.15859724E+002  0.21714442E+002
 -0.93137038E+000 -0.83201216E+000 -0.54955856E+000 -0.18463446E+000 -0.52199001E-002  0.96523633E-003  0.91431433E+000  0.45470303E+001  0.88189957E+001  0.15859724E+002  0.21714428E+002
 -0.93137025E+000 -0.83201190E+000 -0.54955794E+000 -0.18463362E+000 -0.52198883E-002  0.96524564E-003  0.91431339E+000  0.45470245E+001  0.88189915E+001  0.15859725E+002  0.21714414E+002
 -0.93137014E+000 -0.83201166E+000 -0.54955736E+000 -0.18463283E+000 -0.52198771E-002  0.96525460E-003  0.91431267E+000  0.45470191E+001  0.88189879E+001  0.15859726E+002  0.21714401E+002
 -0.93137002E+000 -0.83201142E+000 -0.54955681E+000 -0.18463208E+000 -0.52198665E-002  0.96526321E-003  0.91431215E+000  0.45470142E+001  0.88189848E+001  0.15859729E+002  0.21714389E+002
 -0.93136992E+000 -0.83201121E+000 -0.54955629E+000 -0.18463137E+000 -0.52198564E-002  0.96527148E-003  0.91431184E+000  0.45470097E+001  0.88189822E+001  0.15859732E+002  0.21714378E+002
 -0.93136982E+000 -0.83201100E+000 -0.54955580E+000 -0.18463071E+000 -0.52198469E-002  0.96527941E-003  0.91431171E+000  0.45470055E+001  0.88189801E+001  0.15859736E+002  0.21714367E+002
 -0.93136973E+000 -0.83201081E+000 -0.54955534E+000 -0.18463008E+000 -0.52198380E-002  0.96528702E-003  0.91431177E+000  0.45470018E+001  0.88189784E+001  0.15859740E+002  0.21714356E+002
 -0.93136965E+000 -0.83201063E+000 -0.54955491E+000 -0.18462949E+000 -0.52198295E-002  0.96529430E-003  0.91431199E+000  0.45469984E+001  0.88189772E+001  0.15859745E+002  0.21714346E+002
 -0.93136957E+000 -0.83201046E+000 -0.54955451E+000 -0.18462893E+000 -0.52198214E-002  0.96530127E-003  0.91431238E+000  0.45469954E+001  0.88189765E+001  0.15859751E+002  0.21714337E+002
 -0.93136949E+000 -0.83201030E+000 -0.54955413E+000 -0.18462841E+000 -0.52198139E-002  0.96530793E-003  0.91431293E+000  0.45469927E+001  0.88189761E+001  0.15859758E+002  0.21714328E+002
 -0.93136942E+000 -0.83201016E+000 -0.54955377E+000 -0.18462791E+000 -0.52198067E-002  0.96531429E-003  0.91431361E+000  0.45469903E+001  0.88189761E+001  0.15859765E+002  0.21714319E+002
 -0.93136936E+000 -0.83201002E+000 -0.54955344E+000 -0.18462745E+000 -0.52198000E-002  0.96532035E-003  0.91431444E+000  0.45469883E+001  0.88189765E+001  0.15859773E+002  0.21714312E+002
 -0.93136930E+000 -0.83200989E+000 -0.54955312E+000 -0.18462702E+000 -0.52197937E-002  0.96532613E-003  0.91431539E+000  0.45469865E+001  0.88189772E+001  0.15859781E+002  0.21714304E+002
 -0.93136924E+000 -0.83200977E+000 -0.54955283E+000 -0.18462661E+000 -0.52197877E-002  0.96533164E-003  0.91431647E+000  0.45469849E+001  0.88189782E+001  0.15859789E+002  0.21714297E+002
 -0.93136918E+000 -0.83200965E+000 -0.54955255E+000 -0.18462623E+000 -0.52197821E-002  0.96533687E-003  0.91431765E+000  0.45469837E+001  0.88189796E+001  0.15859799E+002  0.21714290E+002
 -0.93136913E+000 -0.83200955E+000 -0.54955230E+000 -0.18462587E+000 -0.52197768E-002  0.96534184E-003  0.91431894E+000  0.45469826E+001  0.88189812E+001  0.15859808E+002  0.21714284E+002
 -0.93136909E+000 -0.83200945E+000 -0.54955205E+000 -0.18462553E+000 -0.52197718E-002  0.96534657E-003  0.91432032E+000  0.45469818E+001  0.88189830E+001  0.15859818E+002  0.21714278E+002
 -0.93136904E+000 -0.83200936E+000 -0.54955183E+000 -0.18462522E+000 -0.52197672E-002  0.96535105E-003  0.91432178E+000  0.45469812E+001  0.88189851E+001  0.15859828E+002  0.21714273E+002
 -0.93136900E+000 -0.83200927E+000 -0.54955162E+000 -0.18462492E+000 -0.52197628E-002  0.96535529E-003  0.91432333E+000  0.45469808E+001  0.88189875E+001  0.15859839E+002  0.21714267E+002
 -0.93136896E+000 -0.83200919E+000 -0.54955142E+000 -0.18462465E+000 -0.52197587E-002  0.96535931E-003  0.91432495E+000  0.45469806E+001  0.88189900E+001  0.15859850E+002  0.21714262E+002
 -0.93136893E+000 -0.83200911E+000 -0.54955123E+000 -0.18462439E+000 -0.52197548E-002  0.96536312E-003  0.91432664E+000  0.45469805E+001  0.88189927E+001  0.15859861E+002  0.21714258E+002
 -0.93136890E+000 -0.83200904E+000 -0.54955106E+000 -0.18462415E+000 -0.52197512E-002  0.96536672E-003  0.91432838E+000  0.45469806E+001  0.88189956E+001  0.15859872E+002  0.21714253E+002
 -0.93136886E+000 -0.83200898E+000 -0.54955090E+000 -0.18462392E+000 -0.52197478E-002  0.96537011E-003  0.91433018E+000  0.45469809E+001  0.88189986E+001  0.15859883E+002  0.21714249E+002
 -0.93136883E+000 -0.83200892E+000 -0.54955075E+000 -0.18462371E+000 -0.52197446E-002  0.96537332E-003  0.91433202E+000  0.45469813E+001  0.88190018E+001  0.15859895E+002  0.21714245E+002
 -0.93136881E+000 -0.83200886E+000 -0.54955060E+000 -0.18462351E+000 -0.52197417E-002  0.96537634E-003  0.91433390E+000  0.45469818E+001  0.88190051E+001  0.15859907E+002  0.21714242E+002
 -0.93136878E+000 -0.83200880E+000 -0.54955047E+000 -0.18462333E+000 -0.52197389E-002  0.96537919E-003  0.91433582E+000  0.45469824E+001  0.88190085E+001  0.15859919E+002  0.21714238E+002
 -0.93136876E+000 -0.83200875E+000 -0.54955035E+000 -0.18462315E+000 -0.52197363E-002  0.96538187E-003  0.91433776E+000  0.45469831E+001  0.88190120E+001  0.15859931E+002  0.21714235E+002
 -0.93136874E+000 -0.83200871E+000 -0.54955023E+000 -0.18462299E+000 -0.52197339E-002  0.96538439E-003  0.91433973E+000  0.45469839E+001  0.88190156E+001  0.15859943E+002  0.21714232E+002
 -0.93136872E+000 -0.83200866E+000 -0.54955013E+000 -0.18462284E+000 -0.52197316E-002  0.96538677E-003  0.91434171E+000  0.45469848E+001  0.88190193E+001  0.15859955E+002  0.21714229E+002
 -0.93136870E+000 -0.83200862E+000 -0.54955003E+000 -0.18462270E+000 -0.52197295E-002  0.96538899E-003  0.91434370E+000  0.45469858E+001  0.88190230E+001  0.15859967E+002  0.21714226E+002
 -0.93136868E+000 -0.83200858E+000 -0.54954993E+000 -0.18462257E+000 -0.52197275E-002  0.96539109E-003  0.91434571E+000  0.45469869E+001  0.88190267E+001  0.15859979E+002  0.21714224E+002
 -0.93136866E+000 -0.83200855E+000 -0.54954985E+000 -0.18462245E+000 -0.52197257E-002  0.96539305E-003  0.91434771E+000  0.45469880E+001  0.88190305E+001  0.15859991E+002  0.21714222E+002
 -0.93136865E+000 -0.83200852E+000 -0.54954977E+000 -0.18462234E+000 -0.52197240E-002  0.96539488E-003  0.91434972E+000  0.45469892E+001  0.88190343E+001  0.15860003E+002  0.21714219E+002
 -0.93136863E+000 -0.83200849E+000 -0.54954970E+000 -0.18462224E+000 -0.52197224E-002  0.96539660E-003  0.91435172E+000  0.45469904E+001  0.88190382E+001  0.15860014E+002  0.21714217E+002
 -0.93136862E+000 -0.83200846E+000 -0.54954963E+000 -0.18462214E+000 -0.52197209E-002  0.96539821E-003  0.91435371E+000  0.45469916E+001  0.88190420E+001  0.15860026E+002  0.21714215E+002
 -0.93136861E+000 -0.83200844E+000 -0.54954957E+000 -0.18462205E+000 -0.52197196E-002  0.96539970E-003  0.91435568E+000  0.45469929E+001  0.88190458E+001  0.15860038E+002  0.21714213E+002
 -0.93136860E+000 -0.83200842E+000 -0.54954952E+000 -0.18462198E+000 -0.52197184E-002  0.96540108E-003  0.91435764E+000  0.45469942E+001  0.88190497E+001  0.15860050E+002  0.21714212E+002
 -0.93136860E+000 -0.83200840E+000 -0.54954948E+000 -0.18462191E+000 -0.52197175E-002  0.96540232E-003  0.91435956E+000  0.45469956E+001  0.88190535E+001  0.15860061E+002  0.21714210E+002
 -0.93136858E+000 -0.83200838E+000 -0.54954943E+000 -0.18462185E+000 -0.52197167E-002  0.96540345E-003  0.91436147E+000  0.45469969E+001  0.88190573E+001  0.15860072E+002  0.21714209E+002
