  0.00000000E+000  0.00000000E+000  0.00000000E+000  0.00000000E+000  0.42174581E-001  0.36748790E+000  0.69433515E+001  0.46552187E+002  0.11381362E+003  0.30126422E+003  0.59143845E+003
  0.00000000E+000  0.00000000E+000  0.00000000E+000  0.00000000E+000  0.42101492E-001  0.36711305E+000  0.69349817E+001  0.46481207E+002  0.11364749E+003  0.30080199E+003  0.59059022E+003
  0.00000000E+000  0.00000000E+000  0.00000000E+000  0.00000000E+000  0.42039690E-001  0.36679572E+000  0.69278931E+001  0.46421643E+002  0.11350473E+003  0.30040859E+003  0.58986894E+003
  0.00000000E+000  0.00000000E+000  0.00000000E+000  0.00000000E+000  0.41987553E-001  0.36652746E+000  0.69219073E+001  0.46371514E+002  0.11338312E+003  0.30007439E+003  0.58925648E+003
  0.00000000E+000  0.00000000E+000  0.00000000E+000  0.00000000E+000  0.41943675E-001  0.36630086E+000  0.69168640E+001  0.46329176E+002  0.11328007E+003  0.29979085E+003  0.58873703E+003
  0.00000000E+000  0.00000000E+000  0.00000000E+000  0.00000000E+000  0.41906851E-001  0.36610939E+000  0.69126236E+001  0.46293394E+002  0.11319280E+003  0.29955050E+003  0.58829686E+003
  0.00000000E+000  0.00000000E+000  0.00000000E+000  0.00000000E+000  0.41876042E-001  0.36594765E+000  0.69090469E+001  0.46263018E+002  0.11311892E+003  0.29934688E+003  0.58792412E+003
  0.00000000E+000  0.00000000E+000  0.00000000E+000  0.00000000E+000  0.41850363E-001  0.36581105E+000  0.69060321E+001  0.46237248E+002  0.11305641E+003  0.29917448E+003  0.58760869E+003
  0.00000000E+000  0.00000000E+000  0.00000000E+000  0.00000000E+000  0.41829052E-001  0.36569582E+000  0.69034936E+001  0.46215409E+002  0.11300353E+003  0.29902860E+003  0.58734193E+003
  0.00000000E+000  0.00000000E+000  0.00000000E+000  0.00000000E+000  0.41811467E-001  0.36559874E+000  0.69013582E+001  0.46196922E+002  0.11295882E+003  0.29890522E+003  0.58711649E+003
  0.00000000E+000  0.00000000E+000  0.00000000E+000  0.00000000E+000  0.41797061E-001  0.36551698E+000  0.68995657E+001  0.46181282E+002  0.11292108E+003  0.29880097E+003  0.58692615E+003
  0.00000000E+000  0.00000000E+000  0.00000000E+000  0.00000000E+000  0.41785372E-001  0.36544824E+000  0.68980647E+001  0.46168097E+002  0.11288926E+003  0.29871297E+003  0.58676564E+003
  0.00000000E+000  0.00000000E+000  0.00000000E+000  0.00000000E+000  0.41776010E-001  0.36539062E+000  0.68968118E+001  0.46157003E+002  0.11286248E+003  0.29863879E+003  0.58663048E+003
  0.00000000E+000  0.00000000E+000  0.00000000E+000  0.00000000E+000  0.41768645E-001  0.36534248E+000  0.68957702E+001  0.46147693E+002  0.11283998E+003  0.29857636E+003  0.58651689E+003
  0.00000000E+000  0.00000000E+000  0.00000000E+000  0.00000000E+000  0.41762997E-001  0.36530246E+000  0.68949089E+001  0.46139922E+002  0.11282112E+003  0.29852395E+003  0.58642166E+003
  0.00000000E+000  0.00000000E+000  0.00000000E+000  0.00000000E+000  0.41758829E-001  0.36526940E+000  0.68942016E+001  0.46133464E+002  0.11280537E+003  0.29848005E+003  0.58634207E+003
  0.00000000E+000  0.00000000E+000  0.00000000E+000  0.00000000E+000  0.41755942E-001  0.36524230E+000  0.68936261E+001  0.46128126E+002  0.11279228E+003  0.29844344E+003  0.58627583E+003
  0.00000000E+000  0.00000000E+000  0.00000000E+000  0.00000000E+000  0.41754167E-001  0.36522035E+000  0.68931636E+001  0.46123748E+002  0.11278146E+003  0.29841303E+003  0.58622096E+003
  0.00000000E+000  0.00000000E+000  0.00000000E+000  0.00000000E+000  0.41753362E-001  0.36520283E+000  0.68927981E+001  0.46120189E+002  0.11277258E+003  0.29838792E+003  0.58617583E+003
  0.00000000E+000  0.00000000E+000  0.00000000E+000  0.00000000E+000  0.41753406E-001  0.36518915E+000  0.68925162E+001  0.46117334E+002  0.11276537E+003  0.29836735E+003  0.58613900E+003
  0.00000000E+000  0.00000000E+000  0.00000000E+000  0.00000000E+000  0.41754200E-001  0.36517881E+000  0.68923064E+001  0.46115083E+002  0.11275958E+003  0.29835066E+003  0.58610928E+003
  0.00000000E+000  0.00000000E+000  0.00000000E+000  0.00000000E+000  0.41755656E-001  0.36517136E+000  0.68921588E+001  0.46113351E+002  0.11275502E+003  0.29833729E+003  0.58608565E+003
  0.00000000E+000  0.00000000E+000  0.00000000E+000  0.00000000E+000  0.41757704E-001  0.36516645E+000  0.68920652E+001  0.46112064E+002  0.11275151E+003  0.29832676E+003  0.58606722E+003
  0.00000000E+000  0.00000000E+000  0.00000000E+000  0.00000000E+000  0.41760282E-001  0.36516376E+000  0.68920186E+001  0.46111162E+002  0.11274890E+003  0.29831866E+003  0.58605325E+003
  0.00000000E+000  0.00000000E+000  0.00000000E+000  0.00000000E+000  0.41763339E-001  0.36516304E+000  0.68920128E+001  0.46110592E+002  0.11274706E+003  0.29831264E+003  0.58604309E+003
  0.00000000E+000  0.00000000E+000  0.00000000E+000  0.00000000E+000  0.41766832E-001  0.36516406E+000  0.68920429E+001  0.46110308E+002  0.11274589E+003  0.29830841E+003  0.58603619E+003
  0.00000000E+000  0.00000000E+000  0.00000000E+000  0.00000000E+000  0.41770724E-001  0.36516662E+000  0.68921044E+001  0.46110273E+002  0.11274530E+003  0.29830569E+003  0.58603208E+003
  0.00000000E+000  0.00000000E+000  0.00000000E+000  0.00000000E+000  0.41774985E-001  0.36517057E+000  0.68921937E+001  0.46110452E+002  0.11274520E+003  0.29830428E+003  0.58603035E+003
  0.00000000E+000  0.00000000E+000  0.00000000E+000  0.00000000E+000  0.41779589E-001  0.36517577E+000  0.68923077E+001  0.46110818E+002  0.11274553E+003  0.29830398E+003  0.58603065E+003
  0.00000000E+000  0.00000000E+000  0.00000000E+000  0.00000000E+000  0.41784515E-001  0.36518212E+000  0.68924436E+001  0.46111346E+002  0.11274622E+003  0.29830462E+003  0.58603267E+003
  0.00000000E+000  0.00000000E+000  0.00000000E+000  0.00000000E+000  0.41789745E-001  0.36518950E+000  0.68925993E+001  0.46112017E+002  0.11274723E+003  0.29830606E+003  0.58603616E+003
  0.00000000E+000  0.00000000E+000  0.00000000E+000  0.00000000E+000  0.41795264E-001  0.36519785E+000  0.68927730E+001  0.46112812E+002  0.11274852E+003  0.29830818E+003  0.58604090E+003
  0.00000000E+000  0.00000000E+000  0.00000000E+000  0.00000000E+000  0.41801062E-001  0.36520709E+000  0.68929629E+001  0.46113717E+002  0.11275004E+003  0.29831088E+003  0.58604668E+003
  0.00000000E+000  0.00000000E+000  0.00000000E+000  0.00000000E+000  0.41807128E-001  0.36521717E+000  0.68931678E+001  0.46114720E+002  0.11275177E+003  0.29831407E+003  0.58605336E+003
  0.00000000E+000  0.00000000E+000  0.00000000E+000  0.00000000E+000  0.41813454E-001  0.36522805E+000  0.68933867E+001  0.46115811E+002  0.11275367E+003  0.29831767E+003  0.58606078E+003
  0.00000000E+000  0.00000000E+000  0.00000000E+000  0.00000000E+000  0.41820036E-001  0.36523969E+000  0.68936187E+001  0.46116980E+002  0.11275574E+003  0.29832161E+003  0.58606884E+003
  0.00000000E+000  0.00000000E+000  0.00000000E+000  0.00000000E+000  0.41826869E-001  0.36525206E+000  0.68938630E+001  0.46118221E+002  0.11275794E+003  0.29832585E+003  0.58607742E+003
  0.00000000E+000  0.00000000E+000  0.00000000E+000  0.00000000E+000  0.41833950E-001  0.36526515E+000  0.68941191E+001  0.46119529E+002  0.11276027E+003  0.29833033E+003  0.58608644E+003
  0.00000000E+000  0.00000000E+000  0.00000000E+000  0.00000000E+000  0.41841276E-001  0.36527893E+000  0.68943866E+001  0.46120899E+002  0.11276270E+003  0.29833502E+003  0.58609584E+003
  0.00000000E+000  0.00000000E+000  0.00000000E+000  0.00000000E+000  0.41848848E-001  0.36529340E+000  0.68946651E+001  0.46122327E+002  0.11276524E+003  0.29833989E+003  0.58610556E+003
  0.00000000E+000  0.00000000E+000  0.00000000E+000  0.00000000E+000  0.41856663E-001  0.36530854E+000  0.68949543E+001  0.46123812E+002  0.11276788E+003  0.29834492E+003  0.58611554E+003
  0.00000000E+000  0.00000000E+000  0.00000000E+000  0.00000000E+000  0.41864721E-001  0.36532436E+000  0.68952540E+001  0.46125351E+002  0.11277060E+003  0.29835007E+003  0.58612575E+003
  0.00000000E+000  0.00000000E+000  0.00000000E+000  0.00000000E+000  0.41873022E-001  0.36534085E+000  0.68955642E+001  0.46126944E+002  0.11277341E+003  0.29835535E+003  0.58613615E+003
  0.00000000E+000  0.00000000E+000  0.00000000E+000  0.00000000E+000  0.41881563E-001  0.36535801E+000  0.68958845E+001  0.46128591E+002  0.11277629E+003  0.29836072E+003  0.58614672E+003
  0.00000000E+000  0.00000000E+000  0.00000000E+000  0.00000000E+000  0.41890343E-001  0.36537583E+000  0.68962151E+001  0.46130291E+002  0.11277926E+003  0.29836619E+003  0.58615744E+003
  0.00000000E+000  0.00000000E+000  0.00000000E+000  0.00000000E+000  0.41899360E-001  0.36539433E+000  0.68965557E+001  0.46132045E+002  0.11278230E+003  0.29837175E+003  0.58616829E+003
  0.00000000E+000  0.00000000E+000  0.00000000E+000  0.00000000E+000  0.41908607E-001  0.36541351E+000  0.68969064E+001  0.46133853E+002  0.11278542E+003  0.29837738E+003  0.58617926E+003
  0.00000000E+000  0.00000000E+000  0.00000000E+000  0.00000000E+000  0.41918080E-001  0.36543336E+000  0.68972671E+001  0.46135717E+002  0.11278862E+003  0.29838310E+003  0.58619033E+003
  0.00000000E+000  0.00000000E+000  0.00000000E+000  0.00000000E+000  0.41927769E-001  0.36545389E+000  0.68976376E+001  0.46137638E+002  0.11279190E+003  0.29838888E+003  0.58620150E+003
  0.00000000E+000  0.00000000E+000  0.00000000E+000  0.00000000E+000  0.41937664E-001  0.36547510E+000  0.68980180E+001  0.46139617E+002  0.11279526E+003  0.29839474E+003  0.58621275E+003
  0.00000000E+000  0.00000000E+000  0.00000000E+000  0.00000000E+000  0.41947751E-001  0.36549699E+000  0.68984082E+001  0.46141656E+002  0.11279870E+003  0.29840067E+003  0.58622408E+003
  0.00000000E+000  0.00000000E+000  0.00000000E+000  0.00000000E+000  0.41958016E-001  0.36551956E+000  0.68988081E+001  0.46143757E+002  0.11280223E+003  0.29840667E+003  0.58623549E+003
  0.00000000E+000  0.00000000E+000  0.00000000E+000  0.00000000E+000  0.41968439E-001  0.36554281E+000  0.68992176E+001  0.46145921E+002  0.11280584E+003  0.29841275E+003  0.58624696E+003
  0.00000000E+000  0.00000000E+000  0.00000000E+000  0.00000000E+000  0.41978998E-001  0.36556673E+000  0.68996366E+001  0.46148150E+002  0.11280954E+003  0.29841889E+003  0.58625850E+003
  0.00000000E+000  0.00000000E+000  0.00000000E+000  0.00000000E+000  0.41989670E-001  0.36559132E+000  0.69000650E+001  0.46150446E+002  0.11281333E+003  0.29842511E+003  0.58627010E+003
  0.00000000E+000  0.00000000E+000  0.00000000E+000  0.00000000E+000  0.42000426E-001  0.36561658E+000  0.69005026E+001  0.46152811E+002  0.11281722E+003  0.29843140E+003  0.58628174E+003
  0.00000000E+000  0.00000000E+000  0.00000000E+000  0.00000000E+000  0.42011239E-001  0.36564250E+000  0.69009494E+001  0.46155247E+002  0.11282121E+003  0.29843777E+003  0.58629344E+003
  0.00000000E+000  0.00000000E+000  0.00000000E+000  0.00000000E+000  0.42022074E-001  0.36566907E+000  0.69014051E+001  0.46157756E+002  0.11282530E+003  0.29844422E+003  0.58630518E+003
  0.00000000E+000  0.00000000E+000  0.00000000E+000  0.00000000E+000  0.42032898E-001  0.36569627E+000  0.69018695E+001  0.46160341E+002  0.11282950E+003  0.29845075E+003  0.58631696E+003
  0.00000000E+000  0.00000000E+000  0.00000000E+000  0.00000000E+000  0.42043676E-001  0.36572410E+000  0.69023425E+001  0.46163003E+002  0.11283380E+003  0.29845737E+003  0.58632879E+003
  0.00000000E+000  0.00000000E+000  0.00000000E+000  0.00000000E+000  0.42054368E-001  0.36575255E+000  0.69028239E+001  0.46165745E+002  0.11283822E+003  0.29846407E+003  0.58634064E+003
  0.00000000E+000  0.00000000E+000  0.00000000E+000  0.00000000E+000  0.42064937E-001  0.36578160E+000  0.69033134E+001  0.46168568E+002  0.11284276E+003  0.29847087E+003  0.58635253E+003
  0.00000000E+000  0.00000000E+000  0.00000000E+000  0.00000000E+000  0.42075343E-001  0.36581124E+000  0.69038108E+001  0.46171474E+002  0.11284743E+003  0.29847777E+003  0.58636445E+003
  0.00000000E+000  0.00000000E+000  0.00000000E+000  0.00000000E+000  0.42085548E-001  0.36584145E+000  0.69043158E+001  0.46174467E+002  0.11285222E+003  0.29848478E+003  0.58637641E+003
  0.00000000E+000  0.00000000E+000  0.00000000E+000  0.00000000E+000  0.42095511E-001  0.36587223E+000  0.69048281E+001  0.46177546E+002  0.11285715E+003  0.29849190E+003  0.58638839E+003
  0.00000000E+000  0.00000000E+000  0.00000000E+000  0.00000000E+000  0.42105195E-001  0.36590355E+000  0.69053476E+001  0.46180715E+002  0.11286221E+003  0.29849913E+003  0.58640040E+003
  0.00000000E+000  0.00000000E+000  0.00000000E+000  0.00000000E+000  0.42114562E-001  0.36593540E+000  0.69058738E+001  0.46183974E+002  0.11286742E+003  0.29850650E+003  0.58641245E+003
  0.00000000E+000  0.00000000E+000  0.00000000E+000  0.00000000E+000  0.42123579E-001  0.36596777E+000  0.69064065E+001  0.46187325E+002  0.11287278E+003  0.29851399E+003  0.58642453E+003
  0.00000000E+000  0.00000000E+000  0.00000000E+000  0.00000000E+000  0.42132213E-001  0.36600064E+000  0.69069454E+001  0.46190768E+002  0.11287829E+003  0.29852163E+003  0.58643665E+003
  0.00000000E+000  0.00000000E+000  0.00000000E+000  0.00000000E+000  0.42140435E-001  0.36603400E+000  0.69074901E+001  0.46194306E+002  0.11288397E+003  0.29852943E+003  0.58644881E+003
  0.00000000E+000  0.00000000E+000  0.00000000E+000  0.00000000E+000  0.42148223E-001  0.36606784E+000  0.69080403E+001  0.46197937E+002  0.11288980E+003  0.29853738E+003  0.58646100E+003
  0.00000000E+000  0.00000000E+000  0.00000000E+000  0.00000000E+000  0.42155556E-001  0.36610214E+000  0.69085956E+001  0.46201662E+002  0.11289581E+003  0.29854551E+003  0.58647325E+003
  0.00000000E+000  0.00000000E+000  0.00000000E+000  0.00000000E+000  0.42162418E-001  0.36613688E+000  0.69091557E+001  0.46205481E+002  0.11290199E+003  0.29855381E+003  0.58648553E+003
  0.00000000E+000  0.00000000E+000  0.00000000E+000  0.00000000E+000  0.42168798E-001  0.36617206E+000  0.69097200E+001  0.46209392E+002  0.11290835E+003  0.29856231E+003  0.58649787E+003
  0.00000000E+000  0.00000000E+000  0.00000000E+000  0.00000000E+000  0.42174689E-001  0.36620765E+000  0.69102882E+001  0.46213395E+002  0.11291489E+003  0.29857101E+003  0.58651026E+003
  0.00000000E+000  0.00000000E+000  0.00000000E+000  0.00000000E+000  0.42180087E-001  0.36624363E+000  0.69108599E+001  0.46217487E+002  0.11292161E+003  0.29857991E+003  0.58652271E+003
  0.00000000E+000  0.00000000E+000  0.00000000E+000  0.00000000E+000  0.42184993E-001  0.36627997E+000  0.69114345E+001  0.46221666E+002  0.11292851E+003  0.29858904E+003  0.58653522E+003
  0.00000000E+000  0.00000000E+000  0.00000000E+000  0.00000000E+000  0.42189411E-001  0.36631665E+000  0.69120115E+001  0.46225929E+002  0.11293561E+003  0.29859839E+003  0.58654778E+003
  0.00000000E+000  0.00000000E+000  0.00000000E+000  0.00000000E+000  0.42193348E-001  0.36635365E+000  0.69125904E+001  0.46230273E+002  0.11294289E+003  0.29860799E+003  0.58656041E+003
  0.00000000E+000  0.00000000E+000  0.00000000E+000  0.00000000E+000  0.42196815E-001  0.36639092E+000  0.69131707E+001  0.46234695E+002  0.11295036E+003  0.29861783E+003  0.58657310E+003
  0.00000000E+000  0.00000000E+000  0.00000000E+000  0.00000000E+000  0.42199825E-001  0.36642842E+000  0.69137519E+001  0.46239190E+002  0.11295802E+003  0.29862793E+003  0.58658585E+003
  0.00000000E+000  0.00000000E+000  0.00000000E+000  0.00000000E+000  0.42202393E-001  0.36646611E+000  0.69143334E+001  0.46243753E+002  0.11296587E+003  0.29863830E+003  0.58659868E+003
  0.00000000E+000  0.00000000E+000  0.00000000E+000  0.00000000E+000  0.42204539E-001  0.36650395E+000  0.69149147E+001  0.46248381E+002  0.11297390E+003  0.29864894E+003  0.58661157E+003
  0.00000000E+000  0.00000000E+000  0.00000000E+000  0.00000000E+000  0.42206282E-001  0.36654187E+000  0.69154953E+001  0.46253067E+002  0.11298211E+003  0.29865987E+003  0.58662455E+003
  0.00000000E+000  0.00000000E+000  0.00000000E+000  0.00000000E+000  0.42207643E-001  0.36657981E+000  0.69160748E+001  0.46257807E+002  0.11299050E+003  0.29867109E+003  0.58663761E+003
  0.00000000E+000  0.00000000E+000  0.00000000E+000  0.00000000E+000  0.42208647E-001  0.36661772E+000  0.69166526E+001  0.46262596E+002  0.11299907E+003  0.29868263E+003  0.58665075E+003
  0.00000000E+000  0.00000000E+000  0.00000000E+000  0.00000000E+000  0.42209318E-001  0.36665553E+000  0.69172283E+001  0.46267428E+002  0.11300782E+003  0.29869447E+003  0.58666400E+003
  0.00000000E+000  0.00000000E+000  0.00000000E+000  0.00000000E+000  0.42209682E-001  0.36669315E+000  0.69178016E+001  0.46272298E+002  0.11301673E+003  0.29870665E+003  0.58667736E+003
  0.00000000E+000  0.00000000E+000  0.00000000E+000  0.00000000E+000  0.42209762E-001  0.36673051E+000  0.69183722E+001  0.46277200E+002  0.11302580E+003  0.29871917E+003  0.58669083E+003
  0.00000000E+000  0.00000000E+000  0.00000000E+000  0.00000000E+000  0.42209587E-001  0.36676754E+000  0.69189396E+001  0.46282128E+002  0.11303504E+003  0.29873203E+003  0.58670445E+003
  0.00000000E+000  0.00000000E+000  0.00000000E+000  0.00000000E+000  0.42209182E-001  0.36680416E+000  0.69195037E+001  0.46287079E+002  0.11304442E+003  0.29874526E+003  0.58671821E+003
  0.00000000E+000  0.00000000E+000  0.00000000E+000  0.00000000E+000  0.42208572E-001  0.36684027E+000  0.69200642E+001  0.46292046E+002  0.11305396E+003  0.29875887E+003  0.58673215E+003
  0.00000000E+000  0.00000000E+000  0.00000000E+000  0.00000000E+000  0.42207782E-001  0.36687580E+000  0.69206209E+001  0.46297024E+002  0.11306365E+003  0.29877286E+003  0.58674628E+003
  0.00000000E+000  0.00000000E+000  0.00000000E+000  0.00000000E+000  0.42206837E-001  0.36691067E+000  0.69211738E+001  0.46302009E+002  0.11307347E+003  0.29878726E+003  0.58676063E+003
  0.00000000E+000  0.00000000E+000  0.00000000E+000  0.00000000E+000  0.42205761E-001  0.36694479E+000  0.69217226E+001  0.46306996E+002  0.11308343E+003  0.29880207E+003  0.58677522E+003
  0.00000000E+000  0.00000000E+000  0.00000000E+000  0.00000000E+000  0.42204575E-001  0.36697808E+000  0.69222673E+001  0.46311981E+002  0.11309352E+003  0.29881730E+003  0.58679008E+003
  0.00000000E+000  0.00000000E+000  0.00000000E+000  0.00000000E+000  0.42203300E-001  0.36701048E+000  0.69228079E+001  0.46316959E+002  0.11310373E+003  0.29883298E+003  0.58680523E+003
  0.00000000E+000  0.00000000E+000  0.00000000E+000  0.00000000E+000  0.42201957E-001  0.36704191E+000  0.69233442E+001  0.46321926E+002  0.11311406E+003  0.29884911E+003  0.58682071E+003
  0.00000000E+000  0.00000000E+000  0.00000000E+000  0.00000000E+000  0.42200564E-001  0.36707230E+000  0.69238763E+001  0.46326879E+002  0.11312450E+003  0.29886570E+003  0.58683654E+003
  0.00000000E+000  0.00000000E+000  0.00000000E+000  0.00000000E+000  0.42199137E-001  0.36710161E+000  0.69244042E+001  0.46331812E+002  0.11313504E+003  0.29888277E+003  0.58685277E+003
  0.00000000E+000  0.00000000E+000  0.00000000E+000  0.00000000E+000  0.42197691E-001  0.36712977E+000  0.69249278E+001  0.46336724E+002  0.11314568E+003  0.29890033E+003  0.58686943E+003
  0.00000000E+000  0.00000000E+000  0.00000000E+000  0.00000000E+000  0.42196241E-001  0.36715674E+000  0.69254472E+001  0.46341610E+002  0.11315642E+003  0.29891838E+003  0.58688655E+003
  0.00000000E+000  0.00000000E+000  0.00000000E+000  0.00000000E+000  0.42194798E-001  0.36718249E+000  0.69259622E+001  0.46346467E+002  0.11316724E+003  0.29893694E+003  0.58690416E+003
  0.00000000E+000  0.00000000E+000  0.00000000E+000  0.00000000E+000  0.42193373E-001  0.36720698E+000  0.69264730E+001  0.46351292E+002  0.11317814E+003  0.29895601E+003  0.58692231E+003
  0.00000000E+000  0.00000000E+000  0.00000000E+000  0.00000000E+000  0.42191976E-001  0.36723020E+000  0.69269794E+001  0.46356082E+002  0.11318911E+003  0.29897561E+003  0.58694102E+003
  0.00000000E+000  0.00000000E+000  0.00000000E+000  0.00000000E+000  0.42190614E-001  0.36725213E+000  0.69274814E+001  0.46360834E+002  0.11320015E+003  0.29899573E+003  0.58696035E+003
  0.00000000E+000  0.00000000E+000  0.00000000E+000  0.00000000E+000  0.42189294E-001  0.36727277E+000  0.69279790E+001  0.46365546E+002  0.11321124E+003  0.29901639E+003  0.58698031E+003
  0.00000000E+000  0.00000000E+000  0.00000000E+000  0.00000000E+000  0.42188021E-001  0.36729213E+000  0.69284720E+001  0.46370215E+002  0.11322239E+003  0.29903758E+003  0.58700096E+003
  0.00000000E+000  0.00000000E+000  0.00000000E+000  0.00000000E+000  0.42186800E-001  0.36731022E+000  0.69289603E+001  0.46374838E+002  0.11323357E+003  0.29905931E+003  0.58702233E+003
  0.00000000E+000  0.00000000E+000  0.00000000E+000  0.00000000E+000  0.42185634E-001  0.36732705E+000  0.69294437E+001  0.46379413E+002  0.11324479E+003  0.29908158E+003  0.58704444E+003
  0.00000000E+000  0.00000000E+000  0.00000000E+000  0.00000000E+000  0.42184525E-001  0.36734266E+000  0.69299222E+001  0.46383939E+002  0.11325603E+003  0.29910439E+003  0.58706735E+003
  0.00000000E+000  0.00000000E+000  0.00000000E+000  0.00000000E+000  0.42183475E-001  0.36735707E+000  0.69303955E+001  0.46388412E+002  0.11326729E+003  0.29912773E+003  0.58709108E+003
  0.00000000E+000  0.00000000E+000  0.00000000E+000  0.00000000E+000  0.42182484E-001  0.36737033E+000  0.69308633E+001  0.46392831E+002  0.11327855E+003  0.29915161E+003  0.58711566E+003
  0.00000000E+000  0.00000000E+000  0.00000000E+000  0.00000000E+000  0.42181554E-001  0.36738247E+000  0.69313254E+001  0.46397195E+002  0.11328982E+003  0.29917601E+003  0.58714113E+003
  0.00000000E+000  0.00000000E+000  0.00000000E+000  0.00000000E+000  0.42180683E-001  0.36739355E+000  0.69317815E+001  0.46401502E+002  0.11330108E+003  0.29920094E+003  0.58716752E+003
  0.00000000E+000  0.00000000E+000  0.00000000E+000  0.00000000E+000  0.42179871E-001  0.36740362E+000  0.69322313E+001  0.46405749E+002  0.11331232E+003  0.29922638E+003  0.58719485E+003
  0.00000000E+000  0.00000000E+000  0.00000000E+000  0.00000000E+000  0.42179116E-001  0.36741272E+000  0.69326745E+001  0.46409936E+002  0.11332354E+003  0.29925231E+003  0.58722315E+003
  0.00000000E+000  0.00000000E+000  0.00000000E+000  0.00000000E+000  0.42178417E-001  0.36742092E+000  0.69331107E+001  0.46414062E+002  0.11333472E+003  0.29927874E+003  0.58725245E+003
  0.00000000E+000  0.00000000E+000  0.00000000E+000  0.00000000E+000  0.42177772E-001  0.36742827E+000  0.69335395E+001  0.46418125E+002  0.11334587E+003  0.29930565E+003  0.58728277E+003
  0.00000000E+000  0.00000000E+000  0.00000000E+000  0.00000000E+000  0.42177179E-001  0.36743483E+000  0.69339607E+001  0.46422124E+002  0.11335696E+003  0.29933301E+003  0.58731412E+003
  0.00000000E+000  0.00000000E+000  0.00000000E+000  0.00000000E+000  0.42176636E-001  0.36744065E+000  0.69343737E+001  0.46426059E+002  0.11336799E+003  0.29936082E+003  0.58734654E+003
  0.00000000E+000  0.00000000E+000  0.00000000E+000  0.00000000E+000  0.42176140E-001  0.36744580E+000  0.69347782E+001  0.46429928E+002  0.11337896E+003  0.29938906E+003  0.58738002E+003
  0.00000000E+000  0.00000000E+000  0.00000000E+000  0.00000000E+000  0.42175690E-001  0.36745032E+000  0.69351738E+001  0.46433732E+002  0.11338985E+003  0.29941771E+003  0.58741459E+003
  0.00000000E+000  0.00000000E+000  0.00000000E+000  0.00000000E+000  0.42175282E-001  0.36745428E+000  0.69355602E+001  0.46437468E+002  0.11340066E+003  0.29944675E+003  0.58745025E+003
  0.00000000E+000  0.00000000E+000  0.00000000E+000  0.00000000E+000  0.42174914E-001  0.36745772E+000  0.69359370E+001  0.46441138E+002  0.11341138E+003  0.29947615E+003  0.58748701E+003
  0.00000000E+000  0.00000000E+000  0.00000000E+000  0.00000000E+000  0.42174584E-001  0.36746070E+000  0.69363038E+001  0.46444739E+002  0.11342201E+003  0.29950589E+003  0.58752487E+003
  0.00000000E+000  0.00000000E+000  0.00000000E+000  0.00000000E+000  0.42174289E-001  0.36746326E+000  0.69366604E+001  0.46448273E+002  0.11343253E+003  0.29953596E+003  0.58756383E+003
  0.00000000E+000  0.00000000E+000  0.00000000E+000  0.00000000E+000  0.42174027E-001  0.36746544E+000  0.69370064E+001  0.46451739E+002  0.11344294E+003  0.29956631E+003  0.58760389E+003
  0.00000000E+000  0.00000000E+000  0.00000000E+000  0.00000000E+000  0.42173796E-001  0.36746730E+000  0.69373416E+001  0.46455137E+002  0.11345324E+003  0.29959694E+003  0.58764504E+003
  0.00000000E+000  0.00000000E+000  0.00000000E+000  0.00000000E+000  0.42173594E-001  0.36746886E+000  0.69376657E+001  0.46458466E+002  0.11346341E+003  0.29962780E+003  0.58768728E+003
  0.00000000E+000  0.00000000E+000  0.00000000E+000  0.00000000E+000  0.42173418E-001  0.36747017E+000  0.69379787E+001  0.46461726E+002  0.11347346E+003  0.29965888E+003  0.58773058E+003
  0.00000000E+000  0.00000000E+000  0.00000000E+000  0.00000000E+000  0.42173266E-001  0.36747126E+000  0.69382802E+001  0.46464918E+002  0.11348337E+003  0.29969014E+003  0.58777494E+003
  0.00000000E+000  0.00000000E+000  0.00000000E+000  0.00000000E+000  0.42173136E-001  0.36747216E+000  0.69385702E+001  0.46468042E+002  0.11349315E+003  0.29972156E+003  0.58782032E+003
  0.00000000E+000  0.00000000E+000  0.00000000E+000  0.00000000E+000  0.42173028E-001  0.36747290E+000  0.69388487E+001  0.46471097E+002  0.11350278E+003  0.29975310E+003  0.58786672E+003
  0.00000000E+000  0.00000000E+000  0.00000000E+000  0.00000000E+000  0.42172937E-001  0.36747350E+000  0.69391156E+001  0.46474083E+002  0.11351226E+003  0.29978474E+003  0.58791410E+003
  0.00000000E+000  0.00000000E+000  0.00000000E+000  0.00000000E+000  0.42172864E-001  0.36747398E+000  0.69393710E+001  0.46477002E+002  0.11352159E+003  0.29981645E+003  0.58796242E+003
  0.00000000E+000  0.00000000E+000  0.00000000E+000  0.00000000E+000  0.42172807E-001  0.36747437E+000  0.69396148E+001  0.46479852E+002  0.11353077E+003  0.29984819E+003  0.58801167E+003
  0.00000000E+000  0.00000000E+000  0.00000000E+000  0.00000000E+000  0.42172763E-001  0.36747469E+000  0.69398472E+001  0.46482634E+002  0.11353979E+003  0.29987994E+003  0.58806181E+003
  0.00000000E+000  0.00000000E+000  0.00000000E+000  0.00000000E+000  0.42172732E-001  0.36747494E+000  0.69400684E+001  0.46485349E+002  0.11354864E+003  0.29991166E+003  0.58811278E+003
  0.00000000E+000  0.00000000E+000  0.00000000E+000  0.00000000E+000  0.42172713E-001  0.36747515E+000  0.69402784E+001  0.46487996E+002  0.11355734E+003  0.29994333E+003  0.58816457E+003
  0.00000000E+000  0.00000000E+000  0.00000000E+000  0.00000000E+000  0.42172703E-001  0.36747532E+000  0.69404776E+001  0.46490576E+002  0.11356586E+003  0.29997492E+003  0.58821711E+003
  0.00000000E+000  0.00000000E+000  0.00000000E+000  0.00000000E+000  0.42172703E-001  0.36747546E+000  0.69406662E+001  0.46493088E+002  0.11357422E+003  0.30000640E+003  0.58827036E+003
  0.00000000E+000  0.00000000E+000  0.00000000E+000  0.00000000E+000  0.42172711E-001  0.36747559E+000  0.69408443E+001  0.46495534E+002  0.11358240E+003  0.30003774E+003  0.58832429E+003
  0.00000000E+000  0.00000000E+000  0.00000000E+000  0.00000000E+000  0.42172726E-001  0.36747571E+000  0.69410124E+001  0.46497913E+002  0.11359042E+003  0.30006890E+003  0.58837883E+003
  0.00000000E+000  0.00000000E+000  0.00000000E+000  0.00000000E+000  0.42172747E-001  0.36747582E+000  0.69411708E+001  0.46500226E+002  0.11359826E+003  0.30009988E+003  0.58843393E+003
  0.00000000E+000  0.00000000E+000  0.00000000E+000  0.00000000E+000  0.42172774E-001  0.36747594E+000  0.69413197E+001  0.46502472E+002  0.11360593E+003  0.30013063E+003  0.58848954E+003
  0.00000000E+000  0.00000000E+000  0.00000000E+000  0.00000000E+000  0.42172805E-001  0.36747606E+000  0.69414595E+001  0.46504654E+002  0.11361342E+003  0.30016114E+003  0.58854560E+003
  0.00000000E+000  0.00000000E+000  0.00000000E+000  0.00000000E+000  0.42172840E-001  0.36747619E+000  0.69415906E+001  0.46506770E+002  0.11362073E+003  0.30019137E+003  0.58860206E+003
  0.00000000E+000  0.00000000E+000  0.00000000E+000  0.00000000E+000  0.42172879E-001  0.36747632E+000  0.69417134E+001  0.46508821E+002  0.11362788E+003  0.30022131E+003  0.58865887E+003
  0.00000000E+000  0.00000000E+000  0.00000000E+000  0.00000000E+000  0.42172921E-001  0.36747647E+000  0.69418282E+001  0.46510808E+002  0.11363484E+003  0.30025094E+003  0.58871595E+003
  0.00000000E+000  0.00000000E+000  0.00000000E+000  0.00000000E+000  0.42172964E-001  0.36747663E+000  0.69419355E+001  0.46512731E+002  0.11364163E+003  0.30028022E+003  0.58877326E+003
  0.00000000E+000  0.00000000E+000  0.00000000E+000  0.00000000E+000  0.42173010E-001  0.36747681E+000  0.69420355E+001  0.46514590E+002  0.11364825E+003  0.30030915E+003  0.58883074E+003
  0.00000000E+000  0.00000000E+000  0.00000000E+000  0.00000000E+000  0.42173057E-001  0.36747699E+000  0.69421287E+001  0.46516388E+002  0.11365469E+003  0.30033770E+003  0.58888832E+003
  0.00000000E+000  0.00000000E+000  0.00000000E+000  0.00000000E+000  0.42173105E-001  0.36747719E+000  0.69422155E+001  0.46518123E+002  0.11366096E+003  0.30036585E+003  0.58894594E+003
  0.00000000E+000  0.00000000E+000  0.00000000E+000  0.00000000E+000  0.42173154E-001  0.36747740E+000  0.69422961E+001  0.46519796E+002  0.11366706E+003  0.30039358E+003  0.58900356E+003
  0.00000000E+000  0.00000000E+000  0.00000000E+000  0.00000000E+000  0.42173204E-001  0.36747762E+000  0.69423711E+001  0.46521409E+002  0.11367299E+003  0.30042089E+003  0.58906111E+003
  0.00000000E+000  0.00000000E+000  0.00000000E+000  0.00000000E+000  0.42173253E-001  0.36747785E+000  0.69424406E+001  0.46522963E+002  0.11367875E+003  0.30044776E+003  0.58911853E+003
  0.00000000E+000  0.00000000E+000  0.00000000E+000  0.00000000E+000  0.42173302E-001  0.36747809E+000  0.69425052E+001  0.46524457E+002  0.11368434E+003  0.30047416E+003  0.58917577E+003
  0.00000000E+000  0.00000000E+000  0.00000000E+000  0.00000000E+000  0.42173352E-001  0.36747834E+000  0.69425650E+001  0.46525893E+002  0.11368977E+003  0.30050010E+003  0.58923276E+003
  0.00000000E+000  0.00000000E+000  0.00000000E+000  0.00000000E+000  0.42173400E-001  0.36747859E+000  0.69426204E+001  0.46527273E+002  0.11369503E+003  0.30052556E+003  0.58928947E+003
  0.00000000E+000  0.00000000E+000  0.00000000E+000  0.00000000E+000  0.42173448E-001  0.36747885E+000  0.69426717E+001  0.46528596E+002  0.11370013E+003  0.30055053E+003  0.58934583E+003
  0.00000000E+000  0.00000000E+000  0.00000000E+000  0.00000000E+000  0.42173495E-001  0.36747912E+000  0.69427192E+001  0.46529865E+002  0.11370507E+003  0.30057500E+003  0.58940180E+003
  0.00000000E+000  0.00000000E+000  0.00000000E+000  0.00000000E+000  0.42173542E-001  0.36747939E+000  0.69427632E+001  0.46531080E+002  0.11370985E+003  0.30059896E+003  0.58945732E+003
  0.00000000E+000  0.00000000E+000  0.00000000E+000  0.00000000E+000  0.42173587E-001  0.36747966E+000  0.69428039E+001  0.46532242E+002  0.11371447E+003  0.30062241E+003  0.58951235E+003
  0.00000000E+000  0.00000000E+000  0.00000000E+000  0.00000000E+000  0.42173631E-001  0.36747993E+000  0.69428415E+001  0.46533353E+002  0.11371894E+003  0.30064534E+003  0.58956685E+003
  0.00000000E+000  0.00000000E+000  0.00000000E+000  0.00000000E+000  0.42173674E-001  0.36748020E+000  0.69428763E+001  0.46534414E+002  0.11372326E+003  0.30066776E+003  0.58962076E+003
  0.00000000E+000  0.00000000E+000  0.00000000E+000  0.00000000E+000  0.42173716E-001  0.36748048E+000  0.69429085E+001  0.46535426E+002  0.11372743E+003  0.30068964E+003  0.58967405E+003
  0.00000000E+000  0.00000000E+000  0.00000000E+000  0.00000000E+000  0.42173757E-001  0.36748075E+000  0.69429383E+001  0.46536390E+002  0.11373145E+003  0.30071100E+003  0.58972668E+003
  0.00000000E+000  0.00000000E+000  0.00000000E+000  0.00000000E+000  0.42173796E-001  0.36748102E+000  0.69429658E+001  0.46537309E+002  0.11373533E+003  0.30073183E+003  0.58977861E+003
  0.00000000E+000  0.00000000E+000  0.00000000E+000  0.00000000E+000  0.42173835E-001  0.36748128E+000  0.69429913E+001  0.46538183E+002  0.11373907E+003  0.30075213E+003  0.58982980E+003
  0.00000000E+000  0.00000000E+000  0.00000000E+000  0.00000000E+000  0.42173871E-001  0.36748154E+000  0.69430150E+001  0.46539013E+002  0.11374267E+003  0.30077190E+003  0.58988024E+003
  0.00000000E+000  0.00000000E+000  0.00000000E+000  0.00000000E+000  0.42173907E-001  0.36748180E+000  0.69430369E+001  0.46539802E+002  0.11374613E+003  0.30079114E+003  0.58992987E+003
  0.00000000E+000  0.00000000E+000  0.00000000E+000  0.00000000E+000  0.42173941E-001  0.36748206E+000  0.69430572E+001  0.46540551E+002  0.11374946E+003  0.30080986E+003  0.58997868E+003
  0.00000000E+000  0.00000000E+000  0.00000000E+000  0.00000000E+000  0.42173974E-001  0.36748230E+000  0.69430760E+001  0.46541260E+002  0.11375266E+003  0.30082805E+003  0.59002665E+003
  0.00000000E+000  0.00000000E+000  0.00000000E+000  0.00000000E+000  0.42174005E-001  0.36748255E+000  0.69430935E+001  0.46541932E+002  0.11375574E+003  0.30084572E+003  0.59007374E+003
  0.00000000E+000  0.00000000E+000  0.00000000E+000  0.00000000E+000  0.42174036E-001  0.36748278E+000  0.69431097E+001  0.46542568E+002  0.11375869E+003  0.30086288E+003  0.59011994E+003
  0.00000000E+000  0.00000000E+000  0.00000000E+000  0.00000000E+000  0.42174065E-001  0.36748302E+000  0.69431248E+001  0.46543169E+002  0.11376152E+003  0.30087952E+003  0.59016523E+003
  0.00000000E+000  0.00000000E+000  0.00000000E+000  0.00000000E+000  0.42174093E-001  0.36748324E+000  0.69431388E+001  0.46543737E+002  0.11376423E+003  0.30089566E+003  0.59020959E+003
  0.00000000E+000  0.00000000E+000  0.00000000E+000  0.00000000E+000  0.42174119E-001  0.36748346E+000  0.69431519E+001  0.46544273E+002  0.11376683E+003  0.30091129E+003  0.59025301E+003
  0.00000000E+000  0.00000000E+000  0.00000000E+000  0.00000000E+000  0.42174145E-001  0.36748367E+000  0.69431640E+001  0.46544778E+002  0.11376931E+003  0.30092644E+003  0.59029548E+003
  0.00000000E+000  0.00000000E+000  0.00000000E+000  0.00000000E+000  0.42174169E-001  0.36748387E+000  0.69431754E+001  0.46545255E+002  0.11377169E+003  0.30094109E+003  0.59033698E+003
  0.00000000E+000  0.00000000E+000  0.00000000E+000  0.00000000E+000  0.42174193E-001  0.36748407E+000  0.69431860E+001  0.46545704E+002  0.11377396E+003  0.30095526E+003  0.59037752E+003
  0.00000000E+000  0.00000000E+000  0.00000000E+000  0.00000000E+000  0.42174215E-001  0.36748426E+000  0.69431959E+001  0.46546126E+002  0.11377613E+003  0.30096896E+003  0.59041707E+003
  0.00000000E+000  0.00000000E+000  0.00000000E+000  0.00000000E+000  0.42174237E-001  0.36748444E+000  0.69432051E+001  0.46546523E+002  0.11377820E+003  0.30098219E+003  0.59045565E+003
  0.00000000E+000  0.00000000E+000  0.00000000E+000  0.00000000E+000  0.42174257E-001  0.36748462E+000  0.69432138E+001  0.46546896E+002  0.11378017E+003  0.30099497E+003  0.59049324E+003
  0.00000000E+000  0.00000000E+000  0.00000000E+000  0.00000000E+000  0.42174277E-001  0.36748479E+000  0.69432219E+001  0.46547247E+002  0.11378205E+003  0.30100729E+003  0.59052985E+003
  0.00000000E+000  0.00000000E+000  0.00000000E+000  0.00000000E+000  0.42174296E-001  0.36748496E+000  0.69432295E+001  0.46547576E+002  0.11378385E+003  0.30101917E+003  0.59056548E+003
  0.00000000E+000  0.00000000E+000  0.00000000E+000  0.00000000E+000  0.42174314E-001  0.36748511E+000  0.69432366E+001  0.46547884E+002  0.11378555E+003  0.30103063E+003  0.59060013E+003
  0.00000000E+000  0.00000000E+000  0.00000000E+000  0.00000000E+000  0.42174331E-001  0.36748526E+000  0.69432433E+001  0.46548173E+002  0.11378717E+003  0.30104165E+003  0.59063380E+003
  0.00000000E+000  0.00000000E+000  0.00000000E+000  0.00000000E+000  0.42174348E-001  0.36748541E+000  0.69432495E+001  0.46548444E+002  0.11378871E+003  0.30105227E+003  0.59066650E+003
  0.00000000E+000  0.00000000E+000  0.00000000E+000  0.00000000E+000  0.42174364E-001  0.36748555E+000  0.69432554E+001  0.46548697E+002  0.11379018E+003  0.30106248E+003  0.59069824E+003
  0.00000000E+000  0.00000000E+000  0.00000000E+000  0.00000000E+000  0.42174379E-001  0.36748569E+000  0.69432610E+001  0.46548934E+002  0.11379156E+003  0.30107229E+003  0.59072902E+003
  0.00000000E+000  0.00000000E+000  0.00000000E+000  0.00000000E+000  0.42174394E-001  0.36748582E+000  0.69432662E+001  0.46549156E+002  0.11379288E+003  0.30108172E+003  0.59075886E+003
  0.00000000E+000  0.00000000E+000  0.00000000E+000  0.00000000E+000  0.42174408E-001  0.36748594E+000  0.69432712E+001  0.46549363E+002  0.11379413E+003  0.30109077E+003  0.59078776E+003
  0.00000000E+000  0.00000000E+000  0.00000000E+000  0.00000000E+000  0.42174421E-001  0.36748606E+000  0.69432758E+001  0.46549557E+002  0.11379531E+003  0.30109946E+003  0.59081574E+003
  0.00000000E+000  0.00000000E+000  0.00000000E+000  0.00000000E+000  0.42174434E-001  0.36748618E+000  0.69432802E+001  0.46549738E+002  0.11379643E+003  0.30110779E+003  0.59084281E+003
  0.00000000E+000  0.00000000E+000  0.00000000E+000  0.00000000E+000  0.42174447E-001  0.36748629E+000  0.69432844E+001  0.46549906E+002  0.11379748E+003  0.30111577E+003  0.59086898E+003
  0.00000000E+000  0.00000000E+000  0.00000000E+000  0.00000000E+000  0.42174459E-001  0.36748639E+000  0.69432883E+001  0.46550064E+002  0.11379848E+003  0.30112342E+003  0.59089427E+003
  0.00000000E+000  0.00000000E+000  0.00000000E+000  0.00000000E+000  0.42174472E-001  0.36748650E+000  0.69432920E+001  0.46550211E+002  0.11379943E+003  0.30113074E+003  0.59091869E+003
  0.00000000E+000  0.00000000E+000  0.00000000E+000  0.00000000E+000  0.42174482E-001  0.36748659E+000  0.69432954E+001  0.46550347E+002  0.11380032E+003  0.30113773E+003  0.59094224E+003
