  0.30994966E+000  0.34502281E+000  0.45556923E+000  0.59491735E+000  0.79471800E+000  0.88792736E+000  0.11860095E+001  0.18674506E+001  0.26180384E+001  0.43813453E+001  0.81143070E+001
  0.30962142E+000  0.34466328E+000  0.45505857E+000  0.59491735E+000  0.79324445E+000  0.88714681E+000  0.11853339E+001  0.18656953E+001  0.26171236E+001  0.43745374E+001  0.81184674E+001
  0.30934192E+000  0.34435927E+000  0.45467934E+000  0.59491735E+000  0.79268338E+000  0.88655593E+000  0.11849993E+001  0.18624486E+001  0.26165625E+001  0.43740912E+001  0.81180259E+001
  0.30910408E+000  0.34410228E+000  0.45428039E+000  0.59491735E+000  0.79220198E+000  0.88622429E+000  0.11849448E+001  0.18599975E+001  0.26159457E+001  0.43734727E+001  0.81185467E+001
  0.30890183E+000  0.34388500E+000  0.45402921E+000  0.59491735E+000  0.79144145E+000  0.88592654E+000  0.11850368E+001  0.18589018E+001  0.26153156E+001  0.43728807E+001  0.81185051E+001
  0.30872997E+000  0.34370125E+000  0.45378202E+000  0.59487782E+000  0.79108804E+000  0.88568786E+000  0.11849242E+001  0.18538418E+001  0.26147824E+001  0.43728844E+001  0.81177476E+001
  0.30858395E+000  0.34351555E+000  0.45353514E+000  0.59491735E+000  0.79080262E+000  0.88549601E+000  0.11845333E+001  0.18530732E+001  0.26144242E+001  0.43727279E+001  0.81171031E+001
  0.30845992E+000  0.34339728E+000  0.45338321E+000  0.59491735E+000  0.79053568E+000  0.88532594E+000  0.11845615E+001  0.18524187E+001  0.26142452E+001  0.43724930E+001  0.81165786E+001
  0.30834266E+000  0.34325295E+000  0.45326222E+000  0.59491735E+000  0.79031718E+000  0.88518011E+000  0.11845278E+001  0.18518870E+001  0.26140132E+001  0.43722871E+001  0.81164177E+001
  0.30826504E+000  0.34317029E+000  0.45313032E+000  0.59491735E+000  0.79013120E+000  0.88504681E+000  0.11845093E+001  0.18503131E+001  0.26117249E+001  0.43720879E+001  0.81162837E+001
  0.30818898E+000  0.34303721E+000  0.45297904E+000  0.59491735E+000  0.78997381E+000  0.88493995E+000  0.11841170E+001  0.18499519E+001  0.26099663E+001  0.43719993E+001  0.81161719E+001
  0.30812438E+000  0.34297648E+000  0.45291153E+000  0.59491735E+000  0.78984133E+000  0.88485590E+000  0.11841252E+001  0.18496067E+001  0.26095113E+001  0.43718543E+001  0.81160783E+001
  0.30806951E+000  0.34292520E+000  0.45285458E+000  0.59491735E+000  0.78973041E+000  0.88478967E+000  0.11841160E+001  0.18493436E+001  0.26091799E+001  0.43717313E+001  0.81159999E+001
  0.30802293E+000  0.34288190E+000  0.45278343E+000  0.59491405E+000  0.78963805E+000  0.88472310E+000  0.11841489E+001  0.18491276E+001  0.26088045E+001  0.43717191E+001  0.81159341E+001
  0.30798340E+000  0.34284539E+000  0.45270661E+000  0.59488615E+000  0.78956441E+000  0.88467459E+000  0.11840629E+001  0.18489501E+001  0.26085596E+001  0.43716030E+001  0.81159244E+001
  0.30794987E+000  0.34281464E+000  0.45266698E+000  0.59491735E+000  0.78950963E+000  0.88461966E+000  0.11841262E+001  0.18488039E+001  0.26083595E+001  0.43715052E+001  0.81159312E+001
  0.30792147E+000  0.34278881E+000  0.45263365E+000  0.59491735E+000  0.78946418E+000  0.88457379E+000  0.11840757E+001  0.18482386E+001  0.26081953E+001  0.43714230E+001  0.81159367E+001
  0.30789744E+000  0.34276715E+000  0.45260568E+000  0.59491735E+000  0.78942654E+000  0.88453563E+000  0.11841688E+001  0.18481541E+001  0.26080603E+001  0.43713542E+001  0.81159411E+001
  0.30787510E+000  0.34274905E+000  0.45258229E+000  0.59491735E+000  0.78939547E+000  0.88453268E+000  0.11841328E+001  0.18480777E+001  0.26079492E+001  0.43713147E+001  0.81159445E+001
  0.30786002E+000  0.34273400E+000  0.45256281E+000  0.59491735E+000  0.78936993E+000  0.88450641E+000  0.11841870E+001  0.18480120E+001  0.26078578E+001  0.43714391E+001  0.81159471E+001
  0.30784562E+000  0.34272155E+000  0.45254666E+000  0.59491735E+000  0.78934908E+000  0.88448490E+000  0.11841692E+001  0.18479580E+001  0.26077828E+001  0.43714102E+001  0.81159489E+001
  0.30783355E+000  0.34260825E+000  0.45251070E+000  0.59491735E+000  0.78933218E+000  0.88446745E+000  0.11841583E+001  0.18479157E+001  0.26077213E+001  0.43713865E+001  0.81159501E+001
  0.30782287E+000  0.34260032E+000  0.45250179E+000  0.59491735E+000  0.78931864E+000  0.88445345E+000  0.11841532E+001  0.18478845E+001  0.26075378E+001  0.43713672E+001  0.81159507E+001
  0.30781505E+000  0.34259401E+000  0.45249469E+000  0.59491735E+000  0.78930792E+000  0.88444237E+000  0.11841530E+001  0.18478634E+001  0.26075084E+001  0.43713518E+001  0.81159509E+001
  0.30780809E+000  0.34258908E+000  0.45248912E+000  0.59482443E+000  0.78929959E+000  0.88443377E+000  0.11841976E+001  0.18478510E+001  0.26074862E+001  0.43713395E+001  0.81159507E+001
  0.30780235E+000  0.34258532E+000  0.45248484E+000  0.59491735E+000  0.78929327E+000  0.88442727E+000  0.11841969E+001  0.18478462E+001  0.26074702E+001  0.43713301E+001  0.81159502E+001
  0.30779766E+000  0.34258255E+000  0.45248167E+000  0.59491735E+000  0.78928864E+000  0.88442253E+000  0.11842003E+001  0.18478477E+001  0.26074595E+001  0.43713229E+001  0.81159494E+001
  0.30779385E+000  0.34258061E+000  0.45247944E+000  0.59491735E+000  0.78930107E+000  0.88441928E+000  0.11842004E+001  0.18478544E+001  0.26074533E+001  0.43713177E+001  0.81159483E+001
  0.30779079E+000  0.34257936E+000  0.45247798E+000  0.59491735E+000  0.78967281E+000  0.88441728E+000  0.11842013E+001  0.18479536E+001  0.26074510E+001  0.43713142E+001  0.81159470E+001
  0.30778835E+000  0.34257870E+000  0.45247718E+000  0.59491735E+000  0.78967182E+000  0.88441630E+000  0.11842219E+001  0.18480999E+001  0.26074522E+001  0.43713121E+001  0.81159455E+001
  0.30778644E+000  0.34257852E+000  0.45247693E+000  0.59491735E+000  0.78957610E+000  0.88441618E+000  0.11842215E+001  0.18481031E+001  0.26074562E+001  0.43713111E+001  0.81159439E+001
  0.30778497E+000  0.34257874E+000  0.45247713E+000  0.59491735E+000  0.78957995E+000  0.88441675E+000  0.11842220E+001  0.18481075E+001  0.26074629E+001  0.43713110E+001  0.81159422E+001
  0.30778386E+000  0.34257928E+000  0.45247771E+000  0.59491735E+000  0.78958422E+000  0.88441790E+000  0.11842232E+001  0.18481128E+001  0.26074719E+001  0.43713118E+001  0.81159403E+001
  0.30778305E+000  0.34258009E+000  0.45247858E+000  0.59491735E+000  0.78958881E+000  0.88441950E+000  0.11842252E+001  0.18481190E+001  0.26074828E+001  0.43713132E+001  0.81159384E+001
  0.30778249E+000  0.34258110E+000  0.45247970E+000  0.59491735E+000  0.78959360E+000  0.88442147E+000  0.11842280E+001  0.18481259E+001  0.26074955E+001  0.43713151E+001  0.81159364E+001
  0.30778212E+000  0.34258227E+000  0.45248101E+000  0.59491735E+000  0.78959853E+000  0.88442372E+000  0.11842315E+001  0.18481333E+001  0.26075098E+001  0.43713174E+001  0.81159344E+001
  0.30778190E+000  0.34258358E+000  0.45248247E+000  0.59491735E+000  0.78960352E+000  0.88442619E+000  0.11842357E+001  0.18481413E+001  0.26075254E+001  0.43713200E+001  0.81159322E+001
  0.30778182E+000  0.34258497E+000  0.45248405E+000  0.59491735E+000  0.78960851E+000  0.88442882E+000  0.11842412E+001  0.18481496E+001  0.26075422E+001  0.43713229E+001  0.81159301E+001
  0.30778183E+000  0.34258644E+000  0.45248572E+000  0.59491735E+000  0.78961348E+000  0.88443157E+000  0.11842854E+001  0.18481583E+001  0.26085912E+001  0.43713260E+001  0.81159280E+001
  0.30778191E+000  0.34258795E+000  0.45248745E+000  0.59491735E+000  0.78961837E+000  0.88443439E+000  0.11847847E+001  0.18481673E+001  0.26090386E+001  0.43713292E+001  0.81159258E+001
  0.30778206E+000  0.34258950E+000  0.45248922E+000  0.59491735E+000  0.78962318E+000  0.88443727E+000  0.11847271E+001  0.18481765E+001  0.26095748E+001  0.43713325E+001  0.81159236E+001
  0.30778224E+000  0.34259106E+000  0.45249101E+000  0.59491735E+000  0.78962788E+000  0.88444017E+000  0.11847366E+001  0.18481858E+001  0.26096073E+001  0.43713359E+001  0.81159214E+001
  0.30778246E+000  0.34259263E+000  0.45249282E+000  0.59491735E+000  0.78963245E+000  0.88444307E+000  0.11847452E+001  0.18481953E+001  0.26106748E+001  0.43713393E+001  0.81159192E+001
  0.30778269E+000  0.34259419E+000  0.45249463E+000  0.59491735E+000  0.78963690E+000  0.88444596E+000  0.11847528E+001  0.18482049E+001  0.26122099E+001  0.43713428E+001  0.81159170E+001
  0.30778294E+000  0.34259574E+000  0.45249644E+000  0.59491735E+000  0.78964120E+000  0.88444883E+000  0.11847596E+001  0.18482145E+001  0.26125130E+001  0.43713462E+001  0.81159148E+001
  0.30778320E+000  0.34259728E+000  0.45249823E+000  0.59491735E+000  0.78964537E+000  0.88445167E+000  0.11847654E+001  0.18482242E+001  0.26125166E+001  0.43713496E+001  0.81159127E+001
  0.30778346E+000  0.34259880E+000  0.45250000E+000  0.59491735E+000  0.78964939E+000  0.88445447E+000  0.11847705E+001  0.18482346E+001  0.26125201E+001  0.43713530E+001  0.81159106E+001
  0.30778372E+000  0.34260030E+000  0.45250175E+000  0.59491735E+000  0.78965327E+000  0.88445722E+000  0.11847747E+001  0.18484144E+001  0.26125237E+001  0.43713563E+001  0.81159084E+001
  0.30778398E+000  0.34260177E+000  0.45250348E+000  0.59491735E+000  0.78965700E+000  0.88443923E+000  0.11847782E+001  0.18487616E+001  0.26125272E+001  0.43713596E+001  0.81159064E+001
  0.30778423E+000  0.34260322E+000  0.45250517E+000  0.59491735E+000  0.78966060E+000  0.88444209E+000  0.11847810E+001  0.18490155E+001  0.26125308E+001  0.43713629E+001  0.81159043E+001
  0.30778448E+000  0.34260463E+000  0.45250684E+000  0.59491735E+000  0.78966405E+000  0.88444489E+000  0.11847832E+001  0.18490321E+001  0.26125343E+001  0.43713661E+001  0.81159023E+001
  0.30778473E+000  0.34260601E+000  0.45250847E+000  0.59491735E+000  0.78966736E+000  0.88444762E+000  0.11847848E+001  0.18490488E+001  0.26125377E+001  0.43713693E+001  0.81159003E+001
  0.30778497E+000  0.34260736E+000  0.45251006E+000  0.59491735E+000  0.78967054E+000  0.88445029E+000  0.11847843E+001  0.18490657E+001  0.26125412E+001  0.43713724E+001  0.81158983E+001
  0.30778520E+000  0.34260868E+000  0.45251162E+000  0.59491735E+000  0.78967358E+000  0.88445290E+000  0.11847852E+001  0.18490827E+001  0.26125446E+001  0.43713754E+001  0.81158964E+001
  0.30778542E+000  0.34260996E+000  0.45251313E+000  0.59491735E+000  0.78967649E+000  0.88445543E+000  0.11847850E+001  0.18490998E+001  0.26125480E+001  0.43713784E+001  0.81158945E+001
  0.30778564E+000  0.34261121E+000  0.45251461E+000  0.59491735E+000  0.78967926E+000  0.88445789E+000  0.11847854E+001  0.18491170E+001  0.26125514E+001  0.43713813E+001  0.81158927E+001
  0.30778585E+000  0.34261242E+000  0.45251605E+000  0.59491735E+000  0.78968191E+000  0.88446029E+000  0.11847847E+001  0.18491342E+001  0.26125547E+001  0.43713841E+001  0.81158909E+001
  0.30778606E+000  0.34261360E+000  0.45251745E+000  0.59491735E+000  0.78968443E+000  0.88446262E+000  0.11848873E+001  0.18491515E+001  0.26125579E+001  0.43713869E+001  0.81158891E+001
  0.30778625E+000  0.34261474E+000  0.45251881E+000  0.59491735E+000  0.78968682E+000  0.88446488E+000  0.11849465E+001  0.18491688E+001  0.26125611E+001  0.43713896E+001  0.81158874E+001
  0.30778644E+000  0.34261584E+000  0.45252013E+000  0.59491735E+000  0.78968909E+000  0.88446708E+000  0.11851514E+001  0.18493267E+001  0.26125643E+001  0.43713923E+001  0.81158857E+001
  0.30778662E+000  0.34261690E+000  0.45252140E+000  0.59491735E+000  0.78969125E+000  0.88446920E+000  0.11851559E+001  0.18493321E+001  0.26125674E+001  0.43713948E+001  0.81158841E+001
  0.30778680E+000  0.34261793E+000  0.45252264E+000  0.59491735E+000  0.78969329E+000  0.88447127E+000  0.11851602E+001  0.18493377E+001  0.26125705E+001  0.43713973E+001  0.81158825E+001
  0.30778696E+000  0.34261892E+000  0.45252384E+000  0.59491735E+000  0.78969522E+000  0.88447327E+000  0.11851644E+001  0.18493434E+001  0.26125735E+001  0.43713998E+001  0.81158810E+001
  0.30778712E+000  0.34261988E+000  0.45252500E+000  0.59491735E+000  0.78969705E+000  0.88447521E+000  0.11851684E+001  0.18493494E+001  0.26125764E+001  0.43714021E+001  0.81158795E+001
  0.30778727E+000  0.34262080E+000  0.45244413E+000  0.59491735E+000  0.78969877E+000  0.88447709E+000  0.11851723E+001  0.18493555E+001  0.26125793E+001  0.43714044E+001  0.81158781E+001
  0.30778742E+000  0.34262169E+000  0.45244504E+000  0.59491735E+000  0.78970040E+000  0.88447892E+000  0.11851761E+001  0.18493618E+001  0.26125821E+001  0.43714067E+001  0.81158767E+001
  0.30778755E+000  0.34262255E+000  0.45244591E+000  0.59491735E+000  0.78970194E+000  0.88448069E+000  0.11851797E+001  0.18493682E+001  0.26125849E+001  0.43714088E+001  0.81158753E+001
  0.30778768E+000  0.34262338E+000  0.45252905E+000  0.59491735E+000  0.78970339E+000  0.88448242E+000  0.11851833E+001  0.18493747E+001  0.26125876E+001  0.43714110E+001  0.81158740E+001
  0.30778781E+000  0.34262418E+000  0.45252984E+000  0.59491735E+000  0.78999343E+000  0.88448410E+000  0.11851867E+001  0.18493814E+001  0.26125903E+001  0.43714130E+001  0.81158728E+001
  0.30778793E+000  0.34262496E+000  0.45253060E+000  0.59491735E+000  0.79020866E+000  0.88448574E+000  0.11851901E+001  0.18493882E+001  0.26125929E+001  0.43714151E+001  0.81158715E+001
  0.30778804E+000  0.34262572E+000  0.45253134E+000  0.59491735E+000  0.79021416E+000  0.88448734E+000  0.11851933E+001  0.18493950E+001  0.26125955E+001  0.43714170E+001  0.81158704E+001
  0.30778815E+000  0.34262645E+000  0.45253206E+000  0.59491735E+000  0.79021934E+000  0.88448891E+000  0.11851965E+001  0.18494020E+001  0.26125981E+001  0.43714190E+001  0.81158692E+001
  0.30778825E+000  0.34262716E+000  0.45253277E+000  0.59491735E+000  0.79022424E+000  0.88449044E+000  0.11851997E+001  0.18494091E+001  0.26126006E+001  0.43714209E+001  0.81158681E+001
  0.30778835E+000  0.34262786E+000  0.45253346E+000  0.59491735E+000  0.79022887E+000  0.88449195E+000  0.11852027E+001  0.18495978E+001  0.26126030E+001  0.43714227E+001  0.81158671E+001
  0.30778844E+000  0.34262854E+000  0.45253413E+000  0.59491735E+000  0.79023325E+000  0.88449342E+000  0.11852057E+001  0.18497212E+001  0.26126055E+001  0.43714246E+001  0.81158660E+001
  0.30778853E+000  0.34262921E+000  0.45253480E+000  0.59491735E+000  0.79024585E+000  0.88449487E+000  0.11852087E+001  0.18507595E+001  0.26126079E+001  0.43714263E+001  0.81158651E+001
  0.30778862E+000  0.34262986E+000  0.45253545E+000  0.59491735E+000  0.79042213E+000  0.88449629E+000  0.11852115E+001  0.18517339E+001  0.26126103E+001  0.43714281E+001  0.81158642E+001
  0.30778871E+000  0.34263050E+000  0.45253609E+000  0.59491735E+000  0.79042398E+000  0.88449768E+000  0.11852144E+001  0.18517866E+001  0.26126126E+001  0.43714298E+001  0.81158633E+001
  0.30778879E+000  0.34263112E+000  0.45253672E+000  0.59491735E+000  0.79042573E+000  0.88449905E+000  0.11852171E+001  0.18518214E+001  0.26126149E+001  0.43714315E+001  0.81158625E+001
  0.30778887E+000  0.34263173E+000  0.45253734E+000  0.59491735E+000  0.79042740E+000  0.88450039E+000  0.11852199E+001  0.18518555E+001  0.26126172E+001  0.43714332E+001  0.81158617E+001
  0.30778895E+000  0.34263233E+000  0.45253795E+000  0.59491735E+000  0.79042900E+000  0.88450170E+000  0.11852225E+001  0.18518887E+001  0.26126194E+001  0.43714348E+001  0.81158611E+001
  0.30778903E+000  0.34263292E+000  0.45253854E+000  0.59491735E+000  0.79043051E+000  0.88450298E+000  0.11852251E+001  0.18519213E+001  0.26126216E+001  0.43714364E+001  0.81158604E+001
  0.30778911E+000  0.34263349E+000  0.45253913E+000  0.59491735E+000  0.79043196E+000  0.88450423E+000  0.11852363E+001  0.18519497E+001  0.26126242E+001  0.43714380E+001  0.81158599E+001
  0.30778919E+000  0.34263405E+000  0.45253970E+000  0.59491735E+000  0.79043333E+000  0.88450544E+000  0.11852383E+001  0.18535219E+001  0.26126295E+001  0.43714395E+001  0.81158594E+001
  0.30778926E+000  0.34263459E+000  0.45254025E+000  0.59491735E+000  0.79043463E+000  0.88450662E+000  0.11852404E+001  0.18536516E+001  0.26126346E+001  0.43714409E+001  0.81158590E+001
  0.30778933E+000  0.34263512E+000  0.45254079E+000  0.59491735E+000  0.79043587E+000  0.88450776E+000  0.11852423E+001  0.18536212E+001  0.26126396E+001  0.43714423E+001  0.81158587E+001
  0.30778941E+000  0.34263563E+000  0.45254131E+000  0.59491735E+000  0.79043705E+000  0.88450886E+000  0.11852442E+001  0.18536358E+001  0.26126445E+001  0.43713139E+001  0.81158585E+001
  0.30778948E+000  0.34263612E+000  0.45254182E+000  0.59491735E+000  0.79043816E+000  0.88450992E+000  0.11852460E+001  0.18536502E+001  0.26126491E+001  0.43713158E+001  0.81158583E+001
  0.30778954E+000  0.34263659E+000  0.45254230E+000  0.59491735E+000  0.79043921E+000  0.88451093E+000  0.11852478E+001  0.18536644E+001  0.26126536E+001  0.43713177E+001  0.81158583E+001
  0.30778961E+000  0.34263705E+000  0.45254277E+000  0.59491735E+000  0.79044020E+000  0.88451190E+000  0.11852495E+001  0.18536785E+001  0.26126580E+001  0.43713195E+001  0.81158583E+001
  0.30778967E+000  0.34263748E+000  0.45254321E+000  0.59491735E+000  0.79044114E+000  0.88451282E+000  0.11852511E+001  0.18536924E+001  0.26126622E+001  0.43713213E+001  0.81158585E+001
  0.30778973E+000  0.34263789E+000  0.45254364E+000  0.59491735E+000  0.79044202E+000  0.88451370E+000  0.11852526E+001  0.18537062E+001  0.26126661E+001  0.43713231E+001  0.81158587E+001
  0.30778979E+000  0.34263829E+000  0.45254404E+000  0.59491735E+000  0.79044284E+000  0.88451453E+000  0.11852541E+001  0.18537199E+001  0.26126700E+001  0.43713248E+001  0.81158591E+001
  0.30778985E+000  0.34263866E+000  0.45254442E+000  0.59491735E+000  0.79044361E+000  0.88451531E+000  0.11852555E+001  0.18537335E+001  0.26126736E+001  0.43713265E+001  0.81158595E+001
  0.30778990E+000  0.34263902E+000  0.45254478E+000  0.59491735E+000  0.79044434E+000  0.88451605E+000  0.11852568E+001  0.18537471E+001  0.26126771E+001  0.43713281E+001  0.81158601E+001
  0.30778995E+000  0.34263935E+000  0.45254511E+000  0.59491735E+000  0.79044501E+000  0.88451674E+000  0.11852580E+001  0.18537605E+001  0.26126804E+001  0.43713298E+001  0.81158608E+001
  0.30779000E+000  0.34263967E+000  0.45254543E+000  0.59491735E+000  0.79044564E+000  0.88451739E+000  0.11852592E+001  0.18537739E+001  0.26126835E+001  0.43713314E+001  0.81158615E+001
  0.30779004E+000  0.34263997E+000  0.45254573E+000  0.59491735E+000  0.79044622E+000  0.88450182E+000  0.11852603E+001  0.18537873E+001  0.26126865E+001  0.43713329E+001  0.81158624E+001
  0.30779008E+000  0.34264025E+000  0.45254600E+000  0.59491735E+000  0.79044676E+000  0.88450241E+000  0.11852613E+001  0.18538006E+001  0.26126894E+001  0.43713345E+001  0.81158634E+001
  0.30779012E+000  0.34264051E+000  0.45254626E+000  0.59491735E+000  0.79044727E+000  0.88450297E+000  0.11852622E+001  0.18538139E+001  0.26126920E+001  0.43713360E+001  0.81158645E+001
  0.30779016E+000  0.34264075E+000  0.45254650E+000  0.59491735E+000  0.79044774E+000  0.88450348E+000  0.11852631E+001  0.18538271E+001  0.26126946E+001  0.43713375E+001  0.81158657E+001
  0.30779019E+000  0.34264098E+000  0.45254672E+000  0.59491735E+000  0.79044817E+000  0.88450396E+000  0.11852639E+001  0.18538403E+001  0.26126970E+001  0.43713389E+001  0.81158670E+001
  0.30779023E+000  0.34264120E+000  0.45254692E+000  0.59491735E+000  0.79044857E+000  0.88450441E+000  0.11852647E+001  0.18538535E+001  0.26126993E+001  0.43713404E+001  0.81158685E+001
  0.30779025E+000  0.34264140E+000  0.45254711E+000  0.59491735E+000  0.79047227E+000  0.88450482E+000  0.11852654E+001  0.18538666E+001  0.26127015E+001  0.43713418E+001  0.81158700E+001
  0.30779028E+000  0.34264159E+000  0.45254728E+000  0.59491735E+000  0.79047686E+000  0.88450520E+000  0.11852661E+001  0.18538797E+001  0.26127035E+001  0.43713433E+001  0.81158717E+001
  0.30779031E+000  0.34264176E+000  0.45254744E+000  0.59491735E+000  0.79048150E+000  0.88450556E+000  0.11852667E+001  0.18538928E+001  0.26127055E+001  0.43713447E+001  0.81158735E+001
  0.30779033E+000  0.34264192E+000  0.45254759E+000  0.59491735E+000  0.79050035E+000  0.88450588E+000  0.11852673E+001  0.18539058E+001  0.26127073E+001  0.43713461E+001  0.81158754E+001
  0.30779035E+000  0.34264207E+000  0.45254772E+000  0.59491735E+000  0.79050133E+000  0.88450618E+000  0.11852678E+001  0.18539188E+001  0.26127091E+001  0.43713475E+001  0.81158774E+001
  0.30779037E+000  0.34264221E+000  0.45254784E+000  0.59491735E+000  0.79050228E+000  0.88450646E+000  0.11852683E+001  0.18539318E+001  0.26127108E+001  0.43713489E+001  0.81158796E+001
  0.30779039E+000  0.34264234E+000  0.45254795E+000  0.59491735E+000  0.79050320E+000  0.88450671E+000  0.11852687E+001  0.18539448E+001  0.26127124E+001  0.43713503E+001  0.81158819E+001
  0.30779040E+000  0.34264246E+000  0.45254805E+000  0.59491735E+000  0.79050409E+000  0.88450694E+000  0.11852691E+001  0.18539553E+001  0.26127139E+001  0.43713517E+001  0.81158843E+001
  0.30779042E+000  0.34264257E+000  0.45254814E+000  0.59491735E+000  0.79050496E+000  0.88450715E+000  0.11852695E+001  0.18542407E+001  0.26127154E+001  0.43713531E+001  0.81158868E+001
  0.30779043E+000  0.34264268E+000  0.45254822E+000  0.59491735E+000  0.79050580E+000  0.88450735E+000  0.11852698E+001  0.18546506E+001  0.26127167E+001  0.43713545E+001  0.81158894E+001
  0.30779044E+000  0.34264277E+000  0.45254829E+000  0.59491735E+000  0.79050661E+000  0.88450752E+000  0.11852701E+001  0.18552683E+001  0.26127181E+001  0.43713560E+001  0.81158922E+001
  0.30779045E+000  0.34264286E+000  0.45254836E+000  0.59491735E+000  0.79050741E+000  0.88450768E+000  0.11852704E+001  0.18555727E+001  0.26127194E+001  0.43713574E+001  0.81158951E+001
  0.30779046E+000  0.34264294E+000  0.45254842E+000  0.59491735E+000  0.79050818E+000  0.88450783E+000  0.11852706E+001  0.18555830E+001  0.26127206E+001  0.43713588E+001  0.81158982E+001
  0.30779047E+000  0.34264302E+000  0.45254847E+000  0.59491735E+000  0.79050893E+000  0.88450796E+000  0.11852709E+001  0.18561676E+001  0.26127218E+001  0.43713603E+001  0.81159014E+001
  0.30779048E+000  0.34264309E+000  0.45254851E+000  0.59491735E+000  0.79050965E+000  0.88450808E+000  0.11852711E+001  0.18568109E+001  0.26127229E+001  0.43713617E+001  0.81159047E+001
  0.30779048E+000  0.34264315E+000  0.45254855E+000  0.59491735E+000  0.79051036E+000  0.88450819E+000  0.11852713E+001  0.18568134E+001  0.26127240E+001  0.43713632E+001  0.81159081E+001
  0.30779049E+000  0.34264321E+000  0.45254859E+000  0.59491735E+000  0.79051105E+000  0.88450829E+000  0.11852714E+001  0.18568160E+001  0.26127251E+001  0.43713646E+001  0.81159117E+001
  0.30779049E+000  0.34264326E+000  0.45254862E+000  0.59491735E+000  0.79051172E+000  0.88450838E+000  0.11852716E+001  0.18568185E+001  0.26127261E+001  0.43713661E+001  0.81159154E+001
  0.30779050E+000  0.34264331E+000  0.45254865E+000  0.59491735E+000  0.79051238E+000  0.88450846E+000  0.11852717E+001  0.18568210E+001  0.26127271E+001  0.43713676E+001  0.81159192E+001
  0.30779050E+000  0.34264336E+000  0.45254867E+000  0.59491735E+000  0.79051301E+000  0.88450853E+000  0.11852719E+001  0.18568235E+001  0.26127281E+001  0.43713691E+001  0.81159232E+001
  0.30779051E+000  0.34264340E+000  0.45254869E+000  0.59491735E+000  0.79051363E+000  0.88450860E+000  0.11852720E+001  0.18568260E+001  0.26127290E+001  0.43713706E+001  0.81159273E+001
  0.30779051E+000  0.34264344E+000  0.45254870E+000  0.59491735E+000  0.79051423E+000  0.88450865E+000  0.11852721E+001  0.18568284E+001  0.26127299E+001  0.43713721E+001  0.81159315E+001
  0.30779051E+000  0.34264347E+000  0.45254872E+000  0.59491735E+000  0.79051481E+000  0.88450871E+000  0.11852722E+001  0.18568308E+001  0.26127308E+001  0.43713737E+001  0.81159359E+001
  0.30779051E+000  0.34264351E+000  0.45254873E+000  0.59491735E+000  0.79051538E+000  0.88450875E+000  0.11852722E+001  0.18568332E+001  0.26127317E+001  0.43713752E+001  0.81159404E+001
  0.30779052E+000  0.34264354E+000  0.45254874E+000  0.59491735E+000  0.79051594E+000  0.88450879E+000  0.11852723E+001  0.18568355E+001  0.26127326E+001  0.43713767E+001  0.81159450E+001
  0.30779052E+000  0.34264356E+000  0.45254874E+000  0.59491735E+000  0.79051647E+000  0.88450883E+000  0.11852724E+001  0.18568378E+001  0.26127334E+001  0.43713783E+001  0.81159498E+001
  0.30779052E+000  0.34264359E+000  0.45254875E+000  0.59491735E+000  0.79051700E+000  0.88450886E+000  0.11852724E+001  0.18568400E+001  0.26127342E+001  0.43713799E+001  0.81159547E+001
  0.30779052E+000  0.34264361E+000  0.45254875E+000  0.59491735E+000  0.79051750E+000  0.88450889E+000  0.11852725E+001  0.18568423E+001  0.26127351E+001  0.43713814E+001  0.81159597E+001
  0.30779052E+000  0.34264363E+000  0.45254875E+000  0.59491735E+000  0.79051800E+000  0.88450892E+000  0.11852725E+001  0.18568445E+001  0.26127359E+001  0.43713830E+001  0.81159649E+001
  0.30779052E+000  0.34264365E+000  0.45254876E+000  0.59491735E+000  0.79051848E+000  0.88450894E+000  0.11852726E+001  0.18568466E+001  0.26127366E+001  0.43713846E+001  0.81159701E+001
  0.30779052E+000  0.34264366E+000  0.45254876E+000  0.59491735E+000  0.79051894E+000  0.88450896E+000  0.11852726E+001  0.18568487E+001  0.26127374E+001  0.43713862E+001  0.81159755E+001
  0.30779052E+000  0.34264368E+000  0.45254875E+000  0.59491735E+000  0.79051939E+000  0.88450897E+000  0.11852726E+001  0.18568508E+001  0.26127382E+001  0.43713878E+001  0.81159810E+001
  0.30779052E+000  0.34264369E+000  0.45254875E+000  0.59491735E+000  0.79051983E+000  0.88450899E+000  0.11852727E+001  0.18568528E+001  0.26127389E+001  0.43713894E+001  0.81159866E+001
  0.30779052E+000  0.34264370E+000  0.45254875E+000  0.59491735E+000  0.79052025E+000  0.88450900E+000  0.11852727E+001  0.18568548E+001  0.26127396E+001  0.43713910E+001  0.81159923E+001
  0.30779052E+000  0.34264371E+000  0.45254875E+000  0.59491735E+000  0.79052066E+000  0.88450901E+000  0.11852727E+001  0.18568567E+001  0.26127403E+001  0.43713926E+001  0.81159981E+001
  0.30779052E+000  0.34264372E+000  0.45254874E+000  0.59491735E+000  0.79052105E+000  0.88450902E+000  0.11852727E+001  0.18568586E+001  0.26127410E+001  0.43713942E+001  0.81160040E+001
  0.30779052E+000  0.34264373E+000  0.45254874E+000  0.59491735E+000  0.79052143E+000  0.88450903E+000  0.11852727E+001  0.18568605E+001  0.26127417E+001  0.43713957E+001  0.81160100E+001
  0.30779052E+000  0.34264374E+000  0.45254873E+000  0.59491735E+000  0.79052180E+000  0.88450903E+000  0.11852727E+001  0.18568623E+001  0.26127424E+001  0.43713973E+001  0.81160161E+001
  0.30779052E+000  0.34264375E+000  0.45254873E+000  0.59491735E+000  0.79052216E+000  0.88450904E+000  0.11852727E+001  0.18568641E+001  0.26127431E+001  0.43713989E+001  0.81160223E+001
  0.30779052E+000  0.34264375E+000  0.45254872E+000  0.59491735E+000  0.79052250E+000  0.88450904E+000  0.11852728E+001  0.18568659E+001  0.26127437E+001  0.43714005E+001  0.81160285E+001
  0.30779052E+000  0.34264376E+000  0.45254872E+000  0.59491735E+000  0.79052283E+000  0.88450904E+000  0.11852728E+001  0.18568676E+001  0.26127444E+001  0.43714020E+001  0.81160348E+001
  0.30779052E+000  0.34264376E+000  0.45254871E+000  0.59491735E+000  0.79052315E+000  0.88450905E+000  0.11852728E+001  0.18568692E+001  0.26127450E+001  0.43714036E+001  0.81160412E+001
  0.30779052E+000  0.34264377E+000  0.45254871E+000  0.59491735E+000  0.79052345E+000  0.88450905E+000  0.11852728E+001  0.18568709E+001  0.26127456E+001  0.43714051E+001  0.81160477E+001
  0.30779052E+000  0.34264377E+000  0.45254870E+000  0.59491735E+000  0.79052374E+000  0.88450905E+000  0.11852728E+001  0.18568725E+001  0.26127462E+001  0.43714067E+001  0.81160541E+001
  0.30779052E+000  0.34264377E+000  0.45254870E+000  0.59491735E+000  0.79052403E+000  0.88450905E+000  0.11852728E+001  0.18568740E+001  0.26127468E+001  0.43714082E+001  0.81160607E+001
  0.30779052E+000  0.34264378E+000  0.45254869E+000  0.59491735E+000  0.79052429E+000  0.88450905E+000  0.11852728E+001  0.18568755E+001  0.26127474E+001  0.43714097E+001  0.81160672E+001
  0.30779052E+000  0.34264378E+000  0.45254869E+000  0.59491735E+000  0.79052455E+000  0.88450905E+000  0.11852728E+001  0.18568770E+001  0.26127480E+001  0.43714112E+001  0.81160738E+001
  0.30779051E+000  0.34264378E+000  0.45254868E+000  0.59491735E+000  0.79052480E+000  0.88450905E+000  0.11852728E+001  0.18568784E+001  0.26127486E+001  0.43714127E+001  0.81160805E+001
  0.30779051E+000  0.34264378E+000  0.45254867E+000  0.59491735E+000  0.79052503E+000  0.88450904E+000  0.11852728E+001  0.18568798E+001  0.26127491E+001  0.43714141E+001  0.81160871E+001
  0.30779051E+000  0.34264378E+000  0.45254867E+000  0.59491735E+000  0.79052526E+000  0.88450904E+000  0.11852728E+001  0.18568811E+001  0.26127496E+001  0.43714156E+001  0.81160938E+001
  0.30779051E+000  0.34264378E+000  0.45254866E+000  0.59491735E+000  0.79052547E+000  0.88450904E+000  0.11852728E+001  0.18568824E+001  0.26127502E+001  0.43714170E+001  0.81161004E+001
  0.30779051E+000  0.34264378E+000  0.45254866E+000  0.59491735E+000  0.79052568E+000  0.88450904E+000  0.11852728E+001  0.18568837E+001  0.26127507E+001  0.43714184E+001  0.81161071E+001
  0.30779051E+000  0.34264378E+000  0.45254865E+000  0.59491735E+000  0.79052587E+000  0.88450903E+000  0.11852728E+001  0.18568849E+001  0.26127512E+001  0.43714198E+001  0.81161137E+001
  0.30779051E+000  0.34264378E+000  0.45254865E+000  0.59491735E+000  0.79052606E+000  0.88450903E+000  0.11852728E+001  0.18568861E+001  0.26127517E+001  0.43714211E+001  0.81161204E+001
  0.30779051E+000  0.34264378E+000  0.45254865E+000  0.59491735E+000  0.79052623E+000  0.88450903E+000  0.11852728E+001  0.18568873E+001  0.26127521E+001  0.43714225E+001  0.81161270E+001
  0.30779051E+000  0.34264378E+000  0.45254864E+000  0.59491735E+000  0.79052640E+000  0.88450903E+000  0.11852728E+001  0.18568884E+001  0.26127526E+001  0.43714238E+001  0.81161336E+001
  0.30779051E+000  0.34264378E+000  0.45254864E+000  0.59491735E+000  0.79052656E+000  0.88450902E+000  0.11852728E+001  0.18568961E+001  0.26127531E+001  0.43714251E+001  0.81161401E+001
  0.30779051E+000  0.34264378E+000  0.45254863E+000  0.59491735E+000  0.79052671E+000  0.88450902E+000  0.11852728E+001  0.18569232E+001  0.26127535E+001  0.43714263E+001  0.81161466E+001
  0.30779051E+000  0.34264378E+000  0.45254863E+000  0.59491735E+000  0.79052685E+000  0.88450902E+000  0.11852728E+001  0.18572171E+001  0.26127539E+001  0.43714276E+001  0.81161531E+001
  0.30779051E+000  0.34264378E+000  0.45254862E+000  0.59491735E+000  0.79052698E+000  0.88450901E+000  0.11852728E+001  0.18572741E+001  0.26127543E+001  0.43714288E+001  0.81161595E+001
  0.30779051E+000  0.34264378E+000  0.45254862E+000  0.59491735E+000  0.79052711E+000  0.88450901E+000  0.11852728E+001  0.18572792E+001  0.26127548E+001  0.43714300E+001  0.81161659E+001
  0.30779051E+000  0.34264378E+000  0.45254862E+000  0.59491735E+000  0.79052723E+000  0.88450901E+000  0.11852728E+001  0.18572842E+001  0.26127551E+001  0.43714311E+001  0.81161722E+001
  0.30779051E+000  0.34264378E+000  0.45254861E+000  0.59491735E+000  0.79052734E+000  0.88450900E+000  0.11852728E+001  0.18572890E+001  0.26127555E+001  0.43714323E+001  0.81161784E+001
  0.30779051E+000  0.34264378E+000  0.45254861E+000  0.59491735E+000  0.79052745E+000  0.88450900E+000  0.11852728E+001  0.18572937E+001  0.26127559E+001  0.43714334E+001  0.81161846E+001
  0.30779051E+000  0.34264377E+000  0.45254861E+000  0.59491735E+000  0.79052755E+000  0.88450900E+000  0.11852728E+001  0.18572981E+001  0.26127563E+001  0.43714345E+001  0.81161906E+001
  0.30779051E+000  0.34264377E+000  0.45254860E+000  0.59491735E+000  0.79052764E+000  0.88450900E+000  0.11852728E+001  0.18573025E+001  0.26127566E+001  0.43714356E+001  0.81161966E+001
  0.30779050E+000  0.34264377E+000  0.45254860E+000  0.59491735E+000  0.79052773E+000  0.88450899E+000  0.11852728E+001  0.18573066E+001  0.26127569E+001  0.43714366E+001  0.81162025E+001
  0.30779050E+000  0.34264377E+000  0.45254860E+000  0.59491735E+000  0.79052781E+000  0.88450899E+000  0.11852728E+001  0.18573106E+001  0.26127573E+001  0.43714376E+001  0.81162084E+001
  0.30779050E+000  0.34264377E+000  0.45254860E+000  0.59491735E+000  0.79052789E+000  0.88450899E+000  0.11852728E+001  0.18573144E+001  0.26127576E+001  0.43714386E+001  0.81162141E+001
  0.30779050E+000  0.34264377E+000  0.45254859E+000  0.59491735E+000  0.79052796E+000  0.88450898E+000  0.11852728E+001  0.18573181E+001  0.26127579E+001  0.43714395E+001  0.81162198E+001
  0.30779050E+000  0.34264377E+000  0.45254859E+000  0.59491735E+000  0.79052803E+000  0.88450898E+000  0.11852728E+001  0.18573217E+001  0.26127582E+001  0.43714405E+001  0.81162253E+001
  0.30779050E+000  0.34264377E+000  0.45254859E+000  0.59491735E+000  0.79052810E+000  0.88450898E+000  0.11852728E+001  0.18573251E+001  0.26127585E+001  0.43714414E+001  0.81162307E+001
  0.30779050E+000  0.34264377E+000  0.45254859E+000  0.59491735E+000  0.79052816E+000  0.88450898E+000  0.11852728E+001  0.18573283E+001  0.26127588E+001  0.43714423E+001  0.81162361E+001
  0.30779050E+000  0.34264377E+000  0.45254858E+000  0.59491735E+000  0.79052821E+000  0.88450897E+000  0.11852728E+001  0.18573314E+001  0.26127590E+001  0.43714431E+001  0.81162413E+001
  0.30779050E+000  0.34264377E+000  0.45254858E+000  0.59491735E+000  0.79052827E+000  0.88450897E+000  0.11852728E+001  0.18573344E+001  0.26127593E+001  0.43714439E+001  0.81162464E+001
  0.30779050E+000  0.34264377E+000  0.45254858E+000  0.59491735E+000  0.79052832E+000  0.88450897E+000  0.11852728E+001  0.18573372E+001  0.26127595E+001  0.43714447E+001  0.81162515E+001
  0.30779050E+000  0.34264376E+000  0.45254858E+000  0.59491735E+000  0.79052836E+000  0.88450897E+000  0.11852728E+001  0.18573399E+001  0.26127598E+001  0.43714455E+001  0.81162564E+001
  0.30779050E+000  0.34264376E+000  0.45254858E+000  0.59491735E+000  0.79052840E+000  0.88450897E+000  0.11852728E+001  0.18573425E+001  0.26127600E+001  0.43714463E+001  0.81162612E+001
  0.30779050E+000  0.34264376E+000  0.45254858E+000  0.59491735E+000  0.79052844E+000  0.88450896E+000  0.11852728E+001  0.18573450E+001  0.26127602E+001  0.43714470E+001  0.81162659E+001
  0.30779050E+000  0.34264376E+000  0.45254857E+000  0.59491735E+000  0.79052848E+000  0.88450896E+000  0.11852728E+001  0.18573474E+001  0.26127604E+001  0.43714477E+001  0.81162704E+001
  0.30779050E+000  0.34264376E+000  0.45254857E+000  0.59491735E+000  0.79052852E+000  0.88450896E+000  0.11852728E+001  0.18573496E+001  0.26127606E+001  0.43714484E+001  0.81162749E+001
  0.30779050E+000  0.34264376E+000  0.45254857E+000  0.59491735E+000  0.79052855E+000  0.88450896E+000  0.11852728E+001  0.18573517E+001  0.26127608E+001  0.43714491E+001  0.81162792E+001
  0.30779050E+000  0.34264376E+000  0.45254857E+000  0.59491735E+000  0.79052858E+000  0.88450896E+000  0.11852728E+001  0.18573538E+001  0.26127610E+001  0.43714497E+001  0.81162835E+001
  0.30779050E+000  0.34264376E+000  0.45254857E+000  0.59491735E+000  0.79052861E+000  0.88450896E+000  0.11852728E+001  0.18573557E+001  0.26127612E+001  0.43714503E+001  0.81162876E+001
  0.30779050E+000  0.34264376E+000  0.45254857E+000  0.59491735E+000  0.79052863E+000  0.88450896E+000  0.11852728E+001  0.18573575E+001  0.26127614E+001  0.43714509E+001  0.81162916E+001
  0.30779050E+000  0.34264376E+000  0.45254857E+000  0.59491735E+000  0.79052866E+000  0.88450895E+000  0.11852727E+001  0.18573787E+001  0.26127615E+001  0.43714515E+001  0.81162955E+001
  0.30779050E+000  0.34264376E+000  0.45254857E+000  0.59491735E+000  0.79052868E+000  0.88450895E+000  0.11852727E+001  0.18574253E+001  0.26127617E+001  0.43714520E+001  0.81162993E+001
  0.30779050E+000  0.34264376E+000  0.45254857E+000  0.59491735E+000  0.79052870E+000  0.88450895E+000  0.11852727E+001  0.18574293E+001  0.26127618E+001  0.43714525E+001  0.81163029E+001
  0.30779050E+000  0.34264376E+000  0.45254856E+000  0.59491735E+000  0.79052872E+000  0.88450895E+000  0.11852727E+001  0.18574330E+001  0.26127620E+001  0.43714531E+001  0.81163065E+001
  0.30779050E+000  0.34264376E+000  0.45254856E+000  0.59491735E+000  0.79052874E+000  0.88450895E+000  0.11852727E+001  0.18574366E+001  0.26127621E+001  0.43714535E+001  0.81163100E+001
  0.30779050E+000  0.34264376E+000  0.45254856E+000  0.59491735E+000  0.79052876E+000  0.88450895E+000  0.11852727E+001  0.18574399E+001  0.26127622E+001  0.43714540E+001  0.81163133E+001
  0.30779050E+000  0.34264376E+000  0.45254856E+000  0.59491735E+000  0.79052877E+000  0.88450895E+000  0.11852727E+001  0.18574431E+001  0.26127624E+001  0.43714545E+001  0.81163166E+001
  0.30779050E+000  0.34264376E+000  0.45254856E+000  0.59491735E+000  0.79052879E+000  0.88450895E+000  0.11852727E+001  0.18574461E+001  0.26127625E+001  0.43714549E+001  0.81163197E+001
  0.30779050E+000  0.34264376E+000  0.45254856E+000  0.59491735E+000  0.79052880E+000  0.88450894E+000  0.11852728E+001  0.18574489E+001  0.26127626E+001  0.43714553E+001  0.81163227E+001
  0.30779050E+000  0.34264376E+000  0.45254856E+000  0.59491735E+000  0.79052881E+000  0.88450894E+000  0.11852728E+001  0.18574516E+001  0.26127627E+001  0.43714557E+001  0.81163257E+001
  0.30779050E+000  0.34264375E+000  0.45254856E+000  0.59491735E+000  0.79052880E+000  0.88450893E+000  0.11852727E+001  0.18574541E+001  0.26127628E+001  0.43714561E+001  0.81163285E+001
  0.30779050E+000  0.34264375E+000  0.45254855E+000  0.59491735E+000  0.79052881E+000  0.88450892E+000  0.11852727E+001  0.18574564E+001  0.26127628E+001  0.43714564E+001  0.81163312E+001
