 -0.82433473E+000 -0.64308161E+000 -0.27719921E+000 -0.66076871E-004  0.84371337E-001  0.17428241E+001  0.12063646E+002  0.59173118E+002  0.13400207E+003  0.34790471E+003  0.65682841E+003
 -0.82527637E+000 -0.64503346E+000 -0.27793914E+000 -0.70102422E-004  0.78296648E-001  0.17381004E+001  0.12042872E+002  0.59172996E+002  0.13400144E+003  0.34790354E+003  0.65682486E+003
 -0.82598961E+000 -0.64658550E+000 -0.27852938E+000 -0.71931269E-004  0.76860488E-001  0.17341875E+001  0.12025425E+002  0.59172965E+002  0.13400121E+003  0.34790294E+003  0.65682296E+003
 -0.82651581E+000 -0.64779792E+000 -0.27899561E+000 -0.72898667E-004  0.76815708E-001  0.17245872E+001  0.12010826E+002  0.59172959E+002  0.13400114E+003  0.34790263E+003  0.65682208E+003
 -0.82689311E+000 -0.64872670E+000 -0.27935964E+000 -0.73291800E-004  0.76782441E-001  0.17145252E+001  0.11999744E+002  0.59172961E+002  0.13400113E+003  0.34790247E+003  0.65682180E+003
 -0.82715382E+000 -0.64942133E+000 -0.27963950E+000 -0.73294410E-004  0.76419712E-001  0.17063581E+001  0.11994704E+002  0.59172966E+002  0.13400114E+003  0.34790240E+003  0.65682183E+003
 -0.82732429E+000 -0.64992458E+000 -0.27984993E+000 -0.72935986E-004  0.76002180E-001  0.16997883E+001  0.11990538E+002  0.59172972E+002  0.13400117E+003  0.34790237E+003  0.65682199E+003
 -0.82742588E+000 -0.65027257E+000 -0.28000292E+000 -0.72390375E-004  0.75756237E-001  0.16945652E+001  0.11987118E+002  0.59172977E+002  0.13400120E+003  0.34790236E+003  0.65682222E+003
 -0.82747538E+000 -0.65049598E+000 -0.28010843E+000 -0.71774788E-004  0.75730434E-001  0.16904767E+001  0.11984328E+002  0.59172982E+002  0.13400123E+003  0.34790237E+003  0.65682246E+003
 -0.82748571E+000 -0.65061960E+000 -0.28017470E+000 -0.71165412E-004  0.75716026E-001  0.16873434E+001  0.11982066E+002  0.59172986E+002  0.13400125E+003  0.34790238E+003  0.65682269E+003
 -0.82746696E+000 -0.65066282E+000 -0.28020858E+000 -0.70605994E-004  0.75710585E-001  0.16850146E+001  0.11980253E+002  0.59172990E+002  0.13400127E+003  0.34790240E+003  0.65682290E+003
 -0.82742688E+000 -0.65064516E+000 -0.28021574E+000 -0.70115549E-004  0.75712165E-001  0.16833636E+001  0.11978824E+002  0.59172994E+002  0.13400130E+003  0.34790242E+003  0.65682308E+003
 -0.82737142E+000 -0.65057725E+000 -0.28020095E+000 -0.69696705E-004  0.75719197E-001  0.16822844E+001  0.11974653E+002  0.59172997E+002  0.13400131E+003  0.34790243E+003  0.65682324E+003
 -0.82730516E+000 -0.65047103E+000 -0.28016815E+000 -0.69343035E-004  0.75730430E-001  0.16816883E+001  0.11970639E+002  0.59173000E+002  0.13400133E+003  0.34790245E+003  0.65682338E+003
 -0.82723159E+000 -0.65033540E+000 -0.28012068E+000 -0.69044424E-004  0.75744867E-001  0.16815009E+001  0.11967773E+002  0.59173002E+002  0.13400134E+003  0.34790246E+003  0.65682350E+003
 -0.82715334E+000 -0.65017752E+000 -0.28006130E+000 -0.68790355E-004  0.75761725E-001  0.16816594E+001  0.11965882E+002  0.59173004E+002  0.13400136E+003  0.34790247E+003  0.65682361E+003
 -0.82707240E+000 -0.65000315E+000 -0.27999236E+000 -0.68571427E-004  0.75887092E-001  0.16821113E+001  0.11964823E+002  0.59173006E+002  0.13400137E+003  0.34790248E+003  0.65682370E+003
 -0.82699024E+000 -0.64981691E+000 -0.27991580E+000 -0.68379977E-004  0.76030654E-001  0.16828117E+001  0.11964469E+002  0.59173008E+002  0.13400138E+003  0.34790249E+003  0.65682377E+003
 -0.82690793E+000 -0.64962244E+000 -0.27983327E+000 -0.68210092E-004  0.76180727E-001  0.16837225E+001  0.11964717E+002  0.59173009E+002  0.13400138E+003  0.34790250E+003  0.65682384E+003
 -0.82682623E+000 -0.64942267E+000 -0.27974616E+000 -0.68057347E-004  0.76335122E-001  0.16848112E+001  0.11965475E+002  0.59173010E+002  0.13400139E+003  0.34790251E+003  0.65682390E+003
 -0.82674568E+000 -0.64921990E+000 -0.27965566E+000 -0.67918483E-004  0.76492124E-001  0.16860497E+001  0.11966668E+002  0.59173011E+002  0.13400140E+003  0.34790252E+003  0.65682394E+003
 -0.82666666E+000 -0.64901594E+000 -0.27956276E+000 -0.67791117E-004  0.76650390E-001  0.16874137E+001  0.11968231E+002  0.59173013E+002  0.13400140E+003  0.34790253E+003  0.65682399E+003
 -0.82658940E+000 -0.64881219E+000 -0.27946831E+000 -0.67673496E-004  0.76774422E-001  0.16888824E+001  0.11970108E+002  0.59173013E+002  0.13400141E+003  0.34790253E+003  0.65682402E+003
 -0.82651403E+000 -0.64860974E+000 -0.27937303E+000 -0.67564320E-004  0.76780667E-001  0.16904375E+001  0.11972253E+002  0.59173014E+002  0.13400141E+003  0.34790254E+003  0.65682405E+003
 -0.82644062E+000 -0.64840939E+000 -0.27927753E+000 -0.67462607E-004  0.76786871E-001  0.16920629E+001  0.11974625E+002  0.59173015E+002  0.13400142E+003  0.34790254E+003  0.65682408E+003
 -0.82636918E+000 -0.64821172E+000 -0.27918234E+000 -0.67367598E-004  0.76793016E-001  0.16937449E+001  0.11977190E+002  0.59173016E+002  0.13400142E+003  0.34790255E+003  0.65682410E+003
 -0.82629966E+000 -0.64801717E+000 -0.27908790E+000 -0.67278694E-004  0.76799085E-001  0.16954711E+001  0.11978804E+002  0.59173016E+002  0.13400142E+003  0.34790255E+003  0.65682412E+003
 -0.82623199E+000 -0.64782598E+000 -0.27899459E+000 -0.67195409E-004  0.76805068E-001  0.16972308E+001  0.11979394E+002  0.59173017E+002  0.13400143E+003  0.34790256E+003  0.65682414E+003
 -0.82616607E+000 -0.64763833E+000 -0.27890275E+000 -0.67117339E-004  0.76810953E-001  0.16990145E+001  0.11980009E+002  0.59173018E+002  0.13400143E+003  0.34790256E+003  0.65682416E+003
 -0.82610177E+000 -0.64745429E+000 -0.27881263E+000 -0.67044140E-004  0.76816733E-001  0.17008138E+001  0.11980645E+002  0.59173018E+002  0.13400143E+003  0.34790257E+003  0.65682417E+003
 -0.82603897E+000 -0.64727385E+000 -0.27872448E+000 -0.66975516E-004  0.76822401E-001  0.17026216E+001  0.11981299E+002  0.59173019E+002  0.13400143E+003  0.34790257E+003  0.65682418E+003
 -0.82597752E+000 -0.64709699E+000 -0.27863851E+000 -0.66911200E-004  0.76827954E-001  0.17044313E+001  0.11981969E+002  0.59173019E+002  0.13400144E+003  0.34790257E+003  0.65682419E+003
 -0.82591728E+000 -0.64692363E+000 -0.27855487E+000 -0.66850956E-004  0.76833388E-001  0.17062375E+001  0.11982653E+002  0.59173020E+002  0.13400144E+003  0.34790258E+003  0.65682420E+003
 -0.82585812E+000 -0.64675369E+000 -0.27847371E+000 -0.66794564E-004  0.76838700E-001  0.17080353E+001  0.11983348E+002  0.59173020E+002  0.13400144E+003  0.34790258E+003  0.65682421E+003
 -0.82579991E+000 -0.64658710E+000 -0.27839516E+000 -0.66741820E-004  0.76843888E-001  0.17098207E+001  0.11984053E+002  0.59173021E+002  0.13400144E+003  0.34790258E+003  0.65682422E+003
 -0.82574252E+000 -0.64642376E+000 -0.27831929E+000 -0.66692532E-004  0.76848951E-001  0.17115900E+001  0.11984766E+002  0.59173021E+002  0.13400144E+003  0.34790259E+003  0.65682423E+003
 -0.82568583E+000 -0.64626360E+000 -0.27824620E+000 -0.66646517E-004  0.76853889E-001  0.17133402E+001  0.11985486E+002  0.59173022E+002  0.13400145E+003  0.34790259E+003  0.65682423E+003
 -0.82562976E+000 -0.64610658E+000 -0.27817594E+000 -0.66603600E-004  0.76858702E-001  0.17150686E+001  0.11986211E+002  0.59173022E+002  0.13400145E+003  0.34790259E+003  0.65682424E+003
 -0.82557422E+000 -0.64595267E+000 -0.27810856E+000 -0.66563611E-004  0.76863390E-001  0.17167731E+001  0.11986941E+002  0.59173023E+002  0.13400145E+003  0.34790260E+003  0.65682425E+003
 -0.82551915E+000 -0.64580187E+000 -0.27804407E+000 -0.66526387E-004  0.76867955E-001  0.17184514E+001  0.11987673E+002  0.59173023E+002  0.13400145E+003  0.34790260E+003  0.65682426E+003
 -0.82546451E+000 -0.64565419E+000 -0.27798251E+000 -0.66491769E-004  0.76872398E-001  0.17201018E+001  0.11988407E+002  0.59173024E+002  0.13400145E+003  0.34790261E+003  0.65682426E+003
 -0.82541027E+000 -0.64550970E+000 -0.27792387E+000 -0.66459605E-004  0.76876720E-001  0.17217227E+001  0.11989142E+002  0.59173025E+002  0.13400146E+003  0.34790261E+003  0.65682427E+003
 -0.82535644E+000 -0.64536847E+000 -0.27786814E+000 -0.66429746E-004  0.76880923E-001  0.17233124E+001  0.11989875E+002  0.59173025E+002  0.13400146E+003  0.34790261E+003  0.65682428E+003
 -0.82530305E+000 -0.64523062E+000 -0.27781531E+000 -0.66402052E-004  0.76885010E-001  0.17248695E+001  0.11990605E+002  0.59173026E+002  0.13400146E+003  0.34790262E+003  0.65682428E+003
 -0.82525014E+000 -0.64509627E+000 -0.27776534E+000 -0.66376386E-004  0.76888982E-001  0.17263923E+001  0.11991332E+002  0.59173026E+002  0.13400146E+003  0.34790262E+003  0.65682429E+003
 -0.82519780E+000 -0.64496557E+000 -0.27771821E+000 -0.66352619E-004  0.76892841E-001  0.17278795E+001  0.11992055E+002  0.59173027E+002  0.13400146E+003  0.34790262E+003  0.65682430E+003
 -0.82514610E+000 -0.64483867E+000 -0.27767387E+000 -0.66330630E-004  0.76896590E-001  0.17293296E+001  0.11992771E+002  0.59173027E+002  0.13400146E+003  0.34790263E+003  0.65682430E+003
 -0.82509517E+000 -0.64471576E+000 -0.27763227E+000 -0.66310301E-004  0.76900232E-001  0.17307410E+001  0.11993481E+002  0.59173028E+002  0.13400147E+003  0.34790263E+003  0.65682431E+003
 -0.82504514E+000 -0.64459700E+000 -0.27759334E+000 -0.66291526E-004  0.77128713E-001  0.17321124E+001  0.11994183E+002  0.59173029E+002  0.13400147E+003  0.34790263E+003  0.65682432E+003
 -0.82499614E+000 -0.64448257E+000 -0.27755701E+000 -0.66274201E-004  0.77434066E-001  0.17332859E+001  0.11994877E+002  0.59173029E+002  0.13400147E+003  0.34790264E+003  0.65682432E+003
 -0.82494833E+000 -0.64437263E+000 -0.27752323E+000 -0.66258233E-004  0.77730676E-001  0.17336223E+001  0.11995562E+002  0.59173030E+002  0.13400147E+003  0.34790264E+003  0.65682433E+003
 -0.82490185E+000 -0.64426732E+000 -0.27749189E+000 -0.66243532E-004  0.78018824E-001  0.17339473E+001  0.11996239E+002  0.59173031E+002  0.13400147E+003  0.34790265E+003  0.65682434E+003
 -0.82485686E+000 -0.64416679E+000 -0.27746292E+000 -0.66230016E-004  0.78298813E-001  0.17342607E+001  0.11996906E+002  0.59173031E+002  0.13400148E+003  0.34790265E+003  0.65682435E+003
 -0.82481351E+000 -0.64407114E+000 -0.27743623E+000 -0.66217606E-004  0.78570972E-001  0.17345621E+001  0.11997564E+002  0.59173032E+002  0.13400148E+003  0.34790265E+003  0.65682435E+003
 -0.82477192E+000 -0.64398045E+000 -0.27741171E+000 -0.66206232E-004  0.78835650E-001  0.17348515E+001  0.11998212E+002  0.59173033E+002  0.13400148E+003  0.34790266E+003  0.65682436E+003
 -0.82473222E+000 -0.64389478E+000 -0.27738928E+000 -0.66195823E-004  0.79093220E-001  0.17351287E+001  0.11998851E+002  0.59173033E+002  0.13400148E+003  0.34790266E+003  0.65682437E+003
 -0.82469451E+000 -0.64381415E+000 -0.27736882E+000 -0.66186318E-004  0.79344063E-001  0.17353936E+001  0.11999480E+002  0.59173034E+002  0.13400149E+003  0.34790267E+003  0.65682438E+003
 -0.82465887E+000 -0.64373856E+000 -0.27735023E+000 -0.66177653E-004  0.79809879E-001  0.17356463E+001  0.12000100E+002  0.59173035E+002  0.13400149E+003  0.34790267E+003  0.65682438E+003
 -0.82462536E+000 -0.64366796E+000 -0.27733340E+000 -0.66169770E-004  0.80418849E-001  0.17358869E+001  0.12000710E+002  0.59173035E+002  0.13400149E+003  0.34790268E+003  0.65682439E+003
 -0.82459400E+000 -0.64360228E+000 -0.27731824E+000 -0.66162615E-004  0.81013504E-001  0.17361154E+001  0.12001811E+002  0.59173036E+002  0.13400149E+003  0.34790268E+003  0.65682440E+003
 -0.82456481E+000 -0.64354141E+000 -0.27730462E+000 -0.66156133E-004  0.81594788E-001  0.17363322E+001  0.12003011E+002  0.59173037E+002  0.13400150E+003  0.34790268E+003  0.65682441E+003
 -0.82453776E+000 -0.64348523E+000 -0.27729245E+000 -0.66150273E-004  0.82163546E-001  0.17365374E+001  0.12004192E+002  0.59173038E+002  0.13400150E+003  0.34790269E+003  0.65682442E+003
 -0.82451281E+000 -0.64343357E+000 -0.27728161E+000 -0.66144986E-004  0.82720490E-001  0.17367315E+001  0.12005353E+002  0.59173038E+002  0.13400150E+003  0.34790269E+003  0.65682442E+003
 -0.82448989E+000 -0.64338626E+000 -0.27727201E+000 -0.66140223E-004  0.83266174E-001  0.17369149E+001  0.12006496E+002  0.59173039E+002  0.13400150E+003  0.34790270E+003  0.65682443E+003
 -0.82446893E+000 -0.64334309E+000 -0.27726354E+000 -0.66135941E-004  0.83800966E-001  0.17370880E+001  0.12007619E+002  0.59173040E+002  0.13400151E+003  0.34790270E+003  0.65682444E+003
 -0.82444983E+000 -0.64330385E+000 -0.27725611E+000 -0.66132095E-004  0.84023552E-001  0.17372513E+001  0.12008723E+002  0.59173041E+002  0.13400151E+003  0.34790271E+003  0.65682445E+003
 -0.82443247E+000 -0.64326832E+000 -0.27724961E+000 -0.66128645E-004  0.84046840E-001  0.17374054E+001  0.12009806E+002  0.59173042E+002  0.13400151E+003  0.34790271E+003  0.65682446E+003
 -0.82441675E+000 -0.64323626E+000 -0.27724398E+000 -0.66125554E-004  0.84069628E-001  0.17375509E+001  0.12010871E+002  0.59173042E+002  0.13400152E+003  0.34790272E+003  0.65682447E+003
 -0.82440253E+000 -0.64320746E+000 -0.27723911E+000 -0.66122785E-004  0.84091895E-001  0.17376884E+001  0.12011915E+002  0.59173043E+002  0.13400152E+003  0.34790272E+003  0.65682447E+003
 -0.82438971E+000 -0.64318167E+000 -0.27723493E+000 -0.66120304E-004  0.84113610E-001  0.17378186E+001  0.12012941E+002  0.59173044E+002  0.13400152E+003  0.34790273E+003  0.65682448E+003
 -0.82437814E+000 -0.64315867E+000 -0.27723137E+000 -0.66118080E-004  0.84134737E-001  0.17379420E+001  0.12013946E+002  0.59173045E+002  0.13400153E+003  0.34790273E+003  0.65682449E+003
 -0.82436773E+000 -0.64313825E+000 -0.27722835E+000 -0.66116087E-004  0.84155231E-001  0.17380594E+001  0.12014933E+002  0.59173046E+002  0.13400153E+003  0.34790274E+003  0.65682450E+003
 -0.82435837E+000 -0.64312020E+000 -0.27722581E+000 -0.66114301E-004  0.84175044E-001  0.17381713E+001  0.12015900E+002  0.59173047E+002  0.13400153E+003  0.34790275E+003  0.65682451E+003
 -0.82434996E+000 -0.64310434E+000 -0.27722370E+000 -0.66112699E-004  0.84194125E-001  0.17382785E+001  0.12016848E+002  0.59173047E+002  0.13400154E+003  0.34790275E+003  0.65682452E+003
 -0.82434241E+000 -0.64309050E+000 -0.27722197E+000 -0.66111263E-004  0.84212424E-001  0.17383814E+001  0.12017778E+002  0.59173048E+002  0.13400154E+003  0.34790276E+003  0.65682453E+003
 -0.82433565E+000 -0.64307851E+000 -0.27722057E+000 -0.66109976E-004  0.84229890E-001  0.17384806E+001  0.12018690E+002  0.59173049E+002  0.13400155E+003  0.34790276E+003  0.65682454E+003
 -0.82432961E+000 -0.64306822E+000 -0.27721946E+000 -0.66108822E-004  0.84246478E-001  0.17385767E+001  0.12019585E+002  0.59173050E+002  0.13400155E+003  0.34790277E+003  0.65682454E+003
 -0.82432424E+000 -0.64305950E+000 -0.27721860E+000 -0.66107787E-004  0.84262145E-001  0.17386702E+001  0.12020462E+002  0.59173051E+002  0.13400155E+003  0.34790278E+003  0.65682455E+003
 -0.82431948E+000 -0.64305222E+000 -0.27721797E+000 -0.66106860E-004  0.84276857E-001  0.17387615E+001  0.12021323E+002  0.59173052E+002  0.13400156E+003  0.34790278E+003  0.65682456E+003
 -0.82431530E+000 -0.64304626E+000 -0.27721754E+000 -0.66106027E-004  0.84290587E-001  0.17388510E+001  0.12022169E+002  0.59173053E+002  0.13400156E+003  0.34790279E+003  0.65682457E+003
 -0.82431166E+000 -0.64304151E+000 -0.27721727E+000 -0.66105279E-004  0.84303314E-001  0.17389391E+001  0.12022999E+002  0.59173054E+002  0.13400157E+003  0.34790280E+003  0.65682458E+003
 -0.82430854E+000 -0.64303787E+000 -0.27721715E+000 -0.66104604E-004  0.84315030E-001  0.17390262E+001  0.12023815E+002  0.59173055E+002  0.13400157E+003  0.34790281E+003  0.65682459E+003
 -0.82430589E+000 -0.64303524E+000 -0.27721714E+000 -0.66103994E-004  0.84325734E-001  0.17391125E+001  0.12024618E+002  0.59173056E+002  0.13400158E+003  0.34790281E+003  0.65682460E+003
 -0.82430371E+000 -0.64303352E+000 -0.27721724E+000 -0.66103439E-004  0.84335436E-001  0.17391984E+001  0.12025408E+002  0.59173057E+002  0.13400158E+003  0.34790282E+003  0.65682461E+003
 -0.82430196E+000 -0.64303263E+000 -0.27721742E+000 -0.66102928E-004  0.84344153E-001  0.17392839E+001  0.12026186E+002  0.59173058E+002  0.13400159E+003  0.34790283E+003  0.65682462E+003
 -0.82430061E+000 -0.64303247E+000 -0.27721765E+000 -0.66102455E-004  0.84351913E-001  0.17393694E+001  0.12026953E+002  0.59173059E+002  0.13400159E+003  0.34790284E+003  0.65682463E+003
 -0.82429966E+000 -0.64303295E+000 -0.27721793E+000 -0.66102009E-004  0.84358749E-001  0.17394550E+001  0.12027710E+002  0.59173060E+002  0.13400160E+003  0.34790285E+003  0.65682464E+003
 -0.82429906E+000 -0.64303400E+000 -0.27721823E+000 -0.66101584E-004  0.84364702E-001  0.17395407E+001  0.12028458E+002  0.59173060E+002  0.13400160E+003  0.34790285E+003  0.65682465E+003
 -0.82429880E+000 -0.64303553E+000 -0.27721855E+000 -0.66101171E-004  0.84369819E-001  0.17396268E+001  0.12029196E+002  0.59173061E+002  0.13400161E+003  0.34790286E+003  0.65682466E+003
 -0.82429884E+000 -0.64303746E+000 -0.27721885E+000 -0.66100763E-004  0.84374152E-001  0.17397132E+001  0.12029927E+002  0.59173062E+002  0.13400161E+003  0.34790287E+003  0.65682467E+003
 -0.82429916E+000 -0.64303973E+000 -0.27721914E+000 -0.66100355E-004  0.84377755E-001  0.17398001E+001  0.12030651E+002  0.59173063E+002  0.13400162E+003  0.34790288E+003  0.65682468E+003
 -0.82429973E+000 -0.64304226E+000 -0.27721940E+000 -0.66099940E-004  0.84380684E-001  0.17398874E+001  0.12031368E+002  0.59173064E+002  0.13400162E+003  0.34790289E+003  0.65682469E+003
 -0.82430052E+000 -0.64304500E+000 -0.27721963E+000 -0.66099516E-004  0.84382999E-001  0.17399752E+001  0.12032079E+002  0.59173065E+002  0.13400163E+003  0.34790290E+003  0.65682470E+003
 -0.82430151E+000 -0.64304788E+000 -0.27721980E+000 -0.66099077E-004  0.84384757E-001  0.17400634E+001  0.12032784E+002  0.59173066E+002  0.13400163E+003  0.34790291E+003  0.65682471E+003
 -0.82430267E+000 -0.64305084E+000 -0.27721993E+000 -0.66098621E-004  0.84386017E-001  0.17401520E+001  0.12033484E+002  0.59173067E+002  0.13400164E+003  0.34790292E+003  0.65682472E+003
 -0.82430397E+000 -0.64305386E+000 -0.27721999E+000 -0.66098146E-004  0.84386835E-001  0.17402409E+001  0.12034179E+002  0.59173068E+002  0.13400165E+003  0.34790293E+003  0.65682473E+003
 -0.82430539E+000 -0.64305688E+000 -0.27722000E+000 -0.66097652E-004  0.84387266E-001  0.17403300E+001  0.12034869E+002  0.59173069E+002  0.13400165E+003  0.34790294E+003  0.65682474E+003
 -0.82430691E+000 -0.64305987E+000 -0.27721995E+000 -0.66097138E-004  0.84387362E-001  0.17404193E+001  0.12035555E+002  0.59173070E+002  0.13400166E+003  0.34790296E+003  0.65682476E+003
 -0.82430849E+000 -0.64306281E+000 -0.27721984E+000 -0.66096606E-004  0.84387172E-001  0.17405085E+001  0.12036236E+002  0.59173071E+002  0.13400166E+003  0.34790297E+003  0.65682477E+003
 -0.82431014E+000 -0.64306566E+000 -0.27721967E+000 -0.66096056E-004  0.84386742E-001  0.17405976E+001  0.12036913E+002  0.59173072E+002  0.13400167E+003  0.34790298E+003  0.65682478E+003
 -0.82431182E+000 -0.64306842E+000 -0.27721944E+000 -0.66095490E-004  0.84386114E-001  0.17406864E+001  0.12037586E+002  0.59173073E+002  0.13400168E+003  0.34790299E+003  0.65682479E+003
 -0.82431352E+000 -0.64307107E+000 -0.27721916E+000 -0.66094910E-004  0.84385327E-001  0.17407748E+001  0.12038254E+002  0.59173074E+002  0.13400168E+003  0.34790301E+003  0.65682481E+003
 -0.82431523E+000 -0.64307360E+000 -0.27721883E+000 -0.66094320E-004  0.84384415E-001  0.17408625E+001  0.12038919E+002  0.59173075E+002  0.13400169E+003  0.34790302E+003  0.65682482E+003
 -0.82431694E+000 -0.64307601E+000 -0.27721846E+000 -0.66093722E-004  0.84383411E-001  0.17409494E+001  0.12039579E+002  0.59173076E+002  0.13400169E+003  0.34790303E+003  0.65682483E+003
 -0.82431863E+000 -0.64307828E+000 -0.27721805E+000 -0.66093118E-004  0.84382341E-001  0.17410353E+001  0.12040234E+002  0.59173077E+002  0.13400170E+003  0.34790305E+003  0.65682485E+003
 -0.82432029E+000 -0.64308042E+000 -0.27721761E+000 -0.66092513E-004  0.84381230E-001  0.17411200E+001  0.12040885E+002  0.59173078E+002  0.13400171E+003  0.34790306E+003  0.65682486E+003
 -0.82432192E+000 -0.64308243E+000 -0.27721714E+000 -0.66091909E-004  0.84380099E-001  0.17412034E+001  0.12041532E+002  0.59173079E+002  0.13400171E+003  0.34790308E+003  0.65682488E+003
 -0.82432351E+000 -0.64308431E+000 -0.27721665E+000 -0.66091308E-004  0.84378965E-001  0.17412853E+001  0.12042174E+002  0.59173080E+002  0.13400172E+003  0.34790309E+003  0.65682490E+003
 -0.82432506E+000 -0.64308607E+000 -0.27721614E+000 -0.66090714E-004  0.84377845E-001  0.17413655E+001  0.12042810E+002  0.59173081E+002  0.13400173E+003  0.34790311E+003  0.65682491E+003
 -0.82432655E+000 -0.64308771E+000 -0.27721562E+000 -0.66090130E-004  0.84376749E-001  0.17414437E+001  0.12043442E+002  0.59173082E+002  0.13400173E+003  0.34790312E+003  0.65682493E+003
 -0.82432798E+000 -0.64308922E+000 -0.27721509E+000 -0.66089557E-004  0.84375689E-001  0.17415200E+001  0.12044068E+002  0.59173083E+002  0.13400174E+003  0.34790314E+003  0.65682495E+003
 -0.82432935E+000 -0.64309063E+000 -0.27721456E+000 -0.66088997E-004  0.84374673E-001  0.17415941E+001  0.12044688E+002  0.59173084E+002  0.13400175E+003  0.34790316E+003  0.65682497E+003
 -0.82433066E+000 -0.64309192E+000 -0.27721402E+000 -0.66088453E-004  0.84373706E-001  0.17416659E+001  0.12045303E+002  0.59173085E+002  0.13400175E+003  0.34790317E+003  0.65682499E+003
 -0.82433191E+000 -0.64309311E+000 -0.27721349E+000 -0.66087925E-004  0.84372793E-001  0.17417352E+001  0.12045911E+002  0.59173086E+002  0.13400176E+003  0.34790319E+003  0.65682501E+003
 -0.82433308E+000 -0.64309419E+000 -0.27721297E+000 -0.66087416E-004  0.84371937E-001  0.17418021E+001  0.12046513E+002  0.59173087E+002  0.13400177E+003  0.34790321E+003  0.65682503E+003
 -0.82433419E+000 -0.64309518E+000 -0.27721245E+000 -0.66086926E-004  0.84371141E-001  0.17418664E+001  0.12047107E+002  0.59173087E+002  0.13400177E+003  0.34790323E+003  0.65682505E+003
 -0.82433522E+000 -0.64309608E+000 -0.27721195E+000 -0.66086455E-004  0.84370404E-001  0.17419280E+001  0.12047695E+002  0.59173088E+002  0.13400178E+003  0.34790325E+003  0.65682507E+003
 -0.82433619E+000 -0.64309689E+000 -0.27721146E+000 -0.66086004E-004  0.84369726E-001  0.17419869E+001  0.12048275E+002  0.59173089E+002  0.13400179E+003  0.34790327E+003  0.65682509E+003
 -0.82433709E+000 -0.64309761E+000 -0.27721098E+000 -0.66085574E-004  0.84369108E-001  0.17420431E+001  0.12048847E+002  0.59173090E+002  0.13400179E+003  0.34790329E+003  0.65682512E+003
 -0.82433792E+000 -0.64309825E+000 -0.27721052E+000 -0.66085164E-004  0.84368547E-001  0.17420965E+001  0.12049411E+002  0.59173091E+002  0.13400180E+003  0.34790331E+003  0.65682514E+003
 -0.82433868E+000 -0.64309881E+000 -0.27721007E+000 -0.66084775E-004  0.84368041E-001  0.17421471E+001  0.12049966E+002  0.59173092E+002  0.13400181E+003  0.34790333E+003  0.65682517E+003
 -0.82433937E+000 -0.64309930E+000 -0.27720964E+000 -0.66084406E-004  0.84367589E-001  0.17421950E+001  0.12050513E+002  0.59173092E+002  0.13400181E+003  0.34790335E+003  0.65682519E+003
 -0.82434000E+000 -0.64309972E+000 -0.27720923E+000 -0.66084056E-004  0.84367188E-001  0.17422402E+001  0.12051049E+002  0.59173093E+002  0.13400182E+003  0.34790337E+003  0.65682522E+003
 -0.82434056E+000 -0.64310006E+000 -0.27720883E+000 -0.66083724E-004  0.84366836E-001  0.17422828E+001  0.12051575E+002  0.59173094E+002  0.13400182E+003  0.34790339E+003  0.65682525E+003
 -0.82434107E+000 -0.64310034E+000 -0.27720845E+000 -0.66083412E-004  0.84366529E-001  0.17423227E+001  0.12052092E+002  0.59173095E+002  0.13400183E+003  0.34790341E+003  0.65682528E+003
 -0.82434151E+000 -0.64310056E+000 -0.27720809E+000 -0.66083116E-004  0.84366265E-001  0.17423601E+001  0.12052597E+002  0.59173096E+002  0.13400184E+003  0.34790343E+003  0.65682531E+003
 -0.82434190E+000 -0.64310072E+000 -0.27720774E+000 -0.66082838E-004  0.84366041E-001  0.17423951E+001  0.12053091E+002  0.59173096E+002  0.13400184E+003  0.34790345E+003  0.65682534E+003
 -0.82434224E+000 -0.64310083E+000 -0.27720741E+000 -0.66082575E-004  0.84365855E-001  0.17424276E+001  0.12053574E+002  0.59173097E+002  0.13400185E+003  0.34790348E+003  0.65682537E+003
 -0.82434252E+000 -0.64310088E+000 -0.27720709E+000 -0.66082327E-004  0.84365703E-001  0.17424579E+001  0.12054044E+002  0.59173098E+002  0.13400186E+003  0.34790350E+003  0.65682540E+003
 -0.82434276E+000 -0.64310088E+000 -0.27720679E+000 -0.66082094E-004  0.84365584E-001  0.17424860E+001  0.12054502E+002  0.59173098E+002  0.13400186E+003  0.34790352E+003  0.65682544E+003
 -0.82434295E+000 -0.64310084E+000 -0.27720650E+000 -0.66081873E-004  0.84365494E-001  0.17425120E+001  0.12054948E+002  0.59173099E+002  0.13400187E+003  0.34790354E+003  0.65682547E+003
 -0.82434311E+000 -0.64310075E+000 -0.27720622E+000 -0.66081666E-004  0.84365431E-001  0.17425360E+001  0.12055381E+002  0.59173100E+002  0.13400187E+003  0.34790357E+003  0.65682551E+003
 -0.82434322E+000 -0.64310062E+000 -0.27720596E+000 -0.66081469E-004  0.84365393E-001  0.17425582E+001  0.12055800E+002  0.59173100E+002  0.13400188E+003  0.34790359E+003  0.65682554E+003
 -0.82434329E+000 -0.64310046E+000 -0.27720571E+000 -0.66081284E-004  0.84365378E-001  0.17425786E+001  0.12056206E+002  0.59173101E+002  0.13400188E+003  0.34790361E+003  0.65682558E+003
 -0.82434333E+000 -0.64310026E+000 -0.27720546E+000 -0.66081108E-004  0.84365384E-001  0.17425974E+001  0.12056598E+002  0.59173102E+002  0.13400189E+003  0.34790363E+003  0.65682562E+003
 -0.82434334E+000 -0.64310003E+000 -0.27720523E+000 -0.66080941E-004  0.84365407E-001  0.17426146E+001  0.12056977E+002  0.59173102E+002  0.13400190E+003  0.34790366E+003  0.65682566E+003
 -0.82434333E+000 -0.64309977E+000 -0.27720501E+000 -0.66080783E-004  0.84365448E-001  0.17426303E+001  0.12057342E+002  0.59173103E+002  0.13400190E+003  0.34790368E+003  0.65682569E+003
 -0.82434328E+000 -0.64309948E+000 -0.27720480E+000 -0.66080633E-004  0.84365504E-001  0.17426447E+001  0.12057693E+002  0.59173103E+002  0.13400191E+003  0.34790370E+003  0.65682573E+003
 -0.82434322E+000 -0.64309917E+000 -0.27720459E+000 -0.66080490E-004  0.84365573E-001  0.17426579E+001  0.12058030E+002  0.59173104E+002  0.13400191E+003  0.34790373E+003  0.65682577E+003
 -0.82434313E+000 -0.64309884E+000 -0.27720440E+000 -0.66080353E-004  0.84365654E-001  0.17426700E+001  0.12058353E+002  0.59173105E+002  0.13400192E+003  0.34790375E+003  0.65682582E+003
 -0.82434302E+000 -0.64309849E+000 -0.27720421E+000 -0.66080223E-004  0.84365746E-001  0.17426810E+001  0.12058662E+002  0.59173105E+002  0.13400192E+003  0.34790377E+003  0.65682586E+003
 -0.82434289E+000 -0.64309813E+000 -0.27720403E+000 -0.66080098E-004  0.84365847E-001  0.17426910E+001  0.12058958E+002  0.59173106E+002  0.13400193E+003  0.34790380E+003  0.65682590E+003
 -0.82434275E+000 -0.64309775E+000 -0.27720385E+000 -0.66079978E-004  0.84365955E-001  0.17427001E+001  0.12059240E+002  0.59173106E+002  0.13400193E+003  0.34790382E+003  0.65682594E+003
 -0.82434260E+000 -0.64309736E+000 -0.27720368E+000 -0.66079863E-004  0.84366071E-001  0.17427084E+001  0.12059509E+002  0.59173107E+002  0.13400194E+003  0.34790384E+003  0.65682599E+003
 -0.82434244E+000 -0.64309695E+000 -0.27720352E+000 -0.66079752E-004  0.84366193E-001  0.17427160E+001  0.12059765E+002  0.59173107E+002  0.13400194E+003  0.34790386E+003  0.65682603E+003
 -0.82434226E+000 -0.64309655E+000 -0.27720336E+000 -0.66079646E-004  0.84366319E-001  0.17427230E+001  0.12060007E+002  0.59173108E+002  0.13400195E+003  0.34790389E+003  0.65682607E+003
 -0.82434208E+000 -0.64309613E+000 -0.27720320E+000 -0.66079543E-004  0.84366450E-001  0.17427293E+001  0.12060238E+002  0.59173108E+002  0.13400195E+003  0.34790391E+003  0.65682612E+003
 -0.82434189E+000 -0.64309571E+000 -0.27720306E+000 -0.66079444E-004  0.84366583E-001  0.17427350E+001  0.12060456E+002  0.59173108E+002  0.13400195E+003  0.34790393E+003  0.65682616E+003
 -0.82434170E+000 -0.64309529E+000 -0.27720291E+000 -0.66079348E-004  0.84366719E-001  0.17427403E+001  0.12060662E+002  0.59173109E+002  0.13400196E+003  0.34790395E+003  0.65682621E+003
 -0.82434150E+000 -0.64309486E+000 -0.27720277E+000 -0.66079255E-004  0.84366857E-001  0.17427452E+001  0.12060857E+002  0.59173109E+002  0.13400196E+003  0.34790397E+003  0.65682625E+003
 -0.82434130E+000 -0.64309444E+000 -0.27720264E+000 -0.66079165E-004  0.84366996E-001  0.17427496E+001  0.12061040E+002  0.59173110E+002  0.13400197E+003  0.34790399E+003  0.65682630E+003
 -0.82434110E+000 -0.64309402E+000 -0.27720250E+000 -0.66079078E-004  0.84367136E-001  0.17427537E+001  0.12061213E+002  0.59173110E+002  0.13400197E+003  0.34790402E+003  0.65682634E+003
 -0.82434089E+000 -0.64309359E+000 -0.27720238E+000 -0.66078993E-004  0.84367275E-001  0.17427574E+001  0.12061376E+002  0.59173111E+002  0.13400197E+003  0.34790404E+003  0.65682639E+003
 -0.82434069E+000 -0.64309318E+000 -0.27720225E+000 -0.66078911E-004  0.84367414E-001  0.17427609E+001  0.12061529E+002  0.59173111E+002  0.13400198E+003  0.34790406E+003  0.65682644E+003
 -0.82434048E+000 -0.64309276E+000 -0.27720213E+000 -0.66078831E-004  0.84367553E-001  0.17427641E+001  0.12061672E+002  0.59173111E+002  0.13400198E+003  0.34790408E+003  0.65682648E+003
 -0.82434028E+000 -0.64309235E+000 -0.27720202E+000 -0.66078754E-004  0.84367690E-001  0.17427671E+001  0.12061807E+002  0.59173112E+002  0.13400198E+003  0.34790410E+003  0.65682653E+003
 -0.82434007E+000 -0.64309195E+000 -0.27720190E+000 -0.66078678E-004  0.84367826E-001  0.17427699E+001  0.12061932E+002  0.59173112E+002  0.13400199E+003  0.34790412E+003  0.65682657E+003
 -0.82433987E+000 -0.64309155E+000 -0.27720179E+000 -0.66078606E-004  0.84367959E-001  0.17427725E+001  0.12062050E+002  0.59173112E+002  0.13400199E+003  0.34790414E+003  0.65682662E+003
 -0.82433967E+000 -0.64309116E+000 -0.27720169E+000 -0.66078535E-004  0.84368091E-001  0.17427749E+001  0.12062160E+002  0.59173113E+002  0.13400199E+003  0.34790415E+003  0.65682666E+003
 -0.82433948E+000 -0.64309078E+000 -0.27720158E+000 -0.66078466E-004  0.84368220E-001  0.17427772E+001  0.12062263E+002  0.59173113E+002  0.13400200E+003  0.34790417E+003  0.65682671E+003
 -0.82433929E+000 -0.64309041E+000 -0.27720148E+000 -0.66078399E-004  0.84368347E-001  0.17427794E+001  0.12062358E+002  0.59173113E+002  0.13400200E+003  0.34790419E+003  0.65682675E+003
 -0.82433910E+000 -0.64309004E+000 -0.27720138E+000 -0.66078335E-004  0.84368471E-001  0.17427814E+001  0.12062448E+002  0.59173113E+002  0.13400200E+003  0.34790421E+003  0.65682680E+003
 -0.82433892E+000 -0.64308968E+000 -0.27720129E+000 -0.66078272E-004  0.84368592E-001  0.17427833E+001  0.12062531E+002  0.59173114E+002  0.13400201E+003  0.34790423E+003  0.65682684E+003
 -0.82433874E+000 -0.64308934E+000 -0.27720120E+000 -0.66078211E-004  0.84368710E-001  0.17427851E+001  0.12062608E+002  0.59173114E+002  0.13400201E+003  0.34790424E+003  0.65682688E+003
 -0.82433856E+000 -0.64308900E+000 -0.27720111E+000 -0.66078152E-004  0.84368825E-001  0.17427869E+001  0.12062680E+002  0.59173114E+002  0.13400201E+003  0.34790426E+003  0.65682693E+003
 -0.82433839E+000 -0.64308867E+000 -0.27720103E+000 -0.66078095E-004  0.84368937E-001  0.17427885E+001  0.12062747E+002  0.59173114E+002  0.13400201E+003  0.34790428E+003  0.65682697E+003
 -0.82433823E+000 -0.64308835E+000 -0.27720094E+000 -0.66078040E-004  0.84369045E-001  0.17427901E+001  0.12062809E+002  0.59173115E+002  0.13400202E+003  0.34790429E+003  0.65682701E+003
 -0.82433807E+000 -0.64308804E+000 -0.27720086E+000 -0.66077987E-004  0.84369150E-001  0.17427916E+001  0.12062867E+002  0.59173115E+002  0.13400202E+003  0.34790431E+003  0.65682705E+003
 -0.82433791E+000 -0.64308774E+000 -0.27720079E+000 -0.66077936E-004  0.84369252E-001  0.17427931E+001  0.12062921E+002  0.59173115E+002  0.13400202E+003  0.34790432E+003  0.65682710E+003
 -0.82433776E+000 -0.64308745E+000 -0.27720071E+000 -0.66077886E-004  0.84369350E-001  0.17427944E+001  0.12062970E+002  0.59173115E+002  0.13400202E+003  0.34790434E+003  0.65682714E+003
 -0.82433762E+000 -0.64308717E+000 -0.27720064E+000 -0.66077839E-004  0.84369445E-001  0.17427958E+001  0.12063017E+002  0.59173115E+002  0.13400203E+003  0.34790435E+003  0.65682718E+003
 -0.82433748E+000 -0.64308691E+000 -0.27720057E+000 -0.66077793E-004  0.84369537E-001  0.17427970E+001  0.12063060E+002  0.59173115E+002  0.13400203E+003  0.34790437E+003  0.65682722E+003
 -0.82433734E+000 -0.64308665E+000 -0.27720051E+000 -0.66077748E-004  0.84369625E-001  0.17427983E+001  0.12063099E+002  0.59173116E+002  0.13400203E+003  0.34790438E+003  0.65682725E+003
 -0.82433721E+000 -0.64308640E+000 -0.27720044E+000 -0.66077706E-004  0.84369710E-001  0.17427994E+001  0.12063136E+002  0.59173116E+002  0.13400203E+003  0.34790439E+003  0.65682729E+003
 -0.82433709E+000 -0.64308616E+000 -0.27720038E+000 -0.66077664E-004  0.84369792E-001  0.17428006E+001  0.12063171E+002  0.59173116E+002  0.13400203E+003  0.34790441E+003  0.65682733E+003
 -0.82433697E+000 -0.64308593E+000 -0.27720032E+000 -0.66077625E-004  0.84369870E-001  0.17428017E+001  0.12063202E+002  0.59173116E+002  0.13400203E+003  0.34790442E+003  0.65682737E+003
 -0.82433685E+000 -0.64308571E+000 -0.27720027E+000 -0.66077587E-004  0.84369946E-001  0.17428027E+001  0.12063232E+002  0.59173116E+002  0.13400204E+003  0.34790443E+003  0.65682740E+003
 -0.82433674E+000 -0.64308550E+000 -0.27720021E+000 -0.66077551E-004  0.84370018E-001  0.17428037E+001  0.12063259E+002  0.59173116E+002  0.13400204E+003  0.34790444E+003  0.65682744E+003
 -0.82433664E+000 -0.64308530E+000 -0.27720016E+000 -0.66077516E-004  0.84370087E-001  0.17428047E+001  0.12063285E+002  0.59173116E+002  0.13400204E+003  0.34790445E+003  0.65682747E+003
 -0.82433654E+000 -0.64308510E+000 -0.27720011E+000 -0.66077483E-004  0.84370153E-001  0.17428056E+001  0.12063309E+002  0.59173117E+002  0.13400204E+003  0.34790446E+003  0.65682751E+003
 -0.82433644E+000 -0.64308492E+000 -0.27720007E+000 -0.66077451E-004  0.84370217E-001  0.17428065E+001  0.12063331E+002  0.59173117E+002  0.13400204E+003  0.34790447E+003  0.65682754E+003
 -0.82433635E+000 -0.64308475E+000 -0.27720002E+000 -0.66077421E-004  0.84370277E-001  0.17428073E+001  0.12063351E+002  0.59173117E+002  0.13400204E+003  0.34790449E+003  0.65682757E+003
 -0.82433626E+000 -0.64308458E+000 -0.27719998E+000 -0.66077391E-004  0.84370335E-001  0.17428082E+001  0.12063370E+002  0.59173117E+002  0.13400204E+003  0.34790450E+003  0.65682760E+003
 -0.82433618E+000 -0.64308442E+000 -0.27719994E+000 -0.66077364E-004  0.84370391E-001  0.17428089E+001  0.12063388E+002  0.59173117E+002  0.13400205E+003  0.34790450E+003  0.65682763E+003
 -0.82433610E+000 -0.64308427E+000 -0.27719990E+000 -0.66077337E-004  0.84370444E-001  0.17428097E+001  0.12063404E+002  0.59173117E+002  0.13400205E+003  0.34790451E+003  0.65682766E+003
 -0.82433603E+000 -0.64308412E+000 -0.27719986E+000 -0.66077312E-004  0.84370495E-001  0.17428104E+001  0.12063420E+002  0.59173117E+002  0.13400205E+003  0.34790452E+003  0.65682769E+003
 -0.82433595E+000 -0.64308399E+000 -0.27719982E+000 -0.66077288E-004  0.84370543E-001  0.17428111E+001  0.12063434E+002  0.59173117E+002  0.13400205E+003  0.34790453E+003  0.65682772E+003
 -0.82433589E+000 -0.64308386E+000 -0.27719979E+000 -0.66077265E-004  0.84370589E-001  0.17428118E+001  0.12063447E+002  0.59173117E+002  0.13400205E+003  0.34790454E+003  0.65682775E+003
 -0.82433582E+000 -0.64308373E+000 -0.27719976E+000 -0.66077242E-004  0.84370634E-001  0.17428124E+001  0.12063460E+002  0.59173117E+002  0.13400205E+003  0.34790455E+003  0.65682777E+003
 -0.82433576E+000 -0.64308362E+000 -0.27719973E+000 -0.66077221E-004  0.84370676E-001  0.17428130E+001  0.12063471E+002  0.59173117E+002  0.13400205E+003  0.34790456E+003  0.65682780E+003
 -0.82433570E+000 -0.64308351E+000 -0.27719970E+000 -0.66077202E-004  0.84370716E-001  0.17428136E+001  0.12063482E+002  0.59173117E+002  0.13400205E+003  0.34790456E+003  0.65682782E+003
 -0.82433565E+000 -0.64308340E+000 -0.27719967E+000 -0.66077183E-004  0.84370755E-001  0.17428142E+001  0.12063492E+002  0.59173117E+002  0.13400205E+003  0.34790457E+003  0.65682785E+003
 -0.82433560E+000 -0.64308331E+000 -0.27719965E+000 -0.66077164E-004  0.84370792E-001  0.17428147E+001  0.12063502E+002  0.59173117E+002  0.13400205E+003  0.34790458E+003  0.65682787E+003
 -0.82433555E+000 -0.64308322E+000 -0.27719962E+000 -0.66077148E-004  0.84370827E-001  0.17428152E+001  0.12063511E+002  0.59173117E+002  0.13400206E+003  0.34790458E+003  0.65682790E+003
 -0.82433551E+000 -0.64308313E+000 -0.27719960E+000 -0.66077132E-004  0.84370860E-001  0.17428157E+001  0.12063519E+002  0.59173118E+002  0.13400206E+003  0.34790459E+003  0.65682792E+003
 -0.82433547E+000 -0.64308306E+000 -0.27719958E+000 -0.66077117E-004  0.84370892E-001  0.17428162E+001  0.12063527E+002  0.59173118E+002  0.13400206E+003  0.34790460E+003  0.65682794E+003
 -0.82433543E+000 -0.64308299E+000 -0.27719956E+000 -0.66077103E-004  0.84370923E-001  0.17428166E+001  0.12063534E+002  0.59173118E+002  0.13400206E+003  0.34790460E+003  0.65682796E+003
 -0.82433540E+000 -0.64308294E+000 -0.27719955E+000 -0.66077091E-004  0.84370951E-001  0.17428170E+001  0.12063541E+002  0.59173118E+002  0.13400206E+003  0.34790461E+003  0.65682798E+003
 -0.82433538E+000 -0.64308290E+000 -0.27719954E+000 -0.66077082E-004  0.84370977E-001  0.17428174E+001  0.12063547E+002  0.59173118E+002  0.13400206E+003  0.34790461E+003  0.65682800E+003
 -0.82433534E+000 -0.64308282E+000 -0.27719952E+000 -0.66077073E-004  0.84370999E-001  0.17428178E+001  0.12063553E+002  0.59173118E+002  0.13400206E+003  0.34790462E+003  0.65682802E+003
