  0.10489392E-001
  0.11146476E-001
  0.11706433E-001
  0.12183274E-001
  0.12589012E-001
  0.12933949E-001
  0.13227149E-001
  0.13476298E-001
  0.13687997E-001
  0.13867929E-001
  0.14020818E-001
  0.14150716E-001
  0.14261066E-001
  0.14354761E-001
  0.14434275E-001
  0.14501715E-001
  0.14558855E-001
  0.14607203E-001
  0.14648056E-001
  0.14682503E-001
  0.14711481E-001
  0.14735785E-001
  0.14756100E-001
  0.14773013E-001
  0.14787023E-001
  0.14798564E-001
  0.14808007E-001
  0.14815673E-001
  0.14821838E-001
  0.14826741E-001
  0.14830585E-001
  0.14833548E-001
  0.14835780E-001
  0.14837412E-001
  0.14838553E-001
  0.14839297E-001
  0.14839723E-001
  0.14839898E-001
  0.14839877E-001
  0.14839704E-001
  0.14839417E-001
  0.14839045E-001
  0.14838614E-001
  0.14838140E-001
  0.14837639E-001
  0.14837123E-001
  0.14836599E-001
  0.14836074E-001
  0.14835553E-001
  0.14835039E-001
  0.14834534E-001
  0.14834040E-001
  0.14833559E-001
  0.14833092E-001
  0.14832638E-001
  0.14832199E-001
  0.14831774E-001
  0.14831365E-001
  0.14830970E-001
  0.14830590E-001
  0.14830225E-001
  0.14829876E-001
  0.14829541E-001
  0.14829222E-001
  0.14828917E-001
  0.14828627E-001
  0.14828351E-001
  0.14828089E-001
  0.14827840E-001
  0.14827602E-001
  0.14827377E-001
  0.14827161E-001
  0.14826956E-001
  0.14826758E-001
  0.14826568E-001
  0.14826385E-001
  0.14826207E-001
  0.14826033E-001
  0.14825864E-001
  0.14825699E-001
  0.14825536E-001
  0.14825377E-001
  0.14825220E-001
  0.14825066E-001
  0.14824915E-001
  0.14824768E-001
  0.14824623E-001
  0.14824482E-001
  0.14824346E-001
  0.14824213E-001
  0.14824086E-001
  0.14823963E-001
  0.14823846E-001
  0.14823734E-001
  0.14823627E-001
  0.14823526E-001
  0.14823431E-001
  0.14823342E-001
  0.14823258E-001
  0.14823179E-001
  0.14823106E-001
  0.14823038E-001
  0.14822974E-001
  0.14822916E-001
  0.14822862E-001
  0.14822812E-001
  0.14822767E-001
  0.14822725E-001
  0.14822687E-001
  0.14822652E-001
  0.14822620E-001
  0.14822591E-001
  0.14822565E-001
  0.14822541E-001
  0.14822520E-001
  0.14822501E-001
  0.14822484E-001
  0.14822469E-001
  0.14822455E-001
  0.14822443E-001
  0.14822433E-001
  0.14822423E-001
  0.14822415E-001
  0.14822408E-001
  0.14822402E-001
  0.14822397E-001
  0.14822393E-001
  0.14822389E-001
  0.14822386E-001
  0.14822384E-001
  0.14822382E-001
  0.14822380E-001
  0.14822379E-001
  0.14822379E-001
  0.14822378E-001
  0.14822378E-001
  0.14822378E-001
  0.14822379E-001
  0.14822379E-001
  0.14822380E-001
  0.14822381E-001
  0.14822382E-001
  0.14822383E-001
  0.14822384E-001
  0.14822385E-001
  0.14822386E-001
  0.14822387E-001
  0.14822389E-001
  0.14822390E-001
  0.14822391E-001
  0.14822393E-001
  0.14822394E-001
  0.14822395E-001
  0.14822396E-001
  0.14822398E-001
  0.14822399E-001
  0.14822400E-001
  0.14822401E-001
  0.14822402E-001
  0.14822403E-001
  0.14822404E-001
  0.14822405E-001
  0.14822406E-001
  0.14822407E-001
  0.14822408E-001
  0.14822409E-001
  0.14822410E-001
  0.14822411E-001
  0.14822411E-001
  0.14822412E-001
  0.14822413E-001
  0.14822414E-001
  0.14822414E-001
  0.14822415E-001
  0.14822416E-001
  0.14822416E-001
  0.14822417E-001
  0.14822417E-001
  0.14822418E-001
  0.14822418E-001
  0.14822418E-001
  0.14822419E-001
  0.14822419E-001
  0.14822420E-001
  0.14822420E-001
  0.14822420E-001
  0.14822421E-001
  0.14822421E-001
  0.14822421E-001
  0.14822421E-001
  0.14822422E-001
  0.14822422E-001
  0.14822422E-001
  0.14822422E-001
  0.14822422E-001
  0.14822422E-001
  0.14822422E-001
  0.14822422E-001
  0.14822421E-001
  0.14822420E-001
