  0.30162787E+002
  0.30171175E+002
  0.30177560E+002
  0.30182552E+002
  0.30186520E+002
  0.30189718E+002
  0.30192319E+002
  0.30194455E+002
  0.30196223E+002
  0.30197696E+002
  0.30198934E+002
  0.30199983E+002
  0.30200879E+002
  0.30201653E+002
  0.30202328E+002
  0.30202923E+002
  0.30203453E+002
  0.30203932E+002
  0.30204370E+002
  0.30204775E+002
  0.30205154E+002
  0.30205514E+002
  0.30205860E+002
  0.30206196E+002
  0.30206525E+002
  0.30206850E+002
  0.30207175E+002
  0.30207501E+002
  0.30207829E+002
  0.30208162E+002
  0.30208501E+002
  0.30208845E+002
  0.30209198E+002
  0.30209558E+002
  0.30209927E+002
  0.30210305E+002
  0.30210692E+002
  0.30211088E+002
  0.30211494E+002
  0.30211909E+002
  0.30212334E+002
  0.30212769E+002
  0.30213212E+002
  0.30213665E+002
  0.30214126E+002
  0.30214596E+002
  0.30215074E+002
  0.30215560E+002
  0.30216053E+002
  0.30216553E+002
  0.30217059E+002
  0.30217571E+002
  0.30218088E+002
  0.30218611E+002
  0.30219137E+002
  0.30219666E+002
  0.30220199E+002
  0.30220733E+002
  0.30221269E+002
  0.30221805E+002
  0.30222342E+002
  0.30222877E+002
  0.30223410E+002
  0.30223941E+002
  0.30224469E+002
  0.30224993E+002
  0.30225512E+002
  0.30226026E+002
  0.30226533E+002
  0.30227033E+002
  0.30227526E+002
  0.30228010E+002
  0.30228485E+002
  0.30228951E+002
  0.30229406E+002
  0.30229851E+002
  0.30230285E+002
  0.30230706E+002
  0.30231115E+002
  0.30231512E+002
  0.30231895E+002
  0.30232266E+002
  0.30232622E+002
  0.30232964E+002
  0.30233293E+002
  0.30233607E+002
  0.30233907E+002
  0.30234193E+002
  0.30234465E+002
  0.30234722E+002
  0.30234966E+002
  0.30235196E+002
  0.30235413E+002
  0.30235617E+002
  0.30235808E+002
  0.30235986E+002
  0.30236153E+002
  0.30236309E+002
  0.30236453E+002
  0.30236587E+002
  0.30236710E+002
  0.30236824E+002
  0.30236929E+002
  0.30237026E+002
  0.30237114E+002
  0.30237194E+002
  0.30237267E+002
  0.30237333E+002
  0.30237393E+002
  0.30237446E+002
  0.30237494E+002
  0.30237537E+002
  0.30237575E+002
  0.30237608E+002
  0.30237638E+002
  0.30237663E+002
  0.30237684E+002
  0.30237703E+002
  0.30237718E+002
  0.30237731E+002
  0.30237740E+002
  0.30237748E+002
  0.30237753E+002
  0.30237757E+002
  0.30237759E+002
  0.30237759E+002
  0.30237758E+002
  0.30237755E+002
  0.30237751E+002
  0.30237747E+002
  0.30237741E+002
  0.30237735E+002
  0.30237727E+002
  0.30237720E+002
  0.30237711E+002
  0.30237703E+002
  0.30237694E+002
  0.30237684E+002
  0.30237675E+002
  0.30237665E+002
  0.30237656E+002
  0.30237646E+002
  0.30237636E+002
  0.30237626E+002
  0.30237616E+002
  0.30237607E+002
  0.30237597E+002
  0.30237588E+002
  0.30237579E+002
  0.30237570E+002
  0.30237561E+002
  0.30237552E+002
  0.30237544E+002
  0.30237536E+002
  0.30237528E+002
  0.30237521E+002
  0.30237514E+002
  0.30237507E+002
  0.30237501E+002
  0.30237494E+002
  0.30237489E+002
  0.30237483E+002
  0.30237478E+002
  0.30237473E+002
  0.30237468E+002
  0.30237464E+002
  0.30237459E+002
  0.30237455E+002
  0.30237452E+002
  0.30237449E+002
  0.30237445E+002
  0.30237442E+002
  0.30237440E+002
  0.30237437E+002
  0.30237435E+002
  0.30237433E+002
  0.30237431E+002
  0.30237430E+002
  0.30237428E+002
  0.30237427E+002
  0.30237425E+002
  0.30237424E+002
  0.30237423E+002
  0.30237422E+002
  0.30237422E+002
  0.30237421E+002
  0.30237420E+002
  0.30237420E+002
  0.30237419E+002
  0.30237419E+002
  0.30237419E+002
  0.30237418E+002
  0.30237418E+002
  0.30237418E+002
  0.30237418E+002
  0.30237418E+002
  0.30237418E+002
  0.30237417E+002
  0.30237417E+002
  0.30237417E+002
