  0.36437536E-001  0.37176275E+000  0.31341359E+001  0.11710883E+003
  0.36304641E-001  0.37131757E+000  0.31348725E+001  0.11714222E+003
  0.36309839E-001  0.37087128E+000  0.31354915E+001  0.11716758E+003
  0.36309922E-001  0.37116318E+000  0.31353909E+001  0.11718736E+003
  0.36307701E-001  0.37150980E+000  0.31352460E+001  0.11720303E+003
  0.36304359E-001  0.37177398E+000  0.31351881E+001  0.11721562E+003
  0.36300965E-001  0.37197381E+000  0.31351948E+001  0.11722582E+003
  0.36297913E-001  0.37212399E+000  0.31352489E+001  0.11723416E+003
  0.36295418E-001  0.37223513E+000  0.31353384E+001  0.11724104E+003
  0.36293588E-001  0.37231451E+000  0.31354549E+001  0.11724674E+003
  0.36292503E-001  0.37236893E+000  0.31355905E+001  0.11725150E+003
  0.36292195E-001  0.37240320E+000  0.31357394E+001  0.11725551E+003
  0.36292650E-001  0.37242104E+000  0.31358977E+001  0.11725892E+003
  0.36293841E-001  0.37242616E+000  0.31360614E+001  0.11726185E+003
  0.36295718E-001  0.37242081E+000  0.31362284E+001  0.11726438E+003
  0.36298222E-001  0.37240673E+000  0.31363973E+001  0.11726660E+003
  0.36301298E-001  0.37238552E+000  0.31365666E+001  0.11726857E+003
  0.36304886E-001  0.37235846E+000  0.31367357E+001  0.11727035E+003
  0.36308920E-001  0.37232650E+000  0.31369041E+001  0.11727195E+003
  0.36313383E-001  0.37229059E+000  0.31370714E+001  0.11727344E+003
  0.36318266E-001  0.37225142E+000  0.31372374E+001  0.11727482E+003
  0.36323500E-001  0.37220974E+000  0.31374020E+001  0.11727614E+003
  0.36329024E-001  0.37216613E+000  0.31375650E+001  0.11727739E+003
  0.36334784E-001  0.37212114E+000  0.31377264E+001  0.11727861E+003
  0.36340735E-001  0.37207528E+000  0.31378860E+001  0.11727981E+003
  0.36346838E-001  0.37202899E+000  0.31380438E+001  0.11728100E+003
  0.36353060E-001  0.37198267E+000  0.31381997E+001  0.11728218E+003
  0.36359374E-001  0.37193667E+000  0.31383535E+001  0.11728337E+003
  0.36365758E-001  0.37189130E+000  0.31385050E+001  0.11728457E+003
  0.36372196E-001  0.37184685E+000  0.31386542E+001  0.11728579E+003
  0.36378674E-001  0.37180355E+000  0.31388007E+001  0.11728703E+003
  0.36385182E-001  0.37176161E+000  0.31389445E+001  0.11728831E+003
  0.36391712E-001  0.37172119E+000  0.31390853E+001  0.11728961E+003
  0.36398258E-001  0.37168243E+000  0.31392230E+001  0.11729094E+003
  0.36404816E-001  0.37164543E+000  0.31393574E+001  0.11729231E+003
  0.36411382E-001  0.37161025E+000  0.31394885E+001  0.11729372E+003
  0.36417952E-001  0.37157695E+000  0.31396161E+001  0.11729517E+003
  0.36424521E-001  0.37154554E+000  0.31397402E+001  0.11729666E+003
  0.36431084E-001  0.37151603E+000  0.31398608E+001  0.11729818E+003
  0.36437634E-001  0.37148839E+000  0.31399779E+001  0.11729975E+003
  0.36444164E-001  0.37148172E+000  0.31400725E+001  0.11730135E+003
  0.36450664E-001  0.37153254E+000  0.31401080E+001  0.11730300E+003
  0.36457121E-001  0.37158173E+000  0.31401438E+001  0.11730468E+003
  0.36463521E-001  0.37162928E+000  0.31401799E+001  0.11730640E+003
  0.36469848E-001  0.37167519E+000  0.31402163E+001  0.11730816E+003
  0.36476084E-001  0.37171947E+000  0.31402533E+001  0.11730995E+003
  0.36482209E-001  0.37176213E+000  0.31402909E+001  0.11731178E+003
  0.36488202E-001  0.37180316E+000  0.31403293E+001  0.11731363E+003
  0.36494040E-001  0.37184258E+000  0.31403684E+001  0.11731552E+003
  0.36501091E-001  0.37187901E+000  0.31404085E+001  0.11731744E+003
  0.36509235E-001  0.37191257E+000  0.31404495E+001  0.11731938E+003
  0.36516846E-001  0.37194487E+000  0.31404914E+001  0.11732135E+003
  0.36523929E-001  0.37197592E+000  0.31405342E+001  0.11732333E+003
  0.36530489E-001  0.37200573E+000  0.31405780E+001  0.11732534E+003
  0.36536532E-001  0.37203428E+000  0.31406227E+001  0.11732737E+003
  0.36542063E-001  0.37206160E+000  0.31406681E+001  0.11732941E+003
  0.36547093E-001  0.37208770E+000  0.31407144E+001  0.11733146E+003
  0.36551634E-001  0.37211258E+000  0.31407613E+001  0.11733352E+003
  0.36555697E-001  0.37213626E+000  0.31408088E+001  0.11733559E+003
  0.36559300E-001  0.37215876E+000  0.31408568E+001  0.11733766E+003
  0.36562460E-001  0.37218011E+000  0.31409053E+001  0.11733973E+003
  0.36565197E-001  0.37220031E+000  0.31409542E+001  0.11734180E+003
  0.36567534E-001  0.37221940E+000  0.31410035E+001  0.11734387E+003
  0.36569493E-001  0.37223739E+000  0.31410530E+001  0.11734592E+003
  0.36571100E-001  0.37225430E+000  0.31411027E+001  0.11734796E+003
  0.36572380E-001  0.37227015E+000  0.31411527E+001  0.11734999E+003
  0.36573359E-001  0.37228496E+000  0.31412028E+001  0.11735200E+003
  0.36574063E-001  0.37229875E+000  0.31412531E+001  0.11735399E+003
  0.36574518E-001  0.37231152E+000  0.31413036E+001  0.11735596E+003
  0.36574751E-001  0.37232329E+000  0.31413541E+001  0.11735789E+003
  0.36574785E-001  0.37233406E+000  0.31414049E+001  0.11735980E+003
  0.36574645E-001  0.37234385E+000  0.31414557E+001  0.11736168E+003
  0.36574352E-001  0.37235266E+000  0.31415067E+001  0.11736352E+003
  0.36573928E-001  0.37236050E+000  0.31415577E+001  0.11736533E+003
  0.36573393E-001  0.37236737E+000  0.31416089E+001  0.11736709E+003
  0.36572762E-001  0.37237328E+000  0.31416602E+001  0.11736881E+003
  0.36572054E-001  0.37237823E+000  0.31417115E+001  0.11737049E+003
  0.36571282E-001  0.37238223E+000  0.31417628E+001  0.11737212E+003
  0.36570458E-001  0.37238528E+000  0.31418140E+001  0.11737371E+003
  0.36569593E-001  0.37238740E+000  0.31418652E+001  0.11737524E+003
  0.36568697E-001  0.37238859E+000  0.31419162E+001  0.11737672E+003
  0.36567777E-001  0.37238887E+000  0.31419670E+001  0.11737815E+003
  0.36566840E-001  0.37238824E+000  0.31420174E+001  0.11737953E+003
  0.36565891E-001  0.37238671E+000  0.31420674E+001  0.11738085E+003
  0.36564935E-001  0.37238431E+000  0.31421170E+001  0.11738212E+003
  0.36563974E-001  0.37238104E+000  0.31421660E+001  0.11738333E+003
  0.36563012E-001  0.37237692E+000  0.31422143E+001  0.11738449E+003
  0.36562051E-001  0.37237198E+000  0.31422619E+001  0.11738559E+003
  0.36561093E-001  0.37236622E+000  0.31423086E+001  0.11738664E+003
  0.36560138E-001  0.37235968E+000  0.31423545E+001  0.11738763E+003
  0.36559188E-001  0.37235239E+000  0.31423994E+001  0.11738857E+003
  0.36558245E-001  0.37234437E+000  0.31424432E+001  0.11738945E+003
  0.36557309E-001  0.37233567E+000  0.31424859E+001  0.11739029E+003
  0.36556382E-001  0.37232632E+000  0.31425273E+001  0.11739107E+003
  0.36555465E-001  0.37231636E+000  0.31425674E+001  0.11739181E+003
  0.36554560E-001  0.37230586E+000  0.31426061E+001  0.11739249E+003
  0.36553669E-001  0.37229486E+000  0.31426433E+001  0.11739314E+003
  0.36552793E-001  0.37228343E+000  0.31426788E+001  0.11739373E+003
  0.36551934E-001  0.37227163E+000  0.31427126E+001  0.11739429E+003
  0.36551094E-001  0.37225952E+000  0.31427445E+001  0.11739481E+003
  0.36550276E-001  0.37224718E+000  0.31427744E+001  0.11739528E+003
  0.36549482E-001  0.37223468E+000  0.31428022E+001  0.11739573E+003
  0.36548713E-001  0.37222210E+000  0.31428278E+001  0.11739613E+003
  0.36547972E-001  0.37220951E+000  0.31428509E+001  0.11739651E+003
  0.36547261E-001  0.37219698E+000  0.31428716E+001  0.11739685E+003
  0.36546581E-001  0.37218460E+000  0.31428896E+001  0.11739717E+003
  0.36545934E-001  0.37217242E+000  0.31429049E+001  0.11739746E+003
  0.36545322E-001  0.37216051E+000  0.31429173E+001  0.11739772E+003
  0.36544746E-001  0.37214895E+000  0.31429267E+001  0.11739796E+003
  0.36544207E-001  0.37213778E+000  0.31429332E+001  0.11739818E+003
  0.36543705E-001  0.37212706E+000  0.31429366E+001  0.11739838E+003
  0.36543241E-001  0.37211684E+000  0.31429368E+001  0.11739857E+003
  0.36542815E-001  0.37210715E+000  0.31429340E+001  0.11739873E+003
  0.36542428E-001  0.37209803E+000  0.31429280E+001  0.11739888E+003
  0.36542078E-001  0.37208951E+000  0.31429189E+001  0.11739901E+003
  0.36541765E-001  0.37208160E+000  0.31429067E+001  0.11739914E+003
  0.36541489E-001  0.37207432E+000  0.31428916E+001  0.11739924E+003
  0.36541248E-001  0.37206767E+000  0.31428736E+001  0.11739934E+003
  0.36541041E-001  0.37206166E+000  0.31428529E+001  0.11739943E+003
  0.36540868E-001  0.37205628E+000  0.31428295E+001  0.11739951E+003
  0.36540725E-001  0.37205151E+000  0.31428037E+001  0.11739958E+003
  0.36540613E-001  0.37204735E+000  0.31427756E+001  0.11739964E+003
  0.36540529E-001  0.37204377E+000  0.31427454E+001  0.11739970E+003
  0.36540471E-001  0.37204075E+000  0.31427134E+001  0.11739975E+003
  0.36540438E-001  0.37203826E+000  0.31426798E+001  0.11739979E+003
  0.36540427E-001  0.37203627E+000  0.31426448E+001  0.11739983E+003
  0.36540437E-001  0.37203476E+000  0.31426086E+001  0.11739986E+003
  0.36540466E-001  0.37203368E+000  0.31425715E+001  0.11739989E+003
  0.36540513E-001  0.37203301E+000  0.31425337E+001  0.11739991E+003
  0.36540574E-001  0.37203271E+000  0.31424955E+001  0.11739993E+003
  0.36540650E-001  0.37203275E+000  0.31424570E+001  0.11739995E+003
  0.36540737E-001  0.37203309E+000  0.31424186E+001  0.11739996E+003
  0.36540834E-001  0.37203371E+000  0.31423804E+001  0.11739997E+003
  0.36540940E-001  0.37203456E+000  0.31423427E+001  0.11739998E+003
  0.36541054E-001  0.37203562E+000  0.31423056E+001  0.11739998E+003
  0.36541173E-001  0.37203685E+000  0.31422694E+001  0.11739998E+003
  0.36541297E-001  0.37203824E+000  0.31422341E+001  0.11739998E+003
  0.36541424E-001  0.37203975E+000  0.31421999E+001  0.11739997E+003
  0.36541554E-001  0.37204136E+000  0.31421670E+001  0.11739996E+003
  0.36541685E-001  0.37204304E+000  0.31421354E+001  0.11739996E+003
  0.36541816E-001  0.37204478E+000  0.31421053E+001  0.11739994E+003
  0.36541947E-001  0.37204656E+000  0.31420768E+001  0.11739993E+003
  0.36542077E-001  0.37204836E+000  0.31420498E+001  0.11739992E+003
  0.36542205E-001  0.37205016E+000  0.31420244E+001  0.11739990E+003
  0.36542331E-001  0.37205196E+000  0.31420008E+001  0.11739988E+003
  0.36542453E-001  0.37205373E+000  0.31419788E+001  0.11739987E+003
  0.36542573E-001  0.37205547E+000  0.31419585E+001  0.11739985E+003
  0.36542688E-001  0.37205717E+000  0.31419398E+001  0.11739983E+003
  0.36542800E-001  0.37205882E+000  0.31419228E+001  0.11739980E+003
  0.36542907E-001  0.37206042E+000  0.31419074E+001  0.11739978E+003
  0.36543010E-001  0.37206196E+000  0.31418935E+001  0.11739976E+003
  0.36543109E-001  0.37206344E+000  0.31418812E+001  0.11739974E+003
  0.36543202E-001  0.37206484E+000  0.31418703E+001  0.11739971E+003
  0.36543291E-001  0.37206618E+000  0.31418608E+001  0.11739969E+003
  0.36543375E-001  0.37206745E+000  0.31418526E+001  0.11739966E+003
  0.36543455E-001  0.37206865E+000  0.31418456E+001  0.11739964E+003
  0.36543529E-001  0.37206977E+000  0.31418398E+001  0.11739962E+003
  0.36543599E-001  0.37207083E+000  0.31418351E+001  0.11739959E+003
  0.36543665E-001  0.37207181E+000  0.31418314E+001  0.11739957E+003
  0.36543725E-001  0.37207273E+000  0.31418287E+001  0.11739955E+003
  0.36543782E-001  0.37207358E+000  0.31418268E+001  0.11739952E+003
  0.36543834E-001  0.37207437E+000  0.31418257E+001  0.11739950E+003
  0.36543883E-001  0.37207509E+000  0.31418253E+001  0.11739948E+003
  0.36543927E-001  0.37207575E+000  0.31418255E+001  0.11739946E+003
  0.36543968E-001  0.37207635E+000  0.31418263E+001  0.11739944E+003
  0.36544005E-001  0.37207690E+000  0.31418276E+001  0.11739942E+003
  0.36544038E-001  0.37207740E+000  0.31418294E+001  0.11739940E+003
  0.36544069E-001  0.37207785E+000  0.31418315E+001  0.11739938E+003
  0.36544096E-001  0.37207825E+000  0.31418340E+001  0.11739937E+003
  0.36544120E-001  0.37207860E+000  0.31418367E+001  0.11739935E+003
  0.36544142E-001  0.37207892E+000  0.31418397E+001  0.11739933E+003
  0.36544161E-001  0.37207920E+000  0.31418429E+001  0.11739932E+003
  0.36544178E-001  0.37207944E+000  0.31418462E+001  0.11739930E+003
  0.36544193E-001  0.37207965E+000  0.31418496E+001  0.11739929E+003
  0.36544205E-001  0.37207982E+000  0.31418530E+001  0.11739928E+003
  0.36544216E-001  0.37207997E+000  0.31418565E+001  0.11739927E+003
  0.36544225E-001  0.37208010E+000  0.31418601E+001  0.11739926E+003
  0.36544232E-001  0.37208020E+000  0.31418636E+001  0.11739924E+003
  0.36544238E-001  0.37208028E+000  0.31418670E+001  0.11739923E+003
  0.36544243E-001  0.37208034E+000  0.31418704E+001  0.11739923E+003
  0.36544246E-001  0.37208038E+000  0.31418738E+001  0.11739922E+003
  0.36544249E-001  0.37208040E+000  0.31418770E+001  0.11739921E+003
  0.36544250E-001  0.37208042E+000  0.31418802E+001  0.11739920E+003
  0.36544251E-001  0.37208042E+000  0.31418833E+001  0.11739920E+003
  0.36544250E-001  0.37208041E+000  0.31418862E+001  0.11739919E+003
  0.36544249E-001  0.37208039E+000  0.31418890E+001  0.11739918E+003
  0.36544248E-001  0.37208036E+000  0.31418917E+001  0.11739918E+003
  0.36544246E-001  0.37208032E+000  0.31418943E+001  0.11739918E+003
  0.36544244E-001  0.37208028E+000  0.31418967E+001  0.11739917E+003
  0.36544241E-001  0.37208024E+000  0.31418990E+001  0.11739917E+003
  0.36544238E-001  0.37208019E+000  0.31419011E+001  0.11739916E+003
  0.36544234E-001  0.37208013E+000  0.31419032E+001  0.11739916E+003
  0.36544231E-001  0.37208008E+000  0.31419051E+001  0.11739916E+003
  0.36544227E-001  0.37208002E+000  0.31419068E+001  0.11739916E+003
  0.36544224E-001  0.37207996E+000  0.31419085E+001  0.11739915E+003
  0.36544220E-001  0.37207991E+000  0.31419100E+001  0.11739915E+003
  0.36544216E-001  0.37207985E+000  0.31419115E+001  0.11739915E+003
  0.36544212E-001  0.37207979E+000  0.31419128E+001  0.11739915E+003
  0.36544208E-001  0.37207973E+000  0.31419140E+001  0.11739915E+003
  0.36544203E-001  0.37207968E+000  0.31419151E+001  0.11739914E+003
