  0.15876857E+001
  0.15879607E+001
  0.15881837E+001
  0.15883649E+001
  0.15885082E+001
  0.15886237E+001
  0.15887111E+001
  0.15887778E+001
  0.15888282E+001
  0.15888617E+001
  0.15888831E+001
  0.15888943E+001
  0.15888963E+001
  0.15888914E+001
  0.15888806E+001
  0.15888643E+001
  0.15888438E+001
  0.15888201E+001
  0.15887932E+001
  0.15887642E+001
  0.15887331E+001
  0.15887006E+001
  0.15886668E+001
  0.15886320E+001
  0.15885965E+001
  0.15885605E+001
  0.15885241E+001
  0.15884875E+001
  0.15884508E+001
  0.15884142E+001
  0.15883777E+001
  0.15883416E+001
  0.15883058E+001
  0.15882704E+001
  0.15882357E+001
  0.15882016E+001
  0.15881682E+001
  0.15881355E+001
  0.15881038E+001
  0.15880730E+001
  0.15880432E+001
  0.15880144E+001
  0.15879867E+001
  0.15879602E+001
  0.15879350E+001
  0.15879109E+001
  0.15878881E+001
  0.15878666E+001
  0.15878465E+001
  0.15878276E+001
  0.15878101E+001
  0.15877939E+001
  0.15877790E+001
  0.15877654E+001
  0.15877530E+001
  0.15877419E+001
  0.15877319E+001
  0.15877230E+001
  0.15877151E+001
  0.15877083E+001
  0.15877023E+001
  0.15876972E+001
  0.15876929E+001
  0.15876893E+001
  0.15876863E+001
  0.15876839E+001
  0.15876819E+001
  0.15876804E+001
  0.15876793E+001
  0.15876784E+001
  0.15876779E+001
  0.15876775E+001
  0.15876773E+001
  0.15876773E+001
  0.15876773E+001
  0.15876775E+001
  0.15876777E+001
  0.15876779E+001
  0.15876782E+001
  0.15876785E+001
  0.15876788E+001
  0.15876792E+001
  0.15876795E+001
  0.15876798E+001
  0.15876801E+001
  0.15876805E+001
  0.15876808E+001
  0.15876811E+001
  0.15876814E+001
  0.15876817E+001
  0.15876819E+001
  0.15876822E+001
  0.15876825E+001
  0.15876827E+001
  0.15876830E+001
  0.15876832E+001
  0.15876834E+001
  0.15876836E+001
  0.15876838E+001
  0.15876840E+001
  0.15876841E+001
  0.15876843E+001
  0.15876844E+001
  0.15876846E+001
  0.15876847E+001
  0.15876848E+001
  0.15876849E+001
  0.15876850E+001
  0.15876851E+001
  0.15876852E+001
  0.15876852E+001
  0.15876853E+001
  0.15876854E+001
  0.15876854E+001
  0.15876855E+001
  0.15876855E+001
  0.15876855E+001
  0.15876856E+001
  0.15876856E+001
  0.15876856E+001
  0.15876857E+001
  0.15876857E+001
  0.15876857E+001
  0.15876857E+001
  0.15876857E+001
  0.15876857E+001
  0.15876857E+001
  0.15876857E+001
  0.15876858E+001
  0.15876858E+001
  0.15876858E+001
  0.15876858E+001
  0.15876858E+001
  0.15876858E+001
  0.15876858E+001
  0.15876858E+001
  0.15876858E+001
  0.15876858E+001
  0.15876858E+001
  0.15876858E+001
  0.15876858E+001
  0.15876858E+001
  0.15876858E+001
  0.15876858E+001
  0.15876858E+001
  0.15876858E+001
  0.15876858E+001
  0.15876857E+001
  0.15876857E+001
  0.15876857E+001
  0.15876857E+001
  0.15876857E+001
  0.15876857E+001
  0.15876857E+001
  0.15876857E+001
  0.15876857E+001
  0.15876857E+001
  0.15876857E+001
  0.15876857E+001
  0.15876857E+001
  0.15876857E+001
  0.15876857E+001
  0.15876857E+001
  0.15876857E+001
  0.15876857E+001
  0.15876857E+001
  0.15876857E+001
  0.15876857E+001
  0.15876857E+001
  0.15876857E+001
  0.15876857E+001
  0.15876857E+001
  0.15876857E+001
  0.15876857E+001
  0.15876857E+001
  0.15876857E+001
  0.15876857E+001
  0.15876857E+001
  0.15876857E+001
  0.15876857E+001
  0.15876857E+001
  0.15876857E+001
  0.15876857E+001
  0.15876857E+001
  0.15876857E+001
  0.15876857E+001
  0.15876857E+001
  0.15876857E+001
  0.15876857E+001
  0.15876857E+001
  0.15876857E+001
  0.15876857E+001
  0.15876857E+001
  0.15876857E+001
  0.15876857E+001
  0.15876857E+001
  0.15876857E+001
  0.15876857E+001
  0.15876857E+001
  0.15876857E+001
