  0.11509555E+001  0.57173207E+000  0.91500041E+000  0.37130552E+001
  0.11372582E+001  0.57599073E+000  0.92501002E+000  0.37135843E+001
  0.11321005E+001  0.57837708E+000  0.92647448E+000  0.37157830E+001
  0.11282510E+001  0.58304838E+000  0.92437732E+000  0.37177835E+001
  0.11259692E+001  0.58217401E+000  0.92233826E+000  0.37235519E+001
  0.11236578E+001  0.57901619E+000  0.92480070E+000  0.37270205E+001
  0.11193011E+001  0.58239674E+000  0.92330188E+000  0.37298450E+001
  0.11159607E+001  0.58392725E+000  0.91916370E+000  0.37354185E+001
  0.11146907E+001  0.58256884E+000  0.92174170E+000  0.37363118E+001
  0.11138127E+001  0.58056872E+000  0.92212647E+000  0.37389393E+001
  0.11138749E+001  0.57809988E+000  0.92105911E+000  0.37424991E+001
  0.11133669E+001  0.57825814E+000  0.92110594E+000  0.37428467E+001
  0.11130345E+001  0.57635355E+000  0.92307652E+000  0.37431211E+001
  0.11122925E+001  0.57639280E+000  0.92343498E+000  0.37434458E+001
  0.11094607E+001  0.57899250E+000  0.92317529E+000  0.37438943E+001
  0.11093967E+001  0.57830849E+000  0.92353263E+000  0.37442198E+001
  0.11043400E+001  0.58270752E+000  0.92362606E+000  0.37447021E+001
  0.11036951E+001  0.58208010E+000  0.92450343E+000  0.37450022E+001
  0.11035931E+001  0.58174580E+000  0.92451293E+000  0.37453215E+001
  0.11033886E+001  0.58121594E+000  0.92482346E+000  0.37456292E+001
  0.11031962E+001  0.58113375E+000  0.92465811E+000  0.37459449E+001
  0.11030522E+001  0.58097643E+000  0.92453514E+000  0.37462391E+001
  0.11028867E+001  0.58081746E+000  0.92443567E+000  0.37465280E+001
  0.11027461E+001  0.58067404E+000  0.92429797E+000  0.37468105E+001
  0.11024273E+001  0.58072547E+000  0.92409276E+000  0.37471410E+001
  0.11022669E+001  0.58059099E+000  0.92379607E+000  0.37475884E+001
  0.11021220E+001  0.58047065E+000  0.92365551E+000  0.37478486E+001
  0.11019761E+001  0.58035323E+000  0.92355051E+000  0.37480705E+001
  0.11018282E+001  0.57984376E+000  0.92384231E+000  0.37482894E+001
  0.11016817E+001  0.57973358E+000  0.92371709E+000  0.37485247E+001
  0.11015356E+001  0.57962717E+000  0.92359690E+000  0.37487517E+001
  0.11013901E+001  0.57952473E+000  0.92347948E+000  0.37489724E+001
  0.11012454E+001  0.57941488E+000  0.92338040E+000  0.37491828E+001
  0.11011031E+001  0.57929599E+000  0.92329801E+000  0.37493852E+001
  0.11007651E+001  0.57940108E+000  0.92319731E+000  0.37495797E+001
  0.11006242E+001  0.57931473E+000  0.92310132E+000  0.37497664E+001
  0.11004850E+001  0.57923248E+000  0.92301205E+000  0.37499437E+001
  0.11003474E+001  0.57915432E+000  0.92292525E+000  0.37501157E+001
  0.11002118E+001  0.57908023E+000  0.92284296E+000  0.37502807E+001
  0.11000783E+001  0.57901018E+000  0.92276509E+000  0.37504389E+001
  0.11001430E+001  0.57874798E+000  0.92269160E+000  0.37505905E+001
  0.11000141E+001  0.57870895E+000  0.92259919E+000  0.37507359E+001
  0.10998876E+001  0.57865059E+000  0.92253421E+000  0.37508751E+001
  0.10997636E+001  0.57859624E+000  0.92247316E+000  0.37510084E+001
  0.10996424E+001  0.57854534E+000  0.92241645E+000  0.37511361E+001
  0.10995240E+001  0.57849802E+000  0.92236378E+000  0.37512583E+001
  0.10994085E+001  0.57845416E+000  0.92231510E+000  0.37513752E+001
  0.10992960E+001  0.57842472E+000  0.92225923E+000  0.37514870E+001
  0.10991868E+001  0.57838740E+000  0.92221826E+000  0.37515939E+001
  0.10990808E+001  0.57835689E+000  0.92217729E+000  0.37516960E+001
  0.10989781E+001  0.57832558E+000  0.92214368E+000  0.37517935E+001
  0.10988789E+001  0.57829709E+000  0.92211353E+000  0.37518866E+001
  0.10987832E+001  0.57827124E+000  0.92208673E+000  0.37519753E+001
  0.10986911E+001  0.57824794E+000  0.92206312E+000  0.37520599E+001
  0.10986025E+001  0.57822698E+000  0.92204256E+000  0.37521404E+001
  0.10985177E+001  0.57820819E+000  0.92202486E+000  0.37522171E+001
  0.10984366E+001  0.57819142E+000  0.92200983E+000  0.37522900E+001
  0.10983593E+001  0.57857629E+000  0.92159746E+000  0.37523593E+001
  0.10982857E+001  0.57856323E+000  0.92158697E+000  0.37524250E+001
  0.10982159E+001  0.57855175E+000  0.92176155E+000  0.37523043E+001
  0.10981498E+001  0.57854171E+000  0.92175488E+000  0.37523633E+001
  0.10980875E+001  0.57853299E+000  0.92174971E+000  0.37524191E+001
  0.10980290E+001  0.57852547E+000  0.92175816E+000  0.37524037E+001
  0.10979741E+001  0.57854316E+000  0.92170908E+000  0.37525312E+001
  0.10979229E+001  0.57853769E+000  0.92170710E+000  0.37525780E+001
  0.10978752E+001  0.57853309E+000  0.92170579E+000  0.37526218E+001
  0.10978311E+001  0.57852927E+000  0.92170499E+000  0.37526628E+001
  0.10977903E+001  0.57852616E+000  0.92170456E+000  0.37527011E+001
  0.10977529E+001  0.57852367E+000  0.92170438E+000  0.37527366E+001
  0.10977187E+001  0.57852175E+000  0.92170438E+000  0.37527694E+001
  0.10976875E+001  0.57852033E+000  0.92170449E+000  0.37527996E+001
  0.10976665E+001  0.57851225E+000  0.92170467E+000  0.37528271E+001
  0.10976410E+001  0.57851169E+000  0.92170490E+000  0.37528521E+001
  0.10976183E+001  0.57851151E+000  0.92170518E+000  0.37528746E+001
  0.10975980E+001  0.57851166E+000  0.92170550E+000  0.37528947E+001
  0.10975800E+001  0.57851212E+000  0.92170591E+000  0.37529124E+001
  0.10975641E+001  0.57851285E+000  0.92170641E+000  0.37529279E+001
  0.10975501E+001  0.57851383E+000  0.92170703E+000  0.37529412E+001
  0.10975379E+001  0.57851502E+000  0.92170781E+000  0.37529526E+001
  0.10975273E+001  0.57851642E+000  0.92170877E+000  0.37529621E+001
  0.10975180E+001  0.57851798E+000  0.92170992E+000  0.37529699E+001
  0.10975100E+001  0.57851969E+000  0.92171129E+000  0.37529762E+001
  0.10975030E+001  0.57852151E+000  0.92171289E+000  0.37529811E+001
  0.10974969E+001  0.57852333E+000  0.92171472E+000  0.37529847E+001
  0.10974916E+001  0.57852530E+000  0.92171678E+000  0.37529873E+001
  0.10974868E+001  0.57852731E+000  0.92171908E+000  0.37529891E+001
  0.10974826E+001  0.57852933E+000  0.92172159E+000  0.37529900E+001
  0.10974788E+001  0.57853134E+000  0.92172430E+000  0.37529904E+001
  0.10974752E+001  0.57853332E+000  0.92172720E+000  0.37529902E+001
  0.10974720E+001  0.57853523E+000  0.92173027E+000  0.37529896E+001
  0.10974689E+001  0.57853707E+000  0.92173349E+000  0.37529888E+001
  0.10974660E+001  0.57853881E+000  0.92173683E+000  0.37529877E+001
  0.10974632E+001  0.57854044E+000  0.92174027E+000  0.37529865E+001
  0.10974604E+001  0.57854194E+000  0.92174379E+000  0.37529852E+001
  0.10974578E+001  0.57854329E+000  0.92174737E+000  0.37529839E+001
  0.10974552E+001  0.57854449E+000  0.92175099E+000  0.37529825E+001
  0.10974528E+001  0.57854552E+000  0.92175462E+000  0.37529812E+001
  0.10974504E+001  0.57854679E+000  0.92175784E+000  0.37529799E+001
  0.10974481E+001  0.57854745E+000  0.92176146E+000  0.37529786E+001
  0.10974459E+001  0.57854792E+000  0.92176504E+000  0.37529775E+001
  0.10974439E+001  0.57854820E+000  0.92176858E+000  0.37529764E+001
  0.10974420E+001  0.57854828E+000  0.92177204E+000  0.37529753E+001
  0.10974403E+001  0.57854815E+000  0.92177544E+000  0.37529744E+001
  0.10974387E+001  0.57854782E+000  0.92177875E+000  0.37529735E+001
  0.10974373E+001  0.57854729E+000  0.92178195E+000  0.37529727E+001
  0.10974361E+001  0.57854657E+000  0.92178505E+000  0.37529719E+001
  0.10974351E+001  0.57854565E+000  0.92178804E+000  0.37529713E+001
  0.10974344E+001  0.57854455E+000  0.92179090E+000  0.37529707E+001
  0.10974338E+001  0.57854327E+000  0.92179362E+000  0.37529701E+001
  0.10974334E+001  0.57854182E+000  0.92179621E+000  0.37529696E+001
  0.10974333E+001  0.57854023E+000  0.92179866E+000  0.37529692E+001
  0.10974334E+001  0.57853849E+000  0.92180095E+000  0.37529688E+001
  0.10974337E+001  0.57853663E+000  0.92180309E+000  0.37529685E+001
  0.10974342E+001  0.57853465E+000  0.92180507E+000  0.37529682E+001
  0.10974349E+001  0.57853259E+000  0.92180690E+000  0.37529679E+001
  0.10974359E+001  0.57853045E+000  0.92180856E+000  0.37529676E+001
  0.10974369E+001  0.57852825E+000  0.92181006E+000  0.37529674E+001
  0.10974382E+001  0.57852601E+000  0.92181139E+000  0.37529672E+001
  0.10974396E+001  0.57852375E+000  0.92181256E+000  0.37529669E+001
  0.10974412E+001  0.57852148E+000  0.92181358E+000  0.37529667E+001
  0.10974429E+001  0.57851923E+000  0.92181443E+000  0.37529665E+001
  0.10974447E+001  0.57851701E+000  0.92181512E+000  0.37529663E+001
  0.10974466E+001  0.57851483E+000  0.92181567E+000  0.37529661E+001
  0.10974486E+001  0.57851272E+000  0.92181606E+000  0.37529659E+001
  0.10974507E+001  0.57851068E+000  0.92181632E+000  0.37529656E+001
  0.10974529E+001  0.57850873E+000  0.92181644E+000  0.37529654E+001
  0.10974550E+001  0.57850687E+000  0.92181643E+000  0.37529651E+001
  0.10974572E+001  0.57850513E+000  0.92181630E+000  0.37529648E+001
  0.10974595E+001  0.57850349E+000  0.92181606E+000  0.37529645E+001
  0.10974617E+001  0.57850198E+000  0.92181571E+000  0.37529641E+001
  0.10974639E+001  0.57850059E+000  0.92181527E+000  0.37529638E+001
  0.10974661E+001  0.57849933E+000  0.92181474E+000  0.37529634E+001
  0.10974682E+001  0.57849820E+000  0.92181413E+000  0.37529630E+001
  0.10974703E+001  0.57849720E+000  0.92181345E+000  0.37529626E+001
  0.10974724E+001  0.57849633E+000  0.92181271E+000  0.37529621E+001
  0.10974743E+001  0.57849558E+000  0.92181192E+000  0.37529617E+001
  0.10974763E+001  0.57849496E+000  0.92181109E+000  0.37529612E+001
  0.10974781E+001  0.57849445E+000  0.92181023E+000  0.37529608E+001
  0.10974799E+001  0.57849406E+000  0.92180934E+000  0.37529603E+001
  0.10974815E+001  0.57849377E+000  0.92180843E+000  0.37529598E+001
  0.10974831E+001  0.57849358E+000  0.92180751E+000  0.37529593E+001
  0.10974846E+001  0.57849348E+000  0.92180659E+000  0.37529588E+001
  0.10974860E+001  0.57849347E+000  0.92180567E+000  0.37529583E+001
  0.10974873E+001  0.57849353E+000  0.92180477E+000  0.37529579E+001
  0.10974885E+001  0.57849366E+000  0.92180387E+000  0.37529574E+001
  0.10974897E+001  0.57849386E+000  0.92180300E+000  0.37529570E+001
  0.10974907E+001  0.57849410E+000  0.92180215E+000  0.37529565E+001
  0.10974916E+001  0.57849440E+000  0.92180132E+000  0.37529561E+001
  0.10974925E+001  0.57849473E+000  0.92180052E+000  0.37529557E+001
  0.10974932E+001  0.57849510E+000  0.92179976E+000  0.37529553E+001
  0.10974939E+001  0.57849549E+000  0.92179903E+000  0.37529550E+001
  0.10974945E+001  0.57849590E+000  0.92179834E+000  0.37529547E+001
  0.10974950E+001  0.57849633E+000  0.92179768E+000  0.37529544E+001
  0.10974955E+001  0.57849676E+000  0.92179706E+000  0.37529541E+001
  0.10974959E+001  0.57849720E+000  0.92179648E+000  0.37529538E+001
  0.10974962E+001  0.57849764E+000  0.92179594E+000  0.37529536E+001
  0.10974964E+001  0.57849808E+000  0.92179543E+000  0.37529534E+001
  0.10974966E+001  0.57849851E+000  0.92179497E+000  0.37529532E+001
  0.10974968E+001  0.57849893E+000  0.92179453E+000  0.37529531E+001
  0.10974969E+001  0.57849934E+000  0.92179414E+000  0.37529530E+001
  0.10974970E+001  0.57849973E+000  0.92179377E+000  0.37529529E+001
  0.10974970E+001  0.57850011E+000  0.92179344E+000  0.37529528E+001
  0.10974970E+001  0.57850046E+000  0.92179314E+000  0.37529527E+001
  0.10974969E+001  0.57850081E+000  0.92179287E+000  0.37529527E+001
  0.10974968E+001  0.57850113E+000  0.92179262E+000  0.37529527E+001
  0.10974967E+001  0.57850143E+000  0.92179241E+000  0.37529527E+001
  0.10974966E+001  0.57850171E+000  0.92179221E+000  0.37529528E+001
  0.10974964E+001  0.57850197E+000  0.92179204E+000  0.37529528E+001
  0.10974963E+001  0.57850221E+000  0.92179190E+000  0.37529529E+001
  0.10974961E+001  0.57850243E+000  0.92179177E+000  0.37529530E+001
  0.10974959E+001  0.57850264E+000  0.92179166E+000  0.37529530E+001
  0.10974957E+001  0.57850282E+000  0.92179156E+000  0.37529531E+001
  0.10974955E+001  0.57850299E+000  0.92179148E+000  0.37529533E+001
  0.10974953E+001  0.57850313E+000  0.92179142E+000  0.37529534E+001
  0.10974951E+001  0.57850327E+000  0.92179137E+000  0.37529535E+001
  0.10974949E+001  0.57850338E+000  0.92179133E+000  0.37529536E+001
  0.10974946E+001  0.57850349E+000  0.92179130E+000  0.37529538E+001
  0.10974944E+001  0.57850358E+000  0.92179128E+000  0.37529539E+001
  0.10974942E+001  0.57850365E+000  0.92179126E+000  0.37529541E+001
  0.10974940E+001  0.57850372E+000  0.92179126E+000  0.37529542E+001
  0.10974938E+001  0.57850377E+000  0.92179126E+000  0.37529544E+001
  0.10974936E+001  0.57850381E+000  0.92179127E+000  0.37529545E+001
  0.10974934E+001  0.57850385E+000  0.92179128E+000  0.37529546E+001
  0.10974932E+001  0.57850387E+000  0.92179129E+000  0.37529548E+001
  0.10974931E+001  0.57850389E+000  0.92179131E+000  0.37529549E+001
  0.10974929E+001  0.57850390E+000  0.92179133E+000  0.37529551E+001
  0.10974927E+001  0.57850390E+000  0.92179136E+000  0.37529552E+001
  0.10974926E+001  0.57850390E+000  0.92179138E+000  0.37529553E+001
  0.10974924E+001  0.57850390E+000  0.92179141E+000  0.37529554E+001
  0.10974923E+001  0.57850389E+000  0.92179144E+000  0.37529556E+001
  0.10974921E+001  0.57850388E+000  0.92179147E+000  0.37529557E+001
  0.10974920E+001  0.57850386E+000  0.92179150E+000  0.37529558E+001
  0.10974919E+001  0.57850384E+000  0.92179153E+000  0.37529559E+001
  0.10974918E+001  0.57850382E+000  0.92179156E+000  0.37529560E+001
  0.10974917E+001  0.57850380E+000  0.92179159E+000  0.37529561E+001
  0.10974916E+001  0.57850377E+000  0.92179162E+000  0.37529562E+001
  0.10974915E+001  0.57850375E+000  0.92179165E+000  0.37529562E+001
  0.10974914E+001  0.57850372E+000  0.92179167E+000  0.37529563E+001
  0.10974914E+001  0.57850369E+000  0.92179170E+000  0.37529564E+001
  0.10974913E+001  0.57850366E+000  0.92179173E+000  0.37529565E+001
