 -0.15587242E+000  0.23012029E+000  0.22770873E+001  0.39994080E+001
 -0.15348180E+000  0.23392652E+000  0.22795970E+001  0.39918016E+001
 -0.15203021E+000  0.23674721E+000  0.22814136E+001  0.39866045E+001
 -0.15100787E+000  0.23816221E+000  0.22833422E+001  0.39829637E+001
 -0.15027495E+000  0.23903280E+000  0.22848755E+001  0.39804001E+001
 -0.14975182E+000  0.23962225E+000  0.22860056E+001  0.39786192E+001
 -0.14939580E+000  0.24000123E+000  0.22868258E+001  0.39774136E+001
 -0.14916783E+000  0.24022761E+000  0.22874105E+001  0.39766415E+001
 -0.14903811E+000  0.24034086E+000  0.22878122E+001  0.39761982E+001
 -0.14898729E+000  0.24036693E+000  0.22880655E+001  0.39760020E+001
 -0.14899762E+000  0.24032730E+000  0.22882066E+001  0.39759967E+001
 -0.14905478E+000  0.24023593E+000  0.22882603E+001  0.39761362E+001
 -0.14914788E+000  0.24010407E+000  0.22882456E+001  0.39763839E+001
 -0.14926747E+000  0.23994085E+000  0.22881795E+001  0.39767133E+001
 -0.14940659E+000  0.23975327E+000  0.22880733E+001  0.39771028E+001
 -0.14956028E+000  0.23954715E+000  0.22879356E+001  0.39775351E+001
 -0.14972444E+000  0.23932785E+000  0.22877741E+001  0.39779982E+001
 -0.14989603E+000  0.23909958E+000  0.22875948E+001  0.39784825E+001
 -0.15007298E+000  0.23886525E+000  0.22874013E+001  0.39789799E+001
 -0.15025330E+000  0.23862774E+000  0.22871977E+001  0.39794851E+001
 -0.15043574E+000  0.23838901E+000  0.22869864E+001  0.39799933E+001
 -0.15061899E+000  0.23815085E+000  0.22867698E+001  0.39805012E+001
 -0.15080207E+000  0.23791447E+000  0.22865495E+001  0.39810059E+001
 -0.15098421E+000  0.23768086E+000  0.22863265E+001  0.39815054E+001
 -0.15116466E+000  0.23745086E+000  0.22861023E+001  0.39819981E+001
 -0.15134291E+000  0.23722504E+000  0.22858774E+001  0.39824828E+001
 -0.15151850E+000  0.23700391E+000  0.22856528E+001  0.39829586E+001
 -0.15169108E+000  0.23678778E+000  0.22854289E+001  0.39834247E+001
 -0.15186034E+000  0.23657691E+000  0.22852064E+001  0.39838807E+001
 -0.15202607E+000  0.23637147E+000  0.22849855E+001  0.39843262E+001
 -0.15218809E+000  0.23617161E+000  0.22847669E+001  0.39847609E+001
 -0.15234627E+000  0.23597741E+000  0.22845509E+001  0.39851847E+001
 -0.15250052E+000  0.23578899E+000  0.22843378E+001  0.39855973E+001
 -0.15265078E+000  0.23560640E+000  0.22841280E+001  0.39859987E+001
 -0.15279702E+000  0.23542970E+000  0.22839218E+001  0.39863888E+001
 -0.15293922E+000  0.23525896E+000  0.22837194E+001  0.39867676E+001
 -0.15307739E+000  0.23509422E+000  0.22835213E+001  0.39871350E+001
 -0.15321156E+000  0.23493555E+000  0.22833276E+001  0.39874911E+001
 -0.15334173E+000  0.23478299E+000  0.22831385E+001  0.39878359E+001
 -0.15346795E+000  0.23463659E+000  0.22829543E+001  0.39881695E+001
 -0.15359024E+000  0.23447739E+000  0.22827942E+001  0.39884918E+001
 -0.15370864E+000  0.23426898E+000  0.22826947E+001  0.39888031E+001
 -0.15382317E+000  0.23407022E+000  0.22825971E+001  0.39891034E+001
 -0.15393387E+000  0.23388105E+000  0.22825015E+001  0.39893928E+001
 -0.15404074E+000  0.23370143E+000  0.22824082E+001  0.39896714E+001
 -0.15414381E+000  0.23353126E+000  0.22823171E+001  0.39899395E+001
 -0.15424309E+000  0.23337045E+000  0.22822285E+001  0.39901971E+001
 -0.15433858E+000  0.23321886E+000  0.22821423E+001  0.39904445E+001
 -0.15443027E+000  0.23307636E+000  0.22820587E+001  0.39906816E+001
 -0.15451949E+000  0.23294408E+000  0.22819777E+001  0.39909086E+001
 -0.15460615E+000  0.23282175E+000  0.22818995E+001  0.39911258E+001
 -0.15468869E+000  0.23270763E+000  0.22818242E+001  0.39913330E+001
 -0.15476713E+000  0.23260149E+000  0.22817517E+001  0.39915305E+001
 -0.15484151E+000  0.23250311E+000  0.22816823E+001  0.39917182E+001
 -0.15491188E+000  0.23241226E+000  0.22816160E+001  0.39918962E+001
 -0.15497829E+000  0.23232866E+000  0.22815529E+001  0.39920646E+001
 -0.15504080E+000  0.23225206E+000  0.22814932E+001  0.39922235E+001
 -0.15509948E+000  0.23218217E+000  0.22814369E+001  0.39923728E+001
 -0.15515442E+000  0.23211870E+000  0.22813841E+001  0.39925126E+001
 -0.15520570E+000  0.23206135E+000  0.22813349E+001  0.39926430E+001
 -0.15525343E+000  0.23200985E+000  0.22812893E+001  0.39927641E+001
 -0.15529771E+000  0.23196388E+000  0.22812473E+001  0.39928759E+001
 -0.15533866E+000  0.23192318E+000  0.22812090E+001  0.39929786E+001
 -0.15537643E+000  0.23188745E+000  0.22811742E+001  0.39930723E+001
 -0.15541114E+000  0.23185642E+000  0.22811431E+001  0.39931573E+001
 -0.15544294E+000  0.23182981E+000  0.22811155E+001  0.39932336E+001
 -0.15547198E+000  0.23180737E+000  0.22810913E+001  0.39933015E+001
 -0.15549842E+000  0.23178884E+000  0.22810704E+001  0.39933613E+001
 -0.15552241E+000  0.23177398E+000  0.22810527E+001  0.39934133E+001
 -0.15554410E+000  0.23176255E+000  0.22810381E+001  0.39934577E+001
 -0.15556366E+000  0.23175431E+000  0.22810263E+001  0.39934951E+001
 -0.15558125E+000  0.23174904E+000  0.22810171E+001  0.39935256E+001
 -0.15559701E+000  0.23174651E+000  0.22810105E+001  0.39935498E+001
 -0.15561110E+000  0.23174650E+000  0.22810060E+001  0.39935682E+001
 -0.15562366E+000  0.23174879E+000  0.22810036E+001  0.39935811E+001
 -0.15563485E+000  0.23175318E+000  0.22810030E+001  0.39935891E+001
 -0.15564478E+000  0.23175943E+000  0.22810039E+001  0.39935927E+001
 -0.15565360E+000  0.23176734E+000  0.22810061E+001  0.39935924E+001
 -0.15566142E+000  0.23177671E+000  0.22810095E+001  0.39935886E+001
 -0.15566835E+000  0.23178733E+000  0.22810137E+001  0.39935819E+001
 -0.15567451E+000  0.23179901E+000  0.22810185E+001  0.39935728E+001
 -0.15567999E+000  0.23181157E+000  0.22810238E+001  0.39935617E+001
 -0.15568487E+000  0.23182482E+000  0.22810294E+001  0.39935491E+001
 -0.15568925E+000  0.23183861E+000  0.22810351E+001  0.39935353E+001
 -0.15569318E+000  0.23185278E+000  0.22810407E+001  0.39935207E+001
 -0.15569673E+000  0.23186719E+000  0.22810463E+001  0.39935056E+001
 -0.15569996E+000  0.23188171E+000  0.22810516E+001  0.39934902E+001
 -0.15570291E+000  0.23189623E+000  0.22810566E+001  0.39934749E+001
 -0.15570563E+000  0.23191064E+000  0.22810612E+001  0.39934598E+001
 -0.15570816E+000  0.23192485E+000  0.22810655E+001  0.39934450E+001
 -0.15571051E+000  0.23193877E+000  0.22810694E+001  0.39934307E+001
 -0.15571272E+000  0.23195233E+000  0.22810729E+001  0.39934169E+001
 -0.15571480E+000  0.23196546E+000  0.22810761E+001  0.39934037E+001
 -0.15571678E+000  0.23197809E+000  0.22810790E+001  0.39933911E+001
 -0.15571866E+000  0.23199018E+000  0.22810818E+001  0.39933791E+001
 -0.15572046E+000  0.23200166E+000  0.22810844E+001  0.39933677E+001
 -0.15572219E+000  0.23201248E+000  0.22810870E+001  0.39933568E+001
 -0.15572386E+000  0.23202260E+000  0.22810897E+001  0.39933465E+001
 -0.15572547E+000  0.23203198E+000  0.22810926E+001  0.39933366E+001
 -0.15572702E+000  0.23204056E+000  0.22810957E+001  0.39933271E+001
 -0.15572853E+000  0.23204832E+000  0.22810993E+001  0.39933180E+001
 -0.15572999E+000  0.23205522E+000  0.22811033E+001  0.39933091E+001
 -0.15573142E+000  0.23206122E+000  0.22811079E+001  0.39933005E+001
 -0.15573281E+000  0.23206631E+000  0.22811132E+001  0.39932921E+001
 -0.15573416E+000  0.23207045E+000  0.22811192E+001  0.39932837E+001
 -0.15573548E+000  0.23207364E+000  0.22811261E+001  0.39932755E+001
 -0.15573677E+000  0.23207586E+000  0.22811337E+001  0.39932673E+001
 -0.15573803E+000  0.23207712E+000  0.22811423E+001  0.39932591E+001
 -0.15573927E+000  0.23207742E+000  0.22811518E+001  0.39932509E+001
 -0.15574047E+000  0.23207676E+000  0.22811621E+001  0.39932428E+001
 -0.15574165E+000  0.23207517E+000  0.22811734E+001  0.39932346E+001
 -0.15574281E+000  0.23207267E+000  0.22811855E+001  0.39932264E+001
 -0.15574393E+000  0.23206930E+000  0.22811984E+001  0.39932182E+001
 -0.15574503E+000  0.23206510E+000  0.22812120E+001  0.39932101E+001
 -0.15574611E+000  0.23206010E+000  0.22812263E+001  0.39932020E+001
 -0.15574715E+000  0.23205437E+000  0.22812412E+001  0.39931941E+001
 -0.15574817E+000  0.23204796E+000  0.22812566E+001  0.39931863E+001
 -0.15574916E+000  0.23204092E+000  0.22812723E+001  0.39931787E+001
 -0.15575012E+000  0.23203333E+000  0.22812882E+001  0.39931715E+001
 -0.15575105E+000  0.23202523E+000  0.22813043E+001  0.39931645E+001
 -0.15575195E+000  0.23201671E+000  0.22813204E+001  0.39931580E+001
 -0.15575281E+000  0.23200783E+000  0.22813363E+001  0.39931519E+001
 -0.15575365E+000  0.23199866E+000  0.22813519E+001  0.39931463E+001
 -0.15575445E+000  0.23198926E+000  0.22813672E+001  0.39931413E+001
 -0.15575522E+000  0.23197969E+000  0.22813819E+001  0.39931370E+001
 -0.15575595E+000  0.23197003E+000  0.22813960E+001  0.39931333E+001
 -0.15575665E+000  0.23196033E+000  0.22814094E+001  0.39931304E+001
 -0.15575731E+000  0.23195065E+000  0.22814219E+001  0.39931282E+001
 -0.15575794E+000  0.23194105E+000  0.22814335E+001  0.39931269E+001
 -0.15575854E+000  0.23193156E+000  0.22814441E+001  0.39931264E+001
 -0.15575909E+000  0.23192224E+000  0.22814536E+001  0.39931268E+001
 -0.15575962E+000  0.23191313E+000  0.22814621E+001  0.39931280E+001
 -0.15576011E+000  0.23190427E+000  0.22814693E+001  0.39931301E+001
 -0.15576057E+000  0.23189569E+000  0.22814754E+001  0.39931330E+001
 -0.15576099E+000  0.23188741E+000  0.22814803E+001  0.39931368E+001
 -0.15576138E+000  0.23187947E+000  0.22814841E+001  0.39931414E+001
 -0.15576174E+000  0.23187187E+000  0.22814866E+001  0.39931468E+001
 -0.15576207E+000  0.23186464E+000  0.22814880E+001  0.39931530E+001
 -0.15576237E+000  0.23185779E+000  0.22814883E+001  0.39931598E+001
 -0.15576264E+000  0.23185132E+000  0.22814875E+001  0.39931673E+001
 -0.15576289E+000  0.23184524E+000  0.22814858E+001  0.39931754E+001
 -0.15576310E+000  0.23183955E+000  0.22814830E+001  0.39931840E+001
 -0.15576330E+000  0.23183426E+000  0.22814794E+001  0.39931931E+001
 -0.15576347E+000  0.23182934E+000  0.22814750E+001  0.39932026E+001
 -0.15576361E+000  0.23182481E+000  0.22814699E+001  0.39932125E+001
 -0.15576374E+000  0.23182065E+000  0.22814640E+001  0.39932226E+001
 -0.15576385E+000  0.23181685E+000  0.22814576E+001  0.39932328E+001
 -0.15576393E+000  0.23181340E+000  0.22814507E+001  0.39932433E+001
 -0.15576400E+000  0.23181028E+000  0.22814434E+001  0.39932538E+001
 -0.15576406E+000  0.23180749E+000  0.22814358E+001  0.39932643E+001
 -0.15576410E+000  0.23180500E+000  0.22814278E+001  0.39932747E+001
 -0.15576412E+000  0.23180281E+000  0.22814197E+001  0.39932850E+001
 -0.15576414E+000  0.23180089E+000  0.22814115E+001  0.39932952E+001
 -0.15576414E+000  0.23179923E+000  0.22814032E+001  0.39933052E+001
 -0.15576413E+000  0.23179782E+000  0.22813949E+001  0.39933148E+001
 -0.15576411E+000  0.23179664E+000  0.22813866E+001  0.39933243E+001
 -0.15576408E+000  0.23179566E+000  0.22813785E+001  0.39933333E+001
 -0.15576405E+000  0.23179489E+000  0.22813705E+001  0.39933421E+001
 -0.15576401E+000  0.23179429E+000  0.22813627E+001  0.39933504E+001
 -0.15576396E+000  0.23179386E+000  0.22813551E+001  0.39933583E+001
 -0.15576391E+000  0.23179358E+000  0.22813479E+001  0.39933658E+001
 -0.15576385E+000  0.23179343E+000  0.22813409E+001  0.39933729E+001
 -0.15576380E+000  0.23179341E+000  0.22813342E+001  0.39933795E+001
 -0.15576373E+000  0.23179350E+000  0.22813278E+001  0.39933857E+001
 -0.15576367E+000  0.23179369E+000  0.22813218E+001  0.39933915E+001
 -0.15576360E+000  0.23179396E+000  0.22813162E+001  0.39933968E+001
 -0.15576354E+000  0.23179431E+000  0.22813109E+001  0.39934017E+001
 -0.15576347E+000  0.23179472E+000  0.22813059E+001  0.39934061E+001
 -0.15576340E+000  0.23179519E+000  0.22813014E+001  0.39934101E+001
 -0.15576333E+000  0.23179570E+000  0.22812972E+001  0.39934138E+001
 -0.15576327E+000  0.23179626E+000  0.22812933E+001  0.39934170E+001
 -0.15576320E+000  0.23179684E+000  0.22812898E+001  0.39934198E+001
 -0.15576314E+000  0.23179745E+000  0.22812866E+001  0.39934223E+001
 -0.15576307E+000  0.23179807E+000  0.22812837E+001  0.39934245E+001
 -0.15576301E+000  0.23179871E+000  0.22812812E+001  0.39934264E+001
 -0.15576295E+000  0.23179935E+000  0.22812790E+001  0.39934279E+001
 -0.15576289E+000  0.23180000E+000  0.22812770E+001  0.39934291E+001
 -0.15576283E+000  0.23180064E+000  0.22812753E+001  0.39934301E+001
 -0.15576278E+000  0.23180128E+000  0.22812738E+001  0.39934309E+001
 -0.15576272E+000  0.23180191E+000  0.22812726E+001  0.39934314E+001
 -0.15576267E+000  0.23180252E+000  0.22812716E+001  0.39934317E+001
 -0.15576262E+000  0.23180312E+000  0.22812708E+001  0.39934319E+001
 -0.15576258E+000  0.23180371E+000  0.22812702E+001  0.39934318E+001
 -0.15576253E+000  0.23180427E+000  0.22812698E+001  0.39934317E+001
 -0.15576249E+000  0.23180482E+000  0.22812695E+001  0.39934314E+001
 -0.15576245E+000  0.23180534E+000  0.22812694E+001  0.39934309E+001
 -0.15576241E+000  0.23180585E+000  0.22812694E+001  0.39934304E+001
 -0.15576238E+000  0.23180633E+000  0.22812695E+001  0.39934297E+001
 -0.15576235E+000  0.23180679E+000  0.22812697E+001  0.39934290E+001
 -0.15576231E+000  0.23180722E+000  0.22812700E+001  0.39934283E+001
 -0.15576228E+000  0.23180764E+000  0.22812704E+001  0.39934274E+001
 -0.15576226E+000  0.23180802E+000  0.22812708E+001  0.39934266E+001
 -0.15576223E+000  0.23180839E+000  0.22812713E+001  0.39934257E+001
 -0.15576221E+000  0.23180874E+000  0.22812719E+001  0.39934248E+001
 -0.15576218E+000  0.23180906E+000  0.22812725E+001  0.39934238E+001
 -0.15576216E+000  0.23180936E+000  0.22812731E+001  0.39934229E+001
 -0.15576215E+000  0.23180964E+000  0.22812737E+001  0.39934220E+001
 -0.15576213E+000  0.23180989E+000  0.22812744E+001  0.39934211E+001
 -0.15576211E+000  0.23181013E+000  0.22812750E+001  0.39934202E+001
 -0.15576208E+000  0.23181036E+000  0.22812757E+001  0.39934193E+001
