 -0.50351565E-001
 -0.49794000E-001
 -0.49375885E-001
 -0.49063364E-001
 -0.48830196E-001
 -0.48657539E-001
 -0.48534112E-001
 -0.48449501E-001
 -0.48395806E-001
 -0.48367151E-001
 -0.48358185E-001
 -0.48365058E-001
 -0.48384206E-001
 -0.48412917E-001
 -0.48449129E-001
 -0.48491212E-001
 -0.48537747E-001
 -0.48587602E-001
 -0.48639949E-001
 -0.48694020E-001
 -0.48749259E-001
 -0.48805143E-001
 -0.48861281E-001
 -0.48917356E-001
 -0.48973088E-001
 -0.49028271E-001
 -0.49082726E-001
 -0.49136311E-001
 -0.49188913E-001
 -0.49240440E-001
 -0.49290821E-001
 -0.49340005E-001
 -0.49387947E-001
 -0.49434620E-001
 -0.49480004E-001
 -0.49524090E-001
 -0.49566871E-001
 -0.49608352E-001
 -0.49648534E-001
 -0.49687427E-001
 -0.49725041E-001
 -0.49761389E-001
 -0.49796482E-001
 -0.49830332E-001
 -0.49862951E-001
 -0.49894348E-001
 -0.49924531E-001
 -0.49953511E-001
 -0.49981291E-001
 -0.50007878E-001
 -0.50033279E-001
 -0.50057505E-001
 -0.50080564E-001
 -0.50102458E-001
 -0.50123193E-001
 -0.50142779E-001
 -0.50161228E-001
 -0.50178557E-001
 -0.50194786E-001
 -0.50209936E-001
 -0.50224034E-001
 -0.50237107E-001
 -0.50249188E-001
 -0.50260311E-001
 -0.50270514E-001
 -0.50279835E-001
 -0.50288317E-001
 -0.50296002E-001
 -0.50302936E-001
 -0.50309163E-001
 -0.50314729E-001
 -0.50319681E-001
 -0.50324064E-001
 -0.50327923E-001
 -0.50331305E-001
 -0.50334251E-001
 -0.50336806E-001
 -0.50339008E-001
 -0.50340897E-001
 -0.50342509E-001
 -0.50343878E-001
 -0.50345035E-001
 -0.50346008E-001
 -0.50346826E-001
 -0.50347509E-001
 -0.50348079E-001
 -0.50348555E-001
 -0.50348952E-001
 -0.50349282E-001
 -0.50349559E-001
 -0.50349792E-001
 -0.50349987E-001
 -0.50350153E-001
 -0.50350294E-001
 -0.50350414E-001
 -0.50350516E-001
 -0.50350605E-001
 -0.50350681E-001
 -0.50350746E-001
 -0.50350801E-001
 -0.50350849E-001
 -0.50350889E-001
 -0.50350923E-001
 -0.50350950E-001
 -0.50350973E-001
 -0.50350990E-001
 -0.50351003E-001
 -0.50351012E-001
 -0.50351018E-001
 -0.50351021E-001
 -0.50351021E-001
 -0.50351018E-001
 -0.50351014E-001
 -0.50351008E-001
 -0.50351001E-001
 -0.50350992E-001
 -0.50350983E-001
 -0.50350974E-001
 -0.50350965E-001
 -0.50350955E-001
 -0.50350946E-001
 -0.50350938E-001
 -0.50350930E-001
 -0.50350923E-001
 -0.50350917E-001
 -0.50350913E-001
 -0.50350910E-001
 -0.50350908E-001
 -0.50350908E-001
 -0.50350910E-001
 -0.50350913E-001
 -0.50350918E-001
 -0.50350925E-001
 -0.50350933E-001
 -0.50350943E-001
 -0.50350955E-001
 -0.50350968E-001
 -0.50350983E-001
 -0.50350999E-001
 -0.50351017E-001
 -0.50351035E-001
 -0.50351055E-001
 -0.50351076E-001
 -0.50351098E-001
 -0.50351120E-001
 -0.50351143E-001
 -0.50351166E-001
 -0.50351190E-001
 -0.50351214E-001
 -0.50351238E-001
 -0.50351262E-001
 -0.50351286E-001
 -0.50351310E-001
 -0.50351333E-001
 -0.50351356E-001
 -0.50351378E-001
 -0.50351400E-001
 -0.50351420E-001
 -0.50351441E-001
 -0.50351460E-001
 -0.50351478E-001
 -0.50351496E-001
 -0.50351513E-001
 -0.50351528E-001
 -0.50351543E-001
 -0.50351557E-001
 -0.50351569E-001
 -0.50351581E-001
 -0.50351592E-001
 -0.50351602E-001
 -0.50351611E-001
 -0.50351619E-001
 -0.50351626E-001
 -0.50351633E-001
 -0.50351638E-001
 -0.50351643E-001
 -0.50351647E-001
 -0.50351651E-001
 -0.50351653E-001
 -0.50351656E-001
 -0.50351657E-001
 -0.50351658E-001
 -0.50351659E-001
 -0.50351659E-001
 -0.50351659E-001
 -0.50351658E-001
 -0.50351657E-001
 -0.50351656E-001
 -0.50351654E-001
 -0.50351652E-001
 -0.50351650E-001
 -0.50351648E-001
 -0.50351646E-001
 -0.50351643E-001
 -0.50351641E-001
 -0.50351638E-001
 -0.50351636E-001
 -0.50351633E-001
 -0.50351630E-001
 -0.50351624E-001
