  0.16380372E+001
  0.16377547E+001
  0.16375595E+001
  0.16374283E+001
  0.16373384E+001
  0.16372812E+001
  0.16372452E+001
  0.16372273E+001
  0.16372240E+001
  0.16372288E+001
  0.16372413E+001
  0.16372594E+001
  0.16372805E+001
  0.16373043E+001
  0.16373297E+001
  0.16373555E+001
  0.16373815E+001
  0.16374077E+001
  0.16374332E+001
  0.16374582E+001
  0.16374824E+001
  0.16375057E+001
  0.16375281E+001
  0.16375494E+001
  0.16375696E+001
  0.16375887E+001
  0.16376068E+001
  0.16376238E+001
  0.16376397E+001
  0.16376546E+001
  0.16376685E+001
  0.16376816E+001
  0.16376937E+001
  0.16377051E+001
  0.16377157E+001
  0.16377257E+001
  0.16377350E+001
  0.16377439E+001
  0.16377523E+001
  0.16377604E+001
  0.16377682E+001
  0.16377758E+001
  0.16377832E+001
  0.16377906E+001
  0.16377979E+001
  0.16378052E+001
  0.16378127E+001
  0.16378201E+001
  0.16378278E+001
  0.16378355E+001
  0.16378434E+001
  0.16378514E+001
  0.16378596E+001
  0.16378678E+001
  0.16378762E+001
  0.16378846E+001
  0.16378931E+001
  0.16379015E+001
  0.16379099E+001
  0.16379182E+001
  0.16379263E+001
  0.16379343E+001
  0.16379421E+001
  0.16379496E+001
  0.16379568E+001
  0.16379637E+001
  0.16379702E+001
  0.16379764E+001
  0.16379822E+001
  0.16379876E+001
  0.16379926E+001
  0.16379972E+001
  0.16380014E+001
  0.16380052E+001
  0.16380086E+001
  0.16380117E+001
  0.16380145E+001
  0.16380169E+001
  0.16380191E+001
  0.16380210E+001
  0.16380227E+001
  0.16380242E+001
  0.16380255E+001
  0.16380266E+001
  0.16380276E+001
  0.16380285E+001
  0.16380293E+001
  0.16380300E+001
  0.16380307E+001
  0.16380312E+001
  0.16380317E+001
  0.16380322E+001
  0.16380326E+001
  0.16380330E+001
  0.16380334E+001
  0.16380337E+001
  0.16380340E+001
  0.16380343E+001
  0.16380345E+001
  0.16380348E+001
  0.16380350E+001
  0.16380352E+001
  0.16380354E+001
  0.16380355E+001
  0.16380357E+001
  0.16380358E+001
  0.16380359E+001
  0.16380360E+001
  0.16380361E+001
  0.16380362E+001
  0.16380363E+001
  0.16380363E+001
  0.16380364E+001
  0.16380364E+001
  0.16380365E+001
  0.16380365E+001
  0.16380365E+001
  0.16380365E+001
  0.16380366E+001
  0.16380366E+001
  0.16380366E+001
  0.16380366E+001
  0.16380366E+001
  0.16380366E+001
  0.16380366E+001
  0.16380366E+001
  0.16380367E+001
  0.16380367E+001
  0.16380367E+001
  0.16380367E+001
  0.16380367E+001
  0.16380367E+001
  0.16380367E+001
  0.16380367E+001
  0.16380367E+001
  0.16380367E+001
  0.16380367E+001
  0.16380368E+001
  0.16380368E+001
  0.16380368E+001
  0.16380368E+001
  0.16380368E+001
  0.16380368E+001
  0.16380369E+001
  0.16380369E+001
  0.16380369E+001
  0.16380369E+001
  0.16380369E+001
  0.16380370E+001
  0.16380370E+001
  0.16380370E+001
  0.16380370E+001
  0.16380370E+001
  0.16380371E+001
  0.16380371E+001
  0.16380371E+001
  0.16380371E+001
  0.16380371E+001
  0.16380372E+001
  0.16380372E+001
  0.16380372E+001
  0.16380372E+001
  0.16380372E+001
  0.16380372E+001
  0.16380372E+001
  0.16380373E+001
  0.16380373E+001
  0.16380373E+001
  0.16380373E+001
  0.16380373E+001
  0.16380373E+001
  0.16380373E+001
  0.16380373E+001
  0.16380373E+001
  0.16380373E+001
  0.16380373E+001
  0.16380373E+001
  0.16380373E+001
  0.16380373E+001
  0.16380373E+001
  0.16380373E+001
  0.16380373E+001
  0.16380373E+001
  0.16380373E+001
  0.16380373E+001
  0.16380373E+001
  0.16380373E+001
  0.16380373E+001
  0.16380373E+001
  0.16380373E+001
  0.16380373E+001
  0.16380373E+001
  0.16380373E+001
  0.16380373E+001
  0.16380373E+001
  0.16380373E+001
  0.16380373E+001
  0.16380373E+001
  0.16380373E+001
  0.16380373E+001
