 -0.43351221E+000
 -0.43740606E+000
 -0.43987042E+000
 -0.44149078E+000
 -0.44260292E+000
 -0.44338743E+000
 -0.44395556E+000
 -0.44437210E+000
 -0.44468016E+000
 -0.44491167E+000
 -0.44508499E+000
 -0.44521424E+000
 -0.44531031E+000
 -0.44538080E+000
 -0.44543191E+000
 -0.44546857E+000
 -0.44549435E+000
 -0.44551182E+000
 -0.44552324E+000
 -0.44552979E+000
 -0.44553287E+000
 -0.44553330E+000
 -0.44553188E+000
 -0.44552927E+000
 -0.44552588E+000
 -0.44552216E+000
 -0.44551841E+000
 -0.44551487E+000
 -0.44551173E+000
 -0.44550913E+000
 -0.44550716E+000
 -0.44550590E+000
 -0.44550537E+000
 -0.44550559E+000
 -0.44550656E+000
 -0.44550827E+000
 -0.44551068E+000
 -0.44551376E+000
 -0.44551747E+000
 -0.44552177E+000
 -0.44552660E+000
 -0.44553192E+000
 -0.44553769E+000
 -0.44554385E+000
 -0.44555035E+000
 -0.44555718E+000
 -0.44556427E+000
 -0.44557160E+000
 -0.44557914E+000
 -0.44558685E+000
 -0.44559470E+000
 -0.44560268E+000
 -0.44561076E+000
 -0.44561891E+000
 -0.44562712E+000
 -0.44563537E+000
 -0.44564364E+000
 -0.44565191E+000
 -0.44566017E+000
 -0.44566841E+000
 -0.44567661E+000
 -0.44568476E+000
 -0.44569284E+000
 -0.44570084E+000
 -0.44570876E+000
 -0.44571659E+000
 -0.44572430E+000
 -0.44573190E+000
 -0.44573938E+000
 -0.44574673E+000
 -0.44575395E+000
 -0.44576103E+000
 -0.44576797E+000
 -0.44577477E+000
 -0.44578142E+000
 -0.44578792E+000
 -0.44579428E+000
 -0.44580048E+000
 -0.44580653E+000
 -0.44581242E+000
 -0.44581816E+000
 -0.44582373E+000
 -0.44582914E+000
 -0.44583438E+000
 -0.44583944E+000
 -0.44584433E+000
 -0.44584904E+000
 -0.44585357E+000
 -0.44585791E+000
 -0.44586207E+000
 -0.44586604E+000
 -0.44586982E+000
 -0.44587341E+000
 -0.44587682E+000
 -0.44588005E+000
 -0.44588309E+000
 -0.44588596E+000
 -0.44588866E+000
 -0.44589120E+000
 -0.44589357E+000
 -0.44589579E+000
 -0.44589786E+000
 -0.44589978E+000
 -0.44590158E+000
 -0.44590324E+000
 -0.44590479E+000
 -0.44590622E+000
 -0.44590754E+000
 -0.44590876E+000
 -0.44590989E+000
 -0.44591093E+000
 -0.44591188E+000
 -0.44591276E+000
 -0.44591356E+000
 -0.44591430E+000
 -0.44591497E+000
 -0.44591559E+000
 -0.44591615E+000
 -0.44591666E+000
 -0.44591713E+000
 -0.44591756E+000
 -0.44591795E+000
 -0.44591830E+000
 -0.44591862E+000
 -0.44591891E+000
 -0.44591917E+000
 -0.44591941E+000
 -0.44591963E+000
 -0.44591982E+000
 -0.44592000E+000
 -0.44592016E+000
 -0.44592030E+000
 -0.44592043E+000
 -0.44592054E+000
 -0.44592064E+000
 -0.44592074E+000
 -0.44592082E+000
 -0.44592089E+000
 -0.44592095E+000
 -0.44592101E+000
 -0.44592106E+000
 -0.44592110E+000
 -0.44592114E+000
 -0.44592117E+000
 -0.44592120E+000
 -0.44592122E+000
 -0.44592124E+000
 -0.44592125E+000
 -0.44592127E+000
 -0.44592128E+000
 -0.44592128E+000
 -0.44592129E+000
 -0.44592129E+000
 -0.44592129E+000
 -0.44592128E+000
 -0.44592128E+000
 -0.44592128E+000
 -0.44592127E+000
 -0.44592126E+000
 -0.44592125E+000
 -0.44592124E+000
 -0.44592123E+000
 -0.44592122E+000
 -0.44592121E+000
 -0.44592120E+000
 -0.44592119E+000
 -0.44592118E+000
 -0.44592116E+000
 -0.44592115E+000
 -0.44592114E+000
 -0.44592113E+000
 -0.44592112E+000
 -0.44592110E+000
 -0.44592109E+000
 -0.44592108E+000
 -0.44592107E+000
 -0.44592106E+000
 -0.44592105E+000
 -0.44592104E+000
 -0.44592103E+000
 -0.44592102E+000
 -0.44592101E+000
 -0.44592100E+000
 -0.44592099E+000
 -0.44592099E+000
 -0.44592098E+000
 -0.44592097E+000
 -0.44592097E+000
 -0.44592096E+000
 -0.44592096E+000
 -0.44592095E+000
 -0.44592095E+000
 -0.44592094E+000
 -0.44592094E+000
 -0.44592094E+000
 -0.44592094E+000
 -0.44592093E+000
 -0.44592093E+000
 -0.44592093E+000
 -0.44592096E+000
