  0.52776857E+000
  0.52706489E+000
  0.52678369E+000
  0.52662797E+000
  0.52653826E+000
  0.52647816E+000
  0.52644484E+000
  0.52642870E+000
  0.52641978E+000
  0.52641990E+000
  0.52642382E+000
  0.52643029E+000
  0.52643939E+000
  0.52644932E+000
  0.52645948E+000
  0.52647035E+000
  0.52648144E+000
  0.52649197E+000
  0.52650264E+000
  0.52651274E+000
  0.52652268E+000
  0.52653216E+000
  0.52654118E+000
  0.52654990E+000
  0.52655816E+000
  0.52656605E+000
  0.52657354E+000
  0.52658065E+000
  0.52658738E+000
  0.52659375E+000
  0.52659977E+000
  0.52660546E+000
  0.52661083E+000
  0.52661590E+000
  0.52662068E+000
  0.52662517E+000
  0.52662941E+000
  0.52663340E+000
  0.52663714E+000
  0.52664066E+000
  0.52664396E+000
  0.52664706E+000
  0.52664995E+000
  0.52665266E+000
  0.52665519E+000
  0.52665754E+000
  0.52665971E+000
  0.52666173E+000
  0.52666359E+000
  0.52666530E+000
  0.52666686E+000
  0.52666827E+000
  0.52666955E+000
  0.52667069E+000
  0.52667171E+000
  0.52667260E+000
  0.52667338E+000
  0.52667403E+000
  0.52667458E+000
  0.52667503E+000
  0.52667538E+000
  0.52667564E+000
  0.52667581E+000
  0.52667590E+000
  0.52667591E+000
  0.52667586E+000
  0.52667574E+000
  0.52667557E+000
  0.52667534E+000
  0.52667507E+000
  0.52667476E+000
  0.52667441E+000
  0.52667402E+000
  0.52667361E+000
  0.52667317E+000
  0.52667271E+000
  0.52667224E+000
  0.52667175E+000
  0.52667126E+000
  0.52667076E+000
  0.52667025E+000
  0.52666975E+000
  0.52666925E+000
  0.52666876E+000
  0.52666827E+000
  0.52666780E+000
  0.52666734E+000
  0.52666689E+000
  0.52666646E+000
  0.52666605E+000
  0.52666566E+000
  0.52666529E+000
  0.52666494E+000
  0.52666461E+000
  0.52666430E+000
  0.52666401E+000
  0.52666374E+000
  0.52666349E+000
  0.52666326E+000
  0.52666305E+000
  0.52666286E+000
  0.52666269E+000
  0.52666253E+000
  0.52666239E+000
  0.52666227E+000
  0.52666216E+000
  0.52666206E+000
  0.52666197E+000
  0.52666190E+000
  0.52666184E+000
  0.52666179E+000
  0.52666175E+000
  0.52666172E+000
  0.52666169E+000
  0.52666168E+000
  0.52666167E+000
  0.52666167E+000
  0.52666167E+000
  0.52666168E+000
  0.52666170E+000
  0.52666172E+000
  0.52666174E+000
  0.52666177E+000
  0.52666180E+000
  0.52666184E+000
  0.52666188E+000
  0.52666192E+000
  0.52666196E+000
  0.52666201E+000
  0.52666206E+000
  0.52666210E+000
  0.52666216E+000
  0.52666221E+000
  0.52666226E+000
  0.52666231E+000
  0.52666237E+000
  0.52666243E+000
  0.52666248E+000
  0.52666254E+000
  0.52666259E+000
  0.52666265E+000
  0.52666271E+000
  0.52666276E+000
  0.52666282E+000
  0.52666288E+000
  0.52666293E+000
  0.52666299E+000
  0.52666304E+000
  0.52666309E+000
  0.52666315E+000
  0.52666320E+000
  0.52666325E+000
  0.52666329E+000
  0.52666334E+000
  0.52666339E+000
  0.52666343E+000
  0.52666348E+000
  0.52666352E+000
  0.52666356E+000
  0.52666360E+000
  0.52666363E+000
  0.52666367E+000
  0.52666370E+000
  0.52666374E+000
  0.52666377E+000
  0.52666380E+000
  0.52666382E+000
  0.52666385E+000
  0.52666387E+000
  0.52666390E+000
  0.52666392E+000
  0.52666394E+000
  0.52666396E+000
  0.52666398E+000
  0.52666399E+000
  0.52666401E+000
  0.52666402E+000
  0.52666403E+000
  0.52666404E+000
  0.52666405E+000
  0.52666406E+000
  0.52666407E+000
  0.52666408E+000
  0.52666408E+000
  0.52666409E+000
  0.52666409E+000
  0.52666410E+000
  0.52666410E+000
  0.52666410E+000
  0.52666411E+000
  0.52666411E+000
  0.52666411E+000
  0.52666411E+000
  0.52666411E+000
  0.52666411E+000
  0.52666411E+000
  0.52666411E+000
  0.52666411E+000
  0.52666411E+000
  0.52666411E+000
