  0.62601780E+000  0.10207199E+001  0.12544414E+001  0.43169115E+001
  0.62478335E+000  0.10165478E+001  0.12499514E+001  0.43001756E+001
  0.62393901E+000  0.10146128E+001  0.12467490E+001  0.42876082E+001
  0.62333260E+000  0.10132736E+001  0.12444185E+001  0.42779374E+001
  0.62289349E+000  0.10122712E+001  0.12427247E+001  0.42704904E+001
  0.62255561E+000  0.10114726E+001  0.12414117E+001  0.42645490E+001
  0.62231184E+000  0.10108580E+001  0.12403974E+001  0.42598291E+001
  0.62213200E+000  0.10103831E+001  0.12395184E+001  0.42554119E+001
  0.62198749E+000  0.10099955E+001  0.12389363E+001  0.42528784E+001
  0.62188158E+000  0.10096939E+001  0.12384220E+001  0.42503462E+001
  0.62179981E+000  0.10094505E+001  0.12380058E+001  0.42482690E+001
  0.62173591E+000  0.10092526E+001  0.12376696E+001  0.42465560E+001
  0.62168918E+000  0.10090968E+001  0.12374017E+001  0.42451592E+001
  0.62165338E+000  0.10089713E+001  0.12371833E+001  0.42440036E+001
  0.62162528E+000  0.10088689E+001  0.12370044E+001  0.42430404E+001
  0.62160546E+000  0.10087877E+001  0.12368621E+001  0.42422486E+001
  0.62159190E+000  0.10087231E+001  0.12367489E+001  0.42415960E+001
  0.62158174E+000  0.10086700E+001  0.12366560E+001  0.42410481E+001
  0.62157622E+000  0.10086292E+001  0.12365845E+001  0.42406012E+001
  0.62157289E+000  0.10085967E+001  0.12365271E+001  0.42402287E+001
  0.62157232E+000  0.10085724E+001  0.12364835E+001  0.42399245E+001
  0.62157334E+000  0.10085542E+001  0.12364498E+001  0.42396730E+001
  0.62157559E+000  0.10085409E+001  0.12364243E+001  0.42394653E+001
  0.62157911E+000  0.10085322E+001  0.12364063E+001  0.42392963E+001
  0.62158317E+000  0.10085268E+001  0.12363934E+001  0.42391567E+001
  0.62158780E+000  0.10085242E+001  0.12363851E+001  0.42390425E+001
  0.62159274E+000  0.10085239E+001  0.12363803E+001  0.42389486E+001
  0.62159788E+000  0.10085255E+001  0.12363783E+001  0.42388714E+001
  0.62160313E+000  0.10085284E+001  0.12363786E+001  0.42388076E+001
  0.62160842E+000  0.10085324E+001  0.12363806E+001  0.42387547E+001
  0.62161366E+000  0.10085373E+001  0.12363838E+001  0.42387104E+001
  0.62161887E+000  0.10085428E+001  0.12363881E+001  0.42386732E+001
  0.62162398E+000  0.10085487E+001  0.12363929E+001  0.42386414E+001
  0.62162900E+000  0.10085549E+001  0.12363982E+001  0.42386138E+001
  0.62163392E+000  0.10085613E+001  0.12364038E+001  0.42385896E+001
  0.62163875E+000  0.10085678E+001  0.12364094E+001  0.42385681E+001
  0.62164347E+000  0.10085743E+001  0.12364152E+001  0.42385484E+001
  0.62164813E+000  0.10085808E+001  0.12364210E+001  0.42385304E+001
  0.62165270E+000  0.10085872E+001  0.12364266E+001  0.42385136E+001
  0.62165723E+000  0.10085936E+001  0.12364322E+001  0.42384978E+001
  0.62166169E+000  0.10085999E+001  0.12364376E+001  0.42384827E+001
  0.62166612E+000  0.10086060E+001  0.12364429E+001  0.42384683E+001
  0.62167050E+000  0.10086120E+001  0.12364481E+001  0.42384544E+001
  0.62167488E+000  0.10086180E+001  0.12364532E+001  0.42384411E+001
  0.62167922E+000  0.10086238E+001  0.12364581E+001  0.42384283E+001
  0.62168355E+000  0.10086295E+001  0.12364631E+001  0.42384159E+001
  0.62168785E+000  0.10086351E+001  0.12364679E+001  0.42384039E+001
  0.62169216E+000  0.10086407E+001  0.12364727E+001  0.42383925E+001
  0.62169644E+000  0.10086462E+001  0.12364774E+001  0.42383814E+001
  0.62170071E+000  0.10086516E+001  0.12364821E+001  0.42383708E+001
  0.62170495E+000  0.10086569E+001  0.12364868E+001  0.42383607E+001
  0.62170917E+000  0.10086622E+001  0.12364914E+001  0.42383509E+001
  0.62171336E+000  0.10086674E+001  0.12364961E+001  0.42383416E+001
  0.62171752E+000  0.10086726E+001  0.12365008E+001  0.42383328E+001
  0.62172165E+000  0.10086778E+001  0.12365054E+001  0.42383243E+001
  0.62172574E+000  0.10086830E+001  0.12365101E+001  0.42383163E+001
  0.62172979E+000  0.10086881E+001  0.12365147E+001  0.42383087E+001
  0.62173378E+000  0.10086932E+001  0.12365194E+001  0.42383015E+001
  0.62173773E+000  0.10086983E+001  0.12365240E+001  0.42382947E+001
  0.62174161E+000  0.10087034E+001  0.12365287E+001  0.42382882E+001
  0.62174543E+000  0.10087085E+001  0.12365333E+001  0.42382821E+001
  0.62174919E+000  0.10087136E+001  0.12365380E+001  0.42382763E+001
  0.62175288E+000  0.10087187E+001  0.12365362E+001  0.42382181E+001
  0.62175650E+000  0.10087238E+001  0.12365472E+001  0.42382657E+001
  0.62176005E+000  0.10087288E+001  0.12365518E+001  0.42382609E+001
  0.62176352E+000  0.10087339E+001  0.12365565E+001  0.42382564E+001
  0.62176692E+000  0.10087390E+001  0.12365611E+001  0.42382523E+001
  0.62177024E+000  0.10087440E+001  0.12365656E+001  0.42382483E+001
  0.62177348E+000  0.10087490E+001  0.12365702E+001  0.42382448E+001
  0.62177663E+000  0.10087540E+001  0.12365747E+001  0.42382414E+001
  0.62177969E+000  0.10087590E+001  0.12365792E+001  0.42382384E+001
  0.62178267E+000  0.10087639E+001  0.12365837E+001  0.42382355E+001
  0.62178555E+000  0.10087687E+001  0.12365881E+001  0.42382329E+001
  0.62178833E+000  0.10087735E+001  0.12365925E+001  0.42382305E+001
  0.62179102E+000  0.10087782E+001  0.12365968E+001  0.42382282E+001
  0.62179360E+000  0.10087828E+001  0.12366011E+001  0.42382261E+001
  0.62179607E+000  0.10087873E+001  0.12366052E+001  0.42382241E+001
  0.62179844E+000  0.10087916E+001  0.12366093E+001  0.42382222E+001
  0.62180070E+000  0.10087958E+001  0.12366133E+001  0.42382204E+001
  0.62180284E+000  0.10087999E+001  0.12366172E+001  0.42382187E+001
  0.62180487E+000  0.10088039E+001  0.12366209E+001  0.42382170E+001
  0.62180679E+000  0.10088077E+001  0.12366246E+001  0.42382153E+001
  0.62180860E+000  0.10088113E+001  0.12366281E+001  0.42382137E+001
  0.62181030E+000  0.10088148E+001  0.12366315E+001  0.42382121E+001
  0.62181189E+000  0.10088181E+001  0.12366348E+001  0.42382106E+001
  0.62181338E+000  0.10088213E+001  0.12366379E+001  0.42382090E+001
  0.62181477E+000  0.10088243E+001  0.12366409E+001  0.42382076E+001
  0.62181606E+000  0.10088271E+001  0.12366438E+001  0.42382062E+001
  0.62181726E+000  0.10088298E+001  0.12366465E+001  0.42382048E+001
  0.62181838E+000  0.10088323E+001  0.12366491E+001  0.42382035E+001
  0.62181941E+000  0.10088347E+001  0.12366516E+001  0.42382023E+001
  0.62182036E+000  0.10088369E+001  0.12366540E+001  0.42382012E+001
  0.62182124E+000  0.10088390E+001  0.12366562E+001  0.42382001E+001
  0.62182205E+000  0.10088410E+001  0.12366583E+001  0.42381991E+001
  0.62182279E+000  0.10088428E+001  0.12366603E+001  0.42381983E+001
  0.62182347E+000  0.10088445E+001  0.12366622E+001  0.42381975E+001
  0.62182409E+000  0.10088461E+001  0.12366639E+001  0.42381969E+001
  0.62182465E+000  0.10088475E+001  0.12366656E+001  0.42381963E+001
  0.62182517E+000  0.10088489E+001  0.12366671E+001  0.42381958E+001
  0.62182563E+000  0.10088501E+001  0.12366686E+001  0.42381955E+001
  0.62182605E+000  0.10088513E+001  0.12366699E+001  0.42381952E+001
  0.62182642E+000  0.10088523E+001  0.12366711E+001  0.42381950E+001
  0.62182675E+000  0.10088532E+001  0.12366723E+001  0.42381950E+001
  0.62182705E+000  0.10088541E+001  0.12366733E+001  0.42381950E+001
  0.62182731E+000  0.10088548E+001  0.12366743E+001  0.42381950E+001
  0.62182754E+000  0.10088555E+001  0.12366752E+001  0.42381952E+001
  0.62182773E+000  0.10088561E+001  0.12366760E+001  0.42381954E+001
  0.62182790E+000  0.10088567E+001  0.12366767E+001  0.42381957E+001
  0.62182803E+000  0.10088571E+001  0.12366773E+001  0.42381961E+001
  0.62182815E+000  0.10088576E+001  0.12366779E+001  0.42381965E+001
  0.62182824E+000  0.10088579E+001  0.12366784E+001  0.42381969E+001
  0.62182830E+000  0.10088582E+001  0.12366788E+001  0.42381974E+001
  0.62182835E+000  0.10088584E+001  0.12366792E+001  0.42381980E+001
  0.62182838E+000  0.10088586E+001  0.12366795E+001  0.42381986E+001
  0.62182839E+000  0.10088588E+001  0.12366798E+001  0.42381992E+001
  0.62182839E+000  0.10088589E+001  0.12366800E+001  0.42381998E+001
  0.62182837E+000  0.10088589E+001  0.12366801E+001  0.42382005E+001
  0.62182834E+000  0.10088590E+001  0.12366802E+001  0.42382012E+001
  0.62182830E+000  0.10088590E+001  0.12366803E+001  0.42382019E+001
  0.62182824E+000  0.10088589E+001  0.12366803E+001  0.42382027E+001
  0.62182818E+000  0.10088589E+001  0.12366802E+001  0.42382034E+001
  0.62182810E+000  0.10088588E+001  0.12366802E+001  0.42382042E+001
  0.62182802E+000  0.10088587E+001  0.12366800E+001  0.42382050E+001
  0.62182793E+000  0.10088585E+001  0.12366799E+001  0.42382058E+001
  0.62182783E+000  0.10088584E+001  0.12366797E+001  0.42382066E+001
  0.62182773E+000  0.10088582E+001  0.12366795E+001  0.42382075E+001
  0.62182762E+000  0.10088580E+001  0.12366793E+001  0.42382083E+001
  0.62182750E+000  0.10088579E+001  0.12366790E+001  0.42382091E+001
  0.62182738E+000  0.10088577E+001  0.12366787E+001  0.42382100E+001
  0.62182725E+000  0.10088574E+001  0.12366784E+001  0.42382108E+001
  0.62182712E+000  0.10088572E+001  0.12366780E+001  0.42382117E+001
  0.62182699E+000  0.10088570E+001  0.12366777E+001  0.42382125E+001
  0.62182685E+000  0.10088568E+001  0.12366773E+001  0.42382134E+001
  0.62182670E+000  0.10088566E+001  0.12366769E+001  0.42382143E+001
  0.62182656E+000  0.10088563E+001  0.12366765E+001  0.42382151E+001
  0.62182641E+000  0.10088561E+001  0.12366760E+001  0.42382160E+001
  0.62182626E+000  0.10088559E+001  0.12366756E+001  0.42382169E+001
  0.62182611E+000  0.10088556E+001  0.12366751E+001  0.42382177E+001
  0.62182596E+000  0.10088554E+001  0.12366747E+001  0.42382186E+001
  0.62182581E+000  0.10088552E+001  0.12366742E+001  0.42382194E+001
  0.62182565E+000  0.10088550E+001  0.12366738E+001  0.42382203E+001
  0.62182550E+000  0.10088548E+001  0.12366733E+001  0.42382211E+001
  0.62182534E+000  0.10088546E+001  0.12366728E+001  0.42382220E+001
  0.62182519E+000  0.10088543E+001  0.12366723E+001  0.42382228E+001
  0.62182503E+000  0.10088542E+001  0.12366719E+001  0.42382236E+001
  0.62182488E+000  0.10088540E+001  0.12366714E+001  0.42382244E+001
  0.62182473E+000  0.10088538E+001  0.12366709E+001  0.42382252E+001
  0.62182458E+000  0.10088536E+001  0.12366705E+001  0.42382260E+001
  0.62182443E+000  0.10088534E+001  0.12366700E+001  0.42382268E+001
  0.62182429E+000  0.10088533E+001  0.12366696E+001  0.42382275E+001
  0.62182415E+000  0.10088531E+001  0.12366691E+001  0.42382282E+001
  0.62182401E+000  0.10088529E+001  0.12366687E+001  0.42382289E+001
  0.62182387E+000  0.10088528E+001  0.12366683E+001  0.42382296E+001
  0.62182374E+000  0.10088527E+001  0.12366679E+001  0.42382303E+001
  0.62182361E+000  0.10088525E+001  0.12366675E+001  0.42382309E+001
  0.62182349E+000  0.10088524E+001  0.12366672E+001  0.42382316E+001
  0.62182337E+000  0.10088523E+001  0.12366668E+001  0.42382322E+001
  0.62182325E+000  0.10088522E+001  0.12366664E+001  0.42382327E+001
  0.62182314E+000  0.10088521E+001  0.12366661E+001  0.42382333E+001
  0.62182304E+000  0.10088520E+001  0.12366658E+001  0.42382338E+001
  0.62182293E+000  0.10088519E+001  0.12366655E+001  0.42382343E+001
  0.62182284E+000  0.10088518E+001  0.12366652E+001  0.42382348E+001
  0.62182275E+000  0.10088517E+001  0.12366650E+001  0.42382353E+001
  0.62182266E+000  0.10088516E+001  0.12366647E+001  0.42382357E+001
  0.62182258E+000  0.10088516E+001  0.12366645E+001  0.42382361E+001
  0.62182250E+000  0.10088515E+001  0.12366643E+001  0.42382365E+001
  0.62182243E+000  0.10088514E+001  0.12366641E+001  0.42382368E+001
  0.62182237E+000  0.10088514E+001  0.12366639E+001  0.42382372E+001
  0.62182231E+000  0.10088513E+001  0.12366637E+001  0.42382375E+001
  0.62182225E+000  0.10088513E+001  0.12366635E+001  0.42382378E+001
  0.62182220E+000  0.10088512E+001  0.12366634E+001  0.42382380E+001
  0.62182215E+000  0.10088512E+001  0.12366633E+001  0.42382383E+001
  0.62182211E+000  0.10088512E+001  0.12366631E+001  0.42382385E+001
  0.62182207E+000  0.10088511E+001  0.12366630E+001  0.42382387E+001
  0.62182204E+000  0.10088511E+001  0.12366629E+001  0.42382389E+001
  0.62182201E+000  0.10088511E+001  0.12366628E+001  0.42382391E+001
  0.62182198E+000  0.10088511E+001  0.12366628E+001  0.42382392E+001
  0.62182195E+000  0.10088511E+001  0.12366627E+001  0.42382393E+001
  0.62182193E+000  0.10088510E+001  0.12366626E+001  0.42382394E+001
  0.62182192E+000  0.10088510E+001  0.12366626E+001  0.42382395E+001
  0.62182190E+000  0.10088510E+001  0.12366626E+001  0.42382396E+001
  0.62182189E+000  0.10088510E+001  0.12366625E+001  0.42382397E+001
  0.62182188E+000  0.10088510E+001  0.12366625E+001  0.42382398E+001
  0.62182188E+000  0.10088510E+001  0.12366625E+001  0.42382398E+001
  0.62182187E+000  0.10088510E+001  0.12366625E+001  0.42382398E+001
  0.62182187E+000  0.10088510E+001  0.12366625E+001  0.42382399E+001
  0.62182187E+000  0.10088510E+001  0.12366625E+001  0.42382399E+001
  0.62182187E+000  0.10088510E+001  0.12366625E+001  0.42382399E+001
  0.62182187E+000  0.10088510E+001  0.12366625E+001  0.42382399E+001
  0.62182188E+000  0.10088510E+001  0.12366625E+001  0.42382399E+001
  0.62182188E+000  0.10088510E+001  0.12366625E+001  0.42382398E+001
  0.62182189E+000  0.10088510E+001  0.12366625E+001  0.42382398E+001
  0.62182190E+000  0.10088510E+001  0.12366625E+001  0.42382398E+001
  0.62182190E+000  0.10088510E+001  0.12366626E+001  0.42382397E+001
  0.62182191E+000  0.10088510E+001  0.12366626E+001  0.42382397E+001
  0.62182192E+000  0.10088510E+001  0.12366626E+001  0.42382397E+001
  0.62182193E+000  0.10088510E+001  0.12366626E+001  0.42382396E+001
  0.62182194E+000  0.10088510E+001  0.12366627E+001  0.42382396E+001
  0.62182194E+000  0.10088510E+001  0.12366627E+001  0.42382395E+001
  0.62182196E+000  0.10088510E+001  0.12366627E+001  0.42382395E+001
