 -0.11943488E+000  0.60188304E+000  0.54112233E+001  0.12110823E+003
 -0.11717716E+000  0.60524409E+000  0.54144695E+001  0.12113402E+003
 -0.11572037E+000  0.60761849E+000  0.54169051E+001  0.12115418E+003
 -0.11469795E+000  0.60932539E+000  0.54187330E+001  0.12117032E+003
 -0.11396725E+000  0.61054259E+000  0.54201215E+001  0.12118343E+003
 -0.11344746E+000  0.61139622E+000  0.54211937E+001  0.12119424E+003
 -0.11309484E+000  0.61197504E+000  0.54220206E+001  0.12120323E+003
 -0.11286991E+000  0.61235160E+000  0.54226594E+001  0.12121080E+003
 -0.11274270E+000  0.61257599E+000  0.54231506E+001  0.12121724E+003
 -0.11269370E+000  0.61268145E+000  0.54235205E+001  0.12122274E+003
 -0.11270511E+000  0.61269623E+000  0.54237970E+001  0.12122750E+003
 -0.11276258E+000  0.61263914E+000  0.54239998E+001  0.12123165E+003
 -0.11285523E+000  0.61252511E+000  0.54241433E+001  0.12123530E+003
 -0.11297363E+000  0.61236701E+000  0.54242409E+001  0.12123856E+003
 -0.11311087E+000  0.61217408E+000  0.54243018E+001  0.12124148E+003
 -0.11326206E+000  0.61195389E+000  0.54243328E+001  0.12124414E+003
 -0.11342314E+000  0.61171337E+000  0.54243407E+001  0.12124657E+003
 -0.11359115E+000  0.61145804E+000  0.54243305E+001  0.12124883E+003
 -0.11376406E+000  0.61119175E+000  0.54243054E+001  0.12125093E+003
 -0.11393992E+000  0.61091833E+000  0.54242691E+001  0.12125292E+003
 -0.11411748E+000  0.61064043E+000  0.54242238E+001  0.12125482E+003
 -0.11429549E+000  0.61036058E+000  0.54241718E+001  0.12125664E+003
 -0.11447305E+000  0.61008060E+000  0.54241145E+001  0.12125840E+003
 -0.11464942E+000  0.60980200E+000  0.54240529E+001  0.12126012E+003
 -0.11482392E+000  0.60952615E+000  0.54239883E+001  0.12126181E+003
 -0.11499607E+000  0.60925403E+000  0.54239213E+001  0.12126348E+003
 -0.11516544E+000  0.60898657E+000  0.54238525E+001  0.12126514E+003
 -0.11533170E+000  0.60872445E+000  0.54237824E+001  0.12126679E+003
 -0.11549458E+000  0.60846821E+000  0.54237114E+001  0.12126845E+003
 -0.11565387E+000  0.60821832E+000  0.54236397E+001  0.12127012E+003
 -0.11580941E+000  0.60797516E+000  0.54235677E+001  0.12127179E+003
 -0.11596109E+000  0.60773902E+000  0.54234954E+001  0.12127349E+003
 -0.11610881E+000  0.60751018E+000  0.54234231E+001  0.12127520E+003
 -0.11625252E+000  0.60728883E+000  0.54233510E+001  0.12127694E+003
 -0.11639220E+000  0.60707513E+000  0.54232792E+001  0.12127870E+003
 -0.11652784E+000  0.60686921E+000  0.54232079E+001  0.12128049E+003
 -0.11665944E+000  0.60667117E+000  0.54231374E+001  0.12128231E+003
 -0.11678704E+000  0.60648109E+000  0.54230678E+001  0.12128415E+003
 -0.11691065E+000  0.60629902E+000  0.54229993E+001  0.12128602E+003
 -0.11703032E+000  0.60612498E+000  0.54229322E+001  0.12128792E+003
 -0.11714608E+000  0.60595910E+000  0.54228667E+001  0.12128985E+003
 -0.11725797E+000  0.60580152E+000  0.54228027E+001  0.12129180E+003
 -0.11736605E+000  0.60565194E+000  0.54227409E+001  0.12129378E+003
 -0.11747035E+000  0.60551033E+000  0.54226814E+001  0.12129579E+003
 -0.11757089E+000  0.60537662E+000  0.54226245E+001  0.12129783E+003
 -0.11766773E+000  0.60525073E+000  0.54225704E+001  0.12129989E+003
 -0.11776088E+000  0.60513257E+000  0.54225194E+001  0.12130197E+003
 -0.11785037E+000  0.60502202E+000  0.54224716E+001  0.12130408E+003
 -0.11793623E+000  0.60491894E+000  0.54224271E+001  0.12130620E+003
 -0.11801840E+000  0.60482309E+000  0.54223862E+001  0.12130835E+003
 -0.11809691E+000  0.60473432E+000  0.54223490E+001  0.12131050E+003
 -0.11817184E+000  0.60465250E+000  0.54223155E+001  0.12131268E+003
 -0.11824320E+000  0.60457741E+000  0.54222859E+001  0.12131486E+003
 -0.11831102E+000  0.60450884E+000  0.54222603E+001  0.12131706E+003
 -0.11837535E+000  0.60444654E+000  0.54222386E+001  0.12131926E+003
 -0.11843623E+000  0.60439027E+000  0.54222210E+001  0.12132147E+003
 -0.11849371E+000  0.60433976E+000  0.54222075E+001  0.12132368E+003
 -0.11854785E+000  0.60429475E+000  0.54221981E+001  0.12132589E+003
 -0.11859872E+000  0.60425496E+000  0.54221929E+001  0.12132810E+003
 -0.11864640E+000  0.60422012E+000  0.54221917E+001  0.12133030E+003
 -0.11869097E+000  0.60418995E+000  0.54221946E+001  0.12133250E+003
 -0.11873251E+000  0.60416420E+000  0.54222015E+001  0.12133468E+003
 -0.11877113E+000  0.60414258E+000  0.54222124E+001  0.12133684E+003
 -0.11880694E+000  0.60412484E+000  0.54222272E+001  0.12133899E+003
 -0.11884004E+000  0.60411072E+000  0.54222458E+001  0.12134112E+003
 -0.11887056E+000  0.60409996E+000  0.54222682E+001  0.12134322E+003
 -0.11889863E+000  0.60409233E+000  0.54222941E+001  0.12134530E+003
 -0.11892435E+000  0.60408759E+000  0.54223236E+001  0.12134735E+003
 -0.11894789E+000  0.60408550E+000  0.54223563E+001  0.12134937E+003
 -0.11896935E+000  0.60408583E+000  0.54223922E+001  0.12135135E+003
 -0.11898888E+000  0.60408837E+000  0.54224311E+001  0.12135330E+003
 -0.11900660E+000  0.60409289E+000  0.54224728E+001  0.12135521E+003
 -0.11902266E+000  0.60409917E+000  0.54225171E+001  0.12135707E+003
 -0.11903717E+000  0.60410700E+000  0.54225638E+001  0.12135889E+003
 -0.11905027E+000  0.60411617E+000  0.54226125E+001  0.12136067E+003
 -0.11906208E+000  0.60412645E+000  0.54226631E+001  0.12136240E+003
 -0.11907273E+000  0.60413766E+000  0.54227154E+001  0.12136408E+003
 -0.11908232E+000  0.60414957E+000  0.54227689E+001  0.12136571E+003
 -0.11909096E+000  0.60416199E+000  0.54228235E+001  0.12136729E+003
 -0.11909876E+000  0.60417473E+000  0.54228789E+001  0.12136882E+003
 -0.11910581E+000  0.60418761E+000  0.54229347E+001  0.12137030E+003
 -0.11911221E+000  0.60420044E+000  0.54229908E+001  0.12137171E+003
 -0.11911803E+000  0.60421306E+000  0.54230468E+001  0.12137308E+003
 -0.11912335E+000  0.60422532E+000  0.54231025E+001  0.12137439E+003
 -0.11912824E+000  0.60423709E+000  0.54231577E+001  0.12137564E+003
 -0.11913276E+000  0.60424823E+000  0.54232122E+001  0.12137684E+003
 -0.11913695E+000  0.60425863E+000  0.54232659E+001  0.12137798E+003
 -0.11914086E+000  0.60426820E+000  0.54233184E+001  0.12137907E+003
 -0.11914454E+000  0.60427686E+000  0.54233698E+001  0.12138010E+003
 -0.11914802E+000  0.60428453E+000  0.54234200E+001  0.12138107E+003
 -0.11915132E+000  0.60429116E+000  0.54234688E+001  0.12138200E+003
 -0.11915447E+000  0.60429670E+000  0.54235161E+001  0.12138287E+003
 -0.11915749E+000  0.60430112E+000  0.54235620E+001  0.12138369E+003
 -0.11916040E+000  0.60430441E+000  0.54236064E+001  0.12138446E+003
 -0.11916320E+000  0.60430654E+000  0.54236492E+001  0.12138518E+003
 -0.11916590E+000  0.60430752E+000  0.54236906E+001  0.12138586E+003
 -0.11916852E+000  0.60430734E+000  0.54237303E+001  0.12138649E+003
 -0.11917106E+000  0.60430603E+000  0.54237685E+001  0.12138708E+003
 -0.11917353E+000  0.60430360E+000  0.54238052E+001  0.12138763E+003
 -0.11917593E+000  0.60430008E+000  0.54238403E+001  0.12138813E+003
 -0.11917825E+000  0.60429550E+000  0.54238737E+001  0.12138860E+003
 -0.11918051E+000  0.60428990E+000  0.54239055E+001  0.12138904E+003
 -0.11918271E+000  0.60428332E+000  0.54239357E+001  0.12138943E+003
 -0.11918484E+000  0.60427582E+000  0.54239641E+001  0.12138980E+003
 -0.11918690E+000  0.60426744E+000  0.54239908E+001  0.12139014E+003
 -0.11918890E+000  0.60425824E+000  0.54240156E+001  0.12139045E+003
 -0.11919084E+000  0.60424828E+000  0.54240386E+001  0.12139073E+003
 -0.11919271E+000  0.60423763E+000  0.54240596E+001  0.12139098E+003
 -0.11919452E+000  0.60422636E+000  0.54240785E+001  0.12139122E+003
 -0.11919627E+000  0.60421454E+000  0.54240953E+001  0.12139143E+003
 -0.11919795E+000  0.60420223E+000  0.54241100E+001  0.12139162E+003
 -0.11919956E+000  0.60418951E+000  0.54241223E+001  0.12139179E+003
 -0.11920112E+000  0.60417645E+000  0.54241324E+001  0.12139195E+003
 -0.11920260E+000  0.60416313E+000  0.54241400E+001  0.12139209E+003
 -0.11920403E+000  0.60414961E+000  0.54241452E+001  0.12139222E+003
 -0.11920539E+000  0.60413597E+000  0.54241480E+001  0.12139233E+003
 -0.11920668E+000  0.60412228E+000  0.54241482E+001  0.12139243E+003
 -0.11920791E+000  0.60410859E+000  0.54241459E+001  0.12139252E+003
 -0.11920908E+000  0.60409498E+000  0.54241411E+001  0.12139260E+003
 -0.11921018E+000  0.60408151E+000  0.54241338E+001  0.12139267E+003
 -0.11921122E+000  0.60406822E+000  0.54241241E+001  0.12139274E+003
 -0.11921220E+000  0.60405518E+000  0.54241119E+001  0.12139279E+003
 -0.11921312E+000  0.60404243E+000  0.54240974E+001  0.12139284E+003
 -0.11921398E+000  0.60403000E+000  0.54240806E+001  0.12139289E+003
 -0.11921478E+000  0.60401795E+000  0.54240618E+001  0.12139293E+003
 -0.11921552E+000  0.60400631E+000  0.54240408E+001  0.12139296E+003
 -0.11921621E+000  0.60399509E+000  0.54240180E+001  0.12139299E+003
 -0.11921685E+000  0.60398434E+000  0.54239934E+001  0.12139302E+003
 -0.11921743E+000  0.60397406E+000  0.54239672E+001  0.12139304E+003
 -0.11921796E+000  0.60396427E+000  0.54239396E+001  0.12139306E+003
 -0.11921844E+000  0.60395499E+000  0.54239107E+001  0.12139307E+003
 -0.11921888E+000  0.60394623E+000  0.54238807E+001  0.12139309E+003
 -0.11921927E+000  0.60393798E+000  0.54238498E+001  0.12139310E+003
 -0.11921963E+000  0.60393025E+000  0.54238181E+001  0.12139311E+003
 -0.11921994E+000  0.60392303E+000  0.54237860E+001  0.12139311E+003
 -0.11922021E+000  0.60391632E+000  0.54237534E+001  0.12139312E+003
 -0.11922044E+000  0.60391011E+000  0.54237207E+001  0.12139312E+003
 -0.11922065E+000  0.60390439E+000  0.54236879E+001  0.12139312E+003
 -0.11922082E+000  0.60389914E+000  0.54236553E+001  0.12139312E+003
 -0.11922096E+000  0.60389436E+000  0.54236230E+001  0.12139312E+003
 -0.11922107E+000  0.60389002E+000  0.54235911E+001  0.12139312E+003
 -0.11922116E+000  0.60388612E+000  0.54235598E+001  0.12139312E+003
 -0.11922122E+000  0.60388262E+000  0.54235292E+001  0.12139311E+003
 -0.11922126E+000  0.60387951E+000  0.54234995E+001  0.12139310E+003
 -0.11922128E+000  0.60387677E+000  0.54234706E+001  0.12139310E+003
 -0.11922129E+000  0.60387438E+000  0.54234428E+001  0.12139309E+003
 -0.11922127E+000  0.60387232E+000  0.54234161E+001  0.12139308E+003
 -0.11922125E+000  0.60387057E+000  0.54233906E+001  0.12139307E+003
 -0.11922120E+000  0.60386910E+000  0.54233662E+001  0.12139306E+003
 -0.11922115E+000  0.60386791E+000  0.54233432E+001  0.12139305E+003
 -0.11922109E+000  0.60386696E+000  0.54233214E+001  0.12139303E+003
 -0.11922101E+000  0.60386624E+000  0.54233009E+001  0.12139302E+003
 -0.11922093E+000  0.60386573E+000  0.54232818E+001  0.12139301E+003
 -0.11922085E+000  0.60386542E+000  0.54232640E+001  0.12139299E+003
 -0.11922075E+000  0.60386527E+000  0.54232474E+001  0.12139298E+003
 -0.11922065E+000  0.60386529E+000  0.54232322E+001  0.12139297E+003
 -0.11922055E+000  0.60386544E+000  0.54232183E+001  0.12139295E+003
 -0.11922045E+000  0.60386572E+000  0.54232056E+001  0.12139294E+003
 -0.11922034E+000  0.60386610E+000  0.54231941E+001  0.12139292E+003
 -0.11922024E+000  0.60386659E+000  0.54231838E+001  0.12139291E+003
 -0.11922013E+000  0.60386716E+000  0.54231746E+001  0.12139289E+003
 -0.11922002E+000  0.60386780E+000  0.54231665E+001  0.12139288E+003
 -0.11921991E+000  0.60386850E+000  0.54231594E+001  0.12139286E+003
 -0.11921981E+000  0.60386925E+000  0.54231533E+001  0.12139285E+003
 -0.11921970E+000  0.60387004E+000  0.54231481E+001  0.12139283E+003
 -0.11921960E+000  0.60387086E+000  0.54231438E+001  0.12139282E+003
 -0.11921950E+000  0.60387171E+000  0.54231403E+001  0.12139280E+003
 -0.11921940E+000  0.60387257E+000  0.54231375E+001  0.12139279E+003
 -0.11921931E+000  0.60387344E+000  0.54231354E+001  0.12139278E+003
 -0.11921921E+000  0.60387431E+000  0.54231339E+001  0.12139276E+003
 -0.11921913E+000  0.60387518E+000  0.54231330E+001  0.12139275E+003
 -0.11921904E+000  0.60387604E+000  0.54231326E+001  0.12139274E+003
 -0.11921896E+000  0.60387689E+000  0.54231328E+001  0.12139273E+003
 -0.11921888E+000  0.60387772E+000  0.54231333E+001  0.12139272E+003
 -0.11921880E+000  0.60387853E+000  0.54231342E+001  0.12139270E+003
 -0.11921873E+000  0.60387933E+000  0.54231355E+001  0.12139269E+003
 -0.11921866E+000  0.60388010E+000  0.54231370E+001  0.12139268E+003
 -0.11921860E+000  0.60388084E+000  0.54231389E+001  0.12139267E+003
 -0.11921854E+000  0.60388155E+000  0.54231409E+001  0.12139267E+003
 -0.11921848E+000  0.60388224E+000  0.54231431E+001  0.12139266E+003
 -0.11921843E+000  0.60388290E+000  0.54231454E+001  0.12139265E+003
 -0.11921838E+000  0.60388353E+000  0.54231479E+001  0.12139264E+003
 -0.11921833E+000  0.60388412E+000  0.54231504E+001  0.12139263E+003
 -0.11921828E+000  0.60388469E+000  0.54231531E+001  0.12139263E+003
 -0.11921824E+000  0.60388522E+000  0.54231557E+001  0.12139262E+003
 -0.11921820E+000  0.60388573E+000  0.54231584E+001  0.12139262E+003
 -0.11921817E+000  0.60388621E+000  0.54231611E+001  0.12139261E+003
 -0.11921813E+000  0.60388665E+000  0.54231638E+001  0.12139261E+003
 -0.11921810E+000  0.60388707E+000  0.54231664E+001  0.12139260E+003
 -0.11921807E+000  0.60388746E+000  0.54231690E+001  0.12139260E+003
 -0.11921805E+000  0.60388782E+000  0.54231715E+001  0.12139259E+003
 -0.11921802E+000  0.60388816E+000  0.54231740E+001  0.12139259E+003
 -0.11921800E+000  0.60388847E+000  0.54231764E+001  0.12139258E+003
 -0.11921798E+000  0.60388876E+000  0.54231787E+001  0.12139258E+003
 -0.11921796E+000  0.60388902E+000  0.54231810E+001  0.12139258E+003
 -0.11921794E+000  0.60388926E+000  0.54231831E+001  0.12139257E+003
 -0.11921793E+000  0.60388948E+000  0.54231852E+001  0.12139257E+003
 -0.11921792E+000  0.60388968E+000  0.54231871E+001  0.12139257E+003
 -0.11921790E+000  0.60388986E+000  0.54231890E+001  0.12139257E+003
 -0.11921788E+000  0.60389003E+000  0.54231907E+001  0.12139256E+003
