  0.63835309E+000
  0.63753423E+000
  0.63714191E+000
  0.63689381E+000
  0.63673112E+000
  0.63661274E+000
  0.63653225E+000
  0.63647709E+000
  0.63643523E+000
  0.63640813E+000
  0.63638911E+000
  0.63637607E+000
  0.63636869E+000
  0.63636445E+000
  0.63636230E+000
  0.63636255E+000
  0.63636439E+000
  0.63636670E+000
  0.63637017E+000
  0.63637383E+000
  0.63637804E+000
  0.63638234E+000
  0.63638664E+000
  0.63639107E+000
  0.63639537E+000
  0.63639960E+000
  0.63640367E+000
  0.63640757E+000
  0.63641127E+000
  0.63641478E+000
  0.63641806E+000
  0.63642114E+000
  0.63642400E+000
  0.63642665E+000
  0.63642909E+000
  0.63643133E+000
  0.63643338E+000
  0.63643525E+000
  0.63643695E+000
  0.63643848E+000
  0.63643985E+000
  0.63644108E+000
  0.63644216E+000
  0.63644312E+000
  0.63644395E+000
  0.63644467E+000
  0.63644528E+000
  0.63644579E+000
  0.63644620E+000
  0.63644652E+000
  0.63644676E+000
  0.63644691E+000
  0.63644699E+000
  0.63644700E+000
  0.63644694E+000
  0.63644682E+000
  0.63644664E+000
  0.63644641E+000
  0.63644612E+000
  0.63644579E+000
  0.63644541E+000
  0.63644500E+000
  0.63644455E+000
  0.63644407E+000
  0.63644356E+000
  0.63644303E+000
  0.63644247E+000
  0.63644190E+000
  0.63644131E+000
  0.63644071E+000
  0.63644011E+000
  0.63643949E+000
  0.63643886E+000
  0.63643824E+000
  0.63643761E+000
  0.63643698E+000
  0.63643635E+000
  0.63643572E+000
  0.63643510E+000
  0.63643449E+000
  0.63643389E+000
  0.63643330E+000
  0.63643272E+000
  0.63643215E+000
  0.63643161E+000
  0.63643108E+000
  0.63643057E+000
  0.63643008E+000
  0.63642962E+000
  0.63642918E+000
  0.63642877E+000
  0.63642838E+000
  0.63642801E+000
  0.63642767E+000
  0.63642736E+000
  0.63642707E+000
  0.63642681E+000
  0.63642657E+000
  0.63642635E+000
  0.63642616E+000
  0.63642599E+000
  0.63642583E+000
  0.63642570E+000
  0.63642559E+000
  0.63642549E+000
  0.63642541E+000
  0.63642534E+000
  0.63642529E+000
  0.63642525E+000
  0.63642522E+000
  0.63642520E+000
  0.63642519E+000
  0.63642520E+000
  0.63642521E+000
  0.63642522E+000
  0.63642525E+000
  0.63642528E+000
  0.63642531E+000
  0.63642535E+000
  0.63642539E+000
  0.63642544E+000
  0.63642549E+000
  0.63642554E+000
  0.63642560E+000
  0.63642565E+000
  0.63642571E+000
  0.63642577E+000
  0.63642583E+000
  0.63642590E+000
  0.63642596E+000
  0.63642602E+000
  0.63642608E+000
  0.63642615E+000
  0.63642621E+000
  0.63642627E+000
  0.63642634E+000
  0.63642640E+000
  0.63642646E+000
  0.63642653E+000
  0.63642659E+000
  0.63642665E+000
  0.63642671E+000
  0.63642677E+000
  0.63642683E+000
  0.63642688E+000
  0.63642694E+000
  0.63642699E+000
  0.63642705E+000
  0.63642710E+000
  0.63642715E+000
  0.63642720E+000
  0.63642725E+000
  0.63642730E+000
  0.63642735E+000
  0.63642739E+000
  0.63642743E+000
  0.63642748E+000
  0.63642752E+000
  0.63642756E+000
  0.63642759E+000
  0.63642763E+000
  0.63642766E+000
  0.63642770E+000
  0.63642773E+000
  0.63642776E+000
  0.63642778E+000
  0.63642781E+000
  0.63642784E+000
  0.63642786E+000
  0.63642788E+000
  0.63642790E+000
  0.63642792E+000
  0.63642794E+000
  0.63642796E+000
  0.63642797E+000
  0.63642799E+000
  0.63642800E+000
  0.63642801E+000
  0.63642802E+000
  0.63642803E+000
  0.63642804E+000
  0.63642805E+000
  0.63642806E+000
  0.63642806E+000
  0.63642807E+000
  0.63642808E+000
  0.63642808E+000
  0.63642808E+000
  0.63642809E+000
  0.63642809E+000
  0.63642809E+000
  0.63642809E+000
  0.63642810E+000
  0.63642810E+000
  0.63642810E+000
  0.63642810E+000
  0.63642810E+000
  0.63642810E+000
  0.63642810E+000
  0.63642810E+000
