  0.53379849E-005
  0.32161511E-005
  0.29924393E-005
  0.31115318E-005
  0.33116143E-005
  0.36299708E-005
  0.39605309E-005
  0.42360493E-005
  0.44472525E-005
  0.46160335E-005
  0.47434327E-005
  0.48408178E-005
  0.49111981E-005
  0.49662891E-005
  0.50126163E-005
  0.50533801E-005
  0.50894663E-005
  0.51213389E-005
  0.51499597E-005
  0.51750685E-005
  0.51972192E-005
  0.52163813E-005
  0.52329064E-005
  0.52471093E-005
  0.52590736E-005
  0.52691501E-005
  0.52775241E-005
  0.52844310E-005
  0.52900644E-005
  0.52946092E-005
  0.52982263E-005
  0.53010757E-005
  0.53032743E-005
  0.53049399E-005
  0.53061757E-005
  0.53070656E-005
  0.53076841E-005
  0.53081006E-005
  0.53083508E-005
  0.53084933E-005
  0.53085458E-005
  0.53085555E-005
  0.53085344E-005
  0.53085097E-005
  0.53084831E-005
  0.53084768E-005
  0.53084834E-005
  0.53085273E-005
  0.53085954E-005
  0.53086967E-005
  0.53088273E-005
  0.53089884E-005
  0.53091861E-005
  0.53094172E-005
  0.53096731E-005
  0.53099541E-005
  0.53102540E-005
  0.53105755E-005
  0.53109139E-005
  0.53112651E-005
  0.53116303E-005
  0.53120020E-005
  0.53123785E-005
  0.53127595E-005
  0.53131435E-005
  0.53135225E-005
  0.53139012E-005
  0.53142686E-005
  0.53146336E-005
  0.53149848E-005
  0.53153260E-005
  0.53156525E-005
  0.53159654E-005
  0.53162606E-005
  0.53165419E-005
  0.53168028E-005
  0.53170490E-005
  0.53172758E-005
  0.53174870E-005
  0.53176790E-005
  0.53178557E-005
  0.53180173E-005
  0.53181626E-005
  0.53182952E-005
  0.53184135E-005
  0.53185206E-005
  0.53186147E-005
  0.53187006E-005
  0.53187747E-005
  0.53188410E-005
  0.53188995E-005
  0.53189497E-005
  0.53189929E-005
  0.53190305E-005
  0.53190627E-005
  0.53190883E-005
  0.53191105E-005
  0.53191277E-005
  0.53191412E-005
  0.53191509E-005
  0.53191573E-005
  0.53191610E-005
  0.53191616E-005
  0.53191601E-005
  0.53191562E-005
  0.53191508E-005
  0.53191431E-005
  0.53191339E-005
  0.53191235E-005
  0.53191115E-005
  0.53190983E-005
  0.53190843E-005
  0.53190690E-005
  0.53190532E-005
  0.53190363E-005
  0.53190188E-005
  0.53190007E-005
  0.53189820E-005
  0.53189627E-005
  0.53189431E-005
  0.53189229E-005
  0.53189025E-005
  0.53188818E-005
  0.53188608E-005
  0.53188396E-005
  0.53188183E-005
  0.53187970E-005
  0.53187753E-005
  0.53187540E-005
  0.53187325E-005
  0.53187113E-005
  0.53186901E-005
  0.53186692E-005
  0.53186484E-005
  0.53186281E-005
  0.53186080E-005
  0.53185882E-005
  0.53185689E-005
  0.53185500E-005
  0.53185315E-005
  0.53185136E-005
  0.53184962E-005
  0.53184793E-005
  0.53184630E-005
  0.53184472E-005
  0.53184321E-005
  0.53184176E-005
  0.53184037E-005
  0.53183903E-005
  0.53183777E-005
  0.53183656E-005
  0.53183542E-005
  0.53183433E-005
  0.53183331E-005
  0.53183235E-005
  0.53183144E-005
  0.53183060E-005
  0.53182980E-005
  0.53182907E-005
  0.53182838E-005
  0.53182775E-005
  0.53182717E-005
  0.53182663E-005
  0.53182613E-005
  0.53182569E-005
  0.53182528E-005
  0.53182490E-005
  0.53182457E-005
  0.53182427E-005
  0.53182400E-005
  0.53182377E-005
  0.53182356E-005
  0.53182337E-005
  0.53182321E-005
  0.53182308E-005
  0.53182296E-005
  0.53182286E-005
  0.53182278E-005
  0.53182271E-005
  0.53182266E-005
  0.53182261E-005
  0.53182258E-005
  0.53182256E-005
  0.53182255E-005
  0.53182255E-005
  0.53182255E-005
  0.53182255E-005
  0.53182256E-005
  0.53182258E-005
  0.53182259E-005
  0.53182261E-005
  0.53182263E-005
  0.53182265E-005
  0.53182267E-005
  0.53182270E-005
  0.53182272E-005
  0.53182275E-005
  0.53182281E-005
  0.53182275E-005
  0.53182248E-005
