  0.46799517E-001
  0.28196843E-001
  0.26235502E-001
  0.27279618E-001
  0.29033793E-001
  0.31824909E-001
  0.34723015E-001
  0.37138558E-001
  0.38990231E-001
  0.40469980E-001
  0.41586922E-001
  0.42440722E-001
  0.43057765E-001
  0.43540763E-001
  0.43946925E-001
  0.44304312E-001
  0.44620689E-001
  0.44900125E-001
  0.45151050E-001
  0.45371186E-001
  0.45565387E-001
  0.45733386E-001
  0.45878266E-001
  0.46002787E-001
  0.46107681E-001
  0.46196025E-001
  0.46269441E-001
  0.46329996E-001
  0.46379385E-001
  0.46419231E-001
  0.46450943E-001
  0.46475924E-001
  0.46495200E-001
  0.46509803E-001
  0.46520638E-001
  0.46528440E-001
  0.46533862E-001
  0.46537514E-001
  0.46539707E-001
  0.46540956E-001
  0.46541416E-001
  0.46541502E-001
  0.46541317E-001
  0.46541100E-001
  0.46540867E-001
  0.46540811E-001
  0.46540870E-001
  0.46541255E-001
  0.46541851E-001
  0.46542740E-001
  0.46543885E-001
  0.46545297E-001
  0.46547031E-001
  0.46549056E-001
  0.46551300E-001
  0.46553764E-001
  0.46556393E-001
  0.46559212E-001
  0.46562179E-001
  0.46565257E-001
  0.46568459E-001
  0.46571718E-001
  0.46575019E-001
  0.46578360E-001
  0.46581726E-001
  0.46585049E-001
  0.46588369E-001
  0.46591590E-001
  0.46594790E-001
  0.46597869E-001
  0.46600861E-001
  0.46603723E-001
  0.46606466E-001
  0.46609054E-001
  0.46611521E-001
  0.46613808E-001
  0.46615966E-001
  0.46617955E-001
  0.46619806E-001
  0.46621490E-001
  0.46623039E-001
  0.46624456E-001
  0.46625729E-001
  0.46626892E-001
  0.46627929E-001
  0.46628868E-001
  0.46629694E-001
  0.46630447E-001
  0.46631096E-001
  0.46631677E-001
  0.46632190E-001
  0.46632630E-001
  0.46633009E-001
  0.46633339E-001
  0.46633621E-001
  0.46633846E-001
  0.46634040E-001
  0.46634191E-001
  0.46634309E-001
  0.46634394E-001
  0.46634450E-001
  0.46634483E-001
  0.46634489E-001
  0.46634475E-001
  0.46634441E-001
  0.46634394E-001
  0.46634326E-001
  0.46634245E-001
  0.46634154E-001
  0.46634049E-001
  0.46633933E-001
  0.46633810E-001
  0.46633677E-001
  0.46633538E-001
  0.46633389E-001
  0.46633236E-001
  0.46633078E-001
  0.46632913E-001
  0.46632744E-001
  0.46632573E-001
  0.46632396E-001
  0.46632217E-001
  0.46632035E-001
  0.46631851E-001
  0.46631665E-001
  0.46631478E-001
  0.46631291E-001
  0.46631102E-001
  0.46630915E-001
  0.46630726E-001
  0.46630540E-001
  0.46630354E-001
  0.46630171E-001
  0.46629989E-001
  0.46629811E-001
  0.46629634E-001
  0.46629461E-001
  0.46629292E-001
  0.46629126E-001
  0.46628964E-001
  0.46628807E-001
  0.46628654E-001
  0.46628506E-001
  0.46628363E-001
  0.46628225E-001
  0.46628092E-001
  0.46627965E-001
  0.46627843E-001
  0.46627726E-001
  0.46627615E-001
  0.46627510E-001
  0.46627409E-001
  0.46627314E-001
  0.46627225E-001
  0.46627140E-001
  0.46627061E-001
  0.46626987E-001
  0.46626917E-001
  0.46626853E-001
  0.46626793E-001
  0.46626737E-001
  0.46626686E-001
  0.46626639E-001
  0.46626595E-001
  0.46626556E-001
  0.46626520E-001
  0.46626488E-001
  0.46626458E-001
  0.46626432E-001
  0.46626409E-001
  0.46626388E-001
  0.46626369E-001
  0.46626353E-001
  0.46626339E-001
  0.46626327E-001
  0.46626317E-001
  0.46626308E-001
  0.46626301E-001
  0.46626295E-001
  0.46626291E-001
  0.46626287E-001
  0.46626284E-001
  0.46626282E-001
  0.46626281E-001
  0.46626281E-001
  0.46626281E-001
  0.46626281E-001
  0.46626282E-001
  0.46626283E-001
  0.46626285E-001
  0.46626286E-001
  0.46626288E-001
  0.46626290E-001
  0.46626292E-001
  0.46626294E-001
  0.46626296E-001
  0.46626299E-001
  0.46626304E-001
  0.46626299E-001
  0.46626275E-001
