  0.26138386E+000
  0.12625285E+000
  0.10302531E+000
  0.10397574E+000
  0.11575847E+000
  0.13301108E+000
  0.15204825E+000
  0.16998004E+000
  0.18558088E+000
  0.19883740E+000
  0.20965670E+000
  0.21820172E+000
  0.22519186E+000
  0.23084858E+000
  0.23546585E+000
  0.23926168E+000
  0.24236383E+000
  0.24490307E+000
  0.24702015E+000
  0.24877850E+000
  0.25027760E+000
  0.25156314E+000
  0.25268430E+000
  0.25367522E+000
  0.25455064E+000
  0.25533288E+000
  0.25603255E+000
  0.25665996E+000
  0.25722203E+000
  0.25772482E+000
  0.25817329E+000
  0.25857265E+000
  0.25892668E+000
  0.25923982E+000
  0.25951634E+000
  0.25976016E+000
  0.25997519E+000
  0.26016536E+000
  0.26033339E+000
  0.26048306E+000
  0.26061642E+000
  0.26073679E+000
  0.26084583E+000
  0.26094579E+000
  0.26103766E+000
  0.26112319E+000
  0.26120274E+000
  0.26127792E+000
  0.26134859E+000
  0.26141553E+000
  0.26147886E+000
  0.26152547E+000
  0.26155393E+000
  0.26157109E+000
  0.26158110E+000
  0.26158666E+000
  0.26158930E+000
  0.26159012E+000
  0.26158965E+000
  0.26158823E+000
  0.26158617E+000
  0.26158350E+000
  0.26158035E+000
  0.26157684E+000
  0.26157302E+000
  0.26156883E+000
  0.26156446E+000
  0.26155974E+000
  0.26155493E+000
  0.26154984E+000
  0.26154462E+000
  0.26153921E+000
  0.26153367E+000
  0.26152797E+000
  0.26152221E+000
  0.26151628E+000
  0.26151034E+000
  0.26150429E+000
  0.26149823E+000
  0.26149212E+000
  0.26148604E+000
  0.26148000E+000
  0.26147398E+000
  0.26146808E+000
  0.26146224E+000
  0.26145655E+000
  0.26145096E+000
  0.26144557E+000
  0.26144030E+000
  0.26143523E+000
  0.26143036E+000
  0.26142567E+000
  0.26142117E+000
  0.26141690E+000
  0.26141283E+000
  0.26140896E+000
  0.26140531E+000
  0.26140186E+000
  0.26139863E+000
  0.26139560E+000
  0.26139276E+000
  0.26139014E+000
  0.26138770E+000
  0.26138545E+000
  0.26138339E+000
  0.26138152E+000
  0.26137981E+000
  0.26137827E+000
  0.26137690E+000
  0.26137568E+000
  0.26137461E+000
  0.26137368E+000
  0.26137289E+000
  0.26137222E+000
  0.26137168E+000
  0.26137124E+000
  0.26137091E+000
  0.26137067E+000
  0.26137053E+000
  0.26137046E+000
  0.26137047E+000
  0.26137055E+000
  0.26137068E+000
  0.26137087E+000
  0.26137110E+000
  0.26137137E+000
  0.26137168E+000
  0.26137202E+000
  0.26137238E+000
  0.26137276E+000
  0.26137316E+000
  0.26137357E+000
  0.26137399E+000
  0.26137441E+000
  0.26137483E+000
  0.26137526E+000
  0.26137568E+000
  0.26137609E+000
  0.26137650E+000
  0.26137690E+000
  0.26137729E+000
  0.26137767E+000
  0.26137804E+000
  0.26137840E+000
  0.26137875E+000
  0.26137908E+000
  0.26137940E+000
  0.26137971E+000
  0.26138000E+000
  0.26138029E+000
  0.26138056E+000
  0.26138081E+000
  0.26138106E+000
  0.26138129E+000
  0.26138151E+000
  0.26138172E+000
  0.26138191E+000
  0.26138210E+000
  0.26138227E+000
  0.26138244E+000
  0.26138259E+000
  0.26138274E+000
  0.26138287E+000
  0.26138300E+000
  0.26138311E+000
  0.26138322E+000
  0.26138332E+000
  0.26138342E+000
  0.26138350E+000
  0.26138358E+000
  0.26138365E+000
  0.26138372E+000
  0.26138378E+000
  0.26138383E+000
  0.26138388E+000
  0.26138392E+000
  0.26138396E+000
  0.26138399E+000
  0.26138402E+000
  0.26138405E+000
  0.26138407E+000
  0.26138409E+000
  0.26138410E+000
  0.26138412E+000
  0.26138412E+000
  0.26138413E+000
  0.26138414E+000
  0.26138414E+000
  0.26138414E+000
  0.26138414E+000
  0.26138413E+000
  0.26138413E+000
  0.26138412E+000
  0.26138412E+000
  0.26138411E+000
  0.26138410E+000
  0.26138409E+000
  0.26138409E+000
  0.26138407E+000
  0.26138401E+000
