  0.13182827E+000
  0.13156323E+000
  0.13134990E+000
  0.13117560E+000
  0.13103265E+000
  0.13091600E+000
  0.13082119E+000
  0.13074425E+000
  0.13068196E+000
  0.13063196E+000
  0.13059208E+000
  0.13056059E+000
  0.13053591E+000
  0.13051691E+000
  0.13050268E+000
  0.13049253E+000
  0.13048583E+000
  0.13048209E+000
  0.13048088E+000
  0.13048184E+000
  0.13048466E+000
  0.13048907E+000
  0.13049485E+000
  0.13050182E+000
  0.13050980E+000
  0.13051866E+000
  0.13052828E+000
  0.13053856E+000
  0.13054941E+000
  0.13056076E+000
  0.13057255E+000
  0.13058473E+000
  0.13059724E+000
  0.13061004E+000
  0.13062311E+000
  0.13063640E+000
  0.13064989E+000
  0.13066355E+000
  0.13067736E+000
  0.13069130E+000
  0.13070534E+000
  0.13071947E+000
  0.13073366E+000
  0.13074790E+000
  0.13076217E+000
  0.13077644E+000
  0.13079069E+000
  0.13080492E+000
  0.13081909E+000
  0.13083320E+000
  0.13084722E+000
  0.13086112E+000
  0.13087491E+000
  0.13088855E+000
  0.13090203E+000
  0.13091533E+000
  0.13092844E+000
  0.13094134E+000
  0.13095402E+000
  0.13096647E+000
  0.13097867E+000
  0.13099062E+000
  0.13100229E+000
  0.13101369E+000
  0.13102481E+000
  0.13103564E+000
  0.13104617E+000
  0.13105639E+000
  0.13106632E+000
  0.13107593E+000
  0.13108524E+000
  0.13109423E+000
  0.13110291E+000
  0.13111128E+000
  0.13111935E+000
  0.13112711E+000
  0.13113456E+000
  0.13114172E+000
  0.13114858E+000
  0.13115515E+000
  0.13116144E+000
  0.13116745E+000
  0.13117319E+000
  0.13117868E+000
  0.13118390E+000
  0.13118888E+000
  0.13119361E+000
  0.13119812E+000
  0.13120240E+000
  0.13120646E+000
  0.13121031E+000
  0.13121395E+000
  0.13121740E+000
  0.13122066E+000
  0.13122373E+000
  0.13122663E+000
  0.13122935E+000
  0.13123191E+000
  0.13123431E+000
  0.13123656E+000
  0.13123866E+000
  0.13124062E+000
  0.13124244E+000
  0.13124412E+000
  0.13124568E+000
  0.13124712E+000
  0.13124844E+000
  0.13124965E+000
  0.13125076E+000
  0.13125176E+000
  0.13125266E+000
  0.13125347E+000
  0.13125420E+000
  0.13125483E+000
  0.13125539E+000
  0.13125588E+000
  0.13125629E+000
  0.13125664E+000
  0.13125692E+000
  0.13125715E+000
  0.13125732E+000
  0.13125744E+000
  0.13125751E+000
  0.13125754E+000
  0.13125753E+000
  0.13125748E+000
  0.13125739E+000
  0.13125727E+000
  0.13125713E+000
  0.13125696E+000
  0.13125676E+000
  0.13125655E+000
  0.13125632E+000
  0.13125607E+000
  0.13125581E+000
  0.13125554E+000
  0.13125526E+000
  0.13125497E+000
  0.13125468E+000
  0.13125438E+000
  0.13125408E+000
  0.13125378E+000
  0.13125348E+000
  0.13125318E+000
  0.13125288E+000
  0.13125259E+000
  0.13125230E+000
  0.13125202E+000
  0.13125174E+000
  0.13125147E+000
  0.13125121E+000
  0.13125096E+000
  0.13125071E+000
  0.13125047E+000
  0.13125025E+000
  0.13125003E+000
  0.13124982E+000
  0.13124961E+000
  0.13124942E+000
  0.13124924E+000
  0.13124907E+000
  0.13124890E+000
  0.13124875E+000
  0.13124860E+000
  0.13124847E+000
  0.13124834E+000
  0.13124822E+000
  0.13124811E+000
  0.13124800E+000
  0.13124791E+000
  0.13124782E+000
  0.13124774E+000
  0.13124766E+000
  0.13124759E+000
  0.13124753E+000
  0.13124747E+000
  0.13124742E+000
  0.13124737E+000
  0.13124733E+000
  0.13124729E+000
  0.13124726E+000
  0.13124723E+000
  0.13124720E+000
  0.13124718E+000
  0.13124716E+000
  0.13124714E+000
  0.13124713E+000
  0.13124712E+000
  0.13124710E+000
  0.13124710E+000
  0.13124709E+000
  0.13124708E+000
  0.13124708E+000
  0.13124708E+000
  0.13124708E+000
  0.13124708E+000
  0.13124708E+000
  0.13124708E+000
  0.13124708E+000
  0.13124708E+000
