  0.21458434E+000
  0.98056006E-001
  0.76789809E-001
  0.76696124E-001
  0.86724673E-001
  0.10118617E+000
  0.11732524E+000
  0.13284148E+000
  0.14659065E+000
  0.15836742E+000
  0.16806978E+000
  0.17576100E+000
  0.18213410E+000
  0.18730782E+000
  0.19151892E+000
  0.19495737E+000
  0.19774314E+000
  0.20000294E+000
  0.20186910E+000
  0.20340732E+000
  0.20471222E+000
  0.20582975E+000
  0.20680604E+000
  0.20767244E+000
  0.20844296E+000
  0.20913686E+000
  0.20976311E+000
  0.21032996E+000
  0.21084265E+000
  0.21130559E+000
  0.21172235E+000
  0.21209672E+000
  0.21243148E+000
  0.21273002E+000
  0.21299571E+000
  0.21323172E+000
  0.21344132E+000
  0.21362785E+000
  0.21379368E+000
  0.21394211E+000
  0.21407501E+000
  0.21419529E+000
  0.21430451E+000
  0.21440469E+000
  0.21449679E+000
  0.21458238E+000
  0.21466187E+000
  0.21473667E+000
  0.21480674E+000
  0.21487279E+000
  0.21493497E+000
  0.21498017E+000
  0.21500690E+000
  0.21502203E+000
  0.21502980E+000
  0.21503289E+000
  0.21503291E+000
  0.21503091E+000
  0.21502747E+000
  0.21502297E+000
  0.21501771E+000
  0.21501178E+000
  0.21500533E+000
  0.21499848E+000
  0.21499129E+000
  0.21498378E+000
  0.21497609E+000
  0.21496815E+000
  0.21496014E+000
  0.21495197E+000
  0.21494376E+000
  0.21493548E+000
  0.21492721E+000
  0.21491892E+000
  0.21491069E+000
  0.21490248E+000
  0.21489437E+000
  0.21488633E+000
  0.21487843E+000
  0.21487063E+000
  0.21486300E+000
  0.21485554E+000
  0.21484826E+000
  0.21484118E+000
  0.21483431E+000
  0.21482768E+000
  0.21482127E+000
  0.21481512E+000
  0.21480920E+000
  0.21480356E+000
  0.21479817E+000
  0.21479304E+000
  0.21478816E+000
  0.21478356E+000
  0.21477921E+000
  0.21477511E+000
  0.21477127E+000
  0.21476767E+000
  0.21476432E+000
  0.21476120E+000
  0.21475831E+000
  0.21475565E+000
  0.21475321E+000
  0.21475098E+000
  0.21474895E+000
  0.21474712E+000
  0.21474548E+000
  0.21474402E+000
  0.21474274E+000
  0.21474163E+000
  0.21474067E+000
  0.21473987E+000
  0.21473921E+000
  0.21473869E+000
  0.21473829E+000
  0.21473800E+000
  0.21473783E+000
  0.21473776E+000
  0.21473778E+000
  0.21473789E+000
  0.21473807E+000
  0.21473833E+000
  0.21473864E+000
  0.21473901E+000
  0.21473943E+000
  0.21473990E+000
  0.21474039E+000
  0.21474092E+000
  0.21474147E+000
  0.21474204E+000
  0.21474262E+000
  0.21474322E+000
  0.21474382E+000
  0.21474442E+000
  0.21474502E+000
  0.21474562E+000
  0.21474622E+000
  0.21474680E+000
  0.21474737E+000
  0.21474794E+000
  0.21474849E+000
  0.21474902E+000
  0.21474954E+000
  0.21475004E+000
  0.21475052E+000
  0.21475099E+000
  0.21475144E+000
  0.21475187E+000
  0.21475228E+000
  0.21475267E+000
  0.21475305E+000
  0.21475340E+000
  0.21475374E+000
  0.21475406E+000
  0.21475437E+000
  0.21475465E+000
  0.21475493E+000
  0.21475518E+000
  0.21475542E+000
  0.21475564E+000
  0.21475585E+000
  0.21475605E+000
  0.21475623E+000
  0.21475640E+000
  0.21475656E+000
  0.21475670E+000
  0.21475683E+000
  0.21475696E+000
  0.21475707E+000
  0.21475717E+000
  0.21475726E+000
  0.21475735E+000
  0.21475742E+000
  0.21475749E+000
  0.21475755E+000
  0.21475761E+000
  0.21475765E+000
  0.21475769E+000
  0.21475773E+000
  0.21475776E+000
  0.21475778E+000
  0.21475780E+000
  0.21475782E+000
  0.21475783E+000
  0.21475784E+000
  0.21475785E+000
  0.21475785E+000
  0.21475786E+000
  0.21475785E+000
  0.21475785E+000
  0.21475785E+000
  0.21475784E+000
  0.21475783E+000
  0.21475782E+000
  0.21475781E+000
  0.21475780E+000
  0.21475779E+000
  0.21475779E+000
  0.21475777E+000
  0.21475773E+000
