  0.35427733E+000
  0.35427725E+000
  0.35456954E+000
  0.35487853E+000
  0.35516189E+000
  0.35540801E+000
  0.35562337E+000
  0.35581060E+000
  0.35597521E+000
  0.35611683E+000
  0.35623822E+000
  0.35634407E+000
  0.35643420E+000
  0.35651411E+000
  0.35658303E+000
  0.35664244E+000
  0.35669387E+000
  0.35673942E+000
  0.35677939E+000
  0.35681486E+000
  0.35684543E+000
  0.35687274E+000
  0.35689669E+000
  0.35691827E+000
  0.35693741E+000
  0.35695512E+000
  0.35697199E+000
  0.35698590E+000
  0.35699918E+000
  0.35701098E+000
  0.35702201E+000
  0.35703208E+000
  0.35704135E+000
  0.35705007E+000
  0.35705845E+000
  0.35706634E+000
  0.35707361E+000
  0.35708047E+000
  0.35708686E+000
  0.35709396E+000
  0.35710004E+000
  0.35710548E+000
  0.35711069E+000
  0.35711543E+000
  0.35712047E+000
  0.35712526E+000
  0.35713007E+000
  0.35713449E+000
  0.35713891E+000
  0.35714308E+000
  0.35714714E+000
  0.35715092E+000
  0.35715467E+000
  0.35715801E+000
  0.35716135E+000
  0.35716451E+000
  0.35716816E+000
  0.35717109E+000
  0.35717399E+000
  0.35717616E+000
  0.35717880E+000
  0.35718134E+000
  0.35718367E+000
  0.35718592E+000
  0.35718807E+000
  0.35719014E+000
  0.35719199E+000
  0.35719393E+000
  0.35719574E+000
  0.35719749E+000
  0.35719886E+000
  0.35720023E+000
  0.35720166E+000
  0.35720298E+000
  0.35720410E+000
  0.35720520E+000
  0.35720632E+000
  0.35720733E+000
  0.35720822E+000
  0.35720918E+000
  0.35721010E+000
  0.35721109E+000
  0.35721184E+000
  0.35721252E+000
  0.35721217E+000
  0.35721331E+000
  0.35721395E+000
  0.35721435E+000
  0.35721501E+000
  0.35721547E+000
  0.35721608E+000
  0.35721662E+000
  0.35721711E+000
  0.35721716E+000
  0.35721767E+000
  0.35721816E+000
  0.35721861E+000
  0.35721903E+000
  0.35721940E+000
  0.35721978E+000
  0.35722019E+000
  0.35722060E+000
  0.35722096E+000
  0.35722120E+000
  0.35722155E+000
  0.35722187E+000
  0.35722214E+000
  0.35722238E+000
  0.35722267E+000
  0.35722294E+000
  0.35722319E+000
  0.35722345E+000
  0.35722366E+000
  0.35722383E+000
  0.35722406E+000
  0.35722429E+000
  0.35722451E+000
  0.35722472E+000
  0.35722493E+000
  0.35722514E+000
  0.35722546E+000
  0.35722564E+000
  0.35722583E+000
  0.35722601E+000
  0.35722618E+000
  0.35722635E+000
  0.35722652E+000
  0.35722669E+000
  0.35722686E+000
  0.35722702E+000
  0.35722718E+000
  0.35722734E+000
  0.35722749E+000
  0.35722767E+000
  0.35722782E+000
  0.35722797E+000
  0.35722811E+000
  0.35722825E+000
  0.35722839E+000
  0.35722853E+000
  0.35722866E+000
  0.35722880E+000
  0.35722893E+000
  0.35722906E+000
  0.35722919E+000
  0.35722930E+000
  0.35722941E+000
  0.35722954E+000
  0.35722965E+000
  0.35722977E+000
  0.35722976E+000
  0.35722986E+000
  0.35722997E+000
  0.35723007E+000
  0.35723017E+000
  0.35723027E+000
  0.35723036E+000
  0.35723045E+000
  0.35723053E+000
  0.35723061E+000
  0.35723069E+000
  0.35723076E+000
  0.35723081E+000
  0.35723088E+000
  0.35723094E+000
  0.35723100E+000
  0.35723106E+000
  0.35723111E+000
  0.35723116E+000
  0.35723121E+000
  0.35723125E+000
  0.35723130E+000
  0.35723133E+000
  0.35723137E+000
  0.35723140E+000
  0.35723143E+000
  0.35723146E+000
  0.35723148E+000
  0.35723150E+000
  0.35723152E+000
  0.35723154E+000
  0.35723156E+000
  0.35723157E+000
  0.35723158E+000
  0.35723159E+000
  0.35723160E+000
  0.35723161E+000
  0.35723161E+000
  0.35723162E+000
  0.35723162E+000
  0.35723163E+000
  0.35723163E+000
  0.35723163E+000
  0.35723163E+000
  0.35723163E+000
  0.35723163E+000
  0.35723162E+000
  0.35723162E+000
  0.35723162E+000
  0.35723162E+000
