  0.88685064E+000
  0.88678643E+000
  0.88674071E+000
  0.88670739E+000
  0.88668307E+000
  0.88666544E+000
  0.88665308E+000
  0.88664471E+000
  0.88663938E+000
  0.88663649E+000
  0.88663546E+000
  0.88663589E+000
  0.88663748E+000
  0.88663995E+000
  0.88664310E+000
  0.88664678E+000
  0.88665087E+000
  0.88665526E+000
  0.88665987E+000
  0.88666463E+000
  0.88666950E+000
  0.88667443E+000
  0.88667939E+000
  0.88668435E+000
  0.88668928E+000
  0.88669416E+000
  0.88669899E+000
  0.88670375E+000
  0.88670843E+000
  0.88671301E+000
  0.88671750E+000
  0.88672189E+000
  0.88672618E+000
  0.88673035E+000
  0.88673442E+000
  0.88673837E+000
  0.88674221E+000
  0.88674593E+000
  0.88674954E+000
  0.88675303E+000
  0.88675640E+000
  0.88675965E+000
  0.88676279E+000
  0.88676581E+000
  0.88676871E+000
  0.88677149E+000
  0.88677416E+000
  0.88677671E+000
  0.88677914E+000
  0.88678146E+000
  0.88678366E+000
  0.88678575E+000
  0.88678773E+000
  0.88678959E+000
  0.88679135E+000
  0.88679299E+000
  0.88679454E+000
  0.88679598E+000
  0.88679732E+000
  0.88679856E+000
  0.88679971E+000
  0.88680077E+000
  0.88680174E+000
  0.88680262E+000
  0.88680343E+000
  0.88680416E+000
  0.88680482E+000
  0.88680540E+000
  0.88680593E+000
  0.88680639E+000
  0.88680680E+000
  0.88680715E+000
  0.88680745E+000
  0.88680772E+000
  0.88680794E+000
  0.88680812E+000
  0.88680828E+000
  0.88680841E+000
  0.88680852E+000
  0.88680860E+000
  0.88680868E+000
  0.88680874E+000
  0.88680879E+000
  0.88680884E+000
  0.88680889E+000
  0.88680894E+000
  0.88680899E+000
  0.88680905E+000
  0.88680912E+000
  0.88680919E+000
  0.88680927E+000
  0.88680937E+000
  0.88680947E+000
  0.88680959E+000
  0.88680971E+000
  0.88680985E+000
  0.88681000E+000
  0.88681016E+000
  0.88681033E+000
  0.88681051E+000
  0.88681071E+000
  0.88681091E+000
  0.88681112E+000
  0.88681134E+000
  0.88681156E+000
  0.88681180E+000
  0.88681204E+000
  0.88681229E+000
  0.88681254E+000
  0.88681280E+000
  0.88681307E+000
  0.88681335E+000
  0.88681362E+000
  0.88681391E+000
  0.88681419E+000
  0.88681448E+000
  0.88681478E+000
  0.88681508E+000
  0.88681538E+000
  0.88681568E+000
  0.88681599E+000
  0.88681630E+000
  0.88681660E+000
  0.88681691E+000
  0.88681722E+000
  0.88681753E+000
  0.88681784E+000
  0.88681815E+000
  0.88681846E+000
  0.88681877E+000
  0.88681907E+000
  0.88681937E+000
  0.88681967E+000
  0.88681996E+000
  0.88682025E+000
  0.88682054E+000
  0.88682082E+000
  0.88682109E+000
  0.88682136E+000
  0.88682163E+000
  0.88682188E+000
  0.88682213E+000
  0.88682237E+000
  0.88682261E+000
  0.88682284E+000
  0.88682306E+000
  0.88682327E+000
  0.88682347E+000
  0.88682367E+000
  0.88682385E+000
  0.88682403E+000
  0.88682420E+000
  0.88682436E+000
  0.88682451E+000
  0.88682466E+000
  0.88682479E+000
  0.88682492E+000
  0.88682504E+000
  0.88682515E+000
  0.88682525E+000
  0.88682535E+000
  0.88682544E+000
  0.88682552E+000
  0.88682559E+000
  0.88682566E+000
  0.88682572E+000
  0.88682578E+000
  0.88682583E+000
  0.88682587E+000
  0.88682591E+000
  0.88682595E+000
  0.88682597E+000
  0.88682600E+000
  0.88682602E+000
  0.88682604E+000
  0.88682605E+000
  0.88682606E+000
  0.88682607E+000
  0.88682608E+000
  0.88682608E+000
  0.88682608E+000
  0.88682608E+000
  0.88682608E+000
  0.88682607E+000
  0.88682607E+000
  0.88682606E+000
  0.88682605E+000
  0.88682604E+000
  0.88682603E+000
  0.88682602E+000
  0.88682601E+000
  0.88682599E+000
  0.88682598E+000
  0.88682597E+000
  0.88682596E+000
  0.88682594E+000
  0.88682593E+000
  0.88682592E+000
  0.88682590E+000
  0.88682589E+000
