  0.46205237E+000
  0.46181008E+000
  0.46151369E+000
  0.46126068E+000
  0.46105370E+000
  0.46088428E+000
  0.46074363E+000
  0.46062497E+000
  0.46052607E+000
  0.46044186E+000
  0.46037176E+000
  0.46031348E+000
  0.46026319E+000
  0.46022061E+000
  0.46018508E+000
  0.46015374E+000
  0.46012743E+000
  0.46010456E+000
  0.46008530E+000
  0.46006923E+000
  0.46005404E+000
  0.46004167E+000
  0.46003218E+000
  0.46002221E+000
  0.46001412E+000
  0.46000701E+000
  0.46000037E+000
  0.45999422E+000
  0.45998990E+000
  0.45998547E+000
  0.45998056E+000
  0.45997606E+000
  0.45997253E+000
  0.45996918E+000
  0.45996597E+000
  0.45996295E+000
  0.45995965E+000
  0.45995664E+000
  0.45995398E+000
  0.45995135E+000
  0.45994870E+000
  0.45994633E+000
  0.45994378E+000
  0.45994153E+000
  0.45993881E+000
  0.45993631E+000
  0.45993438E+000
  0.45993207E+000
  0.45992996E+000
  0.45992792E+000
  0.45992597E+000
  0.45992384E+000
  0.45992180E+000
  0.45991992E+000
  0.45991754E+000
  0.45991558E+000
  0.45991355E+000
  0.45991191E+000
  0.45991023E+000
  0.45990816E+000
  0.45990637E+000
  0.45990438E+000
  0.45990269E+000
  0.45990072E+000
  0.45989925E+000
  0.45989697E+000
  0.45989537E+000
  0.45989388E+000
  0.45989207E+000
  0.45989045E+000
  0.45988895E+000
  0.45988762E+000
  0.45988580E+000
  0.45988468E+000
  0.45988325E+000
  0.45988206E+000
  0.45988097E+000
  0.45987988E+000
  0.45987870E+000
  0.45987762E+000
  0.45987674E+000
  0.45987569E+000
  0.45987492E+000
  0.45987426E+000
  0.45987348E+000
  0.45987274E+000
  0.45987224E+000
  0.45987146E+000
  0.45987026E+000
  0.45986978E+000
  0.45986918E+000
  0.45986767E+000
  0.45986728E+000
  0.45986690E+000
  0.45986660E+000
  0.45986622E+000
  0.45986605E+000
  0.45986531E+000
  0.45986517E+000
  0.45986488E+000
  0.45986470E+000
  0.45986447E+000
  0.45986445E+000
  0.45986435E+000
  0.45986427E+000
  0.45986421E+000
  0.45986418E+000
  0.45986418E+000
  0.45986413E+000
  0.45986417E+000
  0.45986405E+000
  0.45986412E+000
  0.45986412E+000
  0.45986411E+000
  0.45986421E+000
  0.45986429E+000
  0.45986440E+000
  0.45986456E+000
  0.45986469E+000
  0.45986476E+000
  0.45986490E+000
  0.45986504E+000
  0.45986521E+000
  0.45986536E+000
  0.45986552E+000
  0.45986567E+000
  0.45986583E+000
  0.45986600E+000
  0.45986616E+000
  0.45986633E+000
  0.45986650E+000
  0.45986666E+000
  0.45986689E+000
  0.45986706E+000
  0.45986721E+000
  0.45986736E+000
  0.45986751E+000
  0.45986764E+000
  0.45986779E+000
  0.45986795E+000
  0.45986812E+000
  0.45986827E+000
  0.45986844E+000
  0.45986857E+000
  0.45986871E+000
  0.45986884E+000
  0.45986897E+000
  0.45986909E+000
  0.45986922E+000
  0.45986935E+000
  0.45986947E+000
  0.45986953E+000
  0.45986963E+000
  0.45986974E+000
  0.45986984E+000
  0.45986992E+000
  0.45987000E+000
  0.45987011E+000
  0.45987019E+000
  0.45987029E+000
  0.45987037E+000
  0.45987043E+000
  0.45987050E+000
  0.45987058E+000
  0.45987064E+000
  0.45987070E+000
  0.45987075E+000
  0.45987080E+000
  0.45987086E+000
  0.45987089E+000
  0.45987096E+000
  0.45987100E+000
  0.45987103E+000
  0.45987105E+000
  0.45987108E+000
  0.45987111E+000
  0.45987113E+000
  0.45987115E+000
  0.45987114E+000
  0.45987115E+000
  0.45987116E+000
  0.45987117E+000
  0.45987118E+000
  0.45987120E+000
  0.45987121E+000
  0.45987122E+000
  0.45987122E+000
  0.45987122E+000
  0.45987123E+000
  0.45987123E+000
  0.45987123E+000
  0.45987123E+000
  0.45987123E+000
  0.45987123E+000
  0.45987123E+000
  0.45987122E+000
  0.45987122E+000
  0.45987121E+000
  0.45987121E+000
  0.45987121E+000
