  0.11714407E+000
  0.11480220E+000
  0.11297424E+000
  0.11149423E+000
  0.11028624E+000
  0.10928577E+000
  0.10845656E+000
  0.10776559E+000
  0.10718526E+000
  0.10670083E+000
  0.10629411E+000
  0.10595224E+000
  0.10566555E+000
  0.10542432E+000
  0.10522106E+000
  0.10505042E+000
  0.10490719E+000
  0.10478662E+000
  0.10468592E+000
  0.10460159E+000
  0.10453144E+000
  0.10447312E+000
  0.10442482E+000
  0.10438513E+000
  0.10435258E+000
  0.10432611E+000
  0.10430475E+000
  0.10428767E+000
  0.10427419E+000
  0.10426369E+000
  0.10425568E+000
  0.10424972E+000
  0.10424545E+000
  0.10424255E+000
  0.10424077E+000
  0.10423988E+000
  0.10423971E+000
  0.10424011E+000
  0.10424095E+000
  0.10424215E+000
  0.10424361E+000
  0.10424527E+000
  0.10424709E+000
  0.10424903E+000
  0.10425106E+000
  0.10425315E+000
  0.10425529E+000
  0.10425748E+000
  0.10425969E+000
  0.10426192E+000
  0.10426416E+000
  0.10426641E+000
  0.10426867E+000
  0.10427094E+000
  0.10427321E+000
  0.10427547E+000
  0.10427773E+000
  0.10427998E+000
  0.10428222E+000
  0.10428445E+000
  0.10428666E+000
  0.10428885E+000
  0.10429102E+000
  0.10429317E+000
  0.10429530E+000
  0.10429740E+000
  0.10429947E+000
  0.10430151E+000
  0.10430351E+000
  0.10430549E+000
  0.10430743E+000
  0.10430933E+000
  0.10431119E+000
  0.10431302E+000
  0.10431480E+000
  0.10431653E+000
  0.10431822E+000
  0.10431986E+000
  0.10432145E+000
  0.10432299E+000
  0.10432448E+000
  0.10432591E+000
  0.10432729E+000
  0.10432861E+000
  0.10432988E+000
  0.10433109E+000
  0.10433225E+000
  0.10433335E+000
  0.10433439E+000
  0.10433538E+000
  0.10433632E+000
  0.10433721E+000
  0.10433805E+000
  0.10433884E+000
  0.10433958E+000
  0.10434027E+000
  0.10434092E+000
  0.10434153E+000
  0.10434210E+000
  0.10434262E+000
  0.10434312E+000
  0.10434357E+000
  0.10434400E+000
  0.10434439E+000
  0.10434475E+000
  0.10434508E+000
  0.10434539E+000
  0.10434567E+000
  0.10434593E+000
  0.10434617E+000
  0.10434638E+000
  0.10434658E+000
  0.10434676E+000
  0.10434692E+000
  0.10434707E+000
  0.10434720E+000
  0.10434732E+000
  0.10434743E+000
  0.10434752E+000
  0.10434761E+000
  0.10434768E+000
  0.10434775E+000
  0.10434781E+000
  0.10434786E+000
  0.10434790E+000
  0.10434794E+000
  0.10434797E+000
  0.10434800E+000
  0.10434802E+000
  0.10434804E+000
  0.10434806E+000
  0.10434807E+000
  0.10434808E+000
  0.10434808E+000
  0.10434808E+000
  0.10434809E+000
  0.10434809E+000
  0.10434808E+000
  0.10434808E+000
  0.10434808E+000
  0.10434807E+000
  0.10434806E+000
  0.10434806E+000
  0.10434805E+000
  0.10434804E+000
  0.10434803E+000
  0.10434803E+000
  0.10434802E+000
  0.10434801E+000
  0.10434800E+000
  0.10434799E+000
  0.10434799E+000
  0.10434798E+000
  0.10434797E+000
  0.10434796E+000
  0.10434796E+000
  0.10434795E+000
  0.10434795E+000
  0.10434794E+000
  0.10434793E+000
  0.10434793E+000
  0.10434792E+000
  0.10434792E+000
  0.10434792E+000
  0.10434791E+000
  0.10434791E+000
  0.10434790E+000
  0.10434790E+000
  0.10434790E+000
  0.10434790E+000
  0.10434789E+000
  0.10434789E+000
  0.10434789E+000
  0.10434789E+000
  0.10434789E+000
  0.10434789E+000
  0.10434788E+000
  0.10434788E+000
  0.10434788E+000
  0.10434788E+000
  0.10434788E+000
  0.10434788E+000
  0.10434788E+000
  0.10434788E+000
  0.10434788E+000
  0.10434788E+000
  0.10434788E+000
  0.10434788E+000
  0.10434788E+000
  0.10434788E+000
  0.10434788E+000
  0.10434788E+000
  0.10434788E+000
  0.10434787E+000
  0.10434787E+000
  0.10434787E+000
  0.10434787E+000
  0.10434787E+000
  0.10434787E+000
  0.10434787E+000
