  0.00000000E+000  0.00000000E+000  0.00000000E+000  0.00000000E+000  0.41772900E-001  0.36576301E+000  0.69180182E+001  0.46401376E+002  0.11350134E+003  0.30046528E+003  0.58995304E+003
  0.00000000E+000  0.00000000E+000  0.00000000E+000  0.00000000E+000  0.41841815E-001  0.36594358E+000  0.69206233E+001  0.46418571E+002  0.11353607E+003  0.30054576E+003  0.59009317E+003
  0.00000000E+000  0.00000000E+000  0.00000000E+000  0.00000000E+000  0.41903243E-001  0.36609505E+000  0.69228057E+001  0.46432371E+002  0.11356281E+003  0.30060544E+003  0.59019594E+003
  0.00000000E+000  0.00000000E+000  0.00000000E+000  0.00000000E+000  0.41956937E-001  0.36622337E+000  0.69246387E+001  0.46443626E+002  0.11358409E+003  0.30065158E+003  0.59027443E+003
  0.00000000E+000  0.00000000E+000  0.00000000E+000  0.00000000E+000  0.42003787E-001  0.36633274E+000  0.69261803E+001  0.46452888E+002  0.11360133E+003  0.30068821E+003  0.59033605E+003
  0.00000000E+000  0.00000000E+000  0.00000000E+000  0.00000000E+000  0.42044844E-001  0.36642641E+000  0.69274804E+001  0.46460572E+002  0.11361548E+003  0.30071789E+003  0.59038553E+003
  0.00000000E+000  0.00000000E+000  0.00000000E+000  0.00000000E+000  0.42080978E-001  0.36650689E+000  0.69285803E+001  0.46466980E+002  0.11362719E+003  0.30074226E+003  0.59042587E+003
  0.00000000E+000  0.00000000E+000  0.00000000E+000  0.00000000E+000  0.42112782E-001  0.36657630E+000  0.69295150E+001  0.46472354E+002  0.11363695E+003  0.30076255E+003  0.59045923E+003
  0.00000000E+000  0.00000000E+000  0.00000000E+000  0.00000000E+000  0.42140706E-001  0.36663636E+000  0.69303134E+001  0.46476885E+002  0.11364514E+003  0.30077960E+003  0.59048718E+003
  0.00000000E+000  0.00000000E+000  0.00000000E+000  0.00000000E+000  0.42165145E-001  0.36668850E+000  0.69309981E+001  0.46480718E+002  0.11365206E+003  0.30079405E+003  0.59051083E+003
  0.00000000E+000  0.00000000E+000  0.00000000E+000  0.00000000E+000  0.42186482E-001  0.36673394E+000  0.69315883E+001  0.46483978E+002  0.11365794E+003  0.30080642E+003  0.59053110E+003
  0.00000000E+000  0.00000000E+000  0.00000000E+000  0.00000000E+000  0.42205042E-001  0.36677371E+000  0.69320995E+001  0.46486766E+002  0.11366297E+003  0.30081711E+003  0.59054867E+003
  0.00000000E+000  0.00000000E+000  0.00000000E+000  0.00000000E+000  0.42221219E-001  0.36680867E+000  0.69325445E+001  0.46489163E+002  0.11366730E+003  0.30082643E+003  0.59056407E+003
  0.00000000E+000  0.00000000E+000  0.00000000E+000  0.00000000E+000  0.42235415E-001  0.36683957E+000  0.69329340E+001  0.46491236E+002  0.11367106E+003  0.30083465E+003  0.59057773E+003
  0.00000000E+000  0.00000000E+000  0.00000000E+000  0.00000000E+000  0.42247996E-001  0.36686701E+000  0.69332771E+001  0.46493042E+002  0.11367436E+003  0.30084197E+003  0.59058998E+003
  0.00000000E+000  0.00000000E+000  0.00000000E+000  0.00000000E+000  0.42259277E-001  0.36689151E+000  0.69335812E+001  0.46494625E+002  0.11367726E+003  0.30084855E+003  0.59060109E+003
  0.00000000E+000  0.00000000E+000  0.00000000E+000  0.00000000E+000  0.42269519E-001  0.36691353E+000  0.69338525E+001  0.46496023E+002  0.11367985E+003  0.30085453E+003  0.59061128E+003
  0.00000000E+000  0.00000000E+000  0.00000000E+000  0.00000000E+000  0.42278931E-001  0.36693347E+000  0.69340964E+001  0.46497269E+002  0.11368219E+003  0.30086003E+003  0.59062073E+003
  0.00000000E+000  0.00000000E+000  0.00000000E+000  0.00000000E+000  0.42287676E-001  0.36695164E+000  0.69343174E+001  0.46498389E+002  0.11368431E+003  0.30086514E+003  0.59062958E+003
  0.00000000E+000  0.00000000E+000  0.00000000E+000  0.00000000E+000  0.42295887E-001  0.36696836E+000  0.69345192E+001  0.46499405E+002  0.11368626E+003  0.30086994E+003  0.59063796E+003
  0.00000000E+000  0.00000000E+000  0.00000000E+000  0.00000000E+000  0.42303666E-001  0.36698386E+000  0.69347051E+001  0.46500336E+002  0.11368807E+003  0.30087450E+003  0.59064597E+003
  0.00000000E+000  0.00000000E+000  0.00000000E+000  0.00000000E+000  0.42311093E-001  0.36699837E+000  0.69348779E+001  0.46501199E+002  0.11368977E+003  0.30087887E+003  0.59065371E+003
  0.00000000E+000  0.00000000E+000  0.00000000E+000  0.00000000E+000  0.42318234E-001  0.36701205E+000  0.69350399E+001  0.46502006E+002  0.11369139E+003  0.30088310E+003  0.59066124E+003
  0.00000000E+000  0.00000000E+000  0.00000000E+000  0.00000000E+000  0.42325141E-001  0.36702506E+000  0.69351930E+001  0.46502770E+002  0.11369294E+003  0.30088723E+003  0.59066863E+003
  0.00000000E+000  0.00000000E+000  0.00000000E+000  0.00000000E+000  0.42331855E-001  0.36703755E+000  0.69353391E+001  0.46503501E+002  0.11369445E+003  0.30089129E+003  0.59067594E+003
  0.00000000E+000  0.00000000E+000  0.00000000E+000  0.00000000E+000  0.42338411E-001  0.36704961E+000  0.69354794E+001  0.46504205E+002  0.11369593E+003  0.30089531E+003  0.59068320E+003
  0.00000000E+000  0.00000000E+000  0.00000000E+000  0.00000000E+000  0.42344839E-001  0.36706136E+000  0.69356154E+001  0.46504892E+002  0.11369738E+003  0.30089932E+003  0.59069045E+003
  0.00000000E+000  0.00000000E+000  0.00000000E+000  0.00000000E+000  0.42351162E-001  0.36707286E+000  0.69357480E+001  0.46505567E+002  0.11369883E+003  0.30090334E+003  0.59069774E+003
  0.00000000E+000  0.00000000E+000  0.00000000E+000  0.00000000E+000  0.42357400E-001  0.36708420E+000  0.69358780E+001  0.46506234E+002  0.11370028E+003  0.30090739E+003  0.59070508E+003
  0.00000000E+000  0.00000000E+000  0.00000000E+000  0.00000000E+000  0.42363568E-001  0.36709544E+000  0.69360063E+001  0.46506899E+002  0.11370173E+003  0.30091148E+003  0.59071251E+003
  0.00000000E+000  0.00000000E+000  0.00000000E+000  0.00000000E+000  0.42369681E-001  0.36710661E+000  0.69361334E+001  0.46507565E+002  0.11370320E+003  0.30091562E+003  0.59072004E+003
  0.00000000E+000  0.00000000E+000  0.00000000E+000  0.00000000E+000  0.42375750E-001  0.36711778E+000  0.69362599E+001  0.46508236E+002  0.11370469E+003  0.30091983E+003  0.59072769E+003
  0.00000000E+000  0.00000000E+000  0.00000000E+000  0.00000000E+000  0.42381780E-001  0.36712898E+000  0.69363862E+001  0.46508914E+002  0.11370620E+003  0.30092412E+003  0.59073549E+003
  0.00000000E+000  0.00000000E+000  0.00000000E+000  0.00000000E+000  0.42387778E-001  0.36714024E+000  0.69365126E+001  0.46509601E+002  0.11370775E+003  0.30092848E+003  0.59074343E+003
  0.00000000E+000  0.00000000E+000  0.00000000E+000  0.00000000E+000  0.42393746E-001  0.36715158E+000  0.69366394E+001  0.46510299E+002  0.11370932E+003  0.30093294E+003  0.59075154E+003
  0.00000000E+000  0.00000000E+000  0.00000000E+000  0.00000000E+000  0.42399683E-001  0.36716303E+000  0.69367668E+001  0.46511010E+002  0.11371093E+003  0.30093750E+003  0.59075982E+003
  0.00000000E+000  0.00000000E+000  0.00000000E+000  0.00000000E+000  0.42405584E-001  0.36717462E+000  0.69368950E+001  0.46511735E+002  0.11371257E+003  0.30094215E+003  0.59076828E+003
  0.00000000E+000  0.00000000E+000  0.00000000E+000  0.00000000E+000  0.42411442E-001  0.36718635E+000  0.69370242E+001  0.46512475E+002  0.11371425E+003  0.30094691E+003  0.59077692E+003
  0.00000000E+000  0.00000000E+000  0.00000000E+000  0.00000000E+000  0.42417247E-001  0.36719824E+000  0.69371544E+001  0.46513230E+002  0.11371597E+003  0.30095177E+003  0.59078576E+003
  0.00000000E+000  0.00000000E+000  0.00000000E+000  0.00000000E+000  0.42422985E-001  0.36721029E+000  0.69372857E+001  0.46514002E+002  0.11371772E+003  0.30095675E+003  0.59079479E+003
  0.00000000E+000  0.00000000E+000  0.00000000E+000  0.00000000E+000  0.42428639E-001  0.36722253E+000  0.69374182E+001  0.46514790E+002  0.11371952E+003  0.30096183E+003  0.59080401E+003
  0.00000000E+000  0.00000000E+000  0.00000000E+000  0.00000000E+000  0.42434186E-001  0.36723494E+000  0.69375519E+001  0.46515594E+002  0.11372136E+003  0.30096702E+003  0.59081343E+003
  0.00000000E+000  0.00000000E+000  0.00000000E+000  0.00000000E+000  0.42439603E-001  0.36724755E+000  0.69376869E+001  0.46516415E+002  0.11372323E+003  0.30097231E+003  0.59082304E+003
  0.00000000E+000  0.00000000E+000  0.00000000E+000  0.00000000E+000  0.42444861E-001  0.36726034E+000  0.69378233E+001  0.46517253E+002  0.11372514E+003  0.30097772E+003  0.59083285E+003
  0.00000000E+000  0.00000000E+000  0.00000000E+000  0.00000000E+000  0.42449931E-001  0.36727332E+000  0.69379609E+001  0.46518106E+002  0.11372709E+003  0.30098323E+003  0.59084285E+003
  0.00000000E+000  0.00000000E+000  0.00000000E+000  0.00000000E+000  0.42454778E-001  0.36728649E+000  0.69380999E+001  0.46518976E+002  0.11372907E+003  0.30098884E+003  0.59085303E+003
  0.00000000E+000  0.00000000E+000  0.00000000E+000  0.00000000E+000  0.42459367E-001  0.36729985E+000  0.69382402E+001  0.46519860E+002  0.11373109E+003  0.30099455E+003  0.59086340E+003
  0.00000000E+000  0.00000000E+000  0.00000000E+000  0.00000000E+000  0.42463661E-001  0.36731340E+000  0.69383819E+001  0.46520760E+002  0.11373315E+003  0.30100036E+003  0.59087394E+003
  0.00000000E+000  0.00000000E+000  0.00000000E+000  0.00000000E+000  0.42467621E-001  0.36732712E+000  0.69385248E+001  0.46521673E+002  0.11373523E+003  0.30100626E+003  0.59088465E+003
  0.00000000E+000  0.00000000E+000  0.00000000E+000  0.00000000E+000  0.42471208E-001  0.36734101E+000  0.69386689E+001  0.46522600E+002  0.11373734E+003  0.30101225E+003  0.59089552E+003
  0.00000000E+000  0.00000000E+000  0.00000000E+000  0.00000000E+000  0.42474383E-001  0.36735507E+000  0.69388141E+001  0.46523539E+002  0.11373948E+003  0.30101832E+003  0.59090654E+003
  0.00000000E+000  0.00000000E+000  0.00000000E+000  0.00000000E+000  0.42477107E-001  0.36736928E+000  0.69389603E+001  0.46524490E+002  0.11374165E+003  0.30102447E+003  0.59091771E+003
  0.00000000E+000  0.00000000E+000  0.00000000E+000  0.00000000E+000  0.42479344E-001  0.36738364E+000  0.69391074E+001  0.46525452E+002  0.11374384E+003  0.30103068E+003  0.59092901E+003
  0.00000000E+000  0.00000000E+000  0.00000000E+000  0.00000000E+000  0.42481060E-001  0.36739814E+000  0.69392551E+001  0.46526423E+002  0.11374605E+003  0.30103697E+003  0.59094043E+003
  0.00000000E+000  0.00000000E+000  0.00000000E+000  0.00000000E+000  0.42482223E-001  0.36741277E+000  0.69394033E+001  0.46527403E+002  0.11374828E+003  0.30104330E+003  0.59095195E+003
  0.00000000E+000  0.00000000E+000  0.00000000E+000  0.00000000E+000  0.42482807E-001  0.36742752E+000  0.69395518E+001  0.46528391E+002  0.11375052E+003  0.30104969E+003  0.59096357E+003
  0.00000000E+000  0.00000000E+000  0.00000000E+000  0.00000000E+000  0.42482787E-001  0.36744238E+000  0.69397004E+001  0.46529385E+002  0.11375278E+003  0.30105611E+003  0.59097527E+003
  0.00000000E+000  0.00000000E+000  0.00000000E+000  0.00000000E+000  0.42482146E-001  0.36745734E+000  0.69398487E+001  0.46530384E+002  0.11375505E+003  0.30106257E+003  0.59098704E+003
  0.00000000E+000  0.00000000E+000  0.00000000E+000  0.00000000E+000  0.42480870E-001  0.36747239E+000  0.69399966E+001  0.46531387E+002  0.11375733E+003  0.30106905E+003  0.59099885E+003
  0.00000000E+000  0.00000000E+000  0.00000000E+000  0.00000000E+000  0.42478952E-001  0.36748752E+000  0.69401438E+001  0.46532392E+002  0.11375961E+003  0.30107555E+003  0.59101071E+003
  0.00000000E+000  0.00000000E+000  0.00000000E+000  0.00000000E+000  0.42476388E-001  0.36750274E+000  0.69402900E+001  0.46533398E+002  0.11376189E+003  0.30108205E+003  0.59102258E+003
  0.00000000E+000  0.00000000E+000  0.00000000E+000  0.00000000E+000  0.42473183E-001  0.36751803E+000  0.69404350E+001  0.46534404E+002  0.11376417E+003  0.30108855E+003  0.59103445E+003
  0.00000000E+000  0.00000000E+000  0.00000000E+000  0.00000000E+000  0.42469346E-001  0.36753340E+000  0.69405786E+001  0.46535407E+002  0.11376644E+003  0.30109503E+003  0.59104630E+003
  0.00000000E+000  0.00000000E+000  0.00000000E+000  0.00000000E+000  0.42464893E-001  0.36754882E+000  0.69407206E+001  0.46536407E+002  0.11376871E+003  0.30110148E+003  0.59105812E+003
  0.00000000E+000  0.00000000E+000  0.00000000E+000  0.00000000E+000  0.42459843E-001  0.36756431E+000  0.69408606E+001  0.46537401E+002  0.11377097E+003  0.30110791E+003  0.59106990E+003
  0.00000000E+000  0.00000000E+000  0.00000000E+000  0.00000000E+000  0.42454222E-001  0.36757985E+000  0.69409986E+001  0.46538388E+002  0.11377321E+003  0.30111428E+003  0.59108160E+003
  0.00000000E+000  0.00000000E+000  0.00000000E+000  0.00000000E+000  0.42448063E-001  0.36759543E+000  0.69411343E+001  0.46539367E+002  0.11377544E+003  0.30112061E+003  0.59109322E+003
  0.00000000E+000  0.00000000E+000  0.00000000E+000  0.00000000E+000  0.42441399E-001  0.36761105E+000  0.69412676E+001  0.46540336E+002  0.11377765E+003  0.30112687E+003  0.59110474E+003
  0.00000000E+000  0.00000000E+000  0.00000000E+000  0.00000000E+000  0.42434271E-001  0.36762670E+000  0.69413982E+001  0.46541293E+002  0.11377983E+003  0.30113306E+003  0.59111614E+003
  0.00000000E+000  0.00000000E+000  0.00000000E+000  0.00000000E+000  0.42426721E-001  0.36764235E+000  0.69415260E+001  0.46542236E+002  0.11378199E+003  0.30113916E+003  0.59112741E+003
  0.00000000E+000  0.00000000E+000  0.00000000E+000  0.00000000E+000  0.42418797E-001  0.36765799E+000  0.69416509E+001  0.46543164E+002  0.11378412E+003  0.30114518E+003  0.59113853E+003
  0.00000000E+000  0.00000000E+000  0.00000000E+000  0.00000000E+000  0.42410544E-001  0.36767360E+000  0.69417727E+001  0.46544076E+002  0.11378622E+003  0.30115109E+003  0.59114948E+003
  0.00000000E+000  0.00000000E+000  0.00000000E+000  0.00000000E+000  0.42402014E-001  0.36768915E+000  0.69418913E+001  0.46544969E+002  0.11378828E+003  0.30115690E+003  0.59116025E+003
  0.00000000E+000  0.00000000E+000  0.00000000E+000  0.00000000E+000  0.42393258E-001  0.36770460E+000  0.69420067E+001  0.46545842E+002  0.11379031E+003  0.30116259E+003  0.59117084E+003
  0.00000000E+000  0.00000000E+000  0.00000000E+000  0.00000000E+000  0.42384324E-001  0.36771991E+000  0.69421187E+001  0.46546693E+002  0.11379229E+003  0.30116816E+003  0.59118121E+003
  0.00000000E+000  0.00000000E+000  0.00000000E+000  0.00000000E+000  0.42375265E-001  0.36773503E+000  0.69422272E+001  0.46547520E+002  0.11379423E+003  0.30117360E+003  0.59119137E+003
  0.00000000E+000  0.00000000E+000  0.00000000E+000  0.00000000E+000  0.42366129E-001  0.36774992E+000  0.69423322E+001  0.46548323E+002  0.11379613E+003  0.30117890E+003  0.59120131E+003
  0.00000000E+000  0.00000000E+000  0.00000000E+000  0.00000000E+000  0.42356963E-001  0.36776452E+000  0.69424337E+001  0.46549098E+002  0.11379798E+003  0.30118406E+003  0.59121100E+003
  0.00000000E+000  0.00000000E+000  0.00000000E+000  0.00000000E+000  0.42347814E-001  0.36777875E+000  0.69425316E+001  0.46549845E+002  0.11379977E+003  0.30118908E+003  0.59122045E+003
  0.00000000E+000  0.00000000E+000  0.00000000E+000  0.00000000E+000  0.42338722E-001  0.36779255E+000  0.69426260E+001  0.46550563E+002  0.11380151E+003  0.30119394E+003  0.59122964E+003
  0.00000000E+000  0.00000000E+000  0.00000000E+000  0.00000000E+000  0.42329729E-001  0.36780585E+000  0.69427169E+001  0.46551249E+002  0.11380320E+003  0.30119865E+003  0.59123858E+003
  0.00000000E+000  0.00000000E+000  0.00000000E+000  0.00000000E+000  0.42320871E-001  0.36781858E+000  0.69428044E+001  0.46551903E+002  0.11380482E+003  0.30120320E+003  0.59124725E+003
  0.00000000E+000  0.00000000E+000  0.00000000E+000  0.00000000E+000  0.42312180E-001  0.36783065E+000  0.69428885E+001  0.46552522E+002  0.11380639E+003  0.30120759E+003  0.59125564E+003
  0.00000000E+000  0.00000000E+000  0.00000000E+000  0.00000000E+000  0.42303685E-001  0.36784198E+000  0.69429692E+001  0.46553107E+002  0.11380789E+003  0.30121182E+003  0.59126376E+003
  0.00000000E+000  0.00000000E+000  0.00000000E+000  0.00000000E+000  0.42295412E-001  0.36785249E+000  0.69430469E+001  0.46553656E+002  0.11380933E+003  0.30121588E+003  0.59127161E+003
  0.00000000E+000  0.00000000E+000  0.00000000E+000  0.00000000E+000  0.42287383E-001  0.36786212E+000  0.69431215E+001  0.46554169E+002  0.11381070E+003  0.30121978E+003  0.59127918E+003
  0.00000000E+000  0.00000000E+000  0.00000000E+000  0.00000000E+000  0.42279617E-001  0.36787077E+000  0.69431932E+001  0.46554644E+002  0.11381201E+003  0.30122351E+003  0.59128647E+003
  0.00000000E+000  0.00000000E+000  0.00000000E+000  0.00000000E+000  0.42272127E-001  0.36787839E+000  0.69432622E+001  0.46555082E+002  0.11381324E+003  0.30122708E+003  0.59129349E+003
  0.00000000E+000  0.00000000E+000  0.00000000E+000  0.00000000E+000  0.42264925E-001  0.36788490E+000  0.69433286E+001  0.46555483E+002  0.11381441E+003  0.30123048E+003  0.59130024E+003
  0.00000000E+000  0.00000000E+000  0.00000000E+000  0.00000000E+000  0.42258020E-001  0.36789025E+000  0.69433927E+001  0.46555845E+002  0.11381551E+003  0.30123372E+003  0.59130672E+003
  0.00000000E+000  0.00000000E+000  0.00000000E+000  0.00000000E+000  0.42251417E-001  0.36789439E+000  0.69434546E+001  0.46556171E+002  0.11381655E+003  0.30123681E+003  0.59131293E+003
  0.00000000E+000  0.00000000E+000  0.00000000E+000  0.00000000E+000  0.42245120E-001  0.36789728E+000  0.69435146E+001  0.46556459E+002  0.11381751E+003  0.30123973E+003  0.59131888E+003
  0.00000000E+000  0.00000000E+000  0.00000000E+000  0.00000000E+000  0.42239129E-001  0.36789889E+000  0.69435727E+001  0.46556711E+002  0.11381841E+003  0.30124251E+003  0.59132458E+003
  0.00000000E+000  0.00000000E+000  0.00000000E+000  0.00000000E+000  0.42233443E-001  0.36789921E+000  0.69436293E+001  0.46556927E+002  0.11381923E+003  0.30124513E+003  0.59133004E+003
  0.00000000E+000  0.00000000E+000  0.00000000E+000  0.00000000E+000  0.42228058E-001  0.36789823E+000  0.69436844E+001  0.46557109E+002  0.11382000E+003  0.30124761E+003  0.59133525E+003
  0.00000000E+000  0.00000000E+000  0.00000000E+000  0.00000000E+000  0.42222971E-001  0.36789595E+000  0.69437383E+001  0.46557257E+002  0.11382069E+003  0.30124994E+003  0.59134024E+003
  0.00000000E+000  0.00000000E+000  0.00000000E+000  0.00000000E+000  0.42218175E-001  0.36789239E+000  0.69437912E+001  0.46557373E+002  0.11382133E+003  0.30125214E+003  0.59134500E+003
  0.00000000E+000  0.00000000E+000  0.00000000E+000  0.00000000E+000  0.42213663E-001  0.36788758E+000  0.69438431E+001  0.46557458E+002  0.11382190E+003  0.30125421E+003  0.59134954E+003
  0.00000000E+000  0.00000000E+000  0.00000000E+000  0.00000000E+000  0.42209427E-001  0.36788156E+000  0.69438941E+001  0.46557514E+002  0.11382241E+003  0.30125614E+003  0.59135388E+003
  0.00000000E+000  0.00000000E+000  0.00000000E+000  0.00000000E+000  0.42205458E-001  0.36787438E+000  0.69439445E+001  0.46557542E+002  0.11382286E+003  0.30125796E+003  0.59135802E+003
  0.00000000E+000  0.00000000E+000  0.00000000E+000  0.00000000E+000  0.42201749E-001  0.36786610E+000  0.69439943E+001  0.46557543E+002  0.11382325E+003  0.30125965E+003  0.59136197E+003
  0.00000000E+000  0.00000000E+000  0.00000000E+000  0.00000000E+000  0.42198288E-001  0.36785679E+000  0.69440435E+001  0.46557520E+002  0.11382359E+003  0.30126123E+003  0.59136575E+003
  0.00000000E+000  0.00000000E+000  0.00000000E+000  0.00000000E+000  0.42195066E-001  0.36784653E+000  0.69440922E+001  0.46557474E+002  0.11382387E+003  0.30126271E+003  0.59136935E+003
  0.00000000E+000  0.00000000E+000  0.00000000E+000  0.00000000E+000  0.42192074E-001  0.36783541E+000  0.69441403E+001  0.46557408E+002  0.11382411E+003  0.30126408E+003  0.59137278E+003
  0.00000000E+000  0.00000000E+000  0.00000000E+000  0.00000000E+000  0.42189300E-001  0.36782350E+000  0.69441878E+001  0.46557322E+002  0.11382429E+003  0.30126535E+003  0.59137607E+003
  0.00000000E+000  0.00000000E+000  0.00000000E+000  0.00000000E+000  0.42186736E-001  0.36781091E+000  0.69442347E+001  0.46557218E+002  0.11382443E+003  0.30126652E+003  0.59137920E+003
  0.00000000E+000  0.00000000E+000  0.00000000E+000  0.00000000E+000  0.42184371E-001  0.36779773E+000  0.69442809E+001  0.46557099E+002  0.11382452E+003  0.30126761E+003  0.59138220E+003
  0.00000000E+000  0.00000000E+000  0.00000000E+000  0.00000000E+000  0.42182195E-001  0.36778405E+000  0.69443261E+001  0.46556967E+002  0.11382457E+003  0.30126862E+003  0.59138506E+003
  0.00000000E+000  0.00000000E+000  0.00000000E+000  0.00000000E+000  0.42180199E-001  0.36776998E+000  0.69443703E+001  0.46556822E+002  0.11382457E+003  0.30126954E+003  0.59138780E+003
  0.00000000E+000  0.00000000E+000  0.00000000E+000  0.00000000E+000  0.42178373E-001  0.36775561E+000  0.69444133E+001  0.46556668E+002  0.11382454E+003  0.30127038E+003  0.59139043E+003
  0.00000000E+000  0.00000000E+000  0.00000000E+000  0.00000000E+000  0.42176709E-001  0.36774104E+000  0.69444548E+001  0.46556505E+002  0.11382447E+003  0.30127116E+003  0.59139294E+003
  0.00000000E+000  0.00000000E+000  0.00000000E+000  0.00000000E+000  0.42175196E-001  0.36772635E+000  0.69444947E+001  0.46556335E+002  0.11382437E+003  0.30127186E+003  0.59139535E+003
  0.00000000E+000  0.00000000E+000  0.00000000E+000  0.00000000E+000  0.42173827E-001  0.36771164E+000  0.69445326E+001  0.46556161E+002  0.11382424E+003  0.30127250E+003  0.59139767E+003
  0.00000000E+000  0.00000000E+000  0.00000000E+000  0.00000000E+000  0.42172592E-001  0.36769698E+000  0.69445684E+001  0.46555983E+002  0.11382408E+003  0.30127308E+003  0.59139989E+003
  0.00000000E+000  0.00000000E+000  0.00000000E+000  0.00000000E+000  0.42171485E-001  0.36768246E+000  0.69446017E+001  0.46555803E+002  0.11382389E+003  0.30127359E+003  0.59140202E+003
  0.00000000E+000  0.00000000E+000  0.00000000E+000  0.00000000E+000  0.42170497E-001  0.36766815E+000  0.69446322E+001  0.46555622E+002  0.11382367E+003  0.30127405E+003  0.59140407E+003
  0.00000000E+000  0.00000000E+000  0.00000000E+000  0.00000000E+000  0.42169620E-001  0.36765410E+000  0.69446598E+001  0.46555443E+002  0.11382343E+003  0.30127446E+003  0.59140604E+003
  0.00000000E+000  0.00000000E+000  0.00000000E+000  0.00000000E+000  0.42168848E-001  0.36764039E+000  0.69446841E+001  0.46555266E+002  0.11382317E+003  0.30127482E+003  0.59140794E+003
  0.00000000E+000  0.00000000E+000  0.00000000E+000  0.00000000E+000  0.42168174E-001  0.36762707E+000  0.69447049E+001  0.46555092E+002  0.11382290E+003  0.30127513E+003  0.59140976E+003
  0.00000000E+000  0.00000000E+000  0.00000000E+000  0.00000000E+000  0.42167590E-001  0.36761417E+000  0.69447219E+001  0.46554923E+002  0.11382260E+003  0.30127539E+003  0.59141152E+003
  0.00000000E+000  0.00000000E+000  0.00000000E+000  0.00000000E+000  0.42167091E-001  0.36760175E+000  0.69447351E+001  0.46554759E+002  0.11382229E+003  0.30127561E+003  0.59141322E+003
  0.00000000E+000  0.00000000E+000  0.00000000E+000  0.00000000E+000  0.42166671E-001  0.36758982E+000  0.69447442E+001  0.46554602E+002  0.11382197E+003  0.30127579E+003  0.59141486E+003
  0.00000000E+000  0.00000000E+000  0.00000000E+000  0.00000000E+000  0.42166323E-001  0.36757843E+000  0.69447490E+001  0.46554452E+002  0.11382164E+003  0.30127593E+003  0.59141643E+003
  0.00000000E+000  0.00000000E+000  0.00000000E+000  0.00000000E+000  0.42166043E-001  0.36756759E+000  0.69447495E+001  0.46554310E+002  0.11382130E+003  0.30127602E+003  0.59141796E+003
  0.00000000E+000  0.00000000E+000  0.00000000E+000  0.00000000E+000  0.42165825E-001  0.36755732E+000  0.69447456E+001  0.46554177E+002  0.11382095E+003  0.30127608E+003  0.59141943E+003
  0.00000000E+000  0.00000000E+000  0.00000000E+000  0.00000000E+000  0.42165665E-001  0.36754762E+000  0.69447373E+001  0.46554052E+002  0.11382060E+003  0.30127611E+003  0.59142084E+003
  0.00000000E+000  0.00000000E+000  0.00000000E+000  0.00000000E+000  0.42165557E-001  0.36753850E+000  0.69447246E+001  0.46553937E+002  0.11382025E+003  0.30127610E+003  0.59142221E+003
  0.00000000E+000  0.00000000E+000  0.00000000E+000  0.00000000E+000  0.42165497E-001  0.36752997E+000  0.69447076E+001  0.46553831E+002  0.11381990E+003  0.30127606E+003  0.59142352E+003
  0.00000000E+000  0.00000000E+000  0.00000000E+000  0.00000000E+000  0.42165481E-001  0.36752202E+000  0.69446864E+001  0.46553735E+002  0.11381954E+003  0.30127599E+003  0.59142479E+003
  0.00000000E+000  0.00000000E+000  0.00000000E+000  0.00000000E+000  0.42165505E-001  0.36751463E+000  0.69446611E+001  0.46553649E+002  0.11381919E+003  0.30127589E+003  0.59142601E+003
  0.00000000E+000  0.00000000E+000  0.00000000E+000  0.00000000E+000  0.42165565E-001  0.36750782E+000  0.69446318E+001  0.46553572E+002  0.11381885E+003  0.30127576E+003  0.59142719E+003
  0.00000000E+000  0.00000000E+000  0.00000000E+000  0.00000000E+000  0.42165657E-001  0.36750155E+000  0.69445989E+001  0.46553505E+002  0.11381851E+003  0.30127560E+003  0.59142832E+003
  0.00000000E+000  0.00000000E+000  0.00000000E+000  0.00000000E+000  0.42165779E-001  0.36749581E+000  0.69445626E+001  0.46553447E+002  0.11381817E+003  0.30127542E+003  0.59142940E+003
  0.00000000E+000  0.00000000E+000  0.00000000E+000  0.00000000E+000  0.42165927E-001  0.36749059E+000  0.69445231E+001  0.46553397E+002  0.11381785E+003  0.30127521E+003  0.59143044E+003
  0.00000000E+000  0.00000000E+000  0.00000000E+000  0.00000000E+000  0.42166097E-001  0.36748587E+000  0.69444807E+001  0.46553357E+002  0.11381753E+003  0.30127498E+003  0.59143143E+003
  0.00000000E+000  0.00000000E+000  0.00000000E+000  0.00000000E+000  0.42166288E-001  0.36748162E+000  0.69444358E+001  0.46553323E+002  0.11381723E+003  0.30127473E+003  0.59143238E+003
  0.00000000E+000  0.00000000E+000  0.00000000E+000  0.00000000E+000  0.42166496E-001  0.36747783E+000  0.69443887E+001  0.46553298E+002  0.11381694E+003  0.30127445E+003  0.59143329E+003
  0.00000000E+000  0.00000000E+000  0.00000000E+000  0.00000000E+000  0.42166719E-001  0.36747447E+000  0.69443396E+001  0.46553278E+002  0.11381666E+003  0.30127416E+003  0.59143414E+003
  0.00000000E+000  0.00000000E+000  0.00000000E+000  0.00000000E+000  0.42166954E-001  0.36747151E+000  0.69442890E+001  0.46553265E+002  0.11381639E+003  0.30127386E+003  0.59143496E+003
  0.00000000E+000  0.00000000E+000  0.00000000E+000  0.00000000E+000  0.42167201E-001  0.36746895E+000  0.69442373E+001  0.46553257E+002  0.11381614E+003  0.30127353E+003  0.59143573E+003
  0.00000000E+000  0.00000000E+000  0.00000000E+000  0.00000000E+000  0.42167455E-001  0.36746674E+000  0.69441847E+001  0.46553254E+002  0.11381590E+003  0.30127320E+003  0.59143645E+003
  0.00000000E+000  0.00000000E+000  0.00000000E+000  0.00000000E+000  0.42167716E-001  0.36746487E+000  0.69441315E+001  0.46553255E+002  0.11381568E+003  0.30127285E+003  0.59143713E+003
  0.00000000E+000  0.00000000E+000  0.00000000E+000  0.00000000E+000  0.42167983E-001  0.36746332E+000  0.69440782E+001  0.46553258E+002  0.11381548E+003  0.30127249E+003  0.59143777E+003
  0.00000000E+000  0.00000000E+000  0.00000000E+000  0.00000000E+000  0.42168252E-001  0.36746205E+000  0.69440250E+001  0.46553264E+002  0.11381528E+003  0.30127212E+003  0.59143836E+003
  0.00000000E+000  0.00000000E+000  0.00000000E+000  0.00000000E+000  0.42168523E-001  0.36746106E+000  0.69439723E+001  0.46553272E+002  0.11381511E+003  0.30127175E+003  0.59143891E+003
  0.00000000E+000  0.00000000E+000  0.00000000E+000  0.00000000E+000  0.42168795E-001  0.36746031E+000  0.69439202E+001  0.46553281E+002  0.11381495E+003  0.30127137E+003  0.59143941E+003
  0.00000000E+000  0.00000000E+000  0.00000000E+000  0.00000000E+000  0.42169065E-001  0.36745979E+000  0.69438691E+001  0.46553290E+002  0.11381480E+003  0.30127099E+003  0.59143987E+003
  0.00000000E+000  0.00000000E+000  0.00000000E+000  0.00000000E+000  0.42169334E-001  0.36745948E+000  0.69438192E+001  0.46553299E+002  0.11381467E+003  0.30127061E+003  0.59144028E+003
  0.00000000E+000  0.00000000E+000  0.00000000E+000  0.00000000E+000  0.42169600E-001  0.36745935E+000  0.69437707E+001  0.46553307E+002  0.11381456E+003  0.30127023E+003  0.59144066E+003
  0.00000000E+000  0.00000000E+000  0.00000000E+000  0.00000000E+000  0.42169862E-001  0.36745939E+000  0.69437239E+001  0.46553314E+002  0.11381446E+003  0.30126985E+003  0.59144099E+003
  0.00000000E+000  0.00000000E+000  0.00000000E+000  0.00000000E+000  0.42170119E-001  0.36745958E+000  0.69436788E+001  0.46553319E+002  0.11381437E+003  0.30126947E+003  0.59144128E+003
  0.00000000E+000  0.00000000E+000  0.00000000E+000  0.00000000E+000  0.42170370E-001  0.36745991E+000  0.69436356E+001  0.46553322E+002  0.11381429E+003  0.30126911E+003  0.59144153E+003
  0.00000000E+000  0.00000000E+000  0.00000000E+000  0.00000000E+000  0.42170616E-001  0.36746035E+000  0.69435944E+001  0.46553322E+002  0.11381423E+003  0.30126874E+003  0.59144175E+003
  0.00000000E+000  0.00000000E+000  0.00000000E+000  0.00000000E+000  0.42170855E-001  0.36746089E+000  0.69435553E+001  0.46553319E+002  0.11381418E+003  0.30126839E+003  0.59144192E+003
  0.00000000E+000  0.00000000E+000  0.00000000E+000  0.00000000E+000  0.42171086E-001  0.36746153E+000  0.69435185E+001  0.46553314E+002  0.11381414E+003  0.30126805E+003  0.59144206E+003
  0.00000000E+000  0.00000000E+000  0.00000000E+000  0.00000000E+000  0.42171311E-001  0.36746224E+000  0.69434838E+001  0.46553305E+002  0.11381410E+003  0.30126772E+003  0.59144217E+003
  0.00000000E+000  0.00000000E+000  0.00000000E+000  0.00000000E+000  0.42171527E-001  0.36746301E+000  0.69434515E+001  0.46553293E+002  0.11381408E+003  0.30126740E+003  0.59144224E+003
  0.00000000E+000  0.00000000E+000  0.00000000E+000  0.00000000E+000  0.42171735E-001  0.36746384E+000  0.69434214E+001  0.46553278E+002  0.11381407E+003  0.30126710E+003  0.59144228E+003
  0.00000000E+000  0.00000000E+000  0.00000000E+000  0.00000000E+000  0.42171935E-001  0.36746471E+000  0.69433936E+001  0.46553259E+002  0.11381406E+003  0.30126681E+003  0.59144230E+003
  0.00000000E+000  0.00000000E+000  0.00000000E+000  0.00000000E+000  0.42172126E-001  0.36746561E+000  0.69433680E+001  0.46553236E+002  0.11381406E+003  0.30126654E+003  0.59144229E+003
  0.00000000E+000  0.00000000E+000  0.00000000E+000  0.00000000E+000  0.42172309E-001  0.36746654E+000  0.69433447E+001  0.46553211E+002  0.11381406E+003  0.30126628E+003  0.59144225E+003
  0.00000000E+000  0.00000000E+000  0.00000000E+000  0.00000000E+000  0.42172483E-001  0.36746748E+000  0.69433235E+001  0.46553182E+002  0.11381407E+003  0.30126604E+003  0.59144219E+003
  0.00000000E+000  0.00000000E+000  0.00000000E+000  0.00000000E+000  0.42172649E-001  0.36746843E+000  0.69433044E+001  0.46553151E+002  0.11381409E+003  0.30126582E+003  0.59144211E+003
  0.00000000E+000  0.00000000E+000  0.00000000E+000  0.00000000E+000  0.42172805E-001  0.36746939E+000  0.69432874E+001  0.46553117E+002  0.11381410E+003  0.30126562E+003  0.59144202E+003
  0.00000000E+000  0.00000000E+000  0.00000000E+000  0.00000000E+000  0.42172954E-001  0.36747034E+000  0.69432723E+001  0.46553080E+002  0.11381412E+003  0.30126543E+003  0.59144190E+003
  0.00000000E+000  0.00000000E+000  0.00000000E+000  0.00000000E+000  0.42173094E-001  0.36747128E+000  0.69432591E+001  0.46553041E+002  0.11381414E+003  0.30126527E+003  0.59144178E+003
  0.00000000E+000  0.00000000E+000  0.00000000E+000  0.00000000E+000  0.42173225E-001  0.36747221E+000  0.69432476E+001  0.46553000E+002  0.11381416E+003  0.30126512E+003  0.59144164E+003
  0.00000000E+000  0.00000000E+000  0.00000000E+000  0.00000000E+000  0.42173349E-001  0.36747312E+000  0.69432378E+001  0.46552957E+002  0.11381418E+003  0.30126498E+003  0.59144150E+003
  0.00000000E+000  0.00000000E+000  0.00000000E+000  0.00000000E+000  0.42173465E-001  0.36747401E+000  0.69432296E+001  0.46552913E+002  0.11381420E+003  0.30126487E+003  0.59144135E+003
  0.00000000E+000  0.00000000E+000  0.00000000E+000  0.00000000E+000  0.42173573E-001  0.36747488E+000  0.69432229E+001  0.46552868E+002  0.11381422E+003  0.30126477E+003  0.59144119E+003
  0.00000000E+000  0.00000000E+000  0.00000000E+000  0.00000000E+000  0.42173674E-001  0.36747572E+000  0.69432175E+001  0.46552822E+002  0.11381423E+003  0.30126469E+003  0.59144103E+003
  0.00000000E+000  0.00000000E+000  0.00000000E+000  0.00000000E+000  0.42173768E-001  0.36747653E+000  0.69432134E+001  0.46552776E+002  0.11381425E+003  0.30126462E+003  0.59144087E+003
  0.00000000E+000  0.00000000E+000  0.00000000E+000  0.00000000E+000  0.42173854E-001  0.36747731E+000  0.69432105E+001  0.46552729E+002  0.11381426E+003  0.30126457E+003  0.59144071E+003
  0.00000000E+000  0.00000000E+000  0.00000000E+000  0.00000000E+000  0.42173934E-001  0.36747806E+000  0.69432087E+001  0.46552682E+002  0.11381427E+003  0.30126453E+003  0.59144056E+003
  0.00000000E+000  0.00000000E+000  0.00000000E+000  0.00000000E+000  0.42174008E-001  0.36747878E+000  0.69432078E+001  0.46552635E+002  0.11381428E+003  0.30126450E+003  0.59144041E+003
  0.00000000E+000  0.00000000E+000  0.00000000E+000  0.00000000E+000  0.42174076E-001  0.36747947E+000  0.69432078E+001  0.46552589E+002  0.11381429E+003  0.30126449E+003  0.59144026E+003
  0.00000000E+000  0.00000000E+000  0.00000000E+000  0.00000000E+000  0.42174138E-001  0.36748012E+000  0.69432086E+001  0.46552544E+002  0.11381429E+003  0.30126448E+003  0.59144012E+003
  0.00000000E+000  0.00000000E+000  0.00000000E+000  0.00000000E+000  0.42174195E-001  0.36748074E+000  0.69432102E+001  0.46552500E+002  0.11381429E+003  0.30126449E+003  0.59143999E+003
  0.00000000E+000  0.00000000E+000  0.00000000E+000  0.00000000E+000  0.42174246E-001  0.36748133E+000  0.69432123E+001  0.46552457E+002  0.11381428E+003  0.30126450E+003  0.59143987E+003
  0.00000000E+000  0.00000000E+000  0.00000000E+000  0.00000000E+000  0.42174293E-001  0.36748188E+000  0.69432150E+001  0.46552415E+002  0.11381428E+003  0.30126453E+003  0.59143976E+003
  0.00000000E+000  0.00000000E+000  0.00000000E+000  0.00000000E+000  0.42174335E-001  0.36748240E+000  0.69432181E+001  0.46552375E+002  0.11381427E+003  0.30126455E+003  0.59143966E+003
  0.00000000E+000  0.00000000E+000  0.00000000E+000  0.00000000E+000  0.42174373E-001  0.36748289E+000  0.69432217E+001  0.46552336E+002  0.11381425E+003  0.30126459E+003  0.59143957E+003
  0.00000000E+000  0.00000000E+000  0.00000000E+000  0.00000000E+000  0.42174407E-001  0.36748335E+000  0.69432256E+001  0.46552300E+002  0.11381424E+003  0.30126463E+003  0.59143949E+003
  0.00000000E+000  0.00000000E+000  0.00000000E+000  0.00000000E+000  0.42174437E-001  0.36748377E+000  0.69432298E+001  0.46552265E+002  0.11381422E+003  0.30126467E+003  0.59143942E+003
  0.00000000E+000  0.00000000E+000  0.00000000E+000  0.00000000E+000  0.42174463E-001  0.36748417E+000  0.69432342E+001  0.46552232E+002  0.11381420E+003  0.30126471E+003  0.59143936E+003
  0.00000000E+000  0.00000000E+000  0.00000000E+000  0.00000000E+000  0.42174487E-001  0.36748454E+000  0.69432387E+001  0.46552200E+002  0.11381417E+003  0.30126475E+003  0.59143931E+003
  0.00000000E+000  0.00000000E+000  0.00000000E+000  0.00000000E+000  0.42174507E-001  0.36748488E+000  0.69432434E+001  0.46552171E+002  0.11381415E+003  0.30126480E+003  0.59143928E+003
  0.00000000E+000  0.00000000E+000  0.00000000E+000  0.00000000E+000  0.42174525E-001  0.36748519E+000  0.69432482E+001  0.46552144E+002  0.11381412E+003  0.30126484E+003  0.59143925E+003
  0.00000000E+000  0.00000000E+000  0.00000000E+000  0.00000000E+000  0.42174540E-001  0.36748548E+000  0.69432530E+001  0.46552119E+002  0.11381409E+003  0.30126489E+003  0.59143924E+003
  0.00000000E+000  0.00000000E+000  0.00000000E+000  0.00000000E+000  0.42174553E-001  0.36748574E+000  0.69432578E+001  0.46552096E+002  0.11381406E+003  0.30126493E+003  0.59143923E+003
  0.00000000E+000  0.00000000E+000  0.00000000E+000  0.00000000E+000  0.42174564E-001  0.36748599E+000  0.69432625E+001  0.46552076E+002  0.11381403E+003  0.30126497E+003  0.59143923E+003
  0.00000000E+000  0.00000000E+000  0.00000000E+000  0.00000000E+000  0.42174573E-001  0.36748621E+000  0.69432673E+001  0.46552057E+002  0.11381400E+003  0.30126500E+003  0.59143924E+003
  0.00000000E+000  0.00000000E+000  0.00000000E+000  0.00000000E+000  0.42174580E-001  0.36748641E+000  0.69432719E+001  0.46552040E+002  0.11381396E+003  0.30126504E+003  0.59143926E+003
  0.00000000E+000  0.00000000E+000  0.00000000E+000  0.00000000E+000  0.42174586E-001  0.36748659E+000  0.69432764E+001  0.46552025E+002  0.11381393E+003  0.30126507E+003  0.59143928E+003
  0.00000000E+000  0.00000000E+000  0.00000000E+000  0.00000000E+000  0.42174590E-001  0.36748675E+000  0.69432809E+001  0.46552011E+002  0.11381390E+003  0.30126509E+003  0.59143931E+003
  0.00000000E+000  0.00000000E+000  0.00000000E+000  0.00000000E+000  0.42174593E-001  0.36748689E+000  0.69432852E+001  0.46552000E+002  0.11381386E+003  0.30126511E+003  0.59143935E+003
  0.00000000E+000  0.00000000E+000  0.00000000E+000  0.00000000E+000  0.42174595E-001  0.36748702E+000  0.69432893E+001  0.46551990E+002  0.11381383E+003  0.30126513E+003  0.59143938E+003
  0.00000000E+000  0.00000000E+000  0.00000000E+000  0.00000000E+000  0.42174596E-001  0.36748714E+000  0.69432933E+001  0.46551982E+002  0.11381380E+003  0.30126514E+003  0.59143942E+003
  0.00000000E+000  0.00000000E+000  0.00000000E+000  0.00000000E+000  0.42174596E-001  0.36748724E+000  0.69432971E+001  0.46551975E+002  0.11381377E+003  0.30126514E+003  0.59143947E+003
  0.00000000E+000  0.00000000E+000  0.00000000E+000  0.00000000E+000  0.42174595E-001  0.36748733E+000  0.69433007E+001  0.46551970E+002  0.11381373E+003  0.30126514E+003  0.59143951E+003
