 -0.82474055E+000 -0.64376516E+000 -0.27738353E+000 -0.66274142E-004  0.78654983E-001  0.17382225E+001  0.12031229E+002  0.59173089E+002  0.13400191E+003  0.34790422E+003  0.65682747E+003
 -0.81674249E+000 -0.63674625E+000 -0.27499822E+000 -0.48530577E-004  0.85190049E-001  0.17422734E+001  0.12034606E+002  0.59172980E+002  0.13400040E+003  0.34789940E+003  0.65680556E+003
 -0.81022268E+000 -0.63445050E+000 -0.27341997E+000 -0.42982884E-004  0.86622988E-001  0.17453711E+001  0.12037252E+002  0.59172957E+002  0.13400007E+003  0.34789807E+003  0.65679394E+003
 -0.80500797E+000 -0.63264714E+000 -0.27287318E+000 -0.43003061E-004  0.87694094E-001  0.17462843E+001  0.12039333E+002  0.59172958E+002  0.13400005E+003  0.34789816E+003  0.65679172E+003
 -0.80118694E+000 -0.63124369E+000 -0.27244616E+000 -0.44776679E-004  0.88147382E-001  0.17466885E+001  0.12040998E+002  0.59172966E+002  0.13400015E+003  0.34789866E+003  0.65679268E+003
 -0.79844706E+000 -0.62963775E+000 -0.27211460E+000 -0.48032865E-004  0.88152214E-001  0.17469914E+001  0.12042372E+002  0.59172978E+002  0.13400030E+003  0.34789921E+003  0.65679528E+003
 -0.79653406E+000 -0.62841886E+000 -0.27186572E+000 -0.51093427E-004  0.87752796E-001  0.17472157E+001  0.12043526E+002  0.59172991E+002  0.13400046E+003  0.34789976E+003  0.65679890E+003
 -0.79525910E+000 -0.62754557E+000 -0.27168391E+000 -0.53380798E-004  0.87251187E-001  0.17473795E+001  0.12044517E+002  0.59173004E+002  0.13400062E+003  0.34790028E+003  0.65680361E+003
 -0.79448300E+000 -0.62694939E+000 -0.27155648E+000 -0.55013541E-004  0.86901056E-001  0.17474957E+001  0.12045382E+002  0.59173016E+002  0.13400077E+003  0.34790077E+003  0.65680800E+003
 -0.79409395E+000 -0.62657771E+000 -0.27147431E+000 -0.56274955E-004  0.86669984E-001  0.17475736E+001  0.12046139E+002  0.59173027E+002  0.13400092E+003  0.34790121E+003  0.65681160E+003
 -0.79399627E+000 -0.62638373E+000 -0.27142899E+000 -0.57225805E-004  0.86514035E-001  0.17476216E+001  0.12046812E+002  0.59173037E+002  0.13400105E+003  0.34790161E+003  0.65681454E+003
 -0.79412013E+000 -0.62633155E+000 -0.27141398E+000 -0.57973606E-004  0.86402025E-001  0.17476441E+001  0.12047415E+002  0.59173046E+002  0.13400118E+003  0.34790198E+003  0.65681692E+003
 -0.79441348E+000 -0.62639291E+000 -0.27142394E+000 -0.58554489E-004  0.86315010E-001  0.17476459E+001  0.12047959E+002  0.59173054E+002  0.13400129E+003  0.34790231E+003  0.65681886E+003
 -0.79483432E+000 -0.62654290E+000 -0.27145418E+000 -0.59046505E-004  0.86242162E-001  0.17476309E+001  0.12048454E+002  0.59173062E+002  0.13400139E+003  0.34790261E+003  0.65682045E+003
 -0.79535119E+000 -0.62676107E+000 -0.27150102E+000 -0.59489793E-004  0.86177035E-001  0.17476023E+001  0.12048906E+002  0.59173068E+002  0.13400148E+003  0.34790288E+003  0.65682175E+003
 -0.79594001E+000 -0.62703256E+000 -0.27156143E+000 -0.59902706E-004  0.86116031E-001  0.17475626E+001  0.12049321E+002  0.59173074E+002  0.13400156E+003  0.34790311E+003  0.65682283E+003
 -0.79658075E+000 -0.62734472E+000 -0.27163274E+000 -0.60289203E-004  0.86057458E-001  0.17475138E+001  0.12049706E+002  0.59173079E+002  0.13400163E+003  0.34790332E+003  0.65682371E+003
 -0.79725801E+000 -0.62768752E+000 -0.27171270E+000 -0.60651072E-004  0.86000540E-001  0.17474578E+001  0.12050065E+002  0.59173083E+002  0.13400169E+003  0.34790350E+003  0.65682445E+003
 -0.79795272E+000 -0.62805351E+000 -0.27179952E+000 -0.60993253E-004  0.85944873E-001  0.17473957E+001  0.12050402E+002  0.59173087E+002  0.13400174E+003  0.34790365E+003  0.65682506E+003
 -0.79865991E+000 -0.62843609E+000 -0.27189156E+000 -0.61313675E-004  0.85890485E-001  0.17473288E+001  0.12050722E+002  0.59173090E+002  0.13400178E+003  0.34790378E+003  0.65682557E+003
 -0.79937587E+000 -0.62883050E+000 -0.27198755E+000 -0.61615127E-004  0.85837364E-001  0.17472580E+001  0.12051028E+002  0.59173093E+002  0.13400182E+003  0.34790390E+003  0.65682599E+003
 -0.80009586E+000 -0.62923261E+000 -0.27208634E+000 -0.61897053E-004  0.85785661E-001  0.17471843E+001  0.12051324E+002  0.59173095E+002  0.13400185E+003  0.34790400E+003  0.65682634E+003
 -0.80081698E+000 -0.62963934E+000 -0.27218702E+000 -0.62161107E-004  0.85735459E-001  0.17471082E+001  0.12051614E+002  0.59173097E+002  0.13400188E+003  0.34790408E+003  0.65682663E+003
 -0.80153698E+000 -0.63004852E+000 -0.27228881E+000 -0.62408751E-004  0.85686832E-001  0.17470306E+001  0.12051898E+002  0.59173099E+002  0.13400190E+003  0.34790415E+003  0.65682687E+003
 -0.80225354E+000 -0.63045834E+000 -0.27239102E+000 -0.62640217E-004  0.85639869E-001  0.17469518E+001  0.12052180E+002  0.59173100E+002  0.13400192E+003  0.34790421E+003  0.65682707E+003
 -0.80296622E+000 -0.63086742E+000 -0.27249312E+000 -0.62857190E-004  0.85594596E-001  0.17468725E+001  0.12052461E+002  0.59173101E+002  0.13400194E+003  0.34790426E+003  0.65682724E+003
 -0.80367371E+000 -0.63123687E+000 -0.27259463E+000 -0.63060483E-004  0.85551051E-001  0.17467935E+001  0.12052742E+002  0.59173103E+002  0.13400195E+003  0.34790430E+003  0.65682737E+003
 -0.80437520E+000 -0.63149554E+000 -0.27269517E+000 -0.63251181E-004  0.85509245E-001  0.17467150E+001  0.12053023E+002  0.59173103E+002  0.13400196E+003  0.34790434E+003  0.65682748E+003
 -0.80507018E+000 -0.63175201E+000 -0.27279439E+000 -0.63430163E-004  0.85469187E-001  0.17466374E+001  0.12053304E+002  0.59173104E+002  0.13400197E+003  0.34790436E+003  0.65682758E+003
 -0.80575838E+000 -0.63200620E+000 -0.27289204E+000 -0.63598274E-004  0.85430876E-001  0.17465610E+001  0.12053585E+002  0.59173105E+002  0.13400198E+003  0.34790439E+003  0.65682765E+003
 -0.80643973E+000 -0.63225805E+000 -0.27298787E+000 -0.63756251E-004  0.85394308E-001  0.17464859E+001  0.12053866E+002  0.59173105E+002  0.13400199E+003  0.34790441E+003  0.65682771E+003
 -0.80711425E+000 -0.63250760E+000 -0.27308170E+000 -0.63904839E-004  0.85359471E-001  0.17464125E+001  0.12054145E+002  0.59173106E+002  0.13400199E+003  0.34790442E+003  0.65682776E+003
 -0.80778203E+000 -0.63275485E+000 -0.27317336E+000 -0.64044589E-004  0.85326354E-001  0.17463408E+001  0.12054421E+002  0.59173106E+002  0.13400199E+003  0.34790444E+003  0.65682780E+003
 -0.80844320E+000 -0.63299986E+000 -0.27326274E+000 -0.64176073E-004  0.85294941E-001  0.17462711E+001  0.12054694E+002  0.59173106E+002  0.13400200E+003  0.34790445E+003  0.65682783E+003
 -0.80909789E+000 -0.63324263E+000 -0.27334973E+000 -0.64299816E-004  0.85265213E-001  0.17462034E+001  0.12054961E+002  0.59173107E+002  0.13400200E+003  0.34790446E+003  0.65682785E+003
 -0.80974620E+000 -0.63348318E+000 -0.27343424E+000 -0.64416271E-004  0.85237149E-001  0.17461379E+001  0.12055222E+002  0.59173107E+002  0.13400200E+003  0.34790446E+003  0.65682787E+003
 -0.81036336E+000 -0.63372149E+000 -0.27351621E+000 -0.64525867E-004  0.85210723E-001  0.17460746E+001  0.12055477E+002  0.59173107E+002  0.13400200E+003  0.34790447E+003  0.65682788E+003
 -0.81095068E+000 -0.63395750E+000 -0.27360539E+000 -0.64629031E-004  0.85185908E-001  0.17460135E+001  0.12055723E+002  0.59173107E+002  0.13400201E+003  0.34790448E+003  0.65682790E+003
 -0.81153245E+000 -0.63419112E+000 -0.27380627E+000 -0.64726049E-004  0.85162677E-001  0.17459548E+001  0.12055961E+002  0.59173108E+002  0.13400201E+003  0.34790448E+003  0.65682791E+003
 -0.81210849E+000 -0.63442220E+000 -0.27400038E+000 -0.64817339E-004  0.85140993E-001  0.17458985E+001  0.12056189E+002  0.59173108E+002  0.13400201E+003  0.34790448E+003  0.65682791E+003
 -0.81267849E+000 -0.63465058E+000 -0.27418768E+000 -0.64903137E-004  0.85120822E-001  0.17458004E+001  0.12056409E+002  0.59173108E+002  0.13400201E+003  0.34790449E+003  0.65682792E+003
 -0.81324207E+000 -0.63487603E+000 -0.27436814E+000 -0.64983841E-004  0.85102122E-001  0.17455762E+001  0.12056620E+002  0.59173108E+002  0.13400201E+003  0.34790449E+003  0.65682793E+003
 -0.81379870E+000 -0.63509831E+000 -0.27454176E+000 -0.65059689E-004  0.85084850E-001  0.17453622E+001  0.12056823E+002  0.59173108E+002  0.13400201E+003  0.34790449E+003  0.65682793E+003
 -0.81434778E+000 -0.63531714E+000 -0.27470854E+000 -0.65131000E-004  0.85068958E-001  0.17451582E+001  0.12057019E+002  0.59173109E+002  0.13400201E+003  0.34790450E+003  0.65682794E+003
 -0.81488858E+000 -0.63553219E+000 -0.27486847E+000 -0.65197977E-004  0.85054398E-001  0.17449642E+001  0.12057208E+002  0.59173109E+002  0.13400201E+003  0.34790450E+003  0.65682794E+003
 -0.81542027E+000 -0.63574313E+000 -0.27502159E+000 -0.65260918E-004  0.85041114E-001  0.17447800E+001  0.12057393E+002  0.59173109E+002  0.13400201E+003  0.34790450E+003  0.65682795E+003
 -0.81594195E+000 -0.63594961E+000 -0.27516792E+000 -0.65319984E-004  0.85029054E-001  0.17446056E+001  0.12057573E+002  0.59173109E+002  0.13400201E+003  0.34790451E+003  0.65682795E+003
 -0.81645266E+000 -0.63615127E+000 -0.27530751E+000 -0.65375481E-004  0.85018153E-001  0.17444407E+001  0.12057750E+002  0.59173109E+002  0.13400201E+003  0.34790451E+003  0.65682796E+003
 -0.81695136E+000 -0.63634776E+000 -0.27544042E+000 -0.65427528E-004  0.85008354E-001  0.17442852E+001  0.12057925E+002  0.59173110E+002  0.13400202E+003  0.34790451E+003  0.65682796E+003
 -0.81743700E+000 -0.63653871E+000 -0.27556672E+000 -0.65476344E-004  0.84993545E-001  0.17441391E+001  0.12058099E+002  0.59173110E+002  0.13400202E+003  0.34790452E+003  0.65682797E+003
 -0.81790852E+000 -0.63672380E+000 -0.27568651E+000 -0.65522078E-004  0.84974065E-001  0.17440021E+001  0.12058273E+002  0.59173110E+002  0.13400202E+003  0.34790452E+003  0.65682797E+003
 -0.81836488E+000 -0.63690271E+000 -0.27579987E+000 -0.65564895E-004  0.84956820E-001  0.17438741E+001  0.12058447E+002  0.59173110E+002  0.13400202E+003  0.34790452E+003  0.65682798E+003
 -0.81880508E+000 -0.63707515E+000 -0.27590695E+000 -0.65604977E-004  0.84941635E-001  0.17437550E+001  0.12058622E+002  0.59173110E+002  0.13400202E+003  0.34790453E+003  0.65682799E+003
 -0.81922820E+000 -0.63724086E+000 -0.27600786E+000 -0.65642453E-004  0.84928335E-001  0.17436444E+001  0.12058797E+002  0.59173111E+002  0.13400202E+003  0.34790453E+003  0.65682799E+003
 -0.81963336E+000 -0.63739962E+000 -0.27610274E+000 -0.65677415E-004  0.84916744E-001  0.17435423E+001  0.12058973E+002  0.59173111E+002  0.13400202E+003  0.34790454E+003  0.65682800E+003
 -0.82001983E+000 -0.63755123E+000 -0.27619177E+000 -0.65709993E-004  0.84906680E-001  0.17434485E+001  0.12059149E+002  0.59173111E+002  0.13400202E+003  0.34790454E+003  0.65682801E+003
 -0.82038699E+000 -0.63769555E+000 -0.27627510E+000 -0.65740284E-004  0.84897959E-001  0.17433627E+001  0.12059325E+002  0.59173111E+002  0.13400202E+003  0.34790455E+003  0.65682802E+003
 -0.82073438E+000 -0.63783248E+000 -0.27635291E+000 -0.65768422E-004  0.84890393E-001  0.17432848E+001  0.12059501E+002  0.59173112E+002  0.13400202E+003  0.34790455E+003  0.65682803E+003
 -0.82106168E+000 -0.63796197E+000 -0.27642540E+000 -0.65794503E-004  0.84883795E-001  0.17432143E+001  0.12059676E+002  0.59173112E+002  0.13400203E+003  0.34790455E+003  0.65682803E+003
 -0.82136874E+000 -0.63824806E+000 -0.27649277E+000 -0.65818623E-004  0.84877982E-001  0.17431512E+001  0.12059851E+002  0.59173112E+002  0.13400203E+003  0.34790456E+003  0.65682804E+003
 -0.82165556E+000 -0.63865705E+000 -0.27655521E+000 -0.65840902E-004  0.84872770E-001  0.17430952E+001  0.12060024E+002  0.59173113E+002  0.13400203E+003  0.34790456E+003  0.65682805E+003
 -0.82192229E+000 -0.63903981E+000 -0.27661293E+000 -0.65861412E-004  0.84867982E-001  0.17430459E+001  0.12060195E+002  0.59173113E+002  0.13400203E+003  0.34790457E+003  0.65682806E+003
 -0.82216926E+000 -0.63939671E+000 -0.27666615E+000 -0.65880253E-004  0.84863450E-001  0.17430032E+001  0.12060365E+002  0.59173113E+002  0.13400203E+003  0.34790457E+003  0.65682807E+003
 -0.82239693E+000 -0.63972826E+000 -0.27671507E+000 -0.65897530E-004  0.84859007E-001  0.17429667E+001  0.12060533E+002  0.59173113E+002  0.13400203E+003  0.34790458E+003  0.65682808E+003
 -0.82260587E+000 -0.64003510E+000 -0.27675992E+000 -0.65913338E-004  0.84854503E-001  0.17429362E+001  0.12060698E+002  0.59173114E+002  0.13400204E+003  0.34790458E+003  0.65682809E+003
 -0.82278245E+000 -0.64031797E+000 -0.27680089E+000 -0.65927737E-004  0.84849800E-001  0.17429113E+001  0.12060861E+002  0.59173114E+002  0.13400204E+003  0.34790459E+003  0.65682810E+003
 -0.82293264E+000 -0.64057773E+000 -0.27683821E+000 -0.65940848E-004  0.84844769E-001  0.17428918E+001  0.12061021E+002  0.59173114E+002  0.13400204E+003  0.34790459E+003  0.65682811E+003
 -0.82306873E+000 -0.64081531E+000 -0.27687208E+000 -0.65952707E-004  0.84839303E-001  0.17428775E+001  0.12061178E+002  0.59173114E+002  0.13400204E+003  0.34790460E+003  0.65682812E+003
 -0.82319155E+000 -0.64103176E+000 -0.27690273E+000 -0.65963450E-004  0.84833304E-001  0.17428680E+001  0.12061332E+002  0.59173115E+002  0.13400204E+003  0.34790460E+003  0.65682813E+003
 -0.82330192E+000 -0.64122815E+000 -0.27693034E+000 -0.65973107E-004  0.84826700E-001  0.17428631E+001  0.12061483E+002  0.59173115E+002  0.13400204E+003  0.34790461E+003  0.65682814E+003
 -0.82340074E+000 -0.64140564E+000 -0.27695514E+000 -0.65981778E-004  0.84819428E-001  0.17428624E+001  0.12061631E+002  0.59173115E+002  0.13400204E+003  0.34790461E+003  0.65682815E+003
 -0.82348889E+000 -0.64156540E+000 -0.27697731E+000 -0.65989520E-004  0.84811452E-001  0.17428658E+001  0.12061775E+002  0.59173116E+002  0.13400205E+003  0.34790462E+003  0.65682816E+003
 -0.82356725E+000 -0.64170864E+000 -0.27699707E+000 -0.65996415E-004  0.84802746E-001  0.17428729E+001  0.12061917E+002  0.59173116E+002  0.13400205E+003  0.34790462E+003  0.65682817E+003
 -0.82363670E+000 -0.64183658E+000 -0.27701461E+000 -0.66002516E-004  0.84793307E-001  0.17428835E+001  0.12062054E+002  0.59173116E+002  0.13400205E+003  0.34790463E+003  0.65682818E+003
 -0.82369809E+000 -0.64195045E+000 -0.27703011E+000 -0.66007913E-004  0.84783145E-001  0.17428972E+001  0.12062188E+002  0.59173116E+002  0.13400205E+003  0.34790463E+003  0.65682819E+003
 -0.82375223E+000 -0.64205146E+000 -0.27704377E+000 -0.66012640E-004  0.84772289E-001  0.17429138E+001  0.12062318E+002  0.59173117E+002  0.13400205E+003  0.34790464E+003  0.65682820E+003
 -0.82379991E+000 -0.64214079E+000 -0.27705577E+000 -0.66016789E-004  0.84760776E-001  0.17429330E+001  0.12062444E+002  0.59173117E+002  0.13400205E+003  0.34790464E+003  0.65682821E+003
 -0.82384187E+000 -0.64221960E+000 -0.27706628E+000 -0.66020399E-004  0.84748662E-001  0.17429544E+001  0.12062566E+002  0.59173117E+002  0.13400205E+003  0.34790465E+003  0.65682822E+003
 -0.82387880E+000 -0.64228900E+000 -0.27707545E+000 -0.66023547E-004  0.84736006E-001  0.17429778E+001  0.12062684E+002  0.59173117E+002  0.13400206E+003  0.34790465E+003  0.65682823E+003
 -0.82391134E+000 -0.64235004E+000 -0.27708346E+000 -0.66026269E-004  0.84722882E-001  0.17430029E+001  0.12062798E+002  0.59173117E+002  0.13400206E+003  0.34790465E+003  0.65682824E+003
 -0.82394007E+000 -0.64240372E+000 -0.27709045E+000 -0.66028634E-004  0.84709365E-001  0.17430295E+001  0.12062908E+002  0.59173118E+002  0.13400206E+003  0.34790466E+003  0.65682825E+003
 -0.82396553E+000 -0.64245096E+000 -0.27709655E+000 -0.66030692E-004  0.84695535E-001  0.17430571E+001  0.12063013E+002  0.59173118E+002  0.13400206E+003  0.34790466E+003  0.65682825E+003
 -0.82398821E+000 -0.64249263E+000 -0.27710189E+000 -0.66032478E-004  0.84681479E-001  0.17430856E+001  0.12063114E+002  0.59173118E+002  0.13400206E+003  0.34790467E+003  0.65682826E+003
 -0.82400852E+000 -0.64252951E+000 -0.27710659E+000 -0.66034050E-004  0.84667278E-001  0.17431147E+001  0.12063211E+002  0.59173118E+002  0.13400206E+003  0.34790467E+003  0.65682827E+003
 -0.82402685E+000 -0.64256230E+000 -0.27711074E+000 -0.66035434E-004  0.84653015E-001  0.17431441E+001  0.12063304E+002  0.59173118E+002  0.13400206E+003  0.34790467E+003  0.65682828E+003
 -0.82404353E+000 -0.64259165E+000 -0.27711445E+000 -0.66036677E-004  0.84638769E-001  0.17431737E+001  0.12063392E+002  0.59173118E+002  0.13400206E+003  0.34790468E+003  0.65682828E+003
 -0.82405884E+000 -0.64261810E+000 -0.27711779E+000 -0.66037796E-004  0.84624617E-001  0.17432031E+001  0.12063476E+002  0.59173118E+002  0.13400206E+003  0.34790468E+003  0.65682829E+003
 -0.82407302E+000 -0.64264215E+000 -0.27712084E+000 -0.66038838E-004  0.84610627E-001  0.17432323E+001  0.12063556E+002  0.59173119E+002  0.13400207E+003  0.34790468E+003  0.65682830E+003
 -0.82408626E+000 -0.64266421E+000 -0.27712365E+000 -0.66039804E-004  0.84596866E-001  0.17432609E+001  0.12063632E+002  0.59173119E+002  0.13400207E+003  0.34790468E+003  0.65682830E+003
 -0.82409875E+000 -0.64268466E+000 -0.27712628E+000 -0.66040731E-004  0.84583388E-001  0.17432889E+001  0.12063705E+002  0.59173119E+002  0.13400207E+003  0.34790469E+003  0.65682831E+003
 -0.82411062E+000 -0.64270377E+000 -0.27712876E+000 -0.66041630E-004  0.84570245E-001  0.17433161E+001  0.12063773E+002  0.59173119E+002  0.13400207E+003  0.34790469E+003  0.65682831E+003
 -0.82412196E+000 -0.64272181E+000 -0.27713115E+000 -0.66042510E-004  0.84557480E-001  0.17433423E+001  0.12063838E+002  0.59173119E+002  0.13400207E+003  0.34790469E+003  0.65682832E+003
 -0.82413287E+000 -0.64273895E+000 -0.27713345E+000 -0.66043383E-004  0.84545128E-001  0.17433673E+001  0.12063900E+002  0.59173119E+002  0.13400207E+003  0.34790469E+003  0.65682832E+003
 -0.82414340E+000 -0.64275538E+000 -0.27713570E+000 -0.66044262E-004  0.84533218E-001  0.17433911E+001  0.12063959E+002  0.59173119E+002  0.13400207E+003  0.34790470E+003  0.65682833E+003
 -0.82415361E+000 -0.64277121E+000 -0.27713791E+000 -0.66045153E-004  0.84521771E-001  0.17434135E+001  0.12064015E+002  0.59173119E+002  0.13400207E+003  0.34790470E+003  0.65682833E+003
 -0.82416352E+000 -0.64278653E+000 -0.27714009E+000 -0.66046050E-004  0.84510805E-001  0.17434344E+001  0.12064068E+002  0.59173119E+002  0.13400207E+003  0.34790470E+003  0.65682834E+003
 -0.82417315E+000 -0.64280140E+000 -0.27714226E+000 -0.66046970E-004  0.84500326E-001  0.17434537E+001  0.12064118E+002  0.59173119E+002  0.13400207E+003  0.34790470E+003  0.65682834E+003
 -0.82418252E+000 -0.64281589E+000 -0.27714442E+000 -0.66047904E-004  0.84490342E-001  0.17434713E+001  0.12064167E+002  0.59173119E+002  0.13400207E+003  0.34790470E+003  0.65682834E+003
 -0.82419164E+000 -0.64283001E+000 -0.27714657E+000 -0.66048859E-004  0.84480852E-001  0.17434870E+001  0.12064213E+002  0.59173119E+002  0.13400207E+003  0.34790470E+003  0.65682835E+003
 -0.82420049E+000 -0.64284378E+000 -0.27714871E+000 -0.66049830E-004  0.84471851E-001  0.17435008E+001  0.12064258E+002  0.59173119E+002  0.13400207E+003  0.34790471E+003  0.65682835E+003
 -0.82420908E+000 -0.64285722E+000 -0.27715084E+000 -0.66050819E-004  0.84463333E-001  0.17435127E+001  0.12064301E+002  0.59173119E+002  0.13400207E+003  0.34790471E+003  0.65682835E+003
 -0.82421741E+000 -0.64287032E+000 -0.27715297E+000 -0.66051825E-004  0.84455287E-001  0.17435224E+001  0.12064342E+002  0.59173119E+002  0.13400207E+003  0.34790471E+003  0.65682836E+003
 -0.82422547E+000 -0.64288308E+000 -0.27715508E+000 -0.66052843E-004  0.84447702E-001  0.17435301E+001  0.12064383E+002  0.59173119E+002  0.13400207E+003  0.34790471E+003  0.65682836E+003
 -0.82423324E+000 -0.64289550E+000 -0.27715718E+000 -0.66053874E-004  0.84440563E-001  0.17435355E+001  0.12064423E+002  0.59173119E+002  0.13400207E+003  0.34790471E+003  0.65682836E+003
 -0.82424074E+000 -0.64290755E+000 -0.27715926E+000 -0.66054914E-004  0.84433855E-001  0.17435387E+001  0.12064462E+002  0.59173119E+002  0.13400207E+003  0.34790471E+003  0.65682837E+003
 -0.82424794E+000 -0.64291924E+000 -0.27716132E+000 -0.66055962E-004  0.84427562E-001  0.17435397E+001  0.12064500E+002  0.59173119E+002  0.13400207E+003  0.34790471E+003  0.65682837E+003
 -0.82425485E+000 -0.64293056E+000 -0.27716336E+000 -0.66057011E-004  0.84421668E-001  0.17435385E+001  0.12064538E+002  0.59173119E+002  0.13400207E+003  0.34790471E+003  0.65682837E+003
 -0.82426147E+000 -0.64294148E+000 -0.27716537E+000 -0.66058061E-004  0.84416156E-001  0.17435350E+001  0.12064575E+002  0.59173119E+002  0.13400207E+003  0.34790471E+003  0.65682837E+003
 -0.82426778E+000 -0.64295201E+000 -0.27716735E+000 -0.66059110E-004  0.84411008E-001  0.17435293E+001  0.12064612E+002  0.59173119E+002  0.13400207E+003  0.34790471E+003  0.65682837E+003
 -0.82427380E+000 -0.64296214E+000 -0.27716929E+000 -0.66060151E-004  0.84406208E-001  0.17435215E+001  0.12064648E+002  0.59173119E+002  0.13400207E+003  0.34790471E+003  0.65682838E+003
 -0.82427952E+000 -0.64297186E+000 -0.27717119E+000 -0.66061184E-004  0.84401739E-001  0.17435115E+001  0.12064684E+002  0.59173119E+002  0.13400207E+003  0.34790472E+003  0.65682838E+003
 -0.82428494E+000 -0.64298116E+000 -0.27717304E+000 -0.66062206E-004  0.84397586E-001  0.17434996E+001  0.12064719E+002  0.59173119E+002  0.13400207E+003  0.34790472E+003  0.65682838E+003
 -0.82429007E+000 -0.64299005E+000 -0.27717485E+000 -0.66063212E-004  0.84393732E-001  0.17434858E+001  0.12064753E+002  0.59173119E+002  0.13400207E+003  0.34790472E+003  0.65682838E+003
 -0.82429491E+000 -0.64299852E+000 -0.27717661E+000 -0.66064202E-004  0.84390162E-001  0.17434701E+001  0.12064787E+002  0.59173119E+002  0.13400207E+003  0.34790472E+003  0.65682838E+003
 -0.82429946E+000 -0.64300657E+000 -0.27717832E+000 -0.66065169E-004  0.84386863E-001  0.17434528E+001  0.12064820E+002  0.59173119E+002  0.13400207E+003  0.34790472E+003  0.65682839E+003
 -0.82430374E+000 -0.64301421E+000 -0.27717997E+000 -0.66066115E-004  0.84383819E-001  0.17434340E+001  0.12064851E+002  0.59173119E+002  0.13400207E+003  0.34790472E+003  0.65682839E+003
 -0.82430775E+000 -0.64302144E+000 -0.27718157E+000 -0.66067035E-004  0.84381017E-001  0.17434137E+001  0.12064881E+002  0.59173119E+002  0.13400207E+003  0.34790472E+003  0.65682839E+003
 -0.82431149E+000 -0.64302827E+000 -0.27718310E+000 -0.66067926E-004  0.84378445E-001  0.17433922E+001  0.12064910E+002  0.59173119E+002  0.13400207E+003  0.34790472E+003  0.65682839E+003
 -0.82431498E+000 -0.64303469E+000 -0.27718457E+000 -0.66068788E-004  0.84376090E-001  0.17433696E+001  0.12064936E+002  0.59173119E+002  0.13400207E+003  0.34790472E+003  0.65682839E+003
 -0.82431821E+000 -0.64304072E+000 -0.27718599E+000 -0.66069619E-004  0.84373940E-001  0.17433461E+001  0.12064960E+002  0.59173119E+002  0.13400207E+003  0.34790472E+003  0.65682839E+003
 -0.82432121E+000 -0.64304637E+000 -0.27718734E+000 -0.66070415E-004  0.84371984E-001  0.17433218E+001  0.12064982E+002  0.59173119E+002  0.13400207E+003  0.34790472E+003  0.65682839E+003
 -0.82432398E+000 -0.64305164E+000 -0.27718862E+000 -0.66071178E-004  0.84370211E-001  0.17432969E+001  0.12065001E+002  0.59173119E+002  0.13400207E+003  0.34790472E+003  0.65682840E+003
 -0.82432653E+000 -0.64305655E+000 -0.27718984E+000 -0.66071905E-004  0.84368611E-001  0.17432716E+001  0.12065018E+002  0.59173119E+002  0.13400207E+003  0.34790472E+003  0.65682840E+003
 -0.82432886E+000 -0.64306110E+000 -0.27719100E+000 -0.66072596E-004  0.84367174E-001  0.17432460E+001  0.12065031E+002  0.59173119E+002  0.13400207E+003  0.34790472E+003  0.65682840E+003
 -0.82433100E+000 -0.64306531E+000 -0.27719209E+000 -0.66073250E-004  0.84365890E-001  0.17432203E+001  0.12065040E+002  0.59173119E+002  0.13400207E+003  0.34790472E+003  0.65682840E+003
 -0.82433294E+000 -0.64306920E+000 -0.27719311E+000 -0.66073866E-004  0.84364750E-001  0.17431946E+001  0.12065047E+002  0.59173119E+002  0.13400207E+003  0.34790472E+003  0.65682840E+003
 -0.82433470E+000 -0.64307277E+000 -0.27719408E+000 -0.66074446E-004  0.84363745E-001  0.17431690E+001  0.12065049E+002  0.59173119E+002  0.13400207E+003  0.34790472E+003  0.65682840E+003
 -0.82433629E+000 -0.64307603E+000 -0.27719498E+000 -0.66074987E-004  0.84362867E-001  0.17431438E+001  0.12065048E+002  0.59173119E+002  0.13400207E+003  0.34790472E+003  0.65682840E+003
 -0.82433771E+000 -0.64307901E+000 -0.27719582E+000 -0.66075492E-004  0.84362108E-001  0.17431190E+001  0.12065043E+002  0.59173118E+002  0.13400207E+003  0.34790472E+003  0.65682840E+003
 -0.82433898E+000 -0.64308171E+000 -0.27719660E+000 -0.66075960E-004  0.84361459E-001  0.17430946E+001  0.12065034E+002  0.59173118E+002  0.13400207E+003  0.34790472E+003  0.65682840E+003
 -0.82434010E+000 -0.64308415E+000 -0.27719732E+000 -0.66076392E-004  0.84360914E-001  0.17430709E+001  0.12065021E+002  0.59173118E+002  0.13400207E+003  0.34790472E+003  0.65682840E+003
 -0.82434109E+000 -0.64308634E+000 -0.27719799E+000 -0.66076789E-004  0.84360465E-001  0.17430480E+001  0.12065004E+002  0.59173118E+002  0.13400207E+003  0.34790472E+003  0.65682841E+003
 -0.82434195E+000 -0.64308829E+000 -0.27719860E+000 -0.66077152E-004  0.84360106E-001  0.17430258E+001  0.12064983E+002  0.59173118E+002  0.13400207E+003  0.34790472E+003  0.65682841E+003
 -0.82434269E+000 -0.64309003E+000 -0.27719916E+000 -0.66077481E-004  0.84359829E-001  0.17430044E+001  0.12064958E+002  0.59173118E+002  0.13400207E+003  0.34790472E+003  0.65682841E+003
 -0.82434333E+000 -0.64309155E+000 -0.27719966E+000 -0.66077779E-004  0.84359628E-001  0.17429840E+001  0.12064930E+002  0.59173118E+002  0.13400207E+003  0.34790472E+003  0.65682841E+003
 -0.82434386E+000 -0.64309288E+000 -0.27720012E+000 -0.66078045E-004  0.84359498E-001  0.17429645E+001  0.12064898E+002  0.59173118E+002  0.13400207E+003  0.34790472E+003  0.65682841E+003
 -0.82434429E+000 -0.64309403E+000 -0.27720053E+000 -0.66078282E-004  0.84359432E-001  0.17429460E+001  0.12064863E+002  0.59173118E+002  0.13400207E+003  0.34790472E+003  0.65682841E+003
 -0.82434464E+000 -0.64309501E+000 -0.27720090E+000 -0.66078491E-004  0.84359425E-001  0.17429285E+001  0.12064825E+002  0.59173118E+002  0.13400207E+003  0.34790472E+003  0.65682841E+003
 -0.82434490E+000 -0.64309582E+000 -0.27720123E+000 -0.66078674E-004  0.84359471E-001  0.17429120E+001  0.12064784E+002  0.59173118E+002  0.13400207E+003  0.34790472E+003  0.65682841E+003
 -0.82434510E+000 -0.64309650E+000 -0.27720151E+000 -0.66078830E-004  0.84359565E-001  0.17428966E+001  0.12064740E+002  0.59173118E+002  0.13400207E+003  0.34790472E+003  0.65682841E+003
 -0.82434522E+000 -0.64309703E+000 -0.27720176E+000 -0.66078964E-004  0.84359703E-001  0.17428822E+001  0.12064695E+002  0.59173118E+002  0.13400207E+003  0.34790472E+003  0.65682841E+003
 -0.82434529E+000 -0.64309744E+000 -0.27720197E+000 -0.66079075E-004  0.84359880E-001  0.17428689E+001  0.12064647E+002  0.59173118E+002  0.13400207E+003  0.34790472E+003  0.65682841E+003
 -0.82434530E+000 -0.64309774E+000 -0.27720215E+000 -0.66079164E-004  0.84360091E-001  0.17428565E+001  0.12064598E+002  0.59173118E+002  0.13400207E+003  0.34790472E+003  0.65682841E+003
 -0.82434526E+000 -0.64309794E+000 -0.27720230E+000 -0.66079235E-004  0.84360333E-001  0.17428452E+001  0.12064547E+002  0.59173118E+002  0.13400207E+003  0.34790472E+003  0.65682841E+003
 -0.82434517E+000 -0.64309804E+000 -0.27720242E+000 -0.66079288E-004  0.84360601E-001  0.17428348E+001  0.12064496E+002  0.59173118E+002  0.13400207E+003  0.34790472E+003  0.65682841E+003
 -0.82434505E+000 -0.64309805E+000 -0.27720251E+000 -0.66079324E-004  0.84360891E-001  0.17428254E+001  0.12064444E+002  0.59173118E+002  0.13400207E+003  0.34790472E+003  0.65682841E+003
 -0.82434489E+000 -0.64309799E+000 -0.27720258E+000 -0.66079345E-004  0.84361201E-001  0.17428169E+001  0.12064392E+002  0.59173118E+002  0.13400207E+003  0.34790471E+003  0.65682841E+003
 -0.82434470E+000 -0.64309786E+000 -0.27720263E+000 -0.66079352E-004  0.84361527E-001  0.17428092E+001  0.12064339E+002  0.59173118E+002  0.13400207E+003  0.34790471E+003  0.65682841E+003
 -0.82434449E+000 -0.64309766E+000 -0.27720266E+000 -0.66079347E-004  0.84361866E-001  0.17428024E+001  0.12064287E+002  0.59173118E+002  0.13400207E+003  0.34790471E+003  0.65682841E+003
 -0.82434425E+000 -0.64309742E+000 -0.27720266E+000 -0.66079331E-004  0.84362215E-001  0.17427964E+001  0.12064236E+002  0.59173118E+002  0.13400207E+003  0.34790471E+003  0.65682841E+003
 -0.82434399E+000 -0.64309712E+000 -0.27720265E+000 -0.66079304E-004  0.84362572E-001  0.17427911E+001  0.12064185E+002  0.59173118E+002  0.13400207E+003  0.34790471E+003  0.65682841E+003
 -0.82434371E+000 -0.64309679E+000 -0.27720263E+000 -0.66079268E-004  0.84362933E-001  0.17427866E+001  0.12064135E+002  0.59173118E+002  0.13400207E+003  0.34790471E+003  0.65682841E+003
 -0.82434342E+000 -0.64309641E+000 -0.27720259E+000 -0.66079224E-004  0.84363298E-001  0.17427827E+001  0.12064087E+002  0.59173118E+002  0.13400207E+003  0.34790471E+003  0.65682841E+003
 -0.82434313E+000 -0.64309601E+000 -0.27720254E+000 -0.66079174E-004  0.84363663E-001  0.17427794E+001  0.12064040E+002  0.59173118E+002  0.13400207E+003  0.34790471E+003  0.65682841E+003
 -0.82434282E+000 -0.64309558E+000 -0.27720248E+000 -0.66079118E-004  0.84364028E-001  0.17427767E+001  0.12063994E+002  0.59173118E+002  0.13400207E+003  0.34790471E+003  0.65682841E+003
 -0.82434251E+000 -0.64309514E+000 -0.27720241E+000 -0.66079056E-004  0.84364390E-001  0.17427746E+001  0.12063950E+002  0.59173118E+002  0.13400207E+003  0.34790471E+003  0.65682841E+003
 -0.82434219E+000 -0.64309467E+000 -0.27720233E+000 -0.66078990E-004  0.84364747E-001  0.17427729E+001  0.12063909E+002  0.59173118E+002  0.13400207E+003  0.34790471E+003  0.65682841E+003
 -0.82434187E+000 -0.64309420E+000 -0.27720225E+000 -0.66078921E-004  0.84365099E-001  0.17427717E+001  0.12063869E+002  0.59173118E+002  0.13400207E+003  0.34790471E+003  0.65682841E+003
 -0.82434156E+000 -0.64309371E+000 -0.27720216E+000 -0.66078849E-004  0.84365445E-001  0.17427710E+001  0.12063831E+002  0.59173118E+002  0.13400207E+003  0.34790471E+003  0.65682841E+003
 -0.82434124E+000 -0.64309322E+000 -0.27720206E+000 -0.66078775E-004  0.84365782E-001  0.17427706E+001  0.12063795E+002  0.59173118E+002  0.13400207E+003  0.34790471E+003  0.65682841E+003
 -0.82434093E+000 -0.64309273E+000 -0.27720196E+000 -0.66078699E-004  0.84366111E-001  0.17427705E+001  0.12063762E+002  0.59173118E+002  0.13400207E+003  0.34790471E+003  0.65682841E+003
 -0.82434062E+000 -0.64309224E+000 -0.27720186E+000 -0.66078623E-004  0.84366430E-001  0.17427707E+001  0.12063731E+002  0.59173118E+002  0.13400207E+003  0.34790471E+003  0.65682841E+003
 -0.82434032E+000 -0.64309175E+000 -0.27720176E+000 -0.66078546E-004  0.84366739E-001  0.17427713E+001  0.12063702E+002  0.59173118E+002  0.13400207E+003  0.34790471E+003  0.65682841E+003
 -0.82434002E+000 -0.64309127E+000 -0.27720165E+000 -0.66078469E-004  0.84367038E-001  0.17427720E+001  0.12063675E+002  0.59173118E+002  0.13400207E+003  0.34790471E+003  0.65682841E+003
 -0.82433973E+000 -0.64309079E+000 -0.27720155E+000 -0.66078393E-004  0.84367325E-001  0.17427730E+001  0.12063650E+002  0.59173118E+002  0.13400207E+003  0.34790471E+003  0.65682841E+003
 -0.82433945E+000 -0.64309032E+000 -0.27720144E+000 -0.66078317E-004  0.84367600E-001  0.17427741E+001  0.12063628E+002  0.59173118E+002  0.13400207E+003  0.34790471E+003  0.65682841E+003
 -0.82433918E+000 -0.64308986E+000 -0.27720134E+000 -0.66078243E-004  0.84367864E-001  0.17427754E+001  0.12063607E+002  0.59173118E+002  0.13400207E+003  0.34790471E+003  0.65682841E+003
 -0.82433891E+000 -0.64308941E+000 -0.27720123E+000 -0.66078170E-004  0.84368116E-001  0.17427769E+001  0.12063589E+002  0.59173118E+002  0.13400207E+003  0.34790471E+003  0.65682841E+003
 -0.82433866E+000 -0.64308898E+000 -0.27720113E+000 -0.66078099E-004  0.84368356E-001  0.17427784E+001  0.12063573E+002  0.59173118E+002  0.13400207E+003  0.34790471E+003  0.65682841E+003
 -0.82433842E+000 -0.64308856E+000 -0.27720103E+000 -0.66078030E-004  0.84368584E-001  0.17427800E+001  0.12063558E+002  0.59173118E+002  0.13400207E+003  0.34790471E+003  0.65682841E+003
 -0.82433818E+000 -0.64308815E+000 -0.27720093E+000 -0.66077962E-004  0.84368799E-001  0.17427817E+001  0.12063546E+002  0.59173118E+002  0.13400207E+003  0.34790471E+003  0.65682841E+003
 -0.82433796E+000 -0.64308776E+000 -0.27720084E+000 -0.66077897E-004  0.84369003E-001  0.17427835E+001  0.12063535E+002  0.59173118E+002  0.13400207E+003  0.34790471E+003  0.65682841E+003
 -0.82433774E+000 -0.64308738E+000 -0.27720074E+000 -0.66077834E-004  0.84369196E-001  0.17427853E+001  0.12063525E+002  0.59173118E+002  0.13400207E+003  0.34790471E+003  0.65682841E+003
 -0.82433754E+000 -0.64308702E+000 -0.27720065E+000 -0.66077774E-004  0.84369376E-001  0.17427871E+001  0.12063518E+002  0.59173118E+002  0.13400207E+003  0.34790471E+003  0.65682841E+003
 -0.82433734E+000 -0.64308668E+000 -0.27720057E+000 -0.66077716E-004  0.84369546E-001  0.17427889E+001  0.12063511E+002  0.59173118E+002  0.13400207E+003  0.34790471E+003  0.65682841E+003
 -0.82433716E+000 -0.64308635E+000 -0.27720048E+000 -0.66077661E-004  0.84369705E-001  0.17427907E+001  0.12063506E+002  0.59173118E+002  0.13400207E+003  0.34790471E+003  0.65682841E+003
 -0.82433699E+000 -0.64308603E+000 -0.27720040E+000 -0.66077608E-004  0.84369853E-001  0.17427924E+001  0.12063502E+002  0.59173118E+002  0.13400207E+003  0.34790471E+003  0.65682841E+003
 -0.82433682E+000 -0.64308573E+000 -0.27720032E+000 -0.66077558E-004  0.84369991E-001  0.17427942E+001  0.12063500E+002  0.59173118E+002  0.13400207E+003  0.34790471E+003  0.65682841E+003
 -0.82433667E+000 -0.64308545E+000 -0.27720025E+000 -0.66077510E-004  0.84370119E-001  0.17427959E+001  0.12063498E+002  0.59173118E+002  0.13400207E+003  0.34790471E+003  0.65682841E+003
 -0.82433652E+000 -0.64308518E+000 -0.27720018E+000 -0.66077465E-004  0.84370237E-001  0.17427976E+001  0.12063497E+002  0.59173118E+002  0.13400207E+003  0.34790471E+003  0.65682841E+003
 -0.82433638E+000 -0.64308493E+000 -0.27720011E+000 -0.66077422E-004  0.84370347E-001  0.17427992E+001  0.12063498E+002  0.59173118E+002  0.13400207E+003  0.34790471E+003  0.65682841E+003
 -0.82433626E+000 -0.64308469E+000 -0.27720005E+000 -0.66077381E-004  0.84370448E-001  0.17428008E+001  0.12063499E+002  0.59173118E+002  0.13400207E+003  0.34790471E+003  0.65682841E+003
 -0.82433614E+000 -0.64308446E+000 -0.27719999E+000 -0.66077343E-004  0.84370540E-001  0.17428023E+001  0.12063500E+002  0.59173118E+002  0.13400207E+003  0.34790471E+003  0.65682841E+003
 -0.82433602E+000 -0.64308425E+000 -0.27719993E+000 -0.66077308E-004  0.84370625E-001  0.17428038E+001  0.12063503E+002  0.59173118E+002  0.13400207E+003  0.34790471E+003  0.65682841E+003
 -0.82433592E+000 -0.64308405E+000 -0.27719988E+000 -0.66077274E-004  0.84370703E-001  0.17428052E+001  0.12063505E+002  0.59173118E+002  0.13400207E+003  0.34790471E+003  0.65682841E+003
 -0.82433582E+000 -0.64308387E+000 -0.27719983E+000 -0.66077243E-004  0.84370773E-001  0.17428066E+001  0.12063509E+002  0.59173118E+002  0.13400207E+003  0.34790471E+003  0.65682841E+003
 -0.82433573E+000 -0.64308370E+000 -0.27719978E+000 -0.66077214E-004  0.84370837E-001  0.17428078E+001  0.12063512E+002  0.59173118E+002  0.13400207E+003  0.34790471E+003  0.65682841E+003
 -0.82433565E+000 -0.64308354E+000 -0.27719974E+000 -0.66077186E-004  0.84370895E-001  0.17428091E+001  0.12063516E+002  0.59173118E+002  0.13400207E+003  0.34790471E+003  0.65682841E+003
 -0.82433557E+000 -0.64308338E+000 -0.27719970E+000 -0.66077161E-004  0.84370947E-001  0.17428102E+001  0.12063520E+002  0.59173118E+002  0.13400207E+003  0.34790471E+003  0.65682841E+003
 -0.82433550E+000 -0.64308325E+000 -0.27719966E+000 -0.66077137E-004  0.84370994E-001  0.17428113E+001  0.12063525E+002  0.59173118E+002  0.13400207E+003  0.34790471E+003  0.65682841E+003
 -0.82433544E+000 -0.64308312E+000 -0.27719962E+000 -0.66077115E-004  0.84371036E-001  0.17428123E+001  0.12063529E+002  0.59173118E+002  0.13400207E+003  0.34790471E+003  0.65682841E+003
 -0.82433538E+000 -0.64308300E+000 -0.27719959E+000 -0.66077095E-004  0.84371073E-001  0.17428133E+001  0.12063534E+002  0.59173118E+002  0.13400207E+003  0.34790471E+003  0.65682841E+003
 -0.82433532E+000 -0.64308289E+000 -0.27719956E+000 -0.66077077E-004  0.84371106E-001  0.17428142E+001  0.12063539E+002  0.59173118E+002  0.13400207E+003  0.34790471E+003  0.65682841E+003
 -0.82433527E+000 -0.64308279E+000 -0.27719953E+000 -0.66077059E-004  0.84371135E-001  0.17428151E+001  0.12063544E+002  0.59173118E+002  0.13400207E+003  0.34790471E+003  0.65682841E+003
 -0.82433522E+000 -0.64308269E+000 -0.27719951E+000 -0.66077044E-004  0.84371160E-001  0.17428158E+001  0.12063549E+002  0.59173118E+002  0.13400207E+003  0.34790471E+003  0.65682841E+003
 -0.82433518E+000 -0.64308261E+000 -0.27719948E+000 -0.66077030E-004  0.84371181E-001  0.17428166E+001  0.12063553E+002  0.59173118E+002  0.13400207E+003  0.34790471E+003  0.65682841E+003
 -0.82433514E+000 -0.64308253E+000 -0.27719946E+000 -0.66077017E-004  0.84371199E-001  0.17428172E+001  0.12063558E+002  0.59173118E+002  0.13400207E+003  0.34790471E+003  0.65682841E+003
 -0.82433511E+000 -0.64308246E+000 -0.27719944E+000 -0.66077008E-004  0.84371214E-001  0.17428179E+001  0.12063563E+002  0.59173118E+002  0.13400207E+003  0.34790471E+003  0.65682841E+003
 -0.82433507E+000 -0.64308237E+000 -0.27719942E+000 -0.66076993E-004  0.84371227E-001  0.17428184E+001  0.12063567E+002  0.59173118E+002  0.13400207E+003  0.34790471E+003  0.65682841E+003
 -0.82433497E+000 -0.64308221E+000 -0.27719939E+000 -0.66076965E-004  0.84371242E-001  0.17428190E+001  0.12063572E+002  0.59173118E+002  0.13400207E+003  0.34790471E+003  0.65682841E+003
