 -0.93136838E+000 -0.83200798E+000 -0.54954850E+000 -0.18462065E+000 -0.52196989E-002  0.96542082E-003  0.91442160E+000  0.45470511E+001  0.88191833E+001  0.15860427E+002  0.21714189E+002
 -0.92901516E+000 -0.82891452E+000 -0.54512026E+000 -0.17888361E+000 -0.10051372E-002  0.11242789E-002  0.91054844E+000  0.45471340E+001  0.88148376E+001  0.15839064E+002  0.21694941E+002
 -0.92727681E+000 -0.82647774E+000 -0.54170797E+000 -0.17445802E+000  0.48533660E-004  0.15846187E-002  0.90842123E+000  0.45471947E+001  0.88112004E+001  0.15821846E+002  0.21678707E+002
 -0.92602056E+000 -0.82464418E+000 -0.53901803E+000 -0.17108981E+000  0.49658309E-004  0.18148888E-002  0.90735667E+000  0.45472268E+001  0.88081767E+001  0.15808267E+002  0.21665022E+002
 -0.92512604E+000 -0.82328991E+000 -0.53684250E+000 -0.16856754E+000 -0.32470645E-005  0.18079937E-002  0.90733759E+000  0.45472423E+001  0.88057223E+001  0.15797695E+002  0.21653576E+002
 -0.92449531E+000 -0.82230729E+000 -0.53507728E+000 -0.16670721E+000 -0.11425126E-002  0.17063302E-002  0.90805855E+000  0.45472496E+001  0.88037991E+001  0.15789345E+002  0.21644125E+002
 -0.92406251E+000 -0.82161910E+000 -0.53373066E+000 -0.16537699E+000 -0.21127903E-002  0.15399703E-002  0.90923257E+000  0.45472353E+001  0.88023418E+001  0.15782864E+002  0.21636420E+002
 -0.92377792E+000 -0.82116224E+000 -0.53273075E+000 -0.16447155E+000 -0.28343652E-002  0.13414802E-002  0.91064822E+000  0.45471999E+001  0.88012919E+001  0.15777945E+002  0.21630232E+002
 -0.92360689E+000 -0.82088372E+000 -0.53201662E+000 -0.16391023E+000 -0.33541448E-002  0.11374980E-002  0.91215079E+000  0.45471454E+001  0.88005857E+001  0.15774330E+002  0.21625348E+002
 -0.92352486E+000 -0.82074457E+000 -0.53153964E+000 -0.16363296E+000 -0.37365528E-002  0.11263226E-002  0.91363205E+000  0.45470726E+001  0.88001554E+001  0.15771788E+002  0.21621566E+002
 -0.92351001E+000 -0.82071184E+000 -0.53125471E+000 -0.16358254E+000 -0.40172061E-002  0.11142590E-002  0.91503087E+000  0.45469940E+001  0.87999498E+001  0.15770148E+002  0.21618713E+002
 -0.92354693E+000 -0.82076009E+000 -0.53112675E+000 -0.16371408E+000 -0.42242280E-002  0.11019097E-002  0.91631044E+000  0.45469170E+001  0.87999191E+001  0.15769263E+002  0.21616653E+002
 -0.92362317E+000 -0.82087109E+000 -0.53112707E+000 -0.16399125E+000 -0.43847085E-002  0.10896794E-002  0.91745216E+000  0.45468466E+001  0.88000206E+001  0.15769017E+002  0.21615270E+002
 -0.92372955E+000 -0.82102928E+000 -0.53123195E+000 -0.16438281E+000 -0.45099501E-002  0.10780214E-002  0.91844978E+000  0.45467882E+001  0.88002224E+001  0.15769320E+002  0.21614467E+002
 -0.92385915E+000 -0.82122264E+000 -0.53142158E+000 -0.16486460E+000 -0.46098217E-002  0.10671701E-002  0.91930202E+000  0.45467433E+001  0.88004974E+001  0.15770082E+002  0.21614158E+002
 -0.92400657E+000 -0.82144245E+000 -0.53167990E+000 -0.16541722E+000 -0.46907858E-002  0.10572264E-002  0.92001119E+000  0.45467110E+001  0.88008248E+001  0.15771228E+002  0.21614271E+002
 -0.92416708E+000 -0.82168127E+000 -0.53199282E+000 -0.16602340E+000 -0.47566252E-002  0.10482726E-002  0.92057722E+000  0.45466914E+001  0.88011909E+001  0.15772697E+002  0.21614745E+002
 -0.92433690E+000 -0.82193353E+000 -0.53234876E+000 -0.16666904E+000 -0.48106234E-002  0.10402988E-002  0.92100688E+000  0.45466834E+001  0.88015859E+001  0.15774436E+002  0.21615529E+002
 -0.92451347E+000 -0.82219510E+000 -0.53273873E+000 -0.16734342E+000 -0.48559336E-002  0.10332029E-002  0.92132051E+000  0.45466841E+001  0.88020020E+001  0.15776396E+002  0.21616577E+002
 -0.92469446E+000 -0.82246232E+000 -0.53315469E+000 -0.16803630E+000 -0.48941121E-002  0.10269553E-002  0.92153611E+000  0.45466927E+001  0.88024353E+001  0.15778537E+002  0.21617853E+002
 -0.92487831E+000 -0.82273274E+000 -0.53359073E+000 -0.16874015E+000 -0.49270879E-002  0.10214267E-002  0.92166863E+000  0.45467070E+001  0.88028824E+001  0.15780824E+002  0.21619325E+002
 -0.92506374E+000 -0.82300418E+000 -0.53404119E+000 -0.16944802E+000 -0.49557770E-002  0.10165402E-002  0.92173219E+000  0.45467258E+001  0.88033414E+001  0.15783222E+002  0.21620967E+002
 -0.92524984E+000 -0.82327514E+000 -0.53450170E+000 -0.17015461E+000 -0.49811164E-002  0.10121940E-002  0.92173807E+000  0.45467475E+001  0.88038105E+001  0.15785703E+002  0.21622755E+002
 -0.92543579E+000 -0.82354472E+000 -0.53496863E+000 -0.17085550E+000 -0.50037587E-002  0.10083031E-002  0.92169563E+000  0.45467709E+001  0.88042882E+001  0.15788241E+002  0.21624670E+002
 -0.92562099E+000 -0.82381207E+000 -0.53543887E+000 -0.17154679E+000 -0.50240252E-002  0.10048148E-002  0.92161291E+000  0.45467953E+001  0.88047733E+001  0.15790811E+002  0.21626695E+002
 -0.92580519E+000 -0.82407661E+000 -0.53591008E+000 -0.17222552E+000 -0.50423404E-002  0.10016621E-002  0.92149647E+000  0.45468198E+001  0.88052641E+001  0.15793392E+002  0.21628816E+002
 -0.92598802E+000 -0.82433800E+000 -0.53638025E+000 -0.17288911E+000 -0.50589179E-002  0.99880208E-003  0.92135202E+000  0.45468440E+001  0.88057591E+001  0.15795967E+002  0.21631019E+002
 -0.92616926E+000 -0.82459608E+000 -0.53684785E+000 -0.17353549E+000 -0.50739637E-002  0.99619457E-003  0.92118438E+000  0.45468675E+001  0.88062566E+001  0.15798518E+002  0.21633293E+002
 -0.92634874E+000 -0.82485076E+000 -0.53731164E+000 -0.17416296E+000 -0.50876245E-002  0.99380871E-003  0.92099773E+000  0.45468899E+001  0.88067548E+001  0.15801033E+002  0.21635629E+002
 -0.92652632E+000 -0.82510204E+000 -0.53777064E+000 -0.17477015E+000 -0.51000288E-002  0.99161828E-003  0.92079544E+000  0.45469110E+001  0.88072516E+001  0.15803502E+002  0.21638018E+002
 -0.92670191E+000 -0.82534997E+000 -0.53822411E+000 -0.17535599E+000 -0.51112839E-002  0.98960202E-003  0.92058082E+000  0.45469309E+001  0.88077452E+001  0.15805915E+002  0.21640450E+002
 -0.92687546E+000 -0.82559465E+000 -0.53867149E+000 -0.17591967E+000 -0.51214973E-002  0.98774060E-003  0.92035671E+000  0.45469493E+001  0.88082336E+001  0.15808267E+002  0.21642919E+002
 -0.92704690E+000 -0.82583616E+000 -0.53911234E+000 -0.17646062E+000 -0.51307505E-002  0.98601975E-003  0.92012559E+000  0.45469662E+001  0.88087148E+001  0.15810554E+002  0.21645416E+002
 -0.92721622E+000 -0.82607460E+000 -0.53954635E+000 -0.17697847E+000 -0.51391318E-002  0.98442569E-003  0.91988963E+000  0.45469816E+001  0.88091870E+001  0.15812775E+002  0.21647936E+002
 -0.92738337E+000 -0.82631006E+000 -0.53997330E+000 -0.17747306E+000 -0.51467249E-002  0.98294632E-003  0.91965068E+000  0.45469953E+001  0.88096485E+001  0.15814928E+002  0.21650472E+002
 -0.92754832E+000 -0.82654263E+000 -0.54039299E+000 -0.17794440E+000 -0.51536051E-002  0.98157141E-003  0.91941038E+000  0.45470073E+001  0.88100978E+001  0.15817015E+002  0.21653017E+002
 -0.92771105E+000 -0.82677234E+000 -0.54080531E+000 -0.17839265E+000 -0.51598460E-002  0.98029156E-003  0.91917016E+000  0.45470175E+001  0.88105333E+001  0.15819037E+002  0.21655565E+002
 -0.92787152E+000 -0.82699923E+000 -0.54121014E+000 -0.17881816E+000 -0.51655201E-002  0.97909780E-003  0.91893126E+000  0.45470258E+001  0.88109540E+001  0.15820998E+002  0.21658110E+002
 -0.92802967E+000 -0.82722327E+000 -0.54160735E+000 -0.17922132E+000 -0.51706792E-002  0.97798426E-003  0.91869476E+000  0.45470321E+001  0.88113590E+001  0.15822901E+002  0.21660647E+002
 -0.92818545E+000 -0.82744441E+000 -0.54199683E+000 -0.17960271E+000 -0.51753916E-002  0.97694279E-003  0.91846160E+000  0.45470363E+001  0.88117476E+001  0.15824750E+002  0.21663170E+002
 -0.92833877E+000 -0.82766256E+000 -0.54237842E+000 -0.17996295E+000 -0.51796970E-002  0.97596921E-003  0.91823261E+000  0.45470384E+001  0.88121195E+001  0.15826547E+002  0.21665674E+002
 -0.92848957E+000 -0.82787761E+000 -0.54275196E+000 -0.18030277E+000 -0.51836554E-002  0.97505642E-003  0.91800847E+000  0.45470383E+001  0.88124747E+001  0.15828296E+002  0.21668153E+002
 -0.92863773E+000 -0.82808937E+000 -0.54311726E+000 -0.18062290E+000 -0.51873001E-002  0.97420092E-003  0.91778980E+000  0.45470361E+001  0.88128134E+001  0.15830000E+002  0.21670603E+002
 -0.92878314E+000 -0.82829765E+000 -0.54347409E+000 -0.18092417E+000 -0.51906736E-002  0.97339776E-003  0.91757710E+000  0.45470318E+001  0.88131359E+001  0.15831662E+002  0.21673018E+002
 -0.92892566E+000 -0.82850221E+000 -0.54382219E+000 -0.18120735E+000 -0.51937982E-002  0.97264461E-003  0.91737083E+000  0.45470256E+001  0.88134431E+001  0.15833283E+002  0.21675393E+002
 -0.92906514E+000 -0.82870278E+000 -0.54416127E+000 -0.18147330E+000 -0.51967083E-002  0.97193727E-003  0.91717134E+000  0.45470174E+001  0.88137357E+001  0.15834865E+002  0.21677724E+002
 -0.92920143E+000 -0.82889906E+000 -0.54449101E+000 -0.18172278E+000 -0.51994158E-002  0.97127453E-003  0.91697894E+000  0.45470076E+001  0.88140148E+001  0.15836409E+002  0.21680006E+002
 -0.92933436E+000 -0.82909074E+000 -0.54481110E+000 -0.18195662E+000 -0.52019524E-002  0.97065219E-003  0.91679388E+000  0.45469964E+001  0.88142816E+001  0.15837915E+002  0.21682234E+002
 -0.92946374E+000 -0.82927750E+000 -0.54512119E+000 -0.18217556E+000 -0.52043219E-002  0.97006990E-003  0.91661636E+000  0.45469840E+001  0.88145372E+001  0.15839384E+002  0.21684403E+002
 -0.92958940E+000 -0.82945900E+000 -0.54542095E+000 -0.18238034E+000 -0.52065422E-002  0.96952510E-003  0.91644651E+000  0.45469707E+001  0.88147829E+001  0.15840814E+002  0.21686507E+002
 -0.92971113E+000 -0.82963491E+000 -0.54571003E+000 -0.18257166E+000 -0.52086206E-002  0.96901660E-003  0.91628446E+000  0.45469568E+001  0.88150197E+001  0.15842205E+002  0.21688543E+002
 -0.92982876E+000 -0.82980490E+000 -0.54598813E+000 -0.18275020E+000 -0.52104055E-002  0.96856124E-003  0.91613026E+000  0.45469427E+001  0.88152489E+001  0.15843555E+002  0.21690505E+002
 -0.92994212E+000 -0.82996868E+000 -0.54625495E+000 -0.18291659E+000 -0.52118783E-002  0.96816003E-003  0.91598391E+000  0.45469287E+001  0.88154713E+001  0.15844863E+002  0.21692388E+002
 -0.93005104E+000 -0.83012595E+000 -0.54651024E+000 -0.18307144E+000 -0.52131225E-002  0.96780264E-003  0.91584543E+000  0.45469151E+001  0.88156878E+001  0.15846126E+002  0.21694188E+002
 -0.93015536E+000 -0.83027646E+000 -0.54675377E+000 -0.18321533E+000 -0.52141943E-002  0.96748226E-003  0.91571478E+000  0.45469022E+001  0.88158991E+001  0.15847342E+002  0.21695902E+002
 -0.93025495E+000 -0.83041999E+000 -0.54698534E+000 -0.18334879E+000 -0.52151345E-002  0.96719365E-003  0.91559189E+000  0.45468904E+001  0.88161056E+001  0.15848509E+002  0.21697524E+002
 -0.93034969E+000 -0.83055636E+000 -0.54720484E+000 -0.18347234E+000 -0.52159674E-002  0.96693344E-003  0.91547669E+000  0.45468801E+001  0.88163078E+001  0.15849624E+002  0.21699052E+002
 -0.93043950E+000 -0.83068543E+000 -0.54741220E+000 -0.18358652E+000 -0.52167126E-002  0.96669852E-003  0.91536903E+000  0.45468715E+001  0.88165056E+001  0.15850686E+002  0.21700484E+002
 -0.93052432E+000 -0.83080713E+000 -0.54760741E+000 -0.18369180E+000 -0.52173809E-002  0.96648688E-003  0.91526879E+000  0.45468648E+001  0.88166991E+001  0.15851691E+002  0.21701819E+002
 -0.93060412E+000 -0.83092141E+000 -0.54779051E+000 -0.18378865E+000 -0.52179799E-002  0.96629681E-003  0.91517581E+000  0.45468603E+001  0.88168880E+001  0.15852638E+002  0.21703055E+002
 -0.93067890E+000 -0.83102829E+000 -0.54796163E+000 -0.18387756E+000 -0.52185177E-002  0.96612644E-003  0.91508989E+000  0.45468580E+001  0.88170718E+001  0.15853525E+002  0.21704194E+002
 -0.93074868E+000 -0.83112784E+000 -0.54812093E+000 -0.18395895E+000 -0.52189971E-002  0.96597467E-003  0.91501083E+000  0.45468582E+001  0.88172502E+001  0.15854350E+002  0.21705236E+002
 -0.93081354E+000 -0.83122016E+000 -0.54826865E+000 -0.18403326E+000 -0.52194229E-002  0.96584008E-003  0.91493843E+000  0.45468607E+001  0.88174224E+001  0.15855114E+002  0.21706185E+002
 -0.93087355E+000 -0.83130542E+000 -0.54840507E+000 -0.18410091E+000 -0.52197999E-002  0.96572124E-003  0.91487243E+000  0.45468655E+001  0.88175878E+001  0.15855815E+002  0.21707043E+002
 -0.93092883E+000 -0.83138381E+000 -0.54853055E+000 -0.18416233E+000 -0.52201317E-002  0.96561692E-003  0.91481257E+000  0.45468725E+001  0.88177456E+001  0.15856455E+002  0.21707815E+002
 -0.93097953E+000 -0.83145556E+000 -0.54864547E+000 -0.18421789E+000 -0.52204194E-002  0.96552634E-003  0.91475858E+000  0.45468814E+001  0.88178952E+001  0.15857034E+002  0.21708505E+002
 -0.93102582E+000 -0.83152094E+000 -0.54875026E+000 -0.18426798E+000 -0.52206689E-002  0.96544796E-003  0.91471016E+000  0.45468920E+001  0.88180360E+001  0.15857554E+002  0.21709119E+002
 -0.93106787E+000 -0.83158025E+000 -0.54884538E+000 -0.18431297E+000 -0.52208793E-002  0.96538138E-003  0.91466700E+000  0.45469039E+001  0.88181674E+001  0.15858018E+002  0.21709663E+002
 -0.93110589E+000 -0.83163380E+000 -0.54893134E+000 -0.18435323E+000 -0.52210580E-002  0.96532486E-003  0.91462876E+000  0.45469168E+001  0.88182890E+001  0.15858428E+002  0.21710142E+002
 -0.93114010E+000 -0.83168192E+000 -0.54900865E+000 -0.18438910E+000 -0.52212035E-002  0.96527814E-003  0.91459511E+000  0.45469303E+001  0.88184006E+001  0.15858787E+002  0.21710564E+002
 -0.93117073E+000 -0.83172496E+000 -0.54907785E+000 -0.18442091E+000 -0.52213206E-002  0.96523998E-003  0.91456567E+000  0.45469440E+001  0.88185019E+001  0.15859100E+002  0.21710935E+002
 -0.93119801E+000 -0.83176327E+000 -0.54913949E+000 -0.18444899E+000 -0.52214102E-002  0.96520975E-003  0.91454009E+000  0.45469574E+001  0.88185932E+001  0.15859370E+002  0.21711260E+002
 -0.93122217E+000 -0.83179719E+000 -0.54919412E+000 -0.18447365E+000 -0.52214758E-002  0.96518649E-003  0.91451799E+000  0.45469703E+001  0.88186746E+001  0.15859601E+002  0.21711546E+002
 -0.93124347E+000 -0.83182709E+000 -0.54924230E+000 -0.18449519E+000 -0.52215182E-002  0.96516965E-003  0.91449900E+000  0.45469823E+001  0.88187465E+001  0.15859797E+002  0.21711798E+002
 -0.93126214E+000 -0.83185331E+000 -0.54928457E+000 -0.18451390E+000 -0.52215417E-002  0.96515816E-003  0.91448274E+000  0.45469932E+001  0.88188095E+001  0.15859963E+002  0.21712021E+002
 -0.93127841E+000 -0.83187618E+000 -0.54932146E+000 -0.18453007E+000 -0.52215455E-002  0.96515175E-003  0.91446889E+000  0.45470028E+001  0.88188641E+001  0.15860102E+002  0.21712219E+002
 -0.93129252E+000 -0.83189604E+000 -0.54935350E+000 -0.18454395E+000 -0.52215346E-002  0.96514934E-003  0.91445708E+000  0.45470110E+001  0.88189111E+001  0.15860218E+002  0.21712397E+002
 -0.93130468E+000 -0.83191318E+000 -0.54938118E+000 -0.18455580E+000 -0.52215088E-002  0.96515062E-003  0.91444702E+000  0.45470178E+001  0.88189513E+001  0.15860315E+002  0.21712559E+002
 -0.93131510E+000 -0.83192792E+000 -0.54940498E+000 -0.18456587E+000 -0.52214716E-002  0.96515474E-003  0.91443841E+000  0.45470231E+001  0.88189854E+001  0.15860395E+002  0.21712706E+002
 -0.93132398E+000 -0.83194051E+000 -0.54942535E+000 -0.18457436E+000 -0.52214231E-002  0.96516145E-003  0.91443102E+000  0.45470271E+001  0.88190142E+001  0.15860462E+002  0.21712842E+002
 -0.93133152E+000 -0.83195122E+000 -0.54944271E+000 -0.18458148E+000 -0.52213667E-002  0.96517001E-003  0.91442462E+000  0.45470298E+001  0.88190385E+001  0.15860517E+002  0.21712968E+002
 -0.93133787E+000 -0.83196030E+000 -0.54945744E+000 -0.18458744E+000 -0.52213036E-002  0.96518002E-003  0.91441901E+000  0.45470315E+001  0.88190589E+001  0.15860563E+002  0.21713086E+002
 -0.93134319E+000 -0.83196794E+000 -0.54946990E+000 -0.18459238E+000 -0.52212345E-002  0.96519122E-003  0.91441406E+000  0.45470322E+001  0.88190762E+001  0.15860601E+002  0.21713198E+002
 -0.93134764E+000 -0.83197436E+000 -0.54948042E+000 -0.18459649E+000 -0.52211621E-002  0.96520306E-003  0.91440964E+000  0.45470322E+001  0.88190908E+001  0.15860633E+002  0.21713303E+002
 -0.93135133E+000 -0.83197973E+000 -0.54948927E+000 -0.18459988E+000 -0.52210865E-002  0.96521545E-003  0.91440565E+000  0.45470317E+001  0.88191034E+001  0.15860660E+002  0.21713402E+002
 -0.93135438E+000 -0.83198420E+000 -0.54949671E+000 -0.18460268E+000 -0.52210097E-002  0.96522799E-003  0.91440202E+000  0.45470307E+001  0.88191142E+001  0.15860683E+002  0.21713496E+002
 -0.93135689E+000 -0.83198792E+000 -0.54950298E+000 -0.18460499E+000 -0.52209314E-002  0.96524067E-003  0.91439871E+000  0.45470295E+001  0.88191238E+001  0.15860702E+002  0.21713585E+002
 -0.93135895E+000 -0.83199100E+000 -0.54950826E+000 -0.18460690E+000 -0.52208543E-002  0.96525305E-003  0.91439567E+000  0.45470282E+001  0.88191322E+001  0.15860717E+002  0.21713669E+002
 -0.93136064E+000 -0.83199355E+000 -0.54951272E+000 -0.18460848E+000 -0.52207769E-002  0.96526536E-003  0.91439289E+000  0.45470269E+001  0.88191398E+001  0.15860730E+002  0.21713747E+002
 -0.93136202E+000 -0.83199566E+000 -0.54951650E+000 -0.18460981E+000 -0.52207014E-002  0.96527724E-003  0.91439036E+000  0.45470256E+001  0.88191468E+001  0.15860741E+002  0.21713821E+002
 -0.93136314E+000 -0.83199740E+000 -0.54951973E+000 -0.18461091E+000 -0.52206278E-002  0.96528872E-003  0.91438807E+000  0.45470245E+001  0.88191532E+001  0.15860749E+002  0.21713890E+002
 -0.93136405E+000 -0.83199885E+000 -0.54952249E+000 -0.18461184E+000 -0.52205559E-002  0.96529982E-003  0.91438602E+000  0.45470236E+001  0.88191591E+001  0.15860755E+002  0.21713954E+002
 -0.93136480E+000 -0.83200004E+000 -0.54952488E+000 -0.18461263E+000 -0.52204862E-002  0.96531048E-003  0.91438421E+000  0.45470229E+001  0.88191645E+001  0.15860759E+002  0.21714013E+002
 -0.93136540E+000 -0.83200103E+000 -0.54952695E+000 -0.18461330E+000 -0.52204193E-002  0.96532064E-003  0.91438262E+000  0.45470224E+001  0.88191696E+001  0.15860762E+002  0.21714067E+002
 -0.93136589E+000 -0.83200186E+000 -0.54952876E+000 -0.18461387E+000 -0.52203553E-002  0.96533029E-003  0.91438127E+000  0.45470221E+001  0.88191744E+001  0.15860762E+002  0.21714116E+002
 -0.93136629E+000 -0.83200254E+000 -0.54953036E+000 -0.18461435E+000 -0.52202934E-002  0.96533957E-003  0.91438014E+000  0.45470221E+001  0.88191788E+001  0.15860761E+002  0.21714161E+002
 -0.93136661E+000 -0.83200311E+000 -0.54953177E+000 -0.18461477E+000 -0.52202348E-002  0.96534830E-003  0.91437922E+000  0.45470222E+001  0.88191828E+001  0.15860759E+002  0.21714201E+002
 -0.93136687E+000 -0.83200358E+000 -0.54953302E+000 -0.18461512E+000 -0.52201787E-002  0.96535660E-003  0.91437851E+000  0.45470225E+001  0.88191865E+001  0.15860756E+002  0.21714237E+002
 -0.93136708E+000 -0.83200398E+000 -0.54953413E+000 -0.18461541E+000 -0.52201256E-002  0.96536443E-003  0.91437799E+000  0.45470229E+001  0.88191899E+001  0.15860751E+002  0.21714270E+002
 -0.93136725E+000 -0.83200430E+000 -0.54953513E+000 -0.18461565E+000 -0.52200752E-002  0.96537182E-003  0.91437765E+000  0.45470234E+001  0.88191930E+001  0.15860745E+002  0.21714298E+002
 -0.93136738E+000 -0.83200457E+000 -0.54953601E+000 -0.18461584E+000 -0.52200275E-002  0.96537877E-003  0.91437747E+000  0.45470240E+001  0.88191958E+001  0.15860739E+002  0.21714324E+002
 -0.93136748E+000 -0.83200478E+000 -0.54953680E+000 -0.18461598E+000 -0.52199827E-002  0.96538525E-003  0.91437743E+000  0.45470247E+001  0.88191982E+001  0.15860732E+002  0.21714346E+002
 -0.93136755E+000 -0.83200496E+000 -0.54953751E+000 -0.18461609E+000 -0.52199404E-002  0.96539132E-003  0.91437753E+000  0.45470255E+001  0.88192004E+001  0.15860724E+002  0.21714365E+002
 -0.93136760E+000 -0.83200509E+000 -0.54953813E+000 -0.18461615E+000 -0.52199009E-002  0.96539695E-003  0.91437775E+000  0.45470262E+001  0.88192023E+001  0.15860716E+002  0.21714382E+002
 -0.93136763E+000 -0.83200519E+000 -0.54953868E+000 -0.18461619E+000 -0.52198638E-002  0.96540215E-003  0.91437806E+000  0.45470270E+001  0.88192039E+001  0.15860708E+002  0.21714396E+002
 -0.93136765E+000 -0.83200527E+000 -0.54953917E+000 -0.18461619E+000 -0.52198296E-002  0.96540690E-003  0.91437846E+000  0.45470278E+001  0.88192053E+001  0.15860699E+002  0.21714409E+002
 -0.93136764E+000 -0.83200531E+000 -0.54953959E+000 -0.18461616E+000 -0.52197974E-002  0.96541128E-003  0.91437894E+000  0.45470286E+001  0.88192065E+001  0.15860691E+002  0.21714419E+002
 -0.93136763E+000 -0.83200534E+000 -0.54953996E+000 -0.18461610E+000 -0.52197678E-002  0.96541524E-003  0.91437948E+000  0.45470293E+001  0.88192075E+001  0.15860682E+002  0.21714428E+002
 -0.93136760E+000 -0.83200535E+000 -0.54954028E+000 -0.18461603E+000 -0.52197406E-002  0.96541880E-003  0.91438007E+000  0.45470300E+001  0.88192083E+001  0.15860673E+002  0.21714435E+002
 -0.93136757E+000 -0.83200534E+000 -0.54954056E+000 -0.18461593E+000 -0.52197155E-002  0.96542200E-003  0.91438070E+000  0.45470307E+001  0.88192089E+001  0.15860665E+002  0.21714440E+002
 -0.93136753E+000 -0.83200531E+000 -0.54954079E+000 -0.18461581E+000 -0.52196925E-002  0.96542483E-003  0.91438137E+000  0.45470314E+001  0.88192094E+001  0.15860657E+002  0.21714444E+002
 -0.93136748E+000 -0.83200528E+000 -0.54954099E+000 -0.18461568E+000 -0.52196717E-002  0.96542730E-003  0.91438206E+000  0.45470320E+001  0.88192097E+001  0.15860649E+002  0.21714448E+002
 -0.93136742E+000 -0.83200524E+000 -0.54954116E+000 -0.18461553E+000 -0.52196527E-002  0.96542947E-003  0.91438278E+000  0.45470326E+001  0.88192099E+001  0.15860641E+002  0.21714450E+002
 -0.93136736E+000 -0.83200519E+000 -0.54954130E+000 -0.18461538E+000 -0.52196358E-002  0.96543131E-003  0.91438352E+000  0.45470332E+001  0.88192100E+001  0.15860634E+002  0.21714451E+002
 -0.93136730E+000 -0.83200513E+000 -0.54954141E+000 -0.18461522E+000 -0.52196205E-002  0.96543289E-003  0.91438427E+000  0.45470337E+001  0.88192100E+001  0.15860626E+002  0.21714451E+002
 -0.93136724E+000 -0.83200507E+000 -0.54954151E+000 -0.18461505E+000 -0.52196069E-002  0.96543419E-003  0.91438504E+000  0.45470342E+001  0.88192099E+001  0.15860619E+002  0.21714451E+002
 -0.93136718E+000 -0.83200501E+000 -0.54954158E+000 -0.18461489E+000 -0.52195950E-002  0.96543525E-003  0.91438582E+000  0.45470347E+001  0.88192097E+001  0.15860612E+002  0.21714450E+002
 -0.93136712E+000 -0.83200495E+000 -0.54954165E+000 -0.18461472E+000 -0.52195845E-002  0.96543609E-003  0.91438661E+000  0.45470351E+001  0.88192094E+001  0.15860606E+002  0.21714448E+002
 -0.93136706E+000 -0.83200489E+000 -0.54954170E+000 -0.18461456E+000 -0.52195754E-002  0.96543674E-003  0.91438741E+000  0.45470355E+001  0.88192090E+001  0.15860599E+002  0.21714445E+002
 -0.93136700E+000 -0.83200484E+000 -0.54954174E+000 -0.18461440E+000 -0.52195677E-002  0.96543721E-003  0.91438821E+000  0.45470359E+001  0.88192086E+001  0.15860593E+002  0.21714443E+002
 -0.93136695E+000 -0.83200479E+000 -0.54954178E+000 -0.18461425E+000 -0.52195610E-002  0.96543754E-003  0.91438902E+000  0.45470363E+001  0.88192081E+001  0.15860587E+002  0.21714439E+002
 -0.93136690E+000 -0.83200474E+000 -0.54954182E+000 -0.18461410E+000 -0.52195556E-002  0.96543773E-003  0.91438984E+000  0.45470366E+001  0.88192075E+001  0.15860581E+002  0.21714435E+002
 -0.93136685E+000 -0.83200470E+000 -0.54954186E+000 -0.18461397E+000 -0.52195512E-002  0.96543781E-003  0.91439067E+000  0.45470370E+001  0.88192069E+001  0.15860576E+002  0.21714431E+002
 -0.93136681E+000 -0.83200467E+000 -0.54954189E+000 -0.18461385E+000 -0.52195478E-002  0.96543781E-003  0.91439150E+000  0.45470373E+001  0.88192063E+001  0.15860570E+002  0.21714427E+002
 -0.93136677E+000 -0.83200465E+000 -0.54954193E+000 -0.18461375E+000 -0.52195452E-002  0.96543773E-003  0.91439234E+000  0.45470376E+001  0.88192056E+001  0.15860565E+002  0.21714422E+002
 -0.93136675E+000 -0.83200463E+000 -0.54954198E+000 -0.18461366E+000 -0.52195434E-002  0.96543759E-003  0.91439319E+000  0.45470379E+001  0.88192049E+001  0.15860559E+002  0.21714417E+002
 -0.93136672E+000 -0.83200463E+000 -0.54954203E+000 -0.18461359E+000 -0.52195425E-002  0.96543740E-003  0.91439404E+000  0.45470381E+001  0.88192041E+001  0.15860554E+002  0.21714411E+002
 -0.93136671E+000 -0.83200463E+000 -0.54954209E+000 -0.18461353E+000 -0.52195421E-002  0.96543720E-003  0.91439490E+000  0.45470384E+001  0.88192033E+001  0.15860549E+002  0.21714406E+002
 -0.93136670E+000 -0.83200464E+000 -0.54954217E+000 -0.18461349E+000 -0.52195424E-002  0.96543696E-003  0.91439577E+000  0.45470387E+001  0.88192025E+001  0.15860544E+002  0.21714400E+002
 -0.93136669E+000 -0.83200467E+000 -0.54954225E+000 -0.18461347E+000 -0.52195432E-002  0.96543673E-003  0.91439663E+000  0.45470390E+001  0.88192017E+001  0.15860539E+002  0.21714394E+002
 -0.93136670E+000 -0.83200470E+000 -0.54954234E+000 -0.18461348E+000 -0.52195446E-002  0.96543649E-003  0.91439750E+000  0.45470392E+001  0.88192008E+001  0.15860534E+002  0.21714388E+002
 -0.93136671E+000 -0.83200474E+000 -0.54954244E+000 -0.18461350E+000 -0.52195463E-002  0.96543627E-003  0.91439838E+000  0.45470395E+001  0.88192000E+001  0.15860530E+002  0.21714381E+002
 -0.93136673E+000 -0.83200479E+000 -0.54954255E+000 -0.18461354E+000 -0.52195485E-002  0.96543606E-003  0.91439926E+000  0.45470398E+001  0.88191991E+001  0.15860525E+002  0.21714375E+002
 -0.93136675E+000 -0.83200485E+000 -0.54954268E+000 -0.18461360E+000 -0.52195511E-002  0.96543586E-003  0.91440013E+000  0.45470401E+001  0.88191982E+001  0.15860520E+002  0.21714368E+002
 -0.93136678E+000 -0.83200492E+000 -0.54954282E+000 -0.18461368E+000 -0.52195540E-002  0.96543569E-003  0.91440101E+000  0.45470404E+001  0.88191974E+001  0.15860516E+002  0.21714362E+002
 -0.93136681E+000 -0.83200500E+000 -0.54954297E+000 -0.18461378E+000 -0.52195572E-002  0.96543554E-003  0.91440188E+000  0.45470407E+001  0.88191965E+001  0.15860511E+002  0.21714355E+002
 -0.93136685E+000 -0.83200509E+000 -0.54954313E+000 -0.18461390E+000 -0.52195606E-002  0.96543541E-003  0.91440275E+000  0.45470410E+001  0.88191957E+001  0.15860507E+002  0.21714348E+002
 -0.93136690E+000 -0.83200518E+000 -0.54954330E+000 -0.18461404E+000 -0.52195643E-002  0.96543530E-003  0.91440361E+000  0.45470413E+001  0.88191949E+001  0.15860502E+002  0.21714341E+002
 -0.93136695E+000 -0.83200528E+000 -0.54954348E+000 -0.18461419E+000 -0.52195682E-002  0.96543522E-003  0.91440447E+000  0.45470416E+001  0.88191940E+001  0.15860498E+002  0.21714335E+002
 -0.93136701E+000 -0.83200539E+000 -0.54954367E+000 -0.18461436E+000 -0.52195722E-002  0.96543516E-003  0.91440532E+000  0.45470419E+001  0.88191933E+001  0.15860494E+002  0.21714328E+002
 -0.93136706E+000 -0.83200550E+000 -0.54954386E+000 -0.18461455E+000 -0.52195764E-002  0.96543512E-003  0.91440615E+000  0.45470423E+001  0.88191925E+001  0.15860489E+002  0.21714321E+002
 -0.93136712E+000 -0.83200561E+000 -0.54954407E+000 -0.18461474E+000 -0.52195808E-002  0.96543509E-003  0.91440698E+000  0.45470426E+001  0.88191917E+001  0.15860485E+002  0.21714315E+002
 -0.93136719E+000 -0.83200573E+000 -0.54954428E+000 -0.18461495E+000 -0.52195852E-002  0.96543508E-003  0.91440779E+000  0.45470429E+001  0.88191910E+001  0.15860481E+002  0.21714308E+002
 -0.93136726E+000 -0.83200586E+000 -0.54954450E+000 -0.18461518E+000 -0.52195897E-002  0.96543506E-003  0.91440859E+000  0.45470433E+001  0.88191903E+001  0.15860478E+002  0.21714302E+002
 -0.93136732E+000 -0.83200598E+000 -0.54954472E+000 -0.18461541E+000 -0.52195942E-002  0.96543506E-003  0.91440937E+000  0.45470437E+001  0.88191897E+001  0.15860474E+002  0.21714296E+002
 -0.93136739E+000 -0.83200611E+000 -0.54954495E+000 -0.18461564E+000 -0.52195988E-002  0.96543506E-003  0.91441013E+000  0.45470440E+001  0.88191891E+001  0.15860470E+002  0.21714289E+002
 -0.93136746E+000 -0.83200624E+000 -0.54954517E+000 -0.18461589E+000 -0.52196035E-002  0.96543505E-003  0.91441088E+000  0.45470444E+001  0.88191885E+001  0.15860467E+002  0.21714283E+002
 -0.93136753E+000 -0.83200637E+000 -0.54954540E+000 -0.18461614E+000 -0.52196081E-002  0.96543503E-003  0.91441160E+000  0.45470447E+001  0.88191879E+001  0.15860463E+002  0.21714277E+002
 -0.93136761E+000 -0.83200650E+000 -0.54954563E+000 -0.18461639E+000 -0.52196127E-002  0.96543500E-003  0.91441230E+000  0.45470451E+001  0.88191874E+001  0.15860460E+002  0.21714272E+002
 -0.93136768E+000 -0.83200662E+000 -0.54954586E+000 -0.18461665E+000 -0.52196173E-002  0.96543496E-003  0.91441297E+000  0.45470455E+001  0.88191869E+001  0.15860457E+002  0.21714266E+002
 -0.93136775E+000 -0.83200675E+000 -0.54954608E+000 -0.18461691E+000 -0.52196219E-002  0.96543491E-003  0.91441363E+000  0.45470458E+001  0.88191865E+001  0.15860454E+002  0.21714261E+002
 -0.93136781E+000 -0.83200687E+000 -0.54954631E+000 -0.18461717E+000 -0.52196264E-002  0.96543483E-003  0.91441425E+000  0.45470462E+001  0.88191860E+001  0.15860451E+002  0.21714255E+002
 -0.93136788E+000 -0.83200699E+000 -0.54954653E+000 -0.18461742E+000 -0.52196309E-002  0.96543473E-003  0.91441486E+000  0.45470465E+001  0.88191856E+001  0.15860448E+002  0.21714250E+002
 -0.93136795E+000 -0.83200711E+000 -0.54954674E+000 -0.18461768E+000 -0.52196353E-002  0.96543460E-003  0.91441544E+000  0.45470469E+001  0.88191853E+001  0.15860445E+002  0.21714245E+002
 -0.93136801E+000 -0.83200722E+000 -0.54954695E+000 -0.18461793E+000 -0.52196396E-002  0.96543445E-003  0.91441599E+000  0.45470472E+001  0.88191849E+001  0.15860443E+002  0.21714241E+002
 -0.93136807E+000 -0.83200733E+000 -0.54954715E+000 -0.18461817E+000 -0.52196438E-002  0.96543428E-003  0.91441651E+000  0.45470476E+001  0.88191846E+001  0.15860440E+002  0.21714236E+002
 -0.93136813E+000 -0.83200744E+000 -0.54954735E+000 -0.18461841E+000 -0.52196479E-002  0.96543407E-003  0.91441701E+000  0.45470479E+001  0.88191844E+001  0.15860438E+002  0.21714232E+002
 -0.93136818E+000 -0.83200754E+000 -0.54954754E+000 -0.18461864E+000 -0.52196519E-002  0.96543384E-003  0.91441748E+000  0.45470482E+001  0.88191841E+001  0.15860436E+002  0.21714228E+002
 -0.93136824E+000 -0.83200764E+000 -0.54954772E+000 -0.18461887E+000 -0.52196558E-002  0.96543358E-003  0.91441793E+000  0.45470485E+001  0.88191839E+001  0.15860434E+002  0.21714224E+002
 -0.93136829E+000 -0.83200773E+000 -0.54954789E+000 -0.18461909E+000 -0.52196595E-002  0.96543330E-003  0.91441835E+000  0.45470488E+001  0.88191837E+001  0.15860433E+002  0.21714221E+002
 -0.93136833E+000 -0.83200781E+000 -0.54954805E+000 -0.18461929E+000 -0.52196631E-002  0.96543299E-003  0.91441875E+000  0.45470491E+001  0.88191835E+001  0.15860431E+002  0.21714217E+002
 -0.93136838E+000 -0.83200789E+000 -0.54954821E+000 -0.18461949E+000 -0.52196666E-002  0.96543265E-003  0.91441912E+000  0.45470493E+001  0.88191834E+001  0.15860429E+002  0.21714214E+002
 -0.93136842E+000 -0.83200797E+000 -0.54954835E+000 -0.18461968E+000 -0.52196699E-002  0.96543229E-003  0.91441946E+000  0.45470496E+001  0.88191833E+001  0.15860428E+002  0.21714211E+002
 -0.93136846E+000 -0.83200804E+000 -0.54954849E+000 -0.18461987E+000 -0.52196731E-002  0.96543190E-003  0.91441978E+000  0.45470498E+001  0.88191831E+001  0.15860427E+002  0.21714208E+002
 -0.93136849E+000 -0.83200810E+000 -0.54954862E+000 -0.18462004E+000 -0.52196761E-002  0.96543150E-003  0.91442008E+000  0.45470501E+001  0.88191831E+001  0.15860426E+002  0.21714206E+002
 -0.93136852E+000 -0.83200816E+000 -0.54954873E+000 -0.18462020E+000 -0.52196790E-002  0.96543108E-003  0.91442035E+000  0.45470503E+001  0.88191830E+001  0.15860424E+002  0.21714203E+002
 -0.93136855E+000 -0.83200822E+000 -0.54954884E+000 -0.18462035E+000 -0.52196817E-002  0.96543064E-003  0.91442060E+000  0.45470505E+001  0.88191829E+001  0.15860424E+002  0.21714201E+002
 -0.93136858E+000 -0.83200827E+000 -0.54954894E+000 -0.18462049E+000 -0.52196843E-002  0.96543019E-003  0.91442084E+000  0.45470507E+001  0.88191829E+001  0.15860423E+002  0.21714199E+002
 -0.93136860E+000 -0.83200831E+000 -0.54954903E+000 -0.18462062E+000 -0.52196867E-002  0.96542972E-003  0.91442105E+000  0.45470509E+001  0.88191828E+001  0.15860422E+002  0.21714197E+002
 -0.93136862E+000 -0.83200835E+000 -0.54954911E+000 -0.18462074E+000 -0.52196890E-002  0.96542925E-003  0.91442124E+000  0.45470510E+001  0.88191828E+001  0.15860421E+002  0.21714195E+002
 -0.93136864E+000 -0.83200838E+000 -0.54954919E+000 -0.18462085E+000 -0.52196911E-002  0.96542877E-003  0.91442141E+000  0.45470512E+001  0.88191828E+001  0.15860421E+002  0.21714194E+002
 -0.93136866E+000 -0.83200841E+000 -0.54954925E+000 -0.18462095E+000 -0.52196931E-002  0.96542828E-003  0.91442157E+000  0.45470513E+001  0.88191827E+001  0.15860420E+002  0.21714192E+002
 -0.93136867E+000 -0.83200844E+000 -0.54954931E+000 -0.18462104E+000 -0.52196949E-002  0.96542780E-003  0.91442171E+000  0.45470514E+001  0.88191827E+001  0.15860420E+002  0.21714191E+002
 -0.93136868E+000 -0.83200846E+000 -0.54954936E+000 -0.18462113E+000 -0.52196966E-002  0.96542731E-003  0.91442183E+000  0.45470515E+001  0.88191827E+001  0.15860420E+002  0.21714190E+002
 -0.93136869E+000 -0.83200848E+000 -0.54954940E+000 -0.18462120E+000 -0.52196981E-002  0.96542683E-003  0.91442194E+000  0.45470516E+001  0.88191827E+001  0.15860419E+002  0.21714189E+002
 -0.93136869E+000 -0.83200849E+000 -0.54954943E+000 -0.18462127E+000 -0.52196996E-002  0.96542635E-003  0.91442203E+000  0.45470517E+001  0.88191828E+001  0.15860419E+002  0.21714188E+002
 -0.93136870E+000 -0.83200851E+000 -0.54954946E+000 -0.18462132E+000 -0.52197008E-002  0.96542588E-003  0.91442212E+000  0.45470518E+001  0.88191828E+001  0.15860419E+002  0.21714187E+002
 -0.93136870E+000 -0.83200851E+000 -0.54954948E+000 -0.18462137E+000 -0.52197020E-002  0.96542542E-003  0.91442219E+000  0.45470519E+001  0.88191828E+001  0.15860419E+002  0.21714186E+002
 -0.93136870E+000 -0.83200852E+000 -0.54954950E+000 -0.18462141E+000 -0.52197030E-002  0.96542497E-003  0.91442225E+000  0.45470519E+001  0.88191828E+001  0.15860419E+002  0.21714186E+002
 -0.93136870E+000 -0.83200852E+000 -0.54954951E+000 -0.18462145E+000 -0.52197040E-002  0.96542453E-003  0.91442230E+000  0.45470520E+001  0.88191828E+001  0.15860419E+002  0.21714185E+002
 -0.93136870E+000 -0.83200852E+000 -0.54954952E+000 -0.18462148E+000 -0.52197048E-002  0.96542411E-003  0.91442234E+000  0.45470520E+001  0.88191828E+001  0.15860419E+002  0.21714185E+002
 -0.93136870E+000 -0.83200852E+000 -0.54954952E+000 -0.18462150E+000 -0.52197055E-002  0.96542370E-003  0.91442237E+000  0.45470521E+001  0.88191829E+001  0.15860419E+002  0.21714184E+002
 -0.93136870E+000 -0.83200851E+000 -0.54954951E+000 -0.18462152E+000 -0.52197061E-002  0.96542331E-003  0.91442239E+000  0.45470521E+001  0.88191829E+001  0.15860419E+002  0.21714184E+002
 -0.93136869E+000 -0.83200851E+000 -0.54954951E+000 -0.18462153E+000 -0.52197066E-002  0.96542293E-003  0.91442241E+000  0.45470521E+001  0.88191829E+001  0.15860419E+002  0.21714184E+002
 -0.93136868E+000 -0.83200850E+000 -0.54954950E+000 -0.18462153E+000 -0.52197071E-002  0.96542258E-003  0.91442242E+000  0.45470521E+001  0.88191829E+001  0.15860419E+002  0.21714183E+002
 -0.93136868E+000 -0.83200849E+000 -0.54954948E+000 -0.18462154E+000 -0.52197074E-002  0.96542224E-003  0.91442243E+000  0.45470521E+001  0.88191830E+001  0.15860420E+002  0.21714183E+002
 -0.93136867E+000 -0.83200848E+000 -0.54954947E+000 -0.18462153E+000 -0.52197077E-002  0.96542192E-003  0.91442243E+000  0.45470521E+001  0.88191830E+001  0.15860420E+002  0.21714183E+002
 -0.93136866E+000 -0.83200847E+000 -0.54954945E+000 -0.18462153E+000 -0.52197079E-002  0.96542161E-003  0.91442242E+000  0.45470521E+001  0.88191830E+001  0.15860420E+002  0.21714183E+002
 -0.93136866E+000 -0.83200845E+000 -0.54954943E+000 -0.18462152E+000 -0.52197080E-002  0.96542133E-003  0.91442241E+000  0.45470521E+001  0.88191830E+001  0.15860420E+002  0.21714183E+002
 -0.93136865E+000 -0.83200844E+000 -0.54954940E+000 -0.18462151E+000 -0.52197081E-002  0.96542107E-003  0.91442240E+000  0.45470521E+001  0.88191830E+001  0.15860420E+002  0.21714183E+002
 -0.93136864E+000 -0.83200843E+000 -0.54954938E+000 -0.18462149E+000 -0.52197081E-002  0.96542083E-003  0.91442239E+000  0.45470521E+001  0.88191830E+001  0.15860421E+002  0.21714183E+002
 -0.93136863E+000 -0.83200841E+000 -0.54954935E+000 -0.18462147E+000 -0.52197081E-002  0.96542061E-003  0.91442237E+000  0.45470521E+001  0.88191831E+001  0.15860421E+002  0.21714183E+002
 -0.93136862E+000 -0.83200840E+000 -0.54954933E+000 -0.18462146E+000 -0.52197080E-002  0.96542040E-003  0.91442235E+000  0.45470520E+001  0.88191831E+001  0.15860421E+002  0.21714183E+002
 -0.93136861E+000 -0.83200838E+000 -0.54954930E+000 -0.18462143E+000 -0.52197079E-002  0.96542021E-003  0.91442233E+000  0.45470520E+001  0.88191831E+001  0.15860421E+002  0.21714184E+002
 -0.93136860E+000 -0.83200836E+000 -0.54954927E+000 -0.18462141E+000 -0.52197077E-002  0.96542004E-003  0.91442230E+000  0.45470520E+001  0.88191831E+001  0.15860422E+002  0.21714184E+002
 -0.93136859E+000 -0.83200835E+000 -0.54954924E+000 -0.18462139E+000 -0.52197076E-002  0.96541988E-003  0.91442227E+000  0.45470519E+001  0.88191831E+001  0.15860422E+002  0.21714184E+002
 -0.93136858E+000 -0.83200833E+000 -0.54954922E+000 -0.18462137E+000 -0.52197074E-002  0.96541972E-003  0.91442224E+000  0.45470519E+001  0.88191832E+001  0.15860422E+002  0.21714184E+002
 -0.93136857E+000 -0.83200832E+000 -0.54954919E+000 -0.18462135E+000 -0.52197074E-002  0.96541954E-003  0.91442220E+000  0.45470519E+001  0.88191832E+001  0.15860422E+002  0.21714184E+002
 -0.93136856E+000 -0.83200830E+000 -0.54954915E+000 -0.18462132E+000 -0.52197070E-002  0.96541940E-003  0.91442215E+000  0.45470519E+001  0.88191833E+001  0.15860423E+002  0.21714185E+002
 -0.93136852E+000 -0.83200826E+000 -0.54954909E+000 -0.18462127E+000 -0.52197055E-002  0.96541945E-003  0.91442211E+000  0.45470518E+001  0.88191833E+001  0.15860423E+002  0.21714185E+002
