  0.16005326E+000  0.20743588E+000  0.39973923E+000  0.60170782E+000  0.92232198E+000  0.10627447E+001  0.15886409E+001  0.34764503E+001  0.50799048E+001  0.88541897E+001  0.14180022E+002
  0.15914603E+000  0.20697443E+000  0.39803082E+000  0.60215742E+000  0.91940132E+000  0.10590917E+001  0.15834389E+001  0.34707568E+001  0.50724180E+001  0.88101443E+001  0.14100733E+002
  0.15851474E+000  0.20656246E+000  0.39782595E+000  0.60334522E+000  0.91732874E+000  0.10578995E+001  0.15790602E+001  0.34704029E+001  0.50632804E+001  0.87711158E+001  0.14044080E+002
  0.15807495E+000  0.20610561E+000  0.39785725E+000  0.60299541E+000  0.91632719E+000  0.10566000E+001  0.15766676E+001  0.34661217E+001  0.50559408E+001  0.87482192E+001  0.14000682E+002
  0.15768410E+000  0.20574197E+000  0.39806269E+000  0.60255103E+000  0.91577287E+000  0.10555033E+001  0.15741702E+001  0.34642285E+001  0.50493303E+001  0.87272801E+001  0.13966947E+002
  0.15742628E+000  0.20544487E+000  0.39934128E+000  0.60221391E+000  0.91531773E+000  0.10545534E+001  0.15717169E+001  0.34636538E+001  0.50455431E+001  0.87103109E+001  0.13940046E+002
  0.15722813E+000  0.20526024E+000  0.39928575E+000  0.60178076E+000  0.91511496E+000  0.10542047E+001  0.15698605E+001  0.34631336E+001  0.50430367E+001  0.86967052E+001  0.13918477E+002
  0.15729810E+000  0.20502059E+000  0.39921412E+000  0.60178258E+000  0.91487964E+000  0.10544485E+001  0.15681503E+001  0.34656026E+001  0.50405303E+001  0.86855582E+001  0.13901076E+002
  0.15726822E+000  0.20507589E+000  0.39904349E+000  0.60148402E+000  0.91459887E+000  0.10542967E+001  0.15669138E+001  0.34660764E+001  0.50382423E+001  0.86763246E+001  0.13886663E+002
  0.15720563E+000  0.20491351E+000  0.39912980E+000  0.60155629E+000  0.91425693E+000  0.10539983E+001  0.15661742E+001  0.34650745E+001  0.50366931E+001  0.86686645E+001  0.13875031E+002
  0.15721961E+000  0.20483571E+000  0.39915239E+000  0.60135458E+000  0.91423684E+000  0.10537704E+001  0.15654032E+001  0.34663206E+001  0.50358304E+001  0.86611080E+001  0.13865458E+002
  0.15711309E+000  0.20517743E+000  0.39914694E+000  0.60138743E+000  0.91395588E+000  0.10535135E+001  0.15646723E+001  0.34678879E+001  0.50349925E+001  0.86568933E+001  0.13857386E+002
  0.15718033E+000  0.20518431E+000  0.39911063E+000  0.60127650E+000  0.91399318E+000  0.10534743E+001  0.15641571E+001  0.34674906E+001  0.50344204E+001  0.86534091E+001  0.13850883E+002
  0.15726282E+000  0.20506771E+000  0.39910227E+000  0.60128700E+000  0.91390041E+000  0.10533319E+001  0.15636471E+001  0.34669862E+001  0.50339574E+001  0.86499833E+001  0.13845490E+002
  0.15726029E+000  0.20504267E+000  0.39913262E+000  0.60128376E+000  0.91373851E+000  0.10532250E+001  0.15632183E+001  0.34666805E+001  0.50334642E+001  0.86472781E+001  0.13840992E+002
  0.15746557E+000  0.20499690E+000  0.39912849E+000  0.60114469E+000  0.91375623E+000  0.10531244E+001  0.15628579E+001  0.34663321E+001  0.50328560E+001  0.86447556E+001  0.13837273E+002
  0.15756251E+000  0.20504618E+000  0.39912871E+000  0.60122873E+000  0.91370001E+000  0.10529773E+001  0.15625677E+001  0.34659898E+001  0.50322781E+001  0.86427907E+001  0.13834191E+002
  0.15768006E+000  0.20508813E+000  0.39913572E+000  0.60116754E+000  0.91362240E+000  0.10529528E+001  0.15623312E+001  0.34658033E+001  0.50319051E+001  0.86411378E+001  0.13831616E+002
  0.15776752E+000  0.20504942E+000  0.39914206E+000  0.60118639E+000  0.91355937E+000  0.10529158E+001  0.15621740E+001  0.34656352E+001  0.50317258E+001  0.86397746E+001  0.13829528E+002
  0.15773576E+000  0.20505283E+000  0.39913622E+000  0.60109689E+000  0.91357959E+000  0.10528766E+001  0.15621258E+001  0.34653812E+001  0.50315759E+001  0.86386319E+001  0.13827688E+002
  0.15771350E+000  0.20502085E+000  0.39914046E+000  0.60117576E+000  0.91354520E+000  0.10528298E+001  0.15619736E+001  0.34652538E+001  0.50314550E+001  0.86376869E+001  0.13826214E+002
  0.15769276E+000  0.20502231E+000  0.39913107E+000  0.60112902E+000  0.91351649E+000  0.10527483E+001  0.15618559E+001  0.34650640E+001  0.50313554E+001  0.86368976E+001  0.13824986E+002
  0.15767930E+000  0.20500296E+000  0.39914777E+000  0.60112132E+000  0.91346907E+000  0.10527738E+001  0.15618296E+001  0.34649075E+001  0.50312737E+001  0.86362380E+001  0.13823960E+002
  0.15765487E+000  0.20497809E+000  0.39914926E+000  0.60107775E+000  0.91347236E+000  0.10526917E+001  0.15617915E+001  0.34647781E+001  0.50312084E+001  0.86355830E+001  0.13823109E+002
  0.15764119E+000  0.20496899E+000  0.39914632E+000  0.60110774E+000  0.91346670E+000  0.10527266E+001  0.15616689E+001  0.34646694E+001  0.50311548E+001  0.86352006E+001  0.13822394E+002
  0.15762993E+000  0.20495520E+000  0.39914902E+000  0.60114320E+000  0.91344720E+000  0.10526983E+001  0.15616033E+001  0.34645785E+001  0.50311120E+001  0.86343126E+001  0.13821793E+002
  0.15762073E+000  0.20495020E+000  0.39914882E+000  0.60112877E+000  0.91344335E+000  0.10526752E+001  0.15615773E+001  0.34645021E+001  0.50310776E+001  0.86340557E+001  0.13821284E+002
  0.15761318E+000  0.20494896E+000  0.39913892E+000  0.60112064E+000  0.91343248E+000  0.10526563E+001  0.15616676E+001  0.34644381E+001  0.50310504E+001  0.86338352E+001  0.13820849E+002
  0.15760724E+000  0.20494129E+000  0.39913638E+000  0.60110540E+000  0.91341055E+000  0.10526410E+001  0.15617619E+001  0.34643850E+001  0.50310291E+001  0.86336432E+001  0.13820472E+002
  0.15760226E+000  0.20493160E+000  0.39913438E+000  0.60109606E+000  0.91339771E+000  0.10526286E+001  0.15617614E+001  0.34643413E+001  0.50310128E+001  0.86334735E+001  0.13820142E+002
  0.15759762E+000  0.20492525E+000  0.39914296E+000  0.60109058E+000  0.91338961E+000  0.10526221E+001  0.15617630E+001  0.34643061E+001  0.50310006E+001  0.86333206E+001  0.13819848E+002
  0.15759364E+000  0.20492185E+000  0.39914025E+000  0.60110904E+000  0.91338333E+000  0.10526606E+001  0.15617484E+001  0.34642787E+001  0.50309920E+001  0.86331807E+001  0.13819580E+002
  0.15759032E+000  0.20492382E+000  0.39913754E+000  0.60107449E+000  0.91338843E+000  0.10526528E+001  0.15617394E+001  0.34642583E+001  0.50309866E+001  0.86330501E+001  0.13819333E+002
  0.15758753E+000  0.20492000E+000  0.39913485E+000  0.60106844E+000  0.91341115E+000  0.10526455E+001  0.15617305E+001  0.34642445E+001  0.50309838E+001  0.86329258E+001  0.13819099E+002
  0.15758520E+000  0.20492014E+000  0.39913218E+000  0.60106280E+000  0.91340513E+000  0.10526392E+001  0.15617228E+001  0.34642369E+001  0.50309835E+001  0.86328058E+001  0.13818875E+002
  0.15758324E+000  0.20491961E+000  0.39912955E+000  0.60105748E+000  0.91339990E+000  0.10526336E+001  0.15617173E+001  0.34642352E+001  0.50309853E+001  0.86326882E+001  0.13818656E+002
  0.15758160E+000  0.20491860E+000  0.39912697E+000  0.60105241E+000  0.91339535E+000  0.10526285E+001  0.15618671E+001  0.34642390E+001  0.50309892E+001  0.86325715E+001  0.13818439E+002
  0.15758023E+000  0.20491726E+000  0.39912448E+000  0.60104758E+000  0.91339143E+000  0.10526241E+001  0.15618716E+001  0.34642483E+001  0.50309951E+001  0.86324552E+001  0.13818222E+002
  0.15757907E+000  0.20491571E+000  0.39912207E+000  0.60104294E+000  0.91338804E+000  0.10526201E+001  0.15618735E+001  0.34642628E+001  0.50310028E+001  0.86323379E+001  0.13818004E+002
  0.15757810E+000  0.20491403E+000  0.39911977E+000  0.60103850E+000  0.91338516E+000  0.10526167E+001  0.15618756E+001  0.34642825E+001  0.50310124E+001  0.86322195E+001  0.13817783E+002
  0.15757728E+000  0.20491229E+000  0.39911757E+000  0.60103422E+000  0.91339868E+000  0.10526137E+001  0.15618797E+001  0.34643070E+001  0.50310236E+001  0.86320992E+001  0.13817557E+002
  0.15757660E+000  0.20491055E+000  0.39911551E+000  0.60103014E+000  0.91339251E+000  0.10526421E+001  0.15618874E+001  0.34643364E+001  0.50310366E+001  0.86319770E+001  0.13817327E+002
  0.15757603E+000  0.20490883E+000  0.39911358E+000  0.60102624E+000  0.91338604E+000  0.10526312E+001  0.15618994E+001  0.34647210E+001  0.50310513E+001  0.86318527E+001  0.13817092E+002
  0.15757556E+000  0.20490718E+000  0.39911181E+000  0.60102256E+000  0.91337946E+000  0.10526381E+001  0.15619163E+001  0.34647253E+001  0.50310678E+001  0.86317264E+001  0.13816851E+002
  0.15757517E+000  0.20490559E+000  0.39911034E+000  0.60107583E+000  0.91337680E+000  0.10526311E+001  0.15619391E+001  0.34646941E+001  0.50310858E+001  0.86315979E+001  0.13816606E+002
  0.15757487E+000  0.20490469E+000  0.39910871E+000  0.60106899E+000  0.91337622E+000  0.10526243E+001  0.15619625E+001  0.34646878E+001  0.50311056E+001  0.86314675E+001  0.13816355E+002
  0.15757463E+000  0.20492042E+000  0.39910468E+000  0.60106248E+000  0.91337593E+000  0.10526178E+001  0.15619852E+001  0.34646868E+001  0.50311843E+001  0.86313349E+001  0.13816099E+002
  0.15757446E+000  0.20491764E+000  0.39910222E+000  0.60105637E+000  0.91337597E+000  0.10526430E+001  0.15620073E+001  0.34646914E+001  0.50312505E+001  0.86312007E+001  0.13815838E+002
  0.15757434E+000  0.20491505E+000  0.39910002E+000  0.60105067E+000  0.91337629E+000  0.10526328E+001  0.15620286E+001  0.34647021E+001  0.50312729E+001  0.86310648E+001  0.13815573E+002
  0.15757427E+000  0.20491268E+000  0.39910314E+000  0.60104542E+000  0.91337690E+000  0.10526440E+001  0.15620492E+001  0.34647191E+001  0.50312963E+001  0.86309273E+001  0.13815303E+002
  0.15757425E+000  0.20491052E+000  0.39910107E+000  0.60104062E+000  0.91337777E+000  0.10526324E+001  0.15620691E+001  0.34647427E+001  0.50313206E+001  0.86307884E+001  0.13815029E+002
  0.15757427E+000  0.20492129E+000  0.39909927E+000  0.60103626E+000  0.91337889E+000  0.10526208E+001  0.15620881E+001  0.34647730E+001  0.50313458E+001  0.86306481E+001  0.13814752E+002
  0.15757432E+000  0.20491840E+000  0.39909776E+000  0.60103237E+000  0.91341399E+000  0.10526224E+001  0.15621065E+001  0.34648104E+001  0.50313717E+001  0.86305068E+001  0.13814471E+002
  0.15757442E+000  0.20491578E+000  0.39909653E+000  0.60102894E+000  0.91340878E+000  0.10526266E+001  0.15621242E+001  0.34654513E+001  0.50313985E+001  0.86303647E+001  0.13814188E+002
  0.15757454E+000  0.20491339E+000  0.39910133E+000  0.60102595E+000  0.91340368E+000  0.10526309E+001  0.15621412E+001  0.34655935E+001  0.50314260E+001  0.86302219E+001  0.13813902E+002
  0.15757470E+000  0.20491122E+000  0.39910028E+000  0.60102340E+000  0.91339867E+000  0.10526354E+001  0.15621575E+001  0.34657394E+001  0.50314542E+001  0.86300785E+001  0.13813614E+002
  0.15757488E+000  0.20490972E+000  0.39909949E+000  0.60102125E+000  0.91339376E+000  0.10526401E+001  0.15621732E+001  0.34658885E+001  0.50314830E+001  0.86299348E+001  0.13813324E+002
  0.15757509E+000  0.20491049E+000  0.39909893E+000  0.60101951E+000  0.91339118E+000  0.10526783E+001  0.15621883E+001  0.34660404E+001  0.50315124E+001  0.86297909E+001  0.13813033E+002
  0.15757532E+000  0.20491129E+000  0.39909861E+000  0.60101815E+000  0.91339459E+000  0.10526741E+001  0.15622028E+001  0.34661946E+001  0.50315423E+001  0.86296470E+001  0.13812741E+002
  0.15757556E+000  0.20491212E+000  0.39910288E+000  0.60101715E+000  0.91339810E+000  0.10526702E+001  0.15622311E+001  0.34663508E+001  0.50315727E+001  0.86295033E+001  0.13812449E+002
  0.15757583E+000  0.20491298E+000  0.39910304E+000  0.60106719E+000  0.91340172E+000  0.10526666E+001  0.15622355E+001  0.34665085E+001  0.50316036E+001  0.86293601E+001  0.13812157E+002
  0.15757611E+000  0.20491386E+000  0.39910334E+000  0.60106509E+000  0.91340543E+000  0.10526651E+001  0.15622417E+001  0.34666544E+001  0.50316348E+001  0.86292175E+001  0.13811865E+002
  0.15757641E+000  0.20491477E+000  0.39910377E+000  0.60106327E+000  0.91340922E+000  0.10526703E+001  0.15622888E+001  0.34666967E+001  0.50316664E+001  0.86290756E+001  0.13811574E+002
  0.15757672E+000  0.20491569E+000  0.39910433E+000  0.60107220E+000  0.91341307E+000  0.10527030E+001  0.15624361E+001  0.34667406E+001  0.50317385E+001  0.86289348E+001  0.13811285E+002
  0.15757705E+000  0.20491664E+000  0.39910500E+000  0.60106750E+000  0.91341699E+000  0.10527048E+001  0.15624143E+001  0.34667940E+001  0.50317373E+001  0.86287953E+001  0.13810997E+002
  0.15757738E+000  0.20491760E+000  0.39910577E+000  0.60106304E+000  0.91342095E+000  0.10527068E+001  0.15623939E+001  0.34668507E+001  0.50319310E+001  0.86286572E+001  0.13810712E+002
  0.15757772E+000  0.20491857E+000  0.39910953E+000  0.60105881E+000  0.91342496E+000  0.10527090E+001  0.15623747E+001  0.34669073E+001  0.50318650E+001  0.86285208E+001  0.13810430E+002
  0.15757807E+000  0.20491956E+000  0.39911033E+000  0.60105481E+000  0.91342898E+000  0.10527113E+001  0.15623565E+001  0.34669637E+001  0.50318715E+001  0.86283862E+001  0.13810151E+002
  0.15757843E+000  0.20492055E+000  0.39911192E+000  0.60105102E+000  0.91343303E+000  0.10527138E+001  0.15623393E+001  0.34670199E+001  0.50319166E+001  0.86282537E+001  0.13809876E+002
  0.15757879E+000  0.20492155E+000  0.39911282E+000  0.60104743E+000  0.91343707E+000  0.10527163E+001  0.15623229E+001  0.34670757E+001  0.50319615E+001  0.86281234E+001  0.13809605E+002
  0.15757916E+000  0.20492255E+000  0.39911379E+000  0.60104404E+000  0.91344111E+000  0.10527190E+001  0.15623294E+001  0.34671310E+001  0.50321212E+001  0.86279955E+001  0.13809338E+002
  0.15757953E+000  0.20492356E+000  0.39911482E+000  0.60104082E+000  0.91349232E+000  0.10527217E+001  0.15623388E+001  0.34671858E+001  0.50321224E+001  0.86278701E+001  0.13809076E+002
  0.15757990E+000  0.20492456E+000  0.39911590E+000  0.60103777E+000  0.91348908E+000  0.10527244E+001  0.15623478E+001  0.34672400E+001  0.50321327E+001  0.86277475E+001  0.13808820E+002
  0.15758027E+000  0.20492556E+000  0.39911701E+000  0.60103488E+000  0.91348789E+000  0.10527295E+001  0.15623564E+001  0.34672934E+001  0.50321517E+001  0.86276276E+001  0.13808569E+002
  0.15758064E+000  0.20492655E+000  0.39911815E+000  0.60103213E+000  0.91348679E+000  0.10527347E+001  0.15623648E+001  0.34673460E+001  0.50321788E+001  0.86275107E+001  0.13808323E+002
  0.15758100E+000  0.20492753E+000  0.39911929E+000  0.60102951E+000  0.91348576E+000  0.10527397E+001  0.15623727E+001  0.34673976E+001  0.50322204E+001  0.86273968E+001  0.13808084E+002
  0.15758135E+000  0.20492850E+000  0.39912043E+000  0.60102701E+000  0.91348478E+000  0.10527447E+001  0.15623804E+001  0.34674483E+001  0.50322612E+001  0.86272860E+001  0.13807851E+002
  0.15758170E+000  0.20492945E+000  0.39912155E+000  0.60102462E+000  0.91348383E+000  0.10527495E+001  0.15623877E+001  0.34674978E+001  0.50323013E+001  0.86271785E+001  0.13807625E+002
  0.15758204E+000  0.20493038E+000  0.39912266E+000  0.60109639E+000  0.91348290E+000  0.10527542E+001  0.15623947E+001  0.34675462E+001  0.50324948E+001  0.86270743E+001  0.13807406E+002
  0.15758237E+000  0.20493129E+000  0.39912374E+000  0.60109173E+000  0.91348197E+000  0.10527588E+001  0.15624014E+001  0.34675932E+001  0.50324404E+001  0.86269734E+001  0.13807194E+002
  0.15758268E+000  0.20493217E+000  0.39912481E+000  0.60110150E+000  0.91348105E+000  0.10527632E+001  0.15624077E+001  0.34676389E+001  0.50324209E+001  0.86268761E+001  0.13806989E+002
  0.15758299E+000  0.20493303E+000  0.39912584E+000  0.60109633E+000  0.91348193E+000  0.10527674E+001  0.15624137E+001  0.34676832E+001  0.50324583E+001  0.86267822E+001  0.13806791E+002
  0.15758328E+000  0.20493386E+000  0.39912682E+000  0.60109137E+000  0.91348505E+000  0.10527715E+001  0.15624194E+001  0.34677259E+001  0.50324942E+001  0.86266919E+001  0.13806600E+002
  0.15758355E+000  0.20493467E+000  0.39912775E+000  0.60108661E+000  0.91353265E+000  0.10527755E+001  0.15624248E+001  0.34677670E+001  0.50325287E+001  0.86266052E+001  0.13806418E+002
  0.15758382E+000  0.20493544E+000  0.39912862E+000  0.60108206E+000  0.91353028E+000  0.10527792E+001  0.15624298E+001  0.34678065E+001  0.50325618E+001  0.86265222E+001  0.13806243E+002
  0.15758406E+000  0.20493618E+000  0.39912944E+000  0.60107770E+000  0.91352801E+000  0.10527828E+001  0.15624346E+001  0.34678442E+001  0.50325934E+001  0.86264428E+001  0.13806075E+002
  0.15758429E+000  0.20493689E+000  0.39913021E+000  0.60107355E+000  0.91352583E+000  0.10527862E+001  0.15624391E+001  0.34678803E+001  0.50326235E+001  0.86263671E+001  0.13805916E+002
  0.15758451E+000  0.20493757E+000  0.39913092E+000  0.60106959E+000  0.91352374E+000  0.10527895E+001  0.15624433E+001  0.34679145E+001  0.50326521E+001  0.86262951E+001  0.13805764E+002
  0.15758472E+000  0.20493822E+000  0.39913158E+000  0.60106582E+000  0.91352175E+000  0.10527925E+001  0.15624473E+001  0.34679469E+001  0.50326793E+001  0.86262267E+001  0.13805620E+002
  0.15758491E+000  0.20493883E+000  0.39913219E+000  0.60106224E+000  0.91351984E+000  0.10527954E+001  0.15624510E+001  0.34684519E+001  0.50327051E+001  0.86261619E+001  0.13805483E+002
  0.15758508E+000  0.20495228E+000  0.39913275E+000  0.60105885E+000  0.91351804E+000  0.10527981E+001  0.15624544E+001  0.34684575E+001  0.50327294E+001  0.86261007E+001  0.13805354E+002
  0.15758525E+000  0.20495242E+000  0.39913327E+000  0.60105565E+000  0.91351633E+000  0.10528007E+001  0.15624576E+001  0.34684630E+001  0.50327523E+001  0.86260431E+001  0.13805233E+002
  0.15758540E+000  0.20495254E+000  0.39913375E+000  0.60105263E+000  0.91351471E+000  0.10528031E+001  0.15624606E+001  0.34684683E+001  0.50327738E+001  0.86259889E+001  0.13805119E+002
  0.15758554E+000  0.20495266E+000  0.39913418E+000  0.60104979E+000  0.91351318E+000  0.10528053E+001  0.15624634E+001  0.34684735E+001  0.50327940E+001  0.86259380E+001  0.13805011E+002
  0.15758567E+000  0.20495277E+000  0.39913459E+000  0.60104712E+000  0.91351233E+000  0.10528074E+001  0.15624659E+001  0.34684785E+001  0.50328129E+001  0.86258905E+001  0.13804911E+002
  0.15758578E+000  0.20495288E+000  0.39913495E+000  0.60104462E+000  0.91351380E+000  0.10528094E+001  0.15624683E+001  0.34684833E+001  0.50328306E+001  0.86258461E+001  0.13804817E+002
  0.15758589E+000  0.20495297E+000  0.39913528E+000  0.60104229E+000  0.91351517E+000  0.10528112E+001  0.15624705E+001  0.34684878E+001  0.50328472E+001  0.86258048E+001  0.13804730E+002
  0.15758599E+000  0.20495306E+000  0.39913559E+000  0.60104011E+000  0.91351643E+000  0.10528250E+001  0.15624725E+001  0.34684921E+001  0.50328635E+001  0.86257664E+001  0.13804649E+002
  0.15758607E+000  0.20495315E+000  0.39913586E+000  0.60103809E+000  0.91351760E+000  0.10528219E+001  0.15624743E+001  0.34684962E+001  0.50328785E+001  0.86257309E+001  0.13804574E+002
  0.15758615E+000  0.20495322E+000  0.39913611E+000  0.60103621E+000  0.91351868E+000  0.10528190E+001  0.15624760E+001  0.34684999E+001  0.50328924E+001  0.86256980E+001  0.13804505E+002
  0.15758622E+000  0.20495329E+000  0.39913634E+000  0.60103447E+000  0.91351967E+000  0.10528171E+001  0.15624775E+001  0.34685034E+001  0.50329052E+001  0.86256678E+001  0.13804441E+002
  0.15758628E+000  0.20495336E+000  0.39913655E+000  0.60103287E+000  0.91352057E+000  0.10528183E+001  0.15624789E+001  0.34685067E+001  0.50329170E+001  0.86256400E+001  0.13804382E+002
  0.15758634E+000  0.20495342E+000  0.39913673E+000  0.60103139E+000  0.91352140E+000  0.10528195E+001  0.15624802E+001  0.34685096E+001  0.50329277E+001  0.86256145E+001  0.13804328E+002
  0.15758639E+000  0.20495347E+000  0.39913689E+000  0.60103003E+000  0.91352215E+000  0.10528205E+001  0.15624813E+001  0.34685123E+001  0.50329374E+001  0.86255913E+001  0.13804279E+002
  0.15758643E+000  0.20495352E+000  0.39913704E+000  0.60102878E+000  0.91352284E+000  0.10528214E+001  0.15624823E+001  0.34685147E+001  0.50329463E+001  0.86255700E+001  0.13804234E+002
  0.15761989E+000  0.20495357E+000  0.39913717E+000  0.60102765E+000  0.91352345E+000  0.10528222E+001  0.15624832E+001  0.34685169E+001  0.50329542E+001  0.86255508E+001  0.13804193E+002
  0.15761968E+000  0.20495361E+000  0.39913729E+000  0.60102661E+000  0.91352401E+000  0.10528230E+001  0.15624839E+001  0.34685188E+001  0.50329613E+001  0.86255333E+001  0.13804156E+002
  0.15761948E+000  0.20495364E+000  0.39913739E+000  0.60102567E+000  0.91352451E+000  0.10528236E+001  0.15624846E+001  0.34685205E+001  0.50329675E+001  0.86255176E+001  0.13804122E+002
  0.15761930E+000  0.20495367E+000  0.39913748E+000  0.60102481E+000  0.91352495E+000  0.10528242E+001  0.15624852E+001  0.34685220E+001  0.50329730E+001  0.86255035E+001  0.13804092E+002
  0.15761914E+000  0.20495369E+000  0.39913755E+000  0.60102404E+000  0.91352535E+000  0.10528248E+001  0.15624857E+001  0.34685232E+001  0.50329778E+001  0.86254908E+001  0.13804065E+002
  0.15761899E+000  0.20495371E+000  0.39913762E+000  0.60102335E+000  0.91352569E+000  0.10528253E+001  0.15624861E+001  0.34685243E+001  0.50329818E+001  0.86254795E+001  0.13804041E+002
  0.15761885E+000  0.20495372E+000  0.39913767E+000  0.60102273E+000  0.91352600E+000  0.10528257E+001  0.15624865E+001  0.34685251E+001  0.50329852E+001  0.86254695E+001  0.13804020E+002
  0.15761873E+000  0.20495373E+000  0.39913772E+000  0.60102217E+000  0.91352626E+000  0.10528261E+001  0.15624867E+001  0.34685258E+001  0.50329880E+001  0.86254607E+001  0.13804001E+002
  0.15761861E+000  0.20495373E+000  0.39913776E+000  0.60102171E+000  0.91352649E+000  0.10528264E+001  0.15624870E+001  0.34685263E+001  0.50329901E+001  0.86254530E+001  0.13803984E+002
  0.15761851E+000  0.20495373E+000  0.39913779E+000  0.60102138E+000  0.91352668E+000  0.10528267E+001  0.15624871E+001  0.34685267E+001  0.50329917E+001  0.86254463E+001  0.13803970E+002
  0.15761841E+000  0.20495373E+000  0.39913781E+000  0.60102109E+000  0.91352685E+000  0.10528269E+001  0.15624873E+001  0.34685269E+001  0.50329928E+001  0.86254405E+001  0.13803957E+002
  0.15761833E+000  0.20495372E+000  0.39913782E+000  0.60102084E+000  0.91352698E+000  0.10528271E+001  0.15624874E+001  0.34685270E+001  0.50329934E+001  0.86254356E+001  0.13803946E+002
  0.15761825E+000  0.20495370E+000  0.39913783E+000  0.60102063E+000  0.91352709E+000  0.10528273E+001  0.15624874E+001  0.34685270E+001  0.50329935E+001  0.86254314E+001  0.13803937E+002
  0.15761818E+000  0.20495369E+000  0.39913783E+000  0.60102045E+000  0.91352717E+000  0.10528274E+001  0.15624874E+001  0.34685269E+001  0.50329932E+001  0.86254280E+001  0.13803930E+002
  0.15761812E+000  0.20495367E+000  0.39913783E+000  0.60102030E+000  0.91352723E+000  0.10528275E+001  0.15624874E+001  0.34685267E+001  0.50329925E+001  0.86254252E+001  0.13803924E+002
  0.15761806E+000  0.20495365E+000  0.39913782E+000  0.60102018E+000  0.91352728E+000  0.10528276E+001  0.15624874E+001  0.34685264E+001  0.50329914E+001  0.86254229E+001  0.13803919E+002
  0.15761801E+000  0.20495363E+000  0.39913781E+000  0.60102009E+000  0.91352730E+000  0.10528276E+001  0.15624873E+001  0.34685260E+001  0.50329900E+001  0.86254213E+001  0.13803915E+002
  0.15761797E+000  0.20495360E+000  0.39913780E+000  0.60102002E+000  0.91352731E+000  0.10528277E+001  0.15624873E+001  0.34685255E+001  0.50329883E+001  0.86254201E+001  0.13803912E+002
  0.15761793E+000  0.20495357E+000  0.39913778E+000  0.60101997E+000  0.91352730E+000  0.10528277E+001  0.15624872E+001  0.34685250E+001  0.50329863E+001  0.86254193E+001  0.13803910E+002
  0.15761789E+000  0.20495354E+000  0.39913775E+000  0.60101994E+000  0.91352728E+000  0.10528277E+001  0.15624871E+001  0.34685245E+001  0.50329841E+001  0.86254190E+001  0.13803909E+002
  0.15761786E+000  0.20495351E+000  0.39913772E+000  0.60101992E+000  0.91352725E+000  0.10528277E+001  0.15624870E+001  0.34685239E+001  0.50329816E+001  0.86254190E+001  0.13803909E+002
  0.15761783E+000  0.20495347E+000  0.39913769E+000  0.60101992E+000  0.91352721E+000  0.10528276E+001  0.15624869E+001  0.34685232E+001  0.50329789E+001  0.86254193E+001  0.13803910E+002
  0.15761781E+000  0.20495344E+000  0.39913766E+000  0.60101993E+000  0.91352716E+000  0.10528276E+001  0.15624868E+001  0.34685225E+001  0.50329761E+001  0.86254199E+001  0.13803911E+002
  0.15761778E+000  0.20495340E+000  0.39913762E+000  0.60101996E+000  0.91352710E+000  0.10528275E+001  0.15624867E+001  0.34685219E+001  0.50329731E+001  0.86254208E+001  0.13803912E+002
  0.15761776E+000  0.20495337E+000  0.39913758E+000  0.60101999E+000  0.91352703E+000  0.10528275E+001  0.15624866E+001  0.34685211E+001  0.50329699E+001  0.86254218E+001  0.13803915E+002
  0.15761775E+000  0.20495333E+000  0.39913753E+000  0.60102003E+000  0.91352696E+000  0.10528274E+001  0.15624864E+001  0.34685204E+001  0.50329667E+001  0.86254231E+001  0.13803917E+002
  0.15761773E+000  0.20495329E+000  0.39913749E+000  0.60102008E+000  0.91352688E+000  0.10528273E+001  0.15624863E+001  0.34685197E+001  0.50329633E+001  0.86254245E+001  0.13803920E+002
  0.15761772E+000  0.20495326E+000  0.39913744E+000  0.60102013E+000  0.91352679E+000  0.10528272E+001  0.15624862E+001  0.34685189E+001  0.50329599E+001  0.86254261E+001  0.13803923E+002
  0.15761771E+000  0.20495322E+000  0.39913739E+000  0.60102019E+000  0.91352671E+000  0.10528271E+001  0.15624861E+001  0.34685182E+001  0.50329565E+001  0.86254278E+001  0.13803927E+002
  0.15761770E+000  0.20495318E+000  0.39913733E+000  0.60102024E+000  0.91352662E+000  0.10528270E+001  0.15624859E+001  0.34685175E+001  0.50329530E+001  0.86254296E+001  0.13803931E+002
  0.15761769E+000  0.20495314E+000  0.39913728E+000  0.60102030E+000  0.91352652E+000  0.10528269E+001  0.15624858E+001  0.34685167E+001  0.50329495E+001  0.86254315E+001  0.13803935E+002
  0.15761768E+000  0.20495311E+000  0.39913722E+000  0.60102037E+000  0.91352643E+000  0.10528268E+001  0.15624857E+001  0.34685160E+001  0.50329460E+001  0.86254334E+001  0.13803939E+002
  0.15761768E+000  0.20495307E+000  0.39913716E+000  0.60102043E+000  0.91352633E+000  0.10528267E+001  0.15624855E+001  0.34685153E+001  0.50329425E+001  0.86254354E+001  0.13803943E+002
  0.15761767E+000  0.20495303E+000  0.39913710E+000  0.60102049E+000  0.91352623E+000  0.10528266E+001  0.15624854E+001  0.34685146E+001  0.50329390E+001  0.86254375E+001  0.13803948E+002
  0.15761767E+000  0.20495300E+000  0.39913704E+000  0.60102055E+000  0.91352613E+000  0.10528265E+001  0.15624853E+001  0.34685140E+001  0.50329356E+001  0.86254396E+001  0.13803952E+002
  0.15761766E+000  0.20495296E+000  0.39913698E+000  0.60102061E+000  0.91352603E+000  0.10528264E+001  0.15624851E+001  0.34685133E+001  0.50329322E+001  0.86254416E+001  0.13803957E+002
  0.15761766E+000  0.20495293E+000  0.39913692E+000  0.60102066E+000  0.91352593E+000  0.10528263E+001  0.15624850E+001  0.34685127E+001  0.50329289E+001  0.86254437E+001  0.13803961E+002
  0.15761765E+000  0.20495290E+000  0.39913685E+000  0.60102072E+000  0.91352583E+000  0.10528261E+001  0.15624849E+001  0.34685121E+001  0.50329256E+001  0.86254458E+001  0.13803966E+002
  0.15761765E+000  0.20495286E+000  0.39913679E+000  0.60102077E+000  0.91352573E+000  0.10528260E+001  0.15624847E+001  0.34685115E+001  0.50329225E+001  0.86254479E+001  0.13803971E+002
  0.15761765E+000  0.20495283E+000  0.39913673E+000  0.60102081E+000  0.91352563E+000  0.10528259E+001  0.15624846E+001  0.34685109E+001  0.50329194E+001  0.86254500E+001  0.13803975E+002
  0.15761765E+000  0.20495280E+000  0.39913666E+000  0.60102086E+000  0.91352554E+000  0.10528258E+001  0.15624844E+001  0.34685104E+001  0.50329165E+001  0.86254520E+001  0.13803980E+002
  0.15761765E+000  0.20495277E+000  0.39913660E+000  0.60102090E+000  0.91352544E+000  0.10528257E+001  0.15624843E+001  0.34685099E+001  0.50329136E+001  0.86254540E+001  0.13803984E+002
  0.15761765E+000  0.20495274E+000  0.39913653E+000  0.60102094E+000  0.91352535E+000  0.10528256E+001  0.15624841E+001  0.34685094E+001  0.50329111E+001  0.86254560E+001  0.13803989E+002
  0.15761764E+000  0.20495272E+000  0.39913647E+000  0.60102097E+000  0.91352525E+000  0.10528255E+001  0.15624840E+001  0.34685090E+001  0.50329087E+001  0.86254579E+001  0.13803993E+002
  0.15761764E+000  0.20495269E+000  0.39913641E+000  0.60102101E+000  0.91352516E+000  0.10528254E+001  0.15624838E+001  0.34685085E+001  0.50329065E+001  0.86254598E+001  0.13803997E+002
  0.15761764E+000  0.20495267E+000  0.39913635E+000  0.60102103E+000  0.91352508E+000  0.10528253E+001  0.15624836E+001  0.34685081E+001  0.50329043E+001  0.86254616E+001  0.13804001E+002
  0.15761764E+000  0.20495264E+000  0.39913629E+000  0.60102106E+000  0.91352499E+000  0.10528252E+001  0.15624835E+001  0.34685078E+001  0.50329023E+001  0.86254634E+001  0.13804005E+002
  0.15761764E+000  0.20495262E+000  0.39913623E+000  0.60102108E+000  0.91352491E+000  0.10528251E+001  0.15624833E+001  0.34685074E+001  0.50329004E+001  0.86254651E+001  0.13804009E+002
  0.15761764E+000  0.20495260E+000  0.39913618E+000  0.60102110E+000  0.91352483E+000  0.10528250E+001  0.15624831E+001  0.34685071E+001  0.50328986E+001  0.86254668E+001  0.13804013E+002
  0.15761764E+000  0.20495258E+000  0.39913612E+000  0.60102112E+000  0.91352475E+000  0.10528249E+001  0.15624830E+001  0.34685068E+001  0.50328969E+001  0.86254684E+001  0.13804017E+002
  0.15761764E+000  0.20495256E+000  0.39913607E+000  0.60102113E+000  0.91352468E+000  0.10528248E+001  0.15624828E+001  0.34685065E+001  0.50328954E+001  0.86254699E+001  0.13804020E+002
  0.15761764E+000  0.20495254E+000  0.39913602E+000  0.60102115E+000  0.91352460E+000  0.10528247E+001  0.15624826E+001  0.34685063E+001  0.50328939E+001  0.86254714E+001  0.13804024E+002
  0.15761764E+000  0.20495252E+000  0.39913597E+000  0.60102116E+000  0.91352453E+000  0.10528247E+001  0.15624824E+001  0.34685061E+001  0.50328926E+001  0.86254728E+001  0.13804027E+002
  0.15761764E+000  0.20495251E+000  0.39913592E+000  0.60102117E+000  0.91352447E+000  0.10528246E+001  0.15624823E+001  0.34685059E+001  0.50328914E+001  0.86254741E+001  0.13804030E+002
  0.15761764E+000  0.20495249E+000  0.39913588E+000  0.60102118E+000  0.91352440E+000  0.10528245E+001  0.15624821E+001  0.34685057E+001  0.50328903E+001  0.86254754E+001  0.13804033E+002
  0.15761764E+000  0.20495248E+000  0.39913584E+000  0.60102118E+000  0.91352434E+000  0.10528244E+001  0.15624819E+001  0.34685055E+001  0.50328893E+001  0.86254767E+001  0.13804036E+002
  0.15761764E+000  0.20495247E+000  0.39913580E+000  0.60102119E+000  0.91352428E+000  0.10528244E+001  0.15624817E+001  0.34685053E+001  0.50328884E+001  0.86254778E+001  0.13804039E+002
  0.15761764E+000  0.20495245E+000  0.39913576E+000  0.60102119E+000  0.91352423E+000  0.10528243E+001  0.15624816E+001  0.34685052E+001  0.50328877E+001  0.86254789E+001  0.13804041E+002
  0.15761764E+000  0.20495244E+000  0.39913572E+000  0.60102119E+000  0.91352418E+000  0.10528242E+001  0.15624814E+001  0.34685051E+001  0.50328870E+001  0.86254800E+001  0.13804044E+002
  0.15761764E+000  0.20495243E+000  0.39913569E+000  0.60102120E+000  0.91352413E+000  0.10528242E+001  0.15624813E+001  0.34685050E+001  0.50328864E+001  0.86254810E+001  0.13804046E+002
  0.15761764E+000  0.20495242E+000  0.39913566E+000  0.60102120E+000  0.91352408E+000  0.10528241E+001  0.15624811E+001  0.34685049E+001  0.50328859E+001  0.86254819E+001  0.13804048E+002
  0.15761764E+000  0.20495242E+000  0.39913563E+000  0.60102120E+000  0.91352404E+000  0.10528241E+001  0.15624810E+001  0.34685048E+001  0.50328855E+001  0.86254828E+001  0.13804050E+002
  0.15761764E+000  0.20495241E+000  0.39913560E+000  0.60102120E+000  0.91352400E+000  0.10528240E+001  0.15624808E+001  0.34685047E+001  0.50328851E+001  0.86254836E+001  0.13804052E+002
  0.15761764E+000  0.20495240E+000  0.39913557E+000  0.60102120E+000  0.91352396E+000  0.10528240E+001  0.15624807E+001  0.34685046E+001  0.50328849E+001  0.86254844E+001  0.13804054E+002
  0.15761764E+000  0.20495240E+000  0.39913555E+000  0.60102120E+000  0.91352392E+000  0.10528240E+001  0.15624805E+001  0.34685046E+001  0.50328846E+001  0.86254852E+001  0.13804056E+002
  0.15761764E+000  0.20495239E+000  0.39913553E+000  0.60102120E+000  0.91352389E+000  0.10528239E+001  0.15624804E+001  0.34685045E+001  0.50328845E+001  0.86254858E+001  0.13804057E+002
  0.15761764E+000  0.20495239E+000  0.39913551E+000  0.60102120E+000  0.91352386E+000  0.10528239E+001  0.15624803E+001  0.34685045E+001  0.50328844E+001  0.86254865E+001  0.13804059E+002
  0.15761764E+000  0.20495238E+000  0.39913549E+000  0.60102121E+000  0.91352383E+000  0.10528239E+001  0.15624801E+001  0.34685044E+001  0.50328843E+001  0.86254871E+001  0.13804060E+002
  0.15761764E+000  0.20495238E+000  0.39913548E+000  0.60102121E+000  0.91352380E+000  0.10528238E+001  0.15624800E+001  0.34685044E+001  0.50328843E+001  0.86254876E+001  0.13804061E+002
  0.15761764E+000  0.20495237E+000  0.39913546E+000  0.60102121E+000  0.91352378E+000  0.10528238E+001  0.15624799E+001  0.34685044E+001  0.50328843E+001  0.86254881E+001  0.13804062E+002
  0.15761764E+000  0.20495237E+000  0.39913545E+000  0.60102121E+000  0.91352375E+000  0.10528238E+001  0.15624798E+001  0.34685043E+001  0.50328844E+001  0.86254886E+001  0.13804063E+002
  0.15761765E+000  0.20495237E+000  0.39913544E+000  0.60102121E+000  0.91352373E+000  0.10528237E+001  0.15624797E+001  0.34685043E+001  0.50328845E+001  0.86254891E+001  0.13804064E+002
  0.15761765E+000  0.20495237E+000  0.39913543E+000  0.60102122E+000  0.91352372E+000  0.10528237E+001  0.15624796E+001  0.34685043E+001  0.50328846E+001  0.86254895E+001  0.13804065E+002
  0.15761765E+000  0.20495237E+000  0.39913542E+000  0.60102122E+000  0.91352370E+000  0.10528237E+001  0.15624796E+001  0.34685042E+001  0.50328847E+001  0.86254898E+001  0.13804066E+002
  0.15761765E+000  0.20495237E+000  0.39913542E+000  0.60102122E+000  0.91352368E+000  0.10528237E+001  0.15624795E+001  0.34685042E+001  0.50328848E+001  0.86254902E+001  0.13804067E+002
  0.15761765E+000  0.20495237E+000  0.39913541E+000  0.60102123E+000  0.91352367E+000  0.10528237E+001  0.15624794E+001  0.34685042E+001  0.50328849E+001  0.86254905E+001  0.13804067E+002
  0.15761765E+000  0.20495236E+000  0.39913541E+000  0.60102123E+000  0.91352366E+000  0.10528237E+001  0.15624793E+001  0.34685041E+001  0.50328851E+001  0.86254908E+001  0.13804068E+002
  0.15761765E+000  0.20495236E+000  0.39913540E+000  0.60102123E+000  0.91352365E+000  0.10528236E+001  0.15624793E+001  0.34685041E+001  0.50328852E+001  0.86254910E+001  0.13804068E+002
  0.15761765E+000  0.20495236E+000  0.39913540E+000  0.60102124E+000  0.91352364E+000  0.10528236E+001  0.15624792E+001  0.34685041E+001  0.50328853E+001  0.86254913E+001  0.13804069E+002
  0.15761765E+000  0.20495237E+000  0.39913540E+000  0.60102124E+000  0.91352363E+000  0.10528236E+001  0.15624792E+001  0.34685040E+001  0.50328854E+001  0.86254915E+001  0.13804069E+002
  0.15761765E+000  0.20495237E+000  0.39913540E+000  0.60102125E+000  0.91352362E+000  0.10528236E+001  0.15624791E+001  0.34685040E+001  0.50328856E+001  0.86254917E+001  0.13804069E+002
  0.15761766E+000  0.20495237E+000  0.39913540E+000  0.60102125E+000  0.91352361E+000  0.10528236E+001  0.15624791E+001  0.34685040E+001  0.50328857E+001  0.86254918E+001  0.13804070E+002
  0.15761766E+000  0.20495237E+000  0.39913540E+000  0.60102126E+000  0.91352361E+000  0.10528236E+001  0.15624791E+001  0.34685039E+001  0.50328857E+001  0.86254920E+001  0.13804070E+002
  0.15761766E+000  0.20495237E+000  0.39913540E+000  0.60102127E+000  0.91352360E+000  0.10528236E+001  0.15624790E+001  0.34685039E+001  0.50328858E+001  0.86254921E+001  0.13804070E+002
  0.15761766E+000  0.20495237E+000  0.39913540E+000  0.60102127E+000  0.91352360E+000  0.10528236E+001  0.15624790E+001  0.34685039E+001  0.50328859E+001  0.86254922E+001  0.13804070E+002
  0.15761766E+000  0.20495237E+000  0.39913540E+000  0.60102128E+000  0.91352360E+000  0.10528236E+001  0.15624790E+001  0.34685038E+001  0.50328859E+001  0.86254923E+001  0.13804071E+002
  0.15761766E+000  0.20495237E+000  0.39913540E+000  0.60102128E+000  0.91352359E+000  0.10528236E+001  0.15624790E+001  0.34685038E+001  0.50328860E+001  0.86254924E+001  0.13804071E+002
  0.15761766E+000  0.20495237E+000  0.39913540E+000  0.60102129E+000  0.91352359E+000  0.10528236E+001  0.15624789E+001  0.34685037E+001  0.50328860E+001  0.86254925E+001  0.13804071E+002
  0.15761766E+000  0.20495237E+000  0.39913540E+000  0.60102130E+000  0.91352359E+000  0.10528236E+001  0.15624789E+001  0.34685037E+001  0.50328860E+001  0.86254926E+001  0.13804071E+002
  0.15761766E+000  0.20495237E+000  0.39913541E+000  0.60102130E+000  0.91352359E+000  0.10528236E+001  0.15624789E+001  0.34685037E+001  0.50328859E+001  0.86254926E+001  0.13804071E+002
  0.15761766E+000  0.20495238E+000  0.39913541E+000  0.60102131E+000  0.91352359E+000  0.10528236E+001  0.15624789E+001  0.34685036E+001  0.50328859E+001  0.86254927E+001  0.13804071E+002
  0.15761766E+000  0.20495238E+000  0.39913541E+000  0.60102132E+000  0.91352359E+000  0.10528236E+001  0.15624789E+001  0.34685036E+001  0.50328859E+001  0.86254927E+001  0.13804071E+002
  0.15761766E+000  0.20495238E+000  0.39913542E+000  0.60102132E+000  0.91352359E+000  0.10528236E+001  0.15624789E+001  0.34685035E+001  0.50328858E+001  0.86254928E+001  0.13804071E+002
  0.15761766E+000  0.20495238E+000  0.39913541E+000  0.60102133E+000  0.91352359E+000  0.10528236E+001  0.15624789E+001  0.34685035E+001  0.50328857E+001  0.86254928E+001  0.13804071E+002
  0.15761766E+000  0.20495237E+000  0.39913542E+000  0.60102134E+000  0.91352358E+000  0.10528236E+001  0.15624789E+001  0.34685034E+001  0.50328855E+001  0.86254928E+001  0.13804071E+002
