  0.30237416E+002
  0.30242984E+002
  0.30247326E+002
  0.30250802E+002
  0.30253625E+002
  0.30255946E+002
  0.30257870E+002
  0.30259480E+002
  0.30260836E+002
  0.30261986E+002
  0.30262968E+002
  0.30263815E+002
  0.30264550E+002
  0.30265194E+002
  0.30265764E+002
  0.30266272E+002
  0.30266730E+002
  0.30267146E+002
  0.30267529E+002
  0.30267886E+002
  0.30268220E+002
  0.30268537E+002
  0.30268841E+002
  0.30269135E+002
  0.30269421E+002
  0.30269702E+002
  0.30269980E+002
  0.30270257E+002
  0.30270534E+002
  0.30270812E+002
  0.30271092E+002
  0.30271374E+002
  0.30271661E+002
  0.30271951E+002
  0.30272246E+002
  0.30272546E+002
  0.30272851E+002
  0.30273161E+002
  0.30273477E+002
  0.30273797E+002
  0.30274123E+002
  0.30274454E+002
  0.30274789E+002
  0.30275129E+002
  0.30275473E+002
  0.30275821E+002
  0.30276172E+002
  0.30276527E+002
  0.30276884E+002
  0.30277242E+002
  0.30277602E+002
  0.30277963E+002
  0.30278324E+002
  0.30278684E+002
  0.30279043E+002
  0.30279399E+002
  0.30279753E+002
  0.30280103E+002
  0.30280449E+002
  0.30280789E+002
  0.30281123E+002
  0.30281450E+002
  0.30281769E+002
  0.30282079E+002
  0.30282379E+002
  0.30282669E+002
  0.30282947E+002
  0.30283214E+002
  0.30283467E+002
  0.30283706E+002
  0.30283931E+002
  0.30284140E+002
  0.30284334E+002
  0.30284511E+002
  0.30284671E+002
  0.30284813E+002
  0.30284937E+002
  0.30285042E+002
  0.30285129E+002
  0.30285196E+002
  0.30285244E+002
  0.30285272E+002
  0.30285280E+002
  0.30285268E+002
  0.30285237E+002
  0.30285185E+002
  0.30285114E+002
  0.30285023E+002
  0.30284913E+002
  0.30284784E+002
  0.30284636E+002
  0.30284470E+002
  0.30284285E+002
  0.30284083E+002
  0.30283864E+002
  0.30283629E+002
  0.30283377E+002
  0.30283110E+002
  0.30282829E+002
  0.30282532E+002
  0.30282222E+002
  0.30281898E+002
  0.30281562E+002
  0.30281214E+002
  0.30280854E+002
  0.30280483E+002
  0.30280101E+002
  0.30279710E+002
  0.30279309E+002
  0.30278898E+002
  0.30278480E+002
  0.30278053E+002
  0.30277619E+002
  0.30277177E+002
  0.30276729E+002
  0.30276274E+002
  0.30275814E+002
  0.30275348E+002
  0.30274876E+002
  0.30274400E+002
  0.30273920E+002
  0.30273435E+002
  0.30272947E+002
  0.30272455E+002
  0.30271960E+002
  0.30271463E+002
  0.30270963E+002
  0.30270460E+002
  0.30269956E+002
  0.30269450E+002
  0.30268943E+002
  0.30268434E+002
  0.30267925E+002
  0.30267415E+002
  0.30266905E+002
  0.30266395E+002
  0.30265886E+002
  0.30265376E+002
  0.30264868E+002
  0.30264360E+002
  0.30263854E+002
  0.30263349E+002
  0.30262846E+002
  0.30262344E+002
  0.30261845E+002
  0.30261349E+002
  0.30260854E+002
  0.30260363E+002
  0.30259875E+002
  0.30259390E+002
  0.30258908E+002
  0.30258430E+002
  0.30257955E+002
  0.30257485E+002
  0.30257019E+002
  0.30256557E+002
  0.30256100E+002
  0.30255647E+002
  0.30255200E+002
  0.30254757E+002
  0.30254319E+002
  0.30253887E+002
  0.30253460E+002
  0.30253039E+002
  0.30252623E+002
  0.30252213E+002
  0.30251809E+002
  0.30251411E+002
  0.30251019E+002
  0.30250633E+002
  0.30250253E+002
  0.30249879E+002
  0.30249512E+002
  0.30249152E+002
  0.30248797E+002
  0.30248450E+002
  0.30248109E+002
  0.30247774E+002
  0.30247446E+002
  0.30247125E+002
  0.30246810E+002
  0.30246502E+002
  0.30246200E+002
  0.30245906E+002
  0.30245617E+002
  0.30245336E+002
  0.30245061E+002
  0.30244792E+002
  0.30244530E+002
  0.30244275E+002
  0.30244026E+002
  0.30243783E+002
  0.30243547E+002
  0.30243317E+002
  0.30243093E+002
  0.30242876E+002
  0.30242664E+002
  0.30242459E+002
  0.30242259E+002
  0.30242065E+002
