  0.14446684E+001  0.10643525E+001  0.70477547E+001  0.11139290E+003
  0.14912877E+001  0.10219515E+001  0.70508206E+001  0.11140789E+003
  0.14928175E+001  0.10210938E+001  0.70508591E+001  0.11142455E+003
  0.14935869E+001  0.10215223E+001  0.70539818E+001  0.11143413E+003
  0.14938709E+001  0.10213256E+001  0.70604820E+001  0.11143883E+003
  0.14947703E+001  0.10226753E+001  0.70667757E+001  0.11143958E+003
  0.14966889E+001  0.10265052E+001  0.70679889E+001  0.11144031E+003
  0.14967121E+001  0.10266168E+001  0.70722530E+001  0.11144235E+003
  0.14968388E+001  0.10286014E+001  0.70739547E+001  0.11144396E+003
  0.14968560E+001  0.10329022E+001  0.70725243E+001  0.11144567E+003
  0.14969183E+001  0.10328732E+001  0.70761065E+001  0.11144599E+003
  0.14984983E+001  0.10315622E+001  0.70847837E+001  0.11144043E+003
  0.14985117E+001  0.10315741E+001  0.70848124E+001  0.11144332E+003
  0.14986084E+001  0.10317711E+001  0.70845591E+001  0.11144585E+003
  0.14986203E+001  0.10317926E+001  0.70845626E+001  0.11144809E+003
  0.14986422E+001  0.10317917E+001  0.70845773E+001  0.11145009E+003
  0.14988055E+001  0.10316485E+001  0.70868607E+001  0.11144962E+003
  0.14988152E+001  0.10317918E+001  0.70867470E+001  0.11145125E+003
  0.14991418E+001  0.10314841E+001  0.70874377E+001  0.11145207E+003
  0.14991507E+001  0.10318287E+001  0.70871176E+001  0.11145346E+003
  0.15011226E+001  0.10300900E+001  0.70869176E+001  0.11145476E+003
  0.15011333E+001  0.10300972E+001  0.70871366E+001  0.11145579E+003
  0.15011422E+001  0.10301060E+001  0.70871517E+001  0.11145698E+003
  0.15011701E+001  0.10300957E+001  0.70871668E+001  0.11145812E+003
  0.15011780E+001  0.10301053E+001  0.70871819E+001  0.11145923E+003
  0.15011858E+001  0.10301150E+001  0.70871970E+001  0.11146033E+003
  0.15011936E+001  0.10301248E+001  0.70872122E+001  0.11146141E+003
  0.15012013E+001  0.10301348E+001  0.70872275E+001  0.11146248E+003
  0.15012090E+001  0.10301449E+001  0.70872428E+001  0.11146355E+003
  0.15012166E+001  0.10301552E+001  0.70872583E+001  0.11146463E+003
  0.15012243E+001  0.10301657E+001  0.70872739E+001  0.11146572E+003
  0.15012319E+001  0.10301948E+001  0.70872712E+001  0.11146681E+003
  0.15012396E+001  0.10302056E+001  0.70872872E+001  0.11146792E+003
  0.15012472E+001  0.10302167E+001  0.70873034E+001  0.11146905E+003
  0.15012549E+001  0.10302280E+001  0.70873198E+001  0.11147020E+003
  0.15012625E+001  0.10302394E+001  0.70873364E+001  0.11147136E+003
  0.15012701E+001  0.10302511E+001  0.70873534E+001  0.11147254E+003
  0.15012777E+001  0.10302630E+001  0.70873706E+001  0.11147375E+003
  0.15012853E+001  0.10302751E+001  0.70873882E+001  0.11147497E+003
  0.15012928E+001  0.10302874E+001  0.70874061E+001  0.11147622E+003
  0.15013002E+001  0.10302999E+001  0.70874244E+001  0.11147748E+003
  0.15013076E+001  0.10303126E+001  0.70874431E+001  0.11147877E+003
  0.15013158E+001  0.10303246E+001  0.70874623E+001  0.11148007E+003
  0.15013440E+001  0.10303259E+001  0.70874725E+001  0.11148139E+003
  0.15013511E+001  0.10303390E+001  0.70916587E+001  0.11141661E+003
  0.15013580E+001  0.10303522E+001  0.70917167E+001  0.11141736E+003
  0.15013648E+001  0.10303655E+001  0.70917754E+001  0.11141813E+003
  0.15013714E+001  0.10303789E+001  0.70918346E+001  0.11141891E+003
  0.15013777E+001  0.10303922E+001  0.70918943E+001  0.11141969E+003
  0.15013839E+001  0.10304056E+001  0.70919545E+001  0.11142049E+003
  0.15013897E+001  0.10304189E+001  0.70920149E+001  0.11142130E+003
  0.15013953E+001  0.10304322E+001  0.70920756E+001  0.11142211E+003
  0.15014006E+001  0.10304453E+001  0.70921363E+001  0.11142293E+003
  0.15014055E+001  0.10304583E+001  0.70921970E+001  0.11142377E+003
  0.15014101E+001  0.10304711E+001  0.70922575E+001  0.11142460E+003
  0.15014143E+001  0.10304836E+001  0.70923177E+001  0.11142545E+003
  0.15014180E+001  0.10304959E+001  0.70923774E+001  0.11142630E+003
  0.15014214E+001  0.10305078E+001  0.70899441E+001  0.11149855E+003
  0.15014242E+001  0.10305194E+001  0.70899725E+001  0.11149989E+003
  0.15014352E+001  0.10305219E+001  0.70900015E+001  0.11150121E+003
  0.15014370E+001  0.10305326E+001  0.70900313E+001  0.11150251E+003
  0.15014384E+001  0.10305430E+001  0.70900614E+001  0.11150377E+003
  0.15014392E+001  0.10305543E+001  0.70900909E+001  0.11150500E+003
  0.15014394E+001  0.10305653E+001  0.70901208E+001  0.11150620E+003
  0.15014391E+001  0.10305758E+001  0.70901512E+001  0.11150736E+003
  0.15014381E+001  0.10305857E+001  0.70901822E+001  0.11150848E+003
  0.15014366E+001  0.10305949E+001  0.70902138E+001  0.11150956E+003
  0.15014359E+001  0.10306021E+001  0.70902459E+001  0.11151058E+003
  0.15014331E+001  0.10306100E+001  0.70902785E+001  0.11151156E+003
  0.15014298E+001  0.10306170E+001  0.70903115E+001  0.11151248E+003
  0.15014260E+001  0.10306232E+001  0.70903450E+001  0.11151334E+003
  0.15014215E+001  0.10306286E+001  0.70903787E+001  0.11151415E+003
  0.15014165E+001  0.10306331E+001  0.70904126E+001  0.11151489E+003
  0.15014109E+001  0.10306368E+001  0.70904466E+001  0.11151556E+003
  0.15014048E+001  0.10306396E+001  0.70904806E+001  0.11151617E+003
  0.15013981E+001  0.10306416E+001  0.70905143E+001  0.11151671E+003
  0.15013908E+001  0.10306427E+001  0.70905477E+001  0.11151718E+003
  0.15013831E+001  0.10306430E+001  0.70905805E+001  0.11151758E+003
  0.15013748E+001  0.10306424E+001  0.70906127E+001  0.11151790E+003
  0.15013660E+001  0.10306409E+001  0.70906441E+001  0.11151815E+003
  0.15013777E+001  0.10306177E+001  0.70906745E+001  0.11151832E+003
  0.15013679E+001  0.10306146E+001  0.70907037E+001  0.11151842E+003
  0.15013577E+001  0.10306106E+001  0.70907315E+001  0.11151843E+003
  0.15013471E+001  0.10306059E+001  0.70907578E+001  0.11151838E+003
  0.15013361E+001  0.10306003E+001  0.70907825E+001  0.11151824E+003
  0.15013247E+001  0.10305939E+001  0.70908052E+001  0.11151803E+003
  0.15013129E+001  0.10305866E+001  0.70908260E+001  0.11151774E+003
  0.15013008E+001  0.10305787E+001  0.70908446E+001  0.11151738E+003
  0.15012884E+001  0.10305699E+001  0.70908609E+001  0.11151695E+003
  0.15012758E+001  0.10305607E+001  0.70908744E+001  0.11151644E+003
  0.15012628E+001  0.10305505E+001  0.70908857E+001  0.11151586E+003
  0.15012496E+001  0.10305395E+001  0.70908944E+001  0.11151521E+003
  0.15012362E+001  0.10305278E+001  0.70909003E+001  0.11151449E+003
  0.15012227E+001  0.10305154E+001  0.70909034E+001  0.11151371E+003
  0.15012089E+001  0.10305024E+001  0.70909036E+001  0.11151286E+003
  0.15011951E+001  0.10304888E+001  0.70909009E+001  0.11151195E+003
  0.15011811E+001  0.10304746E+001  0.70908951E+001  0.11151097E+003
  0.15011670E+001  0.10304598E+001  0.70908864E+001  0.11150994E+003
  0.15011529E+001  0.10304445E+001  0.70908746E+001  0.11150886E+003
  0.15011387E+001  0.10304287E+001  0.70908599E+001  0.11150772E+003
  0.15011244E+001  0.10304125E+001  0.70908421E+001  0.11150652E+003
  0.15011102E+001  0.10303959E+001  0.70908214E+001  0.11150528E+003
  0.15010959E+001  0.10303789E+001  0.70907977E+001  0.11150399E+003
  0.15010817E+001  0.10303616E+001  0.70907711E+001  0.11150266E+003
  0.15010675E+001  0.10303440E+001  0.70907417E+001  0.11150128E+003
  0.15010533E+001  0.10303262E+001  0.70907095E+001  0.11149986E+003
  0.15010392E+001  0.10303082E+001  0.70906746E+001  0.11149840E+003
  0.15010251E+001  0.10302900E+001  0.70906370E+001  0.11149690E+003
  0.15010111E+001  0.10302718E+001  0.70905970E+001  0.11149537E+003
  0.15009971E+001  0.10302535E+001  0.70905545E+001  0.11149380E+003
  0.15009832E+001  0.10302352E+001  0.70905096E+001  0.11149220E+003
  0.15009694E+001  0.10302170E+001  0.70904624E+001  0.11149058E+003
  0.15009557E+001  0.10301989E+001  0.70904132E+001  0.11148892E+003
  0.15009420E+001  0.10301809E+001  0.70903618E+001  0.11148724E+003
  0.15009284E+001  0.10301631E+001  0.70903086E+001  0.11148553E+003
  0.15009150E+001  0.10301455E+001  0.70902535E+001  0.11148380E+003
  0.15009016E+001  0.10301281E+001  0.70901968E+001  0.11148204E+003
  0.15008883E+001  0.10301111E+001  0.70901384E+001  0.11148027E+003
  0.15008752E+001  0.10300944E+001  0.70900787E+001  0.11147847E+003
  0.15008621E+001  0.10300781E+001  0.70900177E+001  0.11147666E+003
  0.15008492E+001  0.10300621E+001  0.70899556E+001  0.11147483E+003
  0.15008363E+001  0.10300466E+001  0.70898925E+001  0.11147298E+003
  0.15008237E+001  0.10300316E+001  0.70898285E+001  0.11147112E+003
  0.15008111E+001  0.10300170E+001  0.70897639E+001  0.11146924E+003
  0.15007988E+001  0.10300029E+001  0.70896988E+001  0.11146735E+003
  0.15007866E+001  0.10299893E+001  0.70896334E+001  0.11146546E+003
  0.15007745E+001  0.10299763E+001  0.70895678E+001  0.11146355E+003
  0.15007627E+001  0.10299637E+001  0.70895023E+001  0.11146163E+003
  0.15007512E+001  0.10299518E+001  0.70894369E+001  0.11145970E+003
  0.15007398E+001  0.10299403E+001  0.70893720E+001  0.11145776E+003
  0.15007287E+001  0.10299295E+001  0.70893077E+001  0.11145582E+003
  0.15007179E+001  0.10299191E+001  0.70892441E+001  0.11145387E+003
  0.15007074E+001  0.10299094E+001  0.70891814E+001  0.11145192E+003
  0.15006973E+001  0.10299001E+001  0.70891199E+001  0.11144996E+003
  0.15006874E+001  0.10298914E+001  0.70890598E+001  0.11144800E+003
  0.15006780E+001  0.10298833E+001  0.70890010E+001  0.11144603E+003
  0.15006689E+001  0.10298756E+001  0.70889440E+001  0.11144407E+003
  0.15006602E+001  0.10298685E+001  0.70888887E+001  0.11144210E+003
  0.15006520E+001  0.10298619E+001  0.70888354E+001  0.11144014E+003
  0.15006442E+001  0.10298557E+001  0.70887842E+001  0.11143817E+003
  0.15006368E+001  0.10298500E+001  0.70887352E+001  0.11143621E+003
  0.15006300E+001  0.10298448E+001  0.70886885E+001  0.11143425E+003
  0.15006236E+001  0.10298400E+001  0.70886443E+001  0.11143229E+003
  0.15006177E+001  0.10298356E+001  0.70886026E+001  0.11143034E+003
  0.15006123E+001  0.10298316E+001  0.70885635E+001  0.11142839E+003
  0.15006075E+001  0.10298280E+001  0.70885270E+001  0.11142645E+003
  0.15006031E+001  0.10298248E+001  0.70884932E+001  0.11142451E+003
  0.15005993E+001  0.10298219E+001  0.70884622E+001  0.11142258E+003
  0.15005960E+001  0.10298194E+001  0.70884339E+001  0.11142066E+003
  0.15005932E+001  0.10298172E+001  0.70884084E+001  0.11141875E+003
  0.15005909E+001  0.10298153E+001  0.70883856E+001  0.11141685E+003
  0.15005891E+001  0.10298138E+001  0.70883655E+001  0.11141496E+003
  0.15005878E+001  0.10298124E+001  0.70883480E+001  0.11141309E+003
  0.15005869E+001  0.10298114E+001  0.70883332E+001  0.11141122E+003
  0.15005866E+001  0.10298106E+001  0.70883209E+001  0.11140937E+003
  0.15005866E+001  0.10298101E+001  0.70883110E+001  0.11140754E+003
  0.15005871E+001  0.10298097E+001  0.70883036E+001  0.11140571E+003
  0.15005879E+001  0.10298096E+001  0.70882984E+001  0.11140391E+003
  0.15005892E+001  0.10298097E+001  0.70882955E+001  0.11140212E+003
  0.15005908E+001  0.10298100E+001  0.70882946E+001  0.11140035E+003
  0.15005927E+001  0.10298104E+001  0.70882957E+001  0.11139859E+003
  0.15005949E+001  0.10298110E+001  0.70882986E+001  0.11139686E+003
  0.15005974E+001  0.10298118E+001  0.70883033E+001  0.11139514E+003
  0.15006002E+001  0.10298127E+001  0.70883095E+001  0.11139345E+003
  0.15006031E+001  0.10298138E+001  0.70883173E+001  0.11139177E+003
  0.15006063E+001  0.10298149E+001  0.70883264E+001  0.11139012E+003
  0.15006097E+001  0.10298162E+001  0.70883368E+001  0.11138849E+003
  0.15006132E+001  0.10298176E+001  0.70883482E+001  0.11138688E+003
  0.15006168E+001  0.10298190E+001  0.70883607E+001  0.11138529E+003
  0.15006205E+001  0.10298205E+001  0.70883740E+001  0.11138373E+003
  0.15006243E+001  0.10298222E+001  0.70883881E+001  0.11138219E+003
  0.15006281E+001  0.10298238E+001  0.70884028E+001  0.11138068E+003
  0.15006320E+001  0.10298255E+001  0.70884180E+001  0.11137919E+003
  0.15006359E+001  0.10298273E+001  0.70884337E+001  0.11137772E+003
  0.15006398E+001  0.10298291E+001  0.70884498E+001  0.11137628E+003
  0.15006437E+001  0.10298309E+001  0.70884660E+001  0.11137487E+003
  0.15006475E+001  0.10298327E+001  0.70884824E+001  0.11137349E+003
  0.15006513E+001  0.10298345E+001  0.70884989E+001  0.11137212E+003
  0.15006550E+001  0.10298363E+001  0.70885154E+001  0.11137079E+003
  0.15006586E+001  0.10298382E+001  0.70885319E+001  0.11136948E+003
  0.15006622E+001  0.10298400E+001  0.70885482E+001  0.11136820E+003
  0.15006657E+001  0.10298418E+001  0.70885643E+001  0.11136695E+003
  0.15006690E+001  0.10298436E+001  0.70885801E+001  0.11136572E+003
  0.15006723E+001  0.10298453E+001  0.70885957E+001  0.11136452E+003
  0.15006754E+001  0.10298470E+001  0.70886109E+001  0.11136335E+003
  0.15006784E+001  0.10298487E+001  0.70886258E+001  0.11136220E+003
  0.15006813E+001  0.10298503E+001  0.70886403E+001  0.11136108E+003
  0.15006841E+001  0.10298519E+001  0.70886543E+001  0.11135999E+003
  0.15006868E+001  0.10298535E+001  0.70886679E+001  0.11135893E+003
  0.15006893E+001  0.10298550E+001  0.70886810E+001  0.11135789E+003
  0.15006917E+001  0.10298564E+001  0.70886936E+001  0.11135688E+003
  0.15006939E+001  0.10298578E+001  0.70887057E+001  0.11135589E+003
  0.15006961E+001  0.10298592E+001  0.70887173E+001  0.11135493E+003
  0.15006981E+001  0.10298605E+001  0.70887284E+001  0.11135399E+003
  0.15007000E+001  0.10298617E+001  0.70887390E+001  0.11135309E+003
  0.15007018E+001  0.10298629E+001  0.70887491E+001  0.11135220E+003
  0.15007035E+001  0.10298640E+001  0.70887587E+001  0.11135134E+003
  0.15007050E+001  0.10298651E+001  0.70887678E+001  0.11135051E+003
  0.15007065E+001  0.10298661E+001  0.70887764E+001  0.11134970E+003
  0.15007079E+001  0.10298670E+001  0.70887845E+001  0.11134892E+003
