  0.36544153E-001  0.37207889E+000  0.31419242E+001  0.11739913E+003
  0.36546913E-001  0.37209191E+000  0.31422207E+001  0.11742109E+003
  0.36549246E-001  0.37210291E+000  0.31424593E+001  0.11743821E+003
  0.36551270E-001  0.37211236E+000  0.31426559E+001  0.11745190E+003
  0.36553061E-001  0.37212058E+000  0.31428202E+001  0.11746302E+003
  0.36554672E-001  0.37212783E+000  0.31429595E+001  0.11747216E+003
  0.36556140E-001  0.37213428E+000  0.31430787E+001  0.11747973E+003
  0.36557493E-001  0.37214008E+000  0.31431820E+001  0.11748605E+003
  0.36558752E-001  0.37214536E+000  0.31432723E+001  0.11749138E+003
  0.36559929E-001  0.37215020E+000  0.31433519E+001  0.11749590E+003
  0.36561034E-001  0.37215470E+000  0.31434230E+001  0.11749975E+003
  0.36562081E-001  0.37215890E+000  0.31434870E+001  0.11750307E+003
  0.36563079E-001  0.37216286E+000  0.31435453E+001  0.11750594E+003
  0.36564035E-001  0.37216663E+000  0.31435987E+001  0.11750846E+003
  0.36564956E-001  0.37217023E+000  0.31436484E+001  0.11751069E+003
  0.36565847E-001  0.37217369E+000  0.31436948E+001  0.11751267E+003
  0.36566713E-001  0.37217705E+000  0.31437386E+001  0.11751445E+003
  0.36567558E-001  0.37218032E+000  0.31437804E+001  0.11751607E+003
  0.36568384E-001  0.37218352E+000  0.31438205E+001  0.11751756E+003
  0.36569195E-001  0.37218668E+000  0.31438593E+001  0.11751894E+003
  0.36569994E-001  0.37218980E+000  0.31438970E+001  0.11752024E+003
  0.36570781E-001  0.37219289E+000  0.31439341E+001  0.11752147E+003
  0.36571560E-001  0.37219598E+000  0.31439706E+001  0.11752264E+003
  0.36572332E-001  0.37219908E+000  0.31440067E+001  0.11752377E+003
  0.36573097E-001  0.37220218E+000  0.31440427E+001  0.11752488E+003
  0.36573857E-001  0.37220531E+000  0.31440787E+001  0.11752597E+003
  0.36574613E-001  0.37220846E+000  0.31441147E+001  0.11752704E+003
  0.36575365E-001  0.37221165E+000  0.31441510E+001  0.11752811E+003
  0.36576113E-001  0.37221489E+000  0.31441875E+001  0.11752917E+003
  0.36576858E-001  0.37221817E+000  0.31442244E+001  0.11753024E+003
  0.36577600E-001  0.37222150E+000  0.31442618E+001  0.11753132E+003
  0.36578337E-001  0.37222488E+000  0.31442996E+001  0.11753241E+003
  0.36579070E-001  0.37222833E+000  0.31443380E+001  0.11753351E+003
  0.36579797E-001  0.37223184E+000  0.31443770E+001  0.11753463E+003
  0.36580518E-001  0.37223542E+000  0.31444166E+001  0.11753577E+003
  0.36581232E-001  0.37223907E+000  0.31444568E+001  0.11753692E+003
  0.36581936E-001  0.37224278E+000  0.31444977E+001  0.11753810E+003
  0.36582629E-001  0.37224657E+000  0.31445392E+001  0.11753929E+003
  0.36583310E-001  0.37225042E+000  0.31445815E+001  0.11754051E+003
  0.36583975E-001  0.37225434E+000  0.31446243E+001  0.11754174E+003
  0.36584622E-001  0.37225833E+000  0.31446679E+001  0.11754300E+003
  0.36585249E-001  0.37226238E+000  0.31447121E+001  0.11754427E+003
  0.36585852E-001  0.37226649E+000  0.31447569E+001  0.11754556E+003
  0.36586429E-001  0.37227065E+000  0.31448023E+001  0.11754687E+003
  0.36586975E-001  0.37227486E+000  0.31448483E+001  0.11754820E+003
  0.36587489E-001  0.37227912E+000  0.31448948E+001  0.11754954E+003
  0.36587964E-001  0.37228340E+000  0.31449418E+001  0.11755089E+003
  0.36588399E-001  0.37228771E+000  0.31449892E+001  0.11755226E+003
  0.36588789E-001  0.37229202E+000  0.31450370E+001  0.11755363E+003
  0.36589130E-001  0.37229633E+000  0.31450851E+001  0.11755501E+003
  0.36589417E-001  0.37230063E+000  0.31451334E+001  0.11755640E+003
  0.36589648E-001  0.37230488E+000  0.31451819E+001  0.11755779E+003
  0.36589818E-001  0.37230909E+000  0.31452305E+001  0.11755918E+003
  0.36589924E-001  0.37231322E+000  0.31452791E+001  0.11756057E+003
  0.36589962E-001  0.37231726E+000  0.31453276E+001  0.11756195E+003
  0.36589929E-001  0.37232118E+000  0.31453759E+001  0.11756333E+003
  0.36589821E-001  0.37232497E+000  0.31454238E+001  0.11756469E+003
  0.36589637E-001  0.37232858E+000  0.31454713E+001  0.11756604E+003
  0.36589374E-001  0.37233201E+000  0.31455183E+001  0.11756737E+003
  0.36589031E-001  0.37233523E+000  0.31455646E+001  0.11756868E+003
  0.36588606E-001  0.37233819E+000  0.31456101E+001  0.11756997E+003
  0.36588100E-001  0.37234089E+000  0.31456546E+001  0.11757123E+003
  0.36587515E-001  0.37234329E+000  0.31456980E+001  0.11757246E+003
  0.36586857E-001  0.37234536E+000  0.31457402E+001  0.11757366E+003
  0.36586126E-001  0.37234709E+000  0.31457810E+001  0.11757482E+003
  0.36585326E-001  0.37234843E+000  0.31458203E+001  0.11757594E+003
  0.36584459E-001  0.37234938E+000  0.31458578E+001  0.11757701E+003
  0.36583529E-001  0.37234990E+000  0.31458936E+001  0.11757804E+003
  0.36582538E-001  0.37234998E+000  0.31459273E+001  0.11757902E+003
  0.36581492E-001  0.37234961E+000  0.31459588E+001  0.11757995E+003
  0.36580394E-001  0.37234875E+000  0.31459881E+001  0.11758082E+003
  0.36579250E-001  0.37234740E+000  0.31460149E+001  0.11758163E+003
  0.36578064E-001  0.37234555E+000  0.31460392E+001  0.11758239E+003
  0.36576840E-001  0.37234319E+000  0.31460607E+001  0.11758308E+003
  0.36575585E-001  0.37234030E+000  0.31460794E+001  0.11758370E+003
  0.36574304E-001  0.37233690E+000  0.31460952E+001  0.11758426E+003
  0.36573001E-001  0.37233297E+000  0.31461079E+001  0.11758475E+003
  0.36571682E-001  0.37232852E+000  0.31461175E+001  0.11758517E+003
  0.36570351E-001  0.37232355E+000  0.31461238E+001  0.11758551E+003
  0.36569014E-001  0.37231807E+000  0.31461269E+001  0.11758578E+003
  0.36567673E-001  0.37231208E+000  0.31461267E+001  0.11758598E+003
  0.36566334E-001  0.37230559E+000  0.31461231E+001  0.11758611E+003
  0.36565000E-001  0.37229862E+000  0.31461161E+001  0.11758616E+003
  0.36563675E-001  0.37229119E+000  0.31461057E+001  0.11758613E+003
  0.36562362E-001  0.37228331E+000  0.31460919E+001  0.11758602E+003
  0.36561064E-001  0.37227500E+000  0.31460747E+001  0.11758584E+003
  0.36559784E-001  0.37226628E+000  0.31460541E+001  0.11758559E+003
  0.36558525E-001  0.37225718E+000  0.31460302E+001  0.11758526E+003
  0.36557288E-001  0.37224773E+000  0.31460029E+001  0.11758486E+003
  0.36556076E-001  0.37223795E+000  0.31459724E+001  0.11758438E+003
  0.36554891E-001  0.37222788E+000  0.31459386E+001  0.11758384E+003
  0.36553736E-001  0.37221755E+000  0.31459016E+001  0.11758322E+003
  0.36552611E-001  0.37220699E+000  0.31458614E+001  0.11758253E+003
  0.36551518E-001  0.37219625E+000  0.31458182E+001  0.11758178E+003
  0.36550459E-001  0.37218537E+000  0.31457720E+001  0.11758096E+003
  0.36549436E-001  0.37217439E+000  0.31457228E+001  0.11758008E+003
  0.36548449E-001  0.37216334E+000  0.31456707E+001  0.11757914E+003
  0.36547500E-001  0.37215228E+000  0.31456157E+001  0.11757814E+003
  0.36546590E-001  0.37214126E+000  0.31455580E+001  0.11757708E+003
  0.36545720E-001  0.37213031E+000  0.31454976E+001  0.11757597E+003
  0.36544892E-001  0.37211949E+000  0.31454346E+001  0.11757480E+003
  0.36544105E-001  0.37210884E+000  0.31453690E+001  0.11757359E+003
  0.36543361E-001  0.37209841E+000  0.31453009E+001  0.11757232E+003
  0.36542661E-001  0.37208824E+000  0.31452304E+001  0.11757101E+003
  0.36542004E-001  0.37207837E+000  0.31451575E+001  0.11756965E+003
  0.36541391E-001  0.37206885E+000  0.31450825E+001  0.11756825E+003
  0.36540822E-001  0.37205972E+000  0.31450053E+001  0.11756681E+003
  0.36540298E-001  0.37205101E+000  0.31449261E+001  0.11756534E+003
  0.36539818E-001  0.37204276E+000  0.31448450E+001  0.11756382E+003
  0.36539382E-001  0.37203499E+000  0.31447621E+001  0.11756227E+003
  0.36538990E-001  0.37202773E+000  0.31446776E+001  0.11756069E+003
  0.36538640E-001  0.37202100E+000  0.31445916E+001  0.11755907E+003
  0.36538332E-001  0.37201482E+000  0.31445042E+001  0.11755743E+003
  0.36538065E-001  0.37200921E+000  0.31444156E+001  0.11755576E+003
  0.36537839E-001  0.37200416E+000  0.31443260E+001  0.11755406E+003
  0.36537651E-001  0.37199968E+000  0.31442355E+001  0.11755234E+003
  0.36537500E-001  0.37199578E+000  0.31441444E+001  0.11755059E+003
  0.36537385E-001  0.37199244E+000  0.31440529E+001  0.11754882E+003
  0.36537305E-001  0.37198966E+000  0.31439611E+001  0.11754703E+003
  0.36537257E-001  0.37198743E+000  0.31438692E+001  0.11754522E+003
  0.36537239E-001  0.37198572E+000  0.31437776E+001  0.11754339E+003
  0.36537251E-001  0.37198453E+000  0.31436863E+001  0.11754155E+003
  0.36537289E-001  0.37198383E+000  0.31435957E+001  0.11753969E+003
  0.36537352E-001  0.37198358E+000  0.31435058E+001  0.11753781E+003
  0.36537437E-001  0.37198377E+000  0.31434171E+001  0.11753592E+003
  0.36537544E-001  0.37198437E+000  0.31433296E+001  0.11753401E+003
  0.36537670E-001  0.37198535E+000  0.31432435E+001  0.11753210E+003
  0.36537812E-001  0.37198667E+000  0.31431592E+001  0.11753017E+003
  0.36537969E-001  0.37198831E+000  0.31430767E+001  0.11752823E+003
  0.36538140E-001  0.37199023E+000  0.31429962E+001  0.11752629E+003
  0.36538321E-001  0.37199240E+000  0.31429180E+001  0.11752434E+003
  0.36538512E-001  0.37199479E+000  0.31428421E+001  0.11752238E+003
  0.36538711E-001  0.37199737E+000  0.31427687E+001  0.11752041E+003
  0.36538916E-001  0.37200011E+000  0.31426979E+001  0.11751844E+003
  0.36539126E-001  0.37200298E+000  0.31426299E+001  0.11751646E+003
  0.36539339E-001  0.37200596E+000  0.31425647E+001  0.11751449E+003
  0.36539554E-001  0.37200902E+000  0.31425024E+001  0.11751251E+003
  0.36539769E-001  0.37201213E+000  0.31424430E+001  0.11751052E+003
  0.36539985E-001  0.37201528E+000  0.31423867E+001  0.11750854E+003
  0.36540198E-001  0.37201844E+000  0.31423334E+001  0.11750656E+003
  0.36540410E-001  0.37202159E+000  0.31422831E+001  0.11750458E+003
  0.36540618E-001  0.37202472E+000  0.31422359E+001  0.11750261E+003
  0.36540822E-001  0.37202781E+000  0.31421916E+001  0.11750064E+003
  0.36541021E-001  0.37203085E+000  0.31421504E+001  0.11749867E+003
  0.36541215E-001  0.37203382E+000  0.31421120E+001  0.11749671E+003
  0.36541404E-001  0.37203671E+000  0.31420766E+001  0.11749475E+003
  0.36541586E-001  0.37203953E+000  0.31420439E+001  0.11749281E+003
  0.36541762E-001  0.37204225E+000  0.31420139E+001  0.11749087E+003
  0.36541932E-001  0.37204487E+000  0.31419865E+001  0.11748894E+003
  0.36542094E-001  0.37204739E+000  0.31419617E+001  0.11748702E+003
  0.36542249E-001  0.37204981E+000  0.31419393E+001  0.11748511E+003
  0.36542398E-001  0.37205211E+000  0.31419192E+001  0.11748322E+003
  0.36542539E-001  0.37205430E+000  0.31419012E+001  0.11748134E+003
  0.36542673E-001  0.37205639E+000  0.31418854E+001  0.11747947E+003
  0.36542799E-001  0.37205836E+000  0.31418715E+001  0.11747762E+003
  0.36542919E-001  0.37206022E+000  0.31418595E+001  0.11747578E+003
  0.36543032E-001  0.37206197E+000  0.31418491E+001  0.11747396E+003
  0.36543138E-001  0.37206361E+000  0.31418404E+001  0.11747216E+003
  0.36543237E-001  0.37206515E+000  0.31418332E+001  0.11747037E+003
  0.36543329E-001  0.37206658E+000  0.31418273E+001  0.11746860E+003
  0.36543416E-001  0.37206792E+000  0.31418227E+001  0.11746686E+003
  0.36543496E-001  0.37206916E+000  0.31418192E+001  0.11746513E+003
  0.36543571E-001  0.37207031E+000  0.31418168E+001  0.11746342E+003
  0.36543640E-001  0.37207136E+000  0.31418154E+001  0.11746174E+003
  0.36543703E-001  0.37207234E+000  0.31418147E+001  0.11746008E+003
  0.36543762E-001  0.37207323E+000  0.31418149E+001  0.11745843E+003
  0.36543815E-001  0.37207405E+000  0.31418157E+001  0.11745682E+003
  0.36543864E-001  0.37207479E+000  0.31418171E+001  0.11745522E+003
  0.36543909E-001  0.37207547E+000  0.31418190E+001  0.11745365E+003
  0.36543949E-001  0.37207608E+000  0.31418214E+001  0.11745210E+003
  0.36543986E-001  0.37207663E+000  0.31418241E+001  0.11745058E+003
  0.36544019E-001  0.37207713E+000  0.31418271E+001  0.11744908E+003
  0.36544048E-001  0.37207757E+000  0.31418304E+001  0.11744761E+003
  0.36544075E-001  0.37207796E+000  0.31418340E+001  0.11744616E+003
  0.36544098E-001  0.37207831E+000  0.31418376E+001  0.11744474E+003
  0.36544119E-001  0.37207861E+000  0.31418414E+001  0.11744335E+003
  0.36544137E-001  0.37207888E+000  0.31418452E+001  0.11744198E+003
  0.36544152E-001  0.37207911E+000  0.31418491E+001  0.11744064E+003
  0.36544166E-001  0.37207930E+000  0.31418530E+001  0.11743932E+003
  0.36544177E-001  0.37207947E+000  0.31418569E+001  0.11743803E+003
  0.36544187E-001  0.37207961E+000  0.31418607E+001  0.11743677E+003
  0.36544195E-001  0.37207972E+000  0.31418645E+001  0.11743553E+003
  0.36544202E-001  0.37207982E+000  0.31418682E+001  0.11743432E+003
  0.36544207E-001  0.37207989E+000  0.31418718E+001  0.11743314E+003
  0.36544211E-001  0.37207994E+000  0.31418753E+001  0.11743198E+003
  0.36544214E-001  0.37207998E+000  0.31418786E+001  0.11743085E+003
  0.36544216E-001  0.37208000E+000  0.31418819E+001  0.11742975E+003
  0.36544217E-001  0.37208001E+000  0.31418849E+001  0.11742867E+003
  0.36544218E-001  0.37208001E+000  0.31418879E+001  0.11742762E+003
  0.36544217E-001  0.37208000E+000  0.31418907E+001  0.11742660E+003
  0.36544217E-001  0.37207999E+000  0.31418934E+001  0.11742560E+003
  0.36544215E-001  0.37207996E+000  0.31418959E+001  0.11742463E+003
  0.36544214E-001  0.37207993E+000  0.31418982E+001  0.11742368E+003
  0.36544211E-001  0.37207990E+000  0.31419005E+001  0.11742276E+003
  0.36544209E-001  0.37207986E+000  0.31419025E+001  0.11742186E+003
  0.36544207E-001  0.37207982E+000  0.31419045E+001  0.11742099E+003
  0.36544204E-001  0.37207977E+000  0.31419063E+001  0.11742014E+003
  0.36544201E-001  0.37207972E+000  0.31419080E+001  0.11741932E+003
  0.36544198E-001  0.37207968E+000  0.31419095E+001  0.11741852E+003
  0.36544195E-001  0.37207963E+000  0.31419109E+001  0.11741774E+003
