  0.15876857E+001
  0.15875475E+001
  0.15874679E+001
  0.15874210E+001
  0.15873934E+001
  0.15873775E+001
  0.15873688E+001
  0.15873645E+001
  0.15873630E+001
  0.15873629E+001
  0.15873636E+001
  0.15873645E+001
  0.15873653E+001
  0.15873657E+001
  0.15873656E+001
  0.15873648E+001
  0.15873634E+001
  0.15873612E+001
  0.15873582E+001
  0.15873545E+001
  0.15873501E+001
  0.15873449E+001
  0.15873390E+001
  0.15873324E+001
  0.15873251E+001
  0.15873172E+001
  0.15873087E+001
  0.15872996E+001
  0.15872899E+001
  0.15872798E+001
  0.15872691E+001
  0.15872581E+001
  0.15872466E+001
  0.15872348E+001
  0.15872227E+001
  0.15872104E+001
  0.15871978E+001
  0.15871850E+001
  0.15871722E+001
  0.15871592E+001
  0.15871462E+001
  0.15871332E+001
  0.15871202E+001
  0.15871074E+001
  0.15870947E+001
  0.15870821E+001
  0.15870699E+001
  0.15870579E+001
  0.15870462E+001
  0.15870348E+001
  0.15870239E+001
  0.15870135E+001
  0.15870035E+001
  0.15869940E+001
  0.15869852E+001
  0.15869769E+001
  0.15869693E+001
  0.15869624E+001
  0.15869562E+001
  0.15869507E+001
  0.15869461E+001
  0.15869423E+001
  0.15869394E+001
  0.15869373E+001
  0.15869362E+001
  0.15869361E+001
  0.15869369E+001
  0.15869386E+001
  0.15869414E+001
  0.15869452E+001
  0.15869500E+001
  0.15869558E+001
  0.15869626E+001
  0.15869704E+001
  0.15869792E+001
  0.15869889E+001
  0.15869995E+001
  0.15870110E+001
  0.15870233E+001
  0.15870364E+001
  0.15870503E+001
  0.15870648E+001
  0.15870799E+001
  0.15870956E+001
  0.15871117E+001
  0.15871282E+001
  0.15871450E+001
  0.15871621E+001
  0.15871794E+001
  0.15871967E+001
  0.15872141E+001
  0.15872314E+001
  0.15872487E+001
  0.15872657E+001
  0.15872826E+001
  0.15872991E+001
  0.15873154E+001
  0.15873313E+001
  0.15873468E+001
  0.15873618E+001
  0.15873765E+001
  0.15873906E+001
  0.15874043E+001
  0.15874174E+001
  0.15874301E+001
  0.15874422E+001
  0.15874539E+001
  0.15874651E+001
  0.15874757E+001
  0.15874859E+001
  0.15874957E+001
  0.15875050E+001
  0.15875138E+001
  0.15875223E+001
  0.15875303E+001
  0.15875379E+001
  0.15875452E+001
  0.15875522E+001
  0.15875588E+001
  0.15875651E+001
  0.15875711E+001
  0.15875768E+001
  0.15875823E+001
  0.15875875E+001
  0.15875925E+001
  0.15875973E+001
  0.15876019E+001
  0.15876062E+001
  0.15876104E+001
  0.15876145E+001
  0.15876183E+001
  0.15876220E+001
  0.15876256E+001
  0.15876291E+001
  0.15876324E+001
  0.15876355E+001
  0.15876386E+001
  0.15876416E+001
  0.15876444E+001
  0.15876471E+001
  0.15876498E+001
  0.15876523E+001
  0.15876548E+001
  0.15876571E+001
  0.15876594E+001
  0.15876616E+001
  0.15876637E+001
  0.15876657E+001
  0.15876676E+001
  0.15876695E+001
  0.15876713E+001
  0.15876730E+001
  0.15876746E+001
  0.15876761E+001
  0.15876776E+001
  0.15876790E+001
  0.15876803E+001
  0.15876816E+001
  0.15876828E+001
  0.15876840E+001
  0.15876850E+001
  0.15876860E+001
  0.15876870E+001
  0.15876879E+001
  0.15876887E+001
  0.15876895E+001
  0.15876902E+001
  0.15876909E+001
  0.15876915E+001
  0.15876921E+001
  0.15876926E+001
  0.15876931E+001
  0.15876935E+001
  0.15876939E+001
  0.15876942E+001
  0.15876945E+001
  0.15876948E+001
  0.15876950E+001
  0.15876952E+001
  0.15876954E+001
  0.15876955E+001
  0.15876956E+001
  0.15876957E+001
  0.15876958E+001
  0.15876958E+001
  0.15876958E+001
  0.15876958E+001
  0.15876958E+001
  0.15876957E+001
  0.15876957E+001
  0.15876956E+001
  0.15876955E+001
  0.15876954E+001
  0.15876953E+001
  0.15876951E+001
  0.15876950E+001
  0.15876948E+001
  0.15876947E+001
  0.15876945E+001
  0.15876944E+001
