  0.10888939E+001  0.57814730E+000  0.92416509E+000  0.37595369E+001
  0.10914802E+001  0.57711538E+000  0.92326089E+000  0.37583338E+001
  0.10954376E+001  0.57430361E+000  0.92238092E+000  0.37577499E+001
  0.10954310E+001  0.57465799E+000  0.92542761E+000  0.37541679E+001
  0.10955289E+001  0.57453988E+000  0.92613474E+000  0.37533705E+001
  0.10961669E+001  0.57416717E+000  0.92608551E+000  0.37530908E+001
  0.10968857E+001  0.57542591E+000  0.92417498E+000  0.37529890E+001
  0.10968681E+001  0.57540289E+000  0.92432146E+000  0.37528662E+001
  0.10969181E+001  0.57698652E+000  0.92272467E+000  0.37528231E+001
  0.10969039E+001  0.57792880E+000  0.92180686E+000  0.37528125E+001
  0.10968918E+001  0.57792634E+000  0.92181059E+000  0.37528262E+001
  0.10968827E+001  0.57809346E+000  0.92208424E+000  0.37523980E+001
  0.10968717E+001  0.57809094E+000  0.92207904E+000  0.37524199E+001
  0.10970590E+001  0.57809456E+000  0.92186979E+000  0.37524398E+001
  0.10970491E+001  0.57809553E+000  0.92186027E+000  0.37524578E+001
  0.10970397E+001  0.57809326E+000  0.92185420E+000  0.37524725E+001
  0.10971671E+001  0.57795461E+000  0.92183925E+000  0.37524929E+001
  0.10971583E+001  0.57796985E+000  0.92181829E+000  0.37524987E+001
  0.10971528E+001  0.57796460E+000  0.92186778E+000  0.37524482E+001
  0.10971443E+001  0.57800827E+000  0.92181641E+000  0.37524496E+001
  0.10971361E+001  0.57840802E+000  0.92140886E+000  0.37524479E+001
  0.10971277E+001  0.57840607E+000  0.92158721E+000  0.37522590E+001
  0.10971195E+001  0.57840411E+000  0.92158135E+000  0.37522515E+001
  0.10971112E+001  0.57840213E+000  0.92157539E+000  0.37522412E+001
  0.10971029E+001  0.57840016E+000  0.92156931E+000  0.37522285E+001
  0.10970946E+001  0.57839818E+000  0.92156309E+000  0.37522133E+001
  0.10970863E+001  0.57839618E+000  0.92155671E+000  0.37521959E+001
  0.10970779E+001  0.57839416E+000  0.92155016E+000  0.37521765E+001
  0.10970694E+001  0.57839210E+000  0.92154343E+000  0.37521552E+001
  0.10970608E+001  0.57839002E+000  0.92153650E+000  0.37521322E+001
  0.10970521E+001  0.57838790E+000  0.92152937E+000  0.37521076E+001
  0.10970434E+001  0.57838950E+000  0.92151828E+000  0.37520816E+001
  0.10970346E+001  0.57838730E+000  0.92151071E+000  0.37520544E+001
  0.10970256E+001  0.57838507E+000  0.92150293E+000  0.37520262E+001
  0.10970166E+001  0.57838280E+000  0.92149492E+000  0.37519971E+001
  0.10970075E+001  0.57838048E+000  0.92148668E+000  0.37519673E+001
  0.10969983E+001  0.57837812E+000  0.92147821E+000  0.37519370E+001
  0.10969891E+001  0.57837572E+000  0.92146951E+000  0.37519063E+001
  0.10969798E+001  0.57837327E+000  0.92146060E+000  0.37518754E+001
  0.10969705E+001  0.57837077E+000  0.92145146E+000  0.37518444E+001
  0.10969612E+001  0.57836824E+000  0.92144212E+000  0.37518136E+001
  0.10969519E+001  0.57836566E+000  0.92143258E+000  0.37517830E+001
  0.10969442E+001  0.57836145E+000  0.92142285E+000  0.37517528E+001
  0.10969350E+001  0.57838291E+000  0.92138878E+000  0.37517232E+001
  0.10969259E+001  0.57838022E+000  0.92175054E+000  0.37496432E+001
  0.10969169E+001  0.57837750E+000  0.92174370E+000  0.37495966E+001
  0.10969080E+001  0.57837475E+000  0.92173677E+000  0.37495509E+001
  0.10968993E+001  0.57837198E+000  0.92172976E+000  0.37495062E+001
  0.10968908E+001  0.57836918E+000  0.92172271E+000  0.37494626E+001
  0.10968826E+001  0.57836637E+000  0.92171564E+000  0.37494203E+001
  0.10968747E+001  0.57836356E+000  0.92170858E+000  0.37493794E+001
  0.10968671E+001  0.57836074E+000  0.92170157E+000  0.37493401E+001
  0.10968600E+001  0.57835793E+000  0.92169464E+000  0.37493025E+001
  0.10968532E+001  0.57835514E+000  0.92168782E+000  0.37492667E+001
  0.10968470E+001  0.57835238E+000  0.92168118E+000  0.37492328E+001
  0.10968412E+001  0.57834966E+000  0.92167474E+000  0.37492011E+001
  0.10968360E+001  0.57834699E+000  0.92166856E+000  0.37491715E+001
  0.10968314E+001  0.57834440E+000  0.92123950E+000  0.37514347E+001
  0.10968274E+001  0.57834189E+000  0.92123133E+000  0.37514246E+001
  0.10968296E+001  0.57833393E+000  0.92122374E+000  0.37514162E+001
  0.10968269E+001  0.57833164E+000  0.92121679E+000  0.37514095E+001
  0.10968250E+001  0.57832950E+000  0.92121056E+000  0.37514046E+001
  0.10968239E+001  0.57832758E+000  0.92120508E+000  0.37514014E+001
  0.10968234E+001  0.57832587E+000  0.92120046E+000  0.37514000E+001
  0.10968238E+001  0.57832437E+000  0.92119676E+000  0.37514004E+001
  0.10968249E+001  0.57832309E+000  0.92119405E+000  0.37514026E+001
  0.10968269E+001  0.57832205E+000  0.92119238E+000  0.37514066E+001
  0.10968296E+001  0.57832129E+000  0.92119180E+000  0.37514124E+001
  0.10968331E+001  0.57832077E+000  0.92119236E+000  0.37514199E+001
  0.10968373E+001  0.57832054E+000  0.92119409E+000  0.37514293E+001
  0.10968423E+001  0.57832059E+000  0.92119701E+000  0.37514406E+001
  0.10968480E+001  0.57832094E+000  0.92120112E+000  0.37514536E+001
  0.10968544E+001  0.57832160E+000  0.92120645E+000  0.37514684E+001
  0.10968615E+001  0.57832257E+000  0.92121297E+000  0.37514850E+001
  0.10968692E+001  0.57832386E+000  0.92122067E+000  0.37515034E+001
  0.10968774E+001  0.57832545E+000  0.92122952E+000  0.37515236E+001
  0.10968862E+001  0.57832734E+000  0.92123948E+000  0.37515454E+001
  0.10968955E+001  0.57832952E+000  0.92125050E+000  0.37515690E+001
  0.10969052E+001  0.57833199E+000  0.92126253E+000  0.37515941E+001
  0.10969152E+001  0.57833473E+000  0.92127550E+000  0.37516208E+001
  0.10969258E+001  0.57833762E+000  0.92128934E+000  0.37516489E+001
  0.10969365E+001  0.57834084E+000  0.92130398E+000  0.37516784E+001
  0.10969474E+001  0.57834427E+000  0.92131932E+000  0.37517091E+001
  0.10969586E+001  0.57834789E+000  0.92133529E+000  0.37517410E+001
  0.10969699E+001  0.57835167E+000  0.92135180E+000  0.37517739E+001
  0.10969813E+001  0.57835560E+000  0.92136875E+000  0.37518076E+001
  0.10969928E+001  0.57835963E+000  0.92138607E+000  0.37518421E+001
  0.10970043E+001  0.57836376E+000  0.92140365E+000  0.37518772E+001
  0.10970158E+001  0.57836794E+000  0.92142142E+000  0.37519127E+001
  0.10970273E+001  0.57837257E+000  0.92143887E+000  0.37519486E+001
  0.10970388E+001  0.57837680E+000  0.92145674E+000  0.37519845E+001
  0.10970501E+001  0.57838100E+000  0.92147456E+000  0.37520205E+001
  0.10970614E+001  0.57838517E+000  0.92149223E+000  0.37520563E+001
  0.10970726E+001  0.57838927E+000  0.92150970E+000  0.37520918E+001
  0.10970836E+001  0.57839328E+000  0.92152689E+000  0.37521269E+001
  0.10970946E+001  0.57839718E+000  0.92154375E+000  0.37521615E+001
  0.10971054E+001  0.57840096E+000  0.92156022E+000  0.37521955E+001
  0.10971160E+001  0.57840460E+000  0.92157625E+000  0.37522287E+001
  0.10971265E+001  0.57840808E+000  0.92159181E+000  0.37522611E+001
  0.10971369E+001  0.57841140E+000  0.92160685E+000  0.37522927E+001
  0.10971471E+001  0.57841454E+000  0.92162134E+000  0.37523233E+001
  0.10971572E+001  0.57841749E+000  0.92163526E+000  0.37523529E+001
  0.10971672E+001  0.57842026E+000  0.92164859E+000  0.37523815E+001
  0.10971770E+001  0.57842283E+000  0.92166130E+000  0.37524090E+001
  0.10971867E+001  0.57842521E+000  0.92167339E+000  0.37524355E+001
  0.10971963E+001  0.57842740E+000  0.92168486E+000  0.37524609E+001
  0.10972058E+001  0.57842940E+000  0.92169569E+000  0.37524852E+001
  0.10972152E+001  0.57843123E+000  0.92170589E+000  0.37525085E+001
  0.10972244E+001  0.57843288E+000  0.92171546E+000  0.37525307E+001
  0.10972336E+001  0.57843436E+000  0.92172442E+000  0.37525519E+001
  0.10972426E+001  0.57843570E+000  0.92173277E+000  0.37525721E+001
  0.10972515E+001  0.57843689E+000  0.92174052E+000  0.37525914E+001
  0.10972604E+001  0.57843795E+000  0.92174769E+000  0.37526097E+001
  0.10972691E+001  0.57843890E+000  0.92175430E+000  0.37526272E+001
  0.10972777E+001  0.57843975E+000  0.92176036E+000  0.37526438E+001
  0.10972862E+001  0.57844052E+000  0.92176590E+000  0.37526595E+001
  0.10972946E+001  0.57844121E+000  0.92177094E+000  0.37526746E+001
  0.10973029E+001  0.57844185E+000  0.92177549E+000  0.37526888E+001
  0.10973111E+001  0.57844245E+000  0.92177959E+000  0.37527024E+001
  0.10973191E+001  0.57844302E+000  0.92178325E+000  0.37527154E+001
  0.10973270E+001  0.57844358E+000  0.92178651E+000  0.37527277E+001
  0.10973347E+001  0.57844414E+000  0.92178937E+000  0.37527395E+001
  0.10973424E+001  0.57844472E+000  0.92179187E+000  0.37527507E+001
  0.10973498E+001  0.57844531E+000  0.92179403E+000  0.37527614E+001
  0.10973571E+001  0.57844594E+000  0.92179588E+000  0.37527716E+001
  0.10973642E+001  0.57844661E+000  0.92179743E+000  0.37527813E+001
  0.10973711E+001  0.57844733E+000  0.92179871E+000  0.37527907E+001
  0.10973779E+001  0.57844811E+000  0.92179975E+000  0.37527997E+001
  0.10973845E+001  0.57844894E+000  0.92180056E+000  0.37528082E+001
  0.10973908E+001  0.57844984E+000  0.92180116E+000  0.37528165E+001
  0.10973970E+001  0.57845080E+000  0.92180159E+000  0.37528244E+001
  0.10974030E+001  0.57845183E+000  0.92180184E+000  0.37528320E+001
  0.10974087E+001  0.57845292E+000  0.92180196E+000  0.37528393E+001
  0.10974142E+001  0.57845408E+000  0.92180194E+000  0.37528464E+001
  0.10974196E+001  0.57845530E+000  0.92180181E+000  0.37528532E+001
  0.10974247E+001  0.57845658E+000  0.92180159E+000  0.37528598E+001
  0.10974296E+001  0.57845792E+000  0.92180128E+000  0.37528661E+001
  0.10974342E+001  0.57845930E+000  0.92180091E+000  0.37528722E+001
  0.10974387E+001  0.57846073E+000  0.92180049E+000  0.37528782E+001
  0.10974429E+001  0.57846219E+000  0.92180002E+000  0.37528839E+001
  0.10974469E+001  0.57846369E+000  0.92179952E+000  0.37528894E+001
  0.10974507E+001  0.57846522E+000  0.92179900E+000  0.37528948E+001
  0.10974543E+001  0.57846676E+000  0.92179846E+000  0.37529000E+001
  0.10974577E+001  0.57846832E+000  0.92179792E+000  0.37529050E+001
  0.10974609E+001  0.57846989E+000  0.92179738E+000  0.37529098E+001
  0.10974639E+001  0.57847145E+000  0.92179685E+000  0.37529145E+001
  0.10974667E+001  0.57847301E+000  0.92179633E+000  0.37529191E+001
  0.10974693E+001  0.57847456E+000  0.92179583E+000  0.37529235E+001
  0.10974718E+001  0.57847609E+000  0.92179534E+000  0.37529277E+001
  0.10974740E+001  0.57847760E+000  0.92179488E+000  0.37529318E+001
  0.10974761E+001  0.57847907E+000  0.92179445E+000  0.37529358E+001
  0.10974781E+001  0.57848052E+000  0.92179404E+000  0.37529396E+001
  0.10974799E+001  0.57848193E+000  0.92179366E+000  0.37529433E+001
  0.10974815E+001  0.57848330E+000  0.92179331E+000  0.37529468E+001
  0.10974830E+001  0.57848463E+000  0.92179299E+000  0.37529502E+001
  0.10974844E+001  0.57848591E+000  0.92179270E+000  0.37529535E+001
  0.10974856E+001  0.57848715E+000  0.92179244E+000  0.37529567E+001
  0.10974868E+001  0.57848833E+000  0.92179221E+000  0.37529597E+001
  0.10974878E+001  0.57848947E+000  0.92179200E+000  0.37529625E+001
  0.10974887E+001  0.57849055E+000  0.92179182E+000  0.37529653E+001
  0.10974895E+001  0.57849158E+000  0.92179166E+000  0.37529679E+001
  0.10974902E+001  0.57849256E+000  0.92179153E+000  0.37529703E+001
  0.10974908E+001  0.57849348E+000  0.92179142E+000  0.37529727E+001
  0.10974914E+001  0.57849436E+000  0.92179133E+000  0.37529749E+001
  0.10974919E+001  0.57849518E+000  0.92179126E+000  0.37529770E+001
  0.10974923E+001  0.57849595E+000  0.92179120E+000  0.37529790E+001
  0.10974927E+001  0.57849667E+000  0.92179116E+000  0.37529808E+001
  0.10974930E+001  0.57849735E+000  0.92179114E+000  0.37529825E+001
  0.10974932E+001  0.57849797E+000  0.92179113E+000  0.37529841E+001
  0.10974934E+001  0.57849856E+000  0.92179113E+000  0.37529856E+001
  0.10974936E+001  0.57849910E+000  0.92179114E+000  0.37529870E+001
  0.10974937E+001  0.57849959E+000  0.92179116E+000  0.37529882E+001
  0.10974938E+001  0.57850005E+000  0.92179118E+000  0.37529894E+001
  0.10974938E+001  0.57850047E+000  0.92179121E+000  0.37529904E+001
  0.10974939E+001  0.57850086E+000  0.92179125E+000  0.37529914E+001
  0.10974939E+001  0.57850121E+000  0.92179129E+000  0.37529922E+001
  0.10974939E+001  0.57850152E+000  0.92179134E+000  0.37529929E+001
  0.10974938E+001  0.57850181E+000  0.92179139E+000  0.37529936E+001
  0.10974938E+001  0.57850207E+000  0.92179144E+000  0.37529941E+001
  0.10974937E+001  0.57850230E+000  0.92179149E+000  0.37529946E+001
  0.10974936E+001  0.57850251E+000  0.92179154E+000  0.37529949E+001
  0.10974935E+001  0.57850270E+000  0.92179159E+000  0.37529952E+001
  0.10974935E+001  0.57850286E+000  0.92179164E+000  0.37529954E+001
  0.10974934E+001  0.57850301E+000  0.92179169E+000  0.37529955E+001
  0.10974933E+001  0.57850313E+000  0.92179175E+000  0.37529956E+001
  0.10974932E+001  0.57850324E+000  0.92179179E+000  0.37529956E+001
  0.10974930E+001  0.57850334E+000  0.92179184E+000  0.37529955E+001
  0.10974929E+001  0.57850342E+000  0.92179189E+000  0.37529953E+001
  0.10974928E+001  0.57850349E+000  0.92179193E+000  0.37529951E+001
  0.10974927E+001  0.57850354E+000  0.92179197E+000  0.37529949E+001
  0.10974926E+001  0.57850359E+000  0.92179201E+000  0.37529946E+001
  0.10974925E+001  0.57850363E+000  0.92179205E+000  0.37529942E+001
  0.10974924E+001  0.57850366E+000  0.92179208E+000  0.37529938E+001
  0.10974923E+001  0.57850368E+000  0.92179212E+000  0.37529934E+001
  0.10974922E+001  0.57850369E+000  0.92179215E+000  0.37529929E+001
  0.10974922E+001  0.57850370E+000  0.92179218E+000  0.37529924E+001
  0.10974921E+001  0.57850371E+000  0.92179221E+000  0.37529918E+001
  0.10974920E+001  0.57850371E+000  0.92179223E+000  0.37529912E+001
  0.10974919E+001  0.57850371E+000  0.92179226E+000  0.37529907E+001
  0.10974918E+001  0.57850370E+000  0.92179228E+000  0.37529900E+001
