 -0.50351565E-001
 -0.50355621E-001
 -0.50358541E-001
 -0.50360633E-001
 -0.50362114E-001
 -0.50363142E-001
 -0.50363832E-001
 -0.50364271E-001
 -0.50364521E-001
 -0.50364631E-001
 -0.50364638E-001
 -0.50364570E-001
 -0.50364446E-001
 -0.50364284E-001
 -0.50364095E-001
 -0.50363889E-001
 -0.50363671E-001
 -0.50363448E-001
 -0.50363223E-001
 -0.50362999E-001
 -0.50362778E-001
 -0.50362561E-001
 -0.50362350E-001
 -0.50362144E-001
 -0.50361943E-001
 -0.50361748E-001
 -0.50361558E-001
 -0.50361373E-001
 -0.50361192E-001
 -0.50361014E-001
 -0.50360839E-001
 -0.50360665E-001
 -0.50360492E-001
 -0.50360319E-001
 -0.50360146E-001
 -0.50359970E-001
 -0.50359792E-001
 -0.50359610E-001
 -0.50359425E-001
 -0.50359234E-001
 -0.50359037E-001
 -0.50358834E-001
 -0.50358625E-001
 -0.50358408E-001
 -0.50358183E-001
 -0.50357951E-001
 -0.50357710E-001
 -0.50357462E-001
 -0.50357204E-001
 -0.50356939E-001
 -0.50356665E-001
 -0.50356384E-001
 -0.50356095E-001
 -0.50355798E-001
 -0.50355495E-001
 -0.50355185E-001
 -0.50354870E-001
 -0.50354549E-001
 -0.50354223E-001
 -0.50353893E-001
 -0.50353560E-001
 -0.50353226E-001
 -0.50352896E-001
 -0.50352567E-001
 -0.50352237E-001
 -0.50351907E-001
 -0.50351578E-001
 -0.50351250E-001
 -0.50350923E-001
 -0.50350599E-001
 -0.50350278E-001
 -0.50349960E-001
 -0.50349647E-001
 -0.50349339E-001
 -0.50349036E-001
 -0.50348739E-001
 -0.50348449E-001
 -0.50348165E-001
 -0.50347889E-001
 -0.50347621E-001
 -0.50347361E-001
 -0.50347110E-001
 -0.50346869E-001
 -0.50346637E-001
 -0.50346415E-001
 -0.50346204E-001
 -0.50346004E-001
 -0.50345816E-001
 -0.50345639E-001
 -0.50345475E-001
 -0.50345322E-001
 -0.50345183E-001
 -0.50345056E-001
 -0.50344941E-001
 -0.50344840E-001
 -0.50344751E-001
 -0.50344675E-001
 -0.50344611E-001
 -0.50344560E-001
 -0.50344522E-001
 -0.50344495E-001
 -0.50344480E-001
 -0.50344477E-001
 -0.50344484E-001
 -0.50344503E-001
 -0.50344531E-001
 -0.50344570E-001
 -0.50344618E-001
 -0.50344676E-001
 -0.50344741E-001
 -0.50344816E-001
 -0.50344897E-001
 -0.50344986E-001
 -0.50345082E-001
 -0.50345184E-001
 -0.50345293E-001
 -0.50345406E-001
 -0.50345525E-001
 -0.50345648E-001
 -0.50345776E-001
 -0.50345907E-001
 -0.50346041E-001
 -0.50346179E-001
 -0.50346319E-001
 -0.50346461E-001
 -0.50346606E-001
 -0.50346751E-001
 -0.50346898E-001
 -0.50347046E-001
 -0.50347194E-001
 -0.50347342E-001
 -0.50347490E-001
 -0.50347638E-001
 -0.50347785E-001
 -0.50347931E-001
 -0.50348076E-001
 -0.50348219E-001
 -0.50348361E-001
 -0.50348500E-001
 -0.50348637E-001
 -0.50348772E-001
 -0.50348904E-001
 -0.50349034E-001
 -0.50349160E-001
 -0.50349283E-001
 -0.50349404E-001
 -0.50349520E-001
 -0.50349634E-001
 -0.50349744E-001
 -0.50349850E-001
 -0.50349952E-001
 -0.50350051E-001
 -0.50350146E-001
 -0.50350237E-001
 -0.50350325E-001
 -0.50350409E-001
 -0.50350488E-001
 -0.50350565E-001
 -0.50350637E-001
 -0.50350706E-001
 -0.50350772E-001
 -0.50350834E-001
 -0.50350892E-001
 -0.50350947E-001
 -0.50350999E-001
 -0.50351048E-001
 -0.50351094E-001
 -0.50351137E-001
 -0.50351176E-001
 -0.50351214E-001
 -0.50351248E-001
 -0.50351281E-001
 -0.50351310E-001
 -0.50351338E-001
 -0.50351363E-001
 -0.50351386E-001
 -0.50351408E-001
 -0.50351427E-001
 -0.50351445E-001
 -0.50351462E-001
 -0.50351476E-001
 -0.50351490E-001
 -0.50351502E-001
 -0.50351512E-001
 -0.50351522E-001
 -0.50351531E-001
 -0.50351538E-001
 -0.50351545E-001
 -0.50351551E-001
 -0.50351556E-001
 -0.50351561E-001
 -0.50351565E-001
 -0.50351568E-001
 -0.50351571E-001
 -0.50351573E-001
 -0.50351575E-001
 -0.50351577E-001
 -0.50351578E-001
 -0.50351579E-001
 -0.50351580E-001
