  0.16380372E+001
  0.16379031E+001
  0.16378264E+001
  0.16377816E+001
  0.16377555E+001
  0.16377406E+001
  0.16377326E+001
  0.16377288E+001
  0.16377275E+001
  0.16377275E+001
  0.16377282E+001
  0.16377291E+001
  0.16377297E+001
  0.16377300E+001
  0.16377296E+001
  0.16377287E+001
  0.16377270E+001
  0.16377246E+001
  0.16377215E+001
  0.16377175E+001
  0.16377129E+001
  0.16377075E+001
  0.16377013E+001
  0.16376945E+001
  0.16376870E+001
  0.16376789E+001
  0.16376702E+001
  0.16376609E+001
  0.16376511E+001
  0.16376408E+001
  0.16376300E+001
  0.16376187E+001
  0.16376071E+001
  0.16375952E+001
  0.16375829E+001
  0.16375704E+001
  0.16375576E+001
  0.16375447E+001
  0.16375316E+001
  0.16375184E+001
  0.16375052E+001
  0.16374920E+001
  0.16374788E+001
  0.16374658E+001
  0.16374528E+001
  0.16374401E+001
  0.16374276E+001
  0.16374153E+001
  0.16374034E+001
  0.16373918E+001
  0.16373806E+001
  0.16373698E+001
  0.16373596E+001
  0.16373498E+001
  0.16373407E+001
  0.16373321E+001
  0.16373242E+001
  0.16373169E+001
  0.16373104E+001
  0.16373046E+001
  0.16372997E+001
  0.16372955E+001
  0.16372923E+001
  0.16372899E+001
  0.16372885E+001
  0.16372880E+001
  0.16372884E+001
  0.16372899E+001
  0.16372923E+001
  0.16372958E+001
  0.16373003E+001
  0.16373058E+001
  0.16373123E+001
  0.16373197E+001
  0.16373282E+001
  0.16373376E+001
  0.16373479E+001
  0.16373592E+001
  0.16373712E+001
  0.16373841E+001
  0.16373976E+001
  0.16374119E+001
  0.16374268E+001
  0.16374422E+001
  0.16374581E+001
  0.16374744E+001
  0.16374910E+001
  0.16375079E+001
  0.16375250E+001
  0.16375422E+001
  0.16375594E+001
  0.16375766E+001
  0.16375937E+001
  0.16376107E+001
  0.16376274E+001
  0.16376439E+001
  0.16376601E+001
  0.16376759E+001
  0.16376913E+001
  0.16377064E+001
  0.16377210E+001
  0.16377351E+001
  0.16377487E+001
  0.16377619E+001
  0.16377746E+001
  0.16377868E+001
  0.16377985E+001
  0.16378097E+001
  0.16378204E+001
  0.16378307E+001
  0.16378405E+001
  0.16378499E+001
  0.16378588E+001
  0.16378673E+001
  0.16378755E+001
  0.16378832E+001
  0.16378906E+001
  0.16378977E+001
  0.16379044E+001
  0.16379109E+001
  0.16379170E+001
  0.16379229E+001
  0.16379285E+001
  0.16379338E+001
  0.16379390E+001
  0.16379439E+001
  0.16379486E+001
  0.16379531E+001
  0.16379575E+001
  0.16379617E+001
  0.16379657E+001
  0.16379695E+001
  0.16379733E+001
  0.16379768E+001
  0.16379803E+001
  0.16379836E+001
  0.16379868E+001
  0.16379899E+001
  0.16379929E+001
  0.16379958E+001
  0.16379986E+001
  0.16380012E+001
  0.16380038E+001
  0.16380063E+001
  0.16380087E+001
  0.16380110E+001
  0.16380132E+001
  0.16380153E+001
  0.16380174E+001
  0.16380193E+001
  0.16380212E+001
  0.16380230E+001
  0.16380247E+001
  0.16380264E+001
  0.16380279E+001
  0.16380294E+001
  0.16380308E+001
  0.16380322E+001
  0.16380335E+001
  0.16380347E+001
  0.16380358E+001
  0.16380369E+001
  0.16380379E+001
  0.16380388E+001
  0.16380397E+001
  0.16380405E+001
  0.16380413E+001
  0.16380420E+001
  0.16380427E+001
  0.16380433E+001
  0.16380438E+001
  0.16380443E+001
  0.16380448E+001
  0.16380452E+001
  0.16380456E+001
  0.16380459E+001
  0.16380462E+001
  0.16380465E+001
  0.16380467E+001
  0.16380469E+001
  0.16380470E+001
  0.16380471E+001
  0.16380472E+001
  0.16380473E+001
  0.16380473E+001
  0.16380474E+001
  0.16380473E+001
  0.16380473E+001
  0.16380473E+001
  0.16380472E+001
  0.16380471E+001
  0.16380470E+001
  0.16380469E+001
  0.16380468E+001
  0.16380467E+001
  0.16380466E+001
  0.16380464E+001
  0.16380463E+001
  0.16380461E+001
  0.16380459E+001
