  0.12523276E+001
  0.12523494E+001
  0.12523856E+001
  0.12524221E+001
  0.12524555E+001
  0.12524848E+001
  0.12525102E+001
  0.12525321E+001
  0.12525510E+001
  0.12525671E+001
  0.12525811E+001
  0.12525932E+001
  0.12526037E+001
  0.12526128E+001
  0.12526209E+001
  0.12526280E+001
  0.12526343E+001
  0.12526400E+001
  0.12526451E+001
  0.12526497E+001
  0.12526540E+001
  0.12526579E+001
  0.12526616E+001
  0.12526650E+001
  0.12526683E+001
  0.12526714E+001
  0.12526745E+001
  0.12526774E+001
  0.12526803E+001
  0.12526831E+001
  0.12526858E+001
  0.12526886E+001
  0.12526914E+001
  0.12526941E+001
  0.12526969E+001
  0.12526996E+001
  0.12527024E+001
  0.12527053E+001
  0.12527081E+001
  0.12527110E+001
  0.12527139E+001
  0.12527168E+001
  0.12527197E+001
  0.12527227E+001
  0.12527257E+001
  0.12527287E+001
  0.12527317E+001
  0.12527348E+001
  0.12527378E+001
  0.12527409E+001
  0.12527439E+001
  0.12527470E+001
  0.12527500E+001
  0.12527530E+001
  0.12527559E+001
  0.12527589E+001
  0.12527618E+001
  0.12527646E+001
  0.12527674E+001
  0.12527701E+001
  0.12527727E+001
  0.12527753E+001
  0.12527777E+001
  0.12527801E+001
  0.12527824E+001
  0.12527845E+001
  0.12527866E+001
  0.12527885E+001
  0.12527903E+001
  0.12527920E+001
  0.12527935E+001
  0.12527949E+001
  0.12527962E+001
  0.12527973E+001
  0.12527982E+001
  0.12527990E+001
  0.12527996E+001
  0.12528001E+001
  0.12528004E+001
  0.12528005E+001
  0.12528005E+001
  0.12528003E+001
  0.12528000E+001
  0.12527995E+001
  0.12527988E+001
  0.12527979E+001
  0.12527969E+001
  0.12527957E+001
  0.12527943E+001
  0.12527928E+001
  0.12527911E+001
  0.12527893E+001
  0.12527873E+001
  0.12527852E+001
  0.12527829E+001
  0.12527804E+001
  0.12527779E+001
  0.12527751E+001
  0.12527723E+001
  0.12527693E+001
  0.12527662E+001
  0.12527630E+001
  0.12527596E+001
  0.12527562E+001
  0.12527526E+001
  0.12527490E+001
  0.12527452E+001
  0.12527413E+001
  0.12527374E+001
  0.12527333E+001
  0.12527292E+001
  0.12527249E+001
  0.12527206E+001
  0.12527162E+001
  0.12527118E+001
  0.12527073E+001
  0.12527027E+001
  0.12526980E+001
  0.12526933E+001
  0.12526885E+001
  0.12526837E+001
  0.12526788E+001
  0.12526738E+001
  0.12526688E+001
  0.12526638E+001
  0.12526587E+001
  0.12526536E+001
  0.12526484E+001
  0.12526432E+001
  0.12526380E+001
  0.12526327E+001
  0.12526274E+001
  0.12526221E+001
  0.12526168E+001
  0.12526114E+001
  0.12526060E+001
  0.12526006E+001
  0.12525951E+001
  0.12525897E+001
  0.12525842E+001
  0.12525788E+001
  0.12525733E+001
  0.12525678E+001
  0.12525623E+001
  0.12525568E+001
  0.12525513E+001
  0.12525458E+001
  0.12525403E+001
  0.12525349E+001
  0.12525294E+001
  0.12525239E+001
  0.12525185E+001
  0.12525131E+001
  0.12525077E+001
  0.12525023E+001
  0.12524969E+001
  0.12524916E+001
  0.12524863E+001
  0.12524810E+001
  0.12524758E+001
  0.12524706E+001
  0.12524655E+001
  0.12524603E+001
  0.12524553E+001
  0.12524502E+001
  0.12524452E+001
  0.12524403E+001
  0.12524354E+001
  0.12524306E+001
  0.12524258E+001
  0.12524211E+001
  0.12524164E+001
  0.12524118E+001
  0.12524073E+001
  0.12524028E+001
  0.12523984E+001
  0.12523940E+001
  0.12523897E+001
  0.12523855E+001
  0.12523814E+001
  0.12523773E+001
  0.12523733E+001
  0.12523693E+001
  0.12523655E+001
  0.12523617E+001
  0.12523579E+001
  0.12523543E+001
  0.12523507E+001
  0.12523472E+001
  0.12523438E+001
  0.12523404E+001
  0.12523372E+001
  0.12523340E+001
  0.12523308E+001
  0.12523278E+001
  0.12523248E+001
  0.12523219E+001
  0.12523191E+001
  0.12523163E+001
  0.12523136E+001
