  0.59906954E+000
  0.59912875E+000
  0.59915322E+000
  0.59916217E+000
  0.59916398E+000
  0.59916240E+000
  0.59915917E+000
  0.59915514E+000
  0.59915077E+000
  0.59914631E+000
  0.59914192E+000
  0.59913769E+000
  0.59913367E+000
  0.59912988E+000
  0.59912634E+000
  0.59912304E+000
  0.59911999E+000
  0.59911717E+000
  0.59911457E+000
  0.59911219E+000
  0.59911000E+000
  0.59910799E+000
  0.59910615E+000
  0.59910446E+000
  0.59910292E+000
  0.59910150E+000
  0.59910020E+000
  0.59909901E+000
  0.59909791E+000
  0.59909689E+000
  0.59909595E+000
  0.59909508E+000
  0.59909427E+000
  0.59909351E+000
  0.59909279E+000
  0.59909211E+000
  0.59909145E+000
  0.59909083E+000
  0.59909022E+000
  0.59908963E+000
  0.59908904E+000
  0.59908847E+000
  0.59908789E+000
  0.59908732E+000
  0.59908674E+000
  0.59908616E+000
  0.59908557E+000
  0.59908498E+000
  0.59908437E+000
  0.59908375E+000
  0.59908313E+000
  0.59908249E+000
  0.59908185E+000
  0.59908119E+000
  0.59908053E+000
  0.59907986E+000
  0.59907918E+000
  0.59907850E+000
  0.59907782E+000
  0.59907713E+000
  0.59907645E+000
  0.59907603E+000
  0.59907688E+000
  0.59907805E+000
  0.59907930E+000
  0.59908056E+000
  0.59908182E+000
  0.59908307E+000
  0.59908432E+000
  0.59908556E+000
  0.59908678E+000
  0.59908799E+000
  0.59908918E+000
  0.59909035E+000
  0.59909148E+000
  0.59909259E+000
  0.59909366E+000
  0.59909470E+000
  0.59909569E+000
  0.59909664E+000
  0.59909753E+000
  0.59909838E+000
  0.59909917E+000
  0.59909990E+000
  0.59910058E+000
  0.59910119E+000
  0.59910175E+000
  0.59910224E+000
  0.59910267E+000
  0.59910304E+000
  0.59910335E+000
  0.59910360E+000
  0.59910380E+000
  0.59910394E+000
  0.59910403E+000
  0.59910407E+000
  0.59910407E+000
  0.59910402E+000
  0.59910393E+000
  0.59910380E+000
  0.59910364E+000
  0.59910344E+000
  0.59910322E+000
  0.59910297E+000
  0.59910270E+000
  0.59910240E+000
  0.59910209E+000
  0.59910176E+000
  0.59910142E+000
  0.59910106E+000
  0.59910069E+000
  0.59910032E+000
  0.59909993E+000
  0.59909954E+000
  0.59909914E+000
  0.59909874E+000
  0.59909834E+000
  0.59909793E+000
  0.59909752E+000
  0.59909711E+000
  0.59909670E+000
  0.59909629E+000
  0.59909589E+000
  0.59909548E+000
  0.59909508E+000
  0.59909468E+000
  0.59909428E+000
  0.59909389E+000
  0.59909351E+000
  0.59909313E+000
  0.59909275E+000
  0.59909238E+000
  0.59909202E+000
  0.59909167E+000
  0.59909133E+000
  0.59909099E+000
  0.59909066E+000
  0.59909035E+000
  0.59909004E+000
  0.59908974E+000
  0.59908945E+000
  0.59908918E+000
  0.59908891E+000
  0.59908866E+000
  0.59908842E+000
  0.59908819E+000
  0.59908797E+000
  0.59908776E+000
  0.59908757E+000
  0.59908739E+000
  0.59908722E+000
  0.59908706E+000
  0.59908691E+000
  0.59908678E+000
  0.59908665E+000
  0.59908654E+000
  0.59908644E+000
  0.59908635E+000
  0.59908627E+000
  0.59908620E+000
  0.59908614E+000
  0.59908609E+000
  0.59908605E+000
  0.59908602E+000
  0.59908599E+000
  0.59908597E+000
  0.59908596E+000
  0.59908596E+000
  0.59908596E+000
  0.59908596E+000
  0.59908598E+000
  0.59908599E+000
  0.59908601E+000
  0.59908604E+000
  0.59908607E+000
  0.59908610E+000
  0.59908613E+000
  0.59908617E+000
  0.59908621E+000
  0.59908625E+000
  0.59908629E+000
  0.59908633E+000
  0.59908637E+000
  0.59908642E+000
  0.59908646E+000
  0.59908650E+000
  0.59908655E+000
  0.59908659E+000
  0.59908663E+000
  0.59908667E+000
  0.59908671E+000
  0.59908675E+000
  0.59908679E+000
  0.59908683E+000
  0.59908686E+000
  0.59908690E+000
  0.59908693E+000
  0.59908697E+000
  0.59908700E+000
  0.59908703E+000
