  0.65978867E+000  0.85326047E+000  0.97646148E+000  0.25198002E+001
  0.65987963E+000  0.85323244E+000  0.97640831E+000  0.25198777E+001
  0.66010398E+000  0.85304908E+000  0.97638768E+000  0.25200019E+001
  0.66010428E+000  0.85306935E+000  0.97649903E+000  0.25200162E+001
  0.66010785E+000  0.85306776E+000  0.97654000E+000  0.25201065E+001
  0.66012841E+000  0.85306904E+000  0.97654409E+000  0.25201980E+001
  0.66019340E+000  0.85314567E+000  0.97642209E+000  0.25202801E+001
  0.66019370E+000  0.85314370E+000  0.97643532E+000  0.25203560E+001
  0.66019557E+000  0.85321214E+000  0.97637630E+000  0.25204201E+001
  0.66019584E+000  0.85329938E+000  0.97629855E+000  0.25204751E+001
  0.66019626E+000  0.85329971E+000  0.97628842E+000  0.25205403E+001
  0.66019498E+000  0.85330609E+000  0.97631022E+000  0.25205617E+001
  0.66019516E+000  0.85330646E+000  0.97631415E+000  0.25205992E+001
  0.66020839E+000  0.85329892E+000  0.97631184E+000  0.25206324E+001
  0.66020852E+000  0.85329934E+000  0.97631429E+000  0.25206616E+001
  0.66020866E+000  0.85329960E+000  0.97631663E+000  0.25206873E+001
  0.66021747E+000  0.85329115E+000  0.97631914E+000  0.25207097E+001
  0.66021754E+000  0.85329328E+000  0.97631932E+000  0.25207300E+001
  0.66022131E+000  0.85328981E+000  0.97632368E+000  0.25207458E+001
  0.66022137E+000  0.85329189E+000  0.97632359E+000  0.25207623E+001
  0.66022520E+000  0.85330037E+000  0.97631321E+000  0.25207774E+001
  0.66022524E+000  0.85330057E+000  0.97631935E+000  0.25207868E+001
  0.66022527E+000  0.85330078E+000  0.97632091E+000  0.25207997E+001
  0.66022534E+000  0.85330093E+000  0.97632243E+000  0.25208118E+001
  0.66022536E+000  0.85330113E+000  0.97632392E+000  0.25208232E+001
  0.66022537E+000  0.85330133E+000  0.97632539E+000  0.25208340E+001
  0.66022538E+000  0.85330153E+000  0.97632684E+000  0.25208444E+001
  0.66022539E+000  0.85330173E+000  0.97632829E+000  0.25208545E+001
  0.66022540E+000  0.85330193E+000  0.97632973E+000  0.25208643E+001
  0.66022540E+000  0.85330213E+000  0.97633118E+000  0.25208739E+001
  0.66022541E+000  0.85330233E+000  0.97633263E+000  0.25208833E+001
  0.66022541E+000  0.85330279E+000  0.97633385E+000  0.25208927E+001
  0.66022542E+000  0.85330300E+000  0.97633533E+000  0.25209020E+001
  0.66022543E+000  0.85330321E+000  0.97633682E+000  0.25209113E+001
  0.66022544E+000  0.85330343E+000  0.97633834E+000  0.25209206E+001
  0.66022545E+000  0.85330364E+000  0.97633987E+000  0.25209299E+001
  0.66022546E+000  0.85330386E+000  0.97634142E+000  0.25209393E+001
  0.66022548E+000  0.85330409E+000  0.97634300E+000  0.25209488E+001
  0.66022551E+000  0.85330431E+000  0.97634459E+000  0.25209583E+001
  0.66022554E+000  0.85330454E+000  0.97634621E+000  0.25209679E+001
  0.66022557E+000  0.85330477E+000  0.97634785E+000  0.25209775E+001
  0.66022562E+000  0.85330500E+000  0.97634952E+000  0.25209873E+001
  0.66022569E+000  0.85330521E+000  0.97635120E+000  0.25209971E+001
  0.66022581E+000  0.85331124E+000  0.97634705E+000  0.25210070E+001
  0.66022587E+000  0.85331148E+000  0.97623352E+000  0.25202154E+001
  0.66022595E+000  0.85331172E+000  0.97623423E+000  0.25202181E+001
  0.66022604E+000  0.85331195E+000  0.97623494E+000  0.25202209E+001
  0.66022615E+000  0.85331219E+000  0.97623567E+000  0.25202237E+001
  0.66022626E+000  0.85331243E+000  0.97623642E+000  0.25202265E+001
  0.66022639E+000  0.85331266E+000  0.97623718E+000  0.25202293E+001
  0.66022654E+000  0.85331289E+000  0.97623796E+000  0.25202322E+001
  0.66022670E+000  0.85331313E+000  0.97623875E+000  0.25202350E+001
  0.66022688E+000  0.85331336E+000  0.97623957E+000  0.25202378E+001
  0.66022708E+000  0.85331358E+000  0.97624041E+000  0.25202407E+001
  0.66022730E+000  0.85331381E+000  0.97624127E+000  0.25202436E+001
  0.66022754E+000  0.85331403E+000  0.97624216E+000  0.25202465E+001
  0.66022780E+000  0.85331425E+000  0.97624308E+000  0.25202495E+001
  0.66022808E+000  0.85331446E+000  0.97637225E+000  0.25211439E+001
  0.66022838E+000  0.85331468E+000  0.97637407E+000  0.25211527E+001
  0.66022890E+000  0.85331469E+000  0.97637587E+000  0.25211612E+001
  0.66022925E+000  0.85331490E+000  0.97637766E+000  0.25211694E+001
  0.66022961E+000  0.85331510E+000  0.97637944E+000  0.25211772E+001
  0.66023000E+000  0.85331533E+000  0.97638117E+000  0.25211848E+001
  0.66023042E+000  0.85331556E+000  0.97638288E+000  0.25211919E+001
  0.66023085E+000  0.85331579E+000  0.97638457E+000  0.25211986E+001
  0.66023130E+000  0.85331602E+000  0.97638624E+000  0.25212049E+001
  0.66023177E+000  0.85331625E+000  0.97638789E+000  0.25212108E+001
  0.66023227E+000  0.85331648E+000  0.97638951E+000  0.25212161E+001
  0.66023277E+000  0.85331672E+000  0.97639111E+000  0.25212210E+001
  0.66023330E+000  0.85331695E+000  0.97639267E+000  0.25212253E+001
  0.66023384E+000  0.85331718E+000  0.97639421E+000  0.25212292E+001
  0.66023439E+000  0.85331742E+000  0.97639572E+000  0.25212324E+001
  0.66023495E+000  0.85331765E+000  0.97639719E+000  0.25212352E+001
  0.66023552E+000  0.85331788E+000  0.97639862E+000  0.25212373E+001
  0.66023610E+000  0.85331812E+000  0.97640002E+000  0.25212389E+001
  0.66023668E+000  0.85331835E+000  0.97640137E+000  0.25212399E+001
  0.66023727E+000  0.85331858E+000  0.97640267E+000  0.25212403E+001
  0.66023785E+000  0.85331881E+000  0.97640393E+000  0.25212401E+001
  0.66023844E+000  0.85331904E+000  0.97640513E+000  0.25212393E+001
  0.66023902E+000  0.85331926E+000  0.97640628E+000  0.25212380E+001
  0.66023965E+000  0.85331942E+000  0.97640737E+000  0.25212360E+001
  0.66024022E+000  0.85331964E+000  0.97640839E+000  0.25212334E+001
  0.66024078E+000  0.85331985E+000  0.97640935E+000  0.25212302E+001
  0.66024133E+000  0.85332005E+000  0.97641025E+000  0.25212265E+001
  0.66024186E+000  0.85332024E+000  0.97641107E+000  0.25212222E+001
  0.66024238E+000  0.85332043E+000  0.97641182E+000  0.25212173E+001
  0.66024288E+000  0.85332060E+000  0.97641249E+000  0.25212118E+001
  0.66024337E+000  0.85332077E+000  0.97641308E+000  0.25212058E+001
  0.66024383E+000  0.85332092E+000  0.97641359E+000  0.25211992E+001
  0.66024428E+000  0.85332106E+000  0.97641400E+000  0.25211922E+001
  0.66024471E+000  0.85332119E+000  0.97641434E+000  0.25211846E+001
  0.66024512E+000  0.85332129E+000  0.97641458E+000  0.25211764E+001
  0.66024551E+000  0.85332139E+000  0.97641474E+000  0.25211679E+001
  0.66024588E+000  0.85332146E+000  0.97641481E+000  0.25211588E+001
  0.66024623E+000  0.85332152E+000  0.97641478E+000  0.25211492E+001
  0.66024655E+000  0.85332155E+000  0.97641466E+000  0.25211393E+001
  0.66024686E+000  0.85332157E+000  0.97641445E+000  0.25211288E+001
  0.66024715E+000  0.85332157E+000  0.97641414E+000  0.25211180E+001
  0.66024742E+000  0.85332156E+000  0.97641374E+000  0.25211068E+001
  0.66024767E+000  0.85332152E+000  0.97641325E+000  0.25210951E+001
  0.66024790E+000  0.85332146E+000  0.97641267E+000  0.25210831E+001
  0.66024812E+000  0.85332139E+000  0.97641199E+000  0.25210708E+001
  0.66024832E+000  0.85332129E+000  0.97641123E+000  0.25210581E+001
  0.66024851E+000  0.85332118E+000  0.97641038E+000  0.25210450E+001
  0.66024867E+000  0.85332105E+000  0.97640944E+000  0.25210317E+001
  0.66024883E+000  0.85332091E+000  0.97640842E+000  0.25210180E+001
  0.66024897E+000  0.85332074E+000  0.97640732E+000  0.25210040E+001
  0.66024910E+000  0.85332057E+000  0.97640614E+000  0.25209898E+001
  0.66024921E+000  0.85332038E+000  0.97640489E+000  0.25209752E+001
  0.66024932E+000  0.85332017E+000  0.97640357E+000  0.25209604E+001
  0.66024941E+000  0.85331996E+000  0.97640217E+000  0.25209454E+001
  0.66024949E+000  0.85331973E+000  0.97640071E+000  0.25209301E+001
  0.66024957E+000  0.85331950E+000  0.97639919E+000  0.25209145E+001
  0.66024963E+000  0.85331925E+000  0.97639761E+000  0.25208988E+001
  0.66024968E+000  0.85331900E+000  0.97639597E+000  0.25208828E+001
  0.66024972E+000  0.85331875E+000  0.97639429E+000  0.25208666E+001
  0.66024975E+000  0.85331849E+000  0.97639255E+000  0.25208502E+001
  0.66024978E+000  0.85331822E+000  0.97639078E+000  0.25208335E+001
  0.66024979E+000  0.85331796E+000  0.97638896E+000  0.25208167E+001
  0.66024980E+000  0.85331769E+000  0.97638711E+000  0.25207997E+001
  0.66024980E+000  0.85331742E+000  0.97638522E+000  0.25207825E+001
  0.66024979E+000  0.85331716E+000  0.97638331E+000  0.25207652E+001
  0.66024977E+000  0.85331689E+000  0.97638137E+000  0.25207476E+001
  0.66024974E+000  0.85331663E+000  0.97637941E+000  0.25207299E+001
  0.66024970E+000  0.85331638E+000  0.97637743E+000  0.25207120E+001
  0.66024966E+000  0.85331612E+000  0.97637545E+000  0.25206940E+001
  0.66024961E+000  0.85331587E+000  0.97637345E+000  0.25206758E+001
  0.66024955E+000  0.85331563E+000  0.97637144E+000  0.25206574E+001
  0.66024948E+000  0.85331539E+000  0.97636943E+000  0.25206390E+001
  0.66024940E+000  0.85331516E+000  0.97636742E+000  0.25206203E+001
  0.66024932E+000  0.85331494E+000  0.97636542E+000  0.25206016E+001
  0.66024923E+000  0.85331472E+000  0.97636342E+000  0.25205827E+001
  0.66024913E+000  0.85331451E+000  0.97636143E+000  0.25205637E+001
  0.66024902E+000  0.85331431E+000  0.97635945E+000  0.25205446E+001
  0.66024891E+000  0.85331411E+000  0.97635749E+000  0.25205253E+001
  0.66024879E+000  0.85331392E+000  0.97635555E+000  0.25205060E+001
  0.66024867E+000  0.85331374E+000  0.97635363E+000  0.25204866E+001
  0.66024854E+000  0.85331356E+000  0.97635173E+000  0.25204670E+001
  0.66024841E+000  0.85331339E+000  0.97634986E+000  0.25204474E+001
  0.66024827E+000  0.85331323E+000  0.97634801E+000  0.25204277E+001
  0.66024813E+000  0.85331308E+000  0.97634619E+000  0.25204079E+001
  0.66024798E+000  0.85331293E+000  0.97634441E+000  0.25203881E+001
  0.66024783E+000  0.85331279E+000  0.97634266E+000  0.25203682E+001
  0.66024768E+000  0.85331265E+000  0.97634095E+000  0.25203482E+001
  0.66024753E+000  0.85331252E+000  0.97633927E+000  0.25203282E+001
  0.66024737E+000  0.85331239E+000  0.97633763E+000  0.25203081E+001
  0.66024722E+000  0.85331227E+000  0.97633604E+000  0.25202880E+001
  0.66024706E+000  0.85331216E+000  0.97633448E+000  0.25202679E+001
  0.66024690E+000  0.85331205E+000  0.97633296E+000  0.25202478E+001
  0.66024675E+000  0.85331194E+000  0.97633149E+000  0.25202277E+001
  0.66024659E+000  0.85331184E+000  0.97633006E+000  0.25202076E+001
  0.66024644E+000  0.85331174E+000  0.97632868E+000  0.25201874E+001
  0.66024629E+000  0.85331165E+000  0.97632734E+000  0.25201673E+001
  0.66024614E+000  0.85331156E+000  0.97632604E+000  0.25201473E+001
  0.66024599E+000  0.85331147E+000  0.97632480E+000  0.25201272E+001
  0.66024584E+000  0.85331139E+000  0.97632359E+000  0.25201072E+001
  0.66024570E+000  0.85331131E+000  0.97632243E+000  0.25200873E+001
  0.66024556E+000  0.85331123E+000  0.97632132E+000  0.25200675E+001
  0.66024543E+000  0.85331116E+000  0.97632025E+000  0.25200477E+001
  0.66024530E+000  0.85331109E+000  0.97631923E+000  0.25200279E+001
  0.66024517E+000  0.85331102E+000  0.97631825E+000  0.25200083E+001
  0.66024505E+000  0.85331096E+000  0.97631731E+000  0.25199888E+001
  0.66024493E+000  0.85331090E+000  0.97631642E+000  0.25199694E+001
  0.66024482E+000  0.85331084E+000  0.97631557E+000  0.25199501E+001
  0.66024471E+000  0.85331078E+000  0.97631476E+000  0.25199310E+001
  0.66024461E+000  0.85331073E+000  0.97631399E+000  0.25199120E+001
  0.66024451E+000  0.85331068E+000  0.97631326E+000  0.25198931E+001
  0.66024441E+000  0.85331063E+000  0.97631257E+000  0.25198744E+001
  0.66024432E+000  0.85331058E+000  0.97631192E+000  0.25198559E+001
  0.66024424E+000  0.85331054E+000  0.97631130E+000  0.25198375E+001
  0.66024416E+000  0.85331050E+000  0.97631072E+000  0.25198193E+001
  0.66024408E+000  0.85331046E+000  0.97631017E+000  0.25198013E+001
  0.66024401E+000  0.85331042E+000  0.97630965E+000  0.25197835E+001
  0.66024394E+000  0.85331039E+000  0.97630917E+000  0.25197659E+001
  0.66024388E+000  0.85331035E+000  0.97630872E+000  0.25197485E+001
  0.66024382E+000  0.85331032E+000  0.97630829E+000  0.25197314E+001
  0.66024376E+000  0.85331029E+000  0.97630789E+000  0.25197145E+001
  0.66024371E+000  0.85331026E+000  0.97630752E+000  0.25196978E+001
  0.66024366E+000  0.85331024E+000  0.97630718E+000  0.25196813E+001
  0.66024362E+000  0.85331021E+000  0.97630686E+000  0.25196651E+001
  0.66024358E+000  0.85331019E+000  0.97630656E+000  0.25196491E+001
  0.66024354E+000  0.85331017E+000  0.97630629E+000  0.25196334E+001
  0.66024350E+000  0.85331015E+000  0.97630603E+000  0.25196180E+001
  0.66024347E+000  0.85331013E+000  0.97630580E+000  0.25196028E+001
  0.66024344E+000  0.85331012E+000  0.97630558E+000  0.25195879E+001
  0.66024341E+000  0.85331010E+000  0.97630538E+000  0.25195732E+001
  0.66024339E+000  0.85331009E+000  0.97630520E+000  0.25195588E+001
  0.66024337E+000  0.85331007E+000  0.97630503E+000  0.25195447E+001
  0.66024335E+000  0.85331006E+000  0.97630488E+000  0.25195309E+001
  0.66024333E+000  0.85331005E+000  0.97630474E+000  0.25195174E+001
  0.66024331E+000  0.85331004E+000  0.97630461E+000  0.25195041E+001
  0.66024330E+000  0.85331003E+000  0.97630449E+000  0.25194912E+001
  0.66024329E+000  0.85331002E+000  0.97630439E+000  0.25194785E+001
  0.66024328E+000  0.85331001E+000  0.97630430E+000  0.25194661E+001
  0.66024327E+000  0.85331001E+000  0.97630421E+000  0.25194540E+001
  0.66024326E+000  0.85331000E+000  0.97630413E+000  0.25194422E+001
  0.66024325E+000  0.85331000E+000  0.97630407E+000  0.25194306E+001
  0.66024324E+000  0.85330999E+000  0.97630400E+000  0.25194194E+001
  0.66024324E+000  0.85330999E+000  0.97630395E+000  0.25194084E+001
  0.66024323E+000  0.85330998E+000  0.97630390E+000  0.25193977E+001
