  0.70142081E+000  0.85305927E+000  0.10376777E+001  0.24171531E+001
  0.70142663E+000  0.85305776E+000  0.10376927E+001  0.24172210E+001
  0.70143133E+000  0.85305677E+000  0.10377106E+001  0.24173439E+001
  0.70143516E+000  0.85305597E+000  0.10377267E+001  0.24174711E+001
  0.70143832E+000  0.85305526E+000  0.10377405E+001  0.24175881E+001
  0.70144096E+000  0.85305460E+000  0.10377523E+001  0.24176917E+001
  0.70144318E+000  0.85305397E+000  0.10377625E+001  0.24177815E+001
  0.70144507E+000  0.85305338E+000  0.10377713E+001  0.24178590E+001
  0.70144670E+000  0.85305280E+000  0.10377790E+001  0.24179256E+001
  0.70144812E+000  0.85305224E+000  0.10377858E+001  0.24179827E+001
  0.70144937E+000  0.85305170E+000  0.10377918E+001  0.24180318E+001
  0.70145049E+000  0.85305117E+000  0.10377972E+001  0.24180741E+001
  0.70145150E+000  0.85305065E+000  0.10378020E+001  0.24181107E+001
  0.70145242E+000  0.85305014E+000  0.10378065E+001  0.24181426E+001
  0.70145327E+000  0.85304964E+000  0.10378105E+001  0.24181704E+001
  0.70145407E+000  0.85304914E+000  0.10378143E+001  0.24181947E+001
  0.70145482E+000  0.85304865E+000  0.10378178E+001  0.24182163E+001
  0.70145554E+000  0.85304815E+000  0.10378211E+001  0.24182354E+001
  0.70145623E+000  0.85304766E+000  0.10378242E+001  0.24182525E+001
  0.70145691E+000  0.85304716E+000  0.10378272E+001  0.24182679E+001
  0.70145757E+000  0.85304666E+000  0.10378301E+001  0.24182818E+001
  0.70145822E+000  0.85304616E+000  0.10378330E+001  0.24182946E+001
  0.70145887E+000  0.85304565E+000  0.10378357E+001  0.24183064E+001
  0.70145953E+000  0.85304514E+000  0.10378384E+001  0.24183173E+001
  0.70146019E+000  0.85304462E+000  0.10378411E+001  0.24183276E+001
  0.70146086E+000  0.85304409E+000  0.10378438E+001  0.24183374E+001
  0.70146154E+000  0.85304355E+000  0.10378464E+001  0.24183466E+001
  0.70146223E+000  0.85304300E+000  0.10378491E+001  0.24183556E+001
  0.70146294E+000  0.85304244E+000  0.10378517E+001  0.24183642E+001
  0.70146368E+000  0.85304187E+000  0.10378544E+001  0.24183726E+001
  0.70146443E+000  0.85304128E+000  0.10378571E+001  0.24183809E+001
  0.70146521E+000  0.85304067E+000  0.10378598E+001  0.24183890E+001
  0.70146602E+000  0.85304005E+000  0.10378626E+001  0.24183971E+001
  0.70146686E+000  0.85303940E+000  0.10378654E+001  0.24184051E+001
  0.70146773E+000  0.85303873E+000  0.10378682E+001  0.24184131E+001
  0.70146863E+000  0.85303804E+000  0.10378711E+001  0.24184212E+001
  0.70146957E+000  0.85303732E+000  0.10378740E+001  0.24184292E+001
  0.70147054E+000  0.85303657E+000  0.10378769E+001  0.24184373E+001
  0.70147156E+000  0.85303579E+000  0.10378799E+001  0.24184454E+001
  0.70147261E+000  0.85303498E+000  0.10378830E+001  0.24184536E+001
  0.70147371E+000  0.85303413E+000  0.10378861E+001  0.24184618E+001
  0.70147485E+000  0.85303325E+000  0.10378892E+001  0.24184701E+001
  0.70147604E+000  0.85303234E+000  0.10378924E+001  0.24184784E+001
  0.70147728E+000  0.85303139E+000  0.10378956E+001  0.24184868E+001
  0.70147856E+000  0.85303040E+000  0.10378989E+001  0.24184952E+001
  0.70147989E+000  0.85302938E+000  0.10379022E+001  0.24185037E+001
  0.70148128E+000  0.85302832E+000  0.10379055E+001  0.24185121E+001
  0.70148271E+000  0.85302722E+000  0.10379089E+001  0.24185206E+001
  0.70148420E+000  0.85302609E+000  0.10379123E+001  0.24185290E+001
  0.70148573E+000  0.85302493E+000  0.10379157E+001  0.24185375E+001
  0.70148732E+000  0.85302374E+000  0.10379191E+001  0.24185458E+001
  0.70148895E+000  0.85302251E+000  0.10379225E+001  0.24185541E+001
  0.70149063E+000  0.85302127E+000  0.10379259E+001  0.24185624E+001
  0.70149234E+000  0.85302001E+000  0.10379293E+001  0.24185705E+001
  0.70149410E+000  0.85301873E+000  0.10379328E+001  0.24185785E+001
  0.70149589E+000  0.85301744E+000  0.10379361E+001  0.24185863E+001
  0.70149771E+000  0.85301616E+000  0.10379395E+001  0.24185940E+001
  0.70149955E+000  0.85301488E+000  0.10379428E+001  0.24186014E+001
  0.70150141E+000  0.85301362E+000  0.10379461E+001  0.24186087E+001
  0.70150327E+000  0.85301239E+000  0.10379493E+001  0.24186157E+001
  0.70150514E+000  0.85301119E+000  0.10379525E+001  0.24186224E+001
  0.70150699E+000  0.85301004E+000  0.10379555E+001  0.24186288E+001
  0.70150881E+000  0.85300894E+000  0.10379586E+001  0.24186349E+001
  0.70151060E+000  0.85300792E+000  0.10379615E+001  0.24186407E+001
  0.70151235E+000  0.85300698E+000  0.10379643E+001  0.24186462E+001
  0.70151404E+000  0.85300612E+000  0.10379671E+001  0.24186512E+001
  0.70151568E+000  0.85300538E+000  0.10379697E+001  0.24186559E+001
  0.70151723E+000  0.85300475E+000  0.10379722E+001  0.24186602E+001
  0.70151870E+000  0.85300424E+000  0.10379746E+001  0.24186640E+001
  0.70152006E+000  0.85300388E+000  0.10379769E+001  0.24186674E+001
  0.70152131E+000  0.85300365E+000  0.10379791E+001  0.24186704E+001
  0.70152243E+000  0.85300359E+000  0.10379811E+001  0.24186728E+001
  0.70152341E+000  0.85300368E+000  0.10379830E+001  0.24186749E+001
  0.70152425E+000  0.85300394E+000  0.10379847E+001  0.24186764E+001
  0.70152494E+000  0.85300438E+000  0.10379863E+001  0.24186775E+001
  0.70152547E+000  0.85300499E+000  0.10379878E+001  0.24186780E+001
  0.70152582E+000  0.85300577E+000  0.10379891E+001  0.24186781E+001
  0.70152600E+000  0.85300674E+000  0.10379902E+001  0.24186777E+001
  0.70152601E+000  0.85300787E+000  0.10379912E+001  0.24186768E+001
  0.70152584E+000  0.85300918E+000  0.10379920E+001  0.24186754E+001
  0.70152549E+000  0.85301066E+000  0.10379927E+001  0.24186736E+001
  0.70152496E+000  0.85301229E+000  0.10379932E+001  0.24186712E+001
  0.70152425E+000  0.85301408E+000  0.10379935E+001  0.24186684E+001
  0.70152337E+000  0.85301601E+000  0.10379936E+001  0.24186651E+001
  0.70152232E+000  0.85301808E+000  0.10379935E+001  0.24186614E+001
  0.70152111E+000  0.85302026E+000  0.10379933E+001  0.24186572E+001
  0.70151975E+000  0.85302256E+000  0.10379929E+001  0.24186526E+001
  0.70151823E+000  0.85302495E+000  0.10379923E+001  0.24186475E+001
  0.70151658E+000  0.85302743E+000  0.10379916E+001  0.24186420E+001
  0.70151480E+000  0.85302998E+000  0.10379906E+001  0.24186361E+001
  0.70151290E+000  0.85303258E+000  0.10379895E+001  0.24186298E+001
  0.70151089E+000  0.85303522E+000  0.10379882E+001  0.24186231E+001
  0.70150879E+000  0.85303790E+000  0.10379867E+001  0.24186161E+001
  0.70150659E+000  0.85304058E+000  0.10379851E+001  0.24186087E+001
  0.70150432E+000  0.85304327E+000  0.10379833E+001  0.24186009E+001
  0.70150199E+000  0.85304594E+000  0.10379813E+001  0.24185928E+001
  0.70149960E+000  0.85304859E+000  0.10379792E+001  0.24185843E+001
  0.70149716E+000  0.85305120E+000  0.10379769E+001  0.24185756E+001
  0.70149469E+000  0.85305377E+000  0.10379745E+001  0.24185665E+001
  0.70149220E+000  0.85305627E+000  0.10379719E+001  0.24185572E+001
  0.70148969E+000  0.85305870E+000  0.10379693E+001  0.24185475E+001
  0.70148718E+000  0.85306106E+000  0.10379665E+001  0.24185376E+001
  0.70148466E+000  0.85306333E+000  0.10379635E+001  0.24185274E+001
  0.70148216E+000  0.85306551E+000  0.10379605E+001  0.24185169E+001
  0.70147968E+000  0.85306758E+000  0.10379573E+001  0.24185062E+001
  0.70147723E+000  0.85306955E+000  0.10379541E+001  0.24184952E+001
  0.70147480E+000  0.85307142E+000  0.10379508E+001  0.24184841E+001
  0.70147241E+000  0.85307316E+000  0.10379474E+001  0.24184726E+001
  0.70147007E+000  0.85307479E+000  0.10379439E+001  0.24184610E+001
  0.70146777E+000  0.85307630E+000  0.10379403E+001  0.24184491E+001
  0.70146553E+000  0.85307769E+000  0.10379366E+001  0.24184371E+001
  0.70146334E+000  0.85307896E+000  0.10379329E+001  0.24184248E+001
  0.70146121E+000  0.85308011E+000  0.10379292E+001  0.24184123E+001
  0.70145915E+000  0.85308113E+000  0.10379253E+001  0.24183996E+001
  0.70145714E+000  0.85308204E+000  0.10379215E+001  0.24183868E+001
  0.70145521E+000  0.85308284E+000  0.10379175E+001  0.24183737E+001
  0.70145334E+000  0.85308352E+000  0.10379136E+001  0.24183605E+001
  0.70145155E+000  0.85308409E+000  0.10379095E+001  0.24183471E+001
  0.70144982E+000  0.85308455E+000  0.10379055E+001  0.24183336E+001
  0.70144817E+000  0.85308492E+000  0.10379014E+001  0.24183198E+001
  0.70144658E+000  0.85308518E+000  0.10378972E+001  0.24183059E+001
  0.70144507E+000  0.85308535E+000  0.10378931E+001  0.24182919E+001
  0.70144363E+000  0.85308544E+000  0.10378889E+001  0.24182777E+001
  0.70144227E+000  0.85308544E+000  0.10378846E+001  0.24182633E+001
  0.70144097E+000  0.85308537E+000  0.10378804E+001  0.24182488E+001
  0.70143974E+000  0.85308523E+000  0.10378761E+001  0.24182341E+001
  0.70143858E+000  0.85308502E+000  0.10378718E+001  0.24182193E+001
  0.70143749E+000  0.85308476E+000  0.10378675E+001  0.24182043E+001
  0.70143646E+000  0.85308443E+000  0.10378632E+001  0.24181892E+001
  0.70143550E+000  0.85308407E+000  0.10378588E+001  0.24181739E+001
  0.70143460E+000  0.85308365E+000  0.10378545E+001  0.24181585E+001
  0.70143376E+000  0.85308321E+000  0.10378501E+001  0.24181430E+001
  0.70143298E+000  0.85308273E+000  0.10378458E+001  0.24181273E+001
  0.70143226E+000  0.85308222E+000  0.10378415E+001  0.24181114E+001
  0.70143159E+000  0.85308169E+000  0.10378371E+001  0.24180954E+001
  0.70143097E+000  0.85308114E+000  0.10378328E+001  0.24180793E+001
  0.70143040E+000  0.85308058E+000  0.10378286E+001  0.24180630E+001
  0.70142989E+000  0.85308001E+000  0.10378243E+001  0.24180466E+001
  0.70142941E+000  0.85307943E+000  0.10378201E+001  0.24180300E+001
  0.70142899E+000  0.85307885E+000  0.10378160E+001  0.24180133E+001
  0.70142860E+000  0.85307828E+000  0.10378119E+001  0.24179965E+001
  0.70142825E+000  0.85307770E+000  0.10378079E+001  0.24179795E+001
  0.70142794E+000  0.85307713E+000  0.10378039E+001  0.24179624E+001
  0.70142767E+000  0.85307657E+000  0.10378000E+001  0.24179452E+001
  0.70142742E+000  0.85307603E+000  0.10377962E+001  0.24179278E+001
  0.70142721E+000  0.85307549E+000  0.10377925E+001  0.24179103E+001
  0.70142703E+000  0.85307497E+000  0.10377888E+001  0.24178927E+001
  0.70142687E+000  0.85307446E+000  0.10377853E+001  0.24178750E+001
  0.70142674E+000  0.85307397E+000  0.10377818E+001  0.24178572E+001
  0.70142663E+000  0.85307350E+000  0.10377785E+001  0.24178392E+001
  0.70142654E+000  0.85307305E+000  0.10377752E+001  0.24178212E+001
  0.70142647E+000  0.85307261E+000  0.10377721E+001  0.24178031E+001
  0.70142642E+000  0.85307220E+000  0.10377691E+001  0.24177849E+001
  0.70142639E+000  0.85307180E+000  0.10377662E+001  0.24177666E+001
  0.70142637E+000  0.85307142E+000  0.10377634E+001  0.24177483E+001
  0.70142636E+000  0.85307107E+000  0.10377607E+001  0.24177299E+001
  0.70142636E+000  0.85307073E+000  0.10377582E+001  0.24177115E+001
  0.70142638E+000  0.85307041E+000  0.10377557E+001  0.24176930E+001
  0.70142640E+000  0.85307011E+000  0.10377534E+001  0.24176746E+001
  0.70142643E+000  0.85306983E+000  0.10377512E+001  0.24176561E+001
  0.70142647E+000  0.85306957E+000  0.10377491E+001  0.24176376E+001
  0.70142652E+000  0.85306933E+000  0.10377472E+001  0.24176191E+001
  0.70142657E+000  0.85306910E+000  0.10377453E+001  0.24176007E+001
  0.70142662E+000  0.85306889E+000  0.10377436E+001  0.24175823E+001
  0.70142668E+000  0.85306869E+000  0.10377419E+001  0.24175639E+001
  0.70142674E+000  0.85306851E+000  0.10377404E+001  0.24175456E+001
  0.70142680E+000  0.85306835E+000  0.10377390E+001  0.24175274E+001
  0.70142686E+000  0.85306819E+000  0.10377376E+001  0.24175093E+001
  0.70142693E+000  0.85306806E+000  0.10377364E+001  0.24174913E+001
  0.70142699E+000  0.85306793E+000  0.10377352E+001  0.24174734E+001
  0.70142705E+000  0.85306781E+000  0.10377342E+001  0.24174556E+001
  0.70142712E+000  0.85306771E+000  0.10377332E+001  0.24174380E+001
  0.70142718E+000  0.85306762E+000  0.10377323E+001  0.24174205E+001
  0.70142724E+000  0.85306753E+000  0.10377315E+001  0.24174032E+001
  0.70142730E+000  0.85306746E+000  0.10377307E+001  0.24173860E+001
  0.70142736E+000  0.85306739E+000  0.10377300E+001  0.24173690E+001
  0.70142742E+000  0.85306733E+000  0.10377294E+001  0.24173522E+001
  0.70142747E+000  0.85306728E+000  0.10377288E+001  0.24173356E+001
  0.70142753E+000  0.85306724E+000  0.10377283E+001  0.24173193E+001
  0.70142758E+000  0.85306720E+000  0.10377279E+001  0.24173031E+001
  0.70142762E+000  0.85306717E+000  0.10377275E+001  0.24172872E+001
  0.70142767E+000  0.85306714E+000  0.10377271E+001  0.24172715E+001
  0.70142771E+000  0.85306711E+000  0.10377268E+001  0.24172560E+001
  0.70142776E+000  0.85306710E+000  0.10377265E+001  0.24172408E+001
  0.70142779E+000  0.85306708E+000  0.10377263E+001  0.24172258E+001
  0.70142783E+000  0.85306707E+000  0.10377261E+001  0.24172111E+001
  0.70142787E+000  0.85306706E+000  0.10377259E+001  0.24171967E+001
  0.70142790E+000  0.85306705E+000  0.10377257E+001  0.24171825E+001
  0.70142793E+000  0.85306705E+000  0.10377256E+001  0.24171686E+001
  0.70142796E+000  0.85306705E+000  0.10377255E+001  0.24171550E+001
  0.70142798E+000  0.85306705E+000  0.10377254E+001  0.24171417E+001
  0.70142800E+000  0.85306705E+000  0.10377253E+001  0.24171286E+001
  0.70142803E+000  0.85306705E+000  0.10377253E+001  0.24171158E+001
  0.70142805E+000  0.85306706E+000  0.10377252E+001  0.24171033E+001
  0.70142807E+000  0.85306706E+000  0.10377252E+001  0.24170911E+001
  0.70142808E+000  0.85306707E+000  0.10377252E+001  0.24170792E+001
  0.70142810E+000  0.85306708E+000  0.10377252E+001  0.24170676E+001
  0.70142811E+000  0.85306708E+000  0.10377252E+001  0.24170562E+001
  0.70142812E+000  0.85306709E+000  0.10377252E+001  0.24170452E+001
  0.70142814E+000  0.85306710E+000  0.10377252E+001  0.24170344E+001
