  0.52668443E+000
  0.52668742E+000
  0.52668467E+000
  0.52668112E+000
  0.52667776E+000
  0.52667478E+000
  0.52667220E+000
  0.52666997E+000
  0.52666805E+000
  0.52666638E+000
  0.52666492E+000
  0.52666364E+000
  0.52666251E+000
  0.52666150E+000
  0.52666059E+000
  0.52665976E+000
  0.52665901E+000
  0.52665831E+000
  0.52665766E+000
  0.52665704E+000
  0.52665646E+000
  0.52665590E+000
  0.52665536E+000
  0.52665483E+000
  0.52665432E+000
  0.52665381E+000
  0.52665331E+000
  0.52665281E+000
  0.52665230E+000
  0.52665180E+000
  0.52665129E+000
  0.52665077E+000
  0.52665025E+000
  0.52664972E+000
  0.52664918E+000
  0.52664864E+000
  0.52664808E+000
  0.52664751E+000
  0.52664693E+000
  0.52664635E+000
  0.52664575E+000
  0.52664514E+000
  0.52664451E+000
  0.52664388E+000
  0.52664324E+000
  0.52664259E+000
  0.52664193E+000
  0.52664126E+000
  0.52664058E+000
  0.52663990E+000
  0.52663921E+000
  0.52663851E+000
  0.52663781E+000
  0.52663710E+000
  0.52663639E+000
  0.52663568E+000
  0.52663497E+000
  0.52663426E+000
  0.52663356E+000
  0.52663285E+000
  0.52663215E+000
  0.52663146E+000
  0.52663077E+000
  0.52663010E+000
  0.52662943E+000
  0.52662877E+000
  0.52662813E+000
  0.52662750E+000
  0.52662688E+000
  0.52662628E+000
  0.52662570E+000
  0.52662513E+000
  0.52662458E+000
  0.52662406E+000
  0.52662356E+000
  0.52662308E+000
  0.52662262E+000
  0.52662219E+000
  0.52662179E+000
  0.52662141E+000
  0.52662107E+000
  0.52662075E+000
  0.52662046E+000
  0.52662021E+000
  0.52661998E+000
  0.52661979E+000
  0.52661964E+000
  0.52661952E+000
  0.52661943E+000
  0.52661938E+000
  0.52661936E+000
  0.52661938E+000
  0.52661943E+000
  0.52661952E+000
  0.52661964E+000
  0.52661980E+000
  0.52661999E+000
  0.52662022E+000
  0.52662047E+000
  0.52662076E+000
  0.52662108E+000
  0.52662143E+000
  0.52662181E+000
  0.52662221E+000
  0.52662265E+000
  0.52662310E+000
  0.52662359E+000
  0.52662409E+000
  0.52662462E+000
  0.52662516E+000
  0.52662573E+000
  0.52662631E+000
  0.52662691E+000
  0.52662752E+000
  0.52662815E+000
  0.52662879E+000
  0.52662944E+000
  0.52663010E+000
  0.52663076E+000
  0.52663144E+000
  0.52663212E+000
  0.52663281E+000
  0.52663350E+000
  0.52663419E+000
  0.52663489E+000
  0.52663559E+000
  0.52663628E+000
  0.52663698E+000
  0.52663767E+000
  0.52663837E+000
  0.52663906E+000
  0.52663974E+000
  0.52664042E+000
  0.52664109E+000
  0.52664176E+000
  0.52664242E+000
  0.52664308E+000
  0.52664373E+000
  0.52664436E+000
  0.52664499E+000
  0.52664561E+000
  0.52664623E+000
  0.52664683E+000
  0.52664742E+000
  0.52664800E+000
  0.52664856E+000
  0.52664912E+000
  0.52664967E+000
  0.52665020E+000
  0.52665072E+000
  0.52665123E+000
  0.52665172E+000
  0.52665221E+000
  0.52665268E+000
  0.52665314E+000
  0.52665359E+000
  0.52665402E+000
  0.52665444E+000
  0.52665485E+000
  0.52665524E+000
  0.52665563E+000
  0.52665600E+000
  0.52665636E+000
  0.52665670E+000
  0.52665704E+000
  0.52665736E+000
  0.52665767E+000
  0.52665797E+000
  0.52665826E+000
  0.52665854E+000
  0.52665880E+000
  0.52665906E+000
  0.52665930E+000
  0.52665954E+000
  0.52665977E+000
  0.52665998E+000
  0.52666019E+000
  0.52666039E+000
  0.52666058E+000
  0.52666076E+000
  0.52666093E+000
  0.52666110E+000
  0.52666125E+000
  0.52666140E+000
  0.52666155E+000
  0.52666168E+000
  0.52666181E+000
  0.52666193E+000
  0.52666205E+000
  0.52666216E+000
  0.52666227E+000
  0.52666237E+000
  0.52666246E+000
  0.52666256E+000
  0.52666264E+000
  0.52666272E+000
  0.52666280E+000
  0.52666287E+000
  0.52666294E+000
  0.52666301E+000
