 -0.11921776E+000  0.60389155E+000  0.54232138E+001  0.12139254E+003
 -0.11920807E+000  0.60395117E+000  0.54236694E+001  0.12141373E+003
 -0.11920020E+000  0.60399905E+000  0.54240329E+001  0.12143036E+003
 -0.11919370E+000  0.60403849E+000  0.54243299E+001  0.12144373E+003
 -0.11918825E+000  0.60407145E+000  0.54245760E+001  0.12145463E+003
 -0.11918361E+000  0.60409936E+000  0.54247828E+001  0.12146361E+003
 -0.11917962E+000  0.60412322E+000  0.54249581E+001  0.12147107E+003
 -0.11917614E+000  0.60414387E+000  0.54251083E+001  0.12147732E+003
 -0.11917306E+000  0.60416190E+000  0.54252383E+001  0.12148258E+003
 -0.11917032E+000  0.60417778E+000  0.54253516E+001  0.12148705E+003
 -0.11916785E+000  0.60419193E+000  0.54254515E+001  0.12149087E+003
 -0.11916560E+000  0.60420467E+000  0.54255403E+001  0.12149415E+003
 -0.11916352E+000  0.60421624E+000  0.54256200E+001  0.12149700E+003
 -0.11916158E+000  0.60422687E+000  0.54256924E+001  0.12149950E+003
 -0.11915975E+000  0.60423672E+000  0.54257587E+001  0.12150170E+003
 -0.11915802E+000  0.60424594E+000  0.54258200E+001  0.12150365E+003
 -0.11915636E+000  0.60425466E+000  0.54258773E+001  0.12150541E+003
 -0.11915476E+000  0.60426298E+000  0.54259313E+001  0.12150701E+003
 -0.11915321E+000  0.60427097E+000  0.54259826E+001  0.12150847E+003
 -0.11915169E+000  0.60427872E+000  0.54260318E+001  0.12150982E+003
 -0.11915020E+000  0.60428629E+000  0.54260795E+001  0.12151108E+003
 -0.11914873E+000  0.60429374E+000  0.54261258E+001  0.12151227E+003
 -0.11914727E+000  0.60430111E+000  0.54261714E+001  0.12151341E+003
 -0.11914582E+000  0.60430846E+000  0.54262163E+001  0.12151450E+003
 -0.11914437E+000  0.60431580E+000  0.54262609E+001  0.12151557E+003
 -0.11914292E+000  0.60432319E+000  0.54263053E+001  0.12151661E+003
 -0.11914146E+000  0.60433065E+000  0.54263499E+001  0.12151763E+003
 -0.11914000E+000  0.60433821E+000  0.54263947E+001  0.12151865E+003
 -0.11913852E+000  0.60434589E+000  0.54264399E+001  0.12151966E+003
 -0.11913703E+000  0.60435372E+000  0.54264857E+001  0.12152068E+003
 -0.11913552E+000  0.60436171E+000  0.54265320E+001  0.12152170E+003
 -0.11913400E+000  0.60436989E+000  0.54265791E+001  0.12152273E+003
 -0.11913245E+000  0.60437827E+000  0.54266270E+001  0.12152377E+003
 -0.11913089E+000  0.60438688E+000  0.54266758E+001  0.12152483E+003
 -0.11912930E+000  0.60439572E+000  0.54267255E+001  0.12152590E+003
 -0.11912770E+000  0.60440481E+000  0.54267762E+001  0.12152699E+003
 -0.11912608E+000  0.60441417E+000  0.54268279E+001  0.12152810E+003
 -0.11912443E+000  0.60442380E+000  0.54268807E+001  0.12152922E+003
 -0.11912277E+000  0.60443372E+000  0.54269346E+001  0.12153037E+003
 -0.11912108E+000  0.60444393E+000  0.54269895E+001  0.12153153E+003
 -0.11911938E+000  0.60445445E+000  0.54270456E+001  0.12153271E+003
 -0.11911767E+000  0.60446528E+000  0.54271027E+001  0.12153391E+003
 -0.11911594E+000  0.60447643E+000  0.54271609E+001  0.12153513E+003
 -0.11911420E+000  0.60448791E+000  0.54272202E+001  0.12153637E+003
 -0.11911245E+000  0.60449971E+000  0.54272805E+001  0.12153762E+003
 -0.11911070E+000  0.60451184E+000  0.54273418E+001  0.12153889E+003
 -0.11910896E+000  0.60452431E+000  0.54274041E+001  0.12154016E+003
 -0.11910722E+000  0.60453710E+000  0.54274672E+001  0.12154146E+003
 -0.11910548E+000  0.60455021E+000  0.54275312E+001  0.12154276E+003
 -0.11910377E+000  0.60456364E+000  0.54275959E+001  0.12154407E+003
 -0.11910208E+000  0.60457738E+000  0.54276614E+001  0.12154538E+003
 -0.11910042E+000  0.60459141E+000  0.54277275E+001  0.12154670E+003
 -0.11909879E+000  0.60460573E+000  0.54277940E+001  0.12154802E+003
 -0.11909721E+000  0.60462030E+000  0.54278610E+001  0.12154934E+003
 -0.11909568E+000  0.60463511E+000  0.54279283E+001  0.12155066E+003
 -0.11909421E+000  0.60465013E+000  0.54279958E+001  0.12155197E+003
 -0.11909281E+000  0.60466534E+000  0.54280634E+001  0.12155327E+003
 -0.11909149E+000  0.60468069E+000  0.54281308E+001  0.12155456E+003
 -0.11909026E+000  0.60469614E+000  0.54281981E+001  0.12155583E+003
 -0.11908912E+000  0.60471166E+000  0.54282650E+001  0.12155709E+003
 -0.11908808E+000  0.60472720E+000  0.54283314E+001  0.12155832E+003
 -0.11908716E+000  0.60474271E+000  0.54283971E+001  0.12155953E+003
 -0.11908631E+000  0.60475812E+000  0.54284620E+001  0.12156071E+003
 -0.11908556E+000  0.60477339E+000  0.54285258E+001  0.12156187E+003
 -0.11908493E+000  0.60478844E+000  0.54285884E+001  0.12156299E+003
 -0.11908443E+000  0.60480323E+000  0.54286497E+001  0.12156407E+003
 -0.11908406E+000  0.60481767E+000  0.54287093E+001  0.12156511E+003
 -0.11908383E+000  0.60483170E+000  0.54287671E+001  0.12156611E+003
 -0.11908376E+000  0.60484525E+000  0.54288230E+001  0.12156706E+003
 -0.11908385E+000  0.60485826E+000  0.54288767E+001  0.12156797E+003
 -0.11908409E+000  0.60487064E+000  0.54289279E+001  0.12156882E+003
 -0.11908450E+000  0.60488232E+000  0.54289766E+001  0.12156962E+003
 -0.11908507E+000  0.60489325E+000  0.54290224E+001  0.12157037E+003
 -0.11908581E+000  0.60490334E+000  0.54290653E+001  0.12157106E+003
 -0.11908672E+000  0.60491254E+000  0.54291049E+001  0.12157168E+003
 -0.11908780E+000  0.60492079E+000  0.54291411E+001  0.12157225E+003
 -0.11908903E+000  0.60492802E+000  0.54291737E+001  0.12157275E+003
 -0.11909043E+000  0.60493417E+000  0.54292025E+001  0.12157318E+003
 -0.11909199E+000  0.60493921E+000  0.54292273E+001  0.12157355E+003
 -0.11909369E+000  0.60494307E+000  0.54292481E+001  0.12157385E+003
 -0.11909555E+000  0.60494573E+000  0.54292645E+001  0.12157408E+003
 -0.11909755E+000  0.60494713E+000  0.54292766E+001  0.12157424E+003
 -0.11909968E+000  0.60494726E+000  0.54292842E+001  0.12157432E+003
 -0.11910193E+000  0.60494608E+000  0.54292872E+001  0.12157434E+003
 -0.11910431E+000  0.60494358E+000  0.54292854E+001  0.12157428E+003
 -0.11910679E+000  0.60493974E+000  0.54292789E+001  0.12157416E+003
 -0.11910938E+000  0.60493455E+000  0.54292676E+001  0.12157396E+003
 -0.11911206E+000  0.60492801E+000  0.54292515E+001  0.12157369E+003
 -0.11911482E+000  0.60492012E+000  0.54292305E+001  0.12157335E+003
 -0.11911766E+000  0.60491089E+000  0.54292047E+001  0.12157294E+003
 -0.11912056E+000  0.60490034E+000  0.54291740E+001  0.12157246E+003
 -0.11912352E+000  0.60488849E+000  0.54291386E+001  0.12157192E+003
 -0.11912652E+000  0.60487536E+000  0.54290985E+001  0.12157130E+003
 -0.11912956E+000  0.60486099E+000  0.54290537E+001  0.12157063E+003
 -0.11913263E+000  0.60484541E+000  0.54290043E+001  0.12156989E+003
 -0.11913571E+000  0.60482867E+000  0.54289505E+001  0.12156908E+003
 -0.11913881E+000  0.60481081E+000  0.54288923E+001  0.12156822E+003
 -0.11914191E+000  0.60479189E+000  0.54288298E+001  0.12156730E+003
 -0.11914500E+000  0.60477196E+000  0.54287632E+001  0.12156633E+003
 -0.11914808E+000  0.60475109E+000  0.54286925E+001  0.12156530E+003
 -0.11915115E+000  0.60472934E+000  0.54286180E+001  0.12156421E+003
 -0.11915418E+000  0.60470679E+000  0.54285397E+001  0.12156308E+003
 -0.11915718E+000  0.60468350E+000  0.54284578E+001  0.12156190E+003
 -0.11916014E+000  0.60465954E+000  0.54283724E+001  0.12156067E+003
 -0.11916305E+000  0.60463501E+000  0.54282838E+001  0.12155940E+003
 -0.11916592E+000  0.60460997E+000  0.54281919E+001  0.12155808E+003
 -0.11916873E+000  0.60458451E+000  0.54280971E+001  0.12155672E+003
 -0.11917147E+000  0.60455871E+000  0.54279994E+001  0.12155533E+003
 -0.11917416E+000  0.60453266E+000  0.54278990E+001  0.12155389E+003
 -0.11917677E+000  0.60450643E+000  0.54277961E+001  0.12155243E+003
 -0.11917932E+000  0.60448012E+000  0.54276908E+001  0.12155092E+003
 -0.11918178E+000  0.60445379E+000  0.54275833E+001  0.12154939E+003
 -0.11918418E+000  0.60442753E+000  0.54274738E+001  0.12154783E+003
 -0.11918649E+000  0.60440142E+000  0.54273625E+001  0.12154623E+003
 -0.11918872E+000  0.60437553E+000  0.54272495E+001  0.12154461E+003
 -0.11919087E+000  0.60434993E+000  0.54271350E+001  0.12154297E+003
 -0.11919293E+000  0.60432470E+000  0.54270193E+001  0.12154130E+003
 -0.11919491E+000  0.60429989E+000  0.54269024E+001  0.12153961E+003
 -0.11919681E+000  0.60427557E+000  0.54267847E+001  0.12153789E+003
 -0.11919861E+000  0.60425179E+000  0.54266663E+001  0.12153616E+003
 -0.11920033E+000  0.60422860E+000  0.54265475E+001  0.12153440E+003
 -0.11920197E+000  0.60420605E+000  0.54264284E+001  0.12153263E+003
 -0.11920352E+000  0.60418419E+000  0.54263092E+001  0.12153084E+003
 -0.11920499E+000  0.60416305E+000  0.54261902E+001  0.12152904E+003
 -0.11920638E+000  0.60414265E+000  0.54260717E+001  0.12152722E+003
 -0.11920768E+000  0.60412303E+000  0.54259537E+001  0.12152539E+003
 -0.11920890E+000  0.60410421E+000  0.54258366E+001  0.12152354E+003
 -0.11921005E+000  0.60408620E+000  0.54257205E+001  0.12152168E+003
 -0.11921112E+000  0.60406901E+000  0.54256056E+001  0.12151982E+003
 -0.11921212E+000  0.60405266E+000  0.54254923E+001  0.12151794E+003
 -0.11921304E+000  0.60403715E+000  0.54253806E+001  0.12151605E+003
 -0.11921390E+000  0.60402247E+000  0.54252708E+001  0.12151416E+003
 -0.11921468E+000  0.60400862E+000  0.54251630E+001  0.12151226E+003
 -0.11921541E+000  0.60399558E+000  0.54250575E+001  0.12151036E+003
 -0.11921607E+000  0.60398336E+000  0.54249543E+001  0.12150844E+003
 -0.11921667E+000  0.60397193E+000  0.54248537E+001  0.12150653E+003
 -0.11921722E+000  0.60396127E+000  0.54247558E+001  0.12150461E+003
 -0.11921771E+000  0.60395136E+000  0.54246608E+001  0.12150269E+003
 -0.11921816E+000  0.60394219E+000  0.54245686E+001  0.12150077E+003
 -0.11921855E+000  0.60393373E+000  0.54244796E+001  0.12149885E+003
 -0.11921890E+000  0.60392594E+000  0.54243936E+001  0.12149693E+003
 -0.11921921E+000  0.60391881E+000  0.54243109E+001  0.12149501E+003
 -0.11921947E+000  0.60391231E+000  0.54242315E+001  0.12149309E+003
 -0.11921970E+000  0.60390640E+000  0.54241553E+001  0.12149118E+003
 -0.11921990E+000  0.60390106E+000  0.54240825E+001  0.12148927E+003
 -0.11922006E+000  0.60389626E+000  0.54240131E+001  0.12148737E+003
 -0.11922019E+000  0.60389197E+000  0.54239470E+001  0.12148547E+003
 -0.11922030E+000  0.60388815E+000  0.54238843E+001  0.12148358E+003
 -0.11922038E+000  0.60388479E+000  0.54238248E+001  0.12148169E+003
 -0.11922043E+000  0.60388184E+000  0.54237687E+001  0.12147982E+003
 -0.11922047E+000  0.60387929E+000  0.54237158E+001  0.12147796E+003
 -0.11922049E+000  0.60387710E+000  0.54236660E+001  0.12147610E+003
 -0.11922049E+000  0.60387525E+000  0.54236194E+001  0.12147426E+003
 -0.11922047E+000  0.60387371E+000  0.54235758E+001  0.12147243E+003
 -0.11922044E+000  0.60387245E+000  0.54235351E+001  0.12147061E+003
 -0.11922040E+000  0.60387145E+000  0.54234973E+001  0.12146881E+003
 -0.11922035E+000  0.60387070E+000  0.54234622E+001  0.12146702E+003
 -0.11922029E+000  0.60387015E+000  0.54234298E+001  0.12146525E+003
 -0.11922022E+000  0.60386981E+000  0.54233999E+001  0.12146350E+003
 -0.11922015E+000  0.60386963E+000  0.54233725E+001  0.12146176E+003
 -0.11922007E+000  0.60386962E+000  0.54233474E+001  0.12146004E+003
 -0.11921999E+000  0.60386974E+000  0.54233244E+001  0.12145833E+003
 -0.11921990E+000  0.60386998E+000  0.54233036E+001  0.12145665E+003
 -0.11921981E+000  0.60387033E+000  0.54232848E+001  0.12145499E+003
 -0.11921972E+000  0.60387077E+000  0.54232678E+001  0.12145334E+003
 -0.11921963E+000  0.60387128E+000  0.54232526E+001  0.12145172E+003
 -0.11921953E+000  0.60387187E+000  0.54232390E+001  0.12145012E+003
 -0.11921944E+000  0.60387250E+000  0.54232269E+001  0.12144854E+003
 -0.11921935E+000  0.60387319E+000  0.54232163E+001  0.12144698E+003
 -0.11921926E+000  0.60387390E+000  0.54232070E+001  0.12144545E+003
 -0.11921917E+000  0.60387464E+000  0.54231989E+001  0.12144394E+003
 -0.11921909E+000  0.60387540E+000  0.54231920E+001  0.12144246E+003
 -0.11921900E+000  0.60387617E+000  0.54231861E+001  0.12144099E+003
 -0.11921892E+000  0.60387694E+000  0.54231811E+001  0.12143956E+003
 -0.11921884E+000  0.60387771E+000  0.54231770E+001  0.12143815E+003
 -0.11921877E+000  0.60387847E+000  0.54231737E+001  0.12143676E+003
 -0.11921870E+000  0.60387923E+000  0.54231711E+001  0.12143540E+003
 -0.11921863E+000  0.60387997E+000  0.54231691E+001  0.12143406E+003
 -0.11921856E+000  0.60388069E+000  0.54231677E+001  0.12143275E+003
 -0.11921850E+000  0.60388139E+000  0.54231669E+001  0.12143147E+003
 -0.11921844E+000  0.60388206E+000  0.54231664E+001  0.12143021E+003
 -0.11921838E+000  0.60388272E+000  0.54231664E+001  0.12142897E+003
 -0.11921833E+000  0.60388335E+000  0.54231667E+001  0.12142777E+003
 -0.11921828E+000  0.60388394E+000  0.54231673E+001  0.12142659E+003
 -0.11921824E+000  0.60388452E+000  0.54231681E+001  0.12142543E+003
 -0.11921819E+000  0.60388506E+000  0.54231692E+001  0.12142431E+003
 -0.11921815E+000  0.60388558E+000  0.54231704E+001  0.12142320E+003
 -0.11921812E+000  0.60388606E+000  0.54231718E+001  0.12142213E+003
 -0.11921808E+000  0.60388652E+000  0.54231733E+001  0.12142108E+003
 -0.11921805E+000  0.60388695E+000  0.54231749E+001  0.12142005E+003
 -0.11921802E+000  0.60388735E+000  0.54231765E+001  0.12141905E+003
 -0.11921800E+000  0.60388772E+000  0.54231782E+001  0.12141808E+003
 -0.11921797E+000  0.60388807E+000  0.54231799E+001  0.12141713E+003
 -0.11921795E+000  0.60388840E+000  0.54231816E+001  0.12141621E+003
 -0.11921793E+000  0.60388869E+000  0.54231834E+001  0.12141531E+003
 -0.11921791E+000  0.60388897E+000  0.54231850E+001  0.12141444E+003
 -0.11921790E+000  0.60388922E+000  0.54231867E+001  0.12141359E+003
 -0.11921788E+000  0.60388945E+000  0.54231883E+001  0.12141277E+003
 -0.11921787E+000  0.60388966E+000  0.54231899E+001  0.12141197E+003
 -0.11921786E+000  0.60388986E+000  0.54231914E+001  0.12141119E+003
