  0.17932788E+001
  0.17898356E+001
  0.17873742E+001
  0.17854944E+001
  0.17840401E+001
  0.17828787E+001
  0.17819516E+001
  0.17812026E+001
  0.17805854E+001
  0.17800857E+001
  0.17796749E+001
  0.17793363E+001
  0.17790591E+001
  0.17788297E+001
  0.17786390E+001
  0.17784820E+001
  0.17783524E+001
  0.17782442E+001
  0.17781557E+001
  0.17780823E+001
  0.17780223E+001
  0.17779728E+001
  0.17779322E+001
  0.17778992E+001
  0.17778721E+001
  0.17778499E+001
  0.17778318E+001
  0.17778169E+001
  0.17778046E+001
  0.17777943E+001
  0.17777856E+001
  0.17777782E+001
  0.17777717E+001
  0.17777658E+001
  0.17777604E+001
  0.17777552E+001
  0.17777502E+001
  0.17777453E+001
  0.17777404E+001
  0.17777354E+001
  0.17777302E+001
  0.17777250E+001
  0.17777195E+001
  0.17777138E+001
  0.17777080E+001
  0.17777019E+001
  0.17776957E+001
  0.17776893E+001
  0.17776827E+001
  0.17776759E+001
  0.17776689E+001
  0.17776618E+001
  0.17776544E+001
  0.17776470E+001
  0.17776394E+001
  0.17776316E+001
  0.17776237E+001
  0.17776157E+001
  0.17776076E+001
  0.17775993E+001
  0.17775909E+001
  0.17775824E+001
  0.17775738E+001
  0.17775652E+001
  0.17775564E+001
  0.17775476E+001
  0.17775387E+001
  0.17775298E+001
  0.17775208E+001
  0.17775117E+001
  0.17775026E+001
  0.17774935E+001
  0.17774844E+001
  0.17774752E+001
  0.17774660E+001
  0.17774568E+001
  0.17774476E+001
  0.17774384E+001
  0.17774291E+001
  0.17774199E+001
  0.17774107E+001
  0.17774015E+001
  0.17773923E+001
  0.17773832E+001
  0.17773741E+001
  0.17773650E+001
  0.17773559E+001
  0.17773469E+001
  0.17773379E+001
  0.17773290E+001
  0.17773201E+001
  0.17773112E+001
  0.17773025E+001
  0.17772937E+001
  0.17772850E+001
  0.17772763E+001
  0.17772677E+001
  0.17772592E+001
  0.17772506E+001
  0.17772421E+001
  0.17772336E+001
  0.17772252E+001
  0.17772167E+001
  0.17772083E+001
  0.17771999E+001
  0.17771915E+001
  0.17771832E+001
  0.17771748E+001
  0.17771664E+001
  0.17771580E+001
  0.17771496E+001
  0.17771412E+001
  0.17771328E+001
  0.17771244E+001
  0.17771159E+001
  0.17771075E+001
  0.17770990E+001
  0.17770905E+001
  0.17770819E+001
  0.17770734E+001
  0.17770648E+001
  0.17770562E+001
  0.17770475E+001
  0.17770389E+001
  0.17770302E+001
  0.17770215E+001
  0.17770127E+001
  0.17770040E+001
  0.17769952E+001
  0.17769864E+001
  0.17769776E+001
  0.17769688E+001
  0.17769599E+001
  0.17769511E+001
  0.17769422E+001
  0.17769333E+001
  0.17769245E+001
  0.17769156E+001
  0.17769067E+001
  0.17768979E+001
  0.17768890E+001
  0.17768801E+001
  0.17768713E+001
  0.17768625E+001
  0.17768537E+001
  0.17768449E+001
  0.17768362E+001
  0.17768275E+001
  0.17768188E+001
  0.17768102E+001
  0.17768016E+001
  0.17767930E+001
  0.17767845E+001
  0.17767760E+001
  0.17767676E+001
  0.17767593E+001
  0.17767510E+001
  0.17767428E+001
  0.17767346E+001
  0.17767266E+001
  0.17767186E+001
  0.17767106E+001
  0.17767028E+001
  0.17766950E+001
  0.17766873E+001
  0.17766797E+001
  0.17766722E+001
  0.17766648E+001
  0.17766575E+001
  0.17766503E+001
  0.17766432E+001
  0.17766362E+001
  0.17766293E+001
  0.17766225E+001
  0.17766158E+001
  0.17766092E+001
  0.17766027E+001
  0.17765964E+001
  0.17765901E+001
  0.17765840E+001
  0.17765780E+001
  0.17765721E+001
  0.17765663E+001
  0.17765606E+001
  0.17765551E+001
  0.17765496E+001
  0.17765443E+001
  0.17765391E+001
  0.17765341E+001
  0.17765291E+001
  0.17765243E+001
  0.17765195E+001
  0.17765149E+001
  0.17765105E+001
  0.17765061E+001
  0.17765018E+001
  0.17764977E+001
  0.17764937E+001
  0.17764898E+001
  0.17764860E+001
