  0.62266448E+000  0.10094366E+001  0.12406642E+001  0.43003505E+001
  0.62249563E+000  0.10093194E+001  0.12398735E+001  0.42876543E+001
  0.62237410E+000  0.10092344E+001  0.12392932E+001  0.42785958E+001
  0.62228101E+000  0.10091693E+001  0.12388474E+001  0.42716806E+001
  0.62220889E+000  0.10091189E+001  0.12385015E+001  0.42663314E+001
  0.62215123E+000  0.10090787E+001  0.12382253E+001  0.42620601E+001
  0.62210517E+000  0.10090464E+001  0.12380045E+001  0.42586510E+001
  0.62206792E+000  0.10090204E+001  0.12378260E+001  0.42558968E+001
  0.62203723E+000  0.10089989E+001  0.12376788E+001  0.42536271E+001
  0.62201240E+000  0.10089814E+001  0.12375597E+001  0.42517897E+001
  0.62199200E+000  0.10089671E+001  0.12374618E+001  0.42502794E+001
  0.62197519E+000  0.10089553E+001  0.12373811E+001  0.42490342E+001
  0.62196144E+000  0.10089456E+001  0.12373149E+001  0.42480148E+001
  0.62195009E+000  0.10089376E+001  0.12372601E+001  0.42471716E+001
  0.62194067E+000  0.10089310E+001  0.12372146E+001  0.42464703E+001
  0.62193293E+000  0.10089256E+001  0.12371771E+001  0.42458928E+001
  0.62192657E+000  0.10089211E+001  0.12371462E+001  0.42454163E+001
  0.62192129E+000  0.10089173E+001  0.12371204E+001  0.42450182E+001
  0.62191699E+000  0.10089143E+001  0.12370993E+001  0.42446927E+001
  0.62191345E+000  0.10089118E+001  0.12370818E+001  0.42444226E+001
  0.62191058E+000  0.10089097E+001  0.12370675E+001  0.42442018E+001
  0.62190824E+000  0.10089080E+001  0.12370558E+001  0.42440199E+001
  0.62190634E+000  0.10089067E+001  0.12370461E+001  0.42438703E+001
  0.62190483E+000  0.10089055E+001  0.12370383E+001  0.42437487E+001
  0.62190361E+000  0.10089046E+001  0.12370318E+001  0.42436487E+001
  0.62190265E+000  0.10089039E+001  0.12370266E+001  0.42435671E+001
  0.62190189E+000  0.10089033E+001  0.12370223E+001  0.42435002E+001
  0.62190130E+000  0.10089029E+001  0.12370188E+001  0.42434451E+001
  0.62190083E+000  0.10089025E+001  0.12370159E+001  0.42433996E+001
  0.62190048E+000  0.10089022E+001  0.12370135E+001  0.42433616E+001
  0.62190020E+000  0.10089019E+001  0.12370114E+001  0.42433295E+001
  0.62189999E+000  0.10089017E+001  0.12370097E+001  0.42433018E+001
  0.62189983E+000  0.10089016E+001  0.12370082E+001  0.42432776E+001
  0.62189970E+000  0.10089014E+001  0.12370069E+001  0.42432557E+001
  0.62189960E+000  0.10089013E+001  0.12370056E+001  0.42432354E+001
  0.62189952E+000  0.10089012E+001  0.12370045E+001  0.42432163E+001
  0.62189944E+000  0.10089011E+001  0.12370033E+001  0.42431977E+001
  0.62189937E+000  0.10089010E+001  0.12370022E+001  0.42431793E+001
  0.62189931E+000  0.10089009E+001  0.12370011E+001  0.42431608E+001
  0.62189924E+000  0.10089008E+001  0.12370000E+001  0.42431421E+001
  0.62189917E+000  0.10089007E+001  0.12369988E+001  0.42431228E+001
  0.62189909E+000  0.10089006E+001  0.12369976E+001  0.42431030E+001
  0.62189900E+000  0.10089005E+001  0.12369964E+001  0.42430825E+001
  0.62189891E+000  0.10089004E+001  0.12369951E+001  0.42430614E+001
  0.62189881E+000  0.10089003E+001  0.12368003E+001  0.42414489E+001
  0.62189870E+000  0.10089002E+001  0.12367971E+001  0.42414120E+001
  0.62189858E+000  0.10089001E+001  0.12367940E+001  0.42413743E+001
  0.62189846E+000  0.10089000E+001  0.12367908E+001  0.42413360E+001
  0.62189832E+000  0.10088999E+001  0.12367875E+001  0.42412969E+001
  0.62189817E+000  0.10088998E+001  0.12367842E+001  0.42412573E+001
  0.62189802E+000  0.10088996E+001  0.12367809E+001  0.42412171E+001
  0.62189785E+000  0.10088995E+001  0.12367775E+001  0.42411763E+001
  0.62189767E+000  0.10088994E+001  0.12367742E+001  0.42411352E+001
  0.62189749E+000  0.10088993E+001  0.12367708E+001  0.42410938E+001
  0.62189729E+000  0.10088991E+001  0.12367674E+001  0.42410522E+001
  0.62189708E+000  0.10088990E+001  0.12367640E+001  0.42410104E+001
  0.62189685E+000  0.10088988E+001  0.12367607E+001  0.42409686E+001
  0.62189662E+000  0.10088987E+001  0.12369726E+001  0.42426954E+001
  0.62189637E+000  0.10088985E+001  0.12369707E+001  0.42426652E+001
  0.62189611E+000  0.10088983E+001  0.12369687E+001  0.42426344E+001
  0.62189583E+000  0.10088982E+001  0.12369668E+001  0.42426034E+001
  0.62189554E+000  0.10088980E+001  0.12369647E+001  0.42425719E+001
  0.62189523E+000  0.10088978E+001  0.12369627E+001  0.42425401E+001
  0.62189491E+000  0.10088976E+001  0.12369606E+001  0.42425081E+001
  0.62189457E+000  0.10088974E+001  0.12369585E+001  0.42424757E+001
  0.62189421E+000  0.10088972E+001  0.12369564E+001  0.42424431E+001
  0.62189384E+000  0.10088970E+001  0.12369542E+001  0.42424104E+001
  0.62189345E+000  0.10088967E+001  0.12369520E+001  0.42423774E+001
  0.62189304E+000  0.10088965E+001  0.12369497E+001  0.42423443E+001
  0.62189261E+000  0.10088962E+001  0.12369475E+001  0.42423111E+001
  0.62189216E+000  0.10088960E+001  0.12369452E+001  0.42422777E+001
  0.62189169E+000  0.10088957E+001  0.12369428E+001  0.42422443E+001
  0.62189120E+000  0.10088954E+001  0.12369405E+001  0.42422109E+001
  0.62189069E+000  0.10088951E+001  0.12369381E+001  0.42421774E+001
  0.62189017E+000  0.10088948E+001  0.12369356E+001  0.42421439E+001
  0.62188962E+000  0.10088945E+001  0.12369332E+001  0.42421104E+001
  0.62188905E+000  0.10088941E+001  0.12369307E+001  0.42420769E+001
  0.62188846E+000  0.10088938E+001  0.12369282E+001  0.42420435E+001
  0.62188786E+000  0.10088935E+001  0.12369256E+001  0.42420101E+001
  0.62188723E+000  0.10088931E+001  0.12369230E+001  0.42419768E+001
  0.62188658E+000  0.10088927E+001  0.12369204E+001  0.42419436E+001
  0.62188592E+000  0.10088924E+001  0.12369177E+001  0.42419106E+001
  0.62188524E+000  0.10088920E+001  0.12369151E+001  0.42418776E+001
  0.62188454E+000  0.10088916E+001  0.12369123E+001  0.42418448E+001
  0.62188383E+000  0.10088912E+001  0.12369096E+001  0.42418122E+001
  0.62188310E+000  0.10088907E+001  0.12369068E+001  0.42417797E+001
  0.62188235E+000  0.10088903E+001  0.12369040E+001  0.42417474E+001
  0.62188159E+000  0.10088899E+001  0.12369012E+001  0.42417154E+001
  0.62188081E+000  0.10088894E+001  0.12368983E+001  0.42416836E+001
  0.62188003E+000  0.10088890E+001  0.12368954E+001  0.42416520E+001
  0.62187923E+000  0.10088885E+001  0.12368925E+001  0.42416206E+001
  0.62187841E+000  0.10088880E+001  0.12368895E+001  0.42415895E+001
  0.62187759E+000  0.10088876E+001  0.12368865E+001  0.42415587E+001
  0.62187675E+000  0.10088871E+001  0.12368835E+001  0.42415280E+001
  0.62187591E+000  0.10088866E+001  0.12368804E+001  0.42414976E+001
  0.62187505E+000  0.10088861E+001  0.12368773E+001  0.42414675E+001
  0.62187419E+000  0.10088855E+001  0.12368742E+001  0.42414375E+001
  0.62187331E+000  0.10088850E+001  0.12368711E+001  0.42414078E+001
  0.62187243E+000  0.10088845E+001  0.12368679E+001  0.42413782E+001
  0.62187154E+000  0.10088839E+001  0.12368646E+001  0.42413489E+001
  0.62187064E+000  0.10088833E+001  0.12368614E+001  0.42413197E+001
  0.62186974E+000  0.10088828E+001  0.12368581E+001  0.42412906E+001
  0.62186883E+000  0.10088822E+001  0.12368547E+001  0.42412618E+001
  0.62186791E+000  0.10088816E+001  0.12368514E+001  0.42412330E+001
  0.62186699E+000  0.10088810E+001  0.12368480E+001  0.42412043E+001
  0.62186606E+000  0.10088804E+001  0.12368445E+001  0.42411757E+001
  0.62186514E+000  0.10088798E+001  0.12368411E+001  0.42411472E+001
  0.62186420E+000  0.10088791E+001  0.12368376E+001  0.42411187E+001
  0.62186327E+000  0.10088785E+001  0.12368341E+001  0.42410903E+001
  0.62186233E+000  0.10088779E+001  0.12368305E+001  0.42410619E+001
  0.62186139E+000  0.10088772E+001  0.12368270E+001  0.42410335E+001
  0.62186045E+000  0.10088766E+001  0.12368234E+001  0.42410050E+001
  0.62185951E+000  0.10088759E+001  0.12368198E+001  0.42409766E+001
  0.62185858E+000  0.10088753E+001  0.12368162E+001  0.42409480E+001
  0.62185764E+000  0.10088746E+001  0.12368125E+001  0.42409195E+001
  0.62185671E+000  0.10088740E+001  0.12368089E+001  0.42408908E+001
  0.62185577E+000  0.10088733E+001  0.12368053E+001  0.42408621E+001
  0.62185485E+000  0.10088726E+001  0.12368016E+001  0.42408333E+001
  0.62185392E+000  0.10088720E+001  0.12367980E+001  0.42408044E+001
  0.62185300E+000  0.10088713E+001  0.12367943E+001  0.42407754E+001
  0.62185209E+000  0.10088706E+001  0.12367907E+001  0.42407463E+001
  0.62185118E+000  0.10088700E+001  0.12367871E+001  0.42407170E+001
  0.62185028E+000  0.10088693E+001  0.12367834E+001  0.42406876E+001
  0.62184939E+000  0.10088687E+001  0.12367799E+001  0.42406581E+001
  0.62184851E+000  0.10088680E+001  0.12367763E+001  0.42406284E+001
  0.62184764E+000  0.10088674E+001  0.12367727E+001  0.42405986E+001
  0.62184677E+000  0.10088668E+001  0.12367692E+001  0.42405687E+001
  0.62184592E+000  0.10088662E+001  0.12367657E+001  0.42405387E+001
  0.62184507E+000  0.10088656E+001  0.12367623E+001  0.42405084E+001
  0.62184424E+000  0.10088650E+001  0.12367588E+001  0.42404781E+001
  0.62184342E+000  0.10088644E+001  0.12367555E+001  0.42404476E+001
  0.62184261E+000  0.10088638E+001  0.12367521E+001  0.42404170E+001
  0.62184182E+000  0.10088633E+001  0.12367488E+001  0.42403863E+001
  0.62184104E+000  0.10088627E+001  0.12367456E+001  0.42403555E+001
  0.62184027E+000  0.10088622E+001  0.12367424E+001  0.42403245E+001
  0.62183952E+000  0.10088616E+001  0.12367393E+001  0.42402934E+001
  0.62183878E+000  0.10088611E+001  0.12367362E+001  0.42402622E+001
  0.62183806E+000  0.10088607E+001  0.12367332E+001  0.42402310E+001
  0.62183736E+000  0.10088602E+001  0.12367302E+001  0.42401996E+001
  0.62183667E+000  0.10088597E+001  0.12367274E+001  0.42401682E+001
  0.62183600E+000  0.10088593E+001  0.12367245E+001  0.42401367E+001
  0.62183534E+000  0.10088588E+001  0.12367218E+001  0.42401052E+001
  0.62183470E+000  0.10088584E+001  0.12367191E+001  0.42400736E+001
  0.62183408E+000  0.10088580E+001  0.12367165E+001  0.42400419E+001
  0.62183348E+000  0.10088576E+001  0.12367139E+001  0.42400103E+001
  0.62183289E+000  0.10088573E+001  0.12367115E+001  0.42399786E+001
  0.62183232E+000  0.10088569E+001  0.12367091E+001  0.42399470E+001
  0.62183178E+000  0.10088566E+001  0.12367068E+001  0.42399153E+001
  0.62183124E+000  0.10088562E+001  0.12367045E+001  0.42398837E+001
  0.62183073E+000  0.10088559E+001  0.12367023E+001  0.42398522E+001
  0.62183024E+000  0.10088556E+001  0.12367002E+001  0.42398207E+001
  0.62182976E+000  0.10088554E+001  0.12366982E+001  0.42397892E+001
  0.62182930E+000  0.10088551E+001  0.12366963E+001  0.42397579E+001
  0.62182886E+000  0.10088548E+001  0.12366944E+001  0.42397266E+001
  0.62182844E+000  0.10088546E+001  0.12366926E+001  0.42396955E+001
  0.62182804E+000  0.10088544E+001  0.12366909E+001  0.42396645E+001
  0.62182765E+000  0.10088541E+001  0.12366892E+001  0.42396336E+001
  0.62182728E+000  0.10088539E+001  0.12366876E+001  0.42396029E+001
  0.62182693E+000  0.10088537E+001  0.12366861E+001  0.42395723E+001
  0.62182659E+000  0.10088535E+001  0.12366847E+001  0.42395420E+001
  0.62182628E+000  0.10088534E+001  0.12366833E+001  0.42395118E+001
  0.62182597E+000  0.10088532E+001  0.12366820E+001  0.42394819E+001
  0.62182569E+000  0.10088531E+001  0.12366807E+001  0.42394522E+001
  0.62182542E+000  0.10088529E+001  0.12366796E+001  0.42394227E+001
  0.62182516E+000  0.10088528E+001  0.12366784E+001  0.42393935E+001
  0.62182492E+000  0.10088526E+001  0.12366774E+001  0.42393646E+001
  0.62182469E+000  0.10088525E+001  0.12366764E+001  0.42393359E+001
  0.62182448E+000  0.10088524E+001  0.12366754E+001  0.42393076E+001
  0.62182428E+000  0.10088523E+001  0.12366745E+001  0.42392795E+001
  0.62182409E+000  0.10088522E+001  0.12366737E+001  0.42392518E+001
  0.62182392E+000  0.10088521E+001  0.12366729E+001  0.42392244E+001
  0.62182376E+000  0.10088520E+001  0.12366722E+001  0.42391973E+001
  0.62182360E+000  0.10088520E+001  0.12366715E+001  0.42391706E+001
  0.62182346E+000  0.10088519E+001  0.12366708E+001  0.42391443E+001
  0.62182333E+000  0.10088518E+001  0.12366702E+001  0.42391183E+001
  0.62182321E+000  0.10088518E+001  0.12366696E+001  0.42390927E+001
  0.62182310E+000  0.10088517E+001  0.12366691E+001  0.42390675E+001
  0.62182300E+000  0.10088517E+001  0.12366686E+001  0.42390427E+001
  0.62182290E+000  0.10088516E+001  0.12366681E+001  0.42390183E+001
  0.62182282E+000  0.10088516E+001  0.12366677E+001  0.42389944E+001
  0.62182274E+000  0.10088515E+001  0.12366673E+001  0.42389708E+001
  0.62182267E+000  0.10088515E+001  0.12366669E+001  0.42389477E+001
  0.62182260E+000  0.10088515E+001  0.12366666E+001  0.42389250E+001
  0.62182254E+000  0.10088514E+001  0.12366663E+001  0.42389027E+001
  0.62182249E+000  0.10088514E+001  0.12366660E+001  0.42388809E+001
  0.62182244E+000  0.10088514E+001  0.12366657E+001  0.42388595E+001
  0.62182240E+000  0.10088513E+001  0.12366655E+001  0.42388386E+001
  0.62182236E+000  0.10088513E+001  0.12366653E+001  0.42388181E+001
  0.62182232E+000  0.10088513E+001  0.12366651E+001  0.42387980E+001
  0.62182229E+000  0.10088513E+001  0.12366649E+001  0.42387785E+001
  0.62182227E+000  0.10088513E+001  0.12366647E+001  0.42387593E+001
  0.62182224E+000  0.10088513E+001  0.12366646E+001  0.42387406E+001
  0.62182222E+000  0.10088513E+001  0.12366644E+001  0.42387224E+001
  0.62182220E+000  0.10088512E+001  0.12366643E+001  0.42387046E+001
  0.62182219E+000  0.10088512E+001  0.12366642E+001  0.42386873E+001
  0.62182217E+000  0.10088512E+001  0.12366641E+001  0.42386704E+001
  0.62182216E+000  0.10088512E+001  0.12366640E+001  0.42386539E+001
  0.62182215E+000  0.10088512E+001  0.12366639E+001  0.42386379E+001
  0.62182215E+000  0.10088512E+001  0.12366639E+001  0.42386224E+001
  0.62182214E+000  0.10088512E+001  0.12366638E+001  0.42386072E+001
