  0.63644970E+000
  0.63645282E+000
  0.63644996E+000
  0.63644616E+000
  0.63644251E+000
  0.63643926E+000
  0.63643644E+000
  0.63643399E+000
  0.63643188E+000
  0.63643005E+000
  0.63642845E+000
  0.63642705E+000
  0.63642581E+000
  0.63642471E+000
  0.63642372E+000
  0.63642282E+000
  0.63642200E+000
  0.63642124E+000
  0.63642053E+000
  0.63641986E+000
  0.63641923E+000
  0.63641862E+000
  0.63641803E+000
  0.63641746E+000
  0.63641690E+000
  0.63641634E+000
  0.63641579E+000
  0.63641524E+000
  0.63641469E+000
  0.63641413E+000
  0.63641357E+000
  0.63641300E+000
  0.63641242E+000
  0.63641183E+000
  0.63641123E+000
  0.63641062E+000
  0.63641000E+000
  0.63640936E+000
  0.63640871E+000
  0.63640805E+000
  0.63640737E+000
  0.63640668E+000
  0.63640597E+000
  0.63640525E+000
  0.63640452E+000
  0.63640378E+000
  0.63640302E+000
  0.63640225E+000
  0.63640147E+000
  0.63640069E+000
  0.63639989E+000
  0.63639909E+000
  0.63639828E+000
  0.63639746E+000
  0.63639664E+000
  0.63639582E+000
  0.63639500E+000
  0.63639418E+000
  0.63639336E+000
  0.63639254E+000
  0.63639173E+000
  0.63639093E+000
  0.63639014E+000
  0.63638936E+000
  0.63638859E+000
  0.63638783E+000
  0.63638709E+000
  0.63638636E+000
  0.63638565E+000
  0.63638497E+000
  0.63638430E+000
  0.63638365E+000
  0.63638303E+000
  0.63638244E+000
  0.63638187E+000
  0.63638133E+000
  0.63638082E+000
  0.63638034E+000
  0.63637989E+000
  0.63637947E+000
  0.63637909E+000
  0.63637874E+000
  0.63637843E+000
  0.63637816E+000
  0.63637792E+000
  0.63637772E+000
  0.63637756E+000
  0.63637744E+000
  0.63637736E+000
  0.63637733E+000
  0.63637733E+000
  0.63637737E+000
  0.63637745E+000
  0.63637758E+000
  0.63637774E+000
  0.63637794E+000
  0.63637818E+000
  0.63637846E+000
  0.63637878E+000
  0.63637913E+000
  0.63637952E+000
  0.63637994E+000
  0.63638039E+000
  0.63638087E+000
  0.63638138E+000
  0.63638192E+000
  0.63638248E+000
  0.63638307E+000
  0.63638368E+000
  0.63638432E+000
  0.63638497E+000
  0.63638564E+000
  0.63638633E+000
  0.63638703E+000
  0.63638774E+000
  0.63638847E+000
  0.63638921E+000
  0.63638995E+000
  0.63639071E+000
  0.63639147E+000
  0.63639223E+000
  0.63639300E+000
  0.63639377E+000
  0.63639454E+000
  0.63639532E+000
  0.63639609E+000
  0.63639686E+000
  0.63639763E+000
  0.63639840E+000
  0.63639916E+000
  0.63639992E+000
  0.63640068E+000
  0.63640142E+000
  0.63640216E+000
  0.63640290E+000
  0.63640362E+000
  0.63640434E+000
  0.63640505E+000
  0.63640575E+000
  0.63640643E+000
  0.63640711E+000
  0.63640778E+000
  0.63640844E+000
  0.63640908E+000
  0.63640972E+000
  0.63641034E+000
  0.63641095E+000
  0.63641155E+000
  0.63641213E+000
  0.63641270E+000
  0.63641326E+000
  0.63641381E+000
  0.63641434E+000
  0.63641486E+000
  0.63641537E+000
  0.63641586E+000
  0.63641634E+000
  0.63641681E+000
  0.63641726E+000
  0.63641770E+000
  0.63641813E+000
  0.63641855E+000
  0.63641895E+000
  0.63641934E+000
  0.63641971E+000
  0.63642007E+000
  0.63642043E+000
  0.63642076E+000
  0.63642109E+000
  0.63642141E+000
  0.63642171E+000
  0.63642200E+000
  0.63642228E+000
  0.63642256E+000
  0.63642282E+000
  0.63642307E+000
  0.63642331E+000
  0.63642354E+000
  0.63642376E+000
  0.63642397E+000
  0.63642417E+000
  0.63642437E+000
  0.63642455E+000
  0.63642473E+000
  0.63642490E+000
  0.63642506E+000
  0.63642522E+000
  0.63642536E+000
  0.63642551E+000
  0.63642564E+000
  0.63642577E+000
  0.63642589E+000
  0.63642601E+000
  0.63642612E+000
  0.63642622E+000
  0.63642632E+000
  0.63642642E+000
  0.63642651E+000
  0.63642659E+000
  0.63642667E+000
