  0.90531969E+000
  0.90532362E+000
  0.90532002E+000
  0.90531524E+000
  0.90531065E+000
  0.90530656E+000
  0.90530300E+000
  0.90529992E+000
  0.90529726E+000
  0.90529496E+000
  0.90529295E+000
  0.90529119E+000
  0.90528963E+000
  0.90528824E+000
  0.90528699E+000
  0.90528586E+000
  0.90528483E+000
  0.90528387E+000
  0.90528298E+000
  0.90528214E+000
  0.90528134E+000
  0.90528058E+000
  0.90527984E+000
  0.90527912E+000
  0.90527841E+000
  0.90527771E+000
  0.90527702E+000
  0.90527633E+000
  0.90527563E+000
  0.90527493E+000
  0.90527422E+000
  0.90527351E+000
  0.90527278E+000
  0.90527204E+000
  0.90527128E+000
  0.90527051E+000
  0.90526973E+000
  0.90526893E+000
  0.90526811E+000
  0.90526727E+000
  0.90526642E+000
  0.90526555E+000
  0.90526466E+000
  0.90526375E+000
  0.90526283E+000
  0.90526190E+000
  0.90526094E+000
  0.90525998E+000
  0.90525900E+000
  0.90525801E+000
  0.90525700E+000
  0.90525599E+000
  0.90525497E+000
  0.90525395E+000
  0.90525292E+000
  0.90525188E+000
  0.90525085E+000
  0.90524982E+000
  0.90524878E+000
  0.90524776E+000
  0.90524674E+000
  0.90524573E+000
  0.90524473E+000
  0.90524375E+000
  0.90524278E+000
  0.90524183E+000
  0.90524089E+000
  0.90523998E+000
  0.90523909E+000
  0.90523822E+000
  0.90523738E+000
  0.90523657E+000
  0.90523579E+000
  0.90523504E+000
  0.90523433E+000
  0.90523365E+000
  0.90523300E+000
  0.90523240E+000
  0.90523183E+000
  0.90523131E+000
  0.90523083E+000
  0.90523039E+000
  0.90523000E+000
  0.90522965E+000
  0.90522936E+000
  0.90522911E+000
  0.90522891E+000
  0.90522876E+000
  0.90522866E+000
  0.90522861E+000
  0.90522861E+000
  0.90522867E+000
  0.90522877E+000
  0.90522893E+000
  0.90522913E+000
  0.90522939E+000
  0.90522969E+000
  0.90523004E+000
  0.90523044E+000
  0.90523088E+000
  0.90523137E+000
  0.90523189E+000
  0.90523246E+000
  0.90523307E+000
  0.90523371E+000
  0.90523439E+000
  0.90523510E+000
  0.90523584E+000
  0.90523661E+000
  0.90523741E+000
  0.90523823E+000
  0.90523907E+000
  0.90523994E+000
  0.90524082E+000
  0.90524172E+000
  0.90524263E+000
  0.90524356E+000
  0.90524450E+000
  0.90524545E+000
  0.90524640E+000
  0.90524737E+000
  0.90524833E+000
  0.90524930E+000
  0.90525028E+000
  0.90525125E+000
  0.90525222E+000
  0.90525320E+000
  0.90525417E+000
  0.90525513E+000
  0.90525609E+000
  0.90525705E+000
  0.90525799E+000
  0.90525893E+000
  0.90525987E+000
  0.90526079E+000
  0.90526170E+000
  0.90526260E+000
  0.90526350E+000
  0.90526437E+000
  0.90526524E+000
  0.90526610E+000
  0.90526694E+000
  0.90526776E+000
  0.90526858E+000
  0.90526937E+000
  0.90527016E+000
  0.90527092E+000
  0.90527168E+000
  0.90527241E+000
  0.90527313E+000
  0.90527384E+000
  0.90527452E+000
  0.90527519E+000
  0.90527585E+000
  0.90527649E+000
  0.90527711E+000
  0.90527771E+000
  0.90527830E+000
  0.90527887E+000
  0.90527942E+000
  0.90527996E+000
  0.90528048E+000
  0.90528099E+000
  0.90528148E+000
  0.90528195E+000
  0.90528241E+000
  0.90528285E+000
  0.90528328E+000
  0.90528369E+000
  0.90528408E+000
  0.90528447E+000
  0.90528484E+000
  0.90528519E+000
  0.90528553E+000
  0.90528586E+000
  0.90528617E+000
  0.90528647E+000
  0.90528676E+000
  0.90528704E+000
  0.90528731E+000
  0.90528756E+000
  0.90528781E+000
  0.90528804E+000
  0.90528827E+000
  0.90528848E+000
  0.90528868E+000
  0.90528888E+000
  0.90528906E+000
  0.90528924E+000
  0.90528941E+000
  0.90528957E+000
  0.90528973E+000
  0.90528987E+000
  0.90529001E+000
  0.90529014E+000
  0.90529027E+000
  0.90529039E+000
  0.90529050E+000
  0.90529061E+000
  0.90529071E+000
