  0.31825102E+002
  0.31830531E+002
  0.31834794E+002
  0.31838223E+002
  0.31841018E+002
  0.31843324E+002
  0.31845239E+002
  0.31846844E+002
  0.31848199E+002
  0.31849349E+002
  0.31850332E+002
  0.31851180E+002
  0.31851915E+002
  0.31852560E+002
  0.31853129E+002
  0.31853637E+002
  0.31854093E+002
  0.31854508E+002
  0.31854888E+002
  0.31855240E+002
  0.31855570E+002
  0.31855882E+002
  0.31856180E+002
  0.31856467E+002
  0.31856746E+002
  0.31857019E+002
  0.31857289E+002
  0.31857557E+002
  0.31857824E+002
  0.31858091E+002
  0.31858361E+002
  0.31858633E+002
  0.31858907E+002
  0.31859186E+002
  0.31859469E+002
  0.31859757E+002
  0.31860049E+002
  0.31860346E+002
  0.31860649E+002
  0.31860957E+002
  0.31861269E+002
  0.31861587E+002
  0.31861909E+002
  0.31862236E+002
  0.31862568E+002
  0.31862903E+002
  0.31863242E+002
  0.31863585E+002
  0.31863930E+002
  0.31864277E+002
  0.31864626E+002
  0.31864976E+002
  0.31865327E+002
  0.31865678E+002
  0.31866028E+002
  0.31866376E+002
  0.31866723E+002
  0.31867066E+002
  0.31867405E+002
  0.31867740E+002
  0.31868069E+002
  0.31868392E+002
  0.31868708E+002
  0.31869016E+002
  0.31869316E+002
  0.31869605E+002
  0.31869884E+002
  0.31870152E+002
  0.31870408E+002
  0.31870651E+002
  0.31870881E+002
  0.31871096E+002
  0.31871296E+002
  0.31871481E+002
  0.31871650E+002
  0.31871802E+002
  0.31871936E+002
  0.31872053E+002
  0.31872152E+002
  0.31872233E+002
  0.31872294E+002
  0.31872337E+002
  0.31872360E+002
  0.31872364E+002
  0.31872348E+002
  0.31872314E+002
  0.31872259E+002
  0.31872185E+002
  0.31872092E+002
  0.31871981E+002
  0.31871850E+002
  0.31871701E+002
  0.31871534E+002
  0.31871349E+002
  0.31871147E+002
  0.31870928E+002
  0.31870693E+002
  0.31870442E+002
  0.31870175E+002
  0.31869894E+002
  0.31869598E+002
  0.31869289E+002
  0.31868967E+002
  0.31868631E+002
  0.31868284E+002
  0.31867925E+002
  0.31867555E+002
  0.31867175E+002
  0.31866784E+002
  0.31866384E+002
  0.31865975E+002
  0.31865558E+002
  0.31865132E+002
  0.31864699E+002
  0.31864259E+002
  0.31863812E+002
  0.31863359E+002
  0.31862900E+002
  0.31862435E+002
  0.31861965E+002
  0.31861491E+002
  0.31861012E+002
  0.31860529E+002
  0.31860043E+002
  0.31859553E+002
  0.31859060E+002
  0.31858564E+002
  0.31858066E+002
  0.31857566E+002
  0.31857064E+002
  0.31856561E+002
  0.31856056E+002
  0.31855551E+002
  0.31855044E+002
  0.31854538E+002
  0.31854031E+002
  0.31853524E+002
  0.31853018E+002
  0.31852512E+002
  0.31852007E+002
  0.31851504E+002
  0.31851001E+002
  0.31850501E+002
  0.31850002E+002
  0.31849505E+002
  0.31849010E+002
  0.31848518E+002
  0.31848029E+002
  0.31847542E+002
  0.31847059E+002
  0.31846579E+002
  0.31846103E+002
  0.31845630E+002
  0.31845161E+002
  0.31844697E+002
  0.31844236E+002
  0.31843780E+002
  0.31843329E+002
  0.31842882E+002
  0.31842441E+002
  0.31842004E+002
  0.31841573E+002
  0.31841147E+002
  0.31840727E+002
  0.31840312E+002
  0.31839902E+002
  0.31839499E+002
  0.31839102E+002
  0.31838710E+002
  0.31838325E+002
  0.31837945E+002
  0.31837572E+002
  0.31837206E+002
  0.31836845E+002
  0.31836492E+002
  0.31836144E+002
  0.31835803E+002
  0.31835469E+002
  0.31835141E+002
  0.31834820E+002
  0.31834505E+002
  0.31834197E+002
  0.31833896E+002
  0.31833601E+002
  0.31833313E+002
  0.31833032E+002
  0.31832757E+002
  0.31832488E+002
  0.31832226E+002
  0.31831971E+002
  0.31831721E+002
  0.31831479E+002
  0.31831242E+002
  0.31831012E+002
  0.31830788E+002
  0.31830571E+002
  0.31830359E+002
  0.31830153E+002
  0.31829953E+002
  0.31829760E+002
