  0.53182286E-005
  0.53130655E-005
  0.53100769E-005
  0.53083956E-005
  0.53074640E-005
  0.53069492E-005
  0.53066599E-005
  0.53064885E-005
  0.53063755E-005
  0.53062889E-005
  0.53062119E-005
  0.53061360E-005
  0.53060575E-005
  0.53059749E-005
  0.53058881E-005
  0.53057975E-005
  0.53057039E-005
  0.53056081E-005
  0.53055107E-005
  0.53054125E-005
  0.53053140E-005
  0.53052160E-005
  0.53051187E-005
  0.53050228E-005
  0.53049285E-005
  0.53048363E-005
  0.53047464E-005
  0.53046592E-005
  0.53045749E-005
  0.53044940E-005
  0.53044167E-005
  0.53043434E-005
  0.53042743E-005
  0.53042098E-005
  0.53041504E-005
  0.53040963E-005
  0.53040481E-005
  0.53040062E-005
  0.53039709E-005
  0.53039429E-005
  0.53039226E-005
  0.53039105E-005
  0.53039072E-005
  0.53039134E-005
  0.53039294E-005
  0.53039559E-005
  0.53039935E-005
  0.53040428E-005
  0.53041042E-005
  0.53041783E-005
  0.53042655E-005
  0.53043663E-005
  0.53044810E-005
  0.53046100E-005
  0.53047534E-005
  0.53049115E-005
  0.53050844E-005
  0.53052720E-005
  0.53054742E-005
  0.53056909E-005
  0.53059217E-005
  0.53061662E-005
  0.53064240E-005
  0.53066946E-005
  0.53069772E-005
  0.53072711E-005
  0.53075755E-005
  0.53078896E-005
  0.53082123E-005
  0.53085427E-005
  0.53088798E-005
  0.53092224E-005
  0.53095696E-005
  0.53099201E-005
  0.53102729E-005
  0.53106268E-005
  0.53109808E-005
  0.53113337E-005
  0.53116845E-005
  0.53120321E-005
  0.53123756E-005
  0.53127140E-005
  0.53130465E-005
  0.53133723E-005
  0.53136905E-005
  0.53140005E-005
  0.53143017E-005
  0.53145935E-005
  0.53148755E-005
  0.53151473E-005
  0.53154085E-005
  0.53156589E-005
  0.53158983E-005
  0.53161266E-005
  0.53163437E-005
  0.53165497E-005
  0.53167446E-005
  0.53169286E-005
  0.53171017E-005
  0.53172641E-005
  0.53174162E-005
  0.53175582E-005
  0.53176903E-005
  0.53178129E-005
  0.53179263E-005
  0.53180309E-005
  0.53181269E-005
  0.53182149E-005
  0.53182951E-005
  0.53183679E-005
  0.53184336E-005
  0.53184927E-005
  0.53185455E-005
  0.53185924E-005
  0.53186337E-005
  0.53186697E-005
  0.53187007E-005
  0.53187272E-005
  0.53187493E-005
  0.53187674E-005
  0.53187818E-005
  0.53187928E-005
  0.53188005E-005
  0.53188053E-005
  0.53188075E-005
  0.53188071E-005
  0.53188045E-005
  0.53187998E-005
  0.53187933E-005
  0.53187851E-005
  0.53187755E-005
  0.53187645E-005
  0.53187523E-005
  0.53187392E-005
  0.53187251E-005
  0.53187104E-005
  0.53186950E-005
  0.53186791E-005
  0.53186628E-005
  0.53186463E-005
  0.53186295E-005
  0.53186127E-005
  0.53185958E-005
  0.53185789E-005
  0.53185622E-005
  0.53185456E-005
  0.53185293E-005
  0.53185132E-005
  0.53184975E-005
  0.53184821E-005
  0.53184671E-005
  0.53184526E-005
  0.53184385E-005
  0.53184249E-005
  0.53184118E-005
  0.53183992E-005
  0.53183871E-005
  0.53183755E-005
  0.53183645E-005
  0.53183540E-005
  0.53183440E-005
  0.53183345E-005
  0.53183256E-005
  0.53183172E-005
  0.53183093E-005
  0.53183018E-005
  0.53182949E-005
  0.53182884E-005
  0.53182824E-005
  0.53182768E-005
  0.53182716E-005
  0.53182668E-005
  0.53182624E-005
  0.53182584E-005
  0.53182547E-005
  0.53182513E-005
  0.53182483E-005
  0.53182455E-005
  0.53182431E-005
  0.53182409E-005
  0.53182389E-005
  0.53182371E-005
  0.53182356E-005
  0.53182342E-005
  0.53182330E-005
  0.53182320E-005
  0.53182312E-005
  0.53182304E-005
  0.53182298E-005
  0.53182293E-005
  0.53182289E-005
  0.53182286E-005
  0.53182284E-005
  0.53182282E-005
  0.53182282E-005
  0.53182281E-005
  0.53182281E-005
  0.53182282E-005
  0.53182283E-005
  0.53182285E-005
