  0.46626308E-001
  0.46581042E-001
  0.46554841E-001
  0.46540100E-001
  0.46531932E-001
  0.46527419E-001
  0.46524883E-001
  0.46523380E-001
  0.46522389E-001
  0.46521630E-001
  0.46520955E-001
  0.46520289E-001
  0.46519601E-001
  0.46518877E-001
  0.46518116E-001
  0.46517322E-001
  0.46516501E-001
  0.46515661E-001
  0.46514807E-001
  0.46513946E-001
  0.46513083E-001
  0.46512223E-001
  0.46511371E-001
  0.46510530E-001
  0.46509703E-001
  0.46508894E-001
  0.46508106E-001
  0.46507342E-001
  0.46506603E-001
  0.46505894E-001
  0.46505216E-001
  0.46504573E-001
  0.46503967E-001
  0.46503402E-001
  0.46502881E-001
  0.46502407E-001
  0.46501984E-001
  0.46501616E-001
  0.46501307E-001
  0.46501062E-001
  0.46500884E-001
  0.46500778E-001
  0.46500749E-001
  0.46500803E-001
  0.46500943E-001
  0.46501176E-001
  0.46501506E-001
  0.46501938E-001
  0.46502476E-001
  0.46503125E-001
  0.46503890E-001
  0.46504773E-001
  0.46505779E-001
  0.46506910E-001
  0.46508168E-001
  0.46509554E-001
  0.46511070E-001
  0.46512714E-001
  0.46514487E-001
  0.46516387E-001
  0.46518410E-001
  0.46520554E-001
  0.46522815E-001
  0.46525187E-001
  0.46527664E-001
  0.46530241E-001
  0.46532910E-001
  0.46535663E-001
  0.46538493E-001
  0.46541389E-001
  0.46544345E-001
  0.46547349E-001
  0.46550393E-001
  0.46553466E-001
  0.46556559E-001
  0.46559662E-001
  0.46562765E-001
  0.46565859E-001
  0.46568934E-001
  0.46571982E-001
  0.46574993E-001
  0.46577961E-001
  0.46580876E-001
  0.46583732E-001
  0.46586522E-001
  0.46589239E-001
  0.46591880E-001
  0.46594439E-001
  0.46596911E-001
  0.46599293E-001
  0.46601584E-001
  0.46603779E-001
  0.46605878E-001
  0.46607879E-001
  0.46609783E-001
  0.46611589E-001
  0.46613298E-001
  0.46614911E-001
  0.46616428E-001
  0.46617853E-001
  0.46619186E-001
  0.46620431E-001
  0.46621589E-001
  0.46622664E-001
  0.46623658E-001
  0.46624575E-001
  0.46625417E-001
  0.46626188E-001
  0.46626891E-001
  0.46627529E-001
  0.46628106E-001
  0.46628624E-001
  0.46629087E-001
  0.46629498E-001
  0.46629860E-001
  0.46630175E-001
  0.46630448E-001
  0.46630679E-001
  0.46630874E-001
  0.46631032E-001
  0.46631159E-001
  0.46631255E-001
  0.46631323E-001
  0.46631365E-001
  0.46631383E-001
  0.46631380E-001
  0.46631357E-001
  0.46631316E-001
  0.46631259E-001
  0.46631187E-001
  0.46631103E-001
  0.46631006E-001
  0.46630900E-001
  0.46630785E-001
  0.46630662E-001
  0.46630532E-001
  0.46630397E-001
  0.46630258E-001
  0.46630115E-001
  0.46629970E-001
  0.46629823E-001
  0.46629675E-001
  0.46629527E-001
  0.46629380E-001
  0.46629233E-001
  0.46629088E-001
  0.46628944E-001
  0.46628804E-001
  0.46628666E-001
  0.46628531E-001
  0.46628400E-001
  0.46628272E-001
  0.46628149E-001
  0.46628029E-001
  0.46627914E-001
  0.46627804E-001
  0.46627698E-001
  0.46627596E-001
  0.46627500E-001
  0.46627407E-001
  0.46627320E-001
  0.46627237E-001
  0.46627159E-001
  0.46627085E-001
  0.46627015E-001
  0.46626950E-001
  0.46626889E-001
  0.46626833E-001
  0.46626780E-001
  0.46626731E-001
  0.46626685E-001
  0.46626643E-001
  0.46626605E-001
  0.46626569E-001
  0.46626537E-001
  0.46626508E-001
  0.46626481E-001
  0.46626457E-001
  0.46626435E-001
  0.46626416E-001
  0.46626398E-001
  0.46626383E-001
  0.46626369E-001
  0.46626358E-001
  0.46626347E-001
  0.46626338E-001
  0.46626331E-001
  0.46626324E-001
  0.46626319E-001
  0.46626315E-001
  0.46626311E-001
  0.46626309E-001
  0.46626307E-001
  0.46626305E-001
  0.46626304E-001
  0.46626304E-001
  0.46626304E-001
  0.46626305E-001
  0.46626306E-001
  0.46626307E-001
