  0.13124710E+000
  0.13122737E+000
  0.13121032E+000
  0.13119534E+000
  0.13118202E+000
  0.13117007E+000
  0.13115923E+000
  0.13114933E+000
  0.13114021E+000
  0.13113176E+000
  0.13112388E+000
  0.13111649E+000
  0.13110952E+000
  0.13110292E+000
  0.13109663E+000
  0.13109063E+000
  0.13108488E+000
  0.13107934E+000
  0.13107401E+000
  0.13106885E+000
  0.13106385E+000
  0.13105901E+000
  0.13105429E+000
  0.13104971E+000
  0.13104525E+000
  0.13104091E+000
  0.13103668E+000
  0.13103256E+000
  0.13102855E+000
  0.13102465E+000
  0.13102087E+000
  0.13101721E+000
  0.13101367E+000
  0.13101026E+000
  0.13100698E+000
  0.13100385E+000
  0.13100087E+000
  0.13099806E+000
  0.13099541E+000
  0.13099295E+000
  0.13099068E+000
  0.13098862E+000
  0.13098678E+000
  0.13098516E+000
  0.13098379E+000
  0.13098268E+000
  0.13098183E+000
  0.13098125E+000
  0.13098096E+000
  0.13098097E+000
  0.13098129E+000
  0.13098192E+000
  0.13098287E+000
  0.13098414E+000
  0.13098575E+000
  0.13098768E+000
  0.13098995E+000
  0.13099255E+000
  0.13099548E+000
  0.13099874E+000
  0.13100232E+000
  0.13100621E+000
  0.13101040E+000
  0.13101488E+000
  0.13101964E+000
  0.13102466E+000
  0.13102993E+000
  0.13103543E+000
  0.13104114E+000
  0.13104705E+000
  0.13105313E+000
  0.13105937E+000
  0.13106573E+000
  0.13107220E+000
  0.13107876E+000
  0.13108539E+000
  0.13109206E+000
  0.13109875E+000
  0.13110544E+000
  0.13111211E+000
  0.13111874E+000
  0.13112531E+000
  0.13113181E+000
  0.13113821E+000
  0.13114450E+000
  0.13115067E+000
  0.13115670E+000
  0.13116258E+000
  0.13116829E+000
  0.13117384E+000
  0.13117920E+000
  0.13118438E+000
  0.13118937E+000
  0.13119416E+000
  0.13119875E+000
  0.13120314E+000
  0.13120732E+000
  0.13121130E+000
  0.13121508E+000
  0.13121866E+000
  0.13122204E+000
  0.13122522E+000
  0.13122821E+000
  0.13123102E+000
  0.13123364E+000
  0.13123608E+000
  0.13123836E+000
  0.13124046E+000
  0.13124241E+000
  0.13124420E+000
  0.13124585E+000
  0.13124735E+000
  0.13124872E+000
  0.13124996E+000
  0.13125108E+000
  0.13125208E+000
  0.13125298E+000
  0.13125377E+000
  0.13125446E+000
  0.13125506E+000
  0.13125557E+000
  0.13125601E+000
  0.13125636E+000
  0.13125665E+000
  0.13125688E+000
  0.13125704E+000
  0.13125715E+000
  0.13125721E+000
  0.13125722E+000
  0.13125718E+000
  0.13125711E+000
  0.13125701E+000
  0.13125687E+000
  0.13125670E+000
  0.13125651E+000
  0.13125630E+000
  0.13125607E+000
  0.13125582E+000
  0.13125555E+000
  0.13125528E+000
  0.13125500E+000
  0.13125471E+000
  0.13125441E+000
  0.13125411E+000
  0.13125381E+000
  0.13125351E+000
  0.13125321E+000
  0.13125291E+000
  0.13125261E+000
  0.13125232E+000
  0.13125204E+000
  0.13125176E+000
  0.13125148E+000
  0.13125122E+000
  0.13125096E+000
  0.13125071E+000
  0.13125047E+000
  0.13125024E+000
  0.13125002E+000
  0.13124981E+000
  0.13124961E+000
  0.13124941E+000
  0.13124923E+000
  0.13124906E+000
  0.13124889E+000
  0.13124874E+000
  0.13124859E+000
  0.13124846E+000
  0.13124833E+000
  0.13124821E+000
  0.13124810E+000
  0.13124799E+000
  0.13124790E+000
  0.13124781E+000
  0.13124773E+000
  0.13124766E+000
  0.13124759E+000
  0.13124753E+000
  0.13124747E+000
  0.13124742E+000
  0.13124737E+000
  0.13124733E+000
  0.13124730E+000
  0.13124726E+000
  0.13124724E+000
  0.13124721E+000
  0.13124719E+000
  0.13124717E+000
  0.13124715E+000
  0.13124714E+000
  0.13124713E+000
  0.13124712E+000
  0.13124711E+000
  0.13124711E+000
  0.13124710E+000
  0.13124710E+000
  0.13124710E+000
  0.13124710E+000
  0.13124710E+000
  0.13124710E+000
