  0.26138386E+000
  0.26216849E+000
  0.26187863E+000
  0.26153371E+000
  0.26125957E+000
  0.26105548E+000
  0.26090672E+000
  0.26079966E+000
  0.26072384E+000
  0.26067163E+000
  0.26063705E+000
  0.26061571E+000
  0.26060433E+000
  0.26060034E+000
  0.26060186E+000
  0.26060751E+000
  0.26061619E+000
  0.26062706E+000
  0.26063956E+000
  0.26065321E+000
  0.26066769E+000
  0.26068272E+000
  0.26069816E+000
  0.26071386E+000
  0.26072976E+000
  0.26074579E+000
  0.26076194E+000
  0.26077820E+000
  0.26079457E+000
  0.26081107E+000
  0.26082772E+000
  0.26084455E+000
  0.26086158E+000
  0.26087884E+000
  0.26089637E+000
  0.26091418E+000
  0.26093230E+000
  0.26095075E+000
  0.26096956E+000
  0.26098874E+000
  0.26100830E+000
  0.26102825E+000
  0.26104860E+000
  0.26106935E+000
  0.26109050E+000
  0.26111204E+000
  0.26113398E+000
  0.26115629E+000
  0.26117897E+000
  0.26120200E+000
  0.26122537E+000
  0.26124906E+000
  0.26127303E+000
  0.26129728E+000
  0.26132177E+000
  0.26134647E+000
  0.26137136E+000
  0.26139639E+000
  0.26142154E+000
  0.26144676E+000
  0.26147203E+000
  0.26149453E+000
  0.26150285E+000
  0.26150407E+000
  0.26150174E+000
  0.26149767E+000
  0.26149273E+000
  0.26148737E+000
  0.26148180E+000
  0.26147612E+000
  0.26147039E+000
  0.26146464E+000
  0.26145889E+000
  0.26145315E+000
  0.26144743E+000
  0.26144176E+000
  0.26143614E+000
  0.26143059E+000
  0.26142512E+000
  0.26141975E+000
  0.26141448E+000
  0.26140933E+000
  0.26140432E+000
  0.26139945E+000
  0.26139473E+000
  0.26139018E+000
  0.26138580E+000
  0.26138161E+000
  0.26137761E+000
  0.26137381E+000
  0.26137022E+000
  0.26136683E+000
  0.26136366E+000
  0.26136070E+000
  0.26135795E+000
  0.26135542E+000
  0.26135310E+000
  0.26135100E+000
  0.26134911E+000
  0.26134742E+000
  0.26134594E+000
  0.26134465E+000
  0.26134355E+000
  0.26134264E+000
  0.26134190E+000
  0.26134134E+000
  0.26134093E+000
  0.26134069E+000
  0.26134058E+000
  0.26134062E+000
  0.26134078E+000
  0.26134107E+000
  0.26134146E+000
  0.26134196E+000
  0.26134256E+000
  0.26134324E+000
  0.26134399E+000
  0.26134482E+000
  0.26134571E+000
  0.26134665E+000
  0.26134763E+000
  0.26134866E+000
  0.26134972E+000
  0.26135080E+000
  0.26135190E+000
  0.26135302E+000
  0.26135415E+000
  0.26135528E+000
  0.26135640E+000
  0.26135753E+000
  0.26135864E+000
  0.26135974E+000
  0.26136082E+000
  0.26136189E+000
  0.26136294E+000
  0.26136396E+000
  0.26136495E+000
  0.26136592E+000
  0.26136686E+000
  0.26136778E+000
  0.26136866E+000
  0.26136951E+000
  0.26137033E+000
  0.26137112E+000
  0.26137188E+000
  0.26137261E+000
  0.26137330E+000
  0.26137397E+000
  0.26137460E+000
  0.26137521E+000
  0.26137579E+000
  0.26137633E+000
  0.26137686E+000
  0.26137735E+000
  0.26137782E+000
  0.26137826E+000
  0.26137867E+000
  0.26137907E+000
  0.26137944E+000
  0.26137979E+000
  0.26138011E+000
  0.26138042E+000
  0.26138071E+000
  0.26138098E+000
  0.26138123E+000
  0.26138146E+000
  0.26138168E+000
  0.26138188E+000
  0.26138207E+000
  0.26138225E+000
  0.26138241E+000
  0.26138255E+000
  0.26138269E+000
  0.26138282E+000
  0.26138293E+000
  0.26138304E+000
  0.26138313E+000
  0.26138322E+000
  0.26138330E+000
  0.26138337E+000
  0.26138344E+000
  0.26138350E+000
  0.26138355E+000
  0.26138360E+000
  0.26138364E+000
  0.26138368E+000
  0.26138371E+000
  0.26138374E+000
  0.26138377E+000
  0.26138379E+000
  0.26138381E+000
  0.26138382E+000
  0.26138384E+000
  0.26138385E+000
  0.26138386E+000
  0.26138387E+000
  0.26138388E+000
  0.26138388E+000
  0.26138388E+000
  0.26138389E+000
