  0.21475755E+000
  0.21558745E+000
  0.21532379E+000
  0.21499361E+000
  0.21472763E+000
  0.21452806E+000
  0.21438183E+000
  0.21427628E+000
  0.21420145E+000
  0.21415000E+000
  0.21411609E+000
  0.21409542E+000
  0.21408473E+000
  0.21408146E+000
  0.21408375E+000
  0.21409019E+000
  0.21409969E+000
  0.21411140E+000
  0.21412476E+000
  0.21413927E+000
  0.21415460E+000
  0.21417050E+000
  0.21418678E+000
  0.21420333E+000
  0.21422005E+000
  0.21423690E+000
  0.21425383E+000
  0.21427086E+000
  0.21428797E+000
  0.21430518E+000
  0.21432250E+000
  0.21433997E+000
  0.21435761E+000
  0.21437544E+000
  0.21439348E+000
  0.21441177E+000
  0.21443031E+000
  0.21444914E+000
  0.21446826E+000
  0.21448768E+000
  0.21450742E+000
  0.21452748E+000
  0.21454785E+000
  0.21456855E+000
  0.21458955E+000
  0.21461087E+000
  0.21463247E+000
  0.21465435E+000
  0.21467649E+000
  0.21469888E+000
  0.21472148E+000
  0.21474428E+000
  0.21476725E+000
  0.21479037E+000
  0.21481360E+000
  0.21483692E+000
  0.21486029E+000
  0.21488368E+000
  0.21490705E+000
  0.21493037E+000
  0.21495362E+000
  0.21497397E+000
  0.21498004E+000
  0.21497888E+000
  0.21497408E+000
  0.21496743E+000
  0.21495982E+000
  0.21495171E+000
  0.21494331E+000
  0.21493473E+000
  0.21492605E+000
  0.21491729E+000
  0.21490850E+000
  0.21489968E+000
  0.21489088E+000
  0.21488210E+000
  0.21487338E+000
  0.21486474E+000
  0.21485619E+000
  0.21484777E+000
  0.21483949E+000
  0.21483137E+000
  0.21482344E+000
  0.21481571E+000
  0.21480821E+000
  0.21480094E+000
  0.21479392E+000
  0.21478718E+000
  0.21478070E+000
  0.21477452E+000
  0.21476864E+000
  0.21476305E+000
  0.21475778E+000
  0.21475282E+000
  0.21474817E+000
  0.21474383E+000
  0.21473981E+000
  0.21473609E+000
  0.21473268E+000
  0.21472957E+000
  0.21472675E+000
  0.21472422E+000
  0.21472196E+000
  0.21471997E+000
  0.21471824E+000
  0.21471676E+000
  0.21471552E+000
  0.21471450E+000
  0.21471369E+000
  0.21471309E+000
  0.21471268E+000
  0.21471244E+000
  0.21471238E+000
  0.21471247E+000
  0.21471270E+000
  0.21471306E+000
  0.21471355E+000
  0.21471414E+000
  0.21471483E+000
  0.21471561E+000
  0.21471647E+000
  0.21471740E+000
  0.21471839E+000
  0.21471944E+000
  0.21472052E+000
  0.21472164E+000
  0.21472279E+000
  0.21472396E+000
  0.21472514E+000
  0.21472634E+000
  0.21472754E+000
  0.21472873E+000
  0.21472993E+000
  0.21473111E+000
  0.21473227E+000
  0.21473342E+000
  0.21473456E+000
  0.21473566E+000
  0.21473675E+000
  0.21473781E+000
  0.21473884E+000
  0.21473983E+000
  0.21474080E+000
  0.21474174E+000
  0.21474265E+000
  0.21474352E+000
  0.21474436E+000
  0.21474516E+000
  0.21474594E+000
  0.21474668E+000
  0.21474739E+000
  0.21474806E+000
  0.21474871E+000
  0.21474932E+000
  0.21474990E+000
  0.21475045E+000
  0.21475098E+000
  0.21475147E+000
  0.21475194E+000
  0.21475238E+000
  0.21475279E+000
  0.21475318E+000
  0.21475355E+000
  0.21475389E+000
  0.21475421E+000
  0.21475451E+000
  0.21475479E+000
  0.21475505E+000
  0.21475529E+000
  0.21475551E+000
  0.21475572E+000
  0.21475591E+000
  0.21475609E+000
  0.21475625E+000
  0.21475640E+000
  0.21475653E+000
  0.21475665E+000
  0.21475676E+000
  0.21475687E+000
  0.21475696E+000
  0.21475704E+000
  0.21475711E+000
  0.21475718E+000
  0.21475724E+000
  0.21475729E+000
  0.21475734E+000
  0.21475738E+000
  0.21475742E+000
  0.21475745E+000
  0.21475747E+000
  0.21475750E+000
  0.21475752E+000
  0.21475753E+000
  0.21475755E+000
  0.21475756E+000
  0.21475757E+000
  0.21475757E+000
  0.21475758E+000
  0.21475758E+000
  0.21475758E+000
