  0.88682554E+000
  0.88682990E+000
  0.88683309E+000
  0.88683548E+000
  0.88683730E+000
  0.88683869E+000
  0.88683976E+000
  0.88684058E+000
  0.88684120E+000
  0.88684166E+000
  0.88684199E+000
  0.88684222E+000
  0.88684237E+000
  0.88684244E+000
  0.88684246E+000
  0.88684244E+000
  0.88684238E+000
  0.88684228E+000
  0.88684216E+000
  0.88684201E+000
  0.88684185E+000
  0.88684167E+000
  0.88684147E+000
  0.88684126E+000
  0.88684104E+000
  0.88684082E+000
  0.88684058E+000
  0.88684033E+000
  0.88684008E+000
  0.88683982E+000
  0.88683955E+000
  0.88683927E+000
  0.88683899E+000
  0.88683870E+000
  0.88683840E+000
  0.88683810E+000
  0.88683778E+000
  0.88683746E+000
  0.88683713E+000
  0.88683679E+000
  0.88683645E+000
  0.88683609E+000
  0.88683573E+000
  0.88683536E+000
  0.88683498E+000
  0.88683459E+000
  0.88683420E+000
  0.88683379E+000
  0.88683338E+000
  0.88683296E+000
  0.88683253E+000
  0.88683210E+000
  0.88683166E+000
  0.88683121E+000
  0.88683076E+000
  0.88683031E+000
  0.88682986E+000
  0.88682940E+000
  0.88682894E+000
  0.88682849E+000
  0.88682803E+000
  0.88682758E+000
  0.88682714E+000
  0.88682670E+000
  0.88682627E+000
  0.88682585E+000
  0.88682544E+000
  0.88682505E+000
  0.88682468E+000
  0.88682432E+000
  0.88682398E+000
  0.88682367E+000
  0.88682338E+000
  0.88682312E+000
  0.88682288E+000
  0.88682268E+000
  0.88682251E+000
  0.88682237E+000
  0.88682227E+000
  0.88682221E+000
  0.88682219E+000
  0.88682221E+000
  0.88682228E+000
  0.88682238E+000
  0.88682253E+000
  0.88682272E+000
  0.88682296E+000
  0.88682325E+000
  0.88682358E+000
  0.88682395E+000
  0.88682437E+000
  0.88682484E+000
  0.88682534E+000
  0.88682589E+000
  0.88682648E+000
  0.88682711E+000
  0.88682778E+000
  0.88682849E+000
  0.88682923E+000
  0.88683000E+000
  0.88683080E+000
  0.88683164E+000
  0.88683250E+000
  0.88683338E+000
  0.88683428E+000
  0.88683521E+000
  0.88683615E+000
  0.88683710E+000
  0.88683807E+000
  0.88683904E+000
  0.88684002E+000
  0.88684101E+000
  0.88684199E+000
  0.88684298E+000
  0.88684396E+000
  0.88684494E+000
  0.88684591E+000
  0.88684687E+000
  0.88684781E+000
  0.88684874E+000
  0.88684965E+000
  0.88685055E+000
  0.88685142E+000
  0.88685227E+000
  0.88685310E+000
  0.88685390E+000
  0.88685467E+000
  0.88685542E+000
  0.88685613E+000
  0.88685681E+000
  0.88685746E+000
  0.88685807E+000
  0.88685865E+000
  0.88685919E+000
  0.88685970E+000
  0.88686016E+000
  0.88686059E+000
  0.88686099E+000
  0.88686134E+000
  0.88686165E+000
  0.88686193E+000
  0.88686216E+000
  0.88686236E+000
  0.88686252E+000
  0.88686263E+000
  0.88686271E+000
  0.88686276E+000
  0.88686276E+000
  0.88686273E+000
  0.88686266E+000
  0.88686256E+000
  0.88686242E+000
  0.88686225E+000
  0.88686205E+000
  0.88686182E+000
  0.88686155E+000
  0.88686126E+000
  0.88686094E+000
  0.88686059E+000
  0.88686022E+000
  0.88685982E+000
  0.88685940E+000
  0.88685896E+000
  0.88685850E+000
  0.88685802E+000
  0.88685753E+000
  0.88685701E+000
  0.88685649E+000
  0.88685595E+000
  0.88685539E+000
  0.88685483E+000
  0.88685426E+000
  0.88685367E+000
  0.88685309E+000
  0.88685249E+000
  0.88685189E+000
  0.88685129E+000
  0.88685068E+000
  0.88685008E+000
  0.88684947E+000
  0.88684886E+000
  0.88684825E+000
  0.88684765E+000
  0.88684705E+000
  0.88684645E+000
  0.88684586E+000
  0.88684527E+000
  0.88684468E+000
  0.88684411E+000
  0.88684354E+000
  0.88684298E+000
  0.88684242E+000
  0.88684188E+000
  0.88684134E+000
  0.88684081E+000
  0.88684029E+000
  0.88683978E+000
  0.88683929E+000
  0.88683880E+000
  0.88683832E+000
