  0.81427371E+000
  0.81427665E+000
  0.81427874E+000
  0.81428025E+000
  0.81428134E+000
  0.81428210E+000
  0.81428262E+000
  0.81428295E+000
  0.81428312E+000
  0.81428318E+000
  0.81428314E+000
  0.81428302E+000
  0.81428285E+000
  0.81428262E+000
  0.81428236E+000
  0.81428206E+000
  0.81428174E+000
  0.81428139E+000
  0.81428103E+000
  0.81428065E+000
  0.81428026E+000
  0.81427986E+000
  0.81427946E+000
  0.81427904E+000
  0.81427861E+000
  0.81427818E+000
  0.81427775E+000
  0.81427730E+000
  0.81427686E+000
  0.81427640E+000
  0.81427594E+000
  0.81427548E+000
  0.81427501E+000
  0.81427454E+000
  0.81427406E+000
  0.81427358E+000
  0.81427309E+000
  0.81427259E+000
  0.81427210E+000
  0.81427159E+000
  0.81427109E+000
  0.81427058E+000
  0.81427006E+000
  0.81426954E+000
  0.81426903E+000
  0.81426850E+000
  0.81426798E+000
  0.81426746E+000
  0.81426694E+000
  0.81426642E+000
  0.81426591E+000
  0.81426539E+000
  0.81426489E+000
  0.81426439E+000
  0.81426390E+000
  0.81426341E+000
  0.81426294E+000
  0.81426248E+000
  0.81426204E+000
  0.81426161E+000
  0.81426120E+000
  0.81426081E+000
  0.81426044E+000
  0.81426009E+000
  0.81425977E+000
  0.81425947E+000
  0.81425920E+000
  0.81425896E+000
  0.81425875E+000
  0.81425858E+000
  0.81425843E+000
  0.81425833E+000
  0.81425826E+000
  0.81425823E+000
  0.81425823E+000
  0.81425828E+000
  0.81425837E+000
  0.81425850E+000
  0.81425868E+000
  0.81425889E+000
  0.81425915E+000
  0.81425946E+000
  0.81425981E+000
  0.81426020E+000
  0.81426063E+000
  0.81426111E+000
  0.81426163E+000
  0.81426219E+000
  0.81426279E+000
  0.81426343E+000
  0.81426410E+000
  0.81426482E+000
  0.81426557E+000
  0.81426635E+000
  0.81426717E+000
  0.81426801E+000
  0.81426889E+000
  0.81426979E+000
  0.81427072E+000
  0.81427167E+000
  0.81427264E+000
  0.81427363E+000
  0.81427464E+000
  0.81427566E+000
  0.81427669E+000
  0.81427774E+000
  0.81427879E+000
  0.81427985E+000
  0.81428092E+000
  0.81428198E+000
  0.81428305E+000
  0.81428411E+000
  0.81428517E+000
  0.81428622E+000
  0.81428727E+000
  0.81428830E+000
  0.81428933E+000
  0.81429034E+000
  0.81429133E+000
  0.81429231E+000
  0.81429327E+000
  0.81429420E+000
  0.81429512E+000
  0.81429601E+000
  0.81429688E+000
  0.81429772E+000
  0.81429853E+000
  0.81429931E+000
  0.81430006E+000
  0.81430079E+000
  0.81430148E+000
  0.81430213E+000
  0.81430275E+000
  0.81430334E+000
  0.81430390E+000
  0.81430441E+000
  0.81430489E+000
  0.81430534E+000
  0.81430574E+000
  0.81430611E+000
  0.81430644E+000
  0.81430674E+000
  0.81430699E+000
  0.81430721E+000
  0.81430739E+000
  0.81430754E+000
  0.81430765E+000
  0.81430772E+000
  0.81430776E+000
  0.81430776E+000
  0.81430773E+000
  0.81430766E+000
  0.81430757E+000
  0.81430744E+000
  0.81430728E+000
  0.81430709E+000
  0.81430687E+000
  0.81430662E+000
  0.81430635E+000
  0.81430605E+000
  0.81430573E+000
  0.81430539E+000
  0.81430502E+000
  0.81430463E+000
  0.81430422E+000
  0.81430380E+000
  0.81430336E+000
  0.81430290E+000
  0.81430243E+000
  0.81430194E+000
  0.81430145E+000
  0.81430094E+000
  0.81430042E+000
  0.81429989E+000
  0.81429936E+000
  0.81429882E+000
  0.81429828E+000
  0.81429773E+000
  0.81429717E+000
  0.81429662E+000
  0.81429606E+000
  0.81429551E+000
  0.81429495E+000
  0.81429440E+000
  0.81429384E+000
  0.81429329E+000
  0.81429275E+000
  0.81429221E+000
  0.81429167E+000
  0.81429114E+000
  0.81429061E+000
  0.81429009E+000
  0.81428958E+000
  0.81428907E+000
  0.81428857E+000
  0.81428808E+000
  0.81428760E+000
  0.81428713E+000
  0.81428666E+000
  0.81428621E+000
