 -0.82433473E+000 -0.64308161E+000 -0.27719921E+000 -0.66076871E-004  0.84371337E-001  0.17428241E+001  0.12063646E+002  0.59173118E+002  0.13400207E+003  0.34790471E+003  0.65682841E+003
 -0.82431759E+000 -0.64305096E+000 -0.27719267E+000 -0.66056547E-004  0.84390225E-001  0.17429721E+001  0.12065062E+002  0.59173085E+002  0.13400183E+003  0.34790428E+003  0.65682701E+003
 -0.82430354E+000 -0.64302605E+000 -0.27718735E+000 -0.66043731E-004  0.84405782E-001  0.17430901E+001  0.12066182E+002  0.59173080E+002  0.13400177E+003  0.34790413E+003  0.65682647E+003
 -0.82429180E+000 -0.64300529E+000 -0.27718287E+000 -0.66035489E-004  0.84418861E-001  0.17431867E+001  0.12067093E+002  0.59173083E+002  0.13400177E+003  0.34790412E+003  0.65682639E+003
 -0.82428188E+000 -0.64298770E+000 -0.27717899E+000 -0.66029928E-004  0.84429985E-001  0.17432672E+001  0.12067845E+002  0.59173088E+002  0.13400181E+003  0.34790417E+003  0.65682653E+003
 -0.82427340E+000 -0.64297256E+000 -0.27717559E+000 -0.66025917E-004  0.84439556E-001  0.17433351E+001  0.12068474E+002  0.59173093E+002  0.13400184E+003  0.34790424E+003  0.65682676E+003
 -0.82426608E+000 -0.64295937E+000 -0.27717256E+000 -0.66022811E-004  0.84447862E-001  0.17433929E+001  0.12069005E+002  0.59173098E+002  0.13400188E+003  0.34790432E+003  0.65682701E+003
 -0.82425966E+000 -0.64294772E+000 -0.27716982E+000 -0.66020242E-004  0.84455142E-001  0.17434429E+001  0.12069458E+002  0.59173102E+002  0.13400191E+003  0.34790440E+003  0.65682724E+003
 -0.82425396E+000 -0.64293733E+000 -0.27716733E+000 -0.66018006E-004  0.84461586E-001  0.17434863E+001  0.12069848E+002  0.59173105E+002  0.13400194E+003  0.34790447E+003  0.65682746E+003
 -0.82424884E+000 -0.64292796E+000 -0.27716506E+000 -0.66015995E-004  0.84467340E-001  0.17435245E+001  0.12070186E+002  0.59173108E+002  0.13400197E+003  0.34790453E+003  0.65682764E+003
 -0.82424418E+000 -0.64291943E+000 -0.27716295E+000 -0.66014139E-004  0.84472535E-001  0.17435584E+001  0.12070482E+002  0.59173111E+002  0.13400199E+003  0.34790458E+003  0.65682781E+003
 -0.82423987E+000 -0.64291157E+000 -0.27716099E+000 -0.66012400E-004  0.84477273E-001  0.17435888E+001  0.12070744E+002  0.59173113E+002  0.13400200E+003  0.34790462E+003  0.65682794E+003
 -0.82423584E+000 -0.64290428E+000 -0.27715914E+000 -0.66010752E-004  0.84481639E-001  0.17436163E+001  0.12070978E+002  0.59173114E+002  0.13400202E+003  0.34790466E+003  0.65682806E+003
 -0.82423203E+000 -0.64289745E+000 -0.27715739E+000 -0.66009177E-004  0.84485706E-001  0.17436415E+001  0.12071189E+002  0.59173116E+002  0.13400203E+003  0.34790469E+003  0.65682815E+003
 -0.82422840E+000 -0.64289099E+000 -0.27715572E+000 -0.66007665E-004  0.84489531E-001  0.17436648E+001  0.12071381E+002  0.59173117E+002  0.13400204E+003  0.34790472E+003  0.65682823E+003
 -0.82422492E+000 -0.64288484E+000 -0.27715411E+000 -0.66006206E-004  0.84493163E-001  0.17436866E+001  0.12071558E+002  0.59173118E+002  0.13400205E+003  0.34790475E+003  0.65682830E+003
 -0.82422155E+000 -0.64287894E+000 -0.27715255E+000 -0.66004792E-004  0.84496645E-001  0.17437070E+001  0.12071722E+002  0.59173119E+002  0.13400206E+003  0.34790477E+003  0.65682836E+003
 -0.82421826E+000 -0.64287325E+000 -0.27715103E+000 -0.66003417E-004  0.84500013E-001  0.17437265E+001  0.12071876E+002  0.59173120E+002  0.13400206E+003  0.34790478E+003  0.65682841E+003
 -0.82421505E+000 -0.64286771E+000 -0.27714954E+000 -0.66002077E-004  0.84503296E-001  0.17437452E+001  0.12072021E+002  0.59173120E+002  0.13400207E+003  0.34790480E+003  0.65682845E+003
 -0.82421188E+000 -0.64286231E+000 -0.27714807E+000 -0.66000767E-004  0.84506521E-001  0.17437632E+001  0.12072160E+002  0.59173121E+002  0.13400207E+003  0.34790481E+003  0.65682849E+003
 -0.82420875E+000 -0.64285701E+000 -0.27714662E+000 -0.65999482E-004  0.84509711E-001  0.17437807E+001  0.12072294E+002  0.59173122E+002  0.13400208E+003  0.34790482E+003  0.65682852E+003
 -0.82420565E+000 -0.64285178E+000 -0.27714518E+000 -0.65998220E-004  0.84512886E-001  0.17437979E+001  0.12072423E+002  0.59173122E+002  0.13400208E+003  0.34790483E+003  0.65682854E+003
 -0.82420256E+000 -0.64284661E+000 -0.27714374E+000 -0.65996977E-004  0.84516065E-001  0.17438148E+001  0.12072550E+002  0.59173122E+002  0.13400209E+003  0.34790484E+003  0.65682856E+003
 -0.82419947E+000 -0.64284146E+000 -0.27714230E+000 -0.65995751E-004  0.84519263E-001  0.17438316E+001  0.12072674E+002  0.59173123E+002  0.13400209E+003  0.34790485E+003  0.65682858E+003
 -0.82419638E+000 -0.64283633E+000 -0.27714086E+000 -0.65994538E-004  0.84522495E-001  0.17438484E+001  0.12072797E+002  0.59173123E+002  0.13400209E+003  0.34790485E+003  0.65682860E+003
 -0.82419327E+000 -0.64283120E+000 -0.27713940E+000 -0.65993338E-004  0.84525775E-001  0.17438651E+001  0.12072919E+002  0.59173123E+002  0.13400209E+003  0.34790486E+003  0.65682862E+003
 -0.82419015E+000 -0.64282606E+000 -0.27713794E+000 -0.65992149E-004  0.84529114E-001  0.17438819E+001  0.12073042E+002  0.59173124E+002  0.13400209E+003  0.34790487E+003  0.65682863E+003
 -0.82418700E+000 -0.64282089E+000 -0.27713646E+000 -0.65990968E-004  0.84532524E-001  0.17438989E+001  0.12073164E+002  0.59173124E+002  0.13400210E+003  0.34790487E+003  0.65682864E+003
 -0.82418382E+000 -0.64281569E+000 -0.27713496E+000 -0.65989796E-004  0.84536017E-001  0.17439160E+001  0.12073288E+002  0.59173124E+002  0.13400210E+003  0.34790488E+003  0.65682865E+003
 -0.82418060E+000 -0.64281044E+000 -0.27713345E+000 -0.65988631E-004  0.84539601E-001  0.17439334E+001  0.12073412E+002  0.59173124E+002  0.13400210E+003  0.34790488E+003  0.65682866E+003
 -0.82417733E+000 -0.64280513E+000 -0.27713192E+000 -0.65987472E-004  0.84543287E-001  0.17439511E+001  0.12073538E+002  0.59173125E+002  0.13400210E+003  0.34790489E+003  0.65682868E+003
 -0.82417402E+000 -0.64279977E+000 -0.27713036E+000 -0.65986320E-004  0.84547083E-001  0.17439691E+001  0.12073666E+002  0.59173125E+002  0.13400210E+003  0.34790489E+003  0.65682869E+003
 -0.82417066E+000 -0.64279434E+000 -0.27712879E+000 -0.65985174E-004  0.84550998E-001  0.17439875E+001  0.12073796E+002  0.59173125E+002  0.13400211E+003  0.34790490E+003  0.65682870E+003
 -0.82416724E+000 -0.64278884E+000 -0.27712719E+000 -0.65984034E-004  0.84555041E-001  0.17440062E+001  0.12073927E+002  0.59173125E+002  0.13400211E+003  0.34790490E+003  0.65682871E+003
 -0.82416376E+000 -0.64278327E+000 -0.27712557E+000 -0.65982901E-004  0.84559218E-001  0.17440255E+001  0.12074061E+002  0.59173126E+002  0.13400211E+003  0.34790490E+003  0.65682871E+003
 -0.82416023E+000 -0.64277762E+000 -0.27712393E+000 -0.65981774E-004  0.84563538E-001  0.17440451E+001  0.12074198E+002  0.59173126E+002  0.13400211E+003  0.34790491E+003  0.65682872E+003
 -0.82415662E+000 -0.64277190E+000 -0.27712227E+000 -0.65980657E-004  0.84568007E-001  0.17440653E+001  0.12074337E+002  0.59173126E+002  0.13400211E+003  0.34790491E+003  0.65682873E+003
 -0.82415295E+000 -0.64276609E+000 -0.27712059E+000 -0.65979548E-004  0.84572631E-001  0.17440860E+001  0.12074478E+002  0.59173126E+002  0.13400211E+003  0.34790492E+003  0.65682874E+003
 -0.82414922E+000 -0.64276020E+000 -0.27711889E+000 -0.65978450E-004  0.84577415E-001  0.17441072E+001  0.12074622E+002  0.59173127E+002  0.13400212E+003  0.34790492E+003  0.65682875E+003
 -0.82414541E+000 -0.64275423E+000 -0.27711717E+000 -0.65977364E-004  0.84582364E-001  0.17441290E+001  0.12074769E+002  0.59173127E+002  0.13400212E+003  0.34790493E+003  0.65682876E+003
 -0.82414154E+000 -0.64274818E+000 -0.27711543E+000 -0.65976292E-004  0.84587481E-001  0.17441513E+001  0.12074917E+002  0.59173127E+002  0.13400212E+003  0.34790493E+003  0.65682878E+003
 -0.82413761E+000 -0.64274205E+000 -0.27711368E+000 -0.65975236E-004  0.84592769E-001  0.17441742E+001  0.12075069E+002  0.59173127E+002  0.13400212E+003  0.34790494E+003  0.65682879E+003
 -0.82413361E+000 -0.64273585E+000 -0.27711192E+000 -0.65974198E-004  0.84598230E-001  0.17441978E+001  0.12075223E+002  0.59173128E+002  0.13400212E+003  0.34790494E+003  0.65682880E+003
 -0.82412954E+000 -0.64272957E+000 -0.27711014E+000 -0.65973180E-004  0.84603861E-001  0.17442219E+001  0.12075378E+002  0.59173128E+002  0.13400212E+003  0.34790495E+003  0.65682881E+003
 -0.82412543E+000 -0.64272322E+000 -0.27710836E+000 -0.65972186E-004  0.84609661E-001  0.17442467E+001  0.12075537E+002  0.59173128E+002  0.13400213E+003  0.34790495E+003  0.65682882E+003
 -0.82412125E+000 -0.64271681E+000 -0.27710658E+000 -0.65971218E-004  0.84615626E-001  0.17442721E+001  0.12075697E+002  0.59173129E+002  0.13400213E+003  0.34790496E+003  0.65682883E+003
 -0.82411703E+000 -0.64271034E+000 -0.27710479E+000 -0.65970278E-004  0.84621750E-001  0.17442981E+001  0.12075859E+002  0.59173129E+002  0.13400213E+003  0.34790496E+003  0.65682884E+003
 -0.82411277E+000 -0.64270382E+000 -0.27710300E+000 -0.65969371E-004  0.84628023E-001  0.17443248E+001  0.12076022E+002  0.59173129E+002  0.13400213E+003  0.34790497E+003  0.65682885E+003
 -0.82410847E+000 -0.64269725E+000 -0.27710121E+000 -0.65968498E-004  0.84634434E-001  0.17443520E+001  0.12076188E+002  0.59173129E+002  0.13400213E+003  0.34790498E+003  0.65682887E+003
 -0.82410415E+000 -0.64269065E+000 -0.27709944E+000 -0.65967664E-004  0.84640968E-001  0.17443799E+001  0.12076354E+002  0.59173130E+002  0.13400214E+003  0.34790498E+003  0.65682888E+003
 -0.82409981E+000 -0.64268402E+000 -0.27709768E+000 -0.65966872E-004  0.84647609E-001  0.17444083E+001  0.12076522E+002  0.59173130E+002  0.13400214E+003  0.34790499E+003  0.65682889E+003
 -0.82409546E+000 -0.64267737E+000 -0.27709593E+000 -0.65966125E-004  0.84654334E-001  0.17444372E+001  0.12076690E+002  0.59173130E+002  0.13400214E+003  0.34790499E+003  0.65682890E+003
 -0.82409111E+000 -0.64267072E+000 -0.27709421E+000 -0.65965427E-004  0.84661120E-001  0.17444667E+001  0.12076858E+002  0.59173131E+002  0.13400214E+003  0.34790500E+003  0.65682892E+003
 -0.82408678E+000 -0.64266408E+000 -0.27709251E+000 -0.65964780E-004  0.84667940E-001  0.17444967E+001  0.12077027E+002  0.59173131E+002  0.13400214E+003  0.34790501E+003  0.65682893E+003
 -0.82408247E+000 -0.64265746E+000 -0.27709085E+000 -0.65964189E-004  0.84674762E-001  0.17445271E+001  0.12077196E+002  0.59173131E+002  0.13400215E+003  0.34790501E+003  0.65682894E+003
 -0.82407820E+000 -0.64265089E+000 -0.27708922E+000 -0.65963657E-004  0.84681553E-001  0.17445579E+001  0.12077364E+002  0.59173131E+002  0.13400215E+003  0.34790502E+003  0.65682896E+003
 -0.82407398E+000 -0.64264438E+000 -0.27708764E+000 -0.65963188E-004  0.84688275E-001  0.17445891E+001  0.12077531E+002  0.59173132E+002  0.13400215E+003  0.34790502E+003  0.65682897E+003
 -0.82406984E+000 -0.64263794E+000 -0.27708611E+000 -0.65962784E-004  0.84694886E-001  0.17446205E+001  0.12077697E+002  0.59173132E+002  0.13400215E+003  0.34790503E+003  0.65682898E+003
 -0.82406578E+000 -0.64263161E+000 -0.27708463E+000 -0.65962448E-004  0.84701346E-001  0.17446521E+001  0.12077862E+002  0.59173132E+002  0.13400215E+003  0.34790504E+003  0.65682900E+003
 -0.82406182E+000 -0.64262541E+000 -0.27708321E+000 -0.65962185E-004  0.84707607E-001  0.17446839E+001  0.12078024E+002  0.59173133E+002  0.13400216E+003  0.34790504E+003  0.65682901E+003
 -0.82405798E+000 -0.64261935E+000 -0.27708186E+000 -0.65961997E-004  0.84713622E-001  0.17447157E+001  0.12078183E+002  0.59173133E+002  0.13400216E+003  0.34790505E+003  0.65682902E+003
 -0.82405427E+000 -0.64261348E+000 -0.27708058E+000 -0.65961886E-004  0.84719342E-001  0.17447474E+001  0.12078340E+002  0.59173133E+002  0.13400216E+003  0.34790505E+003  0.65682903E+003
 -0.82405073E+000 -0.64260780E+000 -0.27707938E+000 -0.65961856E-004  0.84724717E-001  0.17447791E+001  0.12078493E+002  0.59173134E+002  0.13400216E+003  0.34790506E+003  0.65682905E+003
 -0.82404736E+000 -0.64260237E+000 -0.27707827E+000 -0.65961908E-004  0.84729696E-001  0.17448104E+001  0.12078641E+002  0.59173134E+002  0.13400216E+003  0.34790507E+003  0.65682906E+003
 -0.82404418E+000 -0.64259719E+000 -0.27707724E+000 -0.65962044E-004  0.84734229E-001  0.17448415E+001  0.12078786E+002  0.59173134E+002  0.13400217E+003  0.34790507E+003  0.65682907E+003
 -0.82404122E+000 -0.64259230E+000 -0.27707630E+000 -0.65962265E-004  0.84738267E-001  0.17448721E+001  0.12078925E+002  0.59173134E+002  0.13400217E+003  0.34790508E+003  0.65682909E+003
 -0.82403849E+000 -0.64258773E+000 -0.27707546E+000 -0.65962574E-004  0.84741760E-001  0.17449021E+001  0.12079059E+002  0.59173135E+002  0.13400217E+003  0.34790508E+003  0.65682910E+003
 -0.82403601E+000 -0.64258352E+000 -0.27707472E+000 -0.65962973E-004  0.84744662E-001  0.17449314E+001  0.12079187E+002  0.59173135E+002  0.13400217E+003  0.34790509E+003  0.65682911E+003
 -0.82403381E+000 -0.64257970E+000 -0.27707408E+000 -0.65963463E-004  0.84746931E-001  0.17449599E+001  0.12079309E+002  0.59173135E+002  0.13400217E+003  0.34790509E+003  0.65682912E+003
 -0.82403191E+000 -0.64257631E+000 -0.27707355E+000 -0.65964045E-004  0.84748526E-001  0.17449876E+001  0.12079423E+002  0.59173135E+002  0.13400218E+003  0.34790510E+003  0.65682914E+003
 -0.82403032E+000 -0.64257338E+000 -0.27707313E+000 -0.65964721E-004  0.84749413E-001  0.17450141E+001  0.12079531E+002  0.59173136E+002  0.13400218E+003  0.34790511E+003  0.65682915E+003
 -0.82402907E+000 -0.64257094E+000 -0.27707282E+000 -0.65965490E-004  0.84749562E-001  0.17450395E+001  0.12079630E+002  0.59173136E+002  0.13400218E+003  0.34790511E+003  0.65682916E+003
 -0.82402818E+000 -0.64256903E+000 -0.27707263E+000 -0.65966354E-004  0.84748949E-001  0.17450636E+001  0.12079721E+002  0.59173136E+002  0.13400218E+003  0.34790512E+003  0.65682917E+003
 -0.82402766E+000 -0.64256767E+000 -0.27707257E+000 -0.65967310E-004  0.84747556E-001  0.17450863E+001  0.12079804E+002  0.59173136E+002  0.13400218E+003  0.34790512E+003  0.65682918E+003
 -0.82402753E+000 -0.64256690E+000 -0.27707263E+000 -0.65968360E-004  0.84745374E-001  0.17451074E+001  0.12079877E+002  0.59173136E+002  0.13400218E+003  0.34790513E+003  0.65682919E+003
 -0.82402781E+000 -0.64256674E+000 -0.27707282E+000 -0.65969501E-004  0.84742398E-001  0.17451269E+001  0.12079942E+002  0.59173136E+002  0.13400219E+003  0.34790513E+003  0.65682920E+003
 -0.82402850E+000 -0.64256721E+000 -0.27707314E+000 -0.65970731E-004  0.84738634E-001  0.17451447E+001  0.12079996E+002  0.59173137E+002  0.13400219E+003  0.34790513E+003  0.65682921E+003
 -0.82402963E+000 -0.64256834E+000 -0.27707359E+000 -0.65972051E-004  0.84734093E-001  0.17451605E+001  0.12080040E+002  0.59173137E+002  0.13400219E+003  0.34790514E+003  0.65682922E+003
 -0.82403119E+000 -0.64257014E+000 -0.27707417E+000 -0.65973456E-004  0.84728794E-001  0.17451745E+001  0.12080073E+002  0.59173137E+002  0.13400219E+003  0.34790514E+003  0.65682923E+003
 -0.82403321E+000 -0.64257263E+000 -0.27707488E+000 -0.65974945E-004  0.84722764E-001  0.17451864E+001  0.12080096E+002  0.59173137E+002  0.13400219E+003  0.34790515E+003  0.65682924E+003
 -0.82403567E+000 -0.64257581E+000 -0.27707574E+000 -0.65976515E-004  0.84716035E-001  0.17451962E+001  0.12080108E+002  0.59173137E+002  0.13400219E+003  0.34790515E+003  0.65682925E+003
 -0.82403859E+000 -0.64257969E+000 -0.27707672E+000 -0.65978163E-004  0.84708648E-001  0.17452038E+001  0.12080109E+002  0.59173137E+002  0.13400219E+003  0.34790515E+003  0.65682925E+003
 -0.82404196E+000 -0.64258428E+000 -0.27707784E+000 -0.65979885E-004  0.84700645E-001  0.17452092E+001  0.12080099E+002  0.59173137E+002  0.13400219E+003  0.34790516E+003  0.65682926E+003
 -0.82404578E+000 -0.64258958E+000 -0.27707910E+000 -0.65981680E-004  0.84692078E-001  0.17452122E+001  0.12080077E+002  0.59173137E+002  0.13400219E+003  0.34790516E+003  0.65682927E+003
 -0.82405004E+000 -0.64259557E+000 -0.27708048E+000 -0.65983542E-004  0.84682998E-001  0.17452129E+001  0.12080044E+002  0.59173137E+002  0.13400219E+003  0.34790516E+003  0.65682928E+003
 -0.82405473E+000 -0.64260225E+000 -0.27708200E+000 -0.65985468E-004  0.84673462E-001  0.17452112E+001  0.12079999E+002  0.59173137E+002  0.13400219E+003  0.34790516E+003  0.65682928E+003
 -0.82405983E+000 -0.64260959E+000 -0.27708364E+000 -0.65987455E-004  0.84663529E-001  0.17452071E+001  0.12079942E+002  0.59173137E+002  0.13400219E+003  0.34790517E+003  0.65682929E+003
 -0.82406534E+000 -0.64261759E+000 -0.27708541E+000 -0.65989497E-004  0.84653257E-001  0.17452005E+001  0.12079874E+002  0.59173137E+002  0.13400219E+003  0.34790517E+003  0.65682929E+003
 -0.82407122E+000 -0.64262622E+000 -0.27708729E+000 -0.65991593E-004  0.84642707E-001  0.17451915E+001  0.12079795E+002  0.59173137E+002  0.13400220E+003  0.34790517E+003  0.65682930E+003
 -0.82407746E+000 -0.64263545E+000 -0.27708930E+000 -0.65993736E-004  0.84631939E-001  0.17451799E+001  0.12079704E+002  0.59173137E+002  0.13400220E+003  0.34790517E+003  0.65682930E+003
 -0.82408404E+000 -0.64264525E+000 -0.27709142E+000 -0.65995923E-004  0.84621011E-001  0.17451659E+001  0.12079602E+002  0.59173137E+002  0.13400220E+003  0.34790517E+003  0.65682931E+003
 -0.82409092E+000 -0.64265558E+000 -0.27709364E+000 -0.65998150E-004  0.84609982E-001  0.17451494E+001  0.12079490E+002  0.59173137E+002  0.13400220E+003  0.34790517E+003  0.65682931E+003
 -0.82409809E+000 -0.64266641E+000 -0.27709597E+000 -0.66000411E-004  0.84598905E-001  0.17451304E+001  0.12079366E+002  0.59173137E+002  0.13400219E+003  0.34790518E+003  0.65682931E+003
 -0.82410550E+000 -0.64267770E+000 -0.27709839E+000 -0.66002703E-004  0.84587834E-001  0.17451089E+001  0.12079232E+002  0.59173137E+002  0.13400219E+003  0.34790518E+003  0.65682932E+003
 -0.82411312E+000 -0.64268940E+000 -0.27710090E+000 -0.66005021E-004  0.84576818E-001  0.17450850E+001  0.12079088E+002  0.59173136E+002  0.13400219E+003  0.34790518E+003  0.65682932E+003
 -0.82412094E+000 -0.64270147E+000 -0.27710349E+000 -0.66007360E-004  0.84565902E-001  0.17450588E+001  0.12078935E+002  0.59173136E+002  0.13400219E+003  0.34790518E+003  0.65682932E+003
 -0.82412890E+000 -0.64271386E+000 -0.27710616E+000 -0.66009716E-004  0.84555130E-001  0.17450301E+001  0.12078772E+002  0.59173136E+002  0.13400219E+003  0.34790518E+003  0.65682933E+003
 -0.82413699E+000 -0.64272653E+000 -0.27710889E+000 -0.66012083E-004  0.84544538E-001  0.17449991E+001  0.12078600E+002  0.59173136E+002  0.13400219E+003  0.34790518E+003  0.65682933E+003
 -0.82414516E+000 -0.64273942E+000 -0.27711169E+000 -0.66014458E-004  0.84534163E-001  0.17449658E+001  0.12078419E+002  0.59173136E+002  0.13400219E+003  0.34790518E+003  0.65682933E+003
 -0.82415339E+000 -0.64275249E+000 -0.27711453E+000 -0.66016836E-004  0.84524033E-001  0.17449303E+001  0.12078230E+002  0.59173136E+002  0.13400219E+003  0.34790517E+003  0.65682933E+003
 -0.82416163E+000 -0.64276570E+000 -0.27711742E+000 -0.66019212E-004  0.84514177E-001  0.17448927E+001  0.12078034E+002  0.59173135E+002  0.13400219E+003  0.34790517E+003  0.65682933E+003
 -0.82416987E+000 -0.64277898E+000 -0.27712034E+000 -0.66021581E-004  0.84504616E-001  0.17448529E+001  0.12077830E+002  0.59173135E+002  0.13400219E+003  0.34790517E+003  0.65682933E+003
 -0.82417807E+000 -0.64279230E+000 -0.27712329E+000 -0.66023939E-004  0.84495370E-001  0.17448112E+001  0.12077619E+002  0.59173135E+002  0.13400219E+003  0.34790517E+003  0.65682933E+003
 -0.82418621E+000 -0.64280561E+000 -0.27712626E+000 -0.66026281E-004  0.84486454E-001  0.17447675E+001  0.12077402E+002  0.59173135E+002  0.13400219E+003  0.34790517E+003  0.65682933E+003
 -0.82419425E+000 -0.64281886E+000 -0.27712924E+000 -0.66028603E-004  0.84477880E-001  0.17447220E+001  0.12077179E+002  0.59173134E+002  0.13400219E+003  0.34790517E+003  0.65682933E+003
 -0.82420217E+000 -0.64283201E+000 -0.27713221E+000 -0.66030901E-004  0.84469657E-001  0.17446749E+001  0.12076950E+002  0.59173134E+002  0.13400218E+003  0.34790517E+003  0.65682933E+003
 -0.82420996E+000 -0.64284503E+000 -0.27713518E+000 -0.66033170E-004  0.84461791E-001  0.17446261E+001  0.12076716E+002  0.59173134E+002  0.13400218E+003  0.34790516E+003  0.65682933E+003
 -0.82421758E+000 -0.64285787E+000 -0.27713814E+000 -0.66035406E-004  0.84454286E-001  0.17445758E+001  0.12076478E+002  0.59173134E+002  0.13400218E+003  0.34790516E+003  0.65682933E+003
 -0.82422501E+000 -0.64287050E+000 -0.27714107E+000 -0.66037605E-004  0.84447142E-001  0.17445242E+001  0.12076234E+002  0.59173133E+002  0.13400218E+003  0.34790516E+003  0.65682932E+003
 -0.82423225E+000 -0.64288289E+000 -0.27714397E+000 -0.66039764E-004  0.84440359E-001  0.17444714E+001  0.12075987E+002  0.59173133E+002  0.13400218E+003  0.34790516E+003  0.65682932E+003
 -0.82423928E+000 -0.64289500E+000 -0.27714684E+000 -0.66041879E-004  0.84433933E-001  0.17444175E+001  0.12075736E+002  0.59173133E+002  0.13400218E+003  0.34790515E+003  0.65682932E+003
 -0.82424608E+000 -0.64290681E+000 -0.27714966E+000 -0.66043946E-004  0.84427859E-001  0.17443627E+001  0.12075482E+002  0.59173133E+002  0.13400218E+003  0.34790515E+003  0.65682932E+003
 -0.82425264E+000 -0.64291830E+000 -0.27715243E+000 -0.66045963E-004  0.84422131E-001  0.17443071E+001  0.12075224E+002  0.59173132E+002  0.13400218E+003  0.34790515E+003  0.65682932E+003
 -0.82425895E+000 -0.64292944E+000 -0.27715514E+000 -0.66047926E-004  0.84416743E-001  0.17442509E+001  0.12074964E+002  0.59173132E+002  0.13400217E+003  0.34790515E+003  0.65682931E+003
 -0.82426501E+000 -0.64294022E+000 -0.27715780E+000 -0.66049833E-004  0.84411684E-001  0.17441943E+001  0.12074701E+002  0.59173132E+002  0.13400217E+003  0.34790514E+003  0.65682931E+003
 -0.82427081E+000 -0.64295061E+000 -0.27716038E+000 -0.66051682E-004  0.84406946E-001  0.17441373E+001  0.12074437E+002  0.59173131E+002  0.13400217E+003  0.34790514E+003  0.65682931E+003
 -0.82427635E+000 -0.64296062E+000 -0.27716290E+000 -0.66053470E-004  0.84402519E-001  0.17440803E+001  0.12074170E+002  0.59173131E+002  0.13400217E+003  0.34790513E+003  0.65682930E+003
 -0.82428162E+000 -0.64297022E+000 -0.27716534E+000 -0.66055196E-004  0.84398392E-001  0.17440233E+001  0.12073901E+002  0.59173131E+002  0.13400217E+003  0.34790513E+003  0.65682930E+003
 -0.82428663E+000 -0.64297941E+000 -0.27716770E+000 -0.66056858E-004  0.84394555E-001  0.17439665E+001  0.12073632E+002  0.59173131E+002  0.13400217E+003  0.34790513E+003  0.65682929E+003
 -0.82429137E+000 -0.64298819E+000 -0.27716998E+000 -0.66058454E-004  0.84390995E-001  0.17439101E+001  0.12073361E+002  0.59173130E+002  0.13400216E+003  0.34790512E+003  0.65682929E+003
 -0.82429586E+000 -0.64299655E+000 -0.27717218E+000 -0.66059984E-004  0.84387702E-001  0.17438542E+001  0.12073089E+002  0.59173130E+002  0.13400216E+003  0.34790512E+003  0.65682929E+003
 -0.82430008E+000 -0.64300449E+000 -0.27717429E+000 -0.66061448E-004  0.84384664E-001  0.17437990E+001  0.12072816E+002  0.59173130E+002  0.13400216E+003  0.34790511E+003  0.65682928E+003
 -0.82430404E+000 -0.64301202E+000 -0.27717631E+000 -0.66062844E-004  0.84381869E-001  0.17437446E+001  0.12072543E+002  0.59173129E+002  0.13400216E+003  0.34790511E+003  0.65682928E+003
 -0.82430776E+000 -0.64301913E+000 -0.27717824E+000 -0.66064172E-004  0.84379306E-001  0.17436912E+001  0.12072270E+002  0.59173129E+002  0.13400216E+003  0.34790510E+003  0.65682927E+003
 -0.82431123E+000 -0.64302584E+000 -0.27718009E+000 -0.66065433E-004  0.84376963E-001  0.17436388E+001  0.12071996E+002  0.59173129E+002  0.13400215E+003  0.34790510E+003  0.65682927E+003
 -0.82431447E+000 -0.64303214E+000 -0.27718184E+000 -0.66066626E-004  0.84374830E-001  0.17435877E+001  0.12071724E+002  0.59173129E+002  0.13400215E+003  0.34790510E+003  0.65682926E+003
 -0.82431748E+000 -0.64303805E+000 -0.27718351E+000 -0.66067754E-004  0.84372895E-001  0.17435379E+001  0.12071451E+002  0.59173128E+002  0.13400215E+003  0.34790509E+003  0.65682925E+003
 -0.82432026E+000 -0.64304357E+000 -0.27718509E+000 -0.66068815E-004  0.84371148E-001  0.17434894E+001  0.12071180E+002  0.59173128E+002  0.13400215E+003  0.34790509E+003  0.65682925E+003
 -0.82432283E+000 -0.64304872E+000 -0.27718657E+000 -0.66069812E-004  0.84369577E-001  0.17434425E+001  0.12070910E+002  0.59173128E+002  0.13400215E+003  0.34790508E+003  0.65682924E+003
 -0.82432520E+000 -0.64305351E+000 -0.27718797E+000 -0.66070745E-004  0.84368173E-001  0.17433972E+001  0.12070641E+002  0.59173127E+002  0.13400215E+003  0.34790508E+003  0.65682923E+003
 -0.82432737E+000 -0.64305795E+000 -0.27718929E+000 -0.66071616E-004  0.84366925E-001  0.17433536E+001  0.12070374E+002  0.59173127E+002  0.13400214E+003  0.34790507E+003  0.65682923E+003
 -0.82432935E+000 -0.64306204E+000 -0.27719052E+000 -0.66072427E-004  0.84365825E-001  0.17433116E+001  0.12070109E+002  0.59173127E+002  0.13400214E+003  0.34790506E+003  0.65682922E+003
 -0.82433115E+000 -0.64306581E+000 -0.27719167E+000 -0.66073179E-004  0.84364862E-001  0.17432714E+001  0.12069847E+002  0.59173127E+002  0.13400214E+003  0.34790506E+003  0.65682921E+003
 -0.82433278E+000 -0.64306927E+000 -0.27719274E+000 -0.66073874E-004  0.84364027E-001  0.17432330E+001  0.12069587E+002  0.59173126E+002  0.13400214E+003  0.34790505E+003  0.65682921E+003
 -0.82433426E+000 -0.64307243E+000 -0.27719373E+000 -0.66074514E-004  0.84363312E-001  0.17431964E+001  0.12069331E+002  0.59173126E+002  0.13400214E+003  0.34790505E+003  0.65682920E+003
 -0.82433557E+000 -0.64307531E+000 -0.27719465E+000 -0.66075101E-004  0.84362708E-001  0.17431617E+001  0.12069078E+002  0.59173126E+002  0.13400213E+003  0.34790504E+003  0.65682919E+003
 -0.82433675E+000 -0.64307792E+000 -0.27719550E+000 -0.66075637E-004  0.84362207E-001  0.17431288E+001  0.12068828E+002  0.59173126E+002  0.13400213E+003  0.34790504E+003  0.65682918E+003
 -0.82433779E+000 -0.64308026E+000 -0.27719628E+000 -0.66076124E-004  0.84361802E-001  0.17430976E+001  0.12068583E+002  0.59173125E+002  0.13400213E+003  0.34790503E+003  0.65682917E+003
 -0.82433871E+000 -0.64308237E+000 -0.27719699E+000 -0.66076565E-004  0.84361485E-001  0.17430683E+001  0.12068342E+002  0.59173125E+002  0.13400213E+003  0.34790503E+003  0.65682917E+003
 -0.82433950E+000 -0.64308425E+000 -0.27719763E+000 -0.66076962E-004  0.84361248E-001  0.17430408E+001  0.12068106E+002  0.59173125E+002  0.13400213E+003  0.34790502E+003  0.65682916E+003
 -0.82434019E+000 -0.64308591E+000 -0.27719822E+000 -0.66077317E-004  0.84361085E-001  0.17430151E+001  0.12067875E+002  0.59173125E+002  0.13400213E+003  0.34790501E+003  0.65682915E+003
 -0.82434078E+000 -0.64308737E+000 -0.27719875E+000 -0.66077633E-004  0.84360990E-001  0.17429911E+001  0.12067649E+002  0.59173125E+002  0.13400212E+003  0.34790501E+003  0.65682914E+003
 -0.82434127E+000 -0.64308865E+000 -0.27719922E+000 -0.66077911E-004  0.84360955E-001  0.17429687E+001  0.12067428E+002  0.59173124E+002  0.13400212E+003  0.34790500E+003  0.65682913E+003
 -0.82434167E+000 -0.64308974E+000 -0.27719965E+000 -0.66078154E-004  0.84360976E-001  0.17429480E+001  0.12067214E+002  0.59173124E+002  0.13400212E+003  0.34790500E+003  0.65682912E+003
 -0.82434199E+000 -0.64309068E+000 -0.27720002E+000 -0.66078365E-004  0.84361047E-001  0.17429289E+001  0.12067005E+002  0.59173124E+002  0.13400212E+003  0.34790499E+003  0.65682911E+003
 -0.82434224E+000 -0.64309146E+000 -0.27720035E+000 -0.66078545E-004  0.84361163E-001  0.17429112E+001  0.12066803E+002  0.59173124E+002  0.13400212E+003  0.34790498E+003  0.65682910E+003
 -0.82434242E+000 -0.64309211E+000 -0.27720064E+000 -0.66078696E-004  0.84361317E-001  0.17428951E+001  0.12066607E+002  0.59173123E+002  0.13400212E+003  0.34790498E+003  0.65682909E+003
 -0.82434254E+000 -0.64309262E+000 -0.27720089E+000 -0.66078821E-004  0.84361507E-001  0.17428803E+001  0.12066418E+002  0.59173123E+002  0.13400211E+003  0.34790497E+003  0.65682908E+003
 -0.82434261E+000 -0.64309302E+000 -0.27720110E+000 -0.66078922E-004  0.84361726E-001  0.17428669E+001  0.12066236E+002  0.59173123E+002  0.13400211E+003  0.34790497E+003  0.65682907E+003
 -0.82434262E+000 -0.64309331E+000 -0.27720128E+000 -0.66079000E-004  0.84361972E-001  0.17428548E+001  0.12066060E+002  0.59173123E+002  0.13400211E+003  0.34790496E+003  0.65682906E+003
 -0.82434259E+000 -0.64309351E+000 -0.27720142E+000 -0.66079058E-004  0.84362240E-001  0.17428438E+001  0.12065892E+002  0.59173123E+002  0.13400211E+003  0.34790495E+003  0.65682905E+003
 -0.82434252E+000 -0.64309361E+000 -0.27720154E+000 -0.66079098E-004  0.84362527E-001  0.17428340E+001  0.12065731E+002  0.59173123E+002  0.13400211E+003  0.34790495E+003  0.65682904E+003
 -0.82434242E+000 -0.64309364E+000 -0.27720163E+000 -0.66079120E-004  0.84362829E-001  0.17428253E+001  0.12065576E+002  0.59173122E+002  0.13400211E+003  0.34790494E+003  0.65682903E+003
 -0.82434228E+000 -0.64309360E+000 -0.27720170E+000 -0.66079128E-004  0.84363143E-001  0.17428176E+001  0.12065429E+002  0.59173122E+002  0.13400211E+003  0.34790494E+003  0.65682902E+003
 -0.82434212E+000 -0.64309349E+000 -0.27720174E+000 -0.66079121E-004  0.84363467E-001  0.17428108E+001  0.12065289E+002  0.59173122E+002  0.13400210E+003  0.34790493E+003  0.65682901E+003
 -0.82434193E+000 -0.64309333E+000 -0.27720177E+000 -0.66079103E-004  0.84363796E-001  0.17428049E+001  0.12065156E+002  0.59173122E+002  0.13400210E+003  0.34790493E+003  0.65682900E+003
 -0.82434173E+000 -0.64309312E+000 -0.27720177E+000 -0.66079074E-004  0.84364131E-001  0.17427998E+001  0.12065030E+002  0.59173122E+002  0.13400210E+003  0.34790492E+003  0.65682898E+003
 -0.82434150E+000 -0.64309286E+000 -0.27720177E+000 -0.66079035E-004  0.84364467E-001  0.17427955E+001  0.12064910E+002  0.59173121E+002  0.13400210E+003  0.34790491E+003  0.65682897E+003
 -0.82434127E+000 -0.64309257E+000 -0.27720174E+000 -0.66078988E-004  0.84364803E-001  0.17427918E+001  0.12064798E+002  0.59173121E+002  0.13400210E+003  0.34790491E+003  0.65682896E+003
 -0.82434102E+000 -0.64309225E+000 -0.27720171E+000 -0.66078934E-004  0.84365137E-001  0.17427888E+001  0.12064692E+002  0.59173121E+002  0.13400210E+003  0.34790490E+003  0.65682895E+003
 -0.82434077E+000 -0.64309191E+000 -0.27720166E+000 -0.66078875E-004  0.84365468E-001  0.17427864E+001  0.12064592E+002  0.59173121E+002  0.13400210E+003  0.34790490E+003  0.65682894E+003
 -0.82434051E+000 -0.64309154E+000 -0.27720161E+000 -0.66078810E-004  0.84365794E-001  0.17427845E+001  0.12064499E+002  0.59173121E+002  0.13400210E+003  0.34790489E+003  0.65682893E+003
 -0.82434025E+000 -0.64309116E+000 -0.27720154E+000 -0.66078742E-004  0.84366113E-001  0.17427831E+001  0.12064412E+002  0.59173121E+002  0.13400210E+003  0.34790489E+003  0.65682892E+003
 -0.82433998E+000 -0.64309077E+000 -0.27720147E+000 -0.66078670E-004  0.84366425E-001  0.17427821E+001  0.12064330E+002  0.59173121E+002  0.13400209E+003  0.34790488E+003  0.65682891E+003
 -0.82433972E+000 -0.64309037E+000 -0.27720140E+000 -0.66078597E-004  0.84366729E-001  0.17427815E+001  0.12064255E+002  0.59173121E+002  0.13400209E+003  0.34790488E+003  0.65682890E+003
 -0.82433946E+000 -0.64308996E+000 -0.27720132E+000 -0.66078521E-004  0.84367024E-001  0.17427813E+001  0.12064185E+002  0.59173120E+002  0.13400209E+003  0.34790487E+003  0.65682888E+003
 -0.82433920E+000 -0.64308955E+000 -0.27720123E+000 -0.66078444E-004  0.84367309E-001  0.17427814E+001  0.12064120E+002  0.59173120E+002  0.13400209E+003  0.34790487E+003  0.65682887E+003
 -0.82433894E+000 -0.64308915E+000 -0.27720115E+000 -0.66078368E-004  0.84367584E-001  0.17427817E+001  0.12064061E+002  0.59173120E+002  0.13400209E+003  0.34790486E+003  0.65682886E+003
 -0.82433869E+000 -0.64308874E+000 -0.27720106E+000 -0.66078291E-004  0.84367848E-001  0.17427823E+001  0.12064006E+002  0.59173120E+002  0.13400209E+003  0.34790486E+003  0.65682885E+003
 -0.82433845E+000 -0.64308834E+000 -0.27720097E+000 -0.66078215E-004  0.84368100E-001  0.17427830E+001  0.12063955E+002  0.59173120E+002  0.13400209E+003  0.34790485E+003  0.65682884E+003
 -0.82433821E+000 -0.64308795E+000 -0.27720088E+000 -0.66078140E-004  0.84368342E-001  0.17427840E+001  0.12063910E+002  0.59173120E+002  0.13400209E+003  0.34790485E+003  0.65682883E+003
 -0.82433798E+000 -0.64308757E+000 -0.27720080E+000 -0.66078066E-004  0.84368572E-001  0.17427851E+001  0.12063868E+002  0.59173120E+002  0.13400209E+003  0.34790484E+003  0.65682882E+003
 -0.82433776E+000 -0.64308719E+000 -0.27720071E+000 -0.66077994E-004  0.84368790E-001  0.17427863E+001  0.12063830E+002  0.59173120E+002  0.13400209E+003  0.34790484E+003  0.65682881E+003
 -0.82433755E+000 -0.64308683E+000 -0.27720062E+000 -0.66077923E-004  0.84368996E-001  0.17427876E+001  0.12063796E+002  0.59173120E+002  0.13400208E+003  0.34790484E+003  0.65682880E+003
 -0.82433734E+000 -0.64308648E+000 -0.27720054E+000 -0.66077855E-004  0.84369191E-001  0.17427890E+001  0.12063765E+002  0.59173119E+002  0.13400208E+003  0.34790483E+003  0.65682879E+003
 -0.82433715E+000 -0.64308614E+000 -0.27720046E+000 -0.66077790E-004  0.84369375E-001  0.17427905E+001  0.12063737E+002  0.59173119E+002  0.13400208E+003  0.34790483E+003  0.65682878E+003
 -0.82433696E+000 -0.64308582E+000 -0.27720038E+000 -0.66077726E-004  0.84369548E-001  0.17427920E+001  0.12063713E+002  0.59173119E+002  0.13400208E+003  0.34790482E+003  0.65682877E+003
 -0.82433679E+000 -0.64308551E+000 -0.27720030E+000 -0.66077666E-004  0.84369709E-001  0.17427935E+001  0.12063691E+002  0.59173119E+002  0.13400208E+003  0.34790482E+003  0.65682876E+003
 -0.82433662E+000 -0.64308522E+000 -0.27720022E+000 -0.66077608E-004  0.84369860E-001  0.17427950E+001  0.12063671E+002  0.59173119E+002  0.13400208E+003  0.34790482E+003  0.65682875E+003
 -0.82433646E+000 -0.64308493E+000 -0.27720015E+000 -0.66077553E-004  0.84370000E-001  0.17427966E+001  0.12063654E+002  0.59173119E+002  0.13400208E+003  0.34790481E+003  0.65682874E+003
 -0.82433631E+000 -0.64308467E+000 -0.27720008E+000 -0.66077500E-004  0.84370130E-001  0.17427981E+001  0.12063640E+002  0.59173119E+002  0.13400208E+003  0.34790481E+003  0.65682873E+003
 -0.82433618E+000 -0.64308442E+000 -0.27720002E+000 -0.66077451E-004  0.84370251E-001  0.17427996E+001  0.12063627E+002  0.59173119E+002  0.13400208E+003  0.34790480E+003  0.65682872E+003
 -0.82433605E+000 -0.64308418E+000 -0.27719996E+000 -0.66077404E-004  0.84370363E-001  0.17428010E+001  0.12063616E+002  0.59173119E+002  0.13400208E+003  0.34790480E+003  0.65682871E+003
 -0.82433592E+000 -0.64308396E+000 -0.27719990E+000 -0.66077360E-004  0.84370465E-001  0.17428025E+001  0.12063607E+002  0.59173119E+002  0.13400208E+003  0.34790480E+003  0.65682870E+003
 -0.82433581E+000 -0.64308375E+000 -0.27719984E+000 -0.66077318E-004  0.84370559E-001  0.17428039E+001  0.12063599E+002  0.59173119E+002  0.13400208E+003  0.34790479E+003  0.65682869E+003
 -0.82433571E+000 -0.64308356E+000 -0.27719979E+000 -0.66077280E-004  0.84370645E-001  0.17428052E+001  0.12063593E+002  0.59173119E+002  0.13400208E+003  0.34790479E+003  0.65682868E+003
 -0.82433561E+000 -0.64308338E+000 -0.27719974E+000 -0.66077243E-004  0.84370723E-001  0.17428065E+001  0.12063588E+002  0.59173119E+002  0.13400208E+003  0.34790479E+003  0.65682867E+003
 -0.82433552E+000 -0.64308321E+000 -0.27719969E+000 -0.66077210E-004  0.84370794E-001  0.17428078E+001  0.12063584E+002  0.59173119E+002  0.13400208E+003  0.34790478E+003  0.65682866E+003
 -0.82433544E+000 -0.64308305E+000 -0.27719965E+000 -0.66077179E-004  0.84370859E-001  0.17428090E+001  0.12063581E+002  0.59173119E+002  0.13400208E+003  0.34790478E+003  0.65682866E+003
 -0.82433536E+000 -0.64308291E+000 -0.27719961E+000 -0.66077150E-004  0.84370917E-001  0.17428101E+001  0.12063579E+002  0.59173119E+002  0.13400207E+003  0.34790478E+003  0.65682865E+003
 -0.82433529E+000 -0.64308278E+000 -0.27719957E+000 -0.66077123E-004  0.84370969E-001  0.17428112E+001  0.12063578E+002  0.59173119E+002  0.13400207E+003  0.34790478E+003  0.65682864E+003
 -0.82433523E+000 -0.64308265E+000 -0.27719954E+000 -0.66077099E-004  0.84371015E-001  0.17428122E+001  0.12063577E+002  0.59173118E+002  0.13400207E+003  0.34790477E+003  0.65682863E+003
 -0.82433517E+000 -0.64308254E+000 -0.27719951E+000 -0.66077076E-004  0.84371057E-001  0.17428132E+001  0.12063577E+002  0.59173118E+002  0.13400207E+003  0.34790477E+003  0.65682862E+003
 -0.82433512E+000 -0.64308244E+000 -0.27719948E+000 -0.66077056E-004  0.84371093E-001  0.17428141E+001  0.12063577E+002  0.59173118E+002  0.13400207E+003  0.34790477E+003  0.65682862E+003
 -0.82433507E+000 -0.64308235E+000 -0.27719945E+000 -0.66077037E-004  0.84371125E-001  0.17428149E+001  0.12063578E+002  0.59173118E+002  0.13400207E+003  0.34790476E+003  0.65682861E+003
 -0.82433503E+000 -0.64308227E+000 -0.27719943E+000 -0.66077020E-004  0.84371153E-001  0.17428157E+001  0.12063580E+002  0.59173118E+002  0.13400207E+003  0.34790476E+003  0.65682860E+003
 -0.82433499E+000 -0.64308219E+000 -0.27719940E+000 -0.66077005E-004  0.84371177E-001  0.17428165E+001  0.12063581E+002  0.59173118E+002  0.13400207E+003  0.34790476E+003  0.65682859E+003
 -0.82433496E+000 -0.64308213E+000 -0.27719938E+000 -0.66076992E-004  0.84371198E-001  0.17428171E+001  0.12063583E+002  0.59173118E+002  0.13400207E+003  0.34790476E+003  0.65682859E+003
 -0.82433493E+000 -0.64308207E+000 -0.27719936E+000 -0.66076980E-004  0.84371215E-001  0.17428178E+001  0.12063585E+002  0.59173118E+002  0.13400207E+003  0.34790476E+003  0.65682858E+003
 -0.82433491E+000 -0.64308201E+000 -0.27719935E+000 -0.66076969E-004  0.84371230E-001  0.17428184E+001  0.12063587E+002  0.59173118E+002  0.13400207E+003  0.34790475E+003  0.65682857E+003
