  0.00000000E+000  0.00000000E+000  0.00000000E+000  0.00000000E+000  0.42174581E-001  0.36748790E+000  0.69433515E+001  0.46552187E+002  0.11381362E+003  0.30126422E+003  0.59143845E+003
  0.00000000E+000  0.00000000E+000  0.00000000E+000  0.00000000E+000  0.42189765E-001  0.36755390E+000  0.69445346E+001  0.46561740E+002  0.11383617E+003  0.30132532E+003  0.59155021E+003
  0.00000000E+000  0.00000000E+000  0.00000000E+000  0.00000000E+000  0.42202367E-001  0.36760796E+000  0.69454795E+001  0.46569248E+002  0.11385381E+003  0.30137304E+003  0.59163741E+003
  0.00000000E+000  0.00000000E+000  0.00000000E+000  0.00000000E+000  0.42213053E-001  0.36765332E+000  0.69462536E+001  0.46575316E+002  0.11386801E+003  0.30141137E+003  0.59170732E+003
  0.00000000E+000  0.00000000E+000  0.00000000E+000  0.00000000E+000  0.42222245E-001  0.36769194E+000  0.69468969E+001  0.46580297E+002  0.11387963E+003  0.30144265E+003  0.59176423E+003
  0.00000000E+000  0.00000000E+000  0.00000000E+000  0.00000000E+000  0.42230260E-001  0.36772527E+000  0.69474388E+001  0.46584441E+002  0.11388926E+003  0.30146852E+003  0.59181120E+003
  0.00000000E+000  0.00000000E+000  0.00000000E+000  0.00000000E+000  0.42237327E-001  0.36775435E+000  0.69478998E+001  0.46587919E+002  0.11389731E+003  0.30149012E+003  0.59185032E+003
  0.00000000E+000  0.00000000E+000  0.00000000E+000  0.00000000E+000  0.42243628E-001  0.36777999E+000  0.69482962E+001  0.46590867E+002  0.11390412E+003  0.30150833E+003  0.59188322E+003
  0.00000000E+000  0.00000000E+000  0.00000000E+000  0.00000000E+000  0.42249303E-001  0.36780283E+000  0.69486405E+001  0.46593389E+002  0.11390992E+003  0.30152383E+003  0.59191113E+003
  0.00000000E+000  0.00000000E+000  0.00000000E+000  0.00000000E+000  0.42254462E-001  0.36782334E+000  0.69489418E+001  0.46595559E+002  0.11391490E+003  0.30153709E+003  0.59193496E+003
  0.00000000E+000  0.00000000E+000  0.00000000E+000  0.00000000E+000  0.42259197E-001  0.36784195E+000  0.69492083E+001  0.46597445E+002  0.11391921E+003  0.30154855E+003  0.59195550E+003
  0.00000000E+000  0.00000000E+000  0.00000000E+000  0.00000000E+000  0.42263582E-001  0.36785897E+000  0.69494464E+001  0.46599100E+002  0.11392297E+003  0.30155855E+003  0.59197334E+003
  0.00000000E+000  0.00000000E+000  0.00000000E+000  0.00000000E+000  0.42267678E-001  0.36787469E+000  0.69496611E+001  0.46600563E+002  0.11392629E+003  0.30156733E+003  0.59198898E+003
  0.00000000E+000  0.00000000E+000  0.00000000E+000  0.00000000E+000  0.42271535E-001  0.36788934E+000  0.69498566E+001  0.46601871E+002  0.11392924E+003  0.30157513E+003  0.59200282E+003
  0.00000000E+000  0.00000000E+000  0.00000000E+000  0.00000000E+000  0.42275195E-001  0.36790308E+000  0.69500364E+001  0.46603051E+002  0.11393189E+003  0.30158212E+003  0.59201518E+003
  0.00000000E+000  0.00000000E+000  0.00000000E+000  0.00000000E+000  0.42278690E-001  0.36791608E+000  0.69502032E+001  0.46604124E+002  0.11393430E+003  0.30158844E+003  0.59202631E+003
  0.00000000E+000  0.00000000E+000  0.00000000E+000  0.00000000E+000  0.42282052E-001  0.36792848E+000  0.69503595E+001  0.46605111E+002  0.11393650E+003  0.30159422E+003  0.59203645E+003
  0.00000000E+000  0.00000000E+000  0.00000000E+000  0.00000000E+000  0.42285303E-001  0.36794036E+000  0.69505072E+001  0.46606028E+002  0.11393853E+003  0.30159955E+003  0.59204577E+003
  0.00000000E+000  0.00000000E+000  0.00000000E+000  0.00000000E+000  0.42288464E-001  0.36795184E+000  0.69506479E+001  0.46606887E+002  0.11394043E+003  0.30160451E+003  0.59205442E+003
  0.00000000E+000  0.00000000E+000  0.00000000E+000  0.00000000E+000  0.42291553E-001  0.36796299E+000  0.69507830E+001  0.46607700E+002  0.11394223E+003  0.30160919E+003  0.59206254E+003
  0.00000000E+000  0.00000000E+000  0.00000000E+000  0.00000000E+000  0.42294584E-001  0.36797387E+000  0.69509138E+001  0.46608476E+002  0.11394393E+003  0.30161363E+003  0.59207022E+003
  0.00000000E+000  0.00000000E+000  0.00000000E+000  0.00000000E+000  0.42297570E-001  0.36798454E+000  0.69510412E+001  0.46609223E+002  0.11394557E+003  0.30161789E+003  0.59207757E+003
  0.00000000E+000  0.00000000E+000  0.00000000E+000  0.00000000E+000  0.42300522E-001  0.36799505E+000  0.69511661E+001  0.46609948E+002  0.11394715E+003  0.30162202E+003  0.59208465E+003
  0.00000000E+000  0.00000000E+000  0.00000000E+000  0.00000000E+000  0.42303449E-001  0.36800545E+000  0.69512892E+001  0.46610657E+002  0.11394870E+003  0.30162604E+003  0.59209154E+003
  0.00000000E+000  0.00000000E+000  0.00000000E+000  0.00000000E+000  0.42306360E-001  0.36801577E+000  0.69514112E+001  0.46611354E+002  0.11395022E+003  0.30162998E+003  0.59209830E+003
  0.00000000E+000  0.00000000E+000  0.00000000E+000  0.00000000E+000  0.42309261E-001  0.36802604E+000  0.69515326E+001  0.46612044E+002  0.11395172E+003  0.30163389E+003  0.59210496E+003
  0.00000000E+000  0.00000000E+000  0.00000000E+000  0.00000000E+000  0.42312158E-001  0.36803629E+000  0.69516539E+001  0.46612731E+002  0.11395322E+003  0.30163777E+003  0.59211158E+003
  0.00000000E+000  0.00000000E+000  0.00000000E+000  0.00000000E+000  0.42315057E-001  0.36804654E+000  0.69517754E+001  0.46613417E+002  0.11395471E+003  0.30164165E+003  0.59211818E+003
  0.00000000E+000  0.00000000E+000  0.00000000E+000  0.00000000E+000  0.42317960E-001  0.36805681E+000  0.69518975E+001  0.46614106E+002  0.11395621E+003  0.30164554E+003  0.59212480E+003
  0.00000000E+000  0.00000000E+000  0.00000000E+000  0.00000000E+000  0.42320873E-001  0.36806711E+000  0.69520204E+001  0.46614799E+002  0.11395771E+003  0.30164947E+003  0.59213147E+003
  0.00000000E+000  0.00000000E+000  0.00000000E+000  0.00000000E+000  0.42323798E-001  0.36807747E+000  0.69521445E+001  0.46615499E+002  0.11395924E+003  0.30165344E+003  0.59213820E+003
  0.00000000E+000  0.00000000E+000  0.00000000E+000  0.00000000E+000  0.42326736E-001  0.36808788E+000  0.69522698E+001  0.46616206E+002  0.11396078E+003  0.30165745E+003  0.59214502E+003
  0.00000000E+000  0.00000000E+000  0.00000000E+000  0.00000000E+000  0.42329690E-001  0.36809836E+000  0.69523966E+001  0.46616923E+002  0.11396234E+003  0.30166154E+003  0.59215194E+003
  0.00000000E+000  0.00000000E+000  0.00000000E+000  0.00000000E+000  0.42332661E-001  0.36810891E+000  0.69525249E+001  0.46617650E+002  0.11396392E+003  0.30166569E+003  0.59215898E+003
  0.00000000E+000  0.00000000E+000  0.00000000E+000  0.00000000E+000  0.42335648E-001  0.36811954E+000  0.69526548E+001  0.46618388E+002  0.11396553E+003  0.30166991E+003  0.59216614E+003
  0.00000000E+000  0.00000000E+000  0.00000000E+000  0.00000000E+000  0.42338652E-001  0.36813024E+000  0.69527864E+001  0.46619138E+002  0.11396717E+003  0.30167422E+003  0.59217344E+003
  0.00000000E+000  0.00000000E+000  0.00000000E+000  0.00000000E+000  0.42341670E-001  0.36814102E+000  0.69529196E+001  0.46619901E+002  0.11396884E+003  0.30167861E+003  0.59218088E+003
  0.00000000E+000  0.00000000E+000  0.00000000E+000  0.00000000E+000  0.42344701E-001  0.36815187E+000  0.69530545E+001  0.46620676E+002  0.11397054E+003  0.30168309E+003  0.59218847E+003
  0.00000000E+000  0.00000000E+000  0.00000000E+000  0.00000000E+000  0.42347743E-001  0.36816279E+000  0.69531911E+001  0.46621464E+002  0.11397227E+003  0.30168766E+003  0.59219621E+003
  0.00000000E+000  0.00000000E+000  0.00000000E+000  0.00000000E+000  0.42350790E-001  0.36817377E+000  0.69533291E+001  0.46622264E+002  0.11397403E+003  0.30169232E+003  0.59220411E+003
  0.00000000E+000  0.00000000E+000  0.00000000E+000  0.00000000E+000  0.42353840E-001  0.36818480E+000  0.69534687E+001  0.46623078E+002  0.11397582E+003  0.30169707E+003  0.59221217E+003
  0.00000000E+000  0.00000000E+000  0.00000000E+000  0.00000000E+000  0.42356887E-001  0.36819587E+000  0.69536095E+001  0.46623903E+002  0.11397763E+003  0.30170192E+003  0.59222038E+003
  0.00000000E+000  0.00000000E+000  0.00000000E+000  0.00000000E+000  0.42359922E-001  0.36820698E+000  0.69537516E+001  0.46624740E+002  0.11397948E+003  0.30170685E+003  0.59222874E+003
  0.00000000E+000  0.00000000E+000  0.00000000E+000  0.00000000E+000  0.42362941E-001  0.36821810E+000  0.69538946E+001  0.46625588E+002  0.11398136E+003  0.30171188E+003  0.59223726E+003
  0.00000000E+000  0.00000000E+000  0.00000000E+000  0.00000000E+000  0.42365932E-001  0.36822923E+000  0.69540386E+001  0.46626447E+002  0.11398326E+003  0.30171699E+003  0.59224593E+003
  0.00000000E+000  0.00000000E+000  0.00000000E+000  0.00000000E+000  0.42368887E-001  0.36824034E+000  0.69541831E+001  0.46627315E+002  0.11398519E+003  0.30172218E+003  0.59225474E+003
  0.00000000E+000  0.00000000E+000  0.00000000E+000  0.00000000E+000  0.42371795E-001  0.36825142E+000  0.69543280E+001  0.46628192E+002  0.11398714E+003  0.30172746E+003  0.59226369E+003
  0.00000000E+000  0.00000000E+000  0.00000000E+000  0.00000000E+000  0.42374643E-001  0.36826246E+000  0.69544730E+001  0.46629076E+002  0.11398911E+003  0.30173281E+003  0.59227277E+003
  0.00000000E+000  0.00000000E+000  0.00000000E+000  0.00000000E+000  0.42377419E-001  0.36827342E+000  0.69546179E+001  0.46629967E+002  0.11399111E+003  0.30173824E+003  0.59228197E+003
  0.00000000E+000  0.00000000E+000  0.00000000E+000  0.00000000E+000  0.42380106E-001  0.36828429E+000  0.69547624E+001  0.46630863E+002  0.11399311E+003  0.30174373E+003  0.59229129E+003
  0.00000000E+000  0.00000000E+000  0.00000000E+000  0.00000000E+000  0.42382691E-001  0.36829505E+000  0.69549061E+001  0.46631762E+002  0.11399514E+003  0.30174928E+003  0.59230071E+003
  0.00000000E+000  0.00000000E+000  0.00000000E+000  0.00000000E+000  0.42385156E-001  0.36830566E+000  0.69550487E+001  0.46632663E+002  0.11399717E+003  0.30175489E+003  0.59231023E+003
  0.00000000E+000  0.00000000E+000  0.00000000E+000  0.00000000E+000  0.42387484E-001  0.36831611E+000  0.69551898E+001  0.46633564E+002  0.11399921E+003  0.30176054E+003  0.59231983E+003
  0.00000000E+000  0.00000000E+000  0.00000000E+000  0.00000000E+000  0.42389656E-001  0.36832637E+000  0.69553291E+001  0.46634463E+002  0.11400125E+003  0.30176623E+003  0.59232951E+003
  0.00000000E+000  0.00000000E+000  0.00000000E+000  0.00000000E+000  0.42391653E-001  0.36833641E+000  0.69554663E+001  0.46635359E+002  0.11400329E+003  0.30177196E+003  0.59233924E+003
  0.00000000E+000  0.00000000E+000  0.00000000E+000  0.00000000E+000  0.42393456E-001  0.36834619E+000  0.69556008E+001  0.46636250E+002  0.11400533E+003  0.30177770E+003  0.59234901E+003
  0.00000000E+000  0.00000000E+000  0.00000000E+000  0.00000000E+000  0.42395045E-001  0.36835570E+000  0.69557323E+001  0.46637133E+002  0.11400736E+003  0.30178347E+003  0.59235882E+003
  0.00000000E+000  0.00000000E+000  0.00000000E+000  0.00000000E+000  0.42396398E-001  0.36836490E+000  0.69558604E+001  0.46638006E+002  0.11400938E+003  0.30178923E+003  0.59236864E+003
  0.00000000E+000  0.00000000E+000  0.00000000E+000  0.00000000E+000  0.42397496E-001  0.36837376E+000  0.69559847E+001  0.46638867E+002  0.11401138E+003  0.30179499E+003  0.59237846E+003
  0.00000000E+000  0.00000000E+000  0.00000000E+000  0.00000000E+000  0.42398320E-001  0.36838224E+000  0.69561048E+001  0.46639713E+002  0.11401336E+003  0.30180073E+003  0.59238826E+003
  0.00000000E+000  0.00000000E+000  0.00000000E+000  0.00000000E+000  0.42398849E-001  0.36839033E+000  0.69562201E+001  0.46640543E+002  0.11401532E+003  0.30180645E+003  0.59239803E+003
  0.00000000E+000  0.00000000E+000  0.00000000E+000  0.00000000E+000  0.42399065E-001  0.36839798E+000  0.69563304E+001  0.46641353E+002  0.11401724E+003  0.30181213E+003  0.59240774E+003
  0.00000000E+000  0.00000000E+000  0.00000000E+000  0.00000000E+000  0.42398952E-001  0.36840517E+000  0.69564352E+001  0.46642141E+002  0.11401913E+003  0.30181776E+003  0.59241739E+003
  0.00000000E+000  0.00000000E+000  0.00000000E+000  0.00000000E+000  0.42398494E-001  0.36841187E+000  0.69565341E+001  0.46642905E+002  0.11402098E+003  0.30182334E+003  0.59242695E+003
  0.00000000E+000  0.00000000E+000  0.00000000E+000  0.00000000E+000  0.42397680E-001  0.36841804E+000  0.69566267E+001  0.46643641E+002  0.11402279E+003  0.30182884E+003  0.59243641E+003
  0.00000000E+000  0.00000000E+000  0.00000000E+000  0.00000000E+000  0.42396499E-001  0.36842366E+000  0.69567127E+001  0.46644348E+002  0.11402454E+003  0.30183426E+003  0.59244575E+003
  0.00000000E+000  0.00000000E+000  0.00000000E+000  0.00000000E+000  0.42394944E-001  0.36842870E+000  0.69567916E+001  0.46645022E+002  0.11402624E+003  0.30183959E+003  0.59245495E+003
  0.00000000E+000  0.00000000E+000  0.00000000E+000  0.00000000E+000  0.42393013E-001  0.36843314E+000  0.69568632E+001  0.46645661E+002  0.11402788E+003  0.30184481E+003  0.59246400E+003
  0.00000000E+000  0.00000000E+000  0.00000000E+000  0.00000000E+000  0.42390702E-001  0.36843694E+000  0.69569271E+001  0.46646263E+002  0.11402945E+003  0.30184992E+003  0.59247288E+003
  0.00000000E+000  0.00000000E+000  0.00000000E+000  0.00000000E+000  0.42388016E-001  0.36844008E+000  0.69569830E+001  0.46646824E+002  0.11403096E+003  0.30185490E+003  0.59248157E+003
  0.00000000E+000  0.00000000E+000  0.00000000E+000  0.00000000E+000  0.42384959E-001  0.36844254E+000  0.69570306E+001  0.46647343E+002  0.11403239E+003  0.30185975E+003  0.59249005E+003
  0.00000000E+000  0.00000000E+000  0.00000000E+000  0.00000000E+000  0.42381538E-001  0.36844429E+000  0.69570698E+001  0.46647817E+002  0.11403375E+003  0.30186445E+003  0.59249832E+003
  0.00000000E+000  0.00000000E+000  0.00000000E+000  0.00000000E+000  0.42377766E-001  0.36844531E+000  0.69571002E+001  0.46648244E+002  0.11403502E+003  0.30186899E+003  0.59250636E+003
  0.00000000E+000  0.00000000E+000  0.00000000E+000  0.00000000E+000  0.42373655E-001  0.36844558E+000  0.69571217E+001  0.46648621E+002  0.11403620E+003  0.30187336E+003  0.59251415E+003
  0.00000000E+000  0.00000000E+000  0.00000000E+000  0.00000000E+000  0.42369223E-001  0.36844508E+000  0.69571342E+001  0.46648947E+002  0.11403730E+003  0.30187756E+003  0.59252169E+003
  0.00000000E+000  0.00000000E+000  0.00000000E+000  0.00000000E+000  0.42364487E-001  0.36844379E+000  0.69571375E+001  0.46649219E+002  0.11403829E+003  0.30188158E+003  0.59252895E+003
  0.00000000E+000  0.00000000E+000  0.00000000E+000  0.00000000E+000  0.42359468E-001  0.36844169E+000  0.69571315E+001  0.46649436E+002  0.11403919E+003  0.30188540E+003  0.59253593E+003
  0.00000000E+000  0.00000000E+000  0.00000000E+000  0.00000000E+000  0.42354188E-001  0.36843876E+000  0.69571162E+001  0.46649596E+002  0.11403999E+003  0.30188902E+003  0.59254262E+003
  0.00000000E+000  0.00000000E+000  0.00000000E+000  0.00000000E+000  0.42348673E-001  0.36843498E+000  0.69570915E+001  0.46649698E+002  0.11404068E+003  0.30189243E+003  0.59254901E+003
  0.00000000E+000  0.00000000E+000  0.00000000E+000  0.00000000E+000  0.42342947E-001  0.36843034E+000  0.69570575E+001  0.46649739E+002  0.11404127E+003  0.30189563E+003  0.59255509E+003
  0.00000000E+000  0.00000000E+000  0.00000000E+000  0.00000000E+000  0.42337037E-001  0.36842483E+000  0.69570143E+001  0.46649720E+002  0.11404174E+003  0.30189860E+003  0.59256085E+003
  0.00000000E+000  0.00000000E+000  0.00000000E+000  0.00000000E+000  0.42330970E-001  0.36841843E+000  0.69569618E+001  0.46649639E+002  0.11404210E+003  0.30190135E+003  0.59256629E+003
  0.00000000E+000  0.00000000E+000  0.00000000E+000  0.00000000E+000  0.42324774E-001  0.36841113E+000  0.69569003E+001  0.46649496E+002  0.11404234E+003  0.30190386E+003  0.59257141E+003
  0.00000000E+000  0.00000000E+000  0.00000000E+000  0.00000000E+000  0.42318478E-001  0.36840292E+000  0.69568298E+001  0.46649290E+002  0.11404247E+003  0.30190614E+003  0.59257619E+003
  0.00000000E+000  0.00000000E+000  0.00000000E+000  0.00000000E+000  0.42312109E-001  0.36839379E+000  0.69567506E+001  0.46649020E+002  0.11404247E+003  0.30190818E+003  0.59258064E+003
  0.00000000E+000  0.00000000E+000  0.00000000E+000  0.00000000E+000  0.42305696E-001  0.36838373E+000  0.69566629E+001  0.46648688E+002  0.11404236E+003  0.30190998E+003  0.59258475E+003
  0.00000000E+000  0.00000000E+000  0.00000000E+000  0.00000000E+000  0.42299265E-001  0.36837275E+000  0.69565669E+001  0.46648293E+002  0.11404213E+003  0.30191153E+003  0.59258853E+003
  0.00000000E+000  0.00000000E+000  0.00000000E+000  0.00000000E+000  0.42292842E-001  0.36836083E+000  0.69564628E+001  0.46647835E+002  0.11404177E+003  0.30191283E+003  0.59259197E+003
  0.00000000E+000  0.00000000E+000  0.00000000E+000  0.00000000E+000  0.42286454E-001  0.36834799E+000  0.69563509E+001  0.46647316E+002  0.11404130E+003  0.30191388E+003  0.59259507E+003
  0.00000000E+000  0.00000000E+000  0.00000000E+000  0.00000000E+000  0.42280124E-001  0.36833424E+000  0.69562315E+001  0.46646736E+002  0.11404070E+003  0.30191468E+003  0.59259784E+003
  0.00000000E+000  0.00000000E+000  0.00000000E+000  0.00000000E+000  0.42273874E-001  0.36831957E+000  0.69561050E+001  0.46646096E+002  0.11403999E+003  0.30191524E+003  0.59260028E+003
  0.00000000E+000  0.00000000E+000  0.00000000E+000  0.00000000E+000  0.42267727E-001  0.36830402E+000  0.69559716E+001  0.46645397E+002  0.11403915E+003  0.30191554E+003  0.59260239E+003
  0.00000000E+000  0.00000000E+000  0.00000000E+000  0.00000000E+000  0.42261702E-001  0.36828759E+000  0.69558316E+001  0.46644642E+002  0.11403819E+003  0.30191559E+003  0.59260417E+003
  0.00000000E+000  0.00000000E+000  0.00000000E+000  0.00000000E+000  0.42255816E-001  0.36827031E+000  0.69556854E+001  0.46643832E+002  0.11403712E+003  0.30191540E+003  0.59260564E+003
  0.00000000E+000  0.00000000E+000  0.00000000E+000  0.00000000E+000  0.42250086E-001  0.36825222E+000  0.69555332E+001  0.46642967E+002  0.11403594E+003  0.30191495E+003  0.59260679E+003
  0.00000000E+000  0.00000000E+000  0.00000000E+000  0.00000000E+000  0.42244525E-001  0.36823334E+000  0.69553755E+001  0.46642052E+002  0.11403464E+003  0.30191426E+003  0.59260763E+003
  0.00000000E+000  0.00000000E+000  0.00000000E+000  0.00000000E+000  0.42239146E-001  0.36821372E+000  0.69552125E+001  0.46641087E+002  0.11403322E+003  0.30191333E+003  0.59260816E+003
  0.00000000E+000  0.00000000E+000  0.00000000E+000  0.00000000E+000  0.42233958E-001  0.36819341E+000  0.69550445E+001  0.46640074E+002  0.11403170E+003  0.30191216E+003  0.59260839E+003
  0.00000000E+000  0.00000000E+000  0.00000000E+000  0.00000000E+000  0.42228972E-001  0.36817245E+000  0.69548718E+001  0.46639017E+002  0.11403008E+003  0.30191075E+003  0.59260833E+003
  0.00000000E+000  0.00000000E+000  0.00000000E+000  0.00000000E+000  0.42224193E-001  0.36815090E+000  0.69546948E+001  0.46637917E+002  0.11402835E+003  0.30190910E+003  0.59260797E+003
  0.00000000E+000  0.00000000E+000  0.00000000E+000  0.00000000E+000  0.42219627E-001  0.36812883E+000  0.69545136E+001  0.46636777E+002  0.11402652E+003  0.30190721E+003  0.59260733E+003
  0.00000000E+000  0.00000000E+000  0.00000000E+000  0.00000000E+000  0.42215277E-001  0.36810628E+000  0.69543285E+001  0.46635599E+002  0.11402459E+003  0.30190510E+003  0.59260641E+003
  0.00000000E+000  0.00000000E+000  0.00000000E+000  0.00000000E+000  0.42211144E-001  0.36808334E+000  0.69541399E+001  0.46634386E+002  0.11402257E+003  0.30190276E+003  0.59260521E+003
  0.00000000E+000  0.00000000E+000  0.00000000E+000  0.00000000E+000  0.42207231E-001  0.36806008E+000  0.69539479E+001  0.46633141E+002  0.11402046E+003  0.30190020E+003  0.59260373E+003
  0.00000000E+000  0.00000000E+000  0.00000000E+000  0.00000000E+000  0.42203534E-001  0.36803656E+000  0.69537527E+001  0.46631866E+002  0.11401826E+003  0.30189741E+003  0.59260199E+003
  0.00000000E+000  0.00000000E+000  0.00000000E+000  0.00000000E+000  0.42200054E-001  0.36801286E+000  0.69535545E+001  0.46630563E+002  0.11401598E+003  0.30189441E+003  0.59259998E+003
  0.00000000E+000  0.00000000E+000  0.00000000E+000  0.00000000E+000  0.42196787E-001  0.36798906E+000  0.69533536E+001  0.46629236E+002  0.11401361E+003  0.30189118E+003  0.59259771E+003
  0.00000000E+000  0.00000000E+000  0.00000000E+000  0.00000000E+000  0.42193728E-001  0.36796524E+000  0.69531500E+001  0.46627886E+002  0.11401118E+003  0.30188775E+003  0.59259517E+003
  0.00000000E+000  0.00000000E+000  0.00000000E+000  0.00000000E+000  0.42190873E-001  0.36794147E+000  0.69529440E+001  0.46626517E+002  0.11400867E+003  0.30188411E+003  0.59259238E+003
  0.00000000E+000  0.00000000E+000  0.00000000E+000  0.00000000E+000  0.42188217E-001  0.36791782E+000  0.69527358E+001  0.46625131E+002  0.11400609E+003  0.30188027E+003  0.59258933E+003
  0.00000000E+000  0.00000000E+000  0.00000000E+000  0.00000000E+000  0.42185754E-001  0.36789438E+000  0.69525254E+001  0.46623731E+002  0.11400345E+003  0.30187622E+003  0.59258602E+003
  0.00000000E+000  0.00000000E+000  0.00000000E+000  0.00000000E+000  0.42183477E-001  0.36787121E+000  0.69523130E+001  0.46622318E+002  0.11400074E+003  0.30187197E+003  0.59258245E+003
  0.00000000E+000  0.00000000E+000  0.00000000E+000  0.00000000E+000  0.42181378E-001  0.36784839E+000  0.69520987E+001  0.46620895E+002  0.11399798E+003  0.30186753E+003  0.59257863E+003
  0.00000000E+000  0.00000000E+000  0.00000000E+000  0.00000000E+000  0.42179452E-001  0.36782597E+000  0.69518828E+001  0.46619465E+002  0.11399517E+003  0.30186290E+003  0.59257456E+003
  0.00000000E+000  0.00000000E+000  0.00000000E+000  0.00000000E+000  0.42177690E-001  0.36780402E+000  0.69516652E+001  0.46618030E+002  0.11399231E+003  0.30185807E+003  0.59257022E+003
  0.00000000E+000  0.00000000E+000  0.00000000E+000  0.00000000E+000  0.42176084E-001  0.36778259E+000  0.69514462E+001  0.46616592E+002  0.11398941E+003  0.30185307E+003  0.59256564E+003
  0.00000000E+000  0.00000000E+000  0.00000000E+000  0.00000000E+000  0.42174628E-001  0.36776174E+000  0.69512259E+001  0.46615152E+002  0.11398647E+003  0.30184788E+003  0.59256079E+003
  0.00000000E+000  0.00000000E+000  0.00000000E+000  0.00000000E+000  0.42173313E-001  0.36774151E+000  0.69510045E+001  0.46613714E+002  0.11398349E+003  0.30184252E+003  0.59255568E+003
  0.00000000E+000  0.00000000E+000  0.00000000E+000  0.00000000E+000  0.42172131E-001  0.36772194E+000  0.69507820E+001  0.46612278E+002  0.11398048E+003  0.30183699E+003  0.59255032E+003
  0.00000000E+000  0.00000000E+000  0.00000000E+000  0.00000000E+000  0.42171076E-001  0.36770307E+000  0.69505588E+001  0.46610847E+002  0.11397744E+003  0.30183128E+003  0.59254469E+003
  0.00000000E+000  0.00000000E+000  0.00000000E+000  0.00000000E+000  0.42170140E-001  0.36768494E+000  0.69503350E+001  0.46609422E+002  0.11397437E+003  0.30182542E+003  0.59253881E+003
  0.00000000E+000  0.00000000E+000  0.00000000E+000  0.00000000E+000  0.42169315E-001  0.36766756E+000  0.69501107E+001  0.46608005E+002  0.11397129E+003  0.30181939E+003  0.59253265E+003
  0.00000000E+000  0.00000000E+000  0.00000000E+000  0.00000000E+000  0.42168594E-001  0.36765095E+000  0.69498862E+001  0.46606597E+002  0.11396819E+003  0.30181321E+003  0.59252624E+003
  0.00000000E+000  0.00000000E+000  0.00000000E+000  0.00000000E+000  0.42167970E-001  0.36763514E+000  0.69496618E+001  0.46605199E+002  0.11396508E+003  0.30180687E+003  0.59251955E+003
  0.00000000E+000  0.00000000E+000  0.00000000E+000  0.00000000E+000  0.42167438E-001  0.36762012E+000  0.69494376E+001  0.46603814E+002  0.11396195E+003  0.30180040E+003  0.59251260E+003
  0.00000000E+000  0.00000000E+000  0.00000000E+000  0.00000000E+000  0.42166989E-001  0.36760590E+000  0.69492140E+001  0.46602441E+002  0.11395883E+003  0.30179378E+003  0.59250538E+003
  0.00000000E+000  0.00000000E+000  0.00000000E+000  0.00000000E+000  0.42166619E-001  0.36759249E+000  0.69489912E+001  0.46601083E+002  0.11395570E+003  0.30178703E+003  0.59249789E+003
  0.00000000E+000  0.00000000E+000  0.00000000E+000  0.00000000E+000  0.42166321E-001  0.36757987E+000  0.69487695E+001  0.46599739E+002  0.11395257E+003  0.30178015E+003  0.59249013E+003
  0.00000000E+000  0.00000000E+000  0.00000000E+000  0.00000000E+000  0.42166089E-001  0.36756804E+000  0.69485492E+001  0.46598411E+002  0.11394945E+003  0.30177314E+003  0.59248210E+003
  0.00000000E+000  0.00000000E+000  0.00000000E+000  0.00000000E+000  0.42165918E-001  0.36755699E+000  0.69483307E+001  0.46597100E+002  0.11394633E+003  0.30176602E+003  0.59247380E+003
  0.00000000E+000  0.00000000E+000  0.00000000E+000  0.00000000E+000  0.42165803E-001  0.36754670E+000  0.69481141E+001  0.46595806E+002  0.11394323E+003  0.30175878E+003  0.59246523E+003
  0.00000000E+000  0.00000000E+000  0.00000000E+000  0.00000000E+000  0.42165739E-001  0.36753716E+000  0.69479000E+001  0.46594529E+002  0.11394014E+003  0.30175144E+003  0.59245639E+003
  0.00000000E+000  0.00000000E+000  0.00000000E+000  0.00000000E+000  0.42165722E-001  0.36752833E+000  0.69476885E+001  0.46593271E+002  0.11393707E+003  0.30174400E+003  0.59244728E+003
  0.00000000E+000  0.00000000E+000  0.00000000E+000  0.00000000E+000  0.42165746E-001  0.36752021E+000  0.69474801E+001  0.46592032E+002  0.11393402E+003  0.30173647E+003  0.59243790E+003
  0.00000000E+000  0.00000000E+000  0.00000000E+000  0.00000000E+000  0.42165808E-001  0.36751276E+000  0.69472750E+001  0.46590812E+002  0.11393099E+003  0.30172886E+003  0.59242826E+003
  0.00000000E+000  0.00000000E+000  0.00000000E+000  0.00000000E+000  0.42165904E-001  0.36750595E+000  0.69470735E+001  0.46589610E+002  0.11392798E+003  0.30172116E+003  0.59241837E+003
  0.00000000E+000  0.00000000E+000  0.00000000E+000  0.00000000E+000  0.42166030E-001  0.36749977E+000  0.69468760E+001  0.46588429E+002  0.11392501E+003  0.30171339E+003  0.59240821E+003
  0.00000000E+000  0.00000000E+000  0.00000000E+000  0.00000000E+000  0.42166182E-001  0.36749418E+000  0.69466829E+001  0.46587267E+002  0.11392206E+003  0.30170556E+003  0.59239780E+003
  0.00000000E+000  0.00000000E+000  0.00000000E+000  0.00000000E+000  0.42166358E-001  0.36748915E+000  0.69464942E+001  0.46586125E+002  0.11391915E+003  0.30169767E+003  0.59238714E+003
  0.00000000E+000  0.00000000E+000  0.00000000E+000  0.00000000E+000  0.42166554E-001  0.36748465E+000  0.69463104E+001  0.46585002E+002  0.11391626E+003  0.30168973E+003  0.59237623E+003
  0.00000000E+000  0.00000000E+000  0.00000000E+000  0.00000000E+000  0.42166768E-001  0.36748065E+000  0.69461316E+001  0.46583900E+002  0.11391342E+003  0.30168175E+003  0.59236509E+003
  0.00000000E+000  0.00000000E+000  0.00000000E+000  0.00000000E+000  0.42166997E-001  0.36747713E+000  0.69459582E+001  0.46582818E+002  0.11391061E+003  0.30167373E+003  0.59235371E+003
  0.00000000E+000  0.00000000E+000  0.00000000E+000  0.00000000E+000  0.42167237E-001  0.36747405E+000  0.69457902E+001  0.46581756E+002  0.11390784E+003  0.30166569E+003  0.59234211E+003
  0.00000000E+000  0.00000000E+000  0.00000000E+000  0.00000000E+000  0.42167488E-001  0.36747138E+000  0.69456280E+001  0.46580713E+002  0.11390511E+003  0.30165762E+003  0.59233029E+003
  0.00000000E+000  0.00000000E+000  0.00000000E+000  0.00000000E+000  0.42167747E-001  0.36746910E+000  0.69454715E+001  0.46579691E+002  0.11390242E+003  0.30164954E+003  0.59231826E+003
  0.00000000E+000  0.00000000E+000  0.00000000E+000  0.00000000E+000  0.42168011E-001  0.36746718E+000  0.69453211E+001  0.46578689E+002  0.11389977E+003  0.30164146E+003  0.59230602E+003
  0.00000000E+000  0.00000000E+000  0.00000000E+000  0.00000000E+000  0.42168280E-001  0.36746559E+000  0.69451767E+001  0.46577707E+002  0.11389717E+003  0.30163338E+003  0.59229359E+003
  0.00000000E+000  0.00000000E+000  0.00000000E+000  0.00000000E+000  0.42168551E-001  0.36746430E+000  0.69450384E+001  0.46576745E+002  0.11389460E+003  0.30162531E+003  0.59228098E+003
  0.00000000E+000  0.00000000E+000  0.00000000E+000  0.00000000E+000  0.42168823E-001  0.36746329E+000  0.69449063E+001  0.46575803E+002  0.11389209E+003  0.30161725E+003  0.59226820E+003
  0.00000000E+000  0.00000000E+000  0.00000000E+000  0.00000000E+000  0.42169095E-001  0.36746253E+000  0.69447805E+001  0.46574881E+002  0.11388962E+003  0.30160922E+003  0.59225525E+003
  0.00000000E+000  0.00000000E+000  0.00000000E+000  0.00000000E+000  0.42169365E-001  0.36746200E+000  0.69446608E+001  0.46573979E+002  0.11388719E+003  0.30160121E+003  0.59224215E+003
  0.00000000E+000  0.00000000E+000  0.00000000E+000  0.00000000E+000  0.42169632E-001  0.36746169E+000  0.69445473E+001  0.46573097E+002  0.11388481E+003  0.30159324E+003  0.59222890E+003
  0.00000000E+000  0.00000000E+000  0.00000000E+000  0.00000000E+000  0.42169895E-001  0.36746156E+000  0.69444400E+001  0.46572236E+002  0.11388248E+003  0.30158532E+003  0.59221553E+003
  0.00000000E+000  0.00000000E+000  0.00000000E+000  0.00000000E+000  0.42170154E-001  0.36746160E+000  0.69443386E+001  0.46571394E+002  0.11388019E+003  0.30157745E+003  0.59220203E+003
  0.00000000E+000  0.00000000E+000  0.00000000E+000  0.00000000E+000  0.42170407E-001  0.36746178E+000  0.69442433E+001  0.46570572E+002  0.11387795E+003  0.30156963E+003  0.59218843E+003
  0.00000000E+000  0.00000000E+000  0.00000000E+000  0.00000000E+000  0.42170653E-001  0.36746210E+000  0.69441538E+001  0.46569771E+002  0.11387576E+003  0.30156187E+003  0.59217474E+003
  0.00000000E+000  0.00000000E+000  0.00000000E+000  0.00000000E+000  0.42170893E-001  0.36746254E+000  0.69440699E+001  0.46568990E+002  0.11387361E+003  0.30155417E+003  0.59216096E+003
  0.00000000E+000  0.00000000E+000  0.00000000E+000  0.00000000E+000  0.42171126E-001  0.36746307E+000  0.69439917E+001  0.46568230E+002  0.11387151E+003  0.30154655E+003  0.59214712E+003
  0.00000000E+000  0.00000000E+000  0.00000000E+000  0.00000000E+000  0.42171351E-001  0.36746369E+000  0.69439188E+001  0.46567490E+002  0.11386945E+003  0.30153901E+003  0.59213321E+003
  0.00000000E+000  0.00000000E+000  0.00000000E+000  0.00000000E+000  0.42171568E-001  0.36746438E+000  0.69438511E+001  0.46566770E+002  0.11386744E+003  0.30153155E+003  0.59211927E+003
  0.00000000E+000  0.00000000E+000  0.00000000E+000  0.00000000E+000  0.42171776E-001  0.36746513E+000  0.69437885E+001  0.46566070E+002  0.11386548E+003  0.30152417E+003  0.59210529E+003
  0.00000000E+000  0.00000000E+000  0.00000000E+000  0.00000000E+000  0.42171976E-001  0.36746593E+000  0.69437307E+001  0.46565392E+002  0.11386357E+003  0.30151689E+003  0.59209130E+003
  0.00000000E+000  0.00000000E+000  0.00000000E+000  0.00000000E+000  0.42172167E-001  0.36746677E+000  0.69436775E+001  0.46564733E+002  0.11386169E+003  0.30150970E+003  0.59207730E+003
  0.00000000E+000  0.00000000E+000  0.00000000E+000  0.00000000E+000  0.42172350E-001  0.36746764E+000  0.69436287E+001  0.46564096E+002  0.11385987E+003  0.30150261E+003  0.59206331E+003
  0.00000000E+000  0.00000000E+000  0.00000000E+000  0.00000000E+000  0.42172523E-001  0.36746852E+000  0.69435842E+001  0.46563478E+002  0.11385809E+003  0.30149562E+003  0.59204933E+003
  0.00000000E+000  0.00000000E+000  0.00000000E+000  0.00000000E+000  0.42172688E-001  0.36746942E+000  0.69435436E+001  0.46562881E+002  0.11385635E+003  0.30148873E+003  0.59203539E+003
  0.00000000E+000  0.00000000E+000  0.00000000E+000  0.00000000E+000  0.42172844E-001  0.36747033E+000  0.69435069E+001  0.46562305E+002  0.11385466E+003  0.30148195E+003  0.59202150E+003
  0.00000000E+000  0.00000000E+000  0.00000000E+000  0.00000000E+000  0.42172991E-001  0.36747123E+000  0.69434737E+001  0.46561749E+002  0.11385301E+003  0.30147528E+003  0.59200766E+003
  0.00000000E+000  0.00000000E+000  0.00000000E+000  0.00000000E+000  0.42173129E-001  0.36747213E+000  0.69434438E+001  0.46561213E+002  0.11385140E+003  0.30146872E+003  0.59199388E+003
  0.00000000E+000  0.00000000E+000  0.00000000E+000  0.00000000E+000  0.42173260E-001  0.36747301E+000  0.69434171E+001  0.46560697E+002  0.11384984E+003  0.30146228E+003  0.59198019E+003
  0.00000000E+000  0.00000000E+000  0.00000000E+000  0.00000000E+000  0.42173382E-001  0.36747388E+000  0.69433934E+001  0.46560201E+002  0.11384832E+003  0.30145595E+003  0.59196658E+003
  0.00000000E+000  0.00000000E+000  0.00000000E+000  0.00000000E+000  0.42173496E-001  0.36747474E+000  0.69433724E+001  0.46559725E+002  0.11384685E+003  0.30144974E+003  0.59195308E+003
  0.00000000E+000  0.00000000E+000  0.00000000E+000  0.00000000E+000  0.42173602E-001  0.36747556E+000  0.69433539E+001  0.46559269E+002  0.11384541E+003  0.30144365E+003  0.59193968E+003
  0.00000000E+000  0.00000000E+000  0.00000000E+000  0.00000000E+000  0.42173701E-001  0.36747637E+000  0.69433378E+001  0.46558832E+002  0.11384402E+003  0.30143767E+003  0.59192641E+003
  0.00000000E+000  0.00000000E+000  0.00000000E+000  0.00000000E+000  0.42173792E-001  0.36747714E+000  0.69433238E+001  0.46558413E+002  0.11384267E+003  0.30143182E+003  0.59191326E+003
  0.00000000E+000  0.00000000E+000  0.00000000E+000  0.00000000E+000  0.42173877E-001  0.36747789E+000  0.69433119E+001  0.46558014E+002  0.11384136E+003  0.30142609E+003  0.59190025E+003
  0.00000000E+000  0.00000000E+000  0.00000000E+000  0.00000000E+000  0.42173955E-001  0.36747861E+000  0.69433018E+001  0.46557632E+002  0.11384008E+003  0.30142048E+003  0.59188738E+003
  0.00000000E+000  0.00000000E+000  0.00000000E+000  0.00000000E+000  0.42174026E-001  0.36747930E+000  0.69432933E+001  0.46557269E+002  0.11383885E+003  0.30141500E+003  0.59187467E+003
  0.00000000E+000  0.00000000E+000  0.00000000E+000  0.00000000E+000  0.42174092E-001  0.36747995E+000  0.69432864E+001  0.46556924E+002  0.11383766E+003  0.30140963E+003  0.59186212E+003
  0.00000000E+000  0.00000000E+000  0.00000000E+000  0.00000000E+000  0.42174152E-001  0.36748057E+000  0.69432808E+001  0.46556595E+002  0.11383651E+003  0.30140439E+003  0.59184974E+003
  0.00000000E+000  0.00000000E+000  0.00000000E+000  0.00000000E+000  0.42174206E-001  0.36748116E+000  0.69432765E+001  0.46556284E+002  0.11383539E+003  0.30139927E+003  0.59183753E+003
  0.00000000E+000  0.00000000E+000  0.00000000E+000  0.00000000E+000  0.42174256E-001  0.36748172E+000  0.69432733E+001  0.46555989E+002  0.11383432E+003  0.30139427E+003  0.59182550E+003
  0.00000000E+000  0.00000000E+000  0.00000000E+000  0.00000000E+000  0.42174300E-001  0.36748224E+000  0.69432710E+001  0.46555710E+002  0.11383328E+003  0.30138940E+003  0.59181366E+003
  0.00000000E+000  0.00000000E+000  0.00000000E+000  0.00000000E+000  0.42174340E-001  0.36748273E+000  0.69432697E+001  0.46555446E+002  0.11383228E+003  0.30138464E+003  0.59180201E+003
  0.00000000E+000  0.00000000E+000  0.00000000E+000  0.00000000E+000  0.42174376E-001  0.36748319E+000  0.69432691E+001  0.46555197E+002  0.11383131E+003  0.30138001E+003  0.59179055E+003
  0.00000000E+000  0.00000000E+000  0.00000000E+000  0.00000000E+000  0.42174408E-001  0.36748362E+000  0.69432692E+001  0.46554963E+002  0.11383038E+003  0.30137549E+003  0.59177929E+003
  0.00000000E+000  0.00000000E+000  0.00000000E+000  0.00000000E+000  0.42174436E-001  0.36748403E+000  0.69432698E+001  0.46554742E+002  0.11382949E+003  0.30137110E+003  0.59176824E+003
  0.00000000E+000  0.00000000E+000  0.00000000E+000  0.00000000E+000  0.42174461E-001  0.36748440E+000  0.69432710E+001  0.46554535E+002  0.11382863E+003  0.30136682E+003  0.59175739E+003
  0.00000000E+000  0.00000000E+000  0.00000000E+000  0.00000000E+000  0.42174483E-001  0.36748474E+000  0.69432726E+001  0.46554341E+002  0.11382780E+003  0.30136266E+003  0.59174675E+003
  0.00000000E+000  0.00000000E+000  0.00000000E+000  0.00000000E+000  0.42174502E-001  0.36748506E+000  0.69432745E+001  0.46554160E+002  0.11382701E+003  0.30135861E+003  0.59173632E+003
  0.00000000E+000  0.00000000E+000  0.00000000E+000  0.00000000E+000  0.42174518E-001  0.36748535E+000  0.69432767E+001  0.46553990E+002  0.11382625E+003  0.30135468E+003  0.59172610E+003
  0.00000000E+000  0.00000000E+000  0.00000000E+000  0.00000000E+000  0.42174532E-001  0.36748562E+000  0.69432792E+001  0.46553832E+002  0.11382552E+003  0.30135087E+003  0.59171610E+003
  0.00000000E+000  0.00000000E+000  0.00000000E+000  0.00000000E+000  0.42174543E-001  0.36748586E+000  0.69432819E+001  0.46553684E+002  0.11382483E+003  0.30134716E+003  0.59170632E+003
  0.00000000E+000  0.00000000E+000  0.00000000E+000  0.00000000E+000  0.42174553E-001  0.36748609E+000  0.69432846E+001  0.46553547E+002  0.11382416E+003  0.30134357E+003  0.59169675E+003
  0.00000000E+000  0.00000000E+000  0.00000000E+000  0.00000000E+000  0.42174561E-001  0.36748629E+000  0.69432875E+001  0.46553419E+002  0.11382353E+003  0.30134009E+003  0.59168741E+003
  0.00000000E+000  0.00000000E+000  0.00000000E+000  0.00000000E+000  0.42174567E-001  0.36748647E+000  0.69432905E+001  0.46553301E+002  0.11382292E+003  0.30133672E+003  0.59167828E+003
  0.00000000E+000  0.00000000E+000  0.00000000E+000  0.00000000E+000  0.42174572E-001  0.36748663E+000  0.69432934E+001  0.46553192E+002  0.11382234E+003  0.30133345E+003  0.59166937E+003
  0.00000000E+000  0.00000000E+000  0.00000000E+000  0.00000000E+000  0.42174575E-001  0.36748678E+000  0.69432964E+001  0.46553090E+002  0.11382179E+003  0.30133029E+003  0.59166068E+003
  0.00000000E+000  0.00000000E+000  0.00000000E+000  0.00000000E+000  0.42174577E-001  0.36748691E+000  0.69432994E+001  0.46552997E+002  0.11382127E+003  0.30132724E+003  0.59165220E+003
  0.00000000E+000  0.00000000E+000  0.00000000E+000  0.00000000E+000  0.42174579E-001  0.36748703E+000  0.69433023E+001  0.46552912E+002  0.11382077E+003  0.30132428E+003  0.59164395E+003
