 -0.93136838E+000 -0.83200798E+000 -0.54954850E+000 -0.18462065E+000 -0.52196989E-002  0.96542082E-003  0.91442160E+000  0.45470511E+001  0.88191833E+001  0.15860427E+002  0.21714189E+002
 -0.93137682E+000 -0.83202023E+000 -0.54957421E+000 -0.18466442E+000 -0.52334142E-002  0.95590706E-003  0.91405740E+000  0.45469265E+001  0.88189731E+001  0.15859832E+002  0.21713569E+002
 -0.93138292E+000 -0.83202983E+000 -0.54959505E+000 -0.18469702E+000 -0.52306248E-002  0.95466305E-003  0.91382758E+000  0.45468417E+001  0.88187928E+001  0.15859334E+002  0.21713014E+002
 -0.93138728E+000 -0.83203723E+000 -0.54961168E+000 -0.18472094E+000 -0.52263101E-002  0.95562885E-003  0.91368983E+000  0.45467954E+001  0.88186431E+001  0.15858904E+002  0.21712511E+002
 -0.93139035E+000 -0.83204280E+000 -0.54962474E+000 -0.18473823E+000 -0.52225648E-002  0.95705615E-003  0.91361372E+000  0.45467790E+001  0.88185265E+001  0.15858525E+002  0.21712049E+002
 -0.93139245E+000 -0.83204686E+000 -0.54963483E+000 -0.18475045E+000 -0.52195688E-002  0.95842777E-003  0.91358019E+000  0.45467815E+001  0.88184454E+001  0.15858182E+002  0.21711622E+002
 -0.93139384E+000 -0.83204969E+000 -0.54964248E+000 -0.18475884E+000 -0.52172281E-002  0.95961506E-003  0.91357546E+000  0.45467931E+001  0.88183999E+001  0.15857867E+002  0.21711224E+002
 -0.93139469E+000 -0.83205154E+000 -0.54964814E+000 -0.18476432E+000 -0.52154182E-002  0.96060554E-003  0.91358970E+000  0.45468069E+001  0.88183874E+001  0.15857576E+002  0.21710849E+002
 -0.93139516E+000 -0.83205264E+000 -0.54965219E+000 -0.18476761E+000 -0.52140310E-002  0.96142049E-003  0.91361589E+000  0.45468189E+001  0.88184026E+001  0.15857305E+002  0.21710495E+002
 -0.93139537E+000 -0.83205316E+000 -0.54965496E+000 -0.18476924E+000 -0.52129827E-002  0.96208559E-003  0.91364896E+000  0.45468270E+001  0.88184383E+001  0.15857053E+002  0.21710157E+002
 -0.93139539E+000 -0.83205325E+000 -0.54965671E+000 -0.18476962E+000 -0.52122011E-002  0.96262788E-003  0.91368541E+000  0.45468309E+001  0.88184870E+001  0.15856820E+002  0.21709834E+002
 -0.93139529E+000 -0.83205304E+000 -0.54965766E+000 -0.18476906E+000 -0.52116302E-002  0.96306989E-003  0.91372280E+000  0.45468306E+001  0.88185414E+001  0.15856607E+002  0.21709523E+002
 -0.93139511E+000 -0.83205263E+000 -0.54965799E+000 -0.18476781E+000 -0.52112260E-002  0.96342995E-003  0.91375950E+000  0.45468266E+001  0.88185954E+001  0.15856415E+002  0.21709222E+002
 -0.93139488E+000 -0.83205207E+000 -0.54965783E+000 -0.18476605E+000 -0.52109520E-002  0.96372365E-003  0.91379445E+000  0.45468194E+001  0.88186441E+001  0.15856245E+002  0.21708930E+002
 -0.93139463E+000 -0.83205144E+000 -0.54965732E+000 -0.18476391E+000 -0.52107804E-002  0.96396330E-003  0.91382700E+000  0.45468095E+001  0.88186844E+001  0.15856099E+002  0.21708646E+002
 -0.93139437E+000 -0.83205077E+000 -0.54965652E+000 -0.18476150E+000 -0.52106895E-002  0.96415845E-003  0.91385679E+000  0.45467973E+001  0.88187141E+001  0.15855977E+002  0.21708367E+002
 -0.93139411E+000 -0.83205009E+000 -0.54965554E+000 -0.18475891E+000 -0.52106617E-002  0.96431721E-003  0.91388366E+000  0.45467830E+001  0.88187324E+001  0.15855878E+002  0.21708094E+002
 -0.93139386E+000 -0.83204942E+000 -0.54965441E+000 -0.18475620E+000 -0.52106828E-002  0.96444628E-003  0.91390759E+000  0.45467670E+001  0.88187391E+001  0.15855803E+002  0.21707825E+002
 -0.93139362E+000 -0.83204877E+000 -0.54965319E+000 -0.18475341E+000 -0.52107427E-002  0.96455065E-003  0.91392864E+000  0.45467494E+001  0.88187345E+001  0.15855750E+002  0.21707560E+002
 -0.93139340E+000 -0.83204816E+000 -0.54965191E+000 -0.18475059E+000 -0.52108326E-002  0.96463486E-003  0.91394695E+000  0.45467302E+001  0.88187195E+001  0.15855716E+002  0.21707298E+002
 -0.93139319E+000 -0.83204759E+000 -0.54965060E+000 -0.18474775E+000 -0.52109459E-002  0.96470240E-003  0.91396268E+000  0.45467097E+001  0.88186951E+001  0.15855701E+002  0.21707038E+002
 -0.93139299E+000 -0.83204705E+000 -0.54964929E+000 -0.18474493E+000 -0.52110774E-002  0.96475633E-003  0.91397602E+000  0.45466877E+001  0.88186622E+001  0.15855700E+002  0.21706780E+002
 -0.93139280E+000 -0.83204656E+000 -0.54964798E+000 -0.18474214E+000 -0.52112232E-002  0.96479909E-003  0.91398717E+000  0.45466644E+001  0.88186218E+001  0.15855711E+002  0.21706525E+002
 -0.93139263E+000 -0.83204610E+000 -0.54964668E+000 -0.18473938E+000 -0.52113803E-002  0.96483265E-003  0.91399633E+000  0.45466398E+001  0.88185748E+001  0.15855729E+002  0.21706270E+002
 -0.93139246E+000 -0.83204568E+000 -0.54964541E+000 -0.18473666E+000 -0.52115463E-002  0.96485877E-003  0.91400370E+000  0.45466139E+001  0.88185223E+001  0.15855752E+002  0.21706016E+002
 -0.93139229E+000 -0.83204529E+000 -0.54964416E+000 -0.18473399E+000 -0.52117195E-002  0.96487881E-003  0.91400945E+000  0.45465868E+001  0.88184648E+001  0.15855776E+002  0.21705764E+002
 -0.93139214E+000 -0.83204492E+000 -0.54964294E+000 -0.18473136E+000 -0.52118988E-002  0.96489392E-003  0.91401376E+000  0.45465586E+001  0.88184031E+001  0.15855797E+002  0.21705512E+002
 -0.93139198E+000 -0.83204457E+000 -0.54964174E+000 -0.18472878E+000 -0.52120831E-002  0.96490505E-003  0.91401679E+000  0.45465291E+001  0.88183378E+001  0.15855812E+002  0.21705262E+002
 -0.93139182E+000 -0.83204423E+000 -0.54964056E+000 -0.18472624E+000 -0.52122721E-002  0.96491297E-003  0.91401867E+000  0.45464986E+001  0.88182695E+001  0.15855819E+002  0.21705012E+002
 -0.93139166E+000 -0.83204391E+000 -0.54963939E+000 -0.18472374E+000 -0.52124653E-002  0.96491833E-003  0.91401955E+000  0.45464670E+001  0.88181984E+001  0.15855815E+002  0.21704763E+002
 -0.93139150E+000 -0.83204359E+000 -0.54963823E+000 -0.18472127E+000 -0.52126625E-002  0.96492164E-003  0.91401954E+000  0.45464344E+001  0.88181252E+001  0.15855798E+002  0.21704516E+002
 -0.93139132E+000 -0.83204326E+000 -0.54963707E+000 -0.18471883E+000 -0.52128636E-002  0.96492333E-003  0.91401874E+000  0.45464008E+001  0.88180500E+001  0.15855767E+002  0.21704270E+002
 -0.93139115E+000 -0.83204294E+000 -0.54963590E+000 -0.18471640E+000 -0.52130688E-002  0.96492374E-003  0.91401725E+000  0.45463662E+001  0.88179733E+001  0.15855721E+002  0.21704026E+002
 -0.93139096E+000 -0.83204260E+000 -0.54963471E+000 -0.18471399E+000 -0.52132780E-002  0.96492315E-003  0.91401515E+000  0.45463308E+001  0.88178952E+001  0.15855660E+002  0.21703785E+002
 -0.93139076E+000 -0.83204225E+000 -0.54963349E+000 -0.18471159E+000 -0.52134915E-002  0.96492176E-003  0.91401250E+000  0.45462945E+001  0.88178161E+001  0.15855584E+002  0.21703547E+002
 -0.93139054E+000 -0.83204188E+000 -0.54963224E+000 -0.18470918E+000 -0.52137094E-002  0.96491976E-003  0.91400936E+000  0.45462575E+001  0.88177362E+001  0.15855492E+002  0.21703313E+002
 -0.93139032E+000 -0.83204149E+000 -0.54963095E+000 -0.18470676E+000 -0.52139317E-002  0.96491726E-003  0.91400581E+000  0.45462196E+001  0.88176556E+001  0.15855387E+002  0.21703083E+002
 -0.93139007E+000 -0.83204107E+000 -0.54962960E+000 -0.18470433E+000 -0.52141588E-002  0.96491437E-003  0.91400186E+000  0.45461811E+001  0.88175745E+001  0.15855270E+002  0.21702858E+002
 -0.93138981E+000 -0.83204063E+000 -0.54962820E+000 -0.18470187E+000 -0.52143907E-002  0.96491115E-003  0.91399758E+000  0.45461419E+001  0.88174932E+001  0.15855140E+002  0.21702638E+002
 -0.93138953E+000 -0.83204015E+000 -0.54962673E+000 -0.18469937E+000 -0.52146275E-002  0.96490766E-003  0.91399300E+000  0.45461020E+001  0.88174118E+001  0.15855001E+002  0.21702426E+002
 -0.93138923E+000 -0.83203963E+000 -0.54962518E+000 -0.18469684E+000 -0.52148693E-002  0.96490393E-003  0.91398814E+000  0.45460615E+001  0.88173304E+001  0.15854854E+002  0.21702221E+002
 -0.93138891E+000 -0.83203908E+000 -0.54962355E+000 -0.18469427E+000 -0.52151161E-002  0.96489998E-003  0.91398303E+000  0.45460205E+001  0.88172493E+001  0.15854700E+002  0.21702024E+002
 -0.93138857E+000 -0.83203848E+000 -0.54962183E+000 -0.18469164E+000 -0.52153681E-002  0.96489582E-003  0.91397770E+000  0.45459790E+001  0.88171684E+001  0.15854541E+002  0.21701837E+002
 -0.93138820E+000 -0.83203784E+000 -0.54962003E+000 -0.18468896E+000 -0.52156251E-002  0.96489145E-003  0.91397217E+000  0.45459371E+001  0.88170881E+001  0.15854379E+002  0.21701659E+002
 -0.93138781E+000 -0.83203716E+000 -0.54961813E+000 -0.18468623E+000 -0.52158872E-002  0.96488688E-003  0.91396645E+000  0.45458947E+001  0.88170083E+001  0.15854215E+002  0.21701493E+002
 -0.93138739E+000 -0.83203643E+000 -0.54961613E+000 -0.18468343E+000 -0.52161543E-002  0.96488209E-003  0.91396057E+000  0.45458520E+001  0.88169293E+001  0.15854051E+002  0.21701339E+002
 -0.93138695E+000 -0.83203565E+000 -0.54961403E+000 -0.18468058E+000 -0.52164262E-002  0.96487709E-003  0.91395453E+000  0.45458090E+001  0.88168512E+001  0.15853888E+002  0.21701198E+002
 -0.93138648E+000 -0.83203483E+000 -0.54961183E+000 -0.18467766E+000 -0.52167029E-002  0.96487186E-003  0.91394836E+000  0.45457657E+001  0.88167741E+001  0.15853728E+002  0.21701071E+002
 -0.93138598E+000 -0.83203395E+000 -0.54960952E+000 -0.18467468E+000 -0.52169841E-002  0.96486639E-003  0.91394206E+000  0.45457223E+001  0.88166982E+001  0.15853573E+002  0.21700959E+002
 -0.93138545E+000 -0.83203302E+000 -0.54960712E+000 -0.18467163E+000 -0.52172697E-002  0.96486068E-003  0.91393565E+000  0.45456789E+001  0.88166235E+001  0.15853422E+002  0.21700861E+002
 -0.93138490E+000 -0.83203205E+000 -0.54960461E+000 -0.18466853E+000 -0.52175594E-002  0.96485472E-003  0.91392913E+000  0.45456353E+001  0.88165504E+001  0.15853278E+002  0.21700780E+002
 -0.93138432E+000 -0.83203102E+000 -0.54960201E+000 -0.18466537E+000 -0.52178531E-002  0.96484851E-003  0.91392253E+000  0.45455919E+001  0.88164790E+001  0.15853142E+002  0.21700716E+002
 -0.93138372E+000 -0.83202995E+000 -0.54959931E+000 -0.18466216E+000 -0.52181504E-002  0.96484203E-003  0.91391586E+000  0.45455487E+001  0.88164094E+001  0.15853014E+002  0.21700670E+002
 -0.93138309E+000 -0.83202883E+000 -0.54959652E+000 -0.18465890E+000 -0.52184509E-002  0.96483528E-003  0.91390912E+000  0.45455057E+001  0.88163419E+001  0.15852897E+002  0.21700641E+002
 -0.93138243E+000 -0.83202766E+000 -0.54959364E+000 -0.18465559E+000 -0.52187545E-002  0.96482825E-003  0.91390234E+000  0.45454631E+001  0.88162767E+001  0.15852789E+002  0.21700631E+002
 -0.93138174E+000 -0.83202645E+000 -0.54959067E+000 -0.18465224E+000 -0.52190607E-002  0.96482095E-003  0.91389552E+000  0.45454210E+001  0.88162141E+001  0.15852693E+002  0.21700639E+002
 -0.93138103E+000 -0.83202520E+000 -0.54958764E+000 -0.18464885E+000 -0.52193692E-002  0.96481339E-003  0.91388868E+000  0.45453795E+001  0.88161544E+001  0.15852610E+002  0.21700667E+002
 -0.93138030E+000 -0.83202390E+000 -0.54958453E+000 -0.18464544E+000 -0.52196795E-002  0.96480557E-003  0.91388185E+000  0.45453389E+001  0.88160977E+001  0.15852539E+002  0.21700714E+002
 -0.93137955E+000 -0.83202257E+000 -0.54958135E+000 -0.18464200E+000 -0.52199912E-002  0.96479748E-003  0.91387503E+000  0.45452992E+001  0.88160445E+001  0.15852483E+002  0.21700780E+002
 -0.93137878E+000 -0.83202121E+000 -0.54957812E+000 -0.18463854E+000 -0.52203039E-002  0.96478916E-003  0.91386827E+000  0.45452607E+001  0.88159949E+001  0.15852440E+002  0.21700866E+002
 -0.93137799E+000 -0.83201981E+000 -0.54957484E+000 -0.18463507E+000 -0.52206171E-002  0.96478059E-003  0.91386157E+000  0.45452235E+001  0.88159494E+001  0.15852412E+002  0.21700971E+002
 -0.93137718E+000 -0.83201839E+000 -0.54957152E+000 -0.18463160E+000 -0.52208965E-002  0.96477574E-003  0.91385498E+000  0.45451878E+001  0.88159082E+001  0.15852399E+002  0.21701095E+002
 -0.93137636E+000 -0.83201694E+000 -0.54956816E+000 -0.18462812E+000 -0.52210011E-002  0.96479083E-003  0.91384853E+000  0.45451539E+001  0.88158716E+001  0.15852401E+002  0.21701238E+002
 -0.93137553E+000 -0.83201547E+000 -0.54956478E+000 -0.18462465E+000 -0.52210113E-002  0.96481607E-003  0.91384224E+000  0.45451219E+001  0.88158399E+001  0.15852418E+002  0.21701399E+002
 -0.93137469E+000 -0.83201398E+000 -0.54956138E+000 -0.18462119E+000 -0.52209728E-002  0.96484626E-003  0.91383617E+000  0.45450921E+001  0.88158134E+001  0.15852451E+002  0.21701577E+002
 -0.93137383E+000 -0.83201248E+000 -0.54955796E+000 -0.18461774E+000 -0.52209099E-002  0.96487873E-003  0.91383035E+000  0.45450647E+001  0.88157922E+001  0.15852499E+002  0.21701772E+002
 -0.93137297E+000 -0.83201097E+000 -0.54955454E+000 -0.18461431E+000 -0.52208349E-002  0.96491212E-003  0.91382485E+000  0.45450400E+001  0.88157768E+001  0.15852562E+002  0.21701983E+002
 -0.93137211E+000 -0.83200946E+000 -0.54955113E+000 -0.18461091E+000 -0.52207540E-002  0.96494575E-003  0.91381970E+000  0.45450180E+001  0.88157671E+001  0.15852640E+002  0.21702209E+002
 -0.93137125E+000 -0.83200794E+000 -0.54954772E+000 -0.18460754E+000 -0.52206703E-002  0.96497930E-003  0.91381496E+000  0.45449991E+001  0.88157634E+001  0.15852733E+002  0.21702450E+002
 -0.93137038E+000 -0.83200642E+000 -0.54954433E+000 -0.18460421E+000 -0.52205851E-002  0.96501258E-003  0.91381068E+000  0.45449834E+001  0.88157658E+001  0.15852839E+002  0.21702704E+002
 -0.93136952E+000 -0.83200491E+000 -0.54954098E+000 -0.18460092E+000 -0.52204994E-002  0.96504550E-003  0.91380692E+000  0.45449711E+001  0.88157743E+001  0.15852959E+002  0.21702970E+002
 -0.93136866E+000 -0.83200341E+000 -0.54953765E+000 -0.18459767E+000 -0.52204134E-002  0.96507803E-003  0.91380374E+000  0.45449623E+001  0.88157889E+001  0.15853091E+002  0.21703248E+002
 -0.93136781E+000 -0.83200192E+000 -0.54953437E+000 -0.18459448E+000 -0.52203274E-002  0.96511012E-003  0.91380118E+000  0.45449571E+001  0.88158097E+001  0.15853236E+002  0.21703535E+002
 -0.93136697E+000 -0.83200044E+000 -0.54953114E+000 -0.18459135E+000 -0.52202418E-002  0.96514175E-003  0.91379930E+000  0.45449556E+001  0.88158366E+001  0.15853391E+002  0.21703832E+002
 -0.93136614E+000 -0.83199898E+000 -0.54952796E+000 -0.18458828E+000 -0.52201567E-002  0.96517291E-003  0.91379814E+000  0.45449579E+001  0.88158693E+001  0.15853557E+002  0.21704137E+002
 -0.93136532E+000 -0.83199755E+000 -0.54952484E+000 -0.18458528E+000 -0.52200722E-002  0.96520357E-003  0.91379775E+000  0.45449639E+001  0.88159079E+001  0.15853732E+002  0.21704448E+002
 -0.93136451E+000 -0.83199614E+000 -0.54952179E+000 -0.18458235E+000 -0.52199886E-002  0.96523372E-003  0.91379815E+000  0.45449738E+001  0.88159520E+001  0.15853915E+002  0.21704765E+002
 -0.93136372E+000 -0.83199475E+000 -0.54951882E+000 -0.18457949E+000 -0.52199060E-002  0.96526334E-003  0.91379939E+000  0.45449874E+001  0.88160015E+001  0.15854106E+002  0.21705086E+002
 -0.93136294E+000 -0.83199340E+000 -0.54951592E+000 -0.18457671E+000 -0.52198246E-002  0.96529241E-003  0.91380148E+000  0.45450046E+001  0.88160561E+001  0.15854303E+002  0.21705411E+002
 -0.93136218E+000 -0.83199208E+000 -0.54951311E+000 -0.18457401E+000 -0.52197447E-002  0.96532090E-003  0.91380443E+000  0.45450254E+001  0.88161154E+001  0.15854506E+002  0.21705737E+002
 -0.93136144E+000 -0.83199080E+000 -0.54951039E+000 -0.18457141E+000 -0.52196664E-002  0.96534879E-003  0.91380825E+000  0.45450495E+001  0.88161791E+001  0.15854713E+002  0.21706065E+002
 -0.93136073E+000 -0.83198956E+000 -0.54950776E+000 -0.18456889E+000 -0.52195899E-002  0.96537606E-003  0.91381293E+000  0.45450769E+001  0.88162468E+001  0.15854924E+002  0.21706392E+002
 -0.93136003E+000 -0.83198835E+000 -0.54950524E+000 -0.18456647E+000 -0.52195154E-002  0.96540267E-003  0.91381847E+000  0.45451074E+001  0.88163182E+001  0.15855136E+002  0.21706718E+002
 -0.93135936E+000 -0.83198720E+000 -0.54950282E+000 -0.18456414E+000 -0.52194430E-002  0.96542860E-003  0.91382484E+000  0.45451407E+001  0.88163929E+001  0.15855351E+002  0.21707042E+002
 -0.93135871E+000 -0.83198609E+000 -0.54950051E+000 -0.18456193E+000 -0.52193730E-002  0.96545380E-003  0.91383202E+000  0.45451767E+001  0.88164703E+001  0.15855566E+002  0.21707363E+002
 -0.93135810E+000 -0.83198502E+000 -0.54949832E+000 -0.18455982E+000 -0.52193055E-002  0.96547826E-003  0.91383997E+000  0.45452150E+001  0.88165502E+001  0.15855780E+002  0.21707679E+002
 -0.93135751E+000 -0.83198402E+000 -0.54949625E+000 -0.18455782E+000 -0.52192407E-002  0.96550192E-003  0.91384865E+000  0.45452554E+001  0.88166320E+001  0.15855993E+002  0.21707990E+002
 -0.93135694E+000 -0.83198306E+000 -0.54949430E+000 -0.18455593E+000 -0.52191788E-002  0.96552477E-003  0.91385802E+000  0.45452978E+001  0.88167154E+001  0.15856204E+002  0.21708296E+002
 -0.93135641E+000 -0.83198216E+000 -0.54949247E+000 -0.18455417E+000 -0.52191197E-002  0.96554677E-003  0.91386801E+000  0.45453417E+001  0.88167998E+001  0.15856413E+002  0.21708594E+002
 -0.93135591E+000 -0.83198132E+000 -0.54949077E+000 -0.18455253E+000 -0.52190637E-002  0.96556789E-003  0.91387858E+000  0.45453869E+001  0.88168849E+001  0.15856617E+002  0.21708886E+002
 -0.93135545E+000 -0.83198053E+000 -0.54948921E+000 -0.18455101E+000 -0.52190109E-002  0.96558809E-003  0.91388967E+000  0.45454332E+001  0.88169704E+001  0.15856818E+002  0.21709169E+002
 -0.93135501E+000 -0.83197981E+000 -0.54948778E+000 -0.18454961E+000 -0.52189613E-002  0.96560735E-003  0.91390121E+000  0.45454804E+001  0.88170557E+001  0.15857014E+002  0.21709444E+002
 -0.93135461E+000 -0.83197915E+000 -0.54948648E+000 -0.18454835E+000 -0.52189150E-002  0.96562565E-003  0.91391314E+000  0.45455281E+001  0.88171406E+001  0.15857205E+002  0.21709710E+002
 -0.93135425E+000 -0.83197855E+000 -0.54948532E+000 -0.18454721E+000 -0.52188720E-002  0.96564297E-003  0.91392541E+000  0.45455761E+001  0.88172246E+001  0.15857390E+002  0.21709967E+002
 -0.93135392E+000 -0.83197801E+000 -0.54948429E+000 -0.18454620E+000 -0.52188324E-002  0.96565928E-003  0.91393794E+000  0.45456243E+001  0.88173076E+001  0.15857569E+002  0.21710213E+002
 -0.93135362E+000 -0.83197754E+000 -0.54948339E+000 -0.18454532E+000 -0.52187962E-002  0.96567458E-003  0.91395066E+000  0.45456723E+001  0.88173892E+001  0.15857742E+002  0.21710450E+002
 -0.93135336E+000 -0.83197713E+000 -0.54948263E+000 -0.18454456E+000 -0.52187634E-002  0.96568886E-003  0.91396353E+000  0.45457200E+001  0.88174691E+001  0.15857908E+002  0.21710677E+002
 -0.93135313E+000 -0.83197678E+000 -0.54948201E+000 -0.18454394E+000 -0.52187339E-002  0.96570210E-003  0.91397650E+000  0.45457673E+001  0.88175472E+001  0.15858068E+002  0.21710894E+002
 -0.93135293E+000 -0.83197649E+000 -0.54948151E+000 -0.18454344E+000 -0.52187078E-002  0.96571432E-003  0.91398952E+000  0.45458139E+001  0.88176233E+001  0.15858220E+002  0.21711100E+002
 -0.93135277E+000 -0.83197626E+000 -0.54948113E+000 -0.18454307E+000 -0.52186849E-002  0.96572550E-003  0.91400253E+000  0.45458598E+001  0.88176971E+001  0.15858366E+002  0.21711296E+002
 -0.93135264E+000 -0.83197609E+000 -0.54948089E+000 -0.18454281E+000 -0.52186652E-002  0.96573567E-003  0.91401549E+000  0.45459047E+001  0.88177686E+001  0.15858505E+002  0.21711482E+002
 -0.93135254E+000 -0.83197598E+000 -0.54948076E+000 -0.18454268E+000 -0.52186487E-002  0.96574482E-003  0.91402837E+000  0.45459487E+001  0.88178376E+001  0.15858637E+002  0.21711659E+002
 -0.93135248E+000 -0.83197593E+000 -0.54948075E+000 -0.18454267E+000 -0.52186352E-002  0.96575298E-003  0.91404112E+000  0.45459915E+001  0.88179042E+001  0.15858762E+002  0.21711825E+002
 -0.93135244E+000 -0.83197593E+000 -0.54948086E+000 -0.18454276E+000 -0.52186247E-002  0.96576016E-003  0.91405372E+000  0.45460332E+001  0.88179681E+001  0.15858880E+002  0.21711982E+002
 -0.93135244E+000 -0.83197598E+000 -0.54948107E+000 -0.18454297E+000 -0.52186170E-002  0.96576639E-003  0.91406614E+000  0.45460736E+001  0.88180295E+001  0.15858992E+002  0.21712129E+002
 -0.93135246E+000 -0.83197609E+000 -0.54948139E+000 -0.18454328E+000 -0.52186121E-002  0.96577168E-003  0.91407835E+000  0.45461128E+001  0.88180882E+001  0.15859097E+002  0.21712268E+002
 -0.93135251E+000 -0.83197625E+000 -0.54948181E+000 -0.18454370E+000 -0.52186098E-002  0.96577608E-003  0.91409035E+000  0.45461507E+001  0.88181444E+001  0.15859196E+002  0.21712398E+002
 -0.93135258E+000 -0.83197645E+000 -0.54948232E+000 -0.18454421E+000 -0.52186100E-002  0.96577960E-003  0.91410210E+000  0.45461873E+001  0.88181980E+001  0.15859289E+002  0.21712519E+002
 -0.93135268E+000 -0.83197670E+000 -0.54948293E+000 -0.18454482E+000 -0.52186126E-002  0.96578229E-003  0.91411361E+000  0.45462226E+001  0.88182491E+001  0.15859376E+002  0.21712633E+002
 -0.93135281E+000 -0.83197699E+000 -0.54948362E+000 -0.18454551E+000 -0.52186174E-002  0.96578417E-003  0.91412486E+000  0.45462565E+001  0.88182977E+001  0.15859458E+002  0.21712739E+002
 -0.93135295E+000 -0.83197733E+000 -0.54948439E+000 -0.18454629E+000 -0.52186244E-002  0.96578530E-003  0.91413585E+000  0.45462892E+001  0.88183440E+001  0.15859535E+002  0.21712838E+002
 -0.93135312E+000 -0.83197770E+000 -0.54948524E+000 -0.18454715E+000 -0.52186333E-002  0.96578569E-003  0.91414657E+000  0.45463206E+001  0.88183880E+001  0.15859606E+002  0.21712929E+002
 -0.93135331E+000 -0.83197811E+000 -0.54948616E+000 -0.18454809E+000 -0.52186441E-002  0.96578540E-003  0.91415702E+000  0.45463508E+001  0.88184297E+001  0.15859673E+002  0.21713015E+002
 -0.93135352E+000 -0.83197856E+000 -0.54948714E+000 -0.18454909E+000 -0.52186567E-002  0.96578446E-003  0.91416721E+000  0.45463798E+001  0.88184693E+001  0.15859735E+002  0.21713094E+002
 -0.93135375E+000 -0.83197903E+000 -0.54948819E+000 -0.18455017E+000 -0.52186708E-002  0.96578292E-003  0.91417714E+000  0.45464077E+001  0.88185068E+001  0.15859793E+002  0.21713168E+002
 -0.93135399E+000 -0.83197954E+000 -0.54948929E+000 -0.18455130E+000 -0.52186863E-002  0.96578081E-003  0.91418681E+000  0.45464344E+001  0.88185424E+001  0.15859847E+002  0.21713236E+002
 -0.93135425E+000 -0.83198007E+000 -0.54949045E+000 -0.18455249E+000 -0.52187032E-002  0.96577818E-003  0.91419623E+000  0.45464600E+001  0.88185762E+001  0.15859897E+002  0.21713299E+002
 -0.93135452E+000 -0.83198063E+000 -0.54949165E+000 -0.18455374E+000 -0.52187213E-002  0.96577507E-003  0.91420540E+000  0.45464846E+001  0.88186081E+001  0.15859944E+002  0.21713357E+002
 -0.93135481E+000 -0.83198122E+000 -0.54949289E+000 -0.18455504E+000 -0.52187405E-002  0.96577151E-003  0.91421433E+000  0.45465082E+001  0.88186385E+001  0.15859987E+002  0.21713411E+002
 -0.93135510E+000 -0.83198182E+000 -0.54949417E+000 -0.18455638E+000 -0.52187607E-002  0.96576755E-003  0.91422302E+000  0.45465309E+001  0.88186672E+001  0.15860028E+002  0.21713461E+002
 -0.93135541E+000 -0.83198245E+000 -0.54949549E+000 -0.18455776E+000 -0.52187816E-002  0.96576322E-003  0.91423150E+000  0.45465527E+001  0.88186945E+001  0.15860065E+002  0.21713507E+002
 -0.93135573E+000 -0.83198309E+000 -0.54949684E+000 -0.18455918E+000 -0.52188034E-002  0.96575856E-003  0.91423975E+000  0.45465736E+001  0.88187204E+001  0.15860100E+002  0.21713549E+002
 -0.93135606E+000 -0.83198375E+000 -0.54949821E+000 -0.18456063E+000 -0.52188257E-002  0.96575360E-003  0.91424779E+000  0.45465938E+001  0.88187450E+001  0.15860133E+002  0.21713589E+002
 -0.93135640E+000 -0.83198442E+000 -0.54949960E+000 -0.18456212E+000 -0.52188487E-002  0.96574839E-003  0.91425562E+000  0.45466132E+001  0.88187684E+001  0.15860163E+002  0.21713625E+002
 -0.93135674E+000 -0.83198510E+000 -0.54950101E+000 -0.18456362E+000 -0.52188720E-002  0.96574294E-003  0.91426326E+000  0.45466318E+001  0.88187907E+001  0.15860191E+002  0.21713658E+002
 -0.93135709E+000 -0.83198579E+000 -0.54950244E+000 -0.18456515E+000 -0.52188957E-002  0.96573729E-003  0.91427070E+000  0.45466498E+001  0.88188118E+001  0.15860217E+002  0.21713689E+002
 -0.93135745E+000 -0.83198649E+000 -0.54950387E+000 -0.18456670E+000 -0.52189196E-002  0.96573146E-003  0.91427796E+000  0.45466671E+001  0.88188320E+001  0.15860241E+002  0.21713718E+002
 -0.93135781E+000 -0.83198719E+000 -0.54950531E+000 -0.18456826E+000 -0.52189437E-002  0.96572549E-003  0.91428503E+000  0.45466838E+001  0.88188512E+001  0.15860264E+002  0.21713744E+002
 -0.93135817E+000 -0.83198790E+000 -0.54950676E+000 -0.18456983E+000 -0.52189680E-002  0.96571940E-003  0.91429193E+000  0.45467000E+001  0.88188696E+001  0.15860285E+002  0.21713769E+002
 -0.93135853E+000 -0.83198861E+000 -0.54950821E+000 -0.18457141E+000 -0.52189922E-002  0.96571320E-003  0.91429866E+000  0.45467155E+001  0.88188871E+001  0.15860305E+002  0.21713791E+002
 -0.93135890E+000 -0.83198932E+000 -0.54950965E+000 -0.18457300E+000 -0.52190165E-002  0.96570692E-003  0.91430521E+000  0.45467306E+001  0.88189039E+001  0.15860324E+002  0.21713812E+002
 -0.93135926E+000 -0.83199003E+000 -0.54951109E+000 -0.18457459E+000 -0.52190406E-002  0.96570058E-003  0.91431160E+000  0.45467452E+001  0.88189199E+001  0.15860341E+002  0.21713832E+002
 -0.93135963E+000 -0.83199073E+000 -0.54951252E+000 -0.18457617E+000 -0.52190646E-002  0.96569420E-003  0.91431783E+000  0.45467593E+001  0.88189353E+001  0.15860357E+002  0.21713850E+002
 -0.93135999E+000 -0.83199144E+000 -0.54951394E+000 -0.18457775E+000 -0.52190884E-002  0.96568779E-003  0.91432390E+000  0.45467729E+001  0.88189501E+001  0.15860373E+002  0.21713866E+002
 -0.93136035E+000 -0.83199213E+000 -0.54951535E+000 -0.18457932E+000 -0.52191119E-002  0.96568136E-003  0.91432981E+000  0.45467861E+001  0.88189642E+001  0.15860387E+002  0.21713882E+002
 -0.93136071E+000 -0.83199282E+000 -0.54951674E+000 -0.18458089E+000 -0.52191352E-002  0.96567492E-003  0.91433556E+000  0.45467989E+001  0.88189778E+001  0.15860400E+002  0.21713897E+002
 -0.93136106E+000 -0.83199350E+000 -0.54951811E+000 -0.18458244E+000 -0.52191581E-002  0.96566850E-003  0.91434116E+000  0.45468113E+001  0.88189909E+001  0.15860413E+002  0.21713910E+002
 -0.93136141E+000 -0.83199417E+000 -0.54951946E+000 -0.18458397E+000 -0.52191806E-002  0.96566209E-003  0.91434660E+000  0.45468233E+001  0.88190034E+001  0.15860425E+002  0.21713923E+002
 -0.93136175E+000 -0.83199483E+000 -0.54952079E+000 -0.18458548E+000 -0.52192028E-002  0.96565571E-003  0.91435188E+000  0.45468349E+001  0.88190155E+001  0.15860436E+002  0.21713935E+002
 -0.93136208E+000 -0.83199548E+000 -0.54952209E+000 -0.18458698E+000 -0.52192245E-002  0.96564936E-003  0.91435701E+000  0.45468462E+001  0.88190271E+001  0.15860447E+002  0.21713946E+002
 -0.93136241E+000 -0.83199611E+000 -0.54952337E+000 -0.18458845E+000 -0.52192457E-002  0.96564305E-003  0.91436199E+000  0.45468571E+001  0.88190383E+001  0.15860457E+002  0.21713957E+002
 -0.93136274E+000 -0.83199673E+000 -0.54952461E+000 -0.18458990E+000 -0.52192665E-002  0.96563678E-003  0.91436682E+000  0.45468676E+001  0.88190491E+001  0.15860466E+002  0.21713967E+002
 -0.93136305E+000 -0.83199734E+000 -0.54952583E+000 -0.18459132E+000 -0.52192868E-002  0.96563057E-003  0.91437149E+000  0.45468779E+001  0.88190595E+001  0.15860475E+002  0.21713976E+002
 -0.93136336E+000 -0.83199793E+000 -0.54952702E+000 -0.18459271E+000 -0.52193065E-002  0.96562441E-003  0.91437601E+000  0.45468878E+001  0.88190694E+001  0.15860484E+002  0.21713985E+002
 -0.93136365E+000 -0.83199850E+000 -0.54952818E+000 -0.18459407E+000 -0.52193258E-002  0.96561831E-003  0.91438037E+000  0.45468974E+001  0.88190790E+001  0.15860492E+002  0.21713993E+002
 -0.93136394E+000 -0.83199905E+000 -0.54952930E+000 -0.18459539E+000 -0.52193444E-002  0.96561227E-003  0.91438459E+000  0.45469066E+001  0.88190883E+001  0.15860500E+002  0.21714001E+002
 -0.93136422E+000 -0.83199959E+000 -0.54953039E+000 -0.18459669E+000 -0.52193626E-002  0.96560630E-003  0.91438865E+000  0.45469156E+001  0.88190972E+001  0.15860507E+002  0.21714009E+002
 -0.93136449E+000 -0.83200011E+000 -0.54953144E+000 -0.18459795E+000 -0.52193802E-002  0.96560040E-003  0.91439255E+000  0.45469242E+001  0.88191057E+001  0.15860514E+002  0.21714016E+002
 -0.93136475E+000 -0.83200061E+000 -0.54953246E+000 -0.18459917E+000 -0.52193972E-002  0.96559457E-003  0.91439631E+000  0.45469325E+001  0.88191139E+001  0.15860520E+002  0.21714023E+002
 -0.93136500E+000 -0.83200109E+000 -0.54953344E+000 -0.18460036E+000 -0.52194136E-002  0.96558881E-003  0.91439991E+000  0.45469406E+001  0.88191218E+001  0.15860526E+002  0.21714030E+002
 -0.93136524E+000 -0.83200156E+000 -0.54953439E+000 -0.18460151E+000 -0.52194295E-002  0.96558313E-003  0.91440337E+000  0.45469483E+001  0.88191294E+001  0.15860532E+002  0.21714036E+002
 -0.93136546E+000 -0.83200200E+000 -0.54953529E+000 -0.18460262E+000 -0.52194448E-002  0.96557753E-003  0.91440667E+000  0.45469557E+001  0.88191366E+001  0.15860538E+002  0.21714043E+002
 -0.93136568E+000 -0.83200242E+000 -0.54953617E+000 -0.18460369E+000 -0.52194595E-002  0.96557201E-003  0.91440982E+000  0.45469629E+001  0.88191436E+001  0.15860543E+002  0.21714049E+002
 -0.93136589E+000 -0.83200283E+000 -0.54953700E+000 -0.18460472E+000 -0.52194736E-002  0.96556657E-003  0.91441283E+000  0.45469698E+001  0.88191502E+001  0.15860548E+002  0.21714054E+002
 -0.93136609E+000 -0.83200322E+000 -0.54953780E+000 -0.18460571E+000 -0.52194872E-002  0.96556122E-003  0.91441569E+000  0.45469763E+001  0.88191566E+001  0.15860552E+002  0.21714060E+002
 -0.93136628E+000 -0.83200358E+000 -0.54953856E+000 -0.18460666E+000 -0.52195003E-002  0.96555596E-003  0.91441841E+000  0.45469826E+001  0.88191626E+001  0.15860557E+002  0.21714065E+002
 -0.93136645E+000 -0.83200393E+000 -0.54953928E+000 -0.18460758E+000 -0.52195127E-002  0.96555079E-003  0.91442098E+000  0.45469887E+001  0.88191683E+001  0.15860561E+002  0.21714071E+002
 -0.93136662E+000 -0.83200426E+000 -0.54953997E+000 -0.18460845E+000 -0.52195246E-002  0.96554571E-003  0.91442341E+000  0.45469944E+001  0.88191738E+001  0.15860565E+002  0.21714076E+002
 -0.93136678E+000 -0.83200457E+000 -0.54954063E+000 -0.18460928E+000 -0.52195360E-002  0.96554072E-003  0.91442571E+000  0.45469999E+001  0.88191790E+001  0.15860568E+002  0.21714081E+002
 -0.93136693E+000 -0.83200487E+000 -0.54954125E+000 -0.18461008E+000 -0.52195469E-002  0.96553583E-003  0.91442787E+000  0.45470052E+001  0.88191839E+001  0.15860571E+002  0.21714085E+002
 -0.93136707E+000 -0.83200515E+000 -0.54954183E+000 -0.18461084E+000 -0.52195572E-002  0.96553105E-003  0.91442989E+000  0.45470102E+001  0.88191886E+001  0.15860574E+002  0.21714090E+002
 -0.93136720E+000 -0.83200541E+000 -0.54954238E+000 -0.18461156E+000 -0.52195670E-002  0.96552636E-003  0.91443179E+000  0.45470149E+001  0.88191929E+001  0.15860577E+002  0.21714094E+002
 -0.93136732E+000 -0.83200565E+000 -0.54954291E+000 -0.18461224E+000 -0.52195764E-002  0.96552178E-003  0.91443356E+000  0.45470194E+001  0.88191970E+001  0.15860580E+002  0.21714099E+002
 -0.93136743E+000 -0.83200588E+000 -0.54954339E+000 -0.18461288E+000 -0.52195852E-002  0.96551730E-003  0.91443521E+000  0.45470236E+001  0.88192009E+001  0.15860582E+002  0.21714103E+002
 -0.93136754E+000 -0.83200609E+000 -0.54954385E+000 -0.18461349E+000 -0.52195936E-002  0.96551293E-003  0.91443673E+000  0.45470276E+001  0.88192045E+001  0.15860584E+002  0.21714107E+002
 -0.93136764E+000 -0.83200629E+000 -0.54954428E+000 -0.18461407E+000 -0.52196015E-002  0.96550868E-003  0.91443814E+000  0.45470314E+001  0.88192079E+001  0.15860586E+002  0.21714111E+002
 -0.93136773E+000 -0.83200647E+000 -0.54954468E+000 -0.18461461E+000 -0.52196090E-002  0.96550453E-003  0.91443944E+000  0.45470349E+001  0.88192110E+001  0.15860587E+002  0.21714114E+002
 -0.93136781E+000 -0.83200664E+000 -0.54954506E+000 -0.18461512E+000 -0.52196160E-002  0.96550050E-003  0.91444062E+000  0.45470383E+001  0.88192139E+001  0.15860589E+002  0.21714118E+002
 -0.93136788E+000 -0.83200680E+000 -0.54954541E+000 -0.18461560E+000 -0.52196226E-002  0.96549658E-003  0.91444170E+000  0.45470414E+001  0.88192166E+001  0.15860590E+002  0.21714122E+002
 -0.93136795E+000 -0.83200694E+000 -0.54954573E+000 -0.18461604E+000 -0.52196288E-002  0.96549278E-003  0.91444268E+000  0.45470443E+001  0.88192191E+001  0.15860591E+002  0.21714125E+002
 -0.93136802E+000 -0.83200708E+000 -0.54954603E+000 -0.18461646E+000 -0.52196347E-002  0.96548909E-003  0.91444356E+000  0.45470471E+001  0.88192214E+001  0.15860591E+002  0.21714128E+002
 -0.93136808E+000 -0.83200720E+000 -0.54954630E+000 -0.18461685E+000 -0.52196401E-002  0.96548552E-003  0.91444434E+000  0.45470496E+001  0.88192234E+001  0.15860592E+002  0.21714132E+002
 -0.93136813E+000 -0.83200731E+000 -0.54954656E+000 -0.18461721E+000 -0.52196452E-002  0.96548207E-003  0.91444504E+000  0.45470520E+001  0.88192253E+001  0.15860592E+002  0.21714135E+002
 -0.93136818E+000 -0.83200741E+000 -0.54954679E+000 -0.18461755E+000 -0.52196500E-002  0.96547874E-003  0.91444564E+000  0.45470542E+001  0.88192269E+001  0.15860592E+002  0.21714138E+002
 -0.93136822E+000 -0.83200750E+000 -0.54954700E+000 -0.18461786E+000 -0.52196544E-002  0.96547553E-003  0.91444617E+000  0.45470562E+001  0.88192284E+001  0.15860592E+002  0.21714140E+002
 -0.93136826E+000 -0.83200758E+000 -0.54954720E+000 -0.18461815E+000 -0.52196586E-002  0.96547243E-003  0.91444661E+000  0.45470580E+001  0.88192298E+001  0.15860592E+002  0.21714143E+002
 -0.93136829E+000 -0.83200766E+000 -0.54954738E+000 -0.18461842E+000 -0.52196624E-002  0.96546946E-003  0.91444698E+000  0.45470597E+001  0.88192309E+001  0.15860591E+002  0.21714146E+002
 -0.93136832E+000 -0.83200773E+000 -0.54954754E+000 -0.18461867E+000 -0.52196659E-002  0.96546660E-003  0.91444728E+000  0.45470613E+001  0.88192319E+001  0.15860590E+002  0.21714148E+002
 -0.93136835E+000 -0.83200779E+000 -0.54954769E+000 -0.18461889E+000 -0.52196692E-002  0.96546386E-003  0.91444751E+000  0.45470627E+001  0.88192327E+001  0.15860590E+002  0.21714151E+002
 -0.93136837E+000 -0.83200784E+000 -0.54954782E+000 -0.18461910E+000 -0.52196722E-002  0.96546123E-003  0.91444768E+000  0.45470640E+001  0.88192334E+001  0.15860589E+002  0.21714153E+002
 -0.93136839E+000 -0.83200789E+000 -0.54954794E+000 -0.18461929E+000 -0.52196750E-002  0.96545872E-003  0.91444779E+000  0.45470651E+001  0.88192340E+001  0.15860587E+002  0.21714155E+002
 -0.93136841E+000 -0.83200793E+000 -0.54954805E+000 -0.18461946E+000 -0.52196776E-002  0.96545631E-003  0.91444784E+000  0.45470661E+001  0.88192344E+001  0.15860586E+002  0.21714158E+002
 -0.93136842E+000 -0.83200796E+000 -0.54954814E+000 -0.18461962E+000 -0.52196799E-002  0.96545402E-003  0.91444783E+000  0.45470670E+001  0.88192347E+001  0.15860585E+002  0.21714160E+002
 -0.93136844E+000 -0.83200800E+000 -0.54954823E+000 -0.18461976E+000 -0.52196821E-002  0.96545184E-003  0.91444778E+000  0.45470678E+001  0.88192349E+001  0.15860583E+002  0.21714161E+002
 -0.93136845E+000 -0.83200802E+000 -0.54954830E+000 -0.18461989E+000 -0.52196841E-002  0.96544976E-003  0.91444769E+000  0.45470685E+001  0.88192350E+001  0.15860581E+002  0.21714163E+002
 -0.93136845E+000 -0.83200805E+000 -0.54954837E+000 -0.18462001E+000 -0.52196859E-002  0.96544779E-003  0.91444754E+000  0.45470691E+001  0.88192349E+001  0.15860580E+002  0.21714165E+002
 -0.93136846E+000 -0.83200806E+000 -0.54954843E+000 -0.18462011E+000 -0.52196875E-002  0.96544591E-003  0.91444736E+000  0.45470696E+001  0.88192348E+001  0.15860578E+002  0.21714167E+002
 -0.93136847E+000 -0.83200808E+000 -0.54954848E+000 -0.18462021E+000 -0.52196890E-002  0.96544414E-003  0.91444714E+000  0.45470701E+001  0.88192346E+001  0.15860576E+002  0.21714168E+002
 -0.93136847E+000 -0.83200809E+000 -0.54954852E+000 -0.18462029E+000 -0.52196903E-002  0.96544246E-003  0.91444689E+000  0.45470704E+001  0.88192343E+001  0.15860573E+002  0.21714170E+002
 -0.93136847E+000 -0.83200810E+000 -0.54954856E+000 -0.18462036E+000 -0.52196915E-002  0.96544087E-003  0.91444661E+000  0.45470707E+001  0.88192339E+001  0.15860571E+002  0.21714171E+002
 -0.93136847E+000 -0.83200811E+000 -0.54954859E+000 -0.18462043E+000 -0.52196926E-002  0.96543938E-003  0.91444629E+000  0.45470709E+001  0.88192335E+001  0.15860569E+002  0.21714173E+002
 -0.93136848E+000 -0.83200812E+000 -0.54954862E+000 -0.18462049E+000 -0.52196936E-002  0.96543797E-003  0.91444596E+000  0.45470710E+001  0.88192330E+001  0.15860567E+002  0.21714174E+002
 -0.93136848E+000 -0.83200812E+000 -0.54954864E+000 -0.18462054E+000 -0.52196944E-002  0.96543664E-003  0.91444559E+000  0.45470711E+001  0.88192324E+001  0.15860564E+002  0.21714175E+002
 -0.93136847E+000 -0.83200813E+000 -0.54954866E+000 -0.18462058E+000 -0.52196952E-002  0.96543539E-003  0.91444521E+000  0.45470711E+001  0.88192318E+001  0.15860562E+002  0.21714176E+002
 -0.93136847E+000 -0.83200813E+000 -0.54954867E+000 -0.18462062E+000 -0.52196959E-002  0.96543423E-003  0.91444481E+000  0.45470711E+001  0.88192311E+001  0.15860559E+002  0.21714177E+002
 -0.93136847E+000 -0.83200813E+000 -0.54954868E+000 -0.18462065E+000 -0.52196965E-002  0.96543313E-003  0.91444439E+000  0.45470711E+001  0.88192304E+001  0.15860557E+002  0.21714178E+002
 -0.93136847E+000 -0.83200812E+000 -0.54954869E+000 -0.18462068E+000 -0.52196970E-002  0.96543211E-003  0.91444395E+000  0.45470709E+001  0.88192296E+001  0.15860554E+002  0.21714179E+002
 -0.93136847E+000 -0.83200812E+000 -0.54954869E+000 -0.18462071E+000 -0.52196975E-002  0.96543115E-003  0.91444350E+000  0.45470708E+001  0.88192288E+001  0.15860551E+002  0.21714180E+002
 -0.93136846E+000 -0.83200812E+000 -0.54954869E+000 -0.18462073E+000 -0.52196979E-002  0.96543026E-003  0.91444305E+000  0.45470706E+001  0.88192280E+001  0.15860549E+002  0.21714181E+002
 -0.93136846E+000 -0.83200812E+000 -0.54954870E+000 -0.18462074E+000 -0.52196982E-002  0.96542944E-003  0.91444258E+000  0.45470704E+001  0.88192272E+001  0.15860546E+002  0.21714182E+002
