  0.30779050E+000  0.34264318E+000  0.45254764E+000  0.59491735E+000  0.79053114E+000  0.88429344E+000  0.11852545E+001  0.18573526E+001  0.26124331E+001  0.43724444E+001  0.81194838E+001
  0.30779050E+000  0.34264314E+000  0.45254765E+000  0.59491735E+000  0.79053085E+000  0.88431544E+000  0.11852523E+001  0.18579044E+001  0.26125295E+001  0.43716189E+001  0.81189671E+001
  0.30779050E+000  0.34264314E+000  0.45254766E+000  0.59491735E+000  0.79053068E+000  0.88433003E+000  0.11852507E+001  0.18580825E+001  0.26125263E+001  0.43715552E+001  0.81185766E+001
  0.30779050E+000  0.34264314E+000  0.45254767E+000  0.59491735E+000  0.79053059E+000  0.88433730E+000  0.11852495E+001  0.18580674E+001  0.26124915E+001  0.43715089E+001  0.81182795E+001
  0.30779050E+000  0.34264315E+000  0.45254768E+000  0.59491735E+000  0.79053057E+000  0.88434338E+000  0.11852485E+001  0.18580518E+001  0.26124938E+001  0.43714835E+001  0.81180496E+001
  0.30779050E+000  0.34264316E+000  0.45254769E+000  0.59491735E+000  0.79053060E+000  0.88435658E+000  0.11852477E+001  0.18579728E+001  0.26124988E+001  0.43714532E+001  0.81178694E+001
  0.30779050E+000  0.34264317E+000  0.45254770E+000  0.59491735E+000  0.79053066E+000  0.88436091E+000  0.11852471E+001  0.18579769E+001  0.26125034E+001  0.43714298E+001  0.81177259E+001
  0.30779050E+000  0.34264318E+000  0.45254771E+000  0.59491735E+000  0.79053076E+000  0.88436462E+000  0.11852467E+001  0.18579794E+001  0.26125075E+001  0.43714118E+001  0.81176100E+001
  0.30779050E+000  0.34264319E+000  0.45254772E+000  0.59491735E+000  0.79053087E+000  0.88436780E+000  0.11852464E+001  0.18579810E+001  0.26125113E+001  0.43713981E+001  0.81175159E+001
  0.30779050E+000  0.34264320E+000  0.45254773E+000  0.59491735E+000  0.79053100E+000  0.88437056E+000  0.11852461E+001  0.18579821E+001  0.26125148E+001  0.43713876E+001  0.81174385E+001
  0.30778870E+000  0.34264321E+000  0.45254774E+000  0.59491735E+000  0.79053113E+000  0.88437297E+000  0.11852460E+001  0.18579830E+001  0.26125181E+001  0.43719087E+001  0.81173745E+001
  0.30778870E+000  0.34264322E+000  0.45254774E+000  0.59491735E+000  0.79053127E+000  0.88437509E+000  0.11852459E+001  0.18579837E+001  0.26125943E+001  0.43720631E+001  0.81173213E+001
  0.30778870E+000  0.34264323E+000  0.45254775E+000  0.59491735E+000  0.79053141E+000  0.88437697E+000  0.11852459E+001  0.18579844E+001  0.26125934E+001  0.43722120E+001  0.81172766E+001
  0.30778870E+000  0.34264324E+000  0.45254776E+000  0.59491735E+000  0.79053156E+000  0.88437866E+000  0.11852459E+001  0.18579851E+001  0.26125928E+001  0.43754089E+001  0.81172389E+001
  0.30778870E+000  0.34264325E+000  0.45254777E+000  0.59491735E+000  0.79053170E+000  0.88439130E+000  0.11852460E+001  0.18579860E+001  0.26125925E+001  0.43756220E+001  0.81172070E+001
  0.30778870E+000  0.34264326E+000  0.45254778E+000  0.59491735E+000  0.79053185E+000  0.88439269E+000  0.11852461E+001  0.18579869E+001  0.26125924E+001  0.43776846E+001  0.81171798E+001
  0.30778870E+000  0.34264328E+000  0.45254778E+000  0.59491735E+000  0.79053200E+000  0.88439396E+000  0.11852462E+001  0.18579880E+001  0.26125924E+001  0.43781540E+001  0.81171565E+001
  0.30778870E+000  0.34264329E+000  0.45254779E+000  0.59491735E+000  0.79053214E+000  0.88439515E+000  0.11852464E+001  0.18579891E+001  0.26125926E+001  0.43786742E+001  0.81171364E+001
  0.30778870E+000  0.34264330E+000  0.45254780E+000  0.59491735E+000  0.79053229E+000  0.88439627E+000  0.11852466E+001  0.18579904E+001  0.26125929E+001  0.43790615E+001  0.81171189E+001
  0.30778871E+000  0.34264331E+000  0.45254781E+000  0.59491735E+000  0.79053244E+000  0.88439733E+000  0.11852468E+001  0.18579917E+001  0.26125933E+001  0.43795268E+001  0.81171036E+001
  0.30778871E+000  0.34264332E+000  0.45254782E+000  0.59491735E+000  0.79053259E+000  0.88439835E+000  0.11852470E+001  0.18579931E+001  0.26125938E+001  0.43803353E+001  0.81170900E+001
  0.30778871E+000  0.34264334E+000  0.45254782E+000  0.59491735E+000  0.79053274E+000  0.88439933E+000  0.11852473E+001  0.18579947E+001  0.26125943E+001  0.43803745E+001  0.81170778E+001
  0.30778871E+000  0.34264335E+000  0.45254783E+000  0.59491735E+000  0.79053288E+000  0.88440029E+000  0.11852475E+001  0.18579963E+001  0.26125950E+001  0.43804144E+001  0.81170667E+001
  0.30778871E+000  0.34264336E+000  0.45254784E+000  0.59491735E+000  0.79053303E+000  0.88440124E+000  0.11852478E+001  0.18579979E+001  0.26125956E+001  0.43804544E+001  0.81170565E+001
  0.30778871E+000  0.34264338E+000  0.45254785E+000  0.59491735E+000  0.79053318E+000  0.88440217E+000  0.11852481E+001  0.18579996E+001  0.26125964E+001  0.43804944E+001  0.81170471E+001
  0.30778871E+000  0.34264339E+000  0.45254786E+000  0.59491735E+000  0.79053333E+000  0.88440310E+000  0.11852484E+001  0.18580014E+001  0.26125971E+001  0.43823423E+001  0.81170381E+001
  0.30778871E+000  0.34264341E+000  0.45254787E+000  0.59491735E+000  0.79053348E+000  0.88440403E+000  0.11852486E+001  0.18580033E+001  0.26125979E+001  0.43823464E+001  0.81170296E+001
  0.30778871E+000  0.34264342E+000  0.45254787E+000  0.59491735E+000  0.79053363E+000  0.88440497E+000  0.11852489E+001  0.18580052E+001  0.26125988E+001  0.43823506E+001  0.81170213E+001
  0.30778871E+000  0.34264343E+000  0.45254788E+000  0.59491735E+000  0.79053378E+000  0.88440591E+000  0.11852528E+001  0.18580072E+001  0.26125997E+001  0.43823548E+001  0.81170132E+001
  0.30778871E+000  0.34264345E+000  0.45254789E+000  0.59491735E+000  0.79053394E+000  0.88440687E+000  0.11852713E+001  0.18580092E+001  0.26126006E+001  0.43823590E+001  0.81170052E+001
  0.30778871E+000  0.34264346E+000  0.45254790E+000  0.59491735E+000  0.79053409E+000  0.88440783E+000  0.11852917E+001  0.18580112E+001  0.26126015E+001  0.43823634E+001  0.81169972E+001
  0.30778871E+000  0.34264348E+000  0.45254791E+000  0.59491735E+000  0.79053425E+000  0.88440882E+000  0.11853126E+001  0.18580134E+001  0.26126025E+001  0.43823678E+001  0.81169892E+001
  0.30778871E+000  0.34264350E+000  0.45254792E+000  0.59491735E+000  0.79053441E+000  0.88440982E+000  0.11853196E+001  0.18580155E+001  0.26126035E+001  0.43823724E+001  0.81169812E+001
  0.30778871E+000  0.34264351E+000  0.45254793E+000  0.59491735E+000  0.79053457E+000  0.88441085E+000  0.11853257E+001  0.18580178E+001  0.26126045E+001  0.43823771E+001  0.81169730E+001
  0.30778871E+000  0.34264353E+000  0.45254794E+000  0.59491735E+000  0.79053473E+000  0.88441189E+000  0.11853307E+001  0.18581508E+001  0.26126056E+001  0.43823819E+001  0.81169647E+001
  0.30778871E+000  0.34264355E+000  0.45254795E+000  0.59491735E+000  0.79053489E+000  0.88441296E+000  0.11853445E+001  0.18582596E+001  0.26126067E+001  0.43823869E+001  0.81169563E+001
  0.30778871E+000  0.34264357E+000  0.45254796E+000  0.59491735E+000  0.79053506E+000  0.88441404E+000  0.11853491E+001  0.18582612E+001  0.26126078E+001  0.43823921E+001  0.81169477E+001
  0.30778871E+000  0.34264358E+000  0.45254797E+000  0.59491735E+000  0.79053522E+000  0.88441516E+000  0.11853539E+001  0.18582414E+001  0.26126089E+001  0.43823974E+001  0.81169389E+001
  0.30778871E+000  0.34264360E+000  0.45254798E+000  0.59491735E+000  0.79053539E+000  0.88441630E+000  0.11853588E+001  0.18582458E+001  0.26126101E+001  0.43824030E+001  0.81169299E+001
  0.30778871E+000  0.34264362E+000  0.45254800E+000  0.59491735E+000  0.79053556E+000  0.88441746E+000  0.11853640E+001  0.18582512E+001  0.26126113E+001  0.43824087E+001  0.81169207E+001
  0.30778871E+000  0.34264364E+000  0.45254801E+000  0.59482793E+000  0.79053574E+000  0.88441864E+000  0.11853694E+001  0.18582574E+001  0.26126126E+001  0.43824147E+001  0.81169113E+001
  0.30778872E+000  0.34264366E+000  0.45254802E+000  0.59482793E+000  0.79053592E+000  0.88441985E+000  0.11853749E+001  0.18583414E+001  0.26126139E+001  0.43824209E+001  0.81169018E+001
  0.30778872E+000  0.34264368E+000  0.45254803E+000  0.59482793E+000  0.79053609E+000  0.88443351E+000  0.11853812E+001  0.18582710E+001  0.26126152E+001  0.43824274E+001  0.81168920E+001
  0.30778872E+000  0.34264370E+000  0.45254804E+000  0.59482794E+000  0.79053628E+000  0.88443476E+000  0.11853891E+001  0.18582734E+001  0.26126165E+001  0.43824341E+001  0.81168820E+001
  0.30778872E+000  0.34264372E+000  0.45254805E+000  0.59482794E+000  0.79053646E+000  0.88443604E+000  0.11853968E+001  0.18582757E+001  0.26126179E+001  0.43824411E+001  0.81168719E+001
  0.30778872E+000  0.34264375E+000  0.45254807E+000  0.59491735E+000  0.79053664E+000  0.88443733E+000  0.11854042E+001  0.18582781E+001  0.26126193E+001  0.43824483E+001  0.81168616E+001
  0.30778872E+000  0.34264377E+000  0.45254808E+000  0.59491735E+000  0.79053683E+000  0.88443866E+000  0.11854114E+001  0.18582805E+001  0.26126220E+001  0.43824557E+001  0.81168511E+001
  0.30778872E+000  0.34264379E+000  0.45254809E+000  0.59491735E+000  0.79053702E+000  0.88444000E+000  0.11854184E+001  0.18582830E+001  0.26126258E+001  0.43824634E+001  0.81168405E+001
  0.30779050E+000  0.34264381E+000  0.45254811E+000  0.59482794E+000  0.79053721E+000  0.88444136E+000  0.11854250E+001  0.18582854E+001  0.26126297E+001  0.43824714E+001  0.81168297E+001
  0.30779050E+000  0.34264384E+000  0.45254812E+000  0.59482794E+000  0.79053741E+000  0.88444274E+000  0.11854313E+001  0.18582879E+001  0.26126336E+001  0.43824797E+001  0.81168188E+001
  0.30779050E+000  0.34264386E+000  0.45254813E+000  0.59482795E+000  0.79053760E+000  0.88444414E+000  0.11854372E+001  0.18582903E+001  0.26126376E+001  0.43824881E+001  0.81168077E+001
  0.30779050E+000  0.34264389E+000  0.45254815E+000  0.59491735E+000  0.79053780E+000  0.88444556E+000  0.11854427E+001  0.18582928E+001  0.26126416E+001  0.43824969E+001  0.81167966E+001
  0.30779050E+000  0.34264391E+000  0.45254816E+000  0.59491735E+000  0.79053799E+000  0.88444699E+000  0.11854444E+001  0.18582953E+001  0.26126456E+001  0.43825058E+001  0.81167853E+001
  0.30779050E+000  0.34264394E+000  0.45254817E+000  0.59491735E+000  0.79053819E+000  0.88444843E+000  0.11854447E+001  0.18582978E+001  0.26126497E+001  0.43825151E+001  0.81167740E+001
  0.30779050E+000  0.34264396E+000  0.45254819E+000  0.59491735E+000  0.79053839E+000  0.88444988E+000  0.11854449E+001  0.18583003E+001  0.26126538E+001  0.43825245E+001  0.81167626E+001
  0.30779050E+000  0.34264399E+000  0.45254820E+000  0.59491735E+000  0.79053859E+000  0.88445134E+000  0.11854452E+001  0.18583028E+001  0.26126580E+001  0.43825341E+001  0.81167511E+001
  0.30779050E+000  0.34264401E+000  0.45254821E+000  0.59491735E+000  0.79053879E+000  0.88445281E+000  0.11854454E+001  0.18583052E+001  0.26126621E+001  0.43825440E+001  0.81167396E+001
  0.30779050E+000  0.34264404E+000  0.45254823E+000  0.59491735E+000  0.79053899E+000  0.88445429E+000  0.11854457E+001  0.18583077E+001  0.26126663E+001  0.43825540E+001  0.81167281E+001
  0.30779050E+000  0.34264407E+000  0.45254824E+000  0.59491735E+000  0.79053919E+000  0.88445577E+000  0.11854459E+001  0.18583101E+001  0.26126705E+001  0.43825642E+001  0.81167166E+001
  0.30779050E+000  0.34264409E+000  0.45254825E+000  0.59491735E+000  0.79053939E+000  0.88445725E+000  0.11854462E+001  0.18583126E+001  0.26126746E+001  0.43825746E+001  0.81167051E+001
  0.30779050E+000  0.34264412E+000  0.45254827E+000  0.59491735E+000  0.79053959E+000  0.88445873E+000  0.11854464E+001  0.18583150E+001  0.26126788E+001  0.43825851E+001  0.81166936E+001
  0.30779050E+000  0.34264415E+000  0.45254828E+000  0.59491735E+000  0.79053979E+000  0.88446020E+000  0.11854468E+001  0.18583173E+001  0.26126830E+001  0.43825957E+001  0.81166822E+001
  0.30779050E+000  0.34264417E+000  0.45254830E+000  0.59491735E+000  0.79053998E+000  0.88446167E+000  0.11854471E+001  0.18583197E+001  0.26126871E+001  0.43826064E+001  0.81166723E+001
  0.30779050E+000  0.34264420E+000  0.45254831E+000  0.59491735E+000  0.79054018E+000  0.88446313E+000  0.11854471E+001  0.18583220E+001  0.26126912E+001  0.43826171E+001  0.81166663E+001
  0.30779050E+000  0.34264423E+000  0.45254832E+000  0.59491735E+000  0.79054037E+000  0.88446458E+000  0.11854474E+001  0.18583242E+001  0.26126953E+001  0.43837647E+001  0.81166604E+001
  0.30779050E+000  0.34264425E+000  0.45254834E+000  0.59491735E+000  0.79054056E+000  0.88447911E+000  0.11854478E+001  0.18583264E+001  0.26126993E+001  0.43838439E+001  0.81166546E+001
  0.30779050E+000  0.34264428E+000  0.45254835E+000  0.59491735E+000  0.79054075E+000  0.88448053E+000  0.11854480E+001  0.18583286E+001  0.26127033E+001  0.43839269E+001  0.81166488E+001
  0.30779050E+000  0.34264430E+000  0.45254836E+000  0.59491735E+000  0.79054094E+000  0.88448192E+000  0.11854483E+001  0.18583307E+001  0.26127072E+001  0.43840133E+001  0.81166431E+001
  0.30779050E+000  0.34264433E+000  0.45254837E+000  0.59491735E+000  0.79054112E+000  0.88448330E+000  0.11854485E+001  0.18583328E+001  0.26127111E+001  0.43841027E+001  0.81166374E+001
  0.30779050E+000  0.34264435E+000  0.45254839E+000  0.59491735E+000  0.79054130E+000  0.88448466E+000  0.11854487E+001  0.18583348E+001  0.26127149E+001  0.43841945E+001  0.81166319E+001
  0.30779050E+000  0.34264438E+000  0.45254840E+000  0.59491735E+000  0.79054148E+000  0.88448599E+000  0.11854489E+001  0.18583367E+001  0.26127186E+001  0.43867538E+001  0.81166264E+001
  0.30779050E+000  0.34264440E+000  0.45254841E+000  0.59491735E+000  0.79054165E+000  0.88448729E+000  0.11854491E+001  0.18583386E+001  0.26127223E+001  0.43889815E+001  0.81166211E+001
  0.30779050E+000  0.34264442E+000  0.45254842E+000  0.59491735E+000  0.79054182E+000  0.88448857E+000  0.11854493E+001  0.18583404E+001  0.26127259E+001  0.43889805E+001  0.81166158E+001
  0.30779050E+000  0.34264445E+000  0.45254843E+000  0.59491735E+000  0.79054199E+000  0.88448982E+000  0.11854524E+001  0.18583421E+001  0.26127293E+001  0.43889796E+001  0.81166107E+001
  0.30779050E+000  0.34264447E+000  0.45254844E+000  0.59491735E+000  0.79054214E+000  0.88449104E+000  0.11854553E+001  0.18583438E+001  0.26127327E+001  0.43889787E+001  0.81166057E+001
  0.30779050E+000  0.34264449E+000  0.45254845E+000  0.59491735E+000  0.79054230E+000  0.88449222E+000  0.11854581E+001  0.18583454E+001  0.26127360E+001  0.43889778E+001  0.81166008E+001
  0.30779050E+000  0.34264451E+000  0.45254846E+000  0.59491735E+000  0.79054244E+000  0.88449337E+000  0.11854609E+001  0.18583469E+001  0.26127392E+001  0.43889769E+001  0.81165961E+001
  0.30779050E+000  0.34264453E+000  0.45254847E+000  0.59491735E+000  0.79054258E+000  0.88449448E+000  0.11854635E+001  0.18583484E+001  0.26127423E+001  0.43889761E+001  0.81165915E+001
  0.30779050E+000  0.34264454E+000  0.45254848E+000  0.59491735E+000  0.79054271E+000  0.88449556E+000  0.11854661E+001  0.18583497E+001  0.26127452E+001  0.43889753E+001  0.81165870E+001
  0.30779050E+000  0.34264456E+000  0.45254849E+000  0.59491735E+000  0.79054283E+000  0.88449660E+000  0.11854688E+001  0.18583510E+001  0.26127481E+001  0.43889745E+001  0.81165827E+001
  0.30779050E+000  0.34264458E+000  0.45254850E+000  0.59491735E+000  0.79054295E+000  0.88449760E+000  0.11854711E+001  0.18583522E+001  0.26127508E+001  0.43889737E+001  0.81165785E+001
  0.30779050E+000  0.34264459E+000  0.45254851E+000  0.59491735E+000  0.79054306E+000  0.88449856E+000  0.11854734E+001  0.18583534E+001  0.26127535E+001  0.43889730E+001  0.81165745E+001
  0.30779050E+000  0.34264461E+000  0.45254851E+000  0.59491735E+000  0.79054315E+000  0.88449948E+000  0.11854755E+001  0.18583544E+001  0.26127560E+001  0.43889722E+001  0.81165706E+001
  0.30779050E+000  0.34264462E+000  0.45254852E+000  0.59491735E+000  0.79054324E+000  0.88450036E+000  0.11854772E+001  0.18583554E+001  0.26127584E+001  0.43889716E+001  0.81165669E+001
  0.30779050E+000  0.34264463E+000  0.45254853E+000  0.59491735E+000  0.79054332E+000  0.88450120E+000  0.11854792E+001  0.18583563E+001  0.26127606E+001  0.43889709E+001  0.81165634E+001
  0.30779050E+000  0.34264464E+000  0.45254853E+000  0.59491735E+000  0.79054338E+000  0.88450200E+000  0.11854810E+001  0.18583571E+001  0.26127628E+001  0.43889703E+001  0.81165600E+001
  0.30779050E+000  0.34264465E+000  0.45254854E+000  0.59491735E+000  0.79054344E+000  0.88450276E+000  0.11854827E+001  0.18583875E+001  0.26127648E+001  0.43889697E+001  0.81165567E+001
  0.30779050E+000  0.34264465E+000  0.45254855E+000  0.59491735E+000  0.79054349E+000  0.88450348E+000  0.11854846E+001  0.18583868E+001  0.26127667E+001  0.43889691E+001  0.81165536E+001
  0.30779050E+000  0.34264466E+000  0.45254855E+000  0.59491735E+000  0.79054352E+000  0.88450416E+000  0.11854861E+001  0.18583860E+001  0.26127685E+001  0.43889685E+001  0.81165507E+001
  0.30779050E+000  0.34264466E+000  0.45254856E+000  0.59491735E+000  0.79054354E+000  0.88450480E+000  0.11854876E+001  0.18583854E+001  0.26127702E+001  0.43889680E+001  0.81165479E+001
  0.30779050E+000  0.34264467E+000  0.45254856E+000  0.59491735E+000  0.79054355E+000  0.88450540E+000  0.11854889E+001  0.18583847E+001  0.26127718E+001  0.43889675E+001  0.81165452E+001
  0.30779050E+000  0.34264467E+000  0.45254857E+000  0.59491735E+000  0.79054355E+000  0.88450596E+000  0.11854902E+001  0.18583841E+001  0.26127732E+001  0.43889670E+001  0.81165427E+001
  0.30779050E+000  0.34264467E+000  0.45254857E+000  0.59491735E+000  0.79054354E+000  0.88450649E+000  0.11854913E+001  0.18583834E+001  0.26127746E+001  0.43890927E+001  0.81165404E+001
  0.30779050E+000  0.34264467E+000  0.45254857E+000  0.59491735E+000  0.79054351E+000  0.88450698E+000  0.11854924E+001  0.18583828E+001  0.26127758E+001  0.43890927E+001  0.81165381E+001
  0.30779050E+000  0.34264467E+000  0.45254858E+000  0.59491735E+000  0.79054347E+000  0.88450743E+000  0.11854934E+001  0.18583822E+001  0.26127769E+001  0.43890926E+001  0.81165360E+001
  0.30779050E+000  0.34264466E+000  0.45254858E+000  0.59491735E+000  0.79054342E+000  0.88450785E+000  0.11854943E+001  0.18583816E+001  0.26127780E+001  0.43890925E+001  0.81165341E+001
  0.30779050E+000  0.34264466E+000  0.45254858E+000  0.59491735E+000  0.79054336E+000  0.88450824E+000  0.11854951E+001  0.18583810E+001  0.26127789E+001  0.43890924E+001  0.81165322E+001
  0.30779050E+000  0.34264465E+000  0.45254858E+000  0.59491735E+000  0.79054329E+000  0.88450860E+000  0.11854959E+001  0.18583804E+001  0.26127798E+001  0.43890924E+001  0.81165304E+001
  0.30779050E+000  0.34264465E+000  0.45254859E+000  0.59491735E+000  0.79054320E+000  0.88450893E+000  0.11854966E+001  0.18583798E+001  0.26127806E+001  0.43890923E+001  0.81165288E+001
  0.30779050E+000  0.34264464E+000  0.45254859E+000  0.59491735E+000  0.79054311E+000  0.88450923E+000  0.11854972E+001  0.18583792E+001  0.26127812E+001  0.43890922E+001  0.81165272E+001
  0.30779050E+000  0.34264463E+000  0.45254859E+000  0.59491735E+000  0.79054300E+000  0.88450950E+000  0.11854977E+001  0.18583786E+001  0.26127819E+001  0.43890922E+001  0.81165258E+001
  0.30779050E+000  0.34264462E+000  0.45254859E+000  0.59491735E+000  0.79054288E+000  0.88450975E+000  0.11854982E+001  0.18583780E+001  0.26127824E+001  0.43890921E+001  0.81165244E+001
  0.30779050E+000  0.34264461E+000  0.45254859E+000  0.59491735E+000  0.79054275E+000  0.88450997E+000  0.11854987E+001  0.18583773E+001  0.26127828E+001  0.43890921E+001  0.81165231E+001
  0.30779050E+000  0.34264460E+000  0.45254859E+000  0.59491735E+000  0.79054261E+000  0.88451017E+000  0.11854991E+001  0.18583767E+001  0.26127832E+001  0.43890920E+001  0.81165219E+001
  0.30779050E+000  0.34264458E+000  0.45254859E+000  0.59491735E+000  0.79054247E+000  0.88451035E+000  0.11854994E+001  0.18583761E+001  0.26127836E+001  0.43890919E+001  0.81165208E+001
  0.30779050E+000  0.34264457E+000  0.45254859E+000  0.59491735E+000  0.79054231E+000  0.88451051E+000  0.11854997E+001  0.18583755E+001  0.26127838E+001  0.43890919E+001  0.81165197E+001
  0.30779050E+000  0.34264456E+000  0.45254859E+000  0.59491735E+000  0.79054214E+000  0.88451065E+000  0.11855000E+001  0.18583749E+001  0.26127840E+001  0.43890918E+001  0.81165187E+001
  0.30779050E+000  0.34264454E+000  0.45254859E+000  0.59491735E+000  0.79054197E+000  0.88451077E+000  0.11855002E+001  0.18583743E+001  0.26127842E+001  0.43890918E+001  0.81165178E+001
  0.30779050E+000  0.34264453E+000  0.45254859E+000  0.59491735E+000  0.79054178E+000  0.88451087E+000  0.11855003E+001  0.18583737E+001  0.26127843E+001  0.43890917E+001  0.81165169E+001
  0.30779050E+000  0.34264451E+000  0.45254859E+000  0.59491735E+000  0.79054159E+000  0.88451096E+000  0.11855005E+001  0.18583730E+001  0.26127844E+001  0.43890917E+001  0.81165160E+001
  0.30779050E+000  0.34264449E+000  0.45254859E+000  0.59491735E+000  0.79054139E+000  0.88451103E+000  0.11855006E+001  0.18583724E+001  0.26127844E+001  0.43890916E+001  0.81165152E+001
  0.30779050E+000  0.34264447E+000  0.45254859E+000  0.59491735E+000  0.79054118E+000  0.88451109E+000  0.11855007E+001  0.18583718E+001  0.26127844E+001  0.43890915E+001  0.81165144E+001
  0.30779050E+000  0.34264446E+000  0.45254859E+000  0.59491735E+000  0.79054097E+000  0.88451114E+000  0.11855007E+001  0.18583712E+001  0.26127843E+001  0.43890915E+001  0.81165136E+001
  0.30779050E+000  0.34264444E+000  0.45254859E+000  0.59491735E+000  0.79054075E+000  0.88451117E+000  0.11855007E+001  0.18583706E+001  0.26127842E+001  0.43890914E+001  0.81165129E+001
  0.30779050E+000  0.34264442E+000  0.45254859E+000  0.59491735E+000  0.79054053E+000  0.88451120E+000  0.11855007E+001  0.18583700E+001  0.26127841E+001  0.43890914E+001  0.81165122E+001
  0.30779050E+000  0.34264440E+000  0.45254859E+000  0.59491735E+000  0.79054030E+000  0.88451121E+000  0.11855007E+001  0.18583694E+001  0.26127839E+001  0.43890913E+001  0.81165115E+001
  0.30779050E+000  0.34264438E+000  0.45254859E+000  0.59491735E+000  0.79054007E+000  0.88451122E+000  0.11855006E+001  0.18583688E+001  0.26127838E+001  0.43890913E+001  0.81165108E+001
  0.30779050E+000  0.34264436E+000  0.45254859E+000  0.59491735E+000  0.79053983E+000  0.88451121E+000  0.11855005E+001  0.18583682E+001  0.26127835E+001  0.43890912E+001  0.81165101E+001
  0.30779050E+000  0.34264434E+000  0.45254859E+000  0.59491735E+000  0.79053959E+000  0.88451120E+000  0.11855004E+001  0.18583676E+001  0.26127833E+001  0.43867924E+001  0.81165095E+001
  0.30779050E+000  0.34264432E+000  0.45254859E+000  0.59491735E+000  0.79053935E+000  0.88451119E+000  0.11855003E+001  0.18582732E+001  0.26127831E+001  0.43866331E+001  0.81165088E+001
  0.30779050E+000  0.34264430E+000  0.45254859E+000  0.59491735E+000  0.79053910E+000  0.88451116E+000  0.11854958E+001  0.18582595E+001  0.26127828E+001  0.43844121E+001  0.81165081E+001
  0.30779050E+000  0.34264428E+000  0.45254859E+000  0.59491735E+000  0.79053885E+000  0.88451113E+000  0.11854593E+001  0.18582457E+001  0.26127825E+001  0.43844097E+001  0.81165075E+001
  0.30779050E+000  0.34264426E+000  0.45254859E+000  0.59491735E+000  0.79053860E+000  0.88451110E+000  0.11854423E+001  0.18581271E+001  0.26127822E+001  0.43844074E+001  0.81165068E+001
  0.30779050E+000  0.34264424E+000  0.45254858E+000  0.59491735E+000  0.79053835E+000  0.88451106E+000  0.11854346E+001  0.18581244E+001  0.26127819E+001  0.43844050E+001  0.81165061E+001
  0.30779050E+000  0.34264422E+000  0.45254858E+000  0.59491735E+000  0.79053810E+000  0.88451102E+000  0.11854269E+001  0.18581237E+001  0.26127816E+001  0.43844027E+001  0.81165054E+001
  0.30779050E+000  0.34264420E+000  0.45254858E+000  0.59491735E+000  0.79053785E+000  0.88451097E+000  0.11854192E+001  0.18581231E+001  0.26127812E+001  0.43844004E+001  0.81165047E+001
  0.30779050E+000  0.34264418E+000  0.45254858E+000  0.59491735E+000  0.79053759E+000  0.88451092E+000  0.11854115E+001  0.18581225E+001  0.26127809E+001  0.43826679E+001  0.81165040E+001
  0.30779050E+000  0.34264416E+000  0.45254858E+000  0.59491735E+000  0.79053734E+000  0.88451087E+000  0.11854039E+001  0.18581218E+001  0.26127805E+001  0.43826579E+001  0.81165032E+001
  0.30779050E+000  0.34264414E+000  0.45254858E+000  0.59491735E+000  0.79053708E+000  0.88451082E+000  0.11853963E+001  0.18581212E+001  0.26127802E+001  0.43826478E+001  0.81165025E+001
  0.30779050E+000  0.34264412E+000  0.45254858E+000  0.59491735E+000  0.79053683E+000  0.88451076E+000  0.11853887E+001  0.18581206E+001  0.26127798E+001  0.43826374E+001  0.81165017E+001
  0.30779050E+000  0.34264411E+000  0.45254858E+000  0.59491735E+000  0.79053658E+000  0.88451070E+000  0.11853813E+001  0.18581200E+001  0.26127795E+001  0.43826269E+001  0.81165009E+001
  0.30779050E+000  0.34264409E+000  0.45254857E+000  0.59491735E+000  0.79053633E+000  0.88451065E+000  0.11853738E+001  0.18581194E+001  0.26127791E+001  0.43826163E+001  0.81165001E+001
  0.30779050E+000  0.34264407E+000  0.45254857E+000  0.59491735E+000  0.79053608E+000  0.88451059E+000  0.11853665E+001  0.18581188E+001  0.26127787E+001  0.43826055E+001  0.81164992E+001
  0.30779050E+000  0.34264405E+000  0.45254857E+000  0.59491735E+000  0.79053583E+000  0.88451053E+000  0.11853500E+001  0.18581182E+001  0.26127783E+001  0.43825946E+001  0.81164983E+001
  0.30779050E+000  0.34264404E+000  0.45254857E+000  0.59491735E+000  0.79053559E+000  0.88451046E+000  0.11853382E+001  0.18581176E+001  0.26127780E+001  0.43825836E+001  0.81164974E+001
  0.30779050E+000  0.34264402E+000  0.45254857E+000  0.59491735E+000  0.79053535E+000  0.88451040E+000  0.11853265E+001  0.18581171E+001  0.26127776E+001  0.43825725E+001  0.81164965E+001
  0.30779050E+000  0.34264400E+000  0.45254857E+000  0.59491735E+000  0.79053511E+000  0.88451034E+000  0.11852737E+001  0.18581165E+001  0.26127772E+001  0.43825613E+001  0.81164955E+001
  0.30779050E+000  0.34264399E+000  0.45254857E+000  0.59491735E+000  0.79053487E+000  0.88451028E+000  0.11852736E+001  0.18581160E+001  0.26127769E+001  0.43825500E+001  0.81164945E+001
  0.30779050E+000  0.34264397E+000  0.45254857E+000  0.59491735E+000  0.79053464E+000  0.88451022E+000  0.11852736E+001  0.18581154E+001  0.26127765E+001  0.43825387E+001  0.81164935E+001
  0.30779050E+000  0.34264396E+000  0.45254857E+000  0.59491735E+000  0.79053441E+000  0.88451016E+000  0.11852736E+001  0.18581149E+001  0.26127761E+001  0.43825272E+001  0.81164925E+001
  0.30779050E+000  0.34264394E+000  0.45254857E+000  0.59491735E+000  0.79053419E+000  0.88451010E+000  0.11852735E+001  0.18581144E+001  0.26127758E+001  0.43825157E+001  0.81164914E+001
  0.30779050E+000  0.34264393E+000  0.45254856E+000  0.59491735E+000  0.79053397E+000  0.88451005E+000  0.11852735E+001  0.18581139E+001  0.26127754E+001  0.43825042E+001  0.81164903E+001
  0.30779050E+000  0.34264392E+000  0.45254856E+000  0.59491735E+000  0.79053375E+000  0.88450999E+000  0.11852735E+001  0.18581134E+001  0.26127751E+001  0.43824927E+001  0.81164892E+001
  0.30779050E+000  0.34264391E+000  0.45254856E+000  0.59491735E+000  0.79053354E+000  0.88450994E+000  0.11852734E+001  0.18581130E+001  0.26127747E+001  0.43824811E+001  0.81164880E+001
  0.30779050E+000  0.34264389E+000  0.45254856E+000  0.59491735E+000  0.79053333E+000  0.88450988E+000  0.11852734E+001  0.18581125E+001  0.26127744E+001  0.43824695E+001  0.81164868E+001
  0.30779050E+000  0.34264388E+000  0.45254856E+000  0.59491735E+000  0.79053313E+000  0.88450983E+000  0.11852734E+001  0.18581121E+001  0.26127740E+001  0.43824579E+001  0.81164856E+001
  0.30779050E+000  0.34264387E+000  0.45254856E+000  0.59491735E+000  0.79053293E+000  0.88450978E+000  0.11852733E+001  0.18581117E+001  0.26127737E+001  0.43824463E+001  0.81164843E+001
  0.30779050E+000  0.34264386E+000  0.45254856E+000  0.59491735E+000  0.79053273E+000  0.88450973E+000  0.11852733E+001  0.18581112E+001  0.26127734E+001  0.43824347E+001  0.81164831E+001
  0.30779050E+000  0.34264385E+000  0.45254856E+000  0.59491735E+000  0.79053255E+000  0.88450968E+000  0.11852733E+001  0.18581108E+001  0.26127731E+001  0.43824232E+001  0.81164818E+001
  0.30779050E+000  0.34264384E+000  0.45254856E+000  0.59491735E+000  0.79053236E+000  0.88450963E+000  0.11852732E+001  0.18581105E+001  0.26127728E+001  0.43824116E+001  0.81164804E+001
  0.30779050E+000  0.34264384E+000  0.45254856E+000  0.59491735E+000  0.79053219E+000  0.88450959E+000  0.11852732E+001  0.18581101E+001  0.26127725E+001  0.43824002E+001  0.81164791E+001
  0.30779050E+000  0.34264383E+000  0.45254856E+000  0.59491735E+000  0.79053201E+000  0.88450954E+000  0.11852732E+001  0.18581097E+001  0.26127722E+001  0.43823888E+001  0.81164777E+001
  0.30779050E+000  0.34264382E+000  0.45254856E+000  0.59491735E+000  0.79053185E+000  0.88450950E+000  0.11852732E+001  0.18581093E+001  0.26127719E+001  0.43823774E+001  0.81164763E+001
  0.30779050E+000  0.34264381E+000  0.45254856E+000  0.59491735E+000  0.79053169E+000  0.88450946E+000  0.11852731E+001  0.18581090E+001  0.26127716E+001  0.43823661E+001  0.81164749E+001
  0.30779050E+000  0.34264381E+000  0.45254856E+000  0.59491735E+000  0.79053153E+000  0.88450942E+000  0.11852731E+001  0.18581087E+001  0.26127713E+001  0.43823550E+001  0.81164735E+001
  0.30779050E+000  0.34264380E+000  0.45254855E+000  0.59491735E+000  0.79053138E+000  0.88450939E+000  0.11852731E+001  0.18581083E+001  0.26127711E+001  0.43823438E+001  0.81164721E+001
  0.30779050E+000  0.34264379E+000  0.45254855E+000  0.59491735E+000  0.79053124E+000  0.88450935E+000  0.11852731E+001  0.18581080E+001  0.26127708E+001  0.43823328E+001  0.81164706E+001
  0.30779050E+000  0.34264379E+000  0.45254855E+000  0.59491735E+000  0.79053110E+000  0.88450932E+000  0.11852730E+001  0.18581077E+001  0.26127706E+001  0.43823219E+001  0.81164691E+001
  0.30779050E+000  0.34264378E+000  0.45254855E+000  0.59491735E+000  0.79053096E+000  0.88450929E+000  0.11852730E+001  0.18581074E+001  0.26127703E+001  0.43823111E+001  0.81164676E+001
  0.30779050E+000  0.34264378E+000  0.45254855E+000  0.59491735E+000  0.79053084E+000  0.88450926E+000  0.11852730E+001  0.18581071E+001  0.26127701E+001  0.43823004E+001  0.81164661E+001
  0.30779050E+000  0.34264378E+000  0.45254855E+000  0.59491735E+000  0.79053071E+000  0.88450923E+000  0.11852730E+001  0.18581069E+001  0.26127699E+001  0.43805874E+001  0.81164646E+001
  0.30779050E+000  0.34264377E+000  0.45254855E+000  0.59491735E+000  0.79053060E+000  0.88450921E+000  0.11852730E+001  0.18581066E+001  0.26127696E+001  0.43804507E+001  0.81164631E+001
  0.30779050E+000  0.34264377E+000  0.45254855E+000  0.59491735E+000  0.79053049E+000  0.88450918E+000  0.11852729E+001  0.18581063E+001  0.26127694E+001  0.43803157E+001  0.81164616E+001
  0.30779050E+000  0.34264377E+000  0.45254855E+000  0.59491735E+000  0.79053038E+000  0.88450916E+000  0.11852729E+001  0.18581061E+001  0.26127692E+001  0.43801826E+001  0.81164601E+001
  0.30779050E+000  0.34264376E+000  0.45254855E+000  0.59491735E+000  0.79053028E+000  0.88450914E+000  0.11852729E+001  0.18581058E+001  0.26127690E+001  0.43800513E+001  0.81164586E+001
  0.30779050E+000  0.34264376E+000  0.45254855E+000  0.59491735E+000  0.79053018E+000  0.88450912E+000  0.11852729E+001  0.18581056E+001  0.26127688E+001  0.43798408E+001  0.81164570E+001
  0.30779050E+000  0.34264376E+000  0.45254855E+000  0.59491735E+000  0.79053009E+000  0.88450910E+000  0.11852729E+001  0.18581054E+001  0.26127686E+001  0.43795388E+001  0.81164555E+001
  0.30779050E+000  0.34264376E+000  0.45254855E+000  0.59491735E+000  0.79053001E+000  0.88450908E+000  0.11852729E+001  0.18581051E+001  0.26127685E+001  0.43792417E+001  0.81164540E+001
  0.30779050E+000  0.34264375E+000  0.45254855E+000  0.59491735E+000  0.79052993E+000  0.88450906E+000  0.11852729E+001  0.18581049E+001  0.26127683E+001  0.43790755E+001  0.81164524E+001
  0.30779050E+000  0.34264375E+000  0.45254855E+000  0.59491735E+000  0.79052985E+000  0.88450905E+000  0.11852729E+001  0.18581047E+001  0.26127681E+001  0.43790480E+001  0.81164509E+001
  0.30779050E+000  0.34264375E+000  0.45254855E+000  0.59491735E+000  0.79052978E+000  0.88450903E+000  0.11852728E+001  0.18581045E+001  0.26127680E+001  0.43789069E+001  0.81164494E+001
  0.30779050E+000  0.34264375E+000  0.45254855E+000  0.59491735E+000  0.79052971E+000  0.88450902E+000  0.11852728E+001  0.18581043E+001  0.26127678E+001  0.43787028E+001  0.81164479E+001
  0.30779050E+000  0.34264375E+000  0.45254855E+000  0.59491735E+000  0.79052965E+000  0.88450901E+000  0.11852728E+001  0.18581041E+001  0.26127677E+001  0.43785025E+001  0.81164464E+001
  0.30779050E+000  0.34264375E+000  0.45254855E+000  0.59491735E+000  0.79052959E+000  0.88450900E+000  0.11852728E+001  0.18581039E+001  0.26127675E+001  0.43783061E+001  0.81164449E+001
  0.30779050E+000  0.34264375E+000  0.45254855E+000  0.59491735E+000  0.79052953E+000  0.88450899E+000  0.11852728E+001  0.18581038E+001  0.26127674E+001  0.43781136E+001  0.81164434E+001
  0.30779050E+000  0.34264375E+000  0.45254855E+000  0.59491735E+000  0.79052948E+000  0.88450898E+000  0.11852728E+001  0.18581036E+001  0.26127673E+001  0.43779251E+001  0.81164419E+001
  0.30779050E+000  0.34264375E+000  0.45254855E+000  0.59491735E+000  0.79052943E+000  0.88450897E+000  0.11852728E+001  0.18581034E+001  0.26127671E+001  0.43777405E+001  0.81164405E+001
  0.30779050E+000  0.34264375E+000  0.45254855E+000  0.59491735E+000  0.79052939E+000  0.88450897E+000  0.11852728E+001  0.18579936E+001  0.26127670E+001  0.43771836E+001  0.81164390E+001
  0.30779050E+000  0.34264375E+000  0.45254855E+000  0.59491735E+000  0.79052935E+000  0.88450896E+000  0.11852728E+001  0.18579361E+001  0.26127669E+001  0.43771837E+001  0.81164376E+001
  0.30779050E+000  0.34264375E+000  0.45254855E+000  0.59491735E+000  0.79052931E+000  0.88450895E+000  0.11852728E+001  0.18578807E+001  0.26127668E+001  0.43758016E+001  0.81164362E+001
  0.30779050E+000  0.34264374E+000  0.45254855E+000  0.59491735E+000  0.79052927E+000  0.88450895E+000  0.11852728E+001  0.18578272E+001  0.26127667E+001  0.43757457E+001  0.81164348E+001
  0.30779050E+000  0.34264374E+000  0.45254855E+000  0.59491735E+000  0.79052924E+000  0.88450894E+000  0.11852728E+001  0.18577756E+001  0.26127666E+001  0.43756530E+001  0.81164335E+001
  0.30779050E+000  0.34264374E+000  0.45254855E+000  0.59491735E+000  0.79052921E+000  0.88450894E+000  0.11852728E+001  0.18577260E+001  0.26127665E+001  0.43755626E+001  0.81164321E+001
  0.30779050E+000  0.34264374E+000  0.45254855E+000  0.59491735E+000  0.79052918E+000  0.88450894E+000  0.11852728E+001  0.18576782E+001  0.26127664E+001  0.43754744E+001  0.81164308E+001
  0.30779050E+000  0.34264374E+000  0.45254855E+000  0.59491735E+000  0.79052916E+000  0.88450893E+000  0.11852728E+001  0.18576324E+001  0.26127663E+001  0.43753884E+001  0.81164295E+001
  0.30779050E+000  0.34264375E+000  0.45254855E+000  0.59491735E+000  0.79052914E+000  0.88450893E+000  0.11852728E+001  0.18575881E+001  0.26127662E+001  0.43753046E+001  0.81164282E+001
  0.30779050E+000  0.34264375E+000  0.45254855E+000  0.59491735E+000  0.79052912E+000  0.88450893E+000  0.11852728E+001  0.18575339E+001  0.26127661E+001  0.43752230E+001  0.81164269E+001
  0.30779050E+000  0.34264375E+000  0.45254855E+000  0.59491735E+000  0.79052910E+000  0.88450893E+000  0.11852728E+001  0.18575314E+001  0.26127660E+001  0.43751436E+001  0.81164257E+001
  0.30779050E+000  0.34264375E+000  0.45254855E+000  0.59491735E+000  0.79052908E+000  0.88450893E+000  0.11852727E+001  0.18575291E+001  0.26127659E+001  0.43750663E+001  0.81164244E+001
  0.30779050E+000  0.34264375E+000  0.45254855E+000  0.59491735E+000  0.79052906E+000  0.88450893E+000  0.11852727E+001  0.18575269E+001  0.26127659E+001  0.43749912E+001  0.81164232E+001
  0.30779050E+000  0.34264375E+000  0.45254855E+000  0.59491735E+000  0.79052905E+000  0.88450892E+000  0.11852727E+001  0.18575248E+001  0.26127658E+001  0.43749182E+001  0.81164221E+001
  0.30779050E+000  0.34264375E+000  0.45254855E+000  0.59491735E+000  0.79052904E+000  0.88450892E+000  0.11852727E+001  0.18575228E+001  0.26127657E+001  0.43748473E+001  0.81164209E+001
  0.30779050E+000  0.34264375E+000  0.45254855E+000  0.59491735E+000  0.79052903E+000  0.88450892E+000  0.11852727E+001  0.18575208E+001  0.26127656E+001  0.43747785E+001  0.81164198E+001
  0.30779050E+000  0.34264375E+000  0.45254855E+000  0.59491735E+000  0.79052902E+000  0.88450892E+000  0.11852727E+001  0.18575190E+001  0.26127656E+001  0.43747117E+001  0.81164187E+001
  0.30779050E+000  0.34264375E+000  0.45254855E+000  0.59491735E+000  0.79052901E+000  0.88450892E+000  0.11852727E+001  0.18575172E+001  0.26127655E+001  0.43723644E+001  0.81164176E+001
  0.30779050E+000  0.34264375E+000  0.45254855E+000  0.59491735E+000  0.79052900E+000  0.88450892E+000  0.11852727E+001  0.18575156E+001  0.26127655E+001  0.43723523E+001  0.81164165E+001
  0.30779050E+000  0.34264375E+000  0.45254855E+000  0.59491735E+000  0.79052899E+000  0.88450892E+000  0.11852727E+001  0.18575140E+001  0.26127654E+001  0.43723406E+001  0.81164155E+001
  0.30779050E+000  0.34264375E+000  0.45254855E+000  0.59491735E+000  0.79052899E+000  0.88450893E+000  0.11852727E+001  0.18575125E+001  0.26127654E+001  0.43723292E+001  0.81164145E+001
  0.30779050E+000  0.34264375E+000  0.45254855E+000  0.59491735E+000  0.79052898E+000  0.88450893E+000  0.11852727E+001  0.18575110E+001  0.26127653E+001  0.43723182E+001  0.81164135E+001
  0.30779050E+000  0.34264375E+000  0.45254855E+000  0.59491735E+000  0.79052898E+000  0.88450893E+000  0.11852727E+001  0.18575097E+001  0.26127653E+001  0.43723076E+001  0.81164125E+001
