  0.15379562E-001
  0.15261719E-001
  0.15177557E-001
  0.15113277E-001
  0.15063502E-001
  0.15023734E-001
  0.14991959E-001
  0.14966260E-001
  0.14945069E-001
  0.14927886E-001
  0.14913743E-001
  0.14902064E-001
  0.14892480E-001
  0.14884533E-001
  0.14877906E-001
  0.14872427E-001
  0.14867887E-001
  0.14864076E-001
  0.14860937E-001
  0.14858312E-001
  0.14856143E-001
  0.14854334E-001
  0.14852824E-001
  0.14851571E-001
  0.14850518E-001
  0.14849632E-001
  0.14848881E-001
  0.14848238E-001
  0.14847681E-001
  0.14847191E-001
  0.14846752E-001
  0.14846354E-001
  0.14845983E-001
  0.14845632E-001
  0.14845294E-001
  0.14844963E-001
  0.14844634E-001
  0.14844305E-001
  0.14843973E-001
  0.14843635E-001
  0.14843291E-001
  0.14842938E-001
  0.14842578E-001
  0.14842209E-001
  0.14841832E-001
  0.14841447E-001
  0.14841053E-001
  0.14840652E-001
  0.14840243E-001
  0.14839828E-001
  0.14839406E-001
  0.14838978E-001
  0.14838545E-001
  0.14838108E-001
  0.14837666E-001
  0.14837222E-001
  0.14836774E-001
  0.14836324E-001
  0.14835873E-001
  0.14835421E-001
  0.14834969E-001
  0.14834517E-001
  0.14834067E-001
  0.14833619E-001
  0.14833174E-001
  0.14832732E-001
  0.14832295E-001
  0.14831862E-001
  0.14831436E-001
  0.14831015E-001
  0.14830602E-001
  0.14830196E-001
  0.14829798E-001
  0.14829408E-001
  0.14829027E-001
  0.14828656E-001
  0.14828295E-001
  0.14827944E-001
  0.14827603E-001
  0.14827274E-001
  0.14826955E-001
  0.14826648E-001
  0.14826353E-001
  0.14826069E-001
  0.14825798E-001
  0.14825538E-001
  0.14825290E-001
  0.14825055E-001
  0.14824831E-001
  0.14824619E-001
  0.14824419E-001
  0.14824230E-001
  0.14824053E-001
  0.14823887E-001
  0.14823731E-001
  0.14823586E-001
  0.14823450E-001
  0.14823325E-001
  0.14823208E-001
  0.14823101E-001
  0.14823001E-001
  0.14822910E-001
  0.14822826E-001
  0.14822750E-001
  0.14822680E-001
  0.14822616E-001
  0.14822559E-001
  0.14822507E-001
  0.14822460E-001
  0.14822418E-001
  0.14822381E-001
  0.14822348E-001
  0.14822318E-001
  0.14822292E-001
  0.14822270E-001
  0.14822250E-001
  0.14822234E-001
  0.14822220E-001
  0.14822208E-001
  0.14822198E-001
  0.14822191E-001
  0.14822185E-001
  0.14822180E-001
  0.14822178E-001
  0.14822176E-001
  0.14822176E-001
  0.14822177E-001
  0.14822178E-001
  0.14822181E-001
  0.14822184E-001
  0.14822188E-001
  0.14822193E-001
  0.14822198E-001
  0.14822203E-001
  0.14822209E-001
  0.14822215E-001
  0.14822222E-001
  0.14822229E-001
  0.14822235E-001
  0.14822242E-001
  0.14822250E-001
  0.14822257E-001
  0.14822264E-001
  0.14822271E-001
  0.14822278E-001
  0.14822285E-001
  0.14822292E-001
  0.14822299E-001
  0.14822306E-001
  0.14822312E-001
  0.14822319E-001
  0.14822325E-001
  0.14822331E-001
  0.14822337E-001
  0.14822342E-001
  0.14822348E-001
  0.14822353E-001
  0.14822358E-001
  0.14822363E-001
  0.14822368E-001
  0.14822372E-001
  0.14822376E-001
  0.14822380E-001
  0.14822384E-001
  0.14822388E-001
  0.14822391E-001
  0.14822394E-001
  0.14822397E-001
  0.14822400E-001
  0.14822403E-001
  0.14822405E-001
  0.14822407E-001
  0.14822409E-001
  0.14822411E-001
  0.14822413E-001
  0.14822415E-001
  0.14822416E-001
  0.14822417E-001
  0.14822419E-001
  0.14822420E-001
  0.14822421E-001
  0.14822422E-001
  0.14822422E-001
  0.14822423E-001
  0.14822424E-001
  0.14822424E-001
  0.14822425E-001
  0.14822425E-001
  0.14822426E-001
  0.14822426E-001
  0.14822426E-001
  0.14822426E-001
  0.14822427E-001
  0.14822427E-001
  0.14822427E-001
  0.14822427E-001
  0.14822427E-001
  0.14822427E-001
  0.14822427E-001
  0.14822427E-001
