 -0.50351565E-001
 -0.49958235E-001
 -0.49660640E-001
 -0.49441491E-001
 -0.49281881E-001
 -0.49167591E-001
 -0.49088846E-001
 -0.49037952E-001
 -0.49009025E-001
 -0.48997860E-001
 -0.49000474E-001
 -0.49013741E-001
 -0.49035219E-001
 -0.49062916E-001
 -0.49095323E-001
 -0.49131298E-001
 -0.49169847E-001
 -0.49210195E-001
 -0.49251763E-001
 -0.49293994E-001
 -0.49336504E-001
 -0.49378940E-001
 -0.49421045E-001
 -0.49462619E-001
 -0.49503480E-001
 -0.49543503E-001
 -0.49582579E-001
 -0.49620628E-001
 -0.49657592E-001
 -0.49693434E-001
 -0.49728158E-001
 -0.49761725E-001
 -0.49794112E-001
 -0.49825314E-001
 -0.49855337E-001
 -0.49884197E-001
 -0.49911912E-001
 -0.49938509E-001
 -0.49964012E-001
 -0.49988453E-001
 -0.50011859E-001
 -0.50034263E-001
 -0.50055694E-001
 -0.50076182E-001
 -0.50095753E-001
 -0.50114435E-001
 -0.50132250E-001
 -0.50149222E-001
 -0.50165372E-001
 -0.50180717E-001
 -0.50195276E-001
 -0.50209066E-001
 -0.50222104E-001
 -0.50234406E-001
 -0.50245985E-001
 -0.50256858E-001
 -0.50267041E-001
 -0.50276551E-001
 -0.50285406E-001
 -0.50293625E-001
 -0.50301228E-001
 -0.50308236E-001
 -0.50314671E-001
 -0.50320556E-001
 -0.50325916E-001
 -0.50330774E-001
 -0.50335156E-001
 -0.50339085E-001
 -0.50342590E-001
 -0.50345694E-001
 -0.50348423E-001
 -0.50350801E-001
 -0.50352854E-001
 -0.50354606E-001
 -0.50356080E-001
 -0.50357298E-001
 -0.50358285E-001
 -0.50359061E-001
 -0.50359646E-001
 -0.50360061E-001
 -0.50360325E-001
 -0.50360457E-001
 -0.50360472E-001
 -0.50360387E-001
 -0.50360218E-001
 -0.50359978E-001
 -0.50359679E-001
 -0.50359335E-001
 -0.50358954E-001
 -0.50358547E-001
 -0.50358122E-001
 -0.50357686E-001
 -0.50357246E-001
 -0.50356807E-001
 -0.50356373E-001
 -0.50355949E-001
 -0.50355538E-001
 -0.50355142E-001
 -0.50354763E-001
 -0.50354402E-001
 -0.50354061E-001
 -0.50353739E-001
 -0.50353437E-001
 -0.50353155E-001
 -0.50352893E-001
 -0.50352651E-001
 -0.50352427E-001
 -0.50352221E-001
 -0.50352032E-001
 -0.50351860E-001
 -0.50351704E-001
 -0.50351562E-001
 -0.50351434E-001
 -0.50351319E-001
 -0.50351217E-001
 -0.50351126E-001
 -0.50351045E-001
 -0.50350974E-001
 -0.50350912E-001
 -0.50350859E-001
 -0.50350813E-001
 -0.50350774E-001
 -0.50350742E-001
 -0.50350716E-001
 -0.50350695E-001
 -0.50350680E-001
 -0.50350668E-001
 -0.50350661E-001
 -0.50350658E-001
 -0.50350658E-001
 -0.50350661E-001
 -0.50350667E-001
 -0.50350675E-001
 -0.50350686E-001
 -0.50350698E-001
 -0.50350712E-001
 -0.50350728E-001
 -0.50350745E-001
 -0.50350763E-001
 -0.50350782E-001
 -0.50350802E-001
 -0.50350823E-001
 -0.50350844E-001
 -0.50350866E-001
 -0.50350888E-001
 -0.50350910E-001
 -0.50350932E-001
 -0.50350955E-001
 -0.50350977E-001
 -0.50350999E-001
 -0.50351021E-001
 -0.50351043E-001
 -0.50351065E-001
 -0.50351086E-001
 -0.50351107E-001
 -0.50351127E-001
 -0.50351147E-001
 -0.50351167E-001
 -0.50351186E-001
 -0.50351204E-001
 -0.50351222E-001
 -0.50351240E-001
 -0.50351257E-001
 -0.50351273E-001
 -0.50351289E-001
 -0.50351304E-001
 -0.50351319E-001
 -0.50351333E-001
 -0.50351346E-001
 -0.50351359E-001
 -0.50351371E-001
 -0.50351383E-001
 -0.50351394E-001
 -0.50351405E-001
 -0.50351415E-001
 -0.50351425E-001
 -0.50351434E-001
 -0.50351443E-001
 -0.50351451E-001
 -0.50351459E-001
 -0.50351466E-001
 -0.50351473E-001
 -0.50351479E-001
 -0.50351486E-001
 -0.50351491E-001
 -0.50351497E-001
 -0.50351502E-001
 -0.50351506E-001
 -0.50351511E-001
 -0.50351515E-001
 -0.50351518E-001
 -0.50351522E-001
 -0.50351525E-001
 -0.50351528E-001
 -0.50351531E-001
 -0.50351534E-001
 -0.50351536E-001
 -0.50351539E-001
 -0.50351542E-001
 -0.50351545E-001
