  0.19603171E+001
  0.16540233E+001
  0.15992014E+001
  0.16002322E+001
  0.16237066E+001
  0.16564192E+001
  0.16911251E+001
  0.17245212E+001
  0.17555425E+001
  0.17834045E+001
  0.18072130E+001
  0.18278410E+001
  0.18454512E+001
  0.18602677E+001
  0.18727929E+001
  0.18833702E+001
  0.18922460E+001
  0.18997162E+001
  0.19061555E+001
  0.19117329E+001
  0.19166711E+001
  0.19210652E+001
  0.19250272E+001
  0.19286312E+001
  0.19319063E+001
  0.19349049E+001
  0.19376458E+001
  0.19401496E+001
  0.19424290E+001
  0.19444627E+001
  0.19461059E+001
  0.19474335E+001
  0.19485055E+001
  0.19493725E+001
  0.19500759E+001
  0.19506491E+001
  0.19511191E+001
  0.19515083E+001
  0.19518331E+001
  0.19521084E+001
  0.19523437E+001
  0.19525490E+001
  0.19527298E+001
  0.19528919E+001
  0.19530381E+001
  0.19531722E+001
  0.19532952E+001
  0.19534099E+001
  0.19535163E+001
  0.19536159E+001
  0.19537088E+001
  0.19537957E+001
  0.19538774E+001
  0.19539540E+001
  0.19540253E+001
  0.19540918E+001
  0.19541533E+001
  0.19542105E+001
  0.19542634E+001
  0.19543120E+001
  0.19543569E+001
  0.19543978E+001
  0.19544350E+001
  0.19544689E+001
  0.19544996E+001
  0.19545269E+001
  0.19545515E+001
  0.19545728E+001
  0.19545919E+001
  0.19546080E+001
  0.19546219E+001
  0.19546332E+001
  0.19546424E+001
  0.19546494E+001
  0.19546545E+001
  0.19546575E+001
  0.19546589E+001
  0.19546586E+001
  0.19546570E+001
  0.19546539E+001
  0.19546497E+001
  0.19546446E+001
  0.19546385E+001
  0.19546319E+001
  0.19546246E+001
  0.19546170E+001
  0.19546090E+001
  0.19546010E+001
  0.19545927E+001
  0.19545846E+001
  0.19545765E+001
  0.19545686E+001
  0.19545609E+001
  0.19545535E+001
  0.19545464E+001
  0.19545395E+001
  0.19545331E+001
  0.19545269E+001
  0.19545211E+001
  0.19545157E+001
  0.19545106E+001
  0.19545059E+001
  0.19545015E+001
  0.19544974E+001
  0.19544937E+001
  0.19544903E+001
  0.19544872E+001
  0.19544843E+001
  0.19544817E+001
  0.19544794E+001
  0.19544773E+001
  0.19544754E+001
  0.19544737E+001
  0.19544722E+001
  0.19544709E+001
  0.19544698E+001
  0.19544688E+001
  0.19544679E+001
  0.19544672E+001
  0.19544665E+001
  0.19544660E+001
  0.19544655E+001
  0.19544651E+001
  0.19544648E+001
  0.19544645E+001
  0.19544643E+001
  0.19544641E+001
  0.19544639E+001
  0.19544637E+001
  0.19544636E+001
  0.19544635E+001
  0.19544634E+001
  0.19544633E+001
  0.19544632E+001
  0.19544631E+001
  0.19544630E+001
  0.19544629E+001
  0.19544628E+001
  0.19544627E+001
  0.19544625E+001
  0.19544624E+001
  0.19544622E+001
  0.19544620E+001
  0.19544618E+001
  0.19544616E+001
  0.19544614E+001
  0.19544611E+001
  0.19544609E+001
  0.19544606E+001
  0.19544603E+001
  0.19544600E+001
  0.19544596E+001
  0.19544592E+001
  0.19544589E+001
  0.19544584E+001
  0.19544580E+001
  0.19544576E+001
  0.19544571E+001
  0.19544566E+001
  0.19544561E+001
  0.19544556E+001
  0.19544550E+001
  0.19544545E+001
  0.19544539E+001
  0.19544533E+001
  0.19544526E+001
  0.19544520E+001
  0.19544513E+001
  0.19544507E+001
  0.19544500E+001
  0.19544493E+001
  0.19544485E+001
  0.19544478E+001
  0.19544471E+001
  0.19544463E+001
  0.19544455E+001
  0.19544447E+001
  0.19544440E+001
  0.19544432E+001
  0.19544424E+001
  0.19544416E+001
  0.19544407E+001
  0.19544399E+001
  0.19544391E+001
  0.19544383E+001
  0.19544375E+001
  0.19544367E+001
  0.19544358E+001
  0.19544350E+001
  0.19544342E+001
  0.19544334E+001
  0.19544326E+001
  0.19544318E+001
  0.19544310E+001
  0.19544302E+001
  0.19544294E+001
  0.19544287E+001
  0.19544279E+001
  0.19544271E+001
  0.19544262E+001
