 -0.44471503E+000
 -0.44443397E+000
 -0.44448683E+000
 -0.44463147E+000
 -0.44479704E+000
 -0.44495254E+000
 -0.44509035E+000
 -0.44520808E+000
 -0.44530765E+000
 -0.44539314E+000
 -0.44546591E+000
 -0.44552820E+000
 -0.44558189E+000
 -0.44562789E+000
 -0.44566753E+000
 -0.44570193E+000
 -0.44573181E+000
 -0.44575775E+000
 -0.44578060E+000
 -0.44580061E+000
 -0.44581834E+000
 -0.44583402E+000
 -0.44584799E+000
 -0.44586051E+000
 -0.44587174E+000
 -0.44588190E+000
 -0.44589112E+000
 -0.44589954E+000
 -0.44590725E+000
 -0.44591436E+000
 -0.44592094E+000
 -0.44592704E+000
 -0.44593274E+000
 -0.44593806E+000
 -0.44594306E+000
 -0.44594776E+000
 -0.44595218E+000
 -0.44595636E+000
 -0.44596030E+000
 -0.44596403E+000
 -0.44596754E+000
 -0.44597085E+000
 -0.44597396E+000
 -0.44597688E+000
 -0.44597962E+000
 -0.44598217E+000
 -0.44598455E+000
 -0.44598675E+000
 -0.44598878E+000
 -0.44599064E+000
 -0.44599234E+000
 -0.44599388E+000
 -0.44599527E+000
 -0.44599651E+000
 -0.44599761E+000
 -0.44599858E+000
 -0.44599943E+000
 -0.44600016E+000
 -0.44600079E+000
 -0.44600132E+000
 -0.44600177E+000
 -0.44600214E+000
 -0.44600244E+000
 -0.44600269E+000
 -0.44600288E+000
 -0.44600304E+000
 -0.44600316E+000
 -0.44600326E+000
 -0.44600334E+000
 -0.44600341E+000
 -0.44600346E+000
 -0.44600350E+000
 -0.44600353E+000
 -0.44600356E+000
 -0.44600357E+000
 -0.44600358E+000
 -0.44600357E+000
 -0.44600355E+000
 -0.44600351E+000
 -0.44600345E+000
 -0.44600336E+000
 -0.44600324E+000
 -0.44600309E+000
 -0.44600291E+000
 -0.44600269E+000
 -0.44600244E+000
 -0.44600216E+000
 -0.44600184E+000
 -0.44600149E+000
 -0.44600110E+000
 -0.44600070E+000
 -0.44600026E+000
 -0.44599981E+000
 -0.44599934E+000
 -0.44599886E+000
 -0.44599837E+000
 -0.44599787E+000
 -0.44599738E+000
 -0.44599688E+000
 -0.44599639E+000
 -0.44599591E+000
 -0.44599544E+000
 -0.44599498E+000
 -0.44599454E+000
 -0.44599411E+000
 -0.44599369E+000
 -0.44599329E+000
 -0.44599290E+000
 -0.44599253E+000
 -0.44599218E+000
 -0.44599183E+000
 -0.44599151E+000
 -0.44599119E+000
 -0.44599089E+000
 -0.44599059E+000
 -0.44599031E+000
 -0.44599003E+000
 -0.44598975E+000
 -0.44598949E+000
 -0.44598922E+000
 -0.44598896E+000
 -0.44598870E+000
 -0.44598844E+000
 -0.44598818E+000
 -0.44598791E+000
 -0.44598764E+000
 -0.44598737E+000
 -0.44598709E+000
 -0.44598680E+000
 -0.44598650E+000
 -0.44598619E+000
 -0.44598587E+000
 -0.44598554E+000
 -0.44598520E+000
 -0.44598485E+000
 -0.44598448E+000
 -0.44598410E+000
 -0.44598371E+000
 -0.44598330E+000
 -0.44598287E+000
 -0.44598243E+000
 -0.44598197E+000
 -0.44598150E+000
 -0.44598100E+000
 -0.44598050E+000
 -0.44597997E+000
 -0.44597943E+000
 -0.44597887E+000
 -0.44597830E+000
 -0.44597771E+000
 -0.44597710E+000
 -0.44597648E+000
 -0.44597584E+000
 -0.44597519E+000
 -0.44597452E+000
 -0.44597383E+000
 -0.44597314E+000
 -0.44597243E+000
 -0.44597170E+000
 -0.44597097E+000
 -0.44597022E+000
 -0.44596946E+000
 -0.44596869E+000
 -0.44596791E+000
 -0.44596712E+000
 -0.44596633E+000
 -0.44596552E+000
 -0.44596471E+000
 -0.44596390E+000
 -0.44596308E+000
 -0.44596225E+000
 -0.44596142E+000
 -0.44596059E+000
 -0.44595976E+000
 -0.44595893E+000
 -0.44595810E+000
 -0.44595726E+000
 -0.44595643E+000
 -0.44595560E+000
 -0.44595478E+000
 -0.44595396E+000
 -0.44595314E+000
 -0.44595233E+000
 -0.44595152E+000
 -0.44595072E+000
 -0.44594993E+000
 -0.44594914E+000
 -0.44594837E+000
 -0.44594760E+000
 -0.44594684E+000
 -0.44594609E+000
 -0.44594536E+000
 -0.44594463E+000
 -0.44594391E+000
 -0.44594321E+000
 -0.44594252E+000
 -0.44594184E+000
 -0.44594117E+000
 -0.44594051E+000
 -0.44593986E+000
