  0.11704105E+001
  0.11650705E+001
  0.11609168E+001
  0.11576542E+001
  0.11550859E+001
  0.11529995E+001
  0.11513092E+001
  0.11499219E+001
  0.11487627E+001
  0.11478160E+001
  0.11470313E+001
  0.11463795E+001
  0.11458425E+001
  0.11453960E+001
  0.11450235E+001
  0.11447165E+001
  0.11444633E+001
  0.11442522E+001
  0.11440806E+001
  0.11439393E+001
  0.11438255E+001
  0.11437336E+001
  0.11436603E+001
  0.11436031E+001
  0.11435588E+001
  0.11435256E+001
  0.11435015E+001
  0.11434851E+001
  0.11434749E+001
  0.11434700E+001
  0.11434694E+001
  0.11434723E+001
  0.11434780E+001
  0.11434860E+001
  0.11434959E+001
  0.11435072E+001
  0.11435197E+001
  0.11435330E+001
  0.11435471E+001
  0.11435617E+001
  0.11435768E+001
  0.11435921E+001
  0.11436077E+001
  0.11436234E+001
  0.11436393E+001
  0.11436552E+001
  0.11436712E+001
  0.11436871E+001
  0.11437031E+001
  0.11437190E+001
  0.11437349E+001
  0.11437506E+001
  0.11437663E+001
  0.11437819E+001
  0.11437973E+001
  0.11438125E+001
  0.11438276E+001
  0.11438424E+001
  0.11438571E+001
  0.11438715E+001
  0.11438856E+001
  0.11438996E+001
  0.11439132E+001
  0.11439265E+001
  0.11439396E+001
  0.11439524E+001
  0.11439648E+001
  0.11439769E+001
  0.11439887E+001
  0.11440002E+001
  0.11440114E+001
  0.11440222E+001
  0.11440326E+001
  0.11440427E+001
  0.11440524E+001
  0.11440617E+001
  0.11440707E+001
  0.11440793E+001
  0.11440875E+001
  0.11440953E+001
  0.11441027E+001
  0.11441097E+001
  0.11441164E+001
  0.11441227E+001
  0.11441286E+001
  0.11441341E+001
  0.11441393E+001
  0.11441442E+001
  0.11441488E+001
  0.11441530E+001
  0.11441570E+001
  0.11441607E+001
  0.11441641E+001
  0.11441673E+001
  0.11441703E+001
  0.11441730E+001
  0.11441755E+001
  0.11441779E+001
  0.11441801E+001
  0.11441821E+001
  0.11441840E+001
  0.11441857E+001
  0.11441872E+001
  0.11441887E+001
  0.11441900E+001
  0.11441913E+001
  0.11441924E+001
  0.11441934E+001
  0.11441944E+001
  0.11441953E+001
  0.11441961E+001
  0.11441968E+001
  0.11441974E+001
  0.11441980E+001
  0.11441986E+001
  0.11441991E+001
  0.11441995E+001
  0.11441999E+001
  0.11442003E+001
  0.11442006E+001
  0.11442009E+001
  0.11442011E+001
  0.11442014E+001
  0.11442016E+001
  0.11442018E+001
  0.11442019E+001
  0.11442021E+001
  0.11442022E+001
  0.11442023E+001
  0.11442024E+001
  0.11442025E+001
  0.11442026E+001
  0.11442027E+001
  0.11442027E+001
  0.11442028E+001
  0.11442029E+001
  0.11442029E+001
  0.11442029E+001
  0.11442030E+001
  0.11442030E+001
  0.11442031E+001
  0.11442031E+001
  0.11442031E+001
  0.11442031E+001
  0.11442032E+001
  0.11442032E+001
  0.11442032E+001
  0.11442033E+001
  0.11442033E+001
  0.11442033E+001
  0.11442033E+001
  0.11442034E+001
  0.11442034E+001
  0.11442034E+001
  0.11442035E+001
  0.11442035E+001
  0.11442036E+001
  0.11442036E+001
  0.11442036E+001
  0.11442037E+001
  0.11442037E+001
  0.11442038E+001
  0.11442038E+001
  0.11442039E+001
  0.11442039E+001
  0.11442040E+001
  0.11442040E+001
  0.11442041E+001
  0.11442042E+001
  0.11442042E+001
  0.11442043E+001
  0.11442043E+001
  0.11442044E+001
  0.11442044E+001
  0.11442045E+001
  0.11442046E+001
  0.11442046E+001
  0.11442047E+001
  0.11442047E+001
  0.11442048E+001
  0.11442049E+001
  0.11442049E+001
  0.11442050E+001
  0.11442050E+001
  0.11442051E+001
  0.11442051E+001
  0.11442052E+001
  0.11442052E+001
  0.11442053E+001
  0.11442053E+001
  0.11442054E+001
  0.11442054E+001
  0.11442055E+001
  0.11442055E+001
  0.11442056E+001
  0.11442056E+001
  0.11442057E+001
  0.11442057E+001
  0.11442057E+001
  0.11442057E+001
