  0.18025975E+001
  0.17973151E+001
  0.17932074E+001
  0.17899811E+001
  0.17874416E+001
  0.17853781E+001
  0.17837058E+001
  0.17823327E+001
  0.17811844E+001
  0.17802460E+001
  0.17794676E+001
  0.17788202E+001
  0.17782861E+001
  0.17778415E+001
  0.17774698E+001
  0.17771628E+001
  0.17769090E+001
  0.17766968E+001
  0.17765235E+001
  0.17763802E+001
  0.17762641E+001
  0.17761697E+001
  0.17760935E+001
  0.17760334E+001
  0.17759860E+001
  0.17759496E+001
  0.17759222E+001
  0.17759024E+001
  0.17758888E+001
  0.17758804E+001
  0.17758763E+001
  0.17758757E+001
  0.17758779E+001
  0.17758824E+001
  0.17758887E+001
  0.17758965E+001
  0.17759054E+001
  0.17759153E+001
  0.17759259E+001
  0.17759370E+001
  0.17759486E+001
  0.17759605E+001
  0.17759727E+001
  0.17759851E+001
  0.17759976E+001
  0.17760102E+001
  0.17760229E+001
  0.17760357E+001
  0.17760485E+001
  0.17760614E+001
  0.17760742E+001
  0.17760870E+001
  0.17760998E+001
  0.17761125E+001
  0.17761251E+001
  0.17761377E+001
  0.17761502E+001
  0.17761625E+001
  0.17761748E+001
  0.17761869E+001
  0.17761988E+001
  0.17762106E+001
  0.17762222E+001
  0.17762336E+001
  0.17762448E+001
  0.17762558E+001
  0.17762666E+001
  0.17762771E+001
  0.17762875E+001
  0.17762976E+001
  0.17763074E+001
  0.17763170E+001
  0.17763263E+001
  0.17763354E+001
  0.17763441E+001
  0.17763526E+001
  0.17763607E+001
  0.17763686E+001
  0.17763761E+001
  0.17763832E+001
  0.17763901E+001
  0.17763965E+001
  0.17764027E+001
  0.17764085E+001
  0.17764140E+001
  0.17764191E+001
  0.17764240E+001
  0.17764285E+001
  0.17764327E+001
  0.17764366E+001
  0.17764403E+001
  0.17764437E+001
  0.17764468E+001
  0.17764498E+001
  0.17764524E+001
  0.17764549E+001
  0.17764572E+001
  0.17764593E+001
  0.17764612E+001
  0.17764630E+001
  0.17764646E+001
  0.17764660E+001
  0.17764673E+001
  0.17764685E+001
  0.17764696E+001
  0.17764706E+001
  0.17764714E+001
  0.17764722E+001
  0.17764728E+001
  0.17764734E+001
  0.17764739E+001
  0.17764743E+001
  0.17764747E+001
  0.17764750E+001
  0.17764752E+001
  0.17764753E+001
  0.17764754E+001
  0.17764755E+001
  0.17764755E+001
  0.17764754E+001
  0.17764753E+001
  0.17764752E+001
  0.17764750E+001
  0.17764748E+001
  0.17764745E+001
  0.17764742E+001
  0.17764739E+001
  0.17764735E+001
  0.17764731E+001
  0.17764727E+001
  0.17764722E+001
  0.17764717E+001
  0.17764712E+001
  0.17764707E+001
  0.17764701E+001
  0.17764695E+001
  0.17764689E+001
  0.17764682E+001
  0.17764675E+001
  0.17764669E+001
  0.17764661E+001
  0.17764654E+001
  0.17764646E+001
  0.17764639E+001
  0.17764631E+001
  0.17764623E+001
  0.17764614E+001
  0.17764606E+001
  0.17764597E+001
  0.17764588E+001
  0.17764579E+001
  0.17764570E+001
  0.17764561E+001
  0.17764552E+001
  0.17764542E+001
  0.17764533E+001
  0.17764523E+001
  0.17764513E+001
  0.17764503E+001
  0.17764493E+001
  0.17764483E+001
  0.17764473E+001
  0.17764463E+001
  0.17764453E+001
  0.17764443E+001
  0.17764433E+001
  0.17764423E+001
  0.17764413E+001
  0.17764403E+001
  0.17764392E+001
  0.17764382E+001
  0.17764372E+001
  0.17764362E+001
  0.17764352E+001
  0.17764342E+001
  0.17764332E+001
  0.17764323E+001
  0.17764313E+001
  0.17764303E+001
  0.17764294E+001
  0.17764284E+001
  0.17764275E+001
  0.17764266E+001
  0.17764257E+001
  0.17764247E+001
  0.17764239E+001
  0.17764230E+001
  0.17764221E+001
  0.17764213E+001
  0.17764204E+001
  0.17764196E+001
  0.17764188E+001
  0.17764180E+001
  0.17764172E+001
  0.17764165E+001
  0.17764157E+001
  0.17764150E+001
  0.17764142E+001
  0.17764135E+001
  0.17764128E+001
