  0.31825102E+002
  0.31829492E+002
  0.31832941E+002
  0.31835645E+002
  0.31837771E+002
  0.31839446E+002
  0.31840759E+002
  0.31841780E+002
  0.31842563E+002
  0.31843149E+002
  0.31843575E+002
  0.31843869E+002
  0.31844055E+002
  0.31844151E+002
  0.31844174E+002
  0.31844136E+002
  0.31844047E+002
  0.31843917E+002
  0.31843751E+002
  0.31843556E+002
  0.31843338E+002
  0.31843099E+002
  0.31842844E+002
  0.31842575E+002
  0.31842296E+002
  0.31842007E+002
  0.31841711E+002
  0.31841408E+002
  0.31841101E+002
  0.31840790E+002
  0.31840477E+002
  0.31840161E+002
  0.31839843E+002
  0.31839525E+002
  0.31839207E+002
  0.31838888E+002
  0.31838570E+002
  0.31838253E+002
  0.31837937E+002
  0.31837623E+002
  0.31837311E+002
  0.31837001E+002
  0.31836694E+002
  0.31836390E+002
  0.31836089E+002
  0.31835792E+002
  0.31835500E+002
  0.31835212E+002
  0.31834929E+002
  0.31834651E+002
  0.31834379E+002
  0.31834113E+002
  0.31833854E+002
  0.31833601E+002
  0.31833356E+002
  0.31833118E+002
  0.31832887E+002
  0.31832665E+002
  0.31832451E+002
  0.31832245E+002
  0.31832048E+002
  0.31831860E+002
  0.31831680E+002
  0.31831509E+002
  0.31831348E+002
  0.31831195E+002
  0.31831051E+002
  0.31830917E+002
  0.31830791E+002
  0.31830673E+002
  0.31830564E+002
  0.31830464E+002
  0.31830371E+002
  0.31830287E+002
  0.31830210E+002
  0.31830140E+002
  0.31830077E+002
  0.31830020E+002
  0.31829969E+002
  0.31829925E+002
  0.31829885E+002
  0.31829850E+002
  0.31829820E+002
  0.31829794E+002
  0.31829771E+002
  0.31829751E+002
  0.31829734E+002
  0.31829720E+002
  0.31829707E+002
  0.31829696E+002
  0.31829687E+002
  0.31829678E+002
  0.31829671E+002
  0.31829664E+002
  0.31829657E+002
  0.31829651E+002
  0.31829645E+002
  0.31829639E+002
  0.31829633E+002
  0.31829627E+002
  0.31829620E+002
  0.31829613E+002
  0.31829606E+002
  0.31829598E+002
  0.31829590E+002
  0.31829581E+002
  0.31829572E+002
  0.31829562E+002
  0.31829552E+002
  0.31829541E+002
  0.31829530E+002
  0.31829518E+002
  0.31829506E+002
  0.31829493E+002
  0.31829479E+002
  0.31829464E+002
  0.31829449E+002
  0.31829434E+002
  0.31829417E+002
  0.31829400E+002
  0.31829382E+002
  0.31829363E+002
  0.31829344E+002
  0.31829323E+002
  0.31829302E+002
  0.31829280E+002
  0.31829257E+002
  0.31829233E+002
  0.31829208E+002
  0.31829183E+002
  0.31829156E+002
  0.31829128E+002
  0.31829100E+002
  0.31829070E+002
  0.31829039E+002
  0.31829008E+002
  0.31828975E+002
  0.31828942E+002
  0.31828907E+002
  0.31828872E+002
  0.31828835E+002
  0.31828798E+002
  0.31828759E+002
  0.31828720E+002
  0.31828680E+002
  0.31828638E+002
  0.31828596E+002
  0.31828553E+002
  0.31828510E+002
  0.31828465E+002
  0.31828420E+002
  0.31828373E+002
  0.31828327E+002
  0.31828279E+002
  0.31828231E+002
  0.31828182E+002
  0.31828133E+002
  0.31828083E+002
  0.31828033E+002
  0.31827982E+002
  0.31827931E+002
  0.31827880E+002
  0.31827828E+002
  0.31827776E+002
  0.31827724E+002
  0.31827671E+002
  0.31827619E+002
  0.31827566E+002
  0.31827514E+002
  0.31827461E+002
  0.31827409E+002
  0.31827357E+002
  0.31827305E+002
  0.31827253E+002
  0.31827201E+002
  0.31827150E+002
  0.31827099E+002
  0.31827048E+002
  0.31826998E+002
  0.31826949E+002
  0.31826899E+002
  0.31826851E+002
  0.31826802E+002
  0.31826755E+002
  0.31826708E+002
  0.31826662E+002
  0.31826616E+002
  0.31826571E+002
  0.31826527E+002
  0.31826483E+002
  0.31826440E+002
  0.31826398E+002
  0.31826357E+002
  0.31826316E+002
  0.31826277E+002
  0.31826238E+002
  0.31826200E+002
  0.31826162E+002
  0.31826126E+002
  0.31826090E+002
