  0.53182286E-005
  0.38338766E-005
  0.36760569E-005
  0.37905733E-005
  0.40152162E-005
  0.42386476E-005
  0.44221601E-005
  0.45595039E-005
  0.46651513E-005
  0.47635188E-005
  0.48477741E-005
  0.49197770E-005
  0.49737562E-005
  0.50190670E-005
  0.50590542E-005
  0.50952292E-005
  0.51276897E-005
  0.51565088E-005
  0.51823816E-005
  0.52050377E-005
  0.52249482E-005
  0.52421056E-005
  0.52568355E-005
  0.52694329E-005
  0.52799963E-005
  0.52888472E-005
  0.52961643E-005
  0.53021661E-005
  0.53070327E-005
  0.53109343E-005
  0.53140188E-005
  0.53164307E-005
  0.53182771E-005
  0.53196633E-005
  0.53206814E-005
  0.53214058E-005
  0.53219015E-005
  0.53222285E-005
  0.53224174E-005
  0.53225177E-005
  0.53225436E-005
  0.53225340E-005
  0.53224976E-005
  0.53224559E-005
  0.53224087E-005
  0.53223730E-005
  0.53223414E-005
  0.53223327E-005
  0.53223346E-005
  0.53223536E-005
  0.53223855E-005
  0.53224299E-005
  0.53224917E-005
  0.53225679E-005
  0.53226509E-005
  0.53227408E-005
  0.53228324E-005
  0.53229281E-005
  0.53230243E-005
  0.53231180E-005
  0.53232108E-005
  0.53232970E-005
  0.53233759E-005
  0.53234481E-005
  0.53235128E-005
  0.53235645E-005
  0.53236078E-005
  0.53236342E-005
  0.53236521E-005
  0.53236528E-005
  0.53236403E-005
  0.53236114E-005
  0.53235679E-005
  0.53235073E-005
  0.53234337E-005
  0.53233422E-005
  0.53232387E-005
  0.53231201E-005
  0.53229904E-005
  0.53228477E-005
  0.53226959E-005
  0.53225361E-005
  0.53223681E-005
  0.53221958E-005
  0.53220185E-005
  0.53218395E-005
  0.53216579E-005
  0.53214783E-005
  0.53212979E-005
  0.53211207E-005
  0.53209469E-005
  0.53207762E-005
  0.53206100E-005
  0.53204493E-005
  0.53202946E-005
  0.53201444E-005
  0.53200015E-005
  0.53198644E-005
  0.53197339E-005
  0.53196098E-005
  0.53194920E-005
  0.53193810E-005
  0.53192759E-005
  0.53191772E-005
  0.53190845E-005
  0.53189982E-005
  0.53189170E-005
  0.53188415E-005
  0.53187715E-005
  0.53187063E-005
  0.53186459E-005
  0.53185904E-005
  0.53185390E-005
  0.53184920E-005
  0.53184486E-005
  0.53184090E-005
  0.53183729E-005
  0.53183399E-005
  0.53183099E-005
  0.53182828E-005
  0.53182582E-005
  0.53182361E-005
  0.53182162E-005
  0.53181984E-005
  0.53181826E-005
  0.53181685E-005
  0.53181562E-005
  0.53181451E-005
  0.53181357E-005
  0.53181275E-005
  0.53181205E-005
  0.53181145E-005
  0.53181096E-005
  0.53181056E-005
  0.53181025E-005
  0.53181001E-005
  0.53180984E-005
  0.53180974E-005
  0.53180970E-005
  0.53180970E-005
  0.53180977E-005
  0.53180988E-005
  0.53181002E-005
  0.53181021E-005
  0.53181043E-005
  0.53181067E-005
  0.53181094E-005
  0.53181124E-005
  0.53181155E-005
  0.53181189E-005
  0.53181223E-005
  0.53181259E-005
  0.53181296E-005
  0.53181334E-005
  0.53181372E-005
  0.53181410E-005
  0.53181449E-005
  0.53181488E-005
  0.53181526E-005
  0.53181564E-005
  0.53181602E-005
  0.53181639E-005
  0.53181676E-005
  0.53181712E-005
  0.53181747E-005
  0.53181781E-005
  0.53181814E-005
  0.53181846E-005
  0.53181877E-005
  0.53181906E-005
  0.53181935E-005
  0.53181962E-005
  0.53181988E-005
  0.53182013E-005
  0.53182037E-005
  0.53182059E-005
  0.53182080E-005
  0.53182100E-005
  0.53182118E-005
  0.53182136E-005
  0.53182152E-005
  0.53182167E-005
  0.53182181E-005
  0.53182194E-005
  0.53182206E-005
  0.53182216E-005
  0.53182226E-005
  0.53182235E-005
  0.53182243E-005
  0.53182251E-005
  0.53182257E-005
  0.53182263E-005
  0.53182268E-005
  0.53182272E-005
  0.53182276E-005
  0.53182279E-005
  0.53182282E-005
  0.53182286E-005
  0.53182273E-005
  0.53182246E-005
