  0.14115454E+000
  0.13842564E+000
  0.13674165E+000
  0.13577750E+000
  0.13521615E+000
  0.13490392E+000
  0.13476515E+000
  0.13476850E+000
  0.13488068E+000
  0.13509256E+000
  0.13537544E+000
  0.13569107E+000
  0.13601358E+000
  0.13633287E+000
  0.13664102E+000
  0.13693471E+000
  0.13721345E+000
  0.13747787E+000
  0.13772799E+000
  0.13796305E+000
  0.13818381E+000
  0.13839053E+000
  0.13858406E+000
  0.13876558E+000
  0.13893588E+000
  0.13909546E+000
  0.13924477E+000
  0.13938437E+000
  0.13951481E+000
  0.13963747E+000
  0.13975658E+000
  0.13986983E+000
  0.13997615E+000
  0.14007524E+000
  0.14016721E+000
  0.14025237E+000
  0.14033113E+000
  0.14040393E+000
  0.14047118E+000
  0.14053333E+000
  0.14059072E+000
  0.14064378E+000
  0.14069280E+000
  0.14073812E+000
  0.14078000E+000
  0.14081871E+000
  0.14085445E+000
  0.14088750E+000
  0.14091799E+000
  0.14094614E+000
  0.14097209E+000
  0.14099600E+000
  0.14101802E+000
  0.14103827E+000
  0.14105685E+000
  0.14107386E+000
  0.14108939E+000
  0.14110354E+000
  0.14111640E+000
  0.14112803E+000
  0.14113854E+000
  0.14114797E+000
  0.14115640E+000
  0.14116390E+000
  0.14117054E+000
  0.14117637E+000
  0.14118144E+000
  0.14118581E+000
  0.14118953E+000
  0.14119264E+000
  0.14119519E+000
  0.14119722E+000
  0.14119876E+000
  0.14119985E+000
  0.14120053E+000
  0.14120083E+000
  0.14120079E+000
  0.14120043E+000
  0.14119979E+000
  0.14119890E+000
  0.14119780E+000
  0.14119651E+000
  0.14119505E+000
  0.14119348E+000
  0.14119179E+000
  0.14119003E+000
  0.14118821E+000
  0.14118636E+000
  0.14118448E+000
  0.14118261E+000
  0.14118076E+000
  0.14117894E+000
  0.14117715E+000
  0.14117542E+000
  0.14117374E+000
  0.14117213E+000
  0.14117058E+000
  0.14116911E+000
  0.14116770E+000
  0.14116638E+000
  0.14116512E+000
  0.14116395E+000
  0.14116284E+000
  0.14116181E+000
  0.14116085E+000
  0.14115995E+000
  0.14115912E+000
  0.14115836E+000
  0.14115765E+000
  0.14115700E+000
  0.14115641E+000
  0.14115586E+000
  0.14115537E+000
  0.14115492E+000
  0.14115451E+000
  0.14115414E+000
  0.14115381E+000
  0.14115351E+000
  0.14115324E+000
  0.14115301E+000
  0.14115280E+000
  0.14115262E+000
  0.14115246E+000
  0.14115232E+000
  0.14115220E+000
  0.14115210E+000
  0.14115202E+000
  0.14115195E+000
  0.14115190E+000
  0.14115186E+000
  0.14115184E+000
  0.14115182E+000
  0.14115181E+000
  0.14115182E+000
  0.14115183E+000
  0.14115185E+000
  0.14115188E+000
  0.14115191E+000
  0.14115195E+000
  0.14115199E+000
  0.14115204E+000
  0.14115210E+000
  0.14115215E+000
  0.14115221E+000
  0.14115227E+000
  0.14115234E+000
  0.14115240E+000
  0.14115247E+000
  0.14115254E+000
  0.14115261E+000
  0.14115268E+000
  0.14115275E+000
  0.14115281E+000
  0.14115288E+000
  0.14115295E+000
  0.14115302E+000
  0.14115309E+000
  0.14115315E+000
  0.14115322E+000
  0.14115328E+000
  0.14115334E+000
  0.14115340E+000
  0.14115346E+000
  0.14115352E+000
  0.14115357E+000
  0.14115363E+000
  0.14115368E+000
  0.14115373E+000
  0.14115378E+000
  0.14115382E+000
  0.14115387E+000
  0.14115391E+000
  0.14115395E+000
  0.14115399E+000
  0.14115402E+000
  0.14115406E+000
  0.14115409E+000
  0.14115412E+000
  0.14115415E+000
  0.14115418E+000
  0.14115420E+000
  0.14115423E+000
  0.14115425E+000
  0.14115427E+000
  0.14115429E+000
  0.14115431E+000
  0.14115433E+000
  0.14115435E+000
  0.14115436E+000
  0.14115437E+000
  0.14115439E+000
  0.14115440E+000
  0.14115441E+000
  0.14115442E+000
  0.14115443E+000
  0.14115444E+000
  0.14115445E+000
  0.14115445E+000
  0.14115446E+000
  0.14115446E+000
