  0.46626308E-001
  0.33612604E-001
  0.32228957E-001
  0.33232953E-001
  0.35202456E-001
  0.37161338E-001
  0.38770240E-001
  0.39974369E-001
  0.40900608E-001
  0.41763022E-001
  0.42501710E-001
  0.43132978E-001
  0.43606228E-001
  0.44003480E-001
  0.44354058E-001
  0.44671214E-001
  0.44955804E-001
  0.45208468E-001
  0.45435302E-001
  0.45633934E-001
  0.45808495E-001
  0.45958918E-001
  0.46088059E-001
  0.46198504E-001
  0.46291116E-001
  0.46368713E-001
  0.46432864E-001
  0.46485484E-001
  0.46528151E-001
  0.46562358E-001
  0.46589400E-001
  0.46610546E-001
  0.46626733E-001
  0.46638886E-001
  0.46647813E-001
  0.46654163E-001
  0.46658510E-001
  0.46661376E-001
  0.46663033E-001
  0.46663912E-001
  0.46664139E-001
  0.46664055E-001
  0.46663736E-001
  0.46663370E-001
  0.46662956E-001
  0.46662644E-001
  0.46662367E-001
  0.46662290E-001
  0.46662307E-001
  0.46662473E-001
  0.46662753E-001
  0.46663143E-001
  0.46663684E-001
  0.46664352E-001
  0.46665080E-001
  0.46665868E-001
  0.46666671E-001
  0.46667510E-001
  0.46668354E-001
  0.46669175E-001
  0.46669989E-001
  0.46670745E-001
  0.46671436E-001
  0.46672069E-001
  0.46672637E-001
  0.46673090E-001
  0.46673469E-001
  0.46673701E-001
  0.46673858E-001
  0.46673864E-001
  0.46673754E-001
  0.46673501E-001
  0.46673120E-001
  0.46672588E-001
  0.46671942E-001
  0.46671141E-001
  0.46670233E-001
  0.46669193E-001
  0.46668057E-001
  0.46666805E-001
  0.46665474E-001
  0.46664074E-001
  0.46662601E-001
  0.46661090E-001
  0.46659536E-001
  0.46657966E-001
  0.46656374E-001
  0.46654799E-001
  0.46653217E-001
  0.46651664E-001
  0.46650140E-001
  0.46648644E-001
  0.46647187E-001
  0.46645778E-001
  0.46644421E-001
  0.46643105E-001
  0.46641852E-001
  0.46640650E-001
  0.46639506E-001
  0.46638417E-001
  0.46637385E-001
  0.46636411E-001
  0.46635490E-001
  0.46634625E-001
  0.46633813E-001
  0.46633055E-001
  0.46632343E-001
  0.46631682E-001
  0.46631068E-001
  0.46630496E-001
  0.46629967E-001
  0.46629480E-001
  0.46629030E-001
  0.46628617E-001
  0.46628237E-001
  0.46627890E-001
  0.46627573E-001
  0.46627284E-001
  0.46627021E-001
  0.46626784E-001
  0.46626568E-001
  0.46626374E-001
  0.46626200E-001
  0.46626044E-001
  0.46625905E-001
  0.46625782E-001
  0.46625674E-001
  0.46625577E-001
  0.46625494E-001
  0.46625422E-001
  0.46625361E-001
  0.46625308E-001
  0.46625265E-001
  0.46625230E-001
  0.46625203E-001
  0.46625181E-001
  0.46625166E-001
  0.46625158E-001
  0.46625154E-001
  0.46625155E-001
  0.46625161E-001
  0.46625170E-001
  0.46625183E-001
  0.46625199E-001
  0.46625218E-001
  0.46625240E-001
  0.46625263E-001
  0.46625290E-001
  0.46625317E-001
  0.46625346E-001
  0.46625377E-001
  0.46625408E-001
  0.46625440E-001
  0.46625474E-001
  0.46625507E-001
  0.46625541E-001
  0.46625575E-001
  0.46625608E-001
  0.46625642E-001
  0.46625676E-001
  0.46625709E-001
  0.46625742E-001
  0.46625774E-001
  0.46625805E-001
  0.46625836E-001
  0.46625865E-001
  0.46625894E-001
  0.46625923E-001
  0.46625949E-001
  0.46625976E-001
  0.46626001E-001
  0.46626024E-001
  0.46626047E-001
  0.46626069E-001
  0.46626090E-001
  0.46626109E-001
  0.46626127E-001
  0.46626145E-001
  0.46626161E-001
  0.46626177E-001
  0.46626191E-001
  0.46626204E-001
  0.46626216E-001
  0.46626227E-001
  0.46626238E-001
  0.46626247E-001
  0.46626256E-001
  0.46626264E-001
  0.46626271E-001
  0.46626277E-001
  0.46626283E-001
  0.46626288E-001
  0.46626292E-001
  0.46626296E-001
  0.46626299E-001
  0.46626302E-001
  0.46626305E-001
  0.46626308E-001
  0.46626297E-001
  0.46626273E-001
