  0.21475755E+000
  0.11865873E+000
  0.96854939E-001
  0.97080831E-001
  0.10624288E+000
  0.11892788E+000
  0.13210464E+000
  0.14447588E+000
  0.15562373E+000
  0.16517418E+000
  0.17301435E+000
  0.17958683E+000
  0.18509818E+000
  0.18961579E+000
  0.19333334E+000
  0.19638704E+000
  0.19888082E+000
  0.20092704E+000
  0.20265240E+000
  0.20412177E+000
  0.20540710E+000
  0.20654226E+000
  0.20756208E+000
  0.20848864E+000
  0.20933128E+000
  0.21010450E+000
  0.21081338E+000
  0.21146286E+000
  0.21205571E+000
  0.21258360E+000
  0.21299865E+000
  0.21332470E+000
  0.21358035E+000
  0.21378069E+000
  0.21393775E+000
  0.21406105E+000
  0.21415823E+000
  0.21423541E+000
  0.21429709E+000
  0.21434723E+000
  0.21438842E+000
  0.21442313E+000
  0.21445283E+000
  0.21447888E+000
  0.21450202E+000
  0.21452308E+000
  0.21454232E+000
  0.21456030E+000
  0.21457703E+000
  0.21459276E+000
  0.21460753E+000
  0.21462141E+000
  0.21463453E+000
  0.21464688E+000
  0.21465842E+000
  0.21466922E+000
  0.21467926E+000
  0.21468861E+000
  0.21469728E+000
  0.21470527E+000
  0.21471266E+000
  0.21471942E+000
  0.21472559E+000
  0.21473122E+000
  0.21473634E+000
  0.21474093E+000
  0.21474508E+000
  0.21474873E+000
  0.21475202E+000
  0.21475485E+000
  0.21475733E+000
  0.21475942E+000
  0.21476118E+000
  0.21476260E+000
  0.21476375E+000
  0.21476458E+000
  0.21476519E+000
  0.21476553E+000
  0.21476568E+000
  0.21476563E+000
  0.21476541E+000
  0.21476506E+000
  0.21476458E+000
  0.21476401E+000
  0.21476335E+000
  0.21476265E+000
  0.21476190E+000
  0.21476115E+000
  0.21476037E+000
  0.21475960E+000
  0.21475886E+000
  0.21475813E+000
  0.21475743E+000
  0.21475678E+000
  0.21475617E+000
  0.21475559E+000
  0.21475508E+000
  0.21475460E+000
  0.21475418E+000
  0.21475380E+000
  0.21475346E+000
  0.21475318E+000
  0.21475293E+000
  0.21475272E+000
  0.21475255E+000
  0.21475242E+000
  0.21475232E+000
  0.21475226E+000
  0.21475222E+000
  0.21475221E+000
  0.21475222E+000
  0.21475226E+000
  0.21475231E+000
  0.21475239E+000
  0.21475247E+000
  0.21475257E+000
  0.21475268E+000
  0.21475280E+000
  0.21475292E+000
  0.21475306E+000
  0.21475319E+000
  0.21475333E+000
  0.21475347E+000
  0.21475360E+000
  0.21475374E+000
  0.21475388E+000
  0.21475401E+000
  0.21475414E+000
  0.21475426E+000
  0.21475438E+000
  0.21475450E+000
  0.21475461E+000
  0.21475472E+000
  0.21475482E+000
  0.21475492E+000
  0.21475501E+000
  0.21475510E+000
  0.21475518E+000
  0.21475526E+000
  0.21475534E+000
  0.21475541E+000
  0.21475548E+000
  0.21475554E+000
  0.21475561E+000
  0.21475567E+000
  0.21475573E+000
  0.21475578E+000
  0.21475584E+000
  0.21475589E+000
  0.21475594E+000
  0.21475599E+000
  0.21475604E+000
  0.21475609E+000
  0.21475614E+000
  0.21475619E+000
  0.21475623E+000
  0.21475628E+000
  0.21475633E+000
  0.21475637E+000
  0.21475641E+000
  0.21475646E+000
  0.21475650E+000
  0.21475654E+000
  0.21475658E+000
  0.21475662E+000
  0.21475666E+000
  0.21475670E+000
  0.21475674E+000
  0.21475678E+000
  0.21475681E+000
  0.21475685E+000
  0.21475688E+000
  0.21475692E+000
  0.21475695E+000
  0.21475698E+000
  0.21475701E+000
  0.21475704E+000
  0.21475707E+000
  0.21475710E+000
  0.21475712E+000
  0.21475715E+000
  0.21475717E+000
  0.21475719E+000
  0.21475722E+000
  0.21475724E+000
  0.21475726E+000
  0.21475728E+000
  0.21475729E+000
  0.21475731E+000
  0.21475733E+000
  0.21475734E+000
  0.21475735E+000
  0.21475737E+000
  0.21475738E+000
  0.21475739E+000
  0.21475740E+000
  0.21475741E+000
  0.21475742E+000
  0.21475741E+000
  0.21475739E+000
