  0.35568895E+000
  0.35575163E+000
  0.35593529E+000
  0.35611994E+000
  0.35627885E+000
  0.35641679E+000
  0.35653382E+000
  0.35663211E+000
  0.35671696E+000
  0.35678785E+000
  0.35684961E+000
  0.35690213E+000
  0.35694727E+000
  0.35698597E+000
  0.35701987E+000
  0.35704959E+000
  0.35707466E+000
  0.35709673E+000
  0.35711636E+000
  0.35713288E+000
  0.35714746E+000
  0.35716012E+000
  0.35717205E+000
  0.35718147E+000
  0.35719036E+000
  0.35719843E+000
  0.35720531E+000
  0.35721181E+000
  0.35721738E+000
  0.35722253E+000
  0.35722724E+000
  0.35723153E+000
  0.35723543E+000
  0.35723900E+000
  0.35724213E+000
  0.35724511E+000
  0.35724773E+000
  0.35725006E+000
  0.35725215E+000
  0.35725412E+000
  0.35725590E+000
  0.35725754E+000
  0.35725896E+000
  0.35726026E+000
  0.35726143E+000
  0.35726251E+000
  0.35726333E+000
  0.35726406E+000
  0.35726454E+000
  0.35726503E+000
  0.35726538E+000
  0.35726564E+000
  0.35726582E+000
  0.35726595E+000
  0.35726592E+000
  0.35726597E+000
  0.35726577E+000
  0.35726570E+000
  0.35726551E+000
  0.35726518E+000
  0.35726465E+000
  0.35726413E+000
  0.35726362E+000
  0.35726295E+000
  0.35726249E+000
  0.35726184E+000
  0.35726125E+000
  0.35726051E+000
  0.35725982E+000
  0.35725913E+000
  0.35725838E+000
  0.35725752E+000
  0.35725680E+000
  0.35725609E+000
  0.35725546E+000
  0.35725466E+000
  0.35725400E+000
  0.35725329E+000
  0.35725270E+000
  0.35725205E+000
  0.35725119E+000
  0.35725049E+000
  0.35725005E+000
  0.35724956E+000
  0.35724921E+000
  0.35724870E+000
  0.35724882E+000
  0.35724845E+000
  0.35724809E+000
  0.35724776E+000
  0.35724749E+000
  0.35724731E+000
  0.35724713E+000
  0.35724697E+000
  0.35724677E+000
  0.35724656E+000
  0.35724600E+000
  0.35724592E+000
  0.35724584E+000
  0.35724581E+000
  0.35724576E+000
  0.35724577E+000
  0.35724562E+000
  0.35724563E+000
  0.35724565E+000
  0.35724570E+000
  0.35724575E+000
  0.35724581E+000
  0.35724587E+000
  0.35724594E+000
  0.35724606E+000
  0.35724616E+000
  0.35724626E+000
  0.35724634E+000
  0.35724656E+000
  0.35724667E+000
  0.35724678E+000
  0.35724689E+000
  0.35724701E+000
  0.35724712E+000
  0.35724723E+000
  0.35724734E+000
  0.35724745E+000
  0.35724755E+000
  0.35724766E+000
  0.35724776E+000
  0.35724786E+000
  0.35724796E+000
  0.35724805E+000
  0.35724813E+000
  0.35724821E+000
  0.35724829E+000
  0.35724836E+000
  0.35724842E+000
  0.35724847E+000
  0.35724852E+000
  0.35724856E+000
  0.35724860E+000
  0.35724863E+000
  0.35724865E+000
  0.35724866E+000
  0.35724865E+000
  0.35724865E+000
  0.35724863E+000
  0.35724862E+000
  0.35724859E+000
  0.35724856E+000
  0.35724852E+000
  0.35724846E+000
  0.35724839E+000
  0.35724820E+000
  0.35724812E+000
  0.35724802E+000
  0.35724792E+000
  0.35724779E+000
  0.35724767E+000
  0.35724754E+000
  0.35724740E+000
  0.35724725E+000
  0.35724710E+000
  0.35724694E+000
  0.35724677E+000
  0.35724660E+000
  0.35724642E+000
  0.35724623E+000
  0.35724604E+000
  0.35724584E+000
  0.35724563E+000
  0.35724542E+000
  0.35724520E+000
  0.35724498E+000
  0.35724476E+000
  0.35724453E+000
  0.35724430E+000
  0.35724406E+000
  0.35724382E+000
  0.35724358E+000
  0.35724334E+000
  0.35724309E+000
  0.35724285E+000
  0.35724260E+000
  0.35724235E+000
  0.35724210E+000
  0.35724185E+000
  0.35724160E+000
  0.35724135E+000
  0.35724111E+000
  0.35724086E+000
  0.35724062E+000
  0.35724037E+000
  0.35724013E+000
  0.35723990E+000
  0.35723966E+000
  0.35723942E+000
  0.35723919E+000
  0.35723897E+000
  0.35723874E+000
  0.35723852E+000
  0.35723830E+000
  0.35723808E+000
