 -0.93136838E+000 -0.83200798E+000 -0.54954850E+000 -0.18462065E+000 -0.52196989E-002  0.96542082E-003  0.91442160E+000  0.45470511E+001  0.88191833E+001  0.15860427E+002  0.21714189E+002
 -0.93017616E+000 -0.83022810E+000 -0.54645904E+000 -0.18024009E+000 -0.23905013E-002  0.15820776E-002  0.91953763E+000  0.45554014E+001  0.88284106E+001  0.15877866E+002  0.21730175E+002
 -0.92935224E+000 -0.82890790E+000 -0.54395021E+000 -0.17682971E+000 -0.10965580E-002  0.25216412E-002  0.92352443E+000  0.45622437E+001  0.88361229E+001  0.15892432E+002  0.21743470E+002
 -0.92880499E+000 -0.82796162E+000 -0.54200846E+000 -0.17423956E+000 -0.11044483E-002  0.27225660E-002  0.92657113E+000  0.45677889E+001  0.88425142E+001  0.15904477E+002  0.21754450E+002
 -0.92845100E+000 -0.82730235E+000 -0.54052388E+000 -0.17230938E+000 -0.16859347E-002  0.26465144E-002  0.92888915E+000  0.45722483E+001  0.88479144E+001  0.15914442E+002  0.21763505E+002
 -0.92822887E+000 -0.82685665E+000 -0.53940691E+000 -0.17090238E+000 -0.23490014E-002  0.24680428E-002  0.93064682E+000  0.45758051E+001  0.88532923E+001  0.15922662E+002  0.21770983E+002
 -0.92809750E+000 -0.82657326E+000 -0.53858982E+000 -0.16991873E+000 -0.29124210E-002  0.22339384E-002  0.93195926E+000  0.45786077E+001  0.88577220E+001  0.15929373E+002  0.21777168E+002
 -0.92802928E+000 -0.82641039E+000 -0.53801489E+000 -0.16927336E+000 -0.33565221E-002  0.19709774E-002  0.93291918E+000  0.45807787E+001  0.88613472E+001  0.15934829E+002  0.21782283E+002
 -0.92800510E+000 -0.82633750E+000 -0.53763664E+000 -0.16890002E+000 -0.37049287E-002  0.16918392E-002  0.93359467E+000  0.45824218E+001  0.88642845E+001  0.15939236E+002  0.21786505E+002
 -0.92801320E+000 -0.82633247E+000 -0.53742010E+000 -0.16874736E+000 -0.39777249E-002  0.14017669E-002  0.93403611E+000  0.45836232E+001  0.88666205E+001  0.15942754E+002  0.21789964E+002
 -0.92804371E+000 -0.82637674E+000 -0.53733383E+000 -0.16876829E+000 -0.41871641E-002  0.11363016E-002  0.93428907E+000  0.45844619E+001  0.88684405E+001  0.15945527E+002  0.21792785E+002
 -0.92809032E+000 -0.82645749E+000 -0.53735230E+000 -0.16892735E+000 -0.43537054E-002  0.11205805E-002  0.93438805E+000  0.45850028E+001  0.88698135E+001  0.15947671E+002  0.21795065E+002
 -0.92814880E+000 -0.82656481E+000 -0.53745467E+000 -0.16919591E+000 -0.44864418E-002  0.11054265E-002  0.93436075E+000  0.45852984E+001  0.88707987E+001  0.15949290E+002  0.21796883E+002
 -0.92821574E+000 -0.82669056E+000 -0.53762271E+000 -0.16954912E+000 -0.45924492E-002  0.10912239E-002  0.93423103E+000  0.45853935E+001  0.88714494E+001  0.15950461E+002  0.21798310E+002
 -0.92828892E+000 -0.82682899E+000 -0.53784225E+000 -0.16996777E+000 -0.46785288E-002  0.10782259E-002  0.93401743E+000  0.45853229E+001  0.88718125E+001  0.15951245E+002  0.21799399E+002
 -0.92836689E+000 -0.82697588E+000 -0.53810247E+000 -0.17043651E+000 -0.47490761E-002  0.10664806E-002  0.93373500E+000  0.45851148E+001  0.88719283E+001  0.15951691E+002  0.21800196E+002
 -0.92844808E+000 -0.82712795E+000 -0.53839342E+000 -0.17094182E+000 -0.48071022E-002  0.10560067E-002  0.93339709E+000  0.45847923E+001  0.88718342E+001  0.15951844E+002  0.21800740E+002
 -0.92853141E+000 -0.82728275E+000 -0.53870705E+000 -0.17147275E+000 -0.48553517E-002  0.10467488E-002  0.93301473E+000  0.45843739E+001  0.88715622E+001  0.15951740E+002  0.21801065E+002
 -0.92861637E+000 -0.82743854E+000 -0.53903723E+000 -0.17202110E+000 -0.48965450E-002  0.10385579E-002  0.93259643E+000  0.45838740E+001  0.88711391E+001  0.15951408E+002  0.21801195E+002
 -0.92870213E+000 -0.82759377E+000 -0.53937833E+000 -0.17257918E+000 -0.49319960E-002  0.10313541E-002  0.93215032E+000  0.45833056E+001  0.88705897E+001  0.15950874E+002  0.21801155E+002
 -0.92878824E+000 -0.82774754E+000 -0.53972620E+000 -0.17314134E+000 -0.49631724E-002  0.10249956E-002  0.93168253E+000  0.45826790E+001  0.88699342E+001  0.15950159E+002  0.21800961E+002
 -0.92887419E+000 -0.82789906E+000 -0.54007723E+000 -0.17370248E+000 -0.49907643E-002  0.10193835E-002  0.93119868E+000  0.45820035E+001  0.88691906E+001  0.15949282E+002  0.21800631E+002
 -0.92895969E+000 -0.82804787E+000 -0.54042867E+000 -0.17425872E+000 -0.50154970E-002  0.10144036E-002  0.93070318E+000  0.45812867E+001  0.88683734E+001  0.15948256E+002  0.21800177E+002
 -0.92904448E+000 -0.82819368E+000 -0.54077836E+000 -0.17480685E+000 -0.50378685E-002  0.10099607E-002  0.93019976E+000  0.45805353E+001  0.88674947E+001  0.15947095E+002  0.21799608E+002
 -0.92912832E+000 -0.82833623E+000 -0.54112447E+000 -0.17534408E+000 -0.50581194E-002  0.10059888E-002  0.92969167E+000  0.45797556E+001  0.88665649E+001  0.15945811E+002  0.21798932E+002
 -0.92921109E+000 -0.82847548E+000 -0.54146570E+000 -0.17586833E+000 -0.50765765E-002  0.10024136E-002  0.92918143E+000  0.45789526E+001  0.88655916E+001  0.15944412E+002  0.21798157E+002
 -0.92929267E+000 -0.82861138E+000 -0.54180103E+000 -0.17637783E+000 -0.50933905E-002  0.99918463E-003  0.92867124E+000  0.45781313E+001  0.88645812E+001  0.15942908E+002  0.21797285E+002
 -0.92937296E+000 -0.82874397E+000 -0.54212970E+000 -0.17687121E+000 -0.51087127E-002  0.99625613E-003  0.92816282E+000  0.45772957E+001  0.88635385E+001  0.15941307E+002  0.21796320E+002
 -0.92945192E+000 -0.82887332E+000 -0.54245117E+000 -0.17734738E+000 -0.51226510E-002  0.99359208E-003  0.92765764E+000  0.45764498E+001  0.88624667E+001  0.15939618E+002  0.21795264E+002
 -0.92952948E+000 -0.82899952E+000 -0.54276510E+000 -0.17780551E+000 -0.51351740E-002  0.99117448E-003  0.92715685E+000  0.45755968E+001  0.88613685E+001  0.15937847E+002  0.21794118E+002
 -0.92960563E+000 -0.82912269E+000 -0.54307127E+000 -0.17824501E+000 -0.51457651E-002  0.98903845E-003  0.92666138E+000  0.45747396E+001  0.88602452E+001  0.15936004E+002  0.21792881E+002
 -0.92968034E+000 -0.82924294E+000 -0.54336960E+000 -0.17866548E+000 -0.51547358E-002  0.98714085E-003  0.92617199E+000  0.45738809E+001  0.88590978E+001  0.15934095E+002  0.21791553E+002
 -0.92975359E+000 -0.82936038E+000 -0.54366005E+000 -0.17906671E+000 -0.51623492E-002  0.98544597E-003  0.92568927E+000  0.45730228E+001  0.88579269E+001  0.15932129E+002  0.21790133E+002
 -0.92982539E+000 -0.82947512E+000 -0.54394270E+000 -0.17944864E+000 -0.51688383E-002  0.98392240E-003  0.92521369E+000  0.45721670E+001  0.88567327E+001  0.15930115E+002  0.21788620E+002
 -0.92989574E+000 -0.82958728E+000 -0.54421767E+000 -0.17981137E+000 -0.51744000E-002  0.98254369E-003  0.92474562E+000  0.45713152E+001  0.88555154E+001  0.15928061E+002  0.21787012E+002
 -0.92996463E+000 -0.82969695E+000 -0.54448508E+000 -0.18015514E+000 -0.51791963E-002  0.98128805E-003  0.92428536E+000  0.45704686E+001  0.88542753E+001  0.15925975E+002  0.21785308E+002
 -0.93003205E+000 -0.82980422E+000 -0.54474510E+000 -0.18048029E+000 -0.51833627E-002  0.98013727E-003  0.92383317E+000  0.45696280E+001  0.88530129E+001  0.15923865E+002  0.21783509E+002
 -0.93009801E+000 -0.82990917E+000 -0.54499789E+000 -0.18078727E+000 -0.51870124E-002  0.97907597E-003  0.92338926E+000  0.45687942E+001  0.88517288E+001  0.15921737E+002  0.21781616E+002
 -0.93016249E+000 -0.83001186E+000 -0.54524362E+000 -0.18107660E+000 -0.51902293E-002  0.97809292E-003  0.92295384E+000  0.45679678E+001  0.88504244E+001  0.15919600E+002  0.21779630E+002
 -0.93022549E+000 -0.83011234E+000 -0.54548243E+000 -0.18134888E+000 -0.51930927E-002  0.97717719E-003  0.92252710E+000  0.45671493E+001  0.88491014E+001  0.15917459E+002  0.21777554E+002
 -0.93028700E+000 -0.83021062E+000 -0.54571443E+000 -0.18160475E+000 -0.51956544E-002  0.97632184E-003  0.92210924E+000  0.45663389E+001  0.88477617E+001  0.15915319E+002  0.21775393E+002
 -0.93034701E+000 -0.83030674E+000 -0.54593973E+000 -0.18184492E+000 -0.51979691E-002  0.97551921E-003  0.92170045E+000  0.45655370E+001  0.88465775E+001  0.15913185E+002  0.21773154E+002
 -0.93040552E+000 -0.83040068E+000 -0.54615840E+000 -0.18207010E+000 -0.52000698E-002  0.97476481E-003  0.92130097E+000  0.45647439E+001  0.88454651E+001  0.15911059E+002  0.21770842E+002
 -0.93046249E+000 -0.83049243E+000 -0.54637047E+000 -0.18228102E+000 -0.52019904E-002  0.97405387E-003  0.92091100E+000  0.45639598E+001  0.88443466E+001  0.15908943E+002  0.21768468E+002
 -0.93051791E+000 -0.83058195E+000 -0.54657596E+000 -0.18247838E+000 -0.52037502E-002  0.97338373E-003  0.92053081E+000  0.45631852E+001  0.88432251E+001  0.15906841E+002  0.21766041E+002
 -0.93057175E+000 -0.83066920E+000 -0.54677483E+000 -0.18266291E+000 -0.52053729E-002  0.97275093E-003  0.92016065E+000  0.45624203E+001  0.88421038E+001  0.15904752E+002  0.21763572E+002
 -0.93062399E+000 -0.83075413E+000 -0.54696705E+000 -0.18283528E+000 -0.52068683E-002  0.97215413E-003  0.91980078E+000  0.45616656E+001  0.88409859E+001  0.15902678E+002  0.21761073E+002
 -0.93067460E+000 -0.83083666E+000 -0.54715254E+000 -0.18299617E+000 -0.52082560E-002  0.97159033E-003  0.91945147E+000  0.45609217E+001  0.88398748E+001  0.15900619E+002  0.21758556E+002
 -0.93072354E+000 -0.83091671E+000 -0.54733123E+000 -0.18314620E+000 -0.52095396E-002  0.97105900E-003  0.91911298E+000  0.45601890E+001  0.88387735E+001  0.15898576E+002  0.21756032E+002
 -0.93077079E+000 -0.83099422E+000 -0.54750302E+000 -0.18328597E+000 -0.52107306E-002  0.97055830E-003  0.91878558E+000  0.45594682E+001  0.88376850E+001  0.15896549E+002  0.21753514E+002
 -0.93081630E+000 -0.83106910E+000 -0.54766780E+000 -0.18341605E+000 -0.52118340E-002  0.97008732E-003  0.91846951E+000  0.45587599E+001  0.88366121E+001  0.15894539E+002  0.21751012E+002
 -0.93086004E+000 -0.83114126E+000 -0.54782549E+000 -0.18353697E+000 -0.52128563E-002  0.96964489E-003  0.91816500E+000  0.45580647E+001  0.88355572E+001  0.15892547E+002  0.21748538E+002
 -0.93090199E+000 -0.83121063E+000 -0.54797601E+000 -0.18364924E+000 -0.52138051E-002  0.96922957E-003  0.91787224E+000  0.45573833E+001  0.88345224E+001  0.15890576E+002  0.21746101E+002
 -0.93094212E+000 -0.83127713E+000 -0.54811927E+000 -0.18375334E+000 -0.52146841E-002  0.96884050E-003  0.91759140E+000  0.45567163E+001  0.88335095E+001  0.15888626E+002  0.21743711E+002
 -0.93098039E+000 -0.83134070E+000 -0.54825521E+000 -0.18384970E+000 -0.52154951E-002  0.96847710E-003  0.91732262E+000  0.45560645E+001  0.88325203E+001  0.15886702E+002  0.21741376E+002
 -0.93101680E+000 -0.83140127E+000 -0.54838380E+000 -0.18393874E+000 -0.52162426E-002  0.96813828E-003  0.91706602E+000  0.45554285E+001  0.88315559E+001  0.15884807E+002  0.21739102E+002
 -0.93105131E+000 -0.83145880E+000 -0.54850502E+000 -0.18402086E+000 -0.52169286E-002  0.96782330E-003  0.91682165E+000  0.45548089E+001  0.88306175E+001  0.15882943E+002  0.21736898E+002
 -0.93108393E+000 -0.83151326E+000 -0.54861889E+000 -0.18409644E+000 -0.52175583E-002  0.96753090E-003  0.91658950E+000  0.45542064E+001  0.88297062E+001  0.15881116E+002  0.21734767E+002
 -0.93111466E+000 -0.83156462E+000 -0.54872547E+000 -0.18416584E+000 -0.52181338E-002  0.96726027E-003  0.91636954E+000  0.45536217E+001  0.88288227E+001  0.15879330E+002  0.21732717E+002
 -0.93114349E+000 -0.83161288E+000 -0.54882483E+000 -0.18422942E+000 -0.52186577E-002  0.96701050E-003  0.91616168E+000  0.45530552E+001  0.88279680E+001  0.15877590E+002  0.21730751E+002
 -0.93117044E+000 -0.83165806E+000 -0.54891710E+000 -0.18428751E+000 -0.52191341E-002  0.96678039E-003  0.91596577E+000  0.45525077E+001  0.88271427E+001  0.15875900E+002  0.21728873E+002
 -0.93119553E+000 -0.83170019E+000 -0.54900242E+000 -0.18434042E+000 -0.52195639E-002  0.96656927E-003  0.91578163E+000  0.45519797E+001  0.88263477E+001  0.15874265E+002  0.21727087E+002
 -0.93121880E+000 -0.83173930E+000 -0.54908096E+000 -0.18438847E+000 -0.52199501E-002  0.96637608E-003  0.91560902E+000  0.45514717E+001  0.88255839E+001  0.15872691E+002  0.21725395E+002
 -0.93124028E+000 -0.83177546E+000 -0.54915293E+000 -0.18443196E+000 -0.52202961E-002  0.96619974E-003  0.91544766E+000  0.45509844E+001  0.88248520E+001  0.15871183E+002  0.21723801E+002
 -0.93126002E+000 -0.83180874E+000 -0.54921857E+000 -0.18447117E+000 -0.52206044E-002  0.96603928E-003  0.91529726E+000  0.45505182E+001  0.88241531E+001  0.15869744E+002  0.21722307E+002
 -0.93127806E+000 -0.83183922E+000 -0.54927812E+000 -0.18450637E+000 -0.52208755E-002  0.96589408E-003  0.91515748E+000  0.45500737E+001  0.88234879E+001  0.15868378E+002  0.21720913E+002
 -0.93129448E+000 -0.83186701E+000 -0.54933186E+000 -0.18453783E+000 -0.52211138E-002  0.96576286E-003  0.91502796E+000  0.45496515E+001  0.88228574E+001  0.15867091E+002  0.21719620E+002
 -0.93130932E+000 -0.83189221E+000 -0.54938007E+000 -0.18456578E+000 -0.52213183E-002  0.96564528E-003  0.91490835E+000  0.45492519E+001  0.88222624E+001  0.15865883E+002  0.21718429E+002
 -0.93132266E+000 -0.83191494E+000 -0.54942306E+000 -0.18459049E+000 -0.52214948E-002  0.96553989E-003  0.91479828E+000  0.45488755E+001  0.88217038E+001  0.15864759E+002  0.21717339E+002
 -0.93133458E+000 -0.83193532E+000 -0.54946111E+000 -0.18461217E+000 -0.52216417E-002  0.96544645E-003  0.91469737E+000  0.45485226E+001  0.88211821E+001  0.15863720E+002  0.21716349E+002
 -0.93134515E+000 -0.83195347E+000 -0.54949456E+000 -0.18463104E+000 -0.52217626E-002  0.96536392E-003  0.91460525E+000  0.45481936E+001  0.88206979E+001  0.15862766E+002  0.21715457E+002
 -0.93135444E+000 -0.83196953E+000 -0.54952370E+000 -0.18464730E+000 -0.52218580E-002  0.96529176E-003  0.91452157E+000  0.45478886E+001  0.88202516E+001  0.15861899E+002  0.21714660E+002
 -0.93136254E+000 -0.83198362E+000 -0.54954884E+000 -0.18466116E+000 -0.52219305E-002  0.96522918E-003  0.91444598E+000  0.45476079E+001  0.88198433E+001  0.15861118E+002  0.21713956E+002
 -0.93136953E+000 -0.83199589E+000 -0.54957030E+000 -0.18467280E+000 -0.52219804E-002  0.96517570E-003  0.91437814E+000  0.45473515E+001  0.88194729E+001  0.15860422E+002  0.21713341E+002
 -0.93137549E+000 -0.83200646E+000 -0.54958837E+000 -0.18468240E+000 -0.52220109E-002  0.96513047E-003  0.91431769E+000  0.45471192E+001  0.88191402E+001  0.15859808E+002  0.21712811E+002
 -0.93138050E+000 -0.83201546E+000 -0.54960334E+000 -0.18469013E+000 -0.52220214E-002  0.96509325E-003  0.91426434E+000  0.45469108E+001  0.88188444E+001  0.15859275E+002  0.21712361E+002
 -0.93138464E+000 -0.83202302E+000 -0.54961550E+000 -0.18469617E+000 -0.52220156E-002  0.96506312E-003  0.91421773E+000  0.45467259E+001  0.88185848E+001  0.15858818E+002  0.21711987E+002
 -0.93138798E+000 -0.83202928E+000 -0.54962512E+000 -0.18470067E+000 -0.52219935E-002  0.96503982E-003  0.91417755E+000  0.45465639E+001  0.88183602E+001  0.15858435E+002  0.21711682E+002
 -0.93139061E+000 -0.83203434E+000 -0.54963247E+000 -0.18470378E+000 -0.52219577E-002  0.96502260E-003  0.91414346E+000  0.45464242E+001  0.88181692E+001  0.15858120E+002  0.21711442E+002
 -0.93139259E+000 -0.83203833E+000 -0.54963778E+000 -0.18470564E+000 -0.52219086E-002  0.96501117E-003  0.91411515E+000  0.45463059E+001  0.88180103E+001  0.15857869E+002  0.21711261E+002
 -0.93139401E+000 -0.83204136E+000 -0.54964130E+000 -0.18470640E+000 -0.52218488E-002  0.96500483E-003  0.91409226E+000  0.45462079E+001  0.88178815E+001  0.15857678E+002  0.21711134E+002
 -0.93139493E+000 -0.83204352E+000 -0.54964325E+000 -0.18470619E+000 -0.52217798E-002  0.96500312E-003  0.91407443E+000  0.45461292E+001  0.88177810E+001  0.15857540E+002  0.21711054E+002
 -0.93139542E+000 -0.83204493E+000 -0.54964383E+000 -0.18470514E+000 -0.52217022E-002  0.96500567E-003  0.91406133E+000  0.45460684E+001  0.88177065E+001  0.15857450E+002  0.21711016E+002
 -0.93139554E+000 -0.83204568E+000 -0.54964326E+000 -0.18470336E+000 -0.52216186E-002  0.96501183E-003  0.91405256E+000  0.45460241E+001  0.88176558E+001  0.15857403E+002  0.21711016E+002
 -0.93139533E+000 -0.83204586E+000 -0.54964169E+000 -0.18470098E+000 -0.52215295E-002  0.96502128E-003  0.91404775E+000  0.45459950E+001  0.88176265E+001  0.15857394E+002  0.21711047E+002
 -0.93139485E+000 -0.83204556E+000 -0.54963930E+000 -0.18469808E+000 -0.52214369E-002  0.96503346E-003  0.91404653E+000  0.45459796E+001  0.88176164E+001  0.15857417E+002  0.21711105E+002
 -0.93139415E+000 -0.83204485E+000 -0.54963623E+000 -0.18469477E+000 -0.52213411E-002  0.96504809E-003  0.91404850E+000  0.45459763E+001  0.88176230E+001  0.15857468E+002  0.21711185E+002
 -0.93139326E+000 -0.83204381E+000 -0.54963264E+000 -0.18469114E+000 -0.52212447E-002  0.96506453E-003  0.91405328E+000  0.45459837E+001  0.88176441E+001  0.15857543E+002  0.21711284E+002
 -0.93139223E+000 -0.83204250E+000 -0.54962863E+000 -0.18468727E+000 -0.52211469E-002  0.96508267E-003  0.91406050E+000  0.45460004E+001  0.88176775E+001  0.15857635E+002  0.21711396E+002
 -0.93139109E+000 -0.83204098E+000 -0.54962431E+000 -0.18468323E+000 -0.52210500E-002  0.96510192E-003  0.91406978E+000  0.45460248E+001  0.88177211E+001  0.15857743E+002  0.21711520E+002
 -0.93138986E+000 -0.83203929E+000 -0.54961979E+000 -0.18467908E+000 -0.52209543E-002  0.96512203E-003  0.91408078E+000  0.45460556E+001  0.88177728E+001  0.15857862E+002  0.21711651E+002
 -0.93138858E+000 -0.83203749E+000 -0.54961515E+000 -0.18467489E+000 -0.52208602E-002  0.96514275E-003  0.91409316E+000  0.45460917E+001  0.88178310E+001  0.15857989E+002  0.21711787E+002
 -0.93138727E+000 -0.83203561E+000 -0.54961045E+000 -0.18467069E+000 -0.52207684E-002  0.96516375E-003  0.91410660E+000  0.45461317E+001  0.88178940E+001  0.15858121E+002  0.21711926E+002
 -0.93138595E+000 -0.83203369E+000 -0.54960576E+000 -0.18466654E+000 -0.52206797E-002  0.96518475E-003  0.91412081E+000  0.45461746E+001  0.88179602E+001  0.15858255E+002  0.21712065E+002
 -0.93138464E+000 -0.83203175E+000 -0.54960113E+000 -0.18466248E+000 -0.52205944E-002  0.96520555E-003  0.91413554E+000  0.45462195E+001  0.88180283E+001  0.15858391E+002  0.21712203E+002
 -0.93138334E+000 -0.83202983E+000 -0.54959660E+000 -0.18465851E+000 -0.52205121E-002  0.96522605E-003  0.91415055E+000  0.45462656E+001  0.88180974E+001  0.15858525E+002  0.21712338E+002
 -0.93138208E+000 -0.83202794E+000 -0.54959222E+000 -0.18465469E+000 -0.52204341E-002  0.96524594E-003  0.91416562E+000  0.45463120E+001  0.88181662E+001  0.15858657E+002  0.21712470E+002
 -0.93138085E+000 -0.83202610E+000 -0.54958799E+000 -0.18465102E+000 -0.52203597E-002  0.96526520E-003  0.91418059E+000  0.45463582E+001  0.88182341E+001  0.15858785E+002  0.21712597E+002
 -0.93137967E+000 -0.83202432E+000 -0.54958395E+000 -0.18464751E+000 -0.52202894E-002  0.96528368E-003  0.91419530E+000  0.45464037E+001  0.88183004E+001  0.15858908E+002  0.21712718E+002
 -0.93137855E+000 -0.83202261E+000 -0.54958010E+000 -0.18464418E+000 -0.52202230E-002  0.96530130E-003  0.91420963E+000  0.45464479E+001  0.88183645E+001  0.15859026E+002  0.21712834E+002
 -0.93137747E+000 -0.83202098E+000 -0.54957646E+000 -0.18464103E+000 -0.52201607E-002  0.96531801E-003  0.91422347E+000  0.45464907E+001  0.88184260E+001  0.15859139E+002  0.21712943E+002
 -0.93137646E+000 -0.83201944E+000 -0.54957304E+000 -0.18463808E+000 -0.52201024E-002  0.96533372E-003  0.91423675E+000  0.45465317E+001  0.88184847E+001  0.15859245E+002  0.21713047E+002
 -0.93137551E+000 -0.83201798E+000 -0.54956983E+000 -0.18463531E+000 -0.52200479E-002  0.96534848E-003  0.91424941E+000  0.45465707E+001  0.88185402E+001  0.15859345E+002  0.21713143E+002
 -0.93137462E+000 -0.83201662E+000 -0.54956684E+000 -0.18463273E+000 -0.52199974E-002  0.96536221E-003  0.91426142E+000  0.45466076E+001  0.88185926E+001  0.15859438E+002  0.21713234E+002
 -0.93137378E+000 -0.83201534E+000 -0.54956406E+000 -0.18463033E+000 -0.52199504E-002  0.96537495E-003  0.91427274E+000  0.45466423E+001  0.88186417E+001  0.15859526E+002  0.21713318E+002
 -0.93137301E+000 -0.83201415E+000 -0.54956148E+000 -0.18462811E+000 -0.52199073E-002  0.96538667E-003  0.91428338E+000  0.45466749E+001  0.88186875E+001  0.15859607E+002  0.21713396E+002
 -0.93137229E+000 -0.83201305E+000 -0.54955911E+000 -0.18462607E+000 -0.52198673E-002  0.96539747E-003  0.91429332E+000  0.45467052E+001  0.88187302E+001  0.15859682E+002  0.21713468E+002
 -0.93137162E+000 -0.83201204E+000 -0.54955692E+000 -0.18462420E+000 -0.52198308E-002  0.96540732E-003  0.91430259E+000  0.45467334E+001  0.88187696E+001  0.15859751E+002  0.21713534E+002
 -0.93137101E+000 -0.83201111E+000 -0.54955493E+000 -0.18462248E+000 -0.52197974E-002  0.96541626E-003  0.91431121E+000  0.45467595E+001  0.88188061E+001  0.15859815E+002  0.21713595E+002
 -0.93137046E+000 -0.83201025E+000 -0.54955310E+000 -0.18462092E+000 -0.52197668E-002  0.96542436E-003  0.91431919E+000  0.45467836E+001  0.88188396E+001  0.15859874E+002  0.21713651E+002
 -0.93136994E+000 -0.83200947E+000 -0.54955144E+000 -0.18461950E+000 -0.52197391E-002  0.96543166E-003  0.91432657E+000  0.45468058E+001  0.88188705E+001  0.15859927E+002  0.21713703E+002
 -0.93136948E+000 -0.83200877E+000 -0.54954994E+000 -0.18461822E+000 -0.52197141E-002  0.96543817E-003  0.91433337E+000  0.45468262E+001  0.88188987E+001  0.15859976E+002  0.21713750E+002
 -0.93136906E+000 -0.83200813E+000 -0.54954859E+000 -0.18461707E+000 -0.52196914E-002  0.96544398E-003  0.91433964E+000  0.45468449E+001  0.88189245E+001  0.15860021E+002  0.21713793E+002
 -0.93136868E+000 -0.83200755E+000 -0.54954737E+000 -0.18461604E+000 -0.52196712E-002  0.96544912E-003  0.91434541E+000  0.45468619E+001  0.88189480E+001  0.15860062E+002  0.21713832E+002
 -0.93136833E+000 -0.83200703E+000 -0.54954628E+000 -0.18461512E+000 -0.52196530E-002  0.96545366E-003  0.91435071E+000  0.45468775E+001  0.88189694E+001  0.15860099E+002  0.21713867E+002
 -0.93136803E+000 -0.83200657E+000 -0.54954531E+000 -0.18461431E+000 -0.52196368E-002  0.96545762E-003  0.91435558E+000  0.45468917E+001  0.88189889E+001  0.15860133E+002  0.21713899E+002
 -0.93136775E+000 -0.83200616E+000 -0.54954445E+000 -0.18461360E+000 -0.52196225E-002  0.96546106E-003  0.91436005E+000  0.45469046E+001  0.88190065E+001  0.15860163E+002  0.21713928E+002
 -0.93136751E+000 -0.83200580E+000 -0.54954370E+000 -0.18461297E+000 -0.52196099E-002  0.96546403E-003  0.91436415E+000  0.45469164E+001  0.88190226E+001  0.15860191E+002  0.21713955E+002
 -0.93136730E+000 -0.83200549E+000 -0.54954304E+000 -0.18461243E+000 -0.52195988E-002  0.96546656E-003  0.91436791E+000  0.45469270E+001  0.88190371E+001  0.15860216E+002  0.21713979E+002
 -0.93136711E+000 -0.83200521E+000 -0.54954246E+000 -0.18461197E+000 -0.52195893E-002  0.96546870E-003  0.91437138E+000  0.45469368E+001  0.88190502E+001  0.15860238E+002  0.21714000E+002
 -0.93136695E+000 -0.83200498E+000 -0.54954197E+000 -0.18461158E+000 -0.52195809E-002  0.96547049E-003  0.91437456E+000  0.45469456E+001  0.88190621E+001  0.15860259E+002  0.21714019E+002
 -0.93136681E+000 -0.83200478E+000 -0.54954155E+000 -0.18461125E+000 -0.52195739E-002  0.96547196E-003  0.91437749E+000  0.45469536E+001  0.88190728E+001  0.15860277E+002  0.21714037E+002
 -0.93136669E+000 -0.83200461E+000 -0.54954119E+000 -0.18461099E+000 -0.52195679E-002  0.96547314E-003  0.91438019E+000  0.45469608E+001  0.88190826E+001  0.15860294E+002  0.21714053E+002
 -0.93136659E+000 -0.83200447E+000 -0.54954090E+000 -0.18461078E+000 -0.52195629E-002  0.96547408E-003  0.91438269E+000  0.45469674E+001  0.88190913E+001  0.15860308E+002  0.21714067E+002
 -0.93136651E+000 -0.83200436E+000 -0.54954067E+000 -0.18461062E+000 -0.52195589E-002  0.96547477E-003  0.91438499E+000  0.45469734E+001  0.88190992E+001  0.15860322E+002  0.21714079E+002
 -0.93136644E+000 -0.83200427E+000 -0.54954049E+000 -0.18461051E+000 -0.52195556E-002  0.96547527E-003  0.91438713E+000  0.45469789E+001  0.88191064E+001  0.15860334E+002  0.21714091E+002
 -0.93136639E+000 -0.83200421E+000 -0.54954035E+000 -0.18461044E+000 -0.52195532E-002  0.96547558E-003  0.91438912E+000  0.45469839E+001  0.88191128E+001  0.15860345E+002  0.21714101E+002
 -0.93136635E+000 -0.83200417E+000 -0.54954025E+000 -0.18461041E+000 -0.52195513E-002  0.96547576E-003  0.91439097E+000  0.45469884E+001  0.88191187E+001  0.15860354E+002  0.21714110E+002
 -0.93136632E+000 -0.83200414E+000 -0.54954020E+000 -0.18461042E+000 -0.52195502E-002  0.96547577E-003  0.91439269E+000  0.45469925E+001  0.88191240E+001  0.15860363E+002  0.21714118E+002
 -0.93136631E+000 -0.83200414E+000 -0.54954018E+000 -0.18461046E+000 -0.52195495E-002  0.96547567E-003  0.91439431E+000  0.45469963E+001  0.88191288E+001  0.15860371E+002  0.21714125E+002
 -0.93136630E+000 -0.83200414E+000 -0.54954019E+000 -0.18461052E+000 -0.52195494E-002  0.96547545E-003  0.91439582E+000  0.45469998E+001  0.88191331E+001  0.15860378E+002  0.21714131E+002
 -0.93136631E+000 -0.83200416E+000 -0.54954022E+000 -0.18461061E+000 -0.52195497E-002  0.96547515E-003  0.91439724E+000  0.45470029E+001  0.88191370E+001  0.15860384E+002  0.21714137E+002
 -0.93136632E+000 -0.83200420E+000 -0.54954029E+000 -0.18461073E+000 -0.52195504E-002  0.96547475E-003  0.91439858E+000  0.45470058E+001  0.88191406E+001  0.15860390E+002  0.21714142E+002
 -0.93136634E+000 -0.83200424E+000 -0.54954037E+000 -0.18461087E+000 -0.52195515E-002  0.96547428E-003  0.91439984E+000  0.45470085E+001  0.88191439E+001  0.15860395E+002  0.21714147E+002
 -0.93136636E+000 -0.83200429E+000 -0.54954048E+000 -0.18461102E+000 -0.52195529E-002  0.96547374E-003  0.91440103E+000  0.45470110E+001  0.88191468E+001  0.15860399E+002  0.21714151E+002
 -0.93136639E+000 -0.83200435E+000 -0.54954060E+000 -0.18461119E+000 -0.52195546E-002  0.96547314E-003  0.91440217E+000  0.45470133E+001  0.88191495E+001  0.15860403E+002  0.21714154E+002
 -0.93136642E+000 -0.83200442E+000 -0.54954074E+000 -0.18461138E+000 -0.52195566E-002  0.96547249E-003  0.91440324E+000  0.45470154E+001  0.88191520E+001  0.15860407E+002  0.21714157E+002
 -0.93136646E+000 -0.83200450E+000 -0.54954089E+000 -0.18461158E+000 -0.52195588E-002  0.96547179E-003  0.91440426E+000  0.45470174E+001  0.88191543E+001  0.15860410E+002  0.21714160E+002
 -0.93136651E+000 -0.83200458E+000 -0.54954105E+000 -0.18461179E+000 -0.52195612E-002  0.96547104E-003  0.91440524E+000  0.45470192E+001  0.88191564E+001  0.15860413E+002  0.21714162E+002
 -0.93136655E+000 -0.83200466E+000 -0.54954122E+000 -0.18461200E+000 -0.52195638E-002  0.96547026E-003  0.91440617E+000  0.45470209E+001  0.88191583E+001  0.15860416E+002  0.21714164E+002
 -0.93136660E+000 -0.83200475E+000 -0.54954141E+000 -0.18461223E+000 -0.52195666E-002  0.96546944E-003  0.91440705E+000  0.45470225E+001  0.88191601E+001  0.15860418E+002  0.21714166E+002
 -0.93136665E+000 -0.83200484E+000 -0.54954159E+000 -0.18461246E+000 -0.52195695E-002  0.96546859E-003  0.91440790E+000  0.45470240E+001  0.88191617E+001  0.15860420E+002  0.21714168E+002
 -0.93136670E+000 -0.83200493E+000 -0.54954179E+000 -0.18461270E+000 -0.52195726E-002  0.96546771E-003  0.91440871E+000  0.45470254E+001  0.88191632E+001  0.15860422E+002  0.21714169E+002
 -0.93136675E+000 -0.83200503E+000 -0.54954199E+000 -0.18461294E+000 -0.52195757E-002  0.96546679E-003  0.91440948E+000  0.45470267E+001  0.88191646E+001  0.15860424E+002  0.21714170E+002
 -0.93136680E+000 -0.83200512E+000 -0.54954219E+000 -0.18461319E+000 -0.52195790E-002  0.96546586E-003  0.91441023E+000  0.45470279E+001  0.88191659E+001  0.15860425E+002  0.21714171E+002
 -0.93136686E+000 -0.83200522E+000 -0.54954240E+000 -0.18461343E+000 -0.52195823E-002  0.96546490E-003  0.91441094E+000  0.45470291E+001  0.88191671E+001  0.15860427E+002  0.21714172E+002
 -0.93136691E+000 -0.83200532E+000 -0.54954260E+000 -0.18461368E+000 -0.52195857E-002  0.96546392E-003  0.91441162E+000  0.45470302E+001  0.88191683E+001  0.15860428E+002  0.21714173E+002
 -0.93136697E+000 -0.83200542E+000 -0.54954281E+000 -0.18461393E+000 -0.52195892E-002  0.96546292E-003  0.91441227E+000  0.45470312E+001  0.88191693E+001  0.15860429E+002  0.21714173E+002
 -0.93136702E+000 -0.83200551E+000 -0.54954302E+000 -0.18461418E+000 -0.52195926E-002  0.96546191E-003  0.91441289E+000  0.45470322E+001  0.88191703E+001  0.15860430E+002  0.21714174E+002
 -0.93136708E+000 -0.83200561E+000 -0.54954322E+000 -0.18461442E+000 -0.52195961E-002  0.96546088E-003  0.91441349E+000  0.45470331E+001  0.88191712E+001  0.15860431E+002  0.21714174E+002
 -0.93136713E+000 -0.83200571E+000 -0.54954343E+000 -0.18461466E+000 -0.52195997E-002  0.96545983E-003  0.91441407E+000  0.45470340E+001  0.88191721E+001  0.15860432E+002  0.21714175E+002
 -0.93136718E+000 -0.83200580E+000 -0.54954363E+000 -0.18461490E+000 -0.52196032E-002  0.96545878E-003  0.91441462E+000  0.45470349E+001  0.88191729E+001  0.15860433E+002  0.21714175E+002
 -0.93136723E+000 -0.83200589E+000 -0.54954384E+000 -0.18461514E+000 -0.52196067E-002  0.96545772E-003  0.91441514E+000  0.45470356E+001  0.88191737E+001  0.15860434E+002  0.21714175E+002
 -0.93136729E+000 -0.83200598E+000 -0.54954403E+000 -0.18461537E+000 -0.52196103E-002  0.96545664E-003  0.91441565E+000  0.45470364E+001  0.88191744E+001  0.15860434E+002  0.21714175E+002
 -0.93136734E+000 -0.83200607E+000 -0.54954423E+000 -0.18461560E+000 -0.52196138E-002  0.96545556E-003  0.91441613E+000  0.45470371E+001  0.88191751E+001  0.15860435E+002  0.21714176E+002
 -0.93136738E+000 -0.83200616E+000 -0.54954442E+000 -0.18461583E+000 -0.52196172E-002  0.96545449E-003  0.91441659E+000  0.45470378E+001  0.88191758E+001  0.15860436E+002  0.21714176E+002
 -0.93136743E+000 -0.83200625E+000 -0.54954461E+000 -0.18461604E+000 -0.52196207E-002  0.96545340E-003  0.91441703E+000  0.45470384E+001  0.88191764E+001  0.15860436E+002  0.21714176E+002
 -0.93136748E+000 -0.83200633E+000 -0.54954479E+000 -0.18461626E+000 -0.52196240E-002  0.96545232E-003  0.91441745E+000  0.45470391E+001  0.88191770E+001  0.15860437E+002  0.21714176E+002
 -0.93136752E+000 -0.83200641E+000 -0.54954497E+000 -0.18461647E+000 -0.52196274E-002  0.96545125E-003  0.91441785E+000  0.45470397E+001  0.88191775E+001  0.15860437E+002  0.21714176E+002
 -0.93136757E+000 -0.83200649E+000 -0.54954514E+000 -0.18461667E+000 -0.52196306E-002  0.96545018E-003  0.91441824E+000  0.45470402E+001  0.88191780E+001  0.15860437E+002  0.21714176E+002
 -0.93136761E+000 -0.83200657E+000 -0.54954531E+000 -0.18461687E+000 -0.52196338E-002  0.96544911E-003  0.91441860E+000  0.45470408E+001  0.88191785E+001  0.15860438E+002  0.21714176E+002
 -0.93136765E+000 -0.83200664E+000 -0.54954548E+000 -0.18461706E+000 -0.52196370E-002  0.96544806E-003  0.91441895E+000  0.45470413E+001  0.88191790E+001  0.15860438E+002  0.21714176E+002
 -0.93136769E+000 -0.83200671E+000 -0.54954563E+000 -0.18461724E+000 -0.52196400E-002  0.96544701E-003  0.91441928E+000  0.45470418E+001  0.88191795E+001  0.15860439E+002  0.21714176E+002
 -0.93136773E+000 -0.83200678E+000 -0.54954579E+000 -0.18461742E+000 -0.52196430E-002  0.96544598E-003  0.91441960E+000  0.45470422E+001  0.88191799E+001  0.15860439E+002  0.21714176E+002
 -0.93136777E+000 -0.83200685E+000 -0.54954594E+000 -0.18461759E+000 -0.52196459E-002  0.96544496E-003  0.91441990E+000  0.45470427E+001  0.88191803E+001  0.15860439E+002  0.21714176E+002
 -0.93136780E+000 -0.83200691E+000 -0.54954608E+000 -0.18461776E+000 -0.52196487E-002  0.96544396E-003  0.91442019E+000  0.45470431E+001  0.88191807E+001  0.15860439E+002  0.21714176E+002
 -0.93136784E+000 -0.83200697E+000 -0.54954622E+000 -0.18461792E+000 -0.52196515E-002  0.96544298E-003  0.91442046E+000  0.45470436E+001  0.88191811E+001  0.15860440E+002  0.21714176E+002
 -0.93136787E+000 -0.83200703E+000 -0.54954635E+000 -0.18461807E+000 -0.52196541E-002  0.96544202E-003  0.91442072E+000  0.45470440E+001  0.88191814E+001  0.15860440E+002  0.21714176E+002
 -0.93136790E+000 -0.83200709E+000 -0.54954647E+000 -0.18461822E+000 -0.52196567E-002  0.96544108E-003  0.91442097E+000  0.45470443E+001  0.88191818E+001  0.15860440E+002  0.21714176E+002
 -0.93136793E+000 -0.83200714E+000 -0.54954660E+000 -0.18461836E+000 -0.52196591E-002  0.96544015E-003  0.91442120E+000  0.45470447E+001  0.88191821E+001  0.15860440E+002  0.21714176E+002
 -0.93136796E+000 -0.83200719E+000 -0.54954671E+000 -0.18461849E+000 -0.52196615E-002  0.96543926E-003  0.91442142E+000  0.45470451E+001  0.88191824E+001  0.15860441E+002  0.21714176E+002
 -0.93136799E+000 -0.83200724E+000 -0.54954682E+000 -0.18461862E+000 -0.52196638E-002  0.96543838E-003  0.91442163E+000  0.45470454E+001  0.88191827E+001  0.15860441E+002  0.21714176E+002
 -0.93136801E+000 -0.83200729E+000 -0.54954693E+000 -0.18461874E+000 -0.52196659E-002  0.96543754E-003  0.91442183E+000  0.45470458E+001  0.88191830E+001  0.15860441E+002  0.21714176E+002
 -0.93136804E+000 -0.83200733E+000 -0.54954703E+000 -0.18461886E+000 -0.52196680E-002  0.96543671E-003  0.91442202E+000  0.45470461E+001  0.88191833E+001  0.15860441E+002  0.21714177E+002
 -0.93136806E+000 -0.83200737E+000 -0.54954713E+000 -0.18461897E+000 -0.52196700E-002  0.96543591E-003  0.91442219E+000  0.45470464E+001  0.88191835E+001  0.15860441E+002  0.21714177E+002
 -0.93136808E+000 -0.83200741E+000 -0.54954722E+000 -0.18461908E+000 -0.52196719E-002  0.96543514E-003  0.91442236E+000  0.45470467E+001  0.88191838E+001  0.15860441E+002  0.21714177E+002
 -0.93136810E+000 -0.83200745E+000 -0.54954730E+000 -0.18461918E+000 -0.52196737E-002  0.96543440E-003  0.91442251E+000  0.45470470E+001  0.88191840E+001  0.15860442E+002  0.21714177E+002
 -0.93136812E+000 -0.83200749E+000 -0.54954738E+000 -0.18461927E+000 -0.52196754E-002  0.96543368E-003  0.91442266E+000  0.45470473E+001  0.88191843E+001  0.15860442E+002  0.21714177E+002
 -0.93136814E+000 -0.83200752E+000 -0.54954746E+000 -0.18461936E+000 -0.52196770E-002  0.96543300E-003  0.91442280E+000  0.45470476E+001  0.88191845E+001  0.15860442E+002  0.21714177E+002
 -0.93136816E+000 -0.83200756E+000 -0.54954753E+000 -0.18461945E+000 -0.52196786E-002  0.96543233E-003  0.91442293E+000  0.45470478E+001  0.88191847E+001  0.15860442E+002  0.21714178E+002
 -0.93136818E+000 -0.83200759E+000 -0.54954760E+000 -0.18461953E+000 -0.52196800E-002  0.96543170E-003  0.91442305E+000  0.45470481E+001  0.88191849E+001  0.15860442E+002  0.21714178E+002
 -0.93136819E+000 -0.83200761E+000 -0.54954767E+000 -0.18461960E+000 -0.52196814E-002  0.96543110E-003  0.91442316E+000  0.45470483E+001  0.88191851E+001  0.15860442E+002  0.21714178E+002
 -0.93136821E+000 -0.83200764E+000 -0.54954773E+000 -0.18461968E+000 -0.52196827E-002  0.96543051E-003  0.91442326E+000  0.45470486E+001  0.88191853E+001  0.15860442E+002  0.21714178E+002
 -0.93136822E+000 -0.83200767E+000 -0.54954779E+000 -0.18461974E+000 -0.52196839E-002  0.96542996E-003  0.91442336E+000  0.45470488E+001  0.88191855E+001  0.15860442E+002  0.21714178E+002
 -0.93136823E+000 -0.83200769E+000 -0.54954784E+000 -0.18461981E+000 -0.52196850E-002  0.96542944E-003  0.91442345E+000  0.45470490E+001  0.88191857E+001  0.15860442E+002  0.21714179E+002
 -0.93136824E+000 -0.83200771E+000 -0.54954789E+000 -0.18461987E+000 -0.52196861E-002  0.96542894E-003  0.91442353E+000  0.45470493E+001  0.88191859E+001  0.15860442E+002  0.21714179E+002
 -0.93136826E+000 -0.83200773E+000 -0.54954794E+000 -0.18461992E+000 -0.52196871E-002  0.96542846E-003  0.91442360E+000  0.45470495E+001  0.88191860E+001  0.15860443E+002  0.21714179E+002
 -0.93136827E+000 -0.83200775E+000 -0.54954798E+000 -0.18461997E+000 -0.52196880E-002  0.96542801E-003  0.91442367E+000  0.45470497E+001  0.88191862E+001  0.15860443E+002  0.21714180E+002
 -0.93136827E+000 -0.83200777E+000 -0.54954802E+000 -0.18462002E+000 -0.52196888E-002  0.96542758E-003  0.91442373E+000  0.45470499E+001  0.88191863E+001  0.15860443E+002  0.21714180E+002
 -0.93136828E+000 -0.83200779E+000 -0.54954806E+000 -0.18462007E+000 -0.52196896E-002  0.96542717E-003  0.91442378E+000  0.45470501E+001  0.88191865E+001  0.15860443E+002  0.21714180E+002
 -0.93136829E+000 -0.83200780E+000 -0.54954809E+000 -0.18462011E+000 -0.52196904E-002  0.96542679E-003  0.91442383E+000  0.45470502E+001  0.88191866E+001  0.15860443E+002  0.21714180E+002
 -0.93136830E+000 -0.83200782E+000 -0.54954812E+000 -0.18462015E+000 -0.52196910E-002  0.96542643E-003  0.91442388E+000  0.45470504E+001  0.88191867E+001  0.15860443E+002  0.21714181E+002
 -0.93136831E+000 -0.83200783E+000 -0.54954815E+000 -0.18462018E+000 -0.52196917E-002  0.96542609E-003  0.91442391E+000  0.45470506E+001  0.88191868E+001  0.15860442E+002  0.21714181E+002
 -0.93136831E+000 -0.83200784E+000 -0.54954818E+000 -0.18462022E+000 -0.52196922E-002  0.96542577E-003  0.91442394E+000  0.45470507E+001  0.88191869E+001  0.15860442E+002  0.21714181E+002
 -0.93136832E+000 -0.83200785E+000 -0.54954821E+000 -0.18462025E+000 -0.52196927E-002  0.96542547E-003  0.91442397E+000  0.45470509E+001  0.88191870E+001  0.15860442E+002  0.21714182E+002
 -0.93136832E+000 -0.83200787E+000 -0.54954823E+000 -0.18462028E+000 -0.52196932E-002  0.96542518E-003  0.91442398E+000  0.45470510E+001  0.88191871E+001  0.15860442E+002  0.21714182E+002
 -0.93136833E+000 -0.83200788E+000 -0.54954826E+000 -0.18462031E+000 -0.52196937E-002  0.96542491E-003  0.91442399E+000  0.45470511E+001  0.88191871E+001  0.15860442E+002  0.21714182E+002
 -0.93136834E+000 -0.83200789E+000 -0.54954828E+000 -0.18462034E+000 -0.52196942E-002  0.96542465E-003  0.91442400E+000  0.45470512E+001  0.88191871E+001  0.15860442E+002  0.21714182E+002
 -0.93136834E+000 -0.83200790E+000 -0.54954831E+000 -0.18462037E+000 -0.52196940E-002  0.96542450E-003  0.91442398E+000  0.45470513E+001  0.88191871E+001  0.15860442E+002  0.21714182E+002
 -0.93136835E+000 -0.83200792E+000 -0.54954835E+000 -0.18462040E+000 -0.52196933E-002  0.96542442E-003  0.91442395E+000  0.45470513E+001  0.88191871E+001  0.15860441E+002  0.21714182E+002
