 -0.82433473E+000 -0.64308161E+000 -0.27719921E+000 -0.66076871E-004  0.84371337E-001  0.17428241E+001  0.12063646E+002  0.59173118E+002  0.13400207E+003  0.34790471E+003  0.65682841E+003
 -0.82040527E+000 -0.63783207E+000 -0.27563914E+000 -0.55429631E-004  0.85473734E-001  0.17462719E+001  0.12071772E+002  0.59173334E+002  0.13400265E+003  0.34790492E+003  0.65682855E+003
 -0.81738249E+000 -0.63658136E+000 -0.27439901E+000 -0.52396869E-004  0.86542904E-001  0.17471569E+001  0.12078462E+002  0.59173416E+002  0.13400286E+003  0.34790501E+003  0.65682861E+003
 -0.81527616E+000 -0.63563255E+000 -0.27353413E+000 -0.52553905E-004  0.87304309E-001  0.17478450E+001  0.12083991E+002  0.59173375E+002  0.13400286E+003  0.34790502E+003  0.65682863E+003
 -0.81384795E+000 -0.63492595E+000 -0.27325954E+000 -0.53953184E-004  0.87603371E-001  0.17483752E+001  0.12088602E+002  0.59173336E+002  0.13400278E+003  0.34790500E+003  0.65682862E+003
 -0.81290767E+000 -0.63441020E+000 -0.27305327E+000 -0.55393821E-004  0.87469430E-001  0.17487809E+001  0.12092515E+002  0.59173299E+002  0.13400268E+003  0.34790497E+003  0.65682860E+003
 -0.81232343E+000 -0.63404752E+000 -0.27290263E+000 -0.56548992E-004  0.87112409E-001  0.17490865E+001  0.12095692E+002  0.59173268E+002  0.13400258E+003  0.34790494E+003  0.65682858E+003
 -0.81199618E+000 -0.63380590E+000 -0.27279687E+000 -0.57403241E-004  0.86806165E-001  0.17493123E+001  0.12098259E+002  0.59173244E+002  0.13400250E+003  0.34790491E+003  0.65682856E+003
 -0.81185607E+000 -0.63365972E+000 -0.27272762E+000 -0.58075266E-004  0.86605077E-001  0.17494734E+001  0.12100314E+002  0.59173224E+002  0.13400243E+003  0.34790488E+003  0.65682854E+003
 -0.81185556E+000 -0.63358959E+000 -0.27268853E+000 -0.58724385E-004  0.86470403E-001  0.17495814E+001  0.12101932E+002  0.59173209E+002  0.13400237E+003  0.34790486E+003  0.65682852E+003
 -0.81195485E+000 -0.63357790E+000 -0.27267364E+000 -0.59301415E-004  0.86373999E-001  0.17496462E+001  0.12103183E+002  0.59173196E+002  0.13400232E+003  0.34790484E+003  0.65682851E+003
 -0.81212644E+000 -0.63361141E+000 -0.27267838E+000 -0.59816779E-004  0.86298673E-001  0.17496759E+001  0.12104120E+002  0.59173184E+002  0.13400229E+003  0.34790482E+003  0.65682849E+003
 -0.81235027E+000 -0.63367973E+000 -0.27269899E+000 -0.60238759E-004  0.86234482E-001  0.17496772E+001  0.12104791E+002  0.59173174E+002  0.13400225E+003  0.34790481E+003  0.65682848E+003
 -0.81261027E+000 -0.63377416E+000 -0.27273215E+000 -0.60619772E-004  0.86176115E-001  0.17496558E+001  0.12105233E+002  0.59173166E+002  0.13400223E+003  0.34790480E+003  0.65682847E+003
 -0.81289546E+000 -0.63388818E+000 -0.27277526E+000 -0.60976612E-004  0.86120626E-001  0.17496159E+001  0.12105480E+002  0.59173160E+002  0.13400220E+003  0.34790479E+003  0.65682847E+003
 -0.81319913E+000 -0.63401657E+000 -0.27282628E+000 -0.61316019E-004  0.86066491E-001  0.17495604E+001  0.12105559E+002  0.59173154E+002  0.13400218E+003  0.34790478E+003  0.65682846E+003
 -0.81351430E+000 -0.63415513E+000 -0.27288340E+000 -0.61636822E-004  0.86013236E-001  0.17494920E+001  0.12105494E+002  0.59173150E+002  0.13400217E+003  0.34790477E+003  0.65682845E+003
 -0.81383594E+000 -0.63430057E+000 -0.27294513E+000 -0.61938233E-004  0.85960780E-001  0.17494129E+001  0.12105308E+002  0.59173146E+002  0.13400216E+003  0.34790476E+003  0.65682845E+003
 -0.81416186E+000 -0.63445041E+000 -0.27301033E+000 -0.62223234E-004  0.85909117E-001  0.17493247E+001  0.12105017E+002  0.59173143E+002  0.13400215E+003  0.34790476E+003  0.65682845E+003
 -0.81448861E+000 -0.63460258E+000 -0.27307796E+000 -0.62489632E-004  0.85858467E-001  0.17492289E+001  0.12104640E+002  0.59173140E+002  0.13400214E+003  0.34790475E+003  0.65682844E+003
 -0.81481421E+000 -0.63475567E+000 -0.27314720E+000 -0.62739445E-004  0.85808942E-001  0.17491268E+001  0.12104189E+002  0.59173138E+002  0.13400213E+003  0.34790475E+003  0.65682844E+003
 -0.81513679E+000 -0.63490848E+000 -0.27321735E+000 -0.62972212E-004  0.85760706E-001  0.17490199E+001  0.12103678E+002  0.59173136E+002  0.13400212E+003  0.34790475E+003  0.65682844E+003
 -0.81545529E+000 -0.63506020E+000 -0.27328786E+000 -0.63189321E-004  0.85713845E-001  0.17489093E+001  0.12103116E+002  0.59173134E+002  0.13400212E+003  0.34790474E+003  0.65682843E+003
 -0.81576896E+000 -0.63521025E+000 -0.27335827E+000 -0.63392030E-004  0.85668419E-001  0.17487958E+001  0.12102514E+002  0.59173133E+002  0.13400211E+003  0.34790474E+003  0.65682843E+003
 -0.81607715E+000 -0.63535815E+000 -0.27342818E+000 -0.63580619E-004  0.85624494E-001  0.17486801E+001  0.12101877E+002  0.59173132E+002  0.13400211E+003  0.34790474E+003  0.65682843E+003
 -0.81637967E+000 -0.63550364E+000 -0.27349729E+000 -0.63756538E-004  0.85582081E-001  0.17485629E+001  0.12101212E+002  0.59173131E+002  0.13400211E+003  0.34790474E+003  0.65682843E+003
 -0.81667634E+000 -0.63564653E+000 -0.27356534E+000 -0.63920532E-004  0.85541196E-001  0.17484447E+001  0.12100524E+002  0.59173130E+002  0.13400210E+003  0.34790474E+003  0.65682843E+003
 -0.81696716E+000 -0.63578675E+000 -0.27370140E+000 -0.64073564E-004  0.85501835E-001  0.17483260E+001  0.12099816E+002  0.59173130E+002  0.13400210E+003  0.34790474E+003  0.65682843E+003
 -0.81725218E+000 -0.63592425E+000 -0.27387307E+000 -0.64216422E-004  0.85463988E-001  0.17482074E+001  0.12099091E+002  0.59173129E+002  0.13400210E+003  0.34790473E+003  0.65682843E+003
 -0.81753154E+000 -0.63605906E+000 -0.27404068E+000 -0.64349867E-004  0.85427640E-001  0.17480891E+001  0.12098351E+002  0.59173129E+002  0.13400210E+003  0.34790473E+003  0.65682843E+003
 -0.81780539E+000 -0.63619123E+000 -0.27420397E+000 -0.64474563E-004  0.85392771E-001  0.17479717E+001  0.12097595E+002  0.59173128E+002  0.13400210E+003  0.34790473E+003  0.65682843E+003
 -0.81807391E+000 -0.63632084E+000 -0.27436274E+000 -0.64591182E-004  0.85359358E-001  0.17478554E+001  0.12096826E+002  0.59173128E+002  0.13400209E+003  0.34790473E+003  0.65682843E+003
 -0.81833727E+000 -0.63644797E+000 -0.27451685E+000 -0.64700229E-004  0.85327378E-001  0.17477405E+001  0.12096042E+002  0.59173128E+002  0.13400209E+003  0.34790473E+003  0.65682843E+003
 -0.81859575E+000 -0.63657268E+000 -0.27466618E+000 -0.64802229E-004  0.85296806E-001  0.17476273E+001  0.12095245E+002  0.59173127E+002  0.13400209E+003  0.34790473E+003  0.65682843E+003
 -0.81884953E+000 -0.63669507E+000 -0.27481066E+000 -0.64897660E-004  0.85267614E-001  0.17475159E+001  0.12094433E+002  0.59173127E+002  0.13400209E+003  0.34790473E+003  0.65682843E+003
 -0.81909873E+000 -0.63681521E+000 -0.27495025E+000 -0.64986940E-004  0.85239776E-001  0.17474064E+001  0.12093607E+002  0.59173127E+002  0.13400209E+003  0.34790473E+003  0.65682843E+003
 -0.81934348E+000 -0.63693316E+000 -0.27508494E+000 -0.65070466E-004  0.85213263E-001  0.17472992E+001  0.12092768E+002  0.59173127E+002  0.13400209E+003  0.34790473E+003  0.65682843E+003
 -0.81958388E+000 -0.63704899E+000 -0.27521473E+000 -0.65148628E-004  0.85188045E-001  0.17471941E+001  0.12091914E+002  0.59173127E+002  0.13400209E+003  0.34790473E+003  0.65682843E+003
 -0.81981998E+000 -0.63716271E+000 -0.27533963E+000 -0.65221695E-004  0.85164094E-001  0.17470915E+001  0.12091048E+002  0.59173126E+002  0.13400209E+003  0.34790473E+003  0.65682842E+003
 -0.82005184E+000 -0.63727435E+000 -0.27545966E+000 -0.65290042E-004  0.85141378E-001  0.17469912E+001  0.12090171E+002  0.59173126E+002  0.13400209E+003  0.34790473E+003  0.65682842E+003
 -0.82027946E+000 -0.63738389E+000 -0.27557487E+000 -0.65353891E-004  0.85119867E-001  0.17468934E+001  0.12089285E+002  0.59173126E+002  0.13400209E+003  0.34790473E+003  0.65682842E+003
 -0.82050281E+000 -0.63749132E+000 -0.27568530E+000 -0.65413590E-004  0.85099526E-001  0.17467981E+001  0.12088391E+002  0.59173126E+002  0.13400209E+003  0.34790473E+003  0.65682842E+003
 -0.82072184E+000 -0.63759658E+000 -0.27579100E+000 -0.65469355E-004  0.85080322E-001  0.17467054E+001  0.12087493E+002  0.59173126E+002  0.13400209E+003  0.34790473E+003  0.65682842E+003
 -0.82093644E+000 -0.63769962E+000 -0.27589201E+000 -0.65521463E-004  0.85062219E-001  0.17466153E+001  0.12086636E+002  0.59173126E+002  0.13400209E+003  0.34790473E+003  0.65682842E+003
 -0.82114646E+000 -0.63780036E+000 -0.27598840E+000 -0.65570092E-004  0.85045183E-001  0.17465279E+001  0.12085792E+002  0.59173126E+002  0.13400209E+003  0.34790473E+003  0.65682842E+003
 -0.82135176E+000 -0.63789872E+000 -0.27608021E+000 -0.65615501E-004  0.85029175E-001  0.17464432E+001  0.12084953E+002  0.59173126E+002  0.13400209E+003  0.34790473E+003  0.65682842E+003
 -0.82155210E+000 -0.63799457E+000 -0.27616752E+000 -0.65657826E-004  0.85014157E-001  0.17463613E+001  0.12084121E+002  0.59173126E+002  0.13400209E+003  0.34790473E+003  0.65682842E+003
 -0.82174728E+000 -0.63826155E+000 -0.27625039E+000 -0.65697325E-004  0.84994825E-001  0.17462821E+001  0.12083301E+002  0.59173125E+002  0.13400209E+003  0.34790473E+003  0.65682842E+003
 -0.82193703E+000 -0.63858439E+000 -0.27632889E+000 -0.65734102E-004  0.84962082E-001  0.17462059E+001  0.12082493E+002  0.59173125E+002  0.13400209E+003  0.34790473E+003  0.65682842E+003
 -0.82212108E+000 -0.63889711E+000 -0.27640310E+000 -0.65768340E-004  0.84931460E-001  0.17461326E+001  0.12081701E+002  0.59173125E+002  0.13400209E+003  0.34790473E+003  0.65682842E+003
 -0.82229916E+000 -0.63919930E+000 -0.27647311E+000 -0.65800166E-004  0.84902855E-001  0.17460623E+001  0.12080925E+002  0.59173125E+002  0.13400209E+003  0.34790473E+003  0.65682842E+003
 -0.82247099E+000 -0.63949057E+000 -0.27653900E+000 -0.65829715E-004  0.84876155E-001  0.17459950E+001  0.12080168E+002  0.59173125E+002  0.13400209E+003  0.34790473E+003  0.65682842E+003
 -0.82263632E+000 -0.63977057E+000 -0.27660088E+000 -0.65857143E-004  0.84851242E-001  0.17459308E+001  0.12079429E+002  0.59173125E+002  0.13400209E+003  0.34790473E+003  0.65682842E+003
 -0.82278076E+000 -0.64003895E+000 -0.27665886E+000 -0.65882557E-004  0.84827997E-001  0.17458697E+001  0.12078711E+002  0.59173125E+002  0.13400209E+003  0.34790473E+003  0.65682843E+003
 -0.82291175E+000 -0.64029544E+000 -0.27671304E+000 -0.65906039E-004  0.84806299E-001  0.17456593E+001  0.12078013E+002  0.59173125E+002  0.13400209E+003  0.34790473E+003  0.65682843E+003
 -0.82303652E+000 -0.64053976E+000 -0.27676354E+000 -0.65927696E-004  0.84786019E-001  0.17454218E+001  0.12077335E+002  0.59173125E+002  0.13400209E+003  0.34790473E+003  0.65682843E+003
 -0.82315492E+000 -0.64077175E+000 -0.27681048E+000 -0.65947609E-004  0.84767031E-001  0.17451976E+001  0.12076678E+002  0.59173125E+002  0.13400209E+003  0.34790473E+003  0.65682843E+003
 -0.82326684E+000 -0.64099126E+000 -0.27685400E+000 -0.65965891E-004  0.84749199E-001  0.17449867E+001  0.12076041E+002  0.59173124E+002  0.13400209E+003  0.34790473E+003  0.65682843E+003
 -0.82337220E+000 -0.64119823E+000 -0.27689422E+000 -0.65982620E-004  0.84732393E-001  0.17447891E+001  0.12075425E+002  0.59173124E+002  0.13400209E+003  0.34790473E+003  0.65682843E+003
 -0.82347096E+000 -0.64139266E+000 -0.27693129E+000 -0.65997877E-004  0.84716483E-001  0.17446047E+001  0.12074828E+002  0.59173124E+002  0.13400209E+003  0.34790473E+003  0.65682843E+003
 -0.82356315E+000 -0.64157460E+000 -0.27696533E+000 -0.66011759E-004  0.84701341E-001  0.17444332E+001  0.12074253E+002  0.59173124E+002  0.13400209E+003  0.34790473E+003  0.65682843E+003
 -0.82364880E+000 -0.64174418E+000 -0.27699649E+000 -0.66024326E-004  0.84686849E-001  0.17442746E+001  0.12073697E+002  0.59173124E+002  0.13400209E+003  0.34790473E+003  0.65682843E+003
 -0.82372802E+000 -0.64190157E+000 -0.27702491E+000 -0.66035660E-004  0.84672891E-001  0.17441284E+001  0.12073163E+002  0.59173124E+002  0.13400209E+003  0.34790473E+003  0.65682843E+003
 -0.82380095E+000 -0.64204702E+000 -0.27705073E+000 -0.66045845E-004  0.84659363E-001  0.17439945E+001  0.12072649E+002  0.59173124E+002  0.13400209E+003  0.34790473E+003  0.65682843E+003
 -0.82386776E+000 -0.64218084E+000 -0.27707410E+000 -0.66054957E-004  0.84646172E-001  0.17438724E+001  0.12072155E+002  0.59173124E+002  0.13400209E+003  0.34790473E+003  0.65682843E+003
 -0.82392867E+000 -0.64230336E+000 -0.27709514E+000 -0.66063044E-004  0.84633239E-001  0.17437617E+001  0.12071683E+002  0.59173124E+002  0.13400209E+003  0.34790473E+003  0.65682843E+003
 -0.82398392E+000 -0.64241499E+000 -0.27711399E+000 -0.66070200E-004  0.84620497E-001  0.17436620E+001  0.12071231E+002  0.59173124E+002  0.13400209E+003  0.34790473E+003  0.65682843E+003
 -0.82403377E+000 -0.64251616E+000 -0.27713080E+000 -0.66076454E-004  0.84607897E-001  0.17435727E+001  0.12070801E+002  0.59173123E+002  0.13400209E+003  0.34790473E+003  0.65682843E+003
 -0.82407852E+000 -0.64260734E+000 -0.27714569E+000 -0.66081910E-004  0.84595398E-001  0.17434933E+001  0.12070393E+002  0.59173123E+002  0.13400209E+003  0.34790473E+003  0.65682843E+003
 -0.82411846E+000 -0.64268904E+000 -0.27715880E+000 -0.66086588E-004  0.84582982E-001  0.17434233E+001  0.12070005E+002  0.59173123E+002  0.13400209E+003  0.34790473E+003  0.65682843E+003
 -0.82415391E+000 -0.64276178E+000 -0.27717024E+000 -0.66090566E-004  0.84570640E-001  0.17433621E+001  0.12069639E+002  0.59173123E+002  0.13400209E+003  0.34790473E+003  0.65682843E+003
 -0.82418518E+000 -0.64282611E+000 -0.27718015E+000 -0.66093883E-004  0.84558379E-001  0.17433091E+001  0.12069294E+002  0.59173123E+002  0.13400209E+003  0.34790473E+003  0.65682843E+003
 -0.82421258E+000 -0.64288258E+000 -0.27718864E+000 -0.66096601E-004  0.84546214E-001  0.17432638E+001  0.12068971E+002  0.59173123E+002  0.13400209E+003  0.34790473E+003  0.65682843E+003
 -0.82423645E+000 -0.64293175E+000 -0.27719583E+000 -0.66098755E-004  0.84534175E-001  0.17432255E+001  0.12068668E+002  0.59173123E+002  0.13400209E+003  0.34790474E+003  0.65682843E+003
 -0.82425708E+000 -0.64297418E+000 -0.27720183E+000 -0.66100411E-004  0.84522297E-001  0.17431937E+001  0.12068387E+002  0.59173123E+002  0.13400209E+003  0.34790474E+003  0.65682843E+003
 -0.82427477E+000 -0.64301044E+000 -0.27720675E+000 -0.66101590E-004  0.84510623E-001  0.17431677E+001  0.12068125E+002  0.59173123E+002  0.13400209E+003  0.34790474E+003  0.65682843E+003
 -0.82428982E+000 -0.64304108E+000 -0.27721070E+000 -0.66102363E-004  0.84499199E-001  0.17431471E+001  0.12067884E+002  0.59173123E+002  0.13400209E+003  0.34790474E+003  0.65682843E+003
 -0.82430251E+000 -0.64306663E+000 -0.27721378E+000 -0.66102752E-004  0.84488076E-001  0.17431312E+001  0.12067662E+002  0.59173123E+002  0.13400209E+003  0.34790474E+003  0.65682843E+003
 -0.82431308E+000 -0.64308762E+000 -0.27721608E+000 -0.66102814E-004  0.84477302E-001  0.17431195E+001  0.12067458E+002  0.59173123E+002  0.13400209E+003  0.34790474E+003  0.65682843E+003
 -0.82432180E+000 -0.64310454E+000 -0.27721770E+000 -0.66102574E-004  0.84466928E-001  0.17431115E+001  0.12067273E+002  0.59173123E+002  0.13400209E+003  0.34790474E+003  0.65682843E+003
 -0.82432893E+000 -0.64311785E+000 -0.27721872E+000 -0.66102085E-004  0.84456998E-001  0.17431068E+001  0.12067104E+002  0.59173122E+002  0.13400209E+003  0.34790474E+003  0.65682843E+003
 -0.82433473E+000 -0.64312798E+000 -0.27721923E+000 -0.66101382E-004  0.84447554E-001  0.17431048E+001  0.12066952E+002  0.59173122E+002  0.13400209E+003  0.34790474E+003  0.65682843E+003
 -0.82433937E+000 -0.64313538E+000 -0.27721930E+000 -0.66100492E-004  0.84438632E-001  0.17431050E+001  0.12066815E+002  0.59173122E+002  0.13400209E+003  0.34790474E+003  0.65682843E+003
 -0.82434301E+000 -0.64314043E+000 -0.27721901E+000 -0.66099461E-004  0.84430260E-001  0.17431072E+001  0.12066693E+002  0.59173122E+002  0.13400209E+003  0.34790474E+003  0.65682843E+003
 -0.82434580E+000 -0.64314351E+000 -0.27721842E+000 -0.66098309E-004  0.84422463E-001  0.17431110E+001  0.12066583E+002  0.59173122E+002  0.13400209E+003  0.34790474E+003  0.65682843E+003
 -0.82434787E+000 -0.64314495E+000 -0.27721759E+000 -0.66097075E-004  0.84415253E-001  0.17431159E+001  0.12066486E+002  0.59173122E+002  0.13400209E+003  0.34790474E+003  0.65682843E+003
 -0.82434934E+000 -0.64314504E+000 -0.27721657E+000 -0.66095774E-004  0.84408640E-001  0.17431217E+001  0.12066399E+002  0.59173122E+002  0.13400209E+003  0.34790474E+003  0.65682844E+003
 -0.82435031E+000 -0.64314405E+000 -0.27721542E+000 -0.66094445E-004  0.84402622E-001  0.17431280E+001  0.12066322E+002  0.59173122E+002  0.13400209E+003  0.34790474E+003  0.65682844E+003
 -0.82435087E+000 -0.64314221E+000 -0.27721417E+000 -0.66093090E-004  0.84397194E-001  0.17431348E+001  0.12066255E+002  0.59173122E+002  0.13400209E+003  0.34790474E+003  0.65682844E+003
 -0.82435111E+000 -0.64313972E+000 -0.27721286E+000 -0.66091742E-004  0.84392340E-001  0.17431416E+001  0.12066194E+002  0.59173122E+002  0.13400209E+003  0.34790474E+003  0.65682844E+003
 -0.82435108E+000 -0.64313676E+000 -0.27721153E+000 -0.66090412E-004  0.84388041E-001  0.17431484E+001  0.12066141E+002  0.59173122E+002  0.13400209E+003  0.34790474E+003  0.65682844E+003
 -0.82435085E+000 -0.64313348E+000 -0.27721019E+000 -0.66089109E-004  0.84384275E-001  0.17431549E+001  0.12066094E+002  0.59173122E+002  0.13400209E+003  0.34790474E+003  0.65682844E+003
 -0.82435046E+000 -0.64312998E+000 -0.27720888E+000 -0.66087846E-004  0.84381011E-001  0.17431609E+001  0.12066051E+002  0.59173122E+002  0.13400209E+003  0.34790474E+003  0.65682844E+003
 -0.82434995E+000 -0.64312639E+000 -0.27720761E+000 -0.66086636E-004  0.84378217E-001  0.17431665E+001  0.12066013E+002  0.59173122E+002  0.13400209E+003  0.34790475E+003  0.65682844E+003
 -0.82434936E+000 -0.64312278E+000 -0.27720638E+000 -0.66085483E-004  0.84375859E-001  0.17431714E+001  0.12065979E+002  0.59173122E+002  0.13400209E+003  0.34790475E+003  0.65682844E+003
 -0.82434870E+000 -0.64311921E+000 -0.27720522E+000 -0.66084385E-004  0.84373902E-001  0.17431755E+001  0.12065947E+002  0.59173122E+002  0.13400209E+003  0.34790475E+003  0.65682844E+003
 -0.82434800E+000 -0.64311572E+000 -0.27720413E+000 -0.66083358E-004  0.84372306E-001  0.17431789E+001  0.12065918E+002  0.59173122E+002  0.13400209E+003  0.34790475E+003  0.65682844E+003
 -0.82434727E+000 -0.64311237E+000 -0.27720312E+000 -0.66082394E-004  0.84371038E-001  0.17431813E+001  0.12065891E+002  0.59173122E+002  0.13400209E+003  0.34790475E+003  0.65682844E+003
 -0.82434652E+000 -0.64310917E+000 -0.27720218E+000 -0.66081497E-004  0.84370059E-001  0.17431829E+001  0.12065866E+002  0.59173122E+002  0.13400209E+003  0.34790475E+003  0.65682845E+003
 -0.82434577E+000 -0.64310613E+000 -0.27720132E+000 -0.66080667E-004  0.84369334E-001  0.17431835E+001  0.12065841E+002  0.59173121E+002  0.13400209E+003  0.34790475E+003  0.65682845E+003
 -0.82434502E+000 -0.64310327E+000 -0.27720054E+000 -0.66079903E-004  0.84368831E-001  0.17431831E+001  0.12065818E+002  0.59173121E+002  0.13400209E+003  0.34790475E+003  0.65682845E+003
 -0.82434428E+000 -0.64310060E+000 -0.27719983E+000 -0.66079204E-004  0.84368516E-001  0.17431818E+001  0.12065796E+002  0.59173121E+002  0.13400209E+003  0.34790475E+003  0.65682845E+003
 -0.82434354E+000 -0.64309810E+000 -0.27719920E+000 -0.66078566E-004  0.84368362E-001  0.17431795E+001  0.12065774E+002  0.59173121E+002  0.13400209E+003  0.34790475E+003  0.65682845E+003
 -0.82434282E+000 -0.64309579E+000 -0.27719863E+000 -0.66077988E-004  0.84368341E-001  0.17431762E+001  0.12065752E+002  0.59173121E+002  0.13400209E+003  0.34790475E+003  0.65682845E+003
 -0.82434211E+000 -0.64309364E+000 -0.27719813E+000 -0.66077466E-004  0.84368428E-001  0.17431721E+001  0.12065731E+002  0.59173121E+002  0.13400209E+003  0.34790475E+003  0.65682845E+003
 -0.82434142E+000 -0.64309166E+000 -0.27719770E+000 -0.66077000E-004  0.84368602E-001  0.17431671E+001  0.12065710E+002  0.59173121E+002  0.13400209E+003  0.34790475E+003  0.65682845E+003
 -0.82434074E+000 -0.64308984E+000 -0.27719732E+000 -0.66076581E-004  0.84368843E-001  0.17431612E+001  0.12065689E+002  0.59173121E+002  0.13400209E+003  0.34790475E+003  0.65682845E+003
 -0.82434008E+000 -0.64308816E+000 -0.27719699E+000 -0.66076210E-004  0.84369135E-001  0.17431546E+001  0.12065668E+002  0.59173121E+002  0.13400209E+003  0.34790475E+003  0.65682846E+003
 -0.82433944E+000 -0.64308661E+000 -0.27719671E+000 -0.66075884E-004  0.84369461E-001  0.17431473E+001  0.12065646E+002  0.59173121E+002  0.13400209E+003  0.34790475E+003  0.65682846E+003
 -0.82433882E+000 -0.64308519E+000 -0.27719647E+000 -0.66075596E-004  0.84369811E-001  0.17431393E+001  0.12065625E+002  0.59173121E+002  0.13400209E+003  0.34790476E+003  0.65682846E+003
 -0.82433822E+000 -0.64308389E+000 -0.27719628E+000 -0.66075345E-004  0.84370174E-001  0.17431307E+001  0.12065603E+002  0.59173121E+002  0.13400209E+003  0.34790476E+003  0.65682846E+003
 -0.82433764E+000 -0.64308270E+000 -0.27719611E+000 -0.66075130E-004  0.84370540E-001  0.17431216E+001  0.12065581E+002  0.59173121E+002  0.13400209E+003  0.34790476E+003  0.65682846E+003
 -0.82433708E+000 -0.64308161E+000 -0.27719599E+000 -0.66074944E-004  0.84370903E-001  0.17431120E+001  0.12065558E+002  0.59173121E+002  0.13400209E+003  0.34790476E+003  0.65682846E+003
 -0.82433655E+000 -0.64308062E+000 -0.27719588E+000 -0.66074787E-004  0.84371257E-001  0.17431021E+001  0.12065535E+002  0.59173121E+002  0.13400209E+003  0.34790476E+003  0.65682846E+003
 -0.82433603E+000 -0.64307971E+000 -0.27719581E+000 -0.66074654E-004  0.84371598E-001  0.17430920E+001  0.12065512E+002  0.59173121E+002  0.13400208E+003  0.34790476E+003  0.65682847E+003
 -0.82433555E+000 -0.64307888E+000 -0.27719575E+000 -0.66074544E-004  0.84371923E-001  0.17430816E+001  0.12065487E+002  0.59173121E+002  0.13400208E+003  0.34790476E+003  0.65682847E+003
 -0.82433508E+000 -0.64307812E+000 -0.27719571E+000 -0.66074454E-004  0.84372228E-001  0.17430710E+001  0.12065462E+002  0.59173120E+002  0.13400208E+003  0.34790476E+003  0.65682847E+003
 -0.82433465E+000 -0.64307743E+000 -0.27719569E+000 -0.66074382E-004  0.84372512E-001  0.17430604E+001  0.12065436E+002  0.59173120E+002  0.13400208E+003  0.34790476E+003  0.65682847E+003
 -0.82433423E+000 -0.64307681E+000 -0.27719569E+000 -0.66074325E-004  0.84372775E-001  0.17430498E+001  0.12065410E+002  0.59173120E+002  0.13400208E+003  0.34790476E+003  0.65682847E+003
 -0.82433384E+000 -0.64307625E+000 -0.27719569E+000 -0.66074283E-004  0.84373016E-001  0.17430392E+001  0.12065382E+002  0.59173120E+002  0.13400208E+003  0.34790476E+003  0.65682847E+003
 -0.82433348E+000 -0.64307573E+000 -0.27719571E+000 -0.66074253E-004  0.84373235E-001  0.17430287E+001  0.12065353E+002  0.59173120E+002  0.13400208E+003  0.34790476E+003  0.65682848E+003
 -0.82433314E+000 -0.64307528E+000 -0.27719573E+000 -0.66074233E-004  0.84373432E-001  0.17430184E+001  0.12065324E+002  0.59173120E+002  0.13400208E+003  0.34790476E+003  0.65682848E+003
 -0.82433283E+000 -0.64307486E+000 -0.27719577E+000 -0.66074223E-004  0.84373608E-001  0.17430084E+001  0.12065293E+002  0.59173120E+002  0.13400208E+003  0.34790476E+003  0.65682848E+003
 -0.82433254E+000 -0.64307450E+000 -0.27719580E+000 -0.66074221E-004  0.84373764E-001  0.17429985E+001  0.12065262E+002  0.59173120E+002  0.13400208E+003  0.34790476E+003  0.65682848E+003
 -0.82433227E+000 -0.64307417E+000 -0.27719585E+000 -0.66074226E-004  0.84373901E-001  0.17429890E+001  0.12065229E+002  0.59173120E+002  0.13400208E+003  0.34790476E+003  0.65682848E+003
 -0.82433203E+000 -0.64307389E+000 -0.27719589E+000 -0.66074237E-004  0.84374019E-001  0.17429798E+001  0.12065195E+002  0.59173120E+002  0.13400208E+003  0.34790476E+003  0.65682848E+003
 -0.82433181E+000 -0.64307364E+000 -0.27719594E+000 -0.66074254E-004  0.84374119E-001  0.17429709E+001  0.12065161E+002  0.59173120E+002  0.13400208E+003  0.34790476E+003  0.65682848E+003
 -0.82433161E+000 -0.64307343E+000 -0.27719599E+000 -0.66074274E-004  0.84374204E-001  0.17429624E+001  0.12065125E+002  0.59173120E+002  0.13400208E+003  0.34790476E+003  0.65682848E+003
 -0.82433143E+000 -0.64307325E+000 -0.27719605E+000 -0.66074300E-004  0.84374273E-001  0.17429543E+001  0.12065089E+002  0.59173120E+002  0.13400208E+003  0.34790476E+003  0.65682849E+003
 -0.82433128E+000 -0.64307310E+000 -0.27719610E+000 -0.66074328E-004  0.84374328E-001  0.17429465E+001  0.12065051E+002  0.59173120E+002  0.13400208E+003  0.34790476E+003  0.65682849E+003
 -0.82433114E+000 -0.64307298E+000 -0.27719616E+000 -0.66074360E-004  0.84374369E-001  0.17429392E+001  0.12065013E+002  0.59173120E+002  0.13400208E+003  0.34790476E+003  0.65682849E+003
 -0.82433102E+000 -0.64307289E+000 -0.27719622E+000 -0.66074393E-004  0.84374399E-001  0.17429322E+001  0.12064974E+002  0.59173120E+002  0.13400208E+003  0.34790476E+003  0.65682849E+003
 -0.82433092E+000 -0.64307282E+000 -0.27719628E+000 -0.66074430E-004  0.84374417E-001  0.17429256E+001  0.12064935E+002  0.59173120E+002  0.13400208E+003  0.34790476E+003  0.65682849E+003
 -0.82433084E+000 -0.64307278E+000 -0.27719634E+000 -0.66074468E-004  0.84374425E-001  0.17429194E+001  0.12064895E+002  0.59173120E+002  0.13400208E+003  0.34790476E+003  0.65682849E+003
 -0.82433077E+000 -0.64307277E+000 -0.27719639E+000 -0.66074509E-004  0.84374423E-001  0.17429136E+001  0.12064855E+002  0.59173120E+002  0.13400208E+003  0.34790476E+003  0.65682849E+003
 -0.82433072E+000 -0.64307277E+000 -0.27719645E+000 -0.66074550E-004  0.84374412E-001  0.17429082E+001  0.12064814E+002  0.59173120E+002  0.13400208E+003  0.34790476E+003  0.65682849E+003
 -0.82433069E+000 -0.64307280E+000 -0.27719651E+000 -0.66074594E-004  0.84374393E-001  0.17429031E+001  0.12064774E+002  0.59173120E+002  0.13400208E+003  0.34790476E+003  0.65682849E+003
 -0.82433067E+000 -0.64307284E+000 -0.27719658E+000 -0.66074639E-004  0.84374367E-001  0.17428983E+001  0.12064733E+002  0.59173120E+002  0.13400208E+003  0.34790476E+003  0.65682850E+003
 -0.82433066E+000 -0.64307291E+000 -0.27719664E+000 -0.66074685E-004  0.84374334E-001  0.17428939E+001  0.12064692E+002  0.59173119E+002  0.13400208E+003  0.34790476E+003  0.65682850E+003
 -0.82433066E+000 -0.64307299E+000 -0.27719670E+000 -0.66074732E-004  0.84374295E-001  0.17428897E+001  0.12064652E+002  0.59173119E+002  0.13400208E+003  0.34790476E+003  0.65682850E+003
 -0.82433068E+000 -0.64307308E+000 -0.27719676E+000 -0.66074781E-004  0.84374250E-001  0.17428859E+001  0.12064612E+002  0.59173119E+002  0.13400208E+003  0.34790476E+003  0.65682850E+003
 -0.82433070E+000 -0.64307320E+000 -0.27719682E+000 -0.66074830E-004  0.84374200E-001  0.17428823E+001  0.12064572E+002  0.59173119E+002  0.13400208E+003  0.34790476E+003  0.65682850E+003
 -0.82433074E+000 -0.64307333E+000 -0.27719688E+000 -0.66074881E-004  0.84374146E-001  0.17428790E+001  0.12064533E+002  0.59173119E+002  0.13400208E+003  0.34790476E+003  0.65682850E+003
 -0.82433078E+000 -0.64307347E+000 -0.27719695E+000 -0.66074932E-004  0.84374087E-001  0.17428759E+001  0.12064495E+002  0.59173119E+002  0.13400208E+003  0.34790476E+003  0.65682850E+003
 -0.82433084E+000 -0.64307362E+000 -0.27719701E+000 -0.66074984E-004  0.84374025E-001  0.17428730E+001  0.12064457E+002  0.59173119E+002  0.13400208E+003  0.34790476E+003  0.65682850E+003
 -0.82433090E+000 -0.64307378E+000 -0.27719707E+000 -0.66075037E-004  0.84373959E-001  0.17428703E+001  0.12064420E+002  0.59173119E+002  0.13400208E+003  0.34790476E+003  0.65682850E+003
 -0.82433097E+000 -0.64307396E+000 -0.27719713E+000 -0.66075090E-004  0.84373891E-001  0.17428678E+001  0.12064384E+002  0.59173119E+002  0.13400208E+003  0.34790475E+003  0.65682850E+003
 -0.82433105E+000 -0.64307414E+000 -0.27719720E+000 -0.66075144E-004  0.84373820E-001  0.17428655E+001  0.12064349E+002  0.59173119E+002  0.13400208E+003  0.34790475E+003  0.65682850E+003
 -0.82433113E+000 -0.64307433E+000 -0.27719726E+000 -0.66075198E-004  0.84373747E-001  0.17428634E+001  0.12064315E+002  0.59173119E+002  0.13400208E+003  0.34790475E+003  0.65682850E+003
 -0.82433122E+000 -0.64307453E+000 -0.27719732E+000 -0.66075253E-004  0.84373672E-001  0.17428613E+001  0.12064282E+002  0.59173119E+002  0.13400208E+003  0.34790475E+003  0.65682850E+003
 -0.82433131E+000 -0.64307474E+000 -0.27719739E+000 -0.66075308E-004  0.84373596E-001  0.17428595E+001  0.12064250E+002  0.59173119E+002  0.13400208E+003  0.34790475E+003  0.65682850E+003
 -0.82433140E+000 -0.64307495E+000 -0.27719745E+000 -0.66075363E-004  0.84373519E-001  0.17428577E+001  0.12064220E+002  0.59173119E+002  0.13400208E+003  0.34790475E+003  0.65682850E+003
 -0.82433150E+000 -0.64307516E+000 -0.27719751E+000 -0.66075418E-004  0.84373441E-001  0.17428560E+001  0.12064190E+002  0.59173119E+002  0.13400207E+003  0.34790475E+003  0.65682850E+003
 -0.82433160E+000 -0.64307538E+000 -0.27719758E+000 -0.66075473E-004  0.84373362E-001  0.17428545E+001  0.12064161E+002  0.59173119E+002  0.13400207E+003  0.34790475E+003  0.65682850E+003
 -0.82433171E+000 -0.64307560E+000 -0.27719764E+000 -0.66075528E-004  0.84373283E-001  0.17428530E+001  0.12064134E+002  0.59173119E+002  0.13400207E+003  0.34790475E+003  0.65682850E+003
 -0.82433182E+000 -0.64307583E+000 -0.27719770E+000 -0.66075582E-004  0.84373204E-001  0.17428516E+001  0.12064108E+002  0.59173119E+002  0.13400207E+003  0.34790475E+003  0.65682850E+003
 -0.82433192E+000 -0.64307605E+000 -0.27719776E+000 -0.66075636E-004  0.84373126E-001  0.17428503E+001  0.12064083E+002  0.59173119E+002  0.13400207E+003  0.34790475E+003  0.65682850E+003
 -0.82433203E+000 -0.64307628E+000 -0.27719782E+000 -0.66075690E-004  0.84373048E-001  0.17428490E+001  0.12064059E+002  0.59173119E+002  0.13400207E+003  0.34790475E+003  0.65682850E+003
 -0.82433214E+000 -0.64307650E+000 -0.27719788E+000 -0.66075743E-004  0.84372970E-001  0.17428479E+001  0.12064036E+002  0.59173119E+002  0.13400207E+003  0.34790475E+003  0.65682850E+003
 -0.82433225E+000 -0.64307672E+000 -0.27719794E+000 -0.66075795E-004  0.84372894E-001  0.17428467E+001  0.12064014E+002  0.59173119E+002  0.13400207E+003  0.34790475E+003  0.65682850E+003
 -0.82433236E+000 -0.64307695E+000 -0.27719800E+000 -0.66075846E-004  0.84372818E-001  0.17428456E+001  0.12063994E+002  0.59173119E+002  0.13400207E+003  0.34790474E+003  0.65682849E+003
 -0.82433247E+000 -0.64307717E+000 -0.27719806E+000 -0.66075897E-004  0.84372744E-001  0.17428446E+001  0.12063974E+002  0.59173119E+002  0.13400207E+003  0.34790474E+003  0.65682849E+003
 -0.82433258E+000 -0.64307738E+000 -0.27719811E+000 -0.66075946E-004  0.84372671E-001  0.17428436E+001  0.12063955E+002  0.59173119E+002  0.13400207E+003  0.34790474E+003  0.65682849E+003
 -0.82433268E+000 -0.64307759E+000 -0.27719817E+000 -0.66075995E-004  0.84372600E-001  0.17428427E+001  0.12063937E+002  0.59173119E+002  0.13400207E+003  0.34790474E+003  0.65682849E+003
 -0.82433279E+000 -0.64307780E+000 -0.27719822E+000 -0.66076042E-004  0.84372531E-001  0.17428418E+001  0.12063921E+002  0.59173119E+002  0.13400207E+003  0.34790474E+003  0.65682849E+003
 -0.82433289E+000 -0.64307801E+000 -0.27719828E+000 -0.66076088E-004  0.84372463E-001  0.17428409E+001  0.12063905E+002  0.59173119E+002  0.13400207E+003  0.34790474E+003  0.65682849E+003
 -0.82433299E+000 -0.64307821E+000 -0.27719833E+000 -0.66076133E-004  0.84372397E-001  0.17428401E+001  0.12063890E+002  0.59173119E+002  0.13400207E+003  0.34790474E+003  0.65682849E+003
 -0.82433309E+000 -0.64307840E+000 -0.27719838E+000 -0.66076176E-004  0.84372334E-001  0.17428393E+001  0.12063876E+002  0.59173119E+002  0.13400207E+003  0.34790474E+003  0.65682849E+003
 -0.82433319E+000 -0.64307859E+000 -0.27719842E+000 -0.66076218E-004  0.84372272E-001  0.17428385E+001  0.12063862E+002  0.59173119E+002  0.13400207E+003  0.34790474E+003  0.65682849E+003
 -0.82433328E+000 -0.64307878E+000 -0.27719847E+000 -0.66076259E-004  0.84372212E-001  0.17428377E+001  0.12063850E+002  0.59173119E+002  0.13400207E+003  0.34790474E+003  0.65682848E+003
 -0.82433337E+000 -0.64307896E+000 -0.27719852E+000 -0.66076299E-004  0.84372155E-001  0.17428370E+001  0.12063838E+002  0.59173119E+002  0.13400207E+003  0.34790474E+003  0.65682848E+003
 -0.82433346E+000 -0.64307913E+000 -0.27719856E+000 -0.66076336E-004  0.84372100E-001  0.17428363E+001  0.12063826E+002  0.59173119E+002  0.13400207E+003  0.34790474E+003  0.65682848E+003
 -0.82433354E+000 -0.64307929E+000 -0.27719860E+000 -0.66076373E-004  0.84372047E-001  0.17428356E+001  0.12063816E+002  0.59173119E+002  0.13400207E+003  0.34790473E+003  0.65682848E+003
 -0.82433362E+000 -0.64307945E+000 -0.27719864E+000 -0.66076408E-004  0.84371997E-001  0.17428350E+001  0.12063806E+002  0.59173119E+002  0.13400207E+003  0.34790473E+003  0.65682848E+003
 -0.82433370E+000 -0.64307960E+000 -0.27719868E+000 -0.66076441E-004  0.84371948E-001  0.17428344E+001  0.12063796E+002  0.59173118E+002  0.13400207E+003  0.34790473E+003  0.65682848E+003
 -0.82433377E+000 -0.64307975E+000 -0.27719872E+000 -0.66076472E-004  0.84371903E-001  0.17428338E+001  0.12063787E+002  0.59173118E+002  0.13400207E+003  0.34790473E+003  0.65682848E+003
 -0.82433384E+000 -0.64307989E+000 -0.27719875E+000 -0.66076503E-004  0.84371859E-001  0.17428332E+001  0.12063779E+002  0.59173118E+002  0.13400207E+003  0.34790473E+003  0.65682848E+003
 -0.82433391E+000 -0.64308002E+000 -0.27719879E+000 -0.66076531E-004  0.84371818E-001  0.17428327E+001  0.12063771E+002  0.59173118E+002  0.13400207E+003  0.34790473E+003  0.65682847E+003
 -0.82433398E+000 -0.64308015E+000 -0.27719882E+000 -0.66076558E-004  0.84371778E-001  0.17428322E+001  0.12063763E+002  0.59173118E+002  0.13400207E+003  0.34790473E+003  0.65682847E+003
 -0.82433404E+000 -0.64308026E+000 -0.27719885E+000 -0.66076584E-004  0.84371741E-001  0.17428317E+001  0.12063756E+002  0.59173118E+002  0.13400207E+003  0.34790473E+003  0.65682847E+003
 -0.82433409E+000 -0.64308038E+000 -0.27719888E+000 -0.66076608E-004  0.84371707E-001  0.17428312E+001  0.12063750E+002  0.59173118E+002  0.13400207E+003  0.34790473E+003  0.65682847E+003
 -0.82433415E+000 -0.64308048E+000 -0.27719890E+000 -0.66076631E-004  0.84371674E-001  0.17428307E+001  0.12063743E+002  0.59173118E+002  0.13400207E+003  0.34790473E+003  0.65682847E+003
 -0.82433420E+000 -0.64308058E+000 -0.27719893E+000 -0.66076653E-004  0.84371643E-001  0.17428303E+001  0.12063737E+002  0.59173118E+002  0.13400207E+003  0.34790473E+003  0.65682847E+003
 -0.82433425E+000 -0.64308067E+000 -0.27719895E+000 -0.66076672E-004  0.84371614E-001  0.17428299E+001  0.12063732E+002  0.59173118E+002  0.13400207E+003  0.34790473E+003  0.65682847E+003
 -0.82433429E+000 -0.64308076E+000 -0.27719897E+000 -0.66076691E-004  0.84371588E-001  0.17428295E+001  0.12063726E+002  0.59173118E+002  0.13400207E+003  0.34790473E+003  0.65682846E+003
 -0.82433433E+000 -0.64308084E+000 -0.27719900E+000 -0.66076708E-004  0.84371563E-001  0.17428291E+001  0.12063722E+002  0.59173118E+002  0.13400207E+003  0.34790473E+003  0.65682846E+003
 -0.82433437E+000 -0.64308092E+000 -0.27719901E+000 -0.66076725E-004  0.84371540E-001  0.17428287E+001  0.12063717E+002  0.59173118E+002  0.13400207E+003  0.34790473E+003  0.65682846E+003
 -0.82433441E+000 -0.64308099E+000 -0.27719903E+000 -0.66076739E-004  0.84371518E-001  0.17428284E+001  0.12063712E+002  0.59173118E+002  0.13400207E+003  0.34790473E+003  0.65682846E+003
 -0.82433444E+000 -0.64308105E+000 -0.27719905E+000 -0.66076753E-004  0.84371498E-001  0.17428281E+001  0.12063708E+002  0.59173118E+002  0.13400207E+003  0.34790472E+003  0.65682846E+003
 -0.82433447E+000 -0.64308111E+000 -0.27719906E+000 -0.66076766E-004  0.84371480E-001  0.17428278E+001  0.12063704E+002  0.59173118E+002  0.13400207E+003  0.34790472E+003  0.65682846E+003
 -0.82433450E+000 -0.64308117E+000 -0.27719908E+000 -0.66076777E-004  0.84371464E-001  0.17428275E+001  0.12063701E+002  0.59173118E+002  0.13400207E+003  0.34790472E+003  0.65682846E+003
 -0.82433453E+000 -0.64308122E+000 -0.27719909E+000 -0.66076788E-004  0.84371448E-001  0.17428272E+001  0.12063697E+002  0.59173118E+002  0.13400207E+003  0.34790472E+003  0.65682845E+003
 -0.82433455E+000 -0.64308126E+000 -0.27719910E+000 -0.66076798E-004  0.84371434E-001  0.17428270E+001  0.12063694E+002  0.59173118E+002  0.13400207E+003  0.34790472E+003  0.65682845E+003
 -0.82433457E+000 -0.64308130E+000 -0.27719912E+000 -0.66076807E-004  0.84371421E-001  0.17428267E+001  0.12063691E+002  0.59173118E+002  0.13400207E+003  0.34790472E+003  0.65682845E+003
 -0.82433459E+000 -0.64308134E+000 -0.27719913E+000 -0.66076815E-004  0.84371410E-001  0.17428265E+001  0.12063688E+002  0.59173118E+002  0.13400207E+003  0.34790472E+003  0.65682845E+003
 -0.82433461E+000 -0.64308138E+000 -0.27719914E+000 -0.66076822E-004  0.84371399E-001  0.17428263E+001  0.12063685E+002  0.59173118E+002  0.13400207E+003  0.34790472E+003  0.65682845E+003
 -0.82433463E+000 -0.64308142E+000 -0.27719915E+000 -0.66076829E-004  0.84371389E-001  0.17428261E+001  0.12063682E+002  0.59173118E+002  0.13400207E+003  0.34790472E+003  0.65682845E+003
 -0.82433465E+000 -0.64308146E+000 -0.27719916E+000 -0.66076836E-004  0.84371380E-001  0.17428259E+001  0.12063680E+002  0.59173118E+002  0.13400207E+003  0.34790472E+003  0.65682845E+003
 -0.82433467E+000 -0.64308150E+000 -0.27719917E+000 -0.66076835E-004  0.84371371E-001  0.17428257E+001  0.12063677E+002  0.59173118E+002  0.13400207E+003  0.34790472E+003  0.65682845E+003
 -0.82433470E+000 -0.64308157E+000 -0.27719918E+000 -0.66076829E-004  0.84371363E-001  0.17428256E+001  0.12063675E+002  0.59173118E+002  0.13400207E+003  0.34790472E+003  0.65682844E+003
