  0.30294615E+002
  0.30252685E+002
  0.30217103E+002
  0.30186957E+002
  0.30161445E+002
  0.30139875E+002
  0.30121654E+002
  0.30106276E+002
  0.30093313E+002
  0.30082401E+002
  0.30073233E+002
  0.30065546E+002
  0.30059118E+002
  0.30053762E+002
  0.30049318E+002
  0.30045651E+002
  0.30042648E+002
  0.30040210E+002
  0.30038258E+002
  0.30036720E+002
  0.30035537E+002
  0.30034659E+002
  0.30034043E+002
  0.30033651E+002
  0.30033453E+002
  0.30033421E+002
  0.30033532E+002
  0.30033767E+002
  0.30034108E+002
  0.30034541E+002
  0.30035053E+002
  0.30035634E+002
  0.30036274E+002
  0.30036967E+002
  0.30037705E+002
  0.30038482E+002
  0.30039295E+002
  0.30040140E+002
  0.30041013E+002
  0.30041911E+002
  0.30042833E+002
  0.30043777E+002
  0.30044742E+002
  0.30045726E+002
  0.30046728E+002
  0.30047748E+002
  0.30048785E+002
  0.30049839E+002
  0.30050909E+002
  0.30051994E+002
  0.30053095E+002
  0.30054210E+002
  0.30055340E+002
  0.30056483E+002
  0.30057640E+002
  0.30058810E+002
  0.30059992E+002
  0.30061186E+002
  0.30062392E+002
  0.30063609E+002
  0.30064836E+002
  0.30066074E+002
  0.30067322E+002
  0.30068579E+002
  0.30069846E+002
  0.30071122E+002
  0.30072406E+002
  0.30073698E+002
  0.30074999E+002
  0.30076308E+002
  0.30077624E+002
  0.30078947E+002
  0.30080278E+002
  0.30081615E+002
  0.30082959E+002
  0.30084309E+002
  0.30085664E+002
  0.30087024E+002
  0.30088388E+002
  0.30089756E+002
  0.30091127E+002
  0.30092500E+002
  0.30093876E+002
  0.30095252E+002
  0.30096629E+002
  0.30098005E+002
  0.30099381E+002
  0.30100755E+002
  0.30102128E+002
  0.30103498E+002
  0.30104866E+002
  0.30106232E+002
  0.30107594E+002
  0.30108954E+002
  0.30110310E+002
  0.30111664E+002
  0.30113014E+002
  0.30114362E+002
  0.30115708E+002
  0.30117051E+002
  0.30118392E+002
  0.30119731E+002
  0.30121069E+002
  0.30122406E+002
  0.30123741E+002
  0.30125076E+002
  0.30126411E+002
  0.30127746E+002
  0.30129081E+002
  0.30130417E+002
  0.30131754E+002
  0.30133091E+002
  0.30134430E+002
  0.30135770E+002
  0.30137111E+002
  0.30138454E+002
  0.30139799E+002
  0.30141146E+002
  0.30142494E+002
  0.30143844E+002
  0.30145196E+002
  0.30146549E+002
  0.30147904E+002
  0.30149260E+002
  0.30150617E+002
  0.30151976E+002
  0.30153335E+002
  0.30154695E+002
  0.30156056E+002
  0.30157416E+002
  0.30158776E+002
  0.30160135E+002
  0.30161493E+002
  0.30162850E+002
  0.30164205E+002
  0.30165557E+002
  0.30166907E+002
  0.30168254E+002
  0.30169597E+002
  0.30170935E+002
  0.30172269E+002
  0.30173598E+002
  0.30174921E+002
  0.30176238E+002
  0.30177548E+002
  0.30178851E+002
  0.30180146E+002
  0.30181432E+002
  0.30182710E+002
  0.30183978E+002
  0.30185236E+002
  0.30186483E+002
  0.30187720E+002
  0.30188945E+002
  0.30190157E+002
  0.30191358E+002
  0.30192545E+002
  0.30193719E+002
  0.30194878E+002
  0.30196024E+002
  0.30197154E+002
  0.30198270E+002
  0.30199370E+002
  0.30200453E+002
  0.30201521E+002
  0.30202572E+002
  0.30203606E+002
  0.30204623E+002
  0.30205622E+002
  0.30206604E+002
  0.30207568E+002
  0.30208514E+002
  0.30209441E+002
  0.30210350E+002
  0.30211241E+002
  0.30212113E+002
  0.30212966E+002
  0.30213801E+002
  0.30214616E+002
  0.30215413E+002
  0.30216191E+002
  0.30216950E+002
  0.30217691E+002
  0.30218413E+002
  0.30219116E+002
  0.30219801E+002
  0.30220467E+002
  0.30221115E+002
  0.30221745E+002
  0.30222358E+002
  0.30222952E+002
  0.30223529E+002
  0.30224089E+002
  0.30224631E+002
  0.30225157E+002
  0.30225666E+002
  0.30226159E+002
  0.30226636E+002
  0.30227097E+002
  0.30227542E+002
