  0.20750275E+001  0.12784056E+001  0.89910373E+001  0.10883400E+003
  0.20424127E+001  0.11342477E+001  0.86891453E+001  0.10914495E+003
  0.19087358E+001  0.11757373E+001  0.86174051E+001  0.10916655E+003
  0.18885397E+001  0.11664250E+001  0.83707961E+001  0.10932208E+003
  0.17881590E+001  0.11639643E+001  0.80964598E+001  0.10959721E+003
  0.17406301E+001  0.10745443E+001  0.75833885E+001  0.11016095E+003
  0.17249452E+001  0.89985732E+000  0.75838765E+001  0.11027795E+003
  0.17079463E+001  0.90125995E+000  0.75366059E+001  0.11027931E+003
  0.16960175E+001  0.89604224E+000  0.75261715E+001  0.11025503E+003
  0.16893550E+001  0.89190257E+000  0.74461878E+001  0.11030217E+003
  0.16733788E+001  0.89750116E+000  0.74207726E+001  0.11030129E+003
  0.16396335E+001  0.91441407E+000  0.74140460E+001  0.11029410E+003
  0.15491263E+001  0.99932668E+000  0.73861870E+001  0.11030185E+003
  0.15334909E+001  0.10092456E+001  0.73792667E+001  0.11029306E+003
  0.15310627E+001  0.10078389E+001  0.73721745E+001  0.11028621E+003
  0.15236261E+001  0.10132868E+001  0.73451119E+001  0.11030059E+003
  0.15213006E+001  0.10122182E+001  0.73346925E+001  0.11030239E+003
  0.15162417E+001  0.10167372E+001  0.73192391E+001  0.11030864E+003
  0.15125200E+001  0.10198306E+001  0.73191846E+001  0.11030151E+003
  0.15102138E+001  0.10155669E+001  0.73190161E+001  0.11030210E+003
  0.15064327E+001  0.10183705E+001  0.73196032E+001  0.11029775E+003
  0.15023201E+001  0.10223083E+001  0.73189525E+001  0.11029507E+003
  0.14986966E+001  0.10255394E+001  0.72353830E+001  0.11037656E+003
  0.14987139E+001  0.10254822E+001  0.72355900E+001  0.11037483E+003
  0.14982338E+001  0.10259615E+001  0.72357471E+001  0.11037388E+003
  0.14982625E+001  0.10259428E+001  0.71411306E+001  0.11046836E+003
  0.14982708E+001  0.10259489E+001  0.70834053E+001  0.11052652E+003
  0.14982909E+001  0.10259677E+001  0.70828366E+001  0.11052799E+003
  0.14981689E+001  0.10261393E+001  0.70828380E+001  0.11052930E+003
  0.14982050E+001  0.10261682E+001  0.70828685E+001  0.11053093E+003
  0.14982121E+001  0.10262312E+001  0.70828963E+001  0.11053289E+003
  0.14982490E+001  0.10260579E+001  0.70831326E+001  0.11053511E+003
  0.14982883E+001  0.10260944E+001  0.70831586E+001  0.11053757E+003
  0.14983286E+001  0.10261338E+001  0.70868566E+001  0.11044820E+003
  0.14983696E+001  0.10261748E+001  0.70861107E+001  0.11046312E+003
  0.14984115E+001  0.10262173E+001  0.70853997E+001  0.11047765E+003
  0.14984540E+001  0.10262611E+001  0.70847242E+001  0.11049174E+003
  0.14984973E+001  0.10263062E+001  0.70840848E+001  0.11050540E+003
  0.14985411E+001  0.10263525E+001  0.70834818E+001  0.11051858E+003
  0.14985855E+001  0.10263999E+001  0.70829156E+001  0.11053129E+003
  0.14986305E+001  0.10264482E+001  0.70823865E+001  0.11054351E+003
  0.14986760E+001  0.10264975E+001  0.70818945E+001  0.11055524E+003
  0.14987220E+001  0.10265477E+001  0.70814397E+001  0.11056646E+003
  0.14987685E+001  0.10265986E+001  0.70810668E+001  0.11057648E+003
  0.14988155E+001  0.10266502E+001  0.70810892E+001  0.11058037E+003
  0.14988629E+001  0.10267035E+001  0.70811111E+001  0.11058433E+003
  0.14989107E+001  0.10267563E+001  0.70811351E+001  0.11058835E+003
  0.14989590E+001  0.10268096E+001  0.70811603E+001  0.11059244E+003
  0.14990076E+001  0.10268634E+001  0.70811868E+001  0.11059659E+003
  0.14990566E+001  0.10269177E+001  0.70812148E+001  0.11060080E+003
  0.14991059E+001  0.10269723E+001  0.70812446E+001  0.11060507E+003
  0.14991555E+001  0.10270273E+001  0.70812764E+001  0.11060940E+003
  0.14992053E+001  0.10270828E+001  0.70813102E+001  0.11061377E+003
  0.14992554E+001  0.10271386E+001  0.70813464E+001  0.11061821E+003
  0.14993055E+001  0.10271947E+001  0.70813849E+001  0.11062269E+003
  0.14993572E+001  0.10274629E+001  0.70812129E+001  0.11062722E+003
  0.14994076E+001  0.10275199E+001  0.70812566E+001  0.11063180E+003
  0.14994580E+001  0.10275773E+001  0.70813030E+001  0.11063642E+003
  0.14995084E+001  0.10276350E+001  0.70815543E+001  0.11064088E+003
  0.14995586E+001  0.10276932E+001  0.70816068E+001  0.11064559E+003
  0.14996173E+001  0.10277431E+001  0.70816622E+001  0.11065034E+003
  0.14996672E+001  0.10278020E+001  0.70817207E+001  0.11065512E+003
  0.14997168E+001  0.10278613E+001  0.70817823E+001  0.11065994E+003
  0.14997661E+001  0.10279210E+001  0.70818469E+001  0.11066480E+003
  0.14998158E+001  0.10279802E+001  0.70840550E+001  0.11066755E+003
  0.14998643E+001  0.10280406E+001  0.70841260E+001  0.11067247E+003
  0.14999122E+001  0.10281012E+001  0.70842002E+001  0.11067742E+003
  0.14999595E+001  0.10281623E+001  0.70842773E+001  0.11068241E+003
  0.15000062E+001  0.10282249E+001  0.70843563E+001  0.11068742E+003
  0.15000522E+001  0.10282877E+001  0.70844385E+001  0.11069247E+003
  0.15000974E+001  0.10283597E+001  0.70882931E+001  0.11063817E+003
  0.15001418E+001  0.10284222E+001  0.70884762E+001  0.11064179E+003
  0.15002063E+001  0.10284635E+001  0.70886685E+001  0.11064535E+003
  0.15002489E+001  0.10285251E+001  0.70888694E+001  0.11064886E+003
  0.15002907E+001  0.10285862E+001  0.70890788E+001  0.11065231E+003
  0.15003315E+001  0.10286466E+001  0.70892962E+001  0.11065573E+003
  0.15003712E+001  0.10287061E+001  0.70895212E+001  0.11065910E+003
  0.15004100E+001  0.10287647E+001  0.70897536E+001  0.11066243E+003
  0.15004477E+001  0.10288223E+001  0.70899929E+001  0.11066574E+003
  0.15004843E+001  0.10288788E+001  0.70902387E+001  0.11066901E+003
  0.15005198E+001  0.10289341E+001  0.70904907E+001  0.11067226E+003
  0.15005543E+001  0.10289882E+001  0.70907483E+001  0.11067548E+003
  0.15005877E+001  0.10290410E+001  0.70910113E+001  0.11067869E+003
  0.15006200E+001  0.10290925E+001  0.70912791E+001  0.11068188E+003
  0.15006512E+001  0.10291426E+001  0.70915513E+001  0.11068504E+003
  0.15006813E+001  0.10291913E+001  0.70918274E+001  0.11068820E+003
  0.15007104E+001  0.10292387E+001  0.70921069E+001  0.11069134E+003
  0.15007385E+001  0.10292846E+001  0.70923895E+001  0.11069447E+003
  0.15007655E+001  0.10293290E+001  0.70926745E+001  0.11069760E+003
  0.15007915E+001  0.10293721E+001  0.70929615E+001  0.11070071E+003
  0.15008166E+001  0.10294137E+001  0.70932500E+001  0.11070382E+003
  0.15008407E+001  0.10294538E+001  0.70935395E+001  0.11070692E+003
  0.15008638E+001  0.10294925E+001  0.70938296E+001  0.11071002E+003
  0.15008861E+001  0.10295297E+001  0.70874468E+001  0.11081797E+003
  0.15009075E+001  0.10295655E+001  0.70876023E+001  0.11082318E+003
  0.15009280E+001  0.10295999E+001  0.70877577E+001  0.11082838E+003
  0.15009477E+001  0.10296332E+001  0.70879123E+001  0.11083358E+003
  0.15009666E+001  0.10296647E+001  0.70880665E+001  0.11083877E+003
  0.15009847E+001  0.10296948E+001  0.70882195E+001  0.11084395E+003
  0.15010021E+001  0.10297235E+001  0.70883710E+001  0.11084912E+003
  0.15010187E+001  0.10297508E+001  0.70885206E+001  0.11085429E+003
  0.15010345E+001  0.10297768E+001  0.70886679E+001  0.11085946E+003
  0.15010496E+001  0.10298014E+001  0.70888127E+001  0.11086463E+003
  0.15010640E+001  0.10298248E+001  0.70889546E+001  0.11086979E+003
  0.15010777E+001  0.10298468E+001  0.70890933E+001  0.11087496E+003
  0.15010907E+001  0.10298677E+001  0.70892285E+001  0.11088013E+003
  0.15011030E+001  0.10298873E+001  0.70893599E+001  0.11088531E+003
  0.15011146E+001  0.10299057E+001  0.70894873E+001  0.11089049E+003
  0.15011255E+001  0.10299230E+001  0.70896104E+001  0.11089568E+003
  0.15011357E+001  0.10299391E+001  0.70897289E+001  0.11090088E+003
  0.15011452E+001  0.10299542E+001  0.70898428E+001  0.11090609E+003
  0.15011539E+001  0.10299683E+001  0.70899517E+001  0.11091130E+003
  0.15011620E+001  0.10299813E+001  0.70900555E+001  0.11091653E+003
  0.15011694E+001  0.10299934E+001  0.70901541E+001  0.11092178E+003
  0.15011760E+001  0.10300046E+001  0.70902473E+001  0.11092703E+003
  0.15011819E+001  0.10300148E+001  0.70903350E+001  0.11093230E+003
  0.15011870E+001  0.10300243E+001  0.70904171E+001  0.11093758E+003
  0.15011915E+001  0.10300329E+001  0.70904936E+001  0.11094288E+003
  0.15011951E+001  0.10300407E+001  0.70905644E+001  0.11094819E+003
  0.15011980E+001  0.10300478E+001  0.70906295E+001  0.11095351E+003
  0.15012002E+001  0.10300542E+001  0.70906889E+001  0.11095885E+003
  0.15012016E+001  0.10300599E+001  0.70907425E+001  0.11096421E+003
  0.15012023E+001  0.10300649E+001  0.70907905E+001  0.11096957E+003
  0.15012022E+001  0.10300693E+001  0.70908329E+001  0.11097495E+003
  0.15012014E+001  0.10300731E+001  0.70908697E+001  0.11098034E+003
  0.15011999E+001  0.10300763E+001  0.70909010E+001  0.11098574E+003
  0.15011977E+001  0.10300790E+001  0.70909269E+001  0.11099115E+003
  0.15011948E+001  0.10300811E+001  0.70909476E+001  0.11099657E+003
  0.15011911E+001  0.10300828E+001  0.70909631E+001  0.11100200E+003
  0.15011869E+001  0.10300839E+001  0.70909737E+001  0.11100743E+003
  0.15011819E+001  0.10300847E+001  0.70909794E+001  0.11101287E+003
  0.15011764E+001  0.10300849E+001  0.70909805E+001  0.11101831E+003
  0.15011703E+001  0.10300848E+001  0.70909770E+001  0.11102375E+003
  0.15011636E+001  0.10300843E+001  0.70909693E+001  0.11102920E+003
  0.15011563E+001  0.10300833E+001  0.70909575E+001  0.11103464E+003
  0.15011486E+001  0.10300821E+001  0.70909419E+001  0.11104007E+003
  0.15011404E+001  0.10300805E+001  0.70909225E+001  0.11104550E+003
  0.15011318E+001  0.10300786E+001  0.70908997E+001  0.11105092E+003
  0.15011227E+001  0.10300764E+001  0.70908736E+001  0.11105633E+003
  0.15011133E+001  0.10300739E+001  0.70908446E+001  0.11106172E+003
  0.15011036E+001  0.10300712E+001  0.70908127E+001  0.11106710E+003
  0.15010936E+001  0.10300682E+001  0.70907782E+001  0.11107247E+003
  0.15010834E+001  0.10300651E+001  0.70907415E+001  0.11107781E+003
  0.15010729E+001  0.10300617E+001  0.70907026E+001  0.11108313E+003
  0.15010623E+001  0.10300581E+001  0.70906618E+001  0.11108842E+003
  0.15010515E+001  0.10300544E+001  0.70906193E+001  0.11109369E+003
  0.15010406E+001  0.10300505E+001  0.70905754E+001  0.11109893E+003
  0.15010296E+001  0.10300465E+001  0.70905302E+001  0.11110414E+003
  0.15010187E+001  0.10300424E+001  0.70904839E+001  0.11110931E+003
  0.15010077E+001  0.10300382E+001  0.70904369E+001  0.11111444E+003
  0.15009968E+001  0.10300338E+001  0.70903891E+001  0.11111954E+003
  0.15009859E+001  0.10300295E+001  0.70903409E+001  0.11112459E+003
  0.15009751E+001  0.10300250E+001  0.70902924E+001  0.11112960E+003
  0.15009645E+001  0.10300206E+001  0.70902437E+001  0.11113456E+003
  0.15009540E+001  0.10300161E+001  0.70901950E+001  0.11113948E+003
  0.15009436E+001  0.10300115E+001  0.70901466E+001  0.11114434E+003
  0.15009335E+001  0.10300070E+001  0.70900985E+001  0.11114915E+003
  0.15009235E+001  0.10300025E+001  0.70900509E+001  0.11115391E+003
  0.15009138E+001  0.10299980E+001  0.70900037E+001  0.11115861E+003
  0.15009044E+001  0.10299936E+001  0.70899573E+001  0.11116325E+003
  0.15008951E+001  0.10299891E+001  0.70899116E+001  0.11116784E+003
  0.15008862E+001  0.10299848E+001  0.70898667E+001  0.11117235E+003
  0.15008775E+001  0.10299804E+001  0.70898228E+001  0.11117681E+003
  0.15008692E+001  0.10299762E+001  0.70897799E+001  0.11118120E+003
  0.15008611E+001  0.10299720E+001  0.70897380E+001  0.11118553E+003
  0.15008533E+001  0.10299679E+001  0.70896973E+001  0.11118978E+003
  0.15008458E+001  0.10299639E+001  0.70896577E+001  0.11119397E+003
  0.15008386E+001  0.10299600E+001  0.70896193E+001  0.11119809E+003
  0.15008317E+001  0.10299562E+001  0.70895821E+001  0.11120213E+003
  0.15008251E+001  0.10299525E+001  0.70895462E+001  0.11120611E+003
  0.15008189E+001  0.10299489E+001  0.70895115E+001  0.11121001E+003
  0.15008129E+001  0.10299454E+001  0.70894781E+001  0.11121383E+003
  0.15008071E+001  0.10299420E+001  0.70894459E+001  0.11121758E+003
  0.15008017E+001  0.10299387E+001  0.70894151E+001  0.11122126E+003
  0.15007966E+001  0.10299355E+001  0.70893855E+001  0.11122486E+003
  0.15007917E+001  0.10299325E+001  0.70893571E+001  0.11122838E+003
  0.15007871E+001  0.10299296E+001  0.70893300E+001  0.11123183E+003
  0.15007827E+001  0.10299267E+001  0.70893041E+001  0.11123520E+003
  0.15007786E+001  0.10299240E+001  0.70892794E+001  0.11123850E+003
  0.15007747E+001  0.10299214E+001  0.70892558E+001  0.11124171E+003
  0.15007710E+001  0.10299190E+001  0.70892334E+001  0.11124486E+003
  0.15007676E+001  0.10299166E+001  0.70892121E+001  0.11124792E+003
  0.15007644E+001  0.10299144E+001  0.70891919E+001  0.11125091E+003
  0.15007613E+001  0.10299122E+001  0.70891727E+001  0.11125382E+003
  0.15007585E+001  0.10299102E+001  0.70891545E+001  0.11125665E+003
  0.15007558E+001  0.10299082E+001  0.70891373E+001  0.11125942E+003
  0.15007533E+001  0.10299064E+001  0.70891210E+001  0.11126210E+003
  0.15007510E+001  0.10299046E+001  0.70891057E+001  0.11126471E+003
  0.15007488E+001  0.10299030E+001  0.70890912E+001  0.11126725E+003
  0.15007468E+001  0.10299014E+001  0.70890775E+001  0.11126972E+003
  0.15007449E+001  0.10299000E+001  0.70890647E+001  0.11127211E+003
  0.15007432E+001  0.10298986E+001  0.70890526E+001  0.11127444E+003
  0.15007415E+001  0.10298973E+001  0.70890412E+001  0.11127669E+003
  0.15007400E+001  0.10298961E+001  0.70890305E+001  0.11127887E+003
  0.15007386E+001  0.10298949E+001  0.70890205E+001  0.11128099E+003
  0.15007373E+001  0.10298938E+001  0.70890111E+001  0.11128304E+003
  0.15007361E+001  0.10298928E+001  0.70890023E+001  0.11128502E+003
  0.15007349E+001  0.10298919E+001  0.70889940E+001  0.11128694E+003
  0.15007339E+001  0.10298910E+001  0.70889863E+001  0.11128879E+003
  0.15007329E+001  0.10298902E+001  0.70889791E+001  0.11129058E+003
