  0.36511232E-001  0.37230579E+000  0.31416430E+001  0.11762801E+003
  0.36504221E-001  0.37267165E+000  0.31389600E+001  0.11746262E+003
  0.36487909E-001  0.37298532E+000  0.31366981E+001  0.11732226E+003
  0.36474574E-001  0.37324812E+000  0.31347913E+001  0.11720333E+003
  0.36467369E-001  0.37345742E+000  0.31331947E+001  0.11710267E+003
  0.36471546E-001  0.37361433E+000  0.31327783E+001  0.11701665E+003
  0.36471022E-001  0.37374181E+000  0.31329680E+001  0.11694345E+003
  0.36465949E-001  0.37384524E+000  0.31331054E+001  0.11688170E+003
  0.36462190E-001  0.37392335E+000  0.31332034E+001  0.11682968E+003
  0.36459429E-001  0.37398034E+000  0.31332733E+001  0.11678590E+003
  0.36457474E-001  0.37401959E+000  0.31333200E+001  0.11674915E+003
  0.36456097E-001  0.37404402E+000  0.31333473E+001  0.11671835E+003
  0.36455127E-001  0.37405602E+000  0.31333586E+001  0.11669262E+003
  0.36454441E-001  0.37405752E+000  0.31333566E+001  0.11667119E+003
  0.36453953E-001  0.37405021E+000  0.31333434E+001  0.11665344E+003
  0.36453611E-001  0.37403545E+000  0.31333212E+001  0.11663881E+003
  0.36453383E-001  0.37401437E+000  0.31332917E+001  0.11662685E+003
  0.36453251E-001  0.37398798E+000  0.31332561E+001  0.11661716E+003
  0.36451307E-001  0.37395903E+000  0.31332157E+001  0.11660942E+003
  0.36447840E-001  0.37392793E+000  0.31331713E+001  0.11660335E+003
  0.36444400E-001  0.37389377E+000  0.31331237E+001  0.11659870E+003
  0.36441024E-001  0.37385705E+000  0.31330736E+001  0.11659528E+003
  0.36437740E-001  0.37381821E+000  0.31330214E+001  0.11659291E+003
  0.36434575E-001  0.37377764E+000  0.31329676E+001  0.11659144E+003
  0.36432204E-001  0.37373502E+000  0.31329124E+001  0.11659075E+003
  0.36432860E-001  0.37368842E+000  0.31328563E+001  0.11659072E+003
  0.36433647E-001  0.37364102E+000  0.31327993E+001  0.11659127E+003
  0.36434570E-001  0.37359307E+000  0.31327417E+001  0.11659231E+003
  0.36435636E-001  0.37354477E+000  0.31326836E+001  0.11659378E+003
  0.36436844E-001  0.37349632E+000  0.31326250E+001  0.11659562E+003
  0.36438197E-001  0.37344788E+000  0.31325661E+001  0.11659777E+003
  0.36439693E-001  0.37339961E+000  0.31325069E+001  0.11660020E+003
  0.36441328E-001  0.37335165E+000  0.31324474E+001  0.11660287E+003
  0.36443100E-001  0.37330412E+000  0.31323877E+001  0.11660575E+003
  0.36445004E-001  0.37325713E+000  0.31323278E+001  0.11660880E+003
  0.36447034E-001  0.37321078E+000  0.31322678E+001  0.11661202E+003
  0.36449184E-001  0.37316514E+000  0.31322078E+001  0.11661537E+003
  0.36451448E-001  0.37312031E+000  0.31321479E+001  0.11661885E+003
  0.36453821E-001  0.37307635E+000  0.31320880E+001  0.11662245E+003
  0.36456294E-001  0.37303332E+000  0.31320284E+001  0.11662614E+003
  0.36458861E-001  0.37299127E+000  0.31319691E+001  0.11662993E+003
  0.36461515E-001  0.37295026E+000  0.31319104E+001  0.11663380E+003
  0.36464250E-001  0.37291032E+000  0.31318522E+001  0.11663775E+003
  0.36467059E-001  0.37287149E+000  0.31317949E+001  0.11664178E+003
  0.36469935E-001  0.37283381E+000  0.31317385E+001  0.11664588E+003
  0.36472873E-001  0.37279731E+000  0.31316832E+001  0.11665005E+003
  0.36475865E-001  0.37276202E+000  0.31316291E+001  0.11665429E+003
  0.36478908E-001  0.37272795E+000  0.31315764E+001  0.11665859E+003
  0.36481994E-001  0.37269514E+000  0.31315253E+001  0.11666295E+003
  0.36485118E-001  0.37266382E+000  0.31314755E+001  0.11666737E+003
  0.36488277E-001  0.37263469E+000  0.31314267E+001  0.11667184E+003
  0.36491463E-001  0.37260682E+000  0.31313796E+001  0.11667638E+003
  0.36495503E-001  0.37257941E+000  0.31313346E+001  0.11668096E+003
  0.36499604E-001  0.37255323E+000  0.31312915E+001  0.11668560E+003
  0.36503700E-001  0.37252837E+000  0.31312506E+001  0.11669029E+003
  0.36507787E-001  0.37250482E+000  0.31312624E+001  0.11669498E+003
  0.36511862E-001  0.37248258E+000  0.31314146E+001  0.11669957E+003
  0.36515922E-001  0.37246165E+000  0.31315659E+001  0.11670422E+003
  0.36519963E-001  0.37244200E+000  0.31317166E+001  0.11670890E+003
  0.36523983E-001  0.37242365E+000  0.31318667E+001  0.11671364E+003
  0.36527976E-001  0.37240655E+000  0.31320163E+001  0.11671841E+003
  0.36531939E-001  0.37239070E+000  0.31321656E+001  0.11672322E+003
  0.36535178E-001  0.37237676E+000  0.31323146E+001  0.11672808E+003
  0.36538329E-001  0.37236405E+000  0.31324635E+001  0.11673297E+003
  0.36541439E-001  0.37235249E+000  0.31326125E+001  0.11673789E+003
  0.36544503E-001  0.37234203E+000  0.31327617E+001  0.11674285E+003
  0.36547512E-001  0.37233262E+000  0.31329113E+001  0.11674785E+003
  0.36550462E-001  0.37232422E+000  0.31330615E+001  0.11675287E+003
  0.36553349E-001  0.37231676E+000  0.31332125E+001  0.11675793E+003
  0.36556169E-001  0.37231018E+000  0.31333645E+001  0.11676301E+003
  0.36556557E-001  0.37230679E+000  0.31335177E+001  0.11676813E+003
  0.36556615E-001  0.37230439E+000  0.31336723E+001  0.11677327E+003
  0.36556649E-001  0.37230261E+000  0.31338285E+001  0.11677844E+003
  0.36556661E-001  0.37230137E+000  0.31339864E+001  0.11678363E+003
  0.36556653E-001  0.37230058E+000  0.31341462E+001  0.11678885E+003
  0.36556628E-001  0.37230019E+000  0.31343079E+001  0.11679408E+003
  0.36556588E-001  0.37230010E+000  0.31344718E+001  0.11679934E+003
  0.36556535E-001  0.37230025E+000  0.31346378E+001  0.11680461E+003
  0.36556474E-001  0.37230058E+000  0.31348058E+001  0.11680990E+003
  0.36556407E-001  0.37230103E+000  0.31349759E+001  0.11681520E+003
  0.36556336E-001  0.37230154E+000  0.31351480E+001  0.11682052E+003
  0.36556264E-001  0.37230207E+000  0.31353218E+001  0.11682584E+003
  0.36556193E-001  0.37230258E+000  0.31354973E+001  0.11683116E+003
  0.36556124E-001  0.37230304E+000  0.31356742E+001  0.11683649E+003
  0.36556058E-001  0.37230341E+000  0.31358522E+001  0.11684182E+003
  0.36555995E-001  0.37230366E+000  0.31360311E+001  0.11684714E+003
  0.36555936E-001  0.37230379E+000  0.31362106E+001  0.11685247E+003
  0.36555880E-001  0.37230377E+000  0.31363904E+001  0.11685779E+003
  0.36555826E-001  0.37230358E+000  0.31365702E+001  0.11686310E+003
  0.36555772E-001  0.37230322E+000  0.31367496E+001  0.11686840E+003
  0.36555717E-001  0.37230267E+000  0.31369284E+001  0.11687369E+003
  0.36555659E-001  0.37230192E+000  0.31371062E+001  0.11687898E+003
  0.36555597E-001  0.37230096E+000  0.31372828E+001  0.11688425E+003
  0.36555528E-001  0.37229978E+000  0.31374578E+001  0.11688952E+003
  0.36555451E-001  0.37229838E+000  0.31376310E+001  0.11689477E+003
  0.36555364E-001  0.37229674E+000  0.31378022E+001  0.11690002E+003
  0.36555266E-001  0.37229485E+000  0.31379710E+001  0.11690525E+003
  0.36555155E-001  0.37229271E+000  0.31381373E+001  0.11691048E+003
  0.36555029E-001  0.37229030E+000  0.31383009E+001  0.11691570E+003
  0.36554889E-001  0.37228763E+000  0.31384615E+001  0.11692091E+003
  0.36554732E-001  0.37228469E+000  0.31386190E+001  0.11692612E+003
  0.36554560E-001  0.37228148E+000  0.31387732E+001  0.11693133E+003
  0.36554372E-001  0.37227799E+000  0.31389240E+001  0.11693653E+003
  0.36554167E-001  0.37227423E+000  0.31390713E+001  0.11694174E+003
  0.36553947E-001  0.37227020E+000  0.31392148E+001  0.11694694E+003
  0.36553711E-001  0.37226591E+000  0.31393546E+001  0.11695215E+003
  0.36553462E-001  0.37226136E+000  0.31394904E+001  0.11695735E+003
  0.36553199E-001  0.37225658E+000  0.31396223E+001  0.11696257E+003
  0.36552925E-001  0.37225158E+000  0.31397502E+001  0.11696779E+003
  0.36552640E-001  0.37224637E+000  0.31398739E+001  0.11697301E+003
  0.36552346E-001  0.37224097E+000  0.31399935E+001  0.11697824E+003
  0.36552044E-001  0.37223541E+000  0.31401089E+001  0.11698348E+003
  0.36551736E-001  0.37222972E+000  0.31402200E+001  0.11698873E+003
  0.36551424E-001  0.37222391E+000  0.31403270E+001  0.11699399E+003
  0.36551109E-001  0.37221802E+000  0.31404296E+001  0.11699926E+003
  0.36550793E-001  0.37221206E+000  0.31405280E+001  0.11700454E+003
  0.36550477E-001  0.37220608E+000  0.31406221E+001  0.11700983E+003
  0.36550163E-001  0.37220009E+000  0.31407120E+001  0.11701513E+003
  0.36549852E-001  0.37219413E+000  0.31407977E+001  0.11702045E+003
  0.36549546E-001  0.37218822E+000  0.31408793E+001  0.11702577E+003
  0.36549245E-001  0.37218238E+000  0.31409567E+001  0.11703111E+003
  0.36548951E-001  0.37217664E+000  0.31410300E+001  0.11703645E+003
  0.36548665E-001  0.37217102E+000  0.31410994E+001  0.11704181E+003
  0.36548388E-001  0.37216553E+000  0.31411648E+001  0.11704718E+003
  0.36548120E-001  0.37216020E+000  0.31412264E+001  0.11705255E+003
  0.36547861E-001  0.37215504E+000  0.31412842E+001  0.11705793E+003
  0.36547613E-001  0.37215007E+000  0.31413384E+001  0.11706332E+003
  0.36547376E-001  0.37214529E+000  0.31413890E+001  0.11706871E+003
  0.36547150E-001  0.37214071E+000  0.31414362E+001  0.11707411E+003
  0.36546935E-001  0.37213634E+000  0.31414800E+001  0.11707951E+003
  0.36546732E-001  0.37213218E+000  0.31415207E+001  0.11708492E+003
  0.36546539E-001  0.37212824E+000  0.31415583E+001  0.11709032E+003
  0.36546357E-001  0.37212452E+000  0.31415929E+001  0.11709572E+003
  0.36546187E-001  0.37212101E+000  0.31416247E+001  0.11710112E+003
  0.36546027E-001  0.37211771E+000  0.31416539E+001  0.11710652E+003
  0.36545877E-001  0.37211461E+000  0.31416805E+001  0.11711190E+003
  0.36545738E-001  0.37211172E+000  0.31417048E+001  0.11711728E+003
  0.36545608E-001  0.37210903E+000  0.31417269E+001  0.11712265E+003
  0.36545487E-001  0.37210653E+000  0.31417468E+001  0.11712800E+003
  0.36545375E-001  0.37210420E+000  0.31417648E+001  0.11713334E+003
  0.36545272E-001  0.37210205E+000  0.31417809E+001  0.11713866E+003
  0.36545176E-001  0.37210007E+000  0.31417954E+001  0.11714397E+003
  0.36545089E-001  0.37209824E+000  0.31418083E+001  0.11714925E+003
  0.36545008E-001  0.37209656E+000  0.31418198E+001  0.11715451E+003
  0.36544934E-001  0.37209502E+000  0.31418299E+001  0.11715974E+003
  0.36544866E-001  0.37209360E+000  0.31418389E+001  0.11716494E+003
  0.36544803E-001  0.37209231E+000  0.31418468E+001  0.11717011E+003
  0.36544747E-001  0.37209113E+000  0.31418538E+001  0.11717525E+003
  0.36544695E-001  0.37209006E+000  0.31418598E+001  0.11718036E+003
  0.36544648E-001  0.37208908E+000  0.31418651E+001  0.11718543E+003
  0.36544605E-001  0.37208819E+000  0.31418696E+001  0.11719046E+003
  0.36544566E-001  0.37208738E+000  0.31418736E+001  0.11719544E+003
  0.36544530E-001  0.37208665E+000  0.31418770E+001  0.11720039E+003
  0.36544498E-001  0.37208599E+000  0.31418799E+001  0.11720528E+003
  0.36544469E-001  0.37208538E+000  0.31418824E+001  0.11721013E+003
  0.36544443E-001  0.37208484E+000  0.31418846E+001  0.11721493E+003
  0.36544419E-001  0.37208435E+000  0.31418865E+001  0.11721968E+003
  0.36544397E-001  0.37208390E+000  0.31418881E+001  0.11722437E+003
  0.36544378E-001  0.37208350E+000  0.31418895E+001  0.11722901E+003
  0.36544360E-001  0.37208314E+000  0.31418907E+001  0.11723359E+003
  0.36544344E-001  0.37208281E+000  0.31418917E+001  0.11723811E+003
  0.36544329E-001  0.37208251E+000  0.31418927E+001  0.11724257E+003
  0.36544316E-001  0.37208224E+000  0.31418935E+001  0.11724697E+003
  0.36544304E-001  0.37208200E+000  0.31418943E+001  0.11725131E+003
  0.36544293E-001  0.37208178E+000  0.31418950E+001  0.11725558E+003
  0.36544283E-001  0.37208158E+000  0.31418956E+001  0.11725978E+003
  0.36544275E-001  0.37208139E+000  0.31418963E+001  0.11726392E+003
  0.36544266E-001  0.37208123E+000  0.31418969E+001  0.11726798E+003
  0.36544259E-001  0.37208107E+000  0.31418975E+001  0.11727198E+003
  0.36544252E-001  0.37208094E+000  0.31418981E+001  0.11727591E+003
  0.36544246E-001  0.37208081E+000  0.31418986E+001  0.11727976E+003
  0.36544240E-001  0.37208069E+000  0.31418992E+001  0.11728355E+003
  0.36544235E-001  0.37208059E+000  0.31418998E+001  0.11728726E+003
  0.36544230E-001  0.37208049E+000  0.31419004E+001  0.11729089E+003
  0.36544226E-001  0.37208040E+000  0.31419011E+001  0.11729445E+003
  0.36544222E-001  0.37208031E+000  0.31419017E+001  0.11729794E+003
  0.36544218E-001  0.37208023E+000  0.31419023E+001  0.11730135E+003
  0.36544215E-001  0.37208016E+000  0.31419029E+001  0.11730469E+003
  0.36544212E-001  0.37208009E+000  0.31419036E+001  0.11730795E+003
  0.36544209E-001  0.37208003E+000  0.31419042E+001  0.11731114E+003
  0.36544206E-001  0.37207997E+000  0.31419049E+001  0.11731425E+003
  0.36544203E-001  0.37207991E+000  0.31419055E+001  0.11731729E+003
  0.36544201E-001  0.37207986E+000  0.31419062E+001  0.11732025E+003
  0.36544199E-001  0.37207981E+000  0.31419068E+001  0.11732313E+003
  0.36544197E-001  0.37207977E+000  0.31419075E+001  0.11732595E+003
  0.36544195E-001  0.37207973E+000  0.31419081E+001  0.11732869E+003
  0.36544193E-001  0.37207969E+000  0.31419088E+001  0.11733135E+003
  0.36544192E-001  0.37207965E+000  0.31419094E+001  0.11733394E+003
  0.36544190E-001  0.37207961E+000  0.31419100E+001  0.11733646E+003
  0.36544189E-001  0.37207958E+000  0.31419106E+001  0.11733891E+003
  0.36544188E-001  0.37207955E+000  0.31419112E+001  0.11734129E+003
  0.36544187E-001  0.37207952E+000  0.31419118E+001  0.11734360E+003
  0.36544186E-001  0.37207949E+000  0.31419124E+001  0.11734583E+003
  0.36544185E-001  0.37207947E+000  0.31419129E+001  0.11734800E+003
  0.36544184E-001  0.37207944E+000  0.31419135E+001  0.11735011E+003
  0.36544183E-001  0.37207942E+000  0.31419140E+001  0.11735214E+003
  0.36544183E-001  0.37207940E+000  0.31419146E+001  0.11735411E+003
  0.36544183E-001  0.37207939E+000  0.31419151E+001  0.11735602E+003
  0.36544183E-001  0.37207937E+000  0.31419156E+001  0.11735786E+003
  0.36544183E-001  0.37207936E+000  0.31419160E+001  0.11735964E+003
