  0.15876857E+001
  0.15835140E+001
  0.15801775E+001
  0.15775021E+001
  0.15753642E+001
  0.15736659E+001
  0.15723295E+001
  0.15712920E+001
  0.15705012E+001
  0.15699150E+001
  0.15694985E+001
  0.15692238E+001
  0.15690678E+001
  0.15690114E+001
  0.15690383E+001
  0.15691356E+001
  0.15692919E+001
  0.15694979E+001
  0.15697458E+001
  0.15700290E+001
  0.15703421E+001
  0.15706806E+001
  0.15710405E+001
  0.15714188E+001
  0.15718125E+001
  0.15722194E+001
  0.15726375E+001
  0.15730651E+001
  0.15735005E+001
  0.15739425E+001
  0.15743898E+001
  0.15748414E+001
  0.15752962E+001
  0.15757533E+001
  0.15762119E+001
  0.15766712E+001
  0.15771303E+001
  0.15775885E+001
  0.15780451E+001
  0.15784993E+001
  0.15789504E+001
  0.15793978E+001
  0.15798407E+001
  0.15802785E+001
  0.15807104E+001
  0.15811357E+001
  0.15815539E+001
  0.15819643E+001
  0.15823661E+001
  0.15827589E+001
  0.15831419E+001
  0.15835146E+001
  0.15838764E+001
  0.15842268E+001
  0.15845654E+001
  0.15848916E+001
  0.15852050E+001
  0.15855053E+001
  0.15857921E+001
  0.15860651E+001
  0.15863242E+001
  0.15865692E+001
  0.15867998E+001
  0.15870161E+001
  0.15872180E+001
  0.15874055E+001
  0.15875788E+001
  0.15877380E+001
  0.15878832E+001
  0.15880147E+001
  0.15881329E+001
  0.15882381E+001
  0.15883306E+001
  0.15884110E+001
  0.15884797E+001
  0.15885372E+001
  0.15885842E+001
  0.15886213E+001
  0.15886491E+001
  0.15886683E+001
  0.15886796E+001
  0.15886837E+001
  0.15886813E+001
  0.15886731E+001
  0.15886598E+001
  0.15886421E+001
  0.15886207E+001
  0.15885962E+001
  0.15885690E+001
  0.15885399E+001
  0.15885093E+001
  0.15884777E+001
  0.15884454E+001
  0.15884129E+001
  0.15883804E+001
  0.15883482E+001
  0.15883166E+001
  0.15882856E+001
  0.15882556E+001
  0.15882265E+001
  0.15881985E+001
  0.15881716E+001
  0.15881458E+001
  0.15881212E+001
  0.15880977E+001
  0.15880754E+001
  0.15880542E+001
  0.15880341E+001
  0.15880150E+001
  0.15879970E+001
  0.15879798E+001
  0.15879635E+001
  0.15879481E+001
  0.15879335E+001
  0.15879196E+001
  0.15879064E+001
  0.15878939E+001
  0.15878819E+001
  0.15878706E+001
  0.15878598E+001
  0.15878494E+001
  0.15878396E+001
  0.15878302E+001
  0.15878212E+001
  0.15878125E+001
  0.15878043E+001
  0.15877964E+001
  0.15877888E+001
  0.15877816E+001
  0.15877746E+001
  0.15877679E+001
  0.15877615E+001
  0.15877554E+001
  0.15877495E+001
  0.15877439E+001
  0.15877385E+001
  0.15877333E+001
  0.15877283E+001
  0.15877236E+001
  0.15877190E+001
  0.15877147E+001
  0.15877105E+001
  0.15877066E+001
  0.15877028E+001
  0.15876992E+001
  0.15876958E+001
  0.15876926E+001
  0.15876895E+001
  0.15876866E+001
  0.15876839E+001
  0.15876813E+001
  0.15876789E+001
  0.15876766E+001
  0.15876745E+001
  0.15876725E+001
  0.15876707E+001
  0.15876690E+001
  0.15876674E+001
  0.15876659E+001
  0.15876646E+001
  0.15876634E+001
  0.15876623E+001
  0.15876613E+001
  0.15876604E+001
  0.15876596E+001
  0.15876589E+001
  0.15876582E+001
  0.15876577E+001
  0.15876573E+001
  0.15876569E+001
  0.15876566E+001
  0.15876564E+001
  0.15876563E+001
  0.15876562E+001
  0.15876561E+001
  0.15876562E+001
  0.15876562E+001
  0.15876564E+001
  0.15876565E+001
  0.15876568E+001
  0.15876570E+001
  0.15876573E+001
  0.15876576E+001
  0.15876580E+001
  0.15876584E+001
  0.15876588E+001
  0.15876592E+001
  0.15876597E+001
  0.15876602E+001
  0.15876606E+001
  0.15876611E+001
  0.15876617E+001
  0.15876622E+001
  0.15876627E+001
  0.15876632E+001
  0.15876638E+001
  0.15876643E+001
  0.15876649E+001
  0.15876654E+001
  0.15876660E+001
