 -0.15575664E+000  0.23164622E+000  0.22825588E+001  0.39922949E+001
 -0.15633980E+000  0.22892714E+000  0.22759353E+001  0.39855338E+001
 -0.15676900E+000  0.22668488E+000  0.22704756E+001  0.39803190E+001
 -0.15709565E+000  0.22486927E+000  0.22659823E+001  0.39762529E+001
 -0.15734009E+000  0.22341612E+000  0.22623009E+001  0.39730804E+001
 -0.15752546E+000  0.22227142E+000  0.22584080E+001  0.39715103E+001
 -0.15765054E+000  0.22136908E+000  0.22547143E+001  0.39708856E+001
 -0.15772811E+000  0.22066925E+000  0.22517408E+001  0.39704865E+001
 -0.15777408E+000  0.22014352E+000  0.22493689E+001  0.39702670E+001
 -0.15779549E+000  0.21976275E+000  0.22474992E+001  0.39701940E+001
 -0.15779770E+000  0.21950270E+000  0.22460534E+001  0.39702360E+001
 -0.15778464E+000  0.21934309E+000  0.22449660E+001  0.39703711E+001
 -0.15775938E+000  0.21926705E+000  0.22441816E+001  0.39705826E+001
 -0.15772435E+000  0.21926048E+000  0.22436528E+001  0.39708571E+001
 -0.15768153E+000  0.21931151E+000  0.22433398E+001  0.39711840E+001
 -0.15763157E+000  0.21941027E+000  0.22432089E+001  0.39715553E+001
 -0.15757610E+000  0.21954848E+000  0.22432315E+001  0.39719644E+001
 -0.15751689E+000  0.21971917E+000  0.22433841E+001  0.39724059E+001
 -0.15745325E+000  0.21991450E+000  0.22436465E+001  0.39728760E+001
 -0.15738642E+000  0.22012987E+000  0.22440019E+001  0.39733711E+001
 -0.15731876E+000  0.22036271E+000  0.22444362E+001  0.39738888E+001
 -0.15725087E+000  0.22060956E+000  0.22449374E+001  0.39744267E+001
 -0.15718322E+000  0.22086746E+000  0.22454951E+001  0.39749832E+001
 -0.15711620E+000  0.22113393E+000  0.22461009E+001  0.39755569E+001
 -0.15705078E+000  0.22140750E+000  0.22467473E+001  0.39761465E+001
 -0.15698936E+000  0.22168858E+000  0.22474281E+001  0.39767509E+001
 -0.15692918E+000  0.22197271E+000  0.22481379E+001  0.39773692E+001
 -0.15687040E+000  0.22225858E+000  0.22488721E+001  0.39780005E+001
 -0.15681315E+000  0.22254506E+000  0.22496267E+001  0.39786439E+001
 -0.15675756E+000  0.22283115E+000  0.22503981E+001  0.39792987E+001
 -0.15670373E+000  0.22311603E+000  0.22511834E+001  0.39799640E+001
 -0.15665174E+000  0.22339896E+000  0.22519798E+001  0.39806389E+001
 -0.15660162E+000  0.22367931E+000  0.22527849E+001  0.39813226E+001
 -0.15655342E+000  0.22395652E+000  0.22535965E+001  0.39820142E+001
 -0.15650715E+000  0.22423012E+000  0.22544125E+001  0.39827127E+001
 -0.15646279E+000  0.22449968E+000  0.22552312E+001  0.39834171E+001
 -0.15642034E+000  0.22476484E+000  0.22560507E+001  0.39841263E+001
 -0.15637977E+000  0.22502525E+000  0.22568696E+001  0.39848394E+001
 -0.15634105E+000  0.22528063E+000  0.22576861E+001  0.39855550E+001
 -0.15630413E+000  0.22553070E+000  0.22584989E+001  0.39862721E+001
 -0.15626898E+000  0.22577523E+000  0.22593066E+001  0.39869894E+001
 -0.15623554E+000  0.22601398E+000  0.22601077E+001  0.39877055E+001
 -0.15620377E+000  0.22624674E+000  0.22609011E+001  0.39884193E+001
 -0.15617363E+000  0.22647333E+000  0.22616854E+001  0.39891292E+001
 -0.15614507E+000  0.22669355E+000  0.22624595E+001  0.39898339E+001
 -0.15611804E+000  0.22690725E+000  0.22632223E+001  0.39905320E+001
 -0.15609251E+000  0.22711425E+000  0.22639727E+001  0.39912218E+001
 -0.15606842E+000  0.22731442E+000  0.22647098E+001  0.39919019E+001
 -0.15604574E+000  0.22750763E+000  0.22654326E+001  0.39925706E+001
 -0.15602443E+000  0.22769376E+000  0.22661402E+001  0.39932265E+001
 -0.15600446E+000  0.22787271E+000  0.22668319E+001  0.39938679E+001
 -0.15598579E+000  0.22804442E+000  0.22675070E+001  0.39944932E+001
 -0.15596903E+000  0.22820949E+000  0.22681648E+001  0.39951009E+001
 -0.15595354E+000  0.22836726E+000  0.22688049E+001  0.39956893E+001
 -0.15593922E+000  0.22851770E+000  0.22694266E+001  0.39962569E+001
 -0.15592603E+000  0.22866083E+000  0.22699801E+001  0.39968518E+001
 -0.15591393E+000  0.22879673E+000  0.22703792E+001  0.39975585E+001
 -0.15590290E+000  0.22892548E+000  0.22707620E+001  0.39982369E+001
 -0.15589288E+000  0.22904721E+000  0.22711285E+001  0.39988860E+001
 -0.15588383E+000  0.22916211E+000  0.22714785E+001  0.39995043E+001
 -0.15587570E+000  0.22927035E+000  0.22718120E+001  0.40000908E+001
 -0.15586846E+000  0.22937217E+000  0.22721290E+001  0.40006444E+001
 -0.15586110E+000  0.22946689E+000  0.22724298E+001  0.40011641E+001
 -0.15585447E+000  0.22955568E+000  0.22727145E+001  0.40016491E+001
 -0.15584857E+000  0.22963890E+000  0.22729834E+001  0.40020987E+001
 -0.15584336E+000  0.22971688E+000  0.22732369E+001  0.40025122E+001
 -0.15583879E+000  0.22978998E+000  0.22734754E+001  0.40028891E+001
 -0.15583480E+000  0.22985853E+000  0.22736993E+001  0.40032293E+001
 -0.15583132E+000  0.22992289E+000  0.22739091E+001  0.40035325E+001
 -0.15582830E+000  0.22998343E+000  0.22741055E+001  0.40037988E+001
 -0.15582331E+000  0.23003808E+000  0.22742890E+001  0.40040284E+001
 -0.15581847E+000  0.23008933E+000  0.22744602E+001  0.40042217E+001
 -0.15581406E+000  0.23013784E+000  0.22746198E+001  0.40043793E+001
 -0.15581005E+000  0.23018391E+000  0.22747685E+001  0.40045020E+001
 -0.15580642E+000  0.23022784E+000  0.22749069E+001  0.40045908E+001
 -0.15580314E+000  0.23026989E+000  0.22750358E+001  0.40046468E+001
 -0.15580020E+000  0.23031032E+000  0.22751559E+001  0.40046714E+001
 -0.15579758E+000  0.23034935E+000  0.22752679E+001  0.40046661E+001
 -0.15579526E+000  0.23038717E+000  0.22753725E+001  0.40046325E+001
 -0.15579322E+000  0.23042395E+000  0.22754706E+001  0.40045724E+001
 -0.15579144E+000  0.23045983E+000  0.22755628E+001  0.40044877E+001
 -0.15578990E+000  0.23049494E+000  0.22756499E+001  0.40043803E+001
 -0.15578860E+000  0.23052939E+000  0.22757326E+001  0.40042523E+001
 -0.15578751E+000  0.23056326E+000  0.22758115E+001  0.40041056E+001
 -0.15578662E+000  0.23059662E+000  0.22758875E+001  0.40039423E+001
 -0.15578590E+000  0.23062953E+000  0.22759610E+001  0.40037644E+001
 -0.15578534E+000  0.23066204E+000  0.22760328E+001  0.40035739E+001
 -0.15578491E+000  0.23069419E+000  0.22761033E+001  0.40033726E+001
 -0.15578460E+000  0.23072600E+000  0.22761731E+001  0.40031622E+001
 -0.15578440E+000  0.23075749E+000  0.22762426E+001  0.40029446E+001
 -0.15578427E+000  0.23078870E+000  0.22763123E+001  0.40027211E+001
 -0.15578420E+000  0.23081962E+000  0.22763826E+001  0.40024933E+001
 -0.15578418E+000  0.23085028E+000  0.22764537E+001  0.40022625E+001
 -0.15578419E+000  0.23088067E+000  0.22765259E+001  0.40020297E+001
 -0.15578421E+000  0.23091079E+000  0.22765995E+001  0.40017961E+001
 -0.15578424E+000  0.23094066E+000  0.22766745E+001  0.40015625E+001
 -0.15578425E+000  0.23097025E+000  0.22767511E+001  0.40013297E+001
 -0.15578425E+000  0.23099957E+000  0.22768295E+001  0.40010983E+001
 -0.15578422E+000  0.23102860E+000  0.22769095E+001  0.40008689E+001
 -0.15578417E+000  0.23105734E+000  0.22769913E+001  0.40006420E+001
 -0.15578407E+000  0.23108576E+000  0.22770748E+001  0.40004179E+001
 -0.15578393E+000  0.23111384E+000  0.22771600E+001  0.40001969E+001
 -0.15578376E+000  0.23114157E+000  0.22772467E+001  0.39999792E+001
 -0.15578354E+000  0.23116892E+000  0.22773348E+001  0.39997650E+001
 -0.15578327E+000  0.23119587E+000  0.22774244E+001  0.39995545E+001
 -0.15578297E+000  0.23122238E+000  0.22775151E+001  0.39993477E+001
 -0.15578263E+000  0.23124843E+000  0.22776070E+001  0.39991447E+001
 -0.15578225E+000  0.23127399E+000  0.22776998E+001  0.39989455E+001
 -0.15578183E+000  0.23129903E+000  0.22777933E+001  0.39987501E+001
 -0.15578139E+000  0.23132352E+000  0.22778875E+001  0.39985586E+001
 -0.15578092E+000  0.23134743E+000  0.22779822E+001  0.39983710E+001
 -0.15578042E+000  0.23137073E+000  0.22780772E+001  0.39981871E+001
 -0.15577991E+000  0.23139339E+000  0.22781723E+001  0.39980071E+001
 -0.15577938E+000  0.23141539E+000  0.22782674E+001  0.39978310E+001
 -0.15577884E+000  0.23143670E+000  0.22783624E+001  0.39976586E+001
 -0.15577829E+000  0.23145730E+000  0.22784571E+001  0.39974900E+001
 -0.15577773E+000  0.23147718E+000  0.22785513E+001  0.39973253E+001
 -0.15577717E+000  0.23149631E+000  0.22786448E+001  0.39971643E+001
 -0.15577662E+000  0.23151469E+000  0.22787377E+001  0.39970071E+001
 -0.15577606E+000  0.23153231E+000  0.22788296E+001  0.39968536E+001
 -0.15577552E+000  0.23154916E+000  0.22789206E+001  0.39967040E+001
 -0.15577498E+000  0.23156525E+000  0.22790104E+001  0.39965581E+001
 -0.15577445E+000  0.23158056E+000  0.22790990E+001  0.39964160E+001
 -0.15577393E+000  0.23159512E+000  0.22791862E+001  0.39962777E+001
 -0.15577342E+000  0.23160892E+000  0.22792720E+001  0.39961432E+001
 -0.15577293E+000  0.23162199E+000  0.22793561E+001  0.39960125E+001
 -0.15577245E+000  0.23163433E+000  0.22794387E+001  0.39958855E+001
 -0.15577198E+000  0.23164596E+000  0.22795195E+001  0.39957624E+001
 -0.15577154E+000  0.23165691E+000  0.22795984E+001  0.39956430E+001
 -0.15577110E+000  0.23166719E+000  0.22796755E+001  0.39955274E+001
 -0.15577069E+000  0.23167683E+000  0.22797506E+001  0.39954155E+001
 -0.15577029E+000  0.23168585E+000  0.22798237E+001  0.39953074E+001
 -0.15576990E+000  0.23169428E+000  0.22798947E+001  0.39952030E+001
 -0.15576954E+000  0.23170215E+000  0.22799636E+001  0.39951023E+001
 -0.15576918E+000  0.23170949E+000  0.22800303E+001  0.39950053E+001
 -0.15576885E+000  0.23171631E+000  0.22800949E+001  0.39949120E+001
 -0.15576853E+000  0.23172266E+000  0.22801572E+001  0.39948222E+001
 -0.15576822E+000  0.23172856E+000  0.22802173E+001  0.39947361E+001
 -0.15576793E+000  0.23173403E+000  0.22802752E+001  0.39946534E+001
 -0.15576765E+000  0.23173911E+000  0.22803308E+001  0.39945742E+001
 -0.15576738E+000  0.23174382E+000  0.22803842E+001  0.39944985E+001
 -0.15576713E+000  0.23174818E+000  0.22804354E+001  0.39944261E+001
 -0.15576688E+000  0.23175222E+000  0.22804844E+001  0.39943570E+001
 -0.15576665E+000  0.23175596E+000  0.22805313E+001  0.39942911E+001
 -0.15576643E+000  0.23175943E+000  0.22805760E+001  0.39942284E+001
 -0.15576622E+000  0.23176264E+000  0.22806186E+001  0.39941688E+001
 -0.15576602E+000  0.23176561E+000  0.22806591E+001  0.39941122E+001
 -0.15576583E+000  0.23176838E+000  0.22806976E+001  0.39940585E+001
 -0.15576565E+000  0.23177094E+000  0.22807342E+001  0.39940076E+001
 -0.15576547E+000  0.23177332E+000  0.22807688E+001  0.39939595E+001
 -0.15576531E+000  0.23177553E+000  0.22808016E+001  0.39939140E+001
 -0.15576515E+000  0.23177759E+000  0.22808326E+001  0.39938711E+001
 -0.15576500E+000  0.23177951E+000  0.22808619E+001  0.39938307E+001
 -0.15576486E+000  0.23178130E+000  0.22808895E+001  0.39937926E+001
 -0.15576472E+000  0.23178297E+000  0.22809155E+001  0.39937569E+001
 -0.15576459E+000  0.23178454E+000  0.22809400E+001  0.39937233E+001
 -0.15576446E+000  0.23178600E+000  0.22809630E+001  0.39936919E+001
 -0.15576434E+000  0.23178738E+000  0.22809846E+001  0.39936624E+001
 -0.15576423E+000  0.23178867E+000  0.22810049E+001  0.39936349E+001
 -0.15576412E+000  0.23178989E+000  0.22810239E+001  0.39936092E+001
 -0.15576401E+000  0.23179103E+000  0.22810417E+001  0.39935853E+001
 -0.15576391E+000  0.23179211E+000  0.22810583E+001  0.39935630E+001
 -0.15576381E+000  0.23179314E+000  0.22810739E+001  0.39935423E+001
 -0.15576372E+000  0.23179410E+000  0.22810884E+001  0.39935231E+001
 -0.15576363E+000  0.23179502E+000  0.22811020E+001  0.39935054E+001
 -0.15576355E+000  0.23179589E+000  0.22811147E+001  0.39934889E+001
 -0.15576347E+000  0.23179671E+000  0.22811265E+001  0.39934737E+001
 -0.15576339E+000  0.23179749E+000  0.22811375E+001  0.39934597E+001
 -0.15576332E+000  0.23179824E+000  0.22811478E+001  0.39934469E+001
 -0.15576325E+000  0.23179895E+000  0.22811574E+001  0.39934351E+001
 -0.15576318E+000  0.23179962E+000  0.22811663E+001  0.39934243E+001
 -0.15576312E+000  0.23180027E+000  0.22811746E+001  0.39934144E+001
 -0.15576305E+000  0.23180088E+000  0.22811823E+001  0.39934054E+001
 -0.15576300E+000  0.23180146E+000  0.22811895E+001  0.39933972E+001
 -0.15576294E+000  0.23180202E+000  0.22811962E+001  0.39933898E+001
 -0.15576289E+000  0.23180255E+000  0.22812024E+001  0.39933831E+001
 -0.15576284E+000  0.23180306E+000  0.22812082E+001  0.39933771E+001
 -0.15576279E+000  0.23180355E+000  0.22812136E+001  0.39933717E+001
 -0.15576274E+000  0.23180401E+000  0.22812186E+001  0.39933669E+001
 -0.15576270E+000  0.23180445E+000  0.22812232E+001  0.39933626E+001
 -0.15576266E+000  0.23180487E+000  0.22812276E+001  0.39933588E+001
 -0.15576262E+000  0.23180527E+000  0.22812316E+001  0.39933555E+001
 -0.15576258E+000  0.23180565E+000  0.22812354E+001  0.39933526E+001
 -0.15576254E+000  0.23180602E+000  0.22812389E+001  0.39933502E+001
 -0.15576251E+000  0.23180636E+000  0.22812421E+001  0.39933480E+001
 -0.15576248E+000  0.23180670E+000  0.22812452E+001  0.39933463E+001
 -0.15576244E+000  0.23180701E+000  0.22812480E+001  0.39933448E+001
 -0.15576242E+000  0.23180731E+000  0.22812506E+001  0.39933437E+001
 -0.15576239E+000  0.23180760E+000  0.22812531E+001  0.39933428E+001
 -0.15576236E+000  0.23180787E+000  0.22812554E+001  0.39933422E+001
 -0.15576234E+000  0.23180813E+000  0.22812575E+001  0.39933417E+001
 -0.15576231E+000  0.23180838E+000  0.22812595E+001  0.39933415E+001
 -0.15576229E+000  0.23180861E+000  0.22812614E+001  0.39933415E+001
 -0.15576227E+000  0.23180883E+000  0.22812631E+001  0.39933416E+001
 -0.15576225E+000  0.23180904E+000  0.22812648E+001  0.39933419E+001
 -0.15576223E+000  0.23180924E+000  0.22812663E+001  0.39933424E+001
 -0.15576222E+000  0.23180943E+000  0.22812677E+001  0.39933429E+001
 -0.15576220E+000  0.23180960E+000  0.22812690E+001  0.39933436E+001
 -0.15576219E+000  0.23180976E+000  0.22812702E+001  0.39933444E+001
 -0.15576218E+000  0.23180991E+000  0.22812714E+001  0.39933452E+001
