  0.16380372E+001
  0.16340503E+001
  0.16308569E+001
  0.16282907E+001
  0.16262327E+001
  0.16245910E+001
  0.16232946E+001
  0.16222837E+001
  0.16215088E+001
  0.16209297E+001
  0.16205133E+001
  0.16202331E+001
  0.16200673E+001
  0.16199976E+001
  0.16200086E+001
  0.16200876E+001
  0.16202240E+001
  0.16204089E+001
  0.16206349E+001
  0.16208959E+001
  0.16211866E+001
  0.16215027E+001
  0.16218405E+001
  0.16221969E+001
  0.16225692E+001
  0.16229552E+001
  0.16233529E+001
  0.16237607E+001
  0.16241769E+001
  0.16246004E+001
  0.16250298E+001
  0.16254642E+001
  0.16259025E+001
  0.16263437E+001
  0.16267871E+001
  0.16272318E+001
  0.16276770E+001
  0.16281220E+001
  0.16285659E+001
  0.16290081E+001
  0.16294478E+001
  0.16298844E+001
  0.16303170E+001
  0.16307450E+001
  0.16311677E+001
  0.16315844E+001
  0.16319944E+001
  0.16323970E+001
  0.16327915E+001
  0.16331774E+001
  0.16335540E+001
  0.16339207E+001
  0.16342770E+001
  0.16346222E+001
  0.16349559E+001
  0.16352776E+001
  0.16355869E+001
  0.16358834E+001
  0.16361668E+001
  0.16364367E+001
  0.16366930E+001
  0.16369353E+001
  0.16371636E+001
  0.16373779E+001
  0.16375779E+001
  0.16377639E+001
  0.16379357E+001
  0.16380937E+001
  0.16382379E+001
  0.16383686E+001
  0.16384861E+001
  0.16385907E+001
  0.16386827E+001
  0.16387628E+001
  0.16388313E+001
  0.16388887E+001
  0.16389357E+001
  0.16389729E+001
  0.16390008E+001
  0.16390202E+001
  0.16390318E+001
  0.16390362E+001
  0.16390342E+001
  0.16390264E+001
  0.16390136E+001
  0.16389964E+001
  0.16389755E+001
  0.16389514E+001
  0.16389248E+001
  0.16388963E+001
  0.16388662E+001
  0.16388350E+001
  0.16388032E+001
  0.16387712E+001
  0.16387391E+001
  0.16387073E+001
  0.16386760E+001
  0.16386454E+001
  0.16386157E+001
  0.16385869E+001
  0.16385591E+001
  0.16385323E+001
  0.16385067E+001
  0.16384823E+001
  0.16384589E+001
  0.16384366E+001
  0.16384155E+001
  0.16383954E+001
  0.16383762E+001
  0.16383581E+001
  0.16383409E+001
  0.16383245E+001
  0.16383089E+001
  0.16382942E+001
  0.16382801E+001
  0.16382668E+001
  0.16382541E+001
  0.16382419E+001
  0.16382304E+001
  0.16382193E+001
  0.16382088E+001
  0.16381987E+001
  0.16381891E+001
  0.16381798E+001
  0.16381710E+001
  0.16381625E+001
  0.16381544E+001
  0.16381466E+001
  0.16381391E+001
  0.16381319E+001
  0.16381250E+001
  0.16381184E+001
  0.16381120E+001
  0.16381059E+001
  0.16381001E+001
  0.16380945E+001
  0.16380891E+001
  0.16380839E+001
  0.16380790E+001
  0.16380743E+001
  0.16380697E+001
  0.16380654E+001
  0.16380613E+001
  0.16380574E+001
  0.16380537E+001
  0.16380501E+001
  0.16380467E+001
  0.16380435E+001
  0.16380405E+001
  0.16380377E+001
  0.16380350E+001
  0.16380324E+001
  0.16380301E+001
  0.16380278E+001
  0.16380257E+001
  0.16380238E+001
  0.16380220E+001
  0.16380203E+001
  0.16380188E+001
  0.16380174E+001
  0.16380161E+001
  0.16380149E+001
  0.16380138E+001
  0.16380129E+001
  0.16380120E+001
  0.16380113E+001
  0.16380106E+001
  0.16380100E+001
  0.16380095E+001
  0.16380091E+001
  0.16380088E+001
  0.16380086E+001
  0.16380084E+001
  0.16380082E+001
  0.16380082E+001
  0.16380082E+001
  0.16380082E+001
  0.16380083E+001
  0.16380085E+001
  0.16380087E+001
  0.16380089E+001
  0.16380092E+001
  0.16380095E+001
  0.16380098E+001
  0.16380102E+001
  0.16380106E+001
  0.16380110E+001
  0.16380115E+001
  0.16380119E+001
  0.16380124E+001
  0.16380129E+001
  0.16380134E+001
  0.16380139E+001
  0.16380144E+001
  0.16380149E+001
  0.16380155E+001
  0.16380160E+001
  0.16380166E+001
  0.16380171E+001
  0.16380176E+001
