  0.60230631E+000
  0.60335994E+000
  0.60400796E+000
  0.60435908E+000
  0.60419436E+000
  0.60370298E+000
  0.60330877E+000
  0.60298186E+000
  0.60270270E+000
  0.60245841E+000
  0.60224105E+000
  0.60204467E+000
  0.60186524E+000
  0.60169984E+000
  0.60154633E+000
  0.60135344E+000
  0.60113104E+000
  0.60090514E+000
  0.60068903E+000
  0.60048893E+000
  0.60030711E+000
  0.60014372E+000
  0.59999784E+000
  0.59986807E+000
  0.59975287E+000
  0.59965414E+000
  0.59957431E+000
  0.59950714E+000
  0.59944890E+000
  0.59939734E+000
  0.59935113E+000
  0.59930942E+000
  0.59927165E+000
  0.59923746E+000
  0.59920654E+000
  0.59917867E+000
  0.59915364E+000
  0.59913124E+000
  0.59911129E+000
  0.59909361E+000
  0.59907802E+000
  0.59906433E+000
  0.59905238E+000
  0.59904199E+000
  0.59903300E+000
  0.59902527E+000
  0.59901865E+000
  0.59901299E+000
  0.59900819E+000
  0.59900413E+000
  0.59900071E+000
  0.59899783E+000
  0.59899543E+000
  0.59899342E+000
  0.59899176E+000
  0.59899040E+000
  0.59898928E+000
  0.59898837E+000
  0.59898764E+000
  0.59898707E+000
  0.59898662E+000
  0.59898629E+000
  0.59898606E+000
  0.59898591E+000
  0.59898584E+000
  0.59898583E+000
  0.59898588E+000
  0.59898632E+000
  0.59898809E+000
  0.59899014E+000
  0.59899226E+000
  0.59899440E+000
  0.59899656E+000
  0.59899875E+000
  0.59900097E+000
  0.59900324E+000
  0.59900556E+000
  0.59900794E+000
  0.59901038E+000
  0.59901289E+000
  0.59901546E+000
  0.59901810E+000
  0.59902080E+000
  0.59902355E+000
  0.59902635E+000
  0.59902919E+000
  0.59903205E+000
  0.59903492E+000
  0.59903779E+000
  0.59904065E+000
  0.59904347E+000
  0.59904626E+000
  0.59904899E+000
  0.59905165E+000
  0.59905424E+000
  0.59905674E+000
  0.59905915E+000
  0.59906146E+000
  0.59906367E+000
  0.59906578E+000
  0.59906779E+000
  0.59906968E+000
  0.59907148E+000
  0.59907317E+000
  0.59907476E+000
  0.59907625E+000
  0.59907765E+000
  0.59907896E+000
  0.59908018E+000
  0.59908133E+000
  0.59908239E+000
  0.59908338E+000
  0.59908430E+000
  0.59908516E+000
  0.59908596E+000
  0.59908669E+000
  0.59908737E+000
  0.59908800E+000
  0.59908858E+000
  0.59908912E+000
  0.59908961E+000
  0.59909006E+000
  0.59909047E+000
  0.59909084E+000
  0.59909118E+000
  0.59909149E+000
  0.59909177E+000
  0.59909201E+000
  0.59909223E+000
  0.59909242E+000
  0.59909259E+000
  0.59909273E+000
  0.59909285E+000
  0.59909295E+000
  0.59909303E+000
  0.59909309E+000
  0.59909313E+000
  0.59909316E+000
  0.59909317E+000
  0.59909316E+000
  0.59909314E+000
  0.59909311E+000
  0.59909306E+000
  0.59909301E+000
  0.59909294E+000
  0.59909286E+000
  0.59909278E+000
  0.59909268E+000
  0.59909258E+000
  0.59909248E+000
  0.59909236E+000
  0.59909225E+000
  0.59909213E+000
  0.59909200E+000
  0.59909187E+000
  0.59909174E+000
  0.59909161E+000
  0.59909147E+000
  0.59909134E+000
  0.59909121E+000
  0.59909107E+000
  0.59909094E+000
  0.59909080E+000
  0.59909067E+000
  0.59909054E+000
  0.59909041E+000
  0.59909029E+000
  0.59909016E+000
  0.59909004E+000
  0.59908992E+000
  0.59908981E+000
  0.59908970E+000
  0.59908959E+000
  0.59908948E+000
  0.59908938E+000
  0.59908928E+000
  0.59908919E+000
  0.59908910E+000
  0.59908901E+000
  0.59908892E+000
  0.59908884E+000
  0.59908876E+000
  0.59908869E+000
  0.59908862E+000
  0.59908855E+000
  0.59908848E+000
  0.59908842E+000
  0.59908836E+000
  0.59908831E+000
  0.59908825E+000
  0.59908820E+000
  0.59908816E+000
  0.59908811E+000
  0.59908807E+000
  0.59908803E+000
  0.59908799E+000
  0.59908796E+000
  0.59908793E+000
  0.59908790E+000
  0.59908786E+000
