  0.19606333E+001
  0.20318538E+001
  0.20450027E+001
  0.20440695E+001
  0.20410060E+001
  0.20372890E+001
  0.20281686E+001
  0.20170455E+001
  0.20060403E+001
  0.19962036E+001
  0.19879172E+001
  0.19811436E+001
  0.19756434E+001
  0.19711653E+001
  0.19674814E+001
  0.19645599E+001
  0.19622428E+001
  0.19603811E+001
  0.19588686E+001
  0.19576283E+001
  0.19566032E+001
  0.19557509E+001
  0.19550391E+001
  0.19544425E+001
  0.19539415E+001
  0.19534380E+001
  0.19528080E+001
  0.19521241E+001
  0.19514389E+001
  0.19507885E+001
  0.19501962E+001
  0.19496751E+001
  0.19492313E+001
  0.19488655E+001
  0.19485745E+001
  0.19483531E+001
  0.19481945E+001
  0.19480913E+001
  0.19480360E+001
  0.19480213E+001
  0.19480406E+001
  0.19480877E+001
  0.19481574E+001
  0.19482449E+001
  0.19483464E+001
  0.19484587E+001
  0.19485792E+001
  0.19487057E+001
  0.19488367E+001
  0.19489707E+001
  0.19491067E+001
  0.19492441E+001
  0.19493822E+001
  0.19495206E+001
  0.19496590E+001
  0.19497969E+001
  0.19499344E+001
  0.19500711E+001
  0.19502069E+001
  0.19503417E+001
  0.19504753E+001
  0.19506077E+001
  0.19507387E+001
  0.19508683E+001
  0.19509963E+001
  0.19511228E+001
  0.19512476E+001
  0.19513594E+001
  0.19514217E+001
  0.19514624E+001
  0.19514940E+001
  0.19515222E+001
  0.19515494E+001
  0.19515764E+001
  0.19516036E+001
  0.19516312E+001
  0.19516591E+001
  0.19516872E+001
  0.19517154E+001
  0.19517437E+001
  0.19517720E+001
  0.19518002E+001
  0.19518282E+001
  0.19518560E+001
  0.19518835E+001
  0.19519107E+001
  0.19519374E+001
  0.19519637E+001
  0.19519895E+001
  0.19520147E+001
  0.19520395E+001
  0.19520637E+001
  0.19520873E+001
  0.19521104E+001
  0.19521329E+001
  0.19521549E+001
  0.19521765E+001
  0.19521975E+001
  0.19522181E+001
  0.19522382E+001
  0.19522580E+001
  0.19522774E+001
  0.19522965E+001
  0.19523154E+001
  0.19523339E+001
  0.19523523E+001
  0.19523705E+001
  0.19523886E+001
  0.19524065E+001
  0.19524244E+001
  0.19524422E+001
  0.19524601E+001
  0.19524779E+001
  0.19524958E+001
  0.19525137E+001
  0.19525317E+001
  0.19525499E+001
  0.19525681E+001
  0.19525865E+001
  0.19526050E+001
  0.19526237E+001
  0.19526426E+001
  0.19526617E+001
  0.19526810E+001
  0.19527004E+001
  0.19527201E+001
  0.19527400E+001
  0.19527601E+001
  0.19527804E+001
  0.19528009E+001
  0.19528217E+001
  0.19528426E+001
  0.19528638E+001
  0.19528851E+001
  0.19529066E+001
  0.19529284E+001
  0.19529503E+001
  0.19529723E+001
  0.19529946E+001
  0.19530169E+001
  0.19530394E+001
  0.19530621E+001
  0.19530848E+001
  0.19531077E+001
  0.19531306E+001
  0.19531536E+001
  0.19531767E+001
  0.19531998E+001
  0.19532230E+001
  0.19532461E+001
  0.19532693E+001
  0.19532924E+001
  0.19533156E+001
  0.19533387E+001
  0.19533617E+001
  0.19533847E+001
  0.19534075E+001
  0.19534303E+001
  0.19534530E+001
  0.19534755E+001
  0.19534979E+001
  0.19535201E+001
  0.19535422E+001
  0.19535640E+001
  0.19535857E+001
  0.19536072E+001
  0.19536284E+001
  0.19536494E+001
  0.19536702E+001
  0.19536907E+001
  0.19537110E+001
  0.19537310E+001
  0.19537507E+001
  0.19537701E+001
  0.19537892E+001
  0.19538080E+001
  0.19538264E+001
  0.19538446E+001
  0.19538624E+001
  0.19538799E+001
  0.19538971E+001
  0.19539139E+001
  0.19539304E+001
  0.19539465E+001
  0.19539623E+001
  0.19539778E+001
  0.19539928E+001
  0.19540076E+001
  0.19540219E+001
  0.19540359E+001
  0.19540496E+001
  0.19540629E+001
  0.19540759E+001
  0.19540885E+001
  0.19541007E+001
  0.19541127E+001
  0.19541242E+001
  0.19541355E+001
  0.19541464E+001
  0.19541570E+001
