  0.67621779E+000  0.85157576E+000  0.97281742E+000  0.25250749E+001
  0.67404866E+000  0.85064140E+000  0.97453731E+000  0.25208056E+001
  0.67137855E+000  0.85127627E+000  0.97441256E+000  0.25185958E+001
  0.67013976E+000  0.85065540E+000  0.97454389E+000  0.25167397E+001
  0.66843682E+000  0.85098963E+000  0.97495434E+000  0.25147320E+001
  0.66639434E+000  0.85219654E+000  0.97502058E+000  0.25130362E+001
  0.66433883E+000  0.85294754E+000  0.97503146E+000  0.25122709E+001
  0.66314166E+000  0.85342994E+000  0.97498713E+000  0.25113155E+001
  0.66248809E+000  0.85306404E+000  0.97534641E+000  0.25105444E+001
  0.66214323E+000  0.85258719E+000  0.97542846E+000  0.25100909E+001
  0.66159398E+000  0.85282986E+000  0.97532014E+000  0.25095103E+001
  0.66123153E+000  0.85271590E+000  0.97539378E+000  0.25090884E+001
  0.66040756E+000  0.85334089E+000  0.97531553E+000  0.25086873E+001
  0.66025361E+000  0.85309638E+000  0.97547671E+000  0.25083704E+001
  0.66015754E+000  0.85300311E+000  0.97546761E+000  0.25081169E+001
  0.66007875E+000  0.85284558E+000  0.97536584E+000  0.25080929E+001
  0.66003337E+000  0.85275832E+000  0.97536658E+000  0.25079392E+001
  0.65983255E+000  0.85291353E+000  0.97516988E+000  0.25079607E+001
  0.65980953E+000  0.85287615E+000  0.97517516E+000  0.25078497E+001
  0.65977722E+000  0.85277548E+000  0.97525885E+000  0.25077792E+001
  0.65973017E+000  0.85271290E+000  0.97534406E+000  0.25077234E+001
  0.65972019E+000  0.85271894E+000  0.97533477E+000  0.25076899E+001
  0.65939986E+000  0.85303192E+000  0.97536587E+000  0.25076481E+001
  0.65940996E+000  0.85302959E+000  0.97537008E+000  0.25076424E+001
  0.65941493E+000  0.85303823E+000  0.97537514E+000  0.25076508E+001
  0.65943022E+000  0.85303930E+000  0.97539266E+000  0.25076617E+001
  0.65944706E+000  0.85303754E+000  0.97541225E+000  0.25076869E+001
  0.65946574E+000  0.85304124E+000  0.97541967E+000  0.25077299E+001
  0.65948145E+000  0.85304453E+000  0.97543380E+000  0.25077805E+001
  0.65950277E+000  0.85304978E+000  0.97544552E+000  0.25078352E+001
  0.65952471E+000  0.85305575E+000  0.97545796E+000  0.25078958E+001
  0.65954763E+000  0.85305001E+000  0.97548276E+000  0.25079614E+001
  0.65957110E+000  0.85305342E+000  0.97549908E+000  0.25080315E+001
  0.65959497E+000  0.85305986E+000  0.97534188E+000  0.25069669E+001
  0.65961912E+000  0.85306642E+000  0.97537722E+000  0.25071903E+001
  0.65964343E+000  0.85307305E+000  0.97541168E+000  0.25074097E+001
  0.65966781E+000  0.85307970E+000  0.97544519E+000  0.25076249E+001
  0.65969217E+000  0.85308634E+000  0.97547768E+000  0.25078353E+001
  0.65971643E+000  0.85309295E+000  0.97550910E+000  0.25080406E+001
  0.65974053E+000  0.85309951E+000  0.97553940E+000  0.25082406E+001
  0.65976438E+000  0.85310600E+000  0.97556856E+000  0.25084351E+001
  0.65978794E+000  0.85311241E+000  0.97559655E+000  0.25086237E+001
  0.65981115E+000  0.85311873E+000  0.97562337E+000  0.25088064E+001
  0.65983396E+000  0.85312495E+000  0.97564777E+000  0.25089746E+001
  0.65985632E+000  0.85313107E+000  0.97566107E+000  0.25090685E+001
  0.65987818E+000  0.85313968E+000  0.97567161E+000  0.25091631E+001
  0.65989951E+000  0.85314558E+000  0.97568457E+000  0.25092584E+001
  0.65992026E+000  0.85315139E+000  0.97569732E+000  0.25093541E+001
  0.65994040E+000  0.85315705E+000  0.97570992E+000  0.25094502E+001
  0.65995989E+000  0.85316285E+000  0.97572206E+000  0.25095467E+001
  0.65997870E+000  0.85316827E+000  0.97573429E+000  0.25096433E+001
  0.65999680E+000  0.85317362E+000  0.97574625E+000  0.25097401E+001
  0.66001417E+000  0.85317877E+000  0.97575808E+000  0.25098370E+001
  0.66003078E+000  0.85318378E+000  0.97576972E+000  0.25099338E+001
  0.66004663E+000  0.85318865E+000  0.97578116E+000  0.25100305E+001
  0.66006169E+000  0.85320531E+000  0.97578044E+000  0.25101270E+001
  0.66007596E+000  0.85320989E+000  0.97579144E+000  0.25102232E+001
  0.66008942E+000  0.85321431E+000  0.97580222E+000  0.25103190E+001
  0.66010209E+000  0.85321858E+000  0.97581723E+000  0.25104100E+001
  0.66011397E+000  0.85322269E+000  0.97582754E+000  0.25105048E+001
  0.66012525E+000  0.85322643E+000  0.97583760E+000  0.25105992E+001
  0.66013557E+000  0.85323020E+000  0.97584740E+000  0.25106928E+001
  0.66014513E+000  0.85323381E+000  0.97585694E+000  0.25107858E+001
  0.66015396E+000  0.85323724E+000  0.97586622E+000  0.25108780E+001
  0.66016211E+000  0.85324048E+000  0.97587528E+000  0.25109694E+001
  0.66016955E+000  0.85324357E+000  0.97588400E+000  0.25110600E+001
  0.66017633E+000  0.85324649E+000  0.97589244E+000  0.25111496E+001
  0.66018249E+000  0.85324925E+000  0.97590059E+000  0.25112383E+001
  0.66018807E+000  0.85325186E+000  0.97590843E+000  0.25113261E+001
  0.66019310E+000  0.85325432E+000  0.97591599E+000  0.25114128E+001
  0.66019761E+000  0.85326247E+000  0.97581303E+000  0.25107788E+001
  0.66020163E+000  0.85326463E+000  0.97581746E+000  0.25108456E+001
  0.66020527E+000  0.85326658E+000  0.97582147E+000  0.25109101E+001
  0.66020844E+000  0.85326845E+000  0.97582509E+000  0.25109726E+001
  0.66021123E+000  0.85327018E+000  0.97582835E+000  0.25110331E+001
  0.66021367E+000  0.85327179E+000  0.97583126E+000  0.25110917E+001
  0.66021579E+000  0.85327329E+000  0.97583385E+000  0.25111483E+001
  0.66021763E+000  0.85327467E+000  0.97583615E+000  0.25112031E+001
  0.66021921E+000  0.85327595E+000  0.97583818E+000  0.25112562E+001
  0.66022055E+000  0.85327714E+000  0.97583996E+000  0.25113075E+001
  0.66022167E+000  0.85327824E+000  0.97584153E+000  0.25113572E+001
  0.66022262E+000  0.85327926E+000  0.97584291E+000  0.25114053E+001
  0.66022339E+000  0.85328021E+000  0.97584412E+000  0.25114519E+001
  0.66022402E+000  0.85328110E+000  0.97584520E+000  0.25114971E+001
  0.66022452E+000  0.85328193E+000  0.97584616E+000  0.25115409E+001
  0.66022490E+000  0.85328271E+000  0.97584703E+000  0.25115834E+001
  0.66022519E+000  0.85328345E+000  0.97584782E+000  0.25116247E+001
  0.66022540E+000  0.85328415E+000  0.97584858E+000  0.25116648E+001
  0.66022554E+000  0.85328482E+000  0.97584930E+000  0.25117038E+001
  0.66022563E+000  0.85328545E+000  0.97585002E+000  0.25117418E+001
  0.66022567E+000  0.85328606E+000  0.97585074E+000  0.25117789E+001
  0.66022567E+000  0.85328665E+000  0.97585149E+000  0.25118150E+001
  0.66022565E+000  0.85328722E+000  0.97585226E+000  0.25118504E+001
  0.66022562E+000  0.85328778E+000  0.97603733E+000  0.25131561E+001
  0.66022558E+000  0.85328832E+000  0.97604192E+000  0.25132157E+001
  0.66022553E+000  0.85328885E+000  0.97604654E+000  0.25132746E+001
  0.66022549E+000  0.85328938E+000  0.97605120E+000  0.25133327E+001
  0.66022545E+000  0.85328990E+000  0.97605592E+000  0.25133902E+001
  0.66022543E+000  0.85329040E+000  0.97606068E+000  0.25134472E+001
  0.66022542E+000  0.85329090E+000  0.97606549E+000  0.25135036E+001
  0.66022543E+000  0.85329139E+000  0.97607034E+000  0.25135594E+001
  0.66022546E+000  0.85329188E+000  0.97607524E+000  0.25136149E+001
  0.66022551E+000  0.85329236E+000  0.97608017E+000  0.25136699E+001
  0.66022558E+000  0.85329284E+000  0.97608515E+000  0.25137246E+001
  0.66022568E+000  0.85329331E+000  0.97609015E+000  0.25137790E+001
  0.66022579E+000  0.85329378E+000  0.97609517E+000  0.25138331E+001
  0.66022593E+000  0.85329424E+000  0.97610022E+000  0.25138870E+001
  0.66022610E+000  0.85329469E+000  0.97610528E+000  0.25139407E+001
  0.66022628E+000  0.85329513E+000  0.97611035E+000  0.25139943E+001
  0.66022649E+000  0.85329557E+000  0.97611542E+000  0.25140478E+001
  0.66022672E+000  0.85329601E+000  0.97612049E+000  0.25141011E+001
  0.66022696E+000  0.85329643E+000  0.97612554E+000  0.25141545E+001
  0.66022723E+000  0.85329685E+000  0.97613057E+000  0.25142078E+001
  0.66022751E+000  0.85329726E+000  0.97613558E+000  0.25142612E+001
  0.66022781E+000  0.85329766E+000  0.97614056E+000  0.25143146E+001
  0.66022812E+000  0.85329805E+000  0.97614550E+000  0.25143681E+001
  0.66022844E+000  0.85329844E+000  0.97615040E+000  0.25144217E+001
  0.66022878E+000  0.85329881E+000  0.97615525E+000  0.25144755E+001
  0.66022913E+000  0.85329918E+000  0.97616005E+000  0.25145294E+001
  0.66022948E+000  0.85329954E+000  0.97616479E+000  0.25145834E+001
  0.66022985E+000  0.85329989E+000  0.97616946E+000  0.25146376E+001
  0.66023022E+000  0.85330024E+000  0.97617407E+000  0.25146921E+001
  0.66023059E+000  0.85330057E+000  0.97617861E+000  0.25147468E+001
  0.66023097E+000  0.85330090E+000  0.97618307E+000  0.25148016E+001
  0.66023135E+000  0.85330122E+000  0.97618745E+000  0.25148568E+001
  0.66023174E+000  0.85330153E+000  0.97619175E+000  0.25149121E+001
  0.66023212E+000  0.85330183E+000  0.97619596E+000  0.25149677E+001
  0.66023251E+000  0.85330213E+000  0.97620008E+000  0.25150236E+001
  0.66023289E+000  0.85330241E+000  0.97620412E+000  0.25150797E+001
  0.66023327E+000  0.85330270E+000  0.97620806E+000  0.25151361E+001
  0.66023365E+000  0.85330297E+000  0.97621191E+000  0.25151927E+001
  0.66023403E+000  0.85330324E+000  0.97621566E+000  0.25152496E+001
  0.66023440E+000  0.85330350E+000  0.97621931E+000  0.25153067E+001
  0.66023476E+000  0.85330375E+000  0.97622287E+000  0.25153641E+001
  0.66023512E+000  0.85330400E+000  0.97622633E+000  0.25154216E+001
  0.66023547E+000  0.85330424E+000  0.97622969E+000  0.25154794E+001
  0.66023582E+000  0.85330447E+000  0.97623295E+000  0.25155373E+001
  0.66023615E+000  0.85330470E+000  0.97623611E+000  0.25155955E+001
  0.66023648E+000  0.85330492E+000  0.97623917E+000  0.25156538E+001
  0.66023680E+000  0.85330513E+000  0.97624213E+000  0.25157122E+001
  0.66023712E+000  0.85330534E+000  0.97624500E+000  0.25157708E+001
  0.66023742E+000  0.85330554E+000  0.97624776E+000  0.25158294E+001
  0.66023771E+000  0.85330574E+000  0.97625043E+000  0.25158882E+001
  0.66023799E+000  0.85330593E+000  0.97625300E+000  0.25159470E+001
  0.66023827E+000  0.85330612E+000  0.97625548E+000  0.25160058E+001
  0.66023853E+000  0.85330630E+000  0.97625787E+000  0.25160646E+001
  0.66023878E+000  0.85330647E+000  0.97626016E+000  0.25161234E+001
  0.66023903E+000  0.85330664E+000  0.97626237E+000  0.25161822E+001
  0.66023926E+000  0.85330680E+000  0.97626448E+000  0.25162409E+001
  0.66023949E+000  0.85330696E+000  0.97626651E+000  0.25162994E+001
  0.66023970E+000  0.85330711E+000  0.97626846E+000  0.25163579E+001
  0.66023991E+000  0.85330725E+000  0.97627032E+000  0.25164161E+001
  0.66024010E+000  0.85330739E+000  0.97627210E+000  0.25164742E+001
  0.66024029E+000  0.85330753E+000  0.97627380E+000  0.25165320E+001
  0.66024046E+000  0.85330766E+000  0.97627543E+000  0.25165896E+001
  0.66024063E+000  0.85330778E+000  0.97627698E+000  0.25166469E+001
  0.66024079E+000  0.85330790E+000  0.97627846E+000  0.25167038E+001
  0.66024094E+000  0.85330802E+000  0.97627987E+000  0.25167604E+001
  0.66024109E+000  0.85330813E+000  0.97628121E+000  0.25168167E+001
  0.66024122E+000  0.85330823E+000  0.97628249E+000  0.25168725E+001
  0.66024135E+000  0.85330833E+000  0.97628371E+000  0.25169279E+001
  0.66024147E+000  0.85330842E+000  0.97628486E+000  0.25169828E+001
  0.66024159E+000  0.85330851E+000  0.97628596E+000  0.25170372E+001
  0.66024169E+000  0.85330860E+000  0.97628699E+000  0.25170910E+001
  0.66024179E+000  0.85330868E+000  0.97628798E+000  0.25171444E+001
  0.66024189E+000  0.85330876E+000  0.97628891E+000  0.25171971E+001
  0.66024198E+000  0.85330883E+000  0.97628980E+000  0.25172493E+001
  0.66024206E+000  0.85330890E+000  0.97629063E+000  0.25173008E+001
  0.66024214E+000  0.85330897E+000  0.97629142E+000  0.25173516E+001
  0.66024221E+000  0.85330903E+000  0.97629217E+000  0.25174018E+001
  0.66024228E+000  0.85330909E+000  0.97629288E+000  0.25174513E+001
  0.66024235E+000  0.85330914E+000  0.97629354E+000  0.25175001E+001
  0.66024241E+000  0.85330920E+000  0.97629417E+000  0.25175481E+001
  0.66024246E+000  0.85330925E+000  0.97629476E+000  0.25175954E+001
  0.66024252E+000  0.85330929E+000  0.97629532E+000  0.25176419E+001
  0.66024257E+000  0.85330934E+000  0.97629585E+000  0.25176876E+001
  0.66024261E+000  0.85330938E+000  0.97629634E+000  0.25177326E+001
  0.66024266E+000  0.85330942E+000  0.97629681E+000  0.25177767E+001
  0.66024270E+000  0.85330945E+000  0.97629724E+000  0.25178200E+001
  0.66024273E+000  0.85330949E+000  0.97629765E+000  0.25178624E+001
  0.66024277E+000  0.85330952E+000  0.97629804E+000  0.25179041E+001
  0.66024280E+000  0.85330955E+000  0.97629840E+000  0.25179448E+001
  0.66024283E+000  0.85330958E+000  0.97629874E+000  0.25179847E+001
  0.66024286E+000  0.85330960E+000  0.97629906E+000  0.25180238E+001
  0.66024288E+000  0.85330963E+000  0.97629936E+000  0.25180620E+001
  0.66024291E+000  0.85330965E+000  0.97629965E+000  0.25180993E+001
  0.66024293E+000  0.85330967E+000  0.97629991E+000  0.25181357E+001
  0.66024295E+000  0.85330969E+000  0.97630016E+000  0.25181713E+001
  0.66024297E+000  0.85330971E+000  0.97630039E+000  0.25182060E+001
  0.66024299E+000  0.85330973E+000  0.97630060E+000  0.25182398E+001
  0.66024300E+000  0.85330974E+000  0.97630081E+000  0.25182727E+001
  0.66024302E+000  0.85330976E+000  0.97630100E+000  0.25183048E+001
  0.66024303E+000  0.85330977E+000  0.97630117E+000  0.25183361E+001
  0.66024305E+000  0.85330979E+000  0.97630134E+000  0.25183664E+001
  0.66024306E+000  0.85330980E+000  0.97630150E+000  0.25183960E+001
  0.66024307E+000  0.85330981E+000  0.97630164E+000  0.25184246E+001
  0.66024308E+000  0.85330982E+000  0.97630178E+000  0.25184525E+001
  0.66024309E+000  0.85330983E+000  0.97630190E+000  0.25184795E+001
  0.66024310E+000  0.85330984E+000  0.97630202E+000  0.25185057E+001
  0.66024309E+000  0.85330984E+000  0.97630211E+000  0.25185311E+001
