  0.70285297E+000  0.85574695E+000  0.10430538E+001  0.24240322E+001
  0.70257294E+000  0.85525143E+000  0.10415658E+001  0.24206428E+001
  0.70219300E+000  0.85499454E+000  0.10404288E+001  0.24180467E+001
  0.70186920E+000  0.85484379E+000  0.10394324E+001  0.24159333E+001
  0.70161402E+000  0.85471486E+000  0.10385944E+001  0.24141895E+001
  0.70143877E+000  0.85457164E+000  0.10378928E+001  0.24127444E+001
  0.70129709E+000  0.85444496E+000  0.10373094E+001  0.24115373E+001
  0.70118607E+000  0.85433191E+000  0.10368310E+001  0.24105253E+001
  0.70109212E+000  0.85423792E+000  0.10364373E+001  0.24096756E+001
  0.70101243E+000  0.85415942E+000  0.10361147E+001  0.24089631E+001
  0.70094474E+000  0.85409300E+000  0.10358511E+001  0.24083654E+001
  0.70088744E+000  0.85403591E+000  0.10356374E+001  0.24078689E+001
  0.70083925E+000  0.85398643E+000  0.10354664E+001  0.24074591E+001
  0.70079914E+000  0.85394300E+000  0.10353318E+001  0.24071231E+001
  0.70076348E+000  0.85390435E+000  0.10352282E+001  0.24068491E+001
  0.70073487E+000  0.85386948E+000  0.10351505E+001  0.24066282E+001
  0.70071341E+000  0.85383758E+000  0.10350945E+001  0.24064520E+001
  0.70069763E+000  0.85380802E+000  0.10350571E+001  0.24063139E+001
  0.70068943E+000  0.85377737E+000  0.10350354E+001  0.24062083E+001
  0.70068750E+000  0.85374572E+000  0.10350271E+001  0.24061304E+001
  0.70068880E+000  0.85371523E+000  0.10350303E+001  0.24060762E+001
  0.70069276E+000  0.85368572E+000  0.10350431E+001  0.24060422E+001
  0.70069890E+000  0.85365710E+000  0.10350642E+001  0.24060255E+001
  0.70070685E+000  0.85362930E+000  0.10350923E+001  0.24060236E+001
  0.70071846E+000  0.85360009E+000  0.10351262E+001  0.24060344E+001
  0.70074081E+000  0.85356204E+000  0.10351649E+001  0.24060562E+001
  0.70076388E+000  0.85352492E+000  0.10352076E+001  0.24060874E+001
  0.70078751E+000  0.85348875E+000  0.10352535E+001  0.24061268E+001
  0.70081152E+000  0.85345360E+000  0.10353019E+001  0.24061731E+001
  0.70083577E+000  0.85341949E+000  0.10353524E+001  0.24062256E+001
  0.70086009E+000  0.85338645E+000  0.10354043E+001  0.24062834E+001
  0.70088437E+000  0.85335452E+000  0.10354572E+001  0.24063457E+001
  0.70090850E+000  0.85332371E+000  0.10355108E+001  0.24064121E+001
  0.70093237E+000  0.85329403E+000  0.10355646E+001  0.24064819E+001
  0.70095591E+000  0.85326546E+000  0.10356185E+001  0.24065549E+001
  0.70097906E+000  0.85323801E+000  0.10356722E+001  0.24066305E+001
  0.70100176E+000  0.85321164E+000  0.10357256E+001  0.24067085E+001
  0.70102398E+000  0.85318632E+000  0.10357785E+001  0.24067886E+001
  0.70104567E+000  0.85316203E+000  0.10358307E+001  0.24068705E+001
  0.70106683E+000  0.85313871E+000  0.10358823E+001  0.24069540E+001
  0.70108741E+000  0.85311633E+000  0.10359332E+001  0.24070388E+001
  0.70110742E+000  0.85309485E+000  0.10359833E+001  0.24071249E+001
  0.70112685E+000  0.85307421E+000  0.10360326E+001  0.24072121E+001
  0.70114567E+000  0.85305439E+000  0.10360812E+001  0.24073001E+001
  0.70116390E+000  0.85303535E+000  0.10361289E+001  0.24073888E+001
  0.70118153E+000  0.85301705E+000  0.10361759E+001  0.24074782E+001
  0.70119857E+000  0.85299946E+000  0.10362220E+001  0.24075680E+001
  0.70121501E+000  0.85298255E+000  0.10362673E+001  0.24076582E+001
  0.70123087E+000  0.85296630E+000  0.10363118E+001  0.24077486E+001
  0.70124615E+000  0.85295240E+000  0.10363537E+001  0.24078392E+001
  0.70126086E+000  0.85294653E+000  0.10363874E+001  0.24079298E+001
  0.70127501E+000  0.85294096E+000  0.10364204E+001  0.24080205E+001
  0.70127386E+000  0.85295042E+000  0.10364527E+001  0.24081110E+001
  0.70127143E+000  0.85296087E+000  0.10364844E+001  0.24082014E+001
  0.70126886E+000  0.85297116E+000  0.10365154E+001  0.24082915E+001
  0.70126615E+000  0.85298128E+000  0.10365452E+001  0.24083818E+001
  0.70126330E+000  0.85299125E+000  0.10365729E+001  0.24084731E+001
  0.70126030E+000  0.85300106E+000  0.10365998E+001  0.24085638E+001
  0.70125715E+000  0.85301070E+000  0.10366259E+001  0.24086541E+001
  0.70125386E+000  0.85302018E+000  0.10366513E+001  0.24087437E+001
  0.70125044E+000  0.85302949E+000  0.10366759E+001  0.24088326E+001
  0.70124690E+000  0.85303864E+000  0.10366996E+001  0.24089208E+001
  0.70125067E+000  0.85304019E+000  0.10367226E+001  0.24090082E+001
  0.70125486E+000  0.85304105E+000  0.10367448E+001  0.24090948E+001
  0.70125888E+000  0.85304182E+000  0.10367661E+001  0.24091804E+001
  0.70126275E+000  0.85304251E+000  0.10367868E+001  0.24092650E+001
  0.70126650E+000  0.85304309E+000  0.10368066E+001  0.24093487E+001
  0.70127014E+000  0.85304357E+000  0.10368258E+001  0.24094312E+001
  0.70127367E+000  0.85304397E+000  0.10368442E+001  0.24095126E+001
  0.70127714E+000  0.85304427E+000  0.10368619E+001  0.24095928E+001
  0.70128311E+000  0.85304193E+000  0.10368791E+001  0.24096719E+001
  0.70128931E+000  0.85303924E+000  0.10368956E+001  0.24097497E+001
  0.70129539E+000  0.85303656E+000  0.10369115E+001  0.24098263E+001
  0.70130136E+000  0.85303390E+000  0.10369268E+001  0.24099016E+001
  0.70130722E+000  0.85303131E+000  0.10369417E+001  0.24099755E+001
  0.70131295E+000  0.85302878E+000  0.10369560E+001  0.24100482E+001
  0.70131854E+000  0.85302636E+000  0.10369699E+001  0.24101195E+001
  0.70132400E+000  0.85302405E+000  0.10369834E+001  0.24101895E+001
  0.70132930E+000  0.85302189E+000  0.10369966E+001  0.24102582E+001
  0.70133445E+000  0.85301987E+000  0.10370093E+001  0.24103255E+001
  0.70133942E+000  0.85301803E+000  0.10370218E+001  0.24103915E+001
  0.70134422E+000  0.85301638E+000  0.10370339E+001  0.24104561E+001
  0.70134883E+000  0.85301492E+000  0.10370459E+001  0.24105195E+001
  0.70135326E+000  0.85301366E+000  0.10370576E+001  0.24105815E+001
  0.70135749E+000  0.85301260E+000  0.10370691E+001  0.24106423E+001
  0.70136152E+000  0.85301175E+000  0.10370805E+001  0.24107018E+001
  0.70136536E+000  0.85301110E+000  0.10370917E+001  0.24107602E+001
  0.70136901E+000  0.85301065E+000  0.10371029E+001  0.24108174E+001
  0.70137246E+000  0.85301039E+000  0.10371140E+001  0.24108735E+001
  0.70137573E+000  0.85301032E+000  0.10371251E+001  0.24109285E+001
  0.70137881E+000  0.85301043E+000  0.10371361E+001  0.24109824E+001
  0.70138171E+000  0.85301071E+000  0.10371472E+001  0.24110354E+001
  0.70138444E+000  0.85301114E+000  0.10371582E+001  0.24110875E+001
  0.70138700E+000  0.85301173E+000  0.10371693E+001  0.24111388E+001
  0.70138941E+000  0.85301244E+000  0.10371804E+001  0.24111892E+001
  0.70139167E+000  0.85301328E+000  0.10371916E+001  0.24112389E+001
  0.70139379E+000  0.85301423E+000  0.10372029E+001  0.24112879E+001
  0.70139578E+000  0.85301529E+000  0.10372141E+001  0.24113363E+001
  0.70139764E+000  0.85301643E+000  0.10372255E+001  0.24113841E+001
  0.70139938E+000  0.85301765E+000  0.10372369E+001  0.24114314E+001
  0.70140102E+000  0.85301894E+000  0.10372483E+001  0.24114783E+001
  0.70140256E+000  0.85302028E+000  0.10372598E+001  0.24115248E+001
  0.70140400E+000  0.85302168E+000  0.10372714E+001  0.24115709E+001
  0.70140535E+000  0.85302312E+000  0.10372830E+001  0.24116167E+001
  0.70140662E+000  0.85302459E+000  0.10372946E+001  0.24116624E+001
  0.70140782E+000  0.85302608E+000  0.10373062E+001  0.24117078E+001
  0.70140894E+000  0.85302759E+000  0.10373178E+001  0.24117531E+001
  0.70141000E+000  0.85302912E+000  0.10373293E+001  0.24117983E+001
  0.70141099E+000  0.85303064E+000  0.10373409E+001  0.24118435E+001
  0.70141193E+000  0.85303217E+000  0.10373524E+001  0.24118887E+001
  0.70141281E+000  0.85303369E+000  0.10373639E+001  0.24119340E+001
  0.70141364E+000  0.85303520E+000  0.10373753E+001  0.24119793E+001
  0.70141442E+000  0.85303669E+000  0.10373866E+001  0.24120248E+001
  0.70141516E+000  0.85303816E+000  0.10373978E+001  0.24120704E+001
  0.70141586E+000  0.85303961E+000  0.10374089E+001  0.24121162E+001
  0.70141651E+000  0.85304103E+000  0.10374199E+001  0.24121623E+001
  0.70141713E+000  0.85304242E+000  0.10374308E+001  0.24122087E+001
  0.70141771E+000  0.85304377E+000  0.10374415E+001  0.24122553E+001
  0.70141826E+000  0.85304509E+000  0.10374521E+001  0.24123023E+001
  0.70141878E+000  0.85304637E+000  0.10374625E+001  0.24123496E+001
  0.70141927E+000  0.85304761E+000  0.10374727E+001  0.24123973E+001
  0.70141973E+000  0.85304880E+000  0.10374827E+001  0.24124453E+001
  0.70142017E+000  0.85304995E+000  0.10374926E+001  0.24124938E+001
  0.70142058E+000  0.85305106E+000  0.10375022E+001  0.24125427E+001
  0.70142096E+000  0.85305212E+000  0.10375117E+001  0.24125920E+001
  0.70142133E+000  0.85305314E+000  0.10375209E+001  0.24126418E+001
  0.70142167E+000  0.85305410E+000  0.10375299E+001  0.24126920E+001
  0.70142200E+000  0.85305503E+000  0.10375387E+001  0.24127426E+001
  0.70142230E+000  0.85305590E+000  0.10375472E+001  0.24127937E+001
  0.70142259E+000  0.85305673E+000  0.10375555E+001  0.24128453E+001
  0.70142286E+000  0.85305751E+000  0.10375636E+001  0.24128973E+001
  0.70142312E+000  0.85305825E+000  0.10375714E+001  0.24129497E+001
  0.70142336E+000  0.85305895E+000  0.10375790E+001  0.24130026E+001
  0.70142359E+000  0.85305960E+000  0.10375864E+001  0.24130559E+001
  0.70142381E+000  0.85306021E+000  0.10375935E+001  0.24131096E+001
  0.70142401E+000  0.85306079E+000  0.10376003E+001  0.24131637E+001
  0.70142420E+000  0.85306132E+000  0.10376069E+001  0.24132181E+001
  0.70142439E+000  0.85306182E+000  0.10376132E+001  0.24132730E+001
  0.70142456E+000  0.85306228E+000  0.10376193E+001  0.24133282E+001
  0.70142473E+000  0.85306271E+000  0.10376252E+001  0.24133837E+001
  0.70142488E+000  0.85306310E+000  0.10376308E+001  0.24134394E+001
  0.70142503E+000  0.85306347E+000  0.10376362E+001  0.24134955E+001
  0.70142517E+000  0.85306381E+000  0.10376413E+001  0.24135518E+001
  0.70142531E+000  0.85306411E+000  0.10376462E+001  0.24136083E+001
  0.70142543E+000  0.85306440E+000  0.10376509E+001  0.24136649E+001
  0.70142556E+000  0.85306466E+000  0.10376553E+001  0.24137218E+001
  0.70142567E+000  0.85306490E+000  0.10376596E+001  0.24137787E+001
  0.70142579E+000  0.85306512E+000  0.10376636E+001  0.24138357E+001
  0.70142589E+000  0.85306531E+000  0.10376674E+001  0.24138928E+001
  0.70142599E+000  0.85306550E+000  0.10376711E+001  0.24139498E+001
  0.70142609E+000  0.85306566E+000  0.10376745E+001  0.24140069E+001
  0.70142619E+000  0.85306581E+000  0.10376777E+001  0.24140639E+001
  0.70142628E+000  0.85306594E+000  0.10376808E+001  0.24141208E+001
  0.70142636E+000  0.85306607E+000  0.10376837E+001  0.24141775E+001
  0.70142644E+000  0.85306618E+000  0.10376864E+001  0.24142341E+001
  0.70142652E+000  0.85306628E+000  0.10376890E+001  0.24142905E+001
  0.70142660E+000  0.85306637E+000  0.10376914E+001  0.24143466E+001
  0.70142667E+000  0.85306645E+000  0.10376937E+001  0.24144025E+001
  0.70142674E+000  0.85306652E+000  0.10376958E+001  0.24144580E+001
  0.70142681E+000  0.85306658E+000  0.10376978E+001  0.24145132E+001
  0.70142687E+000  0.85306664E+000  0.10376997E+001  0.24145681E+001
  0.70142694E+000  0.85306670E+000  0.10377014E+001  0.24146225E+001
  0.70142700E+000  0.85306674E+000  0.10377031E+001  0.24146764E+001
  0.70142705E+000  0.85306679E+000  0.10377046E+001  0.24147299E+001
  0.70142711E+000  0.85306682E+000  0.10377060E+001  0.24147828E+001
  0.70142716E+000  0.85306686E+000  0.10377074E+001  0.24148353E+001
  0.70142721E+000  0.85306689E+000  0.10377086E+001  0.24148871E+001
  0.70142726E+000  0.85306692E+000  0.10377098E+001  0.24149384E+001
  0.70142731E+000  0.85306694E+000  0.10377109E+001  0.24149890E+001
  0.70142735E+000  0.85306696E+000  0.10377119E+001  0.24150390E+001
  0.70142740E+000  0.85306698E+000  0.10377129E+001  0.24150883E+001
  0.70142744E+000  0.85306700E+000  0.10377138E+001  0.24151369E+001
  0.70142748E+000  0.85306702E+000  0.10377146E+001  0.24151848E+001
  0.70142751E+000  0.85306703E+000  0.10377153E+001  0.24152320E+001
  0.70142755E+000  0.85306705E+000  0.10377161E+001  0.24152784E+001
  0.70142759E+000  0.85306706E+000  0.10377167E+001  0.24153240E+001
  0.70142762E+000  0.85306707E+000  0.10377174E+001  0.24153688E+001
  0.70142765E+000  0.85306708E+000  0.10377179E+001  0.24154129E+001
  0.70142768E+000  0.85306709E+000  0.10377185E+001  0.24154561E+001
  0.70142771E+000  0.85306710E+000  0.10377190E+001  0.24154985E+001
  0.70142774E+000  0.85306710E+000  0.10377194E+001  0.24155401E+001
  0.70142776E+000  0.85306711E+000  0.10377199E+001  0.24155808E+001
  0.70142779E+000  0.85306712E+000  0.10377203E+001  0.24156207E+001
  0.70142781E+000  0.85306712E+000  0.10377207E+001  0.24156597E+001
  0.70142784E+000  0.85306713E+000  0.10377210E+001  0.24156978E+001
  0.70142786E+000  0.85306713E+000  0.10377214E+001  0.24157351E+001
  0.70142788E+000  0.85306714E+000  0.10377217E+001  0.24157715E+001
  0.70142790E+000  0.85306714E+000  0.10377220E+001  0.24158071E+001
  0.70142792E+000  0.85306715E+000  0.10377222E+001  0.24158417E+001
  0.70142793E+000  0.85306715E+000  0.10377225E+001  0.24158755E+001
  0.70142795E+000  0.85306715E+000  0.10377227E+001  0.24159085E+001
  0.70142797E+000  0.85306716E+000  0.10377229E+001  0.24159405E+001
  0.70142798E+000  0.85306716E+000  0.10377231E+001  0.24159718E+001
  0.70142800E+000  0.85306716E+000  0.10377233E+001  0.24160021E+001
  0.70142801E+000  0.85306717E+000  0.10377235E+001  0.24160316E+001
  0.70142803E+000  0.85306717E+000  0.10377237E+001  0.24160603E+001
  0.70142804E+000  0.85306717E+000  0.10377238E+001  0.24160881E+001
  0.70142805E+000  0.85306718E+000  0.10377240E+001  0.24161151E+001
  0.70142806E+000  0.85306718E+000  0.10377241E+001  0.24161413E+001
  0.70142806E+000  0.85306717E+000  0.10377242E+001  0.24161667E+001
