  0.52490194E+000
  0.52534145E+000
  0.52566613E+000
  0.52593142E+000
  0.52615039E+000
  0.52633134E+000
  0.52648162E+000
  0.52660576E+000
  0.52670851E+000
  0.52679329E+000
  0.52686328E+000
  0.52692090E+000
  0.52696796E+000
  0.52700609E+000
  0.52703714E+000
  0.52706168E+000
  0.52708060E+000
  0.52709483E+000
  0.52710515E+000
  0.52711218E+000
  0.52711646E+000
  0.52711841E+000
  0.52711841E+000
  0.52711676E+000
  0.52711374E+000
  0.52710959E+000
  0.52710449E+000
  0.52709861E+000
  0.52709208E+000
  0.52708502E+000
  0.52707755E+000
  0.52706974E+000
  0.52706169E+000
  0.52705346E+000
  0.52704511E+000
  0.52703669E+000
  0.52702823E+000
  0.52701978E+000
  0.52701137E+000
  0.52700301E+000
  0.52699474E+000
  0.52698656E+000
  0.52697850E+000
  0.52697056E+000
  0.52696275E+000
  0.52695509E+000
  0.52694758E+000
  0.52694023E+000
  0.52693304E+000
  0.52692603E+000
  0.52691919E+000
  0.52691253E+000
  0.52690606E+000
  0.52689978E+000
  0.52689369E+000
  0.52688779E+000
  0.52688209E+000
  0.52687659E+000
  0.52687129E+000
  0.52686618E+000
  0.52686127E+000
  0.52685655E+000
  0.52685203E+000
  0.52684769E+000
  0.52684354E+000
  0.52683956E+000
  0.52683576E+000
  0.52683212E+000
  0.52682865E+000
  0.52682532E+000
  0.52682214E+000
  0.52681910E+000
  0.52681619E+000
  0.52681341E+000
  0.52681074E+000
  0.52680817E+000
  0.52680571E+000
  0.52680334E+000
  0.52680106E+000
  0.52679886E+000
  0.52679673E+000
  0.52679467E+000
  0.52679267E+000
  0.52679072E+000
  0.52678881E+000
  0.52678695E+000
  0.52678513E+000
  0.52678333E+000
  0.52678157E+000
  0.52677982E+000
  0.52677809E+000
  0.52677637E+000
  0.52677466E+000
  0.52677295E+000
  0.52677125E+000
  0.52676955E+000
  0.52676785E+000
  0.52676614E+000
  0.52676443E+000
  0.52676272E+000
  0.52676100E+000
  0.52675928E+000
  0.52675755E+000
  0.52675582E+000
  0.52675408E+000
  0.52675234E+000
  0.52675060E+000
  0.52674886E+000
  0.52674711E+000
  0.52674537E+000
  0.52674363E+000
  0.52674189E+000
  0.52674016E+000
  0.52673844E+000
  0.52673672E+000
  0.52673501E+000
  0.52673331E+000
  0.52673162E+000
  0.52672994E+000
  0.52672828E+000
  0.52672663E+000
  0.52672499E+000
  0.52672338E+000
  0.52672178E+000
  0.52672019E+000
  0.52671863E+000
  0.52671709E+000
  0.52671556E+000
  0.52671406E+000
  0.52671258E+000
  0.52671113E+000
  0.52670969E+000
  0.52670829E+000
  0.52670690E+000
  0.52670554E+000
  0.52670421E+000
  0.52670290E+000
  0.52670162E+000
  0.52670036E+000
  0.52669913E+000
  0.52669793E+000
  0.52669675E+000
  0.52669560E+000
  0.52669448E+000
  0.52669339E+000
  0.52669232E+000
  0.52669128E+000
  0.52669027E+000
  0.52668928E+000
  0.52668832E+000
  0.52668739E+000
  0.52668648E+000
  0.52668560E+000
  0.52668475E+000
  0.52668392E+000
  0.52668312E+000
  0.52668234E+000
  0.52668159E+000
  0.52668086E+000
  0.52668016E+000
  0.52667947E+000
  0.52667882E+000
  0.52667818E+000
  0.52667757E+000
  0.52667697E+000
  0.52667640E+000
  0.52667585E+000
  0.52667532E+000
  0.52667481E+000
  0.52667432E+000
  0.52667385E+000
  0.52667340E+000
  0.52667296E+000
  0.52667254E+000
  0.52667214E+000
  0.52667175E+000
  0.52667138E+000
  0.52667103E+000
  0.52667069E+000
  0.52667036E+000
  0.52667005E+000
  0.52666975E+000
  0.52666947E+000
  0.52666919E+000
  0.52666893E+000
  0.52666868E+000
  0.52666845E+000
  0.52666822E+000
  0.52666800E+000
  0.52666779E+000
  0.52666760E+000
  0.52666741E+000
  0.52666723E+000
  0.52666706E+000
  0.52666690E+000
  0.52666674E+000
  0.52666659E+000
  0.52666646E+000
  0.52666632E+000
  0.52666621E+000
