  0.60642670E+000  0.99974090E+000  0.11946808E+001  0.37419882E+001
  0.60907359E+000  0.10013452E+001  0.12018449E+001  0.38151081E+001
  0.61123764E+000  0.10026586E+001  0.12075818E+001  0.38774061E+001
  0.61302651E+000  0.10037692E+001  0.12123663E+001  0.39304117E+001
  0.61452157E+000  0.10047006E+001  0.12163813E+001  0.39754674E+001
  0.61575036E+000  0.10054489E+001  0.12195583E+001  0.40139946E+001
  0.61676716E+000  0.10060530E+001  0.12222573E+001  0.40467401E+001
  0.61761700E+000  0.10065496E+001  0.12245249E+001  0.40745681E+001
  0.61833120E+000  0.10069636E+001  0.12264432E+001  0.40982016E+001
  0.61893262E+000  0.10073092E+001  0.12280638E+001  0.41182826E+001
  0.61943880E+000  0.10075984E+001  0.12294296E+001  0.41353479E+001
  0.61986246E+000  0.10078440E+001  0.12305845E+001  0.41498452E+001
  0.62021755E+000  0.10080520E+001  0.12315612E+001  0.41621585E+001
  0.62050851E+000  0.10082348E+001  0.12323860E+001  0.41726123E+001
  0.62075277E+000  0.10083914E+001  0.12330828E+001  0.41814841E+001
  0.62095811E+000  0.10085224E+001  0.12336697E+001  0.41890095E+001
  0.62113026E+000  0.10086304E+001  0.12341629E+001  0.41953881E+001
  0.62127422E+000  0.10087192E+001  0.12345764E+001  0.42007884E+001
  0.62139409E+000  0.10087923E+001  0.12349232E+001  0.42053540E+001
  0.62149364E+000  0.10088518E+001  0.12352132E+001  0.42092064E+001
  0.62157587E+000  0.10088996E+001  0.12354548E+001  0.42124508E+001
  0.62164334E+000  0.10089378E+001  0.12356551E+001  0.42151754E+001
  0.62169814E+000  0.10089680E+001  0.12358197E+001  0.42174573E+001
  0.62174230E+000  0.10089912E+001  0.12359535E+001  0.42193622E+001
  0.62177745E+000  0.10090085E+001  0.12360620E+001  0.42209447E+001
  0.62180496E+000  0.10090208E+001  0.12361489E+001  0.42222535E+001
  0.62182601E+000  0.10090289E+001  0.12362168E+001  0.42233307E+001
  0.62184161E+000  0.10090335E+001  0.12362694E+001  0.42242110E+001
  0.62185262E+000  0.10090351E+001  0.12363094E+001  0.42249251E+001
  0.62185979E+000  0.10090341E+001  0.12363389E+001  0.42254996E+001
  0.62186377E+000  0.10090311E+001  0.12363595E+001  0.42259573E+001
  0.62186512E+000  0.10090264E+001  0.12363730E+001  0.42263180E+001
  0.62186431E+000  0.10090204E+001  0.12363805E+001  0.42265985E+001
  0.62186175E+000  0.10090133E+001  0.12361041E+001  0.42245379E+001
  0.62185780E+000  0.10090053E+001  0.12361387E+001  0.42249906E+001
  0.62185275E+000  0.10089968E+001  0.12361687E+001  0.42253870E+001
  0.62184685E+000  0.10089877E+001  0.12361946E+001  0.42257360E+001
  0.62184033E+000  0.10089784E+001  0.12362170E+001  0.42260446E+001
  0.62183335E+000  0.10089689E+001  0.12362363E+001  0.42263188E+001
  0.62182608E+000  0.10089592E+001  0.12362530E+001  0.42265638E+001
  0.62181862E+000  0.10089496E+001  0.12362674E+001  0.42267834E+001
  0.62181108E+000  0.10089400E+001  0.12362796E+001  0.42269813E+001
  0.62180355E+000  0.10089305E+001  0.12362900E+001  0.42271599E+001
  0.62179609E+000  0.10089211E+001  0.12362966E+001  0.42273046E+001
  0.62178875E+000  0.10089119E+001  0.12362851E+001  0.42272982E+001
  0.62178158E+000  0.10089029E+001  0.12362737E+001  0.42272917E+001
  0.62177462E+000  0.10088942E+001  0.12362627E+001  0.42272858E+001
  0.62176789E+000  0.10088857E+001  0.12362519E+001  0.42272815E+001
  0.62176141E+000  0.10088774E+001  0.12362416E+001  0.42272791E+001
  0.62175521E+000  0.10088695E+001  0.12362317E+001  0.42272790E+001
  0.62174929E+000  0.10088618E+001  0.12362223E+001  0.42272815E+001
  0.62174367E+000  0.10088544E+001  0.12362133E+001  0.42272867E+001
  0.62173835E+000  0.10088473E+001  0.12362047E+001  0.42272947E+001
  0.62173335E+000  0.10088406E+001  0.12361967E+001  0.42273057E+001
  0.62172867E+000  0.10088342E+001  0.12361891E+001  0.42273196E+001
  0.62172430E+000  0.10088281E+001  0.12361821E+001  0.42273364E+001
  0.62172026E+000  0.10088224E+001  0.12361755E+001  0.42273562E+001
  0.62171654E+000  0.10088170E+001  0.12361695E+001  0.42273788E+001
  0.62171314E+000  0.10088119E+001  0.12361640E+001  0.42274044E+001
  0.62171005E+000  0.10088072E+001  0.12361589E+001  0.42274327E+001
  0.62170728E+000  0.10088029E+001  0.12361544E+001  0.42274639E+001
  0.62170482E+000  0.10087989E+001  0.12361505E+001  0.42274979E+001
  0.62170265E+000  0.10087952E+001  0.12361470E+001  0.42275345E+001
  0.62170078E+000  0.10087919E+001  0.12361440E+001  0.42275738E+001
  0.62169919E+000  0.10087889E+001  0.12361416E+001  0.42276156E+001
  0.62169788E+000  0.10087862E+001  0.12361397E+001  0.42276600E+001
  0.62169682E+000  0.10087839E+001  0.12361382E+001  0.42277067E+001
  0.62169602E+000  0.10087818E+001  0.12361373E+001  0.42277558E+001
  0.62169545E+000  0.10087801E+001  0.12361368E+001  0.42278071E+001
  0.62169511E+000  0.10087786E+001  0.12361369E+001  0.42278604E+001
  0.62169498E+000  0.10087774E+001  0.12359622E+001  0.42264853E+001
  0.62169504E+000  0.10087764E+001  0.12359588E+001  0.42265068E+001
  0.62169530E+000  0.10087756E+001  0.12359556E+001  0.42265279E+001
  0.62169572E+000  0.10087751E+001  0.12359525E+001  0.42265485E+001
  0.62169630E+000  0.10087747E+001  0.12359497E+001  0.42265686E+001
  0.62169702E+000  0.10087746E+001  0.12359470E+001  0.42265883E+001
  0.62169788E+000  0.10087746E+001  0.12359446E+001  0.42266076E+001
  0.62169886E+000  0.10087747E+001  0.12359423E+001  0.42266264E+001
  0.62169995E+000  0.10087750E+001  0.12359403E+001  0.42266448E+001
  0.62170115E+000  0.10087754E+001  0.12359385E+001  0.42266629E+001
  0.62170243E+000  0.10087760E+001  0.12359368E+001  0.42266805E+001
  0.62170380E+000  0.10087766E+001  0.12359354E+001  0.42266978E+001
  0.62170525E+000  0.10087773E+001  0.12359343E+001  0.42267149E+001
  0.62170677E+000  0.10087782E+001  0.12359333E+001  0.42267317E+001
  0.62170835E+000  0.10087791E+001  0.12359326E+001  0.42267484E+001
  0.62170999E+000  0.10087800E+001  0.12359320E+001  0.42267651E+001
  0.62171169E+000  0.10087810E+001  0.12359317E+001  0.42267818E+001
  0.62171343E+000  0.10087821E+001  0.12359317E+001  0.42267985E+001
  0.62171522E+000  0.10087833E+001  0.12359318E+001  0.42268155E+001
  0.62171705E+000  0.10087844E+001  0.12359321E+001  0.42268327E+001
  0.62171891E+000  0.10087856E+001  0.12359327E+001  0.42268503E+001
  0.62172081E+000  0.10087869E+001  0.12359334E+001  0.42268683E+001
  0.62172273E+000  0.10087882E+001  0.12359343E+001  0.42268868E+001
  0.62172468E+000  0.10087895E+001  0.12362446E+001  0.42294304E+001
  0.62172666E+000  0.10087908E+001  0.12362521E+001  0.42295009E+001
  0.62172865E+000  0.10087922E+001  0.12362598E+001  0.42295718E+001
  0.62173066E+000  0.10087935E+001  0.12362676E+001  0.42296431E+001
  0.62173268E+000  0.10087949E+001  0.12362755E+001  0.42297148E+001
  0.62173471E+000  0.10087963E+001  0.12362834E+001  0.42297870E+001
  0.62173675E+000  0.10087977E+001  0.12362915E+001  0.42298596E+001
  0.62173879E+000  0.10087990E+001  0.12362997E+001  0.42299328E+001
  0.62174083E+000  0.10088004E+001  0.12363079E+001  0.42300064E+001
  0.62174287E+000  0.10088018E+001  0.12363161E+001  0.42300806E+001
  0.62174491E+000  0.10088032E+001  0.12363244E+001  0.42301553E+001
  0.62174695E+000  0.10088046E+001  0.12363327E+001  0.42302305E+001
  0.62174897E+000  0.10088059E+001  0.12363410E+001  0.42303063E+001
  0.62175099E+000  0.10088073E+001  0.12363493E+001  0.42303828E+001
  0.62175299E+000  0.10088086E+001  0.12363576E+001  0.42304598E+001
  0.62175498E+000  0.10088099E+001  0.12363658E+001  0.42305374E+001
  0.62175695E+000  0.10088113E+001  0.12363740E+001  0.42306156E+001
  0.62175891E+000  0.10088125E+001  0.12363822E+001  0.42306944E+001
  0.62176085E+000  0.10088138E+001  0.12363904E+001  0.42307739E+001
  0.62176276E+000  0.10088151E+001  0.12363984E+001  0.42308541E+001
  0.62176465E+000  0.10088163E+001  0.12364064E+001  0.42309348E+001
  0.62176652E+000  0.10088175E+001  0.12364144E+001  0.42310163E+001
  0.62176837E+000  0.10088187E+001  0.12364222E+001  0.42310983E+001
  0.62177018E+000  0.10088199E+001  0.12364299E+001  0.42311811E+001
  0.62177197E+000  0.10088210E+001  0.12364376E+001  0.42312644E+001
  0.62177373E+000  0.10088221E+001  0.12364451E+001  0.42313485E+001
  0.62177546E+000  0.10088232E+001  0.12364525E+001  0.42314331E+001
  0.62177716E+000  0.10088243E+001  0.12364598E+001  0.42315184E+001
  0.62177882E+000  0.10088253E+001  0.12364670E+001  0.42316044E+001
  0.62178046E+000  0.10088263E+001  0.12364740E+001  0.42316909E+001
  0.62178206E+000  0.10088273E+001  0.12364810E+001  0.42317780E+001
  0.62178362E+000  0.10088283E+001  0.12364877E+001  0.42318657E+001
  0.62178515E+000  0.10088292E+001  0.12364944E+001  0.42319540E+001
  0.62178664E+000  0.10088301E+001  0.12365008E+001  0.42320428E+001
  0.62178810E+000  0.10088310E+001  0.12365072E+001  0.42321321E+001
  0.62178952E+000  0.10088319E+001  0.12365134E+001  0.42322220E+001
  0.62179091E+000  0.10088327E+001  0.12365194E+001  0.42323123E+001
  0.62179225E+000  0.10088335E+001  0.12365253E+001  0.42324030E+001
  0.62179356E+000  0.10088343E+001  0.12365310E+001  0.42324941E+001
  0.62179483E+000  0.10088350E+001  0.12365366E+001  0.42325856E+001
  0.62179606E+000  0.10088358E+001  0.12365420E+001  0.42326775E+001
  0.62179726E+000  0.10088365E+001  0.12365472E+001  0.42327696E+001
  0.62179841E+000  0.10088371E+001  0.12365523E+001  0.42328620E+001
  0.62179953E+000  0.10088378E+001  0.12365573E+001  0.42329547E+001
  0.62180061E+000  0.10088384E+001  0.12365620E+001  0.42330475E+001
  0.62180166E+000  0.10088390E+001  0.12365667E+001  0.42331405E+001
  0.62180266E+000  0.10088396E+001  0.12365711E+001  0.42332336E+001
  0.62180363E+000  0.10088402E+001  0.12365754E+001  0.42333267E+001
  0.62180457E+000  0.10088407E+001  0.12365796E+001  0.42334198E+001
  0.62180546E+000  0.10088412E+001  0.12365836E+001  0.42335129E+001
  0.62180633E+000  0.10088417E+001  0.12365875E+001  0.42336059E+001
  0.62180715E+000  0.10088422E+001  0.12365912E+001  0.42336988E+001
  0.62180795E+000  0.10088427E+001  0.12365948E+001  0.42337915E+001
  0.62180871E+000  0.10088431E+001  0.12365982E+001  0.42338840E+001
  0.62180944E+000  0.10088435E+001  0.12366015E+001  0.42339761E+001
  0.62181013E+000  0.10088439E+001  0.12366047E+001  0.42340680E+001
  0.62181080E+000  0.10088443E+001  0.12366077E+001  0.42341594E+001
  0.62181143E+000  0.10088447E+001  0.12366106E+001  0.42342505E+001
  0.62181204E+000  0.10088450E+001  0.12366134E+001  0.42343410E+001
  0.62181261E+000  0.10088453E+001  0.12366161E+001  0.42344311E+001
  0.62181316E+000  0.10088457E+001  0.12366186E+001  0.42345205E+001
  0.62181369E+000  0.10088460E+001  0.12366211E+001  0.42346093E+001
  0.62181418E+000  0.10088463E+001  0.12366234E+001  0.42346975E+001
  0.62181465E+000  0.10088465E+001  0.12366256E+001  0.42347849E+001
  0.62181510E+000  0.10088468E+001  0.12366277E+001  0.42348716E+001
  0.62181552E+000  0.10088470E+001  0.12366297E+001  0.42349574E+001
  0.62181592E+000  0.10088473E+001  0.12366316E+001  0.42350424E+001
  0.62181630E+000  0.10088475E+001  0.12366334E+001  0.42351266E+001
  0.62181666E+000  0.10088477E+001  0.12366351E+001  0.42352097E+001
  0.62181700E+000  0.10088479E+001  0.12366368E+001  0.42352919E+001
  0.62181732E+000  0.10088481E+001  0.12366383E+001  0.42353731E+001
  0.62181762E+000  0.10088483E+001  0.12366398E+001  0.42354533E+001
  0.62181791E+000  0.10088485E+001  0.12366412E+001  0.42355324E+001
  0.62181818E+000  0.10088486E+001  0.12366425E+001  0.42356103E+001
  0.62181843E+000  0.10088488E+001  0.12366438E+001  0.42356871E+001
  0.62181867E+000  0.10088489E+001  0.12366449E+001  0.42357627E+001
  0.62181889E+000  0.10088491E+001  0.12366461E+001  0.42358372E+001
  0.62181910E+000  0.10088492E+001  0.12366471E+001  0.42359104E+001
  0.62181930E+000  0.10088493E+001  0.12366481E+001  0.42359824E+001
  0.62181949E+000  0.10088494E+001  0.12366490E+001  0.42360530E+001
  0.62181966E+000  0.10088495E+001  0.12366499E+001  0.42361224E+001
  0.62181982E+000  0.10088496E+001  0.12366508E+001  0.42361905E+001
  0.62181998E+000  0.10088497E+001  0.12366516E+001  0.42362573E+001
  0.62182012E+000  0.10088498E+001  0.12366523E+001  0.42363228E+001
  0.62182026E+000  0.10088499E+001  0.12366530E+001  0.42363868E+001
  0.62182038E+000  0.10088500E+001  0.12366537E+001  0.42364496E+001
  0.62182050E+000  0.10088501E+001  0.12366543E+001  0.42365109E+001
  0.62182061E+000  0.10088501E+001  0.12366549E+001  0.42365709E+001
  0.62182071E+000  0.10088502E+001  0.12366554E+001  0.42366296E+001
  0.62182081E+000  0.10088503E+001  0.12366559E+001  0.42366868E+001
  0.62182090E+000  0.10088503E+001  0.12366564E+001  0.42367427E+001
  0.62182099E+000  0.10088504E+001  0.12366569E+001  0.42367972E+001
  0.62182107E+000  0.10088504E+001  0.12366573E+001  0.42368503E+001
  0.62182114E+000  0.10088505E+001  0.12366577E+001  0.42369020E+001
  0.62182121E+000  0.10088505E+001  0.12366581E+001  0.42369524E+001
  0.62182127E+000  0.10088506E+001  0.12366584E+001  0.42370015E+001
  0.62182133E+000  0.10088506E+001  0.12366588E+001  0.42370491E+001
  0.62182139E+000  0.10088507E+001  0.12366591E+001  0.42370955E+001
  0.62182144E+000  0.10088507E+001  0.12366594E+001  0.42371405E+001
  0.62182149E+000  0.10088507E+001  0.12366596E+001  0.42371842E+001
  0.62182154E+000  0.10088508E+001  0.12366599E+001  0.42372266E+001
  0.62182158E+000  0.10088508E+001  0.12366601E+001  0.42372678E+001
  0.62182162E+000  0.10088508E+001  0.12366603E+001  0.42373076E+001
  0.62182166E+000  0.10088508E+001  0.12366606E+001  0.42373463E+001
  0.62182169E+000  0.10088509E+001  0.12366607E+001  0.42373836E+001
  0.62182172E+000  0.10088509E+001  0.12366609E+001  0.42374196E+001
  0.62182176E+000  0.10088509E+001  0.12366611E+001  0.42374545E+001
