 -0.11924540E+000  0.60395200E+000  0.54242018E+001  0.12162031E+003
 -0.11983558E+000  0.60159879E+000  0.54148953E+001  0.12144815E+003
 -0.12028109E+000  0.59967020E+000  0.54071737E+001  0.12130258E+003
 -0.12062107E+000  0.59811739E+000  0.54007736E+001  0.12117958E+003
 -0.12087272E+000  0.59687354E+000  0.53954957E+001  0.12107576E+003
 -0.12105391E+000  0.59588575E+000  0.53911863E+001  0.12098816E+003
 -0.12117952E+000  0.59511089E+000  0.53876823E+001  0.12091433E+003
 -0.12126216E+000  0.59451449E+000  0.53848462E+001  0.12085219E+003
 -0.12131189E+000  0.59406687E+000  0.53825722E+001  0.12079994E+003
 -0.12133606E+000  0.59374309E+000  0.53807725E+001  0.12075610E+003
 -0.12134022E+000  0.59352229E+000  0.53793734E+001  0.12071938E+003
 -0.12132854E+000  0.59338711E+000  0.53783134E+001  0.12068872E+003
 -0.12130425E+000  0.59332307E+000  0.53775402E+001  0.12066320E+003
 -0.12126991E+000  0.59331800E+000  0.53770094E+001  0.12064205E+003
 -0.12122758E+000  0.59336172E+000  0.53766833E+001  0.12062462E+003
 -0.12117796E+000  0.59344572E+000  0.53765301E+001  0.12061036E+003
 -0.12112272E+000  0.59356285E+000  0.53765232E+001  0.12059881E+003
 -0.12106364E+000  0.59370715E+000  0.53766402E+001  0.12058956E+003
 -0.12100194E+000  0.59387353E+000  0.53768621E+001  0.12058230E+003
 -0.12093858E+000  0.59405780E+000  0.53771732E+001  0.12057672E+003
 -0.12087436E+000  0.59425648E+000  0.53775599E+001  0.12057259E+003
 -0.12080984E+000  0.59446661E+000  0.53780109E+001  0.12056970E+003
 -0.12074548E+000  0.59468567E+000  0.53785165E+001  0.12056789E+003
 -0.12068163E+000  0.59491157E+000  0.53790684E+001  0.12056700E+003
 -0.12061857E+000  0.59514252E+000  0.53796598E+001  0.12056689E+003
 -0.12055650E+000  0.59537700E+000  0.53802844E+001  0.12056747E+003
 -0.12049554E+000  0.59561373E+000  0.53809373E+001  0.12056864E+003
 -0.12043583E+000  0.59585165E+000  0.53816138E+001  0.12057031E+003
 -0.12037752E+000  0.59608983E+000  0.53823103E+001  0.12057243E+003
 -0.12032072E+000  0.59632747E+000  0.53830231E+001  0.12057492E+003
 -0.12026554E+000  0.59656391E+000  0.53837495E+001  0.12057774E+003
 -0.12021204E+000  0.59679857E+000  0.53844867E+001  0.12058084E+003
 -0.12016029E+000  0.59703096E+000  0.53852323E+001  0.12058419E+003
 -0.12011032E+000  0.59726064E+000  0.53859841E+001  0.12058776E+003
 -0.12006214E+000  0.59748725E+000  0.53867403E+001  0.12059152E+003
 -0.12001576E+000  0.59771046E+000  0.53874990E+001  0.12059544E+003
 -0.11997116E+000  0.59792998E+000  0.53882586E+001  0.12059950E+003
 -0.11992833E+000  0.59814557E+000  0.53890174E+001  0.12060369E+003
 -0.11988723E+000  0.59835698E+000  0.53897741E+001  0.12060800E+003
 -0.11984784E+000  0.59856403E+000  0.53905273E+001  0.12061241E+003
 -0.11981012E+000  0.59876650E+000  0.53912757E+001  0.12061692E+003
 -0.11977402E+000  0.59896424E+000  0.53920181E+001  0.12062151E+003
 -0.11973952E+000  0.59915706E+000  0.53927533E+001  0.12062617E+003
 -0.11970657E+000  0.59934482E+000  0.53934803E+001  0.12063091E+003
 -0.11967514E+000  0.59952737E+000  0.53941980E+001  0.12063572E+003
 -0.11964517E+000  0.59970456E+000  0.53949055E+001  0.12064059E+003
 -0.11961664E+000  0.59987627E+000  0.53956019E+001  0.12064551E+003
 -0.11958951E+000  0.60004238E+000  0.53962862E+001  0.12065049E+003
 -0.11956375E+000  0.60020278E+000  0.53969578E+001  0.12065552E+003
 -0.11953932E+000  0.60035758E+000  0.53976157E+001  0.12066059E+003
 -0.11951618E+000  0.60050740E+000  0.53982586E+001  0.12066571E+003
 -0.11949432E+000  0.60065124E+000  0.53988866E+001  0.12067087E+003
 -0.11947353E+000  0.60078889E+000  0.53994994E+001  0.12067607E+003
 -0.11945393E+000  0.60092050E+000  0.54000964E+001  0.12068129E+003
 -0.11943552E+000  0.60104607E+000  0.54006772E+001  0.12068655E+003
 -0.11941824E+000  0.60116566E+000  0.54012425E+001  0.12069183E+003
 -0.11940207E+000  0.60127931E+000  0.54017937E+001  0.12069713E+003
 -0.11938698E+000  0.60138712E+000  0.54023280E+001  0.12070245E+003
 -0.11937291E+000  0.60148922E+000  0.54028451E+001  0.12070779E+003
 -0.11935984E+000  0.60158575E+000  0.54033452E+001  0.12071314E+003
 -0.11934773E+000  0.60167690E+000  0.54038283E+001  0.12071850E+003
 -0.11933652E+000  0.60176288E+000  0.54042946E+001  0.12072387E+003
 -0.11932593E+000  0.60184366E+000  0.54047444E+001  0.12072924E+003
 -0.11931614E+000  0.60191973E+000  0.54051780E+001  0.12073462E+003
 -0.11930713E+000  0.60199139E+000  0.54055959E+001  0.12073999E+003
 -0.11929886E+000  0.60205891E+000  0.54059986E+001  0.12074536E+003
 -0.11929128E+000  0.60212260E+000  0.54063867E+001  0.12075074E+003
 -0.11928434E+000  0.60218275E+000  0.54067608E+001  0.12075610E+003
 -0.11927797E+000  0.60223965E+000  0.54071217E+001  0.12076146E+003
 -0.11927213E+000  0.60229361E+000  0.54074700E+001  0.12076681E+003
 -0.11926675E+000  0.60234487E+000  0.54078067E+001  0.12077216E+003
 -0.11926185E+000  0.60239372E+000  0.54081325E+001  0.12077749E+003
 -0.11925741E+000  0.60244045E+000  0.54084483E+001  0.12078282E+003
 -0.11925339E+000  0.60248527E+000  0.54087549E+001  0.12078813E+003
 -0.11924976E+000  0.60252842E+000  0.54090531E+001  0.12079344E+003
 -0.11924652E+000  0.60257008E+000  0.54093437E+001  0.12079873E+003
 -0.11924362E+000  0.60261042E+000  0.54096277E+001  0.12080401E+003
 -0.11924105E+000  0.60264960E+000  0.54099056E+001  0.12080928E+003
 -0.11923878E+000  0.60268775E+000  0.54101784E+001  0.12081454E+003
 -0.11923681E+000  0.60272498E+000  0.54104465E+001  0.12081978E+003
 -0.11923510E+000  0.60276137E+000  0.54107108E+001  0.12082500E+003
 -0.11923364E+000  0.60279702E+000  0.54109717E+001  0.12083022E+003
 -0.11923241E+000  0.60283198E+000  0.54112299E+001  0.12083541E+003
 -0.11923139E+000  0.60286630E+000  0.54114857E+001  0.12084059E+003
 -0.11923056E+000  0.60290003E+000  0.54117397E+001  0.12084576E+003
 -0.11922990E+000  0.60293320E+000  0.54119921E+001  0.12085091E+003
 -0.11922940E+000  0.60296583E+000  0.54122434E+001  0.12085604E+003
 -0.11922903E+000  0.60299795E+000  0.54124937E+001  0.12086116E+003
 -0.11922878E+000  0.60302958E+000  0.54127432E+001  0.12086626E+003
 -0.11922862E+000  0.60306071E+000  0.54129922E+001  0.12087134E+003
 -0.11922855E+000  0.60309137E+000  0.54132407E+001  0.12087641E+003
 -0.11922854E+000  0.60312154E+000  0.54134888E+001  0.12088147E+003
 -0.11922858E+000  0.60315124E+000  0.54137365E+001  0.12088651E+003
 -0.11922866E+000  0.60318045E+000  0.54139837E+001  0.12089155E+003
 -0.11922876E+000  0.60320917E+000  0.54142305E+001  0.12089657E+003
 -0.11922887E+000  0.60323739E+000  0.54144767E+001  0.12090158E+003
 -0.11922899E+000  0.60326510E+000  0.54147221E+001  0.12090658E+003
 -0.11922910E+000  0.60329228E+000  0.54149668E+001  0.12091158E+003
 -0.11922920E+000  0.60331891E+000  0.54152104E+001  0.12091657E+003
 -0.11922928E+000  0.60334497E+000  0.54154528E+001  0.12092156E+003
 -0.11922934E+000  0.60337045E+000  0.54156938E+001  0.12092654E+003
 -0.11922937E+000  0.60339532E+000  0.54159332E+001  0.12093153E+003
 -0.11922938E+000  0.60341956E+000  0.54161707E+001  0.12093651E+003
 -0.11922937E+000  0.60344315E+000  0.54164061E+001  0.12094150E+003
 -0.11922933E+000  0.60346607E+000  0.54166392E+001  0.12094650E+003
 -0.11922926E+000  0.60348829E+000  0.54168697E+001  0.12095149E+003
 -0.11922916E+000  0.60350980E+000  0.54170974E+001  0.12095650E+003
 -0.11922905E+000  0.60353058E+000  0.54173221E+001  0.12096151E+003
 -0.11922891E+000  0.60355061E+000  0.54175435E+001  0.12096654E+003
 -0.11922875E+000  0.60356989E+000  0.54177615E+001  0.12097157E+003
 -0.11922857E+000  0.60358840E+000  0.54179757E+001  0.12097661E+003
 -0.11922838E+000  0.60360614E+000  0.54181861E+001  0.12098167E+003
 -0.11922817E+000  0.60362311E+000  0.54183924E+001  0.12098674E+003
 -0.11922796E+000  0.60363930E+000  0.54185944E+001  0.12099182E+003
 -0.11922773E+000  0.60365471E+000  0.54187920E+001  0.12099692E+003
 -0.11922749E+000  0.60366936E+000  0.54189851E+001  0.12100203E+003
 -0.11922726E+000  0.60368326E+000  0.54191734E+001  0.12100716E+003
 -0.11922701E+000  0.60369641E+000  0.54193569E+001  0.12101230E+003
 -0.11922677E+000  0.60370882E+000  0.54195354E+001  0.12101745E+003
 -0.11922652E+000  0.60372053E+000  0.54197089E+001  0.12102263E+003
 -0.11922627E+000  0.60373154E+000  0.54198773E+001  0.12102781E+003
 -0.11922602E+000  0.60374188E+000  0.54200405E+001  0.12103301E+003
 -0.11922578E+000  0.60375158E+000  0.54201984E+001  0.12103823E+003
 -0.11922554E+000  0.60376065E+000  0.54203510E+001  0.12104345E+003
 -0.11922530E+000  0.60376913E+000  0.54204984E+001  0.12104869E+003
 -0.11922506E+000  0.60377703E+000  0.54206404E+001  0.12105394E+003
 -0.11922483E+000  0.60378440E+000  0.54207771E+001  0.12105921E+003
 -0.11922461E+000  0.60379125E+000  0.54209085E+001  0.12106448E+003
 -0.11922439E+000  0.60379762E+000  0.54210346E+001  0.12106976E+003
 -0.11922417E+000  0.60380353E+000  0.54211555E+001  0.12107504E+003
 -0.11922396E+000  0.60380901E+000  0.54212713E+001  0.12108033E+003
 -0.11922375E+000  0.60381409E+000  0.54213819E+001  0.12108563E+003
 -0.11922355E+000  0.60381880E+000  0.54214876E+001  0.12109093E+003
 -0.11922335E+000  0.60382316E+000  0.54215883E+001  0.12109622E+003
 -0.11922316E+000  0.60382719E+000  0.54216842E+001  0.12110152E+003
 -0.11922297E+000  0.60383093E+000  0.54217754E+001  0.12110681E+003
 -0.11922279E+000  0.60383439E+000  0.54218620E+001  0.12111210E+003
 -0.11922261E+000  0.60383759E+000  0.54219442E+001  0.12111738E+003
 -0.11922244E+000  0.60384056E+000  0.54220220E+001  0.12112266E+003
 -0.11922227E+000  0.60384331E+000  0.54220956E+001  0.12112792E+003
 -0.11922211E+000  0.60384587E+000  0.54221652E+001  0.12113316E+003
 -0.11922195E+000  0.60384824E+000  0.54222308E+001  0.12113839E+003
 -0.11922179E+000  0.60385046E+000  0.54222927E+001  0.12114361E+003
 -0.11922164E+000  0.60385252E+000  0.54223511E+001  0.12114880E+003
 -0.11922150E+000  0.60385444E+000  0.54224059E+001  0.12115397E+003
 -0.11922136E+000  0.60385624E+000  0.54224575E+001  0.12115911E+003
 -0.11922122E+000  0.60385793E+000  0.54225059E+001  0.12116423E+003
 -0.11922108E+000  0.60385951E+000  0.54225514E+001  0.12116931E+003
 -0.11922095E+000  0.60386100E+000  0.54225940E+001  0.12117437E+003
 -0.11922083E+000  0.60386240E+000  0.54226339E+001  0.12117939E+003
 -0.11922070E+000  0.60386372E+000  0.54226713E+001  0.12118437E+003
 -0.11922059E+000  0.60386497E+000  0.54227062E+001  0.12118931E+003
 -0.11922047E+000  0.60386616E+000  0.54227389E+001  0.12119422E+003
 -0.11922036E+000  0.60386729E+000  0.54227694E+001  0.12119908E+003
 -0.11922025E+000  0.60386836E+000  0.54227980E+001  0.12120389E+003
 -0.11922014E+000  0.60386938E+000  0.54228246E+001  0.12120865E+003
 -0.11922004E+000  0.60387035E+000  0.54228495E+001  0.12121337E+003
 -0.11921994E+000  0.60387128E+000  0.54228727E+001  0.12121803E+003
 -0.11921985E+000  0.60387217E+000  0.54228943E+001  0.12122265E+003
 -0.11921976E+000  0.60387303E+000  0.54229145E+001  0.12122720E+003
 -0.11921967E+000  0.60387384E+000  0.54229334E+001  0.12123170E+003
 -0.11921958E+000  0.60387463E+000  0.54229510E+001  0.12123614E+003
 -0.11921950E+000  0.60387538E+000  0.54229674E+001  0.12124051E+003
 -0.11921942E+000  0.60387610E+000  0.54229827E+001  0.12124483E+003
 -0.11921934E+000  0.60387680E+000  0.54229970E+001  0.12124908E+003
 -0.11921927E+000  0.60387746E+000  0.54230103E+001  0.12125327E+003
 -0.11921919E+000  0.60387810E+000  0.54230228E+001  0.12125739E+003
 -0.11921912E+000  0.60387872E+000  0.54230344E+001  0.12126144E+003
 -0.11921906E+000  0.60387931E+000  0.54230453E+001  0.12126543E+003
 -0.11921900E+000  0.60387988E+000  0.54230554E+001  0.12126934E+003
 -0.11921893E+000  0.60388043E+000  0.54230649E+001  0.12127319E+003
 -0.11921888E+000  0.60388096E+000  0.54230738E+001  0.12127696E+003
 -0.11921882E+000  0.60388146E+000  0.54230821E+001  0.12128066E+003
 -0.11921877E+000  0.60388195E+000  0.54230899E+001  0.12128429E+003
 -0.11921871E+000  0.60388242E+000  0.54230972E+001  0.12128784E+003
 -0.11921866E+000  0.60388286E+000  0.54231041E+001  0.12129132E+003
 -0.11921862E+000  0.60388329E+000  0.54231105E+001  0.12129473E+003
 -0.11921857E+000  0.60388371E+000  0.54231165E+001  0.12129806E+003
 -0.11921853E+000  0.60388410E+000  0.54231222E+001  0.12130132E+003
 -0.11921849E+000  0.60388448E+000  0.54231275E+001  0.12130450E+003
 -0.11921845E+000  0.60388484E+000  0.54231325E+001  0.12130761E+003
 -0.11921841E+000  0.60388518E+000  0.54231371E+001  0.12131064E+003
 -0.11921838E+000  0.60388552E+000  0.54231416E+001  0.12131360E+003
 -0.11921834E+000  0.60388583E+000  0.54231457E+001  0.12131649E+003
 -0.11921831E+000  0.60388613E+000  0.54231496E+001  0.12131930E+003
 -0.11921828E+000  0.60388642E+000  0.54231533E+001  0.12132203E+003
 -0.11921825E+000  0.60388670E+000  0.54231568E+001  0.12132470E+003
 -0.11921822E+000  0.60388696E+000  0.54231600E+001  0.12132729E+003
 -0.11921820E+000  0.60388721E+000  0.54231631E+001  0.12132981E+003
 -0.11921817E+000  0.60388745E+000  0.54231660E+001  0.12133225E+003
 -0.11921815E+000  0.60388768E+000  0.54231687E+001  0.12133463E+003
 -0.11921813E+000  0.60388789E+000  0.54231713E+001  0.12133694E+003
 -0.11921811E+000  0.60388810E+000  0.54231738E+001  0.12133918E+003
 -0.11921809E+000  0.60388830E+000  0.54231761E+001  0.12134135E+003
 -0.11921807E+000  0.60388849E+000  0.54231782E+001  0.12134345E+003
 -0.11921805E+000  0.60388866E+000  0.54231803E+001  0.12134549E+003
 -0.11921803E+000  0.60388883E+000  0.54231822E+001  0.12134746E+003
 -0.11921802E+000  0.60388899E+000  0.54231841E+001  0.12134936E+003
 -0.11921801E+000  0.60388913E+000  0.54231858E+001  0.12135121E+003
 -0.11921800E+000  0.60388927E+000  0.54231874E+001  0.12135299E+003
