  0.63436836E+000
  0.63487797E+000
  0.63526306E+000
  0.63557883E+000
  0.63583920E+000
  0.63605475E+000
  0.63623427E+000
  0.63638256E+000
  0.63650551E+000
  0.63660702E+000
  0.63669093E+000
  0.63675998E+000
  0.63681625E+000
  0.63686170E+000
  0.63689854E+000
  0.63692751E+000
  0.63694978E+000
  0.63696645E+000
  0.63697842E+000
  0.63698645E+000
  0.63699116E+000
  0.63699307E+000
  0.63699263E+000
  0.63699021E+000
  0.63698613E+000
  0.63698066E+000
  0.63697405E+000
  0.63696649E+000
  0.63695813E+000
  0.63694913E+000
  0.63693962E+000
  0.63692971E+000
  0.63691948E+000
  0.63690904E+000
  0.63689844E+000
  0.63688774E+000
  0.63687700E+000
  0.63686627E+000
  0.63685557E+000
  0.63684493E+000
  0.63683439E+000
  0.63682397E+000
  0.63681369E+000
  0.63680355E+000
  0.63679358E+000
  0.63678379E+000
  0.63677418E+000
  0.63676477E+000
  0.63675557E+000
  0.63674658E+000
  0.63673782E+000
  0.63672928E+000
  0.63672097E+000
  0.63671290E+000
  0.63670508E+000
  0.63669750E+000
  0.63669017E+000
  0.63668309E+000
  0.63667626E+000
  0.63666968E+000
  0.63666335E+000
  0.63665727E+000
  0.63665144E+000
  0.63664585E+000
  0.63664049E+000
  0.63663537E+000
  0.63663046E+000
  0.63662578E+000
  0.63662130E+000
  0.63661703E+000
  0.63661294E+000
  0.63660904E+000
  0.63660531E+000
  0.63660175E+000
  0.63659834E+000
  0.63659508E+000
  0.63659195E+000
  0.63658895E+000
  0.63658607E+000
  0.63658330E+000
  0.63658063E+000
  0.63657805E+000
  0.63657556E+000
  0.63657315E+000
  0.63657081E+000
  0.63656852E+000
  0.63656630E+000
  0.63656412E+000
  0.63656198E+000
  0.63655988E+000
  0.63655781E+000
  0.63655577E+000
  0.63655374E+000
  0.63655174E+000
  0.63654974E+000
  0.63654776E+000
  0.63654578E+000
  0.63654381E+000
  0.63654184E+000
  0.63653987E+000
  0.63653791E+000
  0.63653595E+000
  0.63653398E+000
  0.63653202E+000
  0.63653007E+000
  0.63652811E+000
  0.63652616E+000
  0.63652421E+000
  0.63652226E+000
  0.63652032E+000
  0.63651839E+000
  0.63651646E+000
  0.63651454E+000
  0.63651263E+000
  0.63651074E+000
  0.63650885E+000
  0.63650698E+000
  0.63650511E+000
  0.63650327E+000
  0.63650144E+000
  0.63649962E+000
  0.63649782E+000
  0.63649604E+000
  0.63649428E+000
  0.63649254E+000
  0.63649082E+000
  0.63648912E+000
  0.63648744E+000
  0.63648578E+000
  0.63648415E+000
  0.63648254E+000
  0.63648095E+000
  0.63647939E+000
  0.63647785E+000
  0.63647634E+000
  0.63647486E+000
  0.63647340E+000
  0.63647197E+000
  0.63647056E+000
  0.63646918E+000
  0.63646783E+000
  0.63646651E+000
  0.63646522E+000
  0.63646396E+000
  0.63646272E+000
  0.63646151E+000
  0.63646033E+000
  0.63645918E+000
  0.63645806E+000
  0.63645697E+000
  0.63645590E+000
  0.63645486E+000
  0.63645386E+000
  0.63645287E+000
  0.63645192E+000
  0.63645099E+000
  0.63645010E+000
  0.63644922E+000
  0.63644838E+000
  0.63644756E+000
  0.63644676E+000
  0.63644599E+000
  0.63644525E+000
  0.63644453E+000
  0.63644383E+000
  0.63644316E+000
  0.63644251E+000
  0.63644189E+000
  0.63644128E+000
  0.63644070E+000
  0.63644014E+000
  0.63643959E+000
  0.63643907E+000
  0.63643857E+000
  0.63643809E+000
  0.63643762E+000
  0.63643718E+000
  0.63643675E+000
  0.63643634E+000
  0.63643594E+000
  0.63643557E+000
  0.63643520E+000
  0.63643485E+000
  0.63643452E+000
  0.63643420E+000
  0.63643390E+000
  0.63643360E+000
  0.63643332E+000
  0.63643306E+000
  0.63643280E+000
  0.63643256E+000
  0.63643232E+000
  0.63643210E+000
  0.63643189E+000
  0.63643169E+000
  0.63643149E+000
  0.63643131E+000
  0.63643114E+000
  0.63643097E+000
  0.63643082E+000
