  0.90270032E+000
  0.90334167E+000
  0.90382631E+000
  0.90422370E+000
  0.90455138E+000
  0.90482265E+000
  0.90504858E+000
  0.90523520E+000
  0.90538992E+000
  0.90551768E+000
  0.90562328E+000
  0.90571017E+000
  0.90578099E+000
  0.90583819E+000
  0.90588456E+000
  0.90592102E+000
  0.90594904E+000
  0.90597002E+000
  0.90598509E+000
  0.90599519E+000
  0.90600112E+000
  0.90600353E+000
  0.90600297E+000
  0.90599992E+000
  0.90599479E+000
  0.90598791E+000
  0.90597959E+000
  0.90597007E+000
  0.90595955E+000
  0.90594823E+000
  0.90593626E+000
  0.90592378E+000
  0.90591091E+000
  0.90589777E+000
  0.90588443E+000
  0.90587097E+000
  0.90585745E+000
  0.90584394E+000
  0.90583047E+000
  0.90581709E+000
  0.90580383E+000
  0.90579071E+000
  0.90577777E+000
  0.90576501E+000
  0.90575246E+000
  0.90574014E+000
  0.90572805E+000
  0.90571621E+000
  0.90570463E+000
  0.90569332E+000
  0.90568228E+000
  0.90567154E+000
  0.90566108E+000
  0.90565093E+000
  0.90564108E+000
  0.90563154E+000
  0.90562232E+000
  0.90561341E+000
  0.90560481E+000
  0.90559653E+000
  0.90558857E+000
  0.90558092E+000
  0.90557358E+000
  0.90556654E+000
  0.90555980E+000
  0.90555335E+000
  0.90554718E+000
  0.90554129E+000
  0.90553565E+000
  0.90553027E+000
  0.90552513E+000
  0.90552022E+000
  0.90551553E+000
  0.90551104E+000
  0.90550675E+000
  0.90550265E+000
  0.90549871E+000
  0.90549493E+000
  0.90549131E+000
  0.90548782E+000
  0.90548446E+000
  0.90548122E+000
  0.90547809E+000
  0.90547505E+000
  0.90547210E+000
  0.90546923E+000
  0.90546643E+000
  0.90546369E+000
  0.90546100E+000
  0.90545836E+000
  0.90545575E+000
  0.90545318E+000
  0.90545063E+000
  0.90544810E+000
  0.90544559E+000
  0.90544309E+000
  0.90544061E+000
  0.90543812E+000
  0.90543565E+000
  0.90543317E+000
  0.90543070E+000
  0.90542823E+000
  0.90542576E+000
  0.90542330E+000
  0.90542083E+000
  0.90541837E+000
  0.90541591E+000
  0.90541346E+000
  0.90541101E+000
  0.90540857E+000
  0.90540613E+000
  0.90540371E+000
  0.90540130E+000
  0.90539889E+000
  0.90539651E+000
  0.90539413E+000
  0.90539177E+000
  0.90538943E+000
  0.90538711E+000
  0.90538480E+000
  0.90538252E+000
  0.90538026E+000
  0.90537801E+000
  0.90537580E+000
  0.90537361E+000
  0.90537144E+000
  0.90536930E+000
  0.90536718E+000
  0.90536510E+000
  0.90536304E+000
  0.90536102E+000
  0.90535902E+000
  0.90535705E+000
  0.90535512E+000
  0.90535322E+000
  0.90535135E+000
  0.90534951E+000
  0.90534771E+000
  0.90534594E+000
  0.90534421E+000
  0.90534251E+000
  0.90534085E+000
  0.90533922E+000
  0.90533763E+000
  0.90533608E+000
  0.90533456E+000
  0.90533307E+000
  0.90533163E+000
  0.90533021E+000
  0.90532884E+000
  0.90532750E+000
  0.90532619E+000
  0.90532492E+000
  0.90532369E+000
  0.90532249E+000
  0.90532132E+000
  0.90532019E+000
  0.90531909E+000
  0.90531803E+000
  0.90531699E+000
  0.90531599E+000
  0.90531503E+000
  0.90531409E+000
  0.90531318E+000
  0.90531231E+000
  0.90531146E+000
  0.90531064E+000
  0.90530986E+000
  0.90530910E+000
  0.90530836E+000
  0.90530765E+000
  0.90530697E+000
  0.90530632E+000
  0.90530569E+000
  0.90530508E+000
  0.90530449E+000
  0.90530393E+000
  0.90530339E+000
  0.90530288E+000
  0.90530238E+000
  0.90530190E+000
  0.90530145E+000
  0.90530101E+000
  0.90530059E+000
  0.90530019E+000
  0.90529980E+000
  0.90529943E+000
  0.90529908E+000
  0.90529875E+000
  0.90529842E+000
  0.90529812E+000
  0.90529782E+000
  0.90529754E+000
  0.90529728E+000
  0.90529702E+000
  0.90529678E+000
  0.90529655E+000
  0.90529633E+000
  0.90529612E+000
  0.90529593E+000
