  0.31882300E+002
  0.31836199E+002
  0.31797281E+002
  0.31764459E+002
  0.31736809E+002
  0.31713541E+002
  0.31693983E+002
  0.31677568E+002
  0.31663814E+002
  0.31652316E+002
  0.31642731E+002
  0.31634770E+002
  0.31628186E+002
  0.31622774E+002
  0.31618356E+002
  0.31614787E+002
  0.31611940E+002
  0.31609708E+002
  0.31608004E+002
  0.31606749E+002
  0.31605879E+002
  0.31605339E+002
  0.31605083E+002
  0.31605070E+002
  0.31605265E+002
  0.31605640E+002
  0.31606170E+002
  0.31606832E+002
  0.31607608E+002
  0.31608483E+002
  0.31609443E+002
  0.31610475E+002
  0.31611570E+002
  0.31612720E+002
  0.31613916E+002
  0.31615153E+002
  0.31616426E+002
  0.31617728E+002
  0.31619058E+002
  0.31620410E+002
  0.31621784E+002
  0.31623175E+002
  0.31624583E+002
  0.31626004E+002
  0.31627438E+002
  0.31628884E+002
  0.31630339E+002
  0.31631804E+002
  0.31633275E+002
  0.31634753E+002
  0.31636237E+002
  0.31637725E+002
  0.31639216E+002
  0.31640710E+002
  0.31642205E+002
  0.31643701E+002
  0.31645197E+002
  0.31646691E+002
  0.31648184E+002
  0.31649674E+002
  0.31651161E+002
  0.31652643E+002
  0.31654122E+002
  0.31655596E+002
  0.31657064E+002
  0.31658527E+002
  0.31659985E+002
  0.31661436E+002
  0.31662882E+002
  0.31664322E+002
  0.31665757E+002
  0.31667186E+002
  0.31668609E+002
  0.31670026E+002
  0.31671439E+002
  0.31672846E+002
  0.31674248E+002
  0.31675645E+002
  0.31677037E+002
  0.31678424E+002
  0.31679807E+002
  0.31681184E+002
  0.31682557E+002
  0.31683925E+002
  0.31685288E+002
  0.31686647E+002
  0.31688001E+002
  0.31689351E+002
  0.31690697E+002
  0.31692038E+002
  0.31693376E+002
  0.31694709E+002
  0.31696040E+002
  0.31697367E+002
  0.31698691E+002
  0.31700012E+002
  0.31701331E+002
  0.31702648E+002
  0.31703963E+002
  0.31705277E+002
  0.31706590E+002
  0.31707903E+002
  0.31709215E+002
  0.31710527E+002
  0.31711839E+002
  0.31713152E+002
  0.31714466E+002
  0.31715780E+002
  0.31717096E+002
  0.31718414E+002
  0.31719733E+002
  0.31721055E+002
  0.31722378E+002
  0.31723703E+002
  0.31725031E+002
  0.31726361E+002
  0.31727693E+002
  0.31729027E+002
  0.31730364E+002
  0.31731704E+002
  0.31733045E+002
  0.31734388E+002
  0.31735734E+002
  0.31737081E+002
  0.31738430E+002
  0.31739780E+002
  0.31741132E+002
  0.31742484E+002
  0.31743837E+002
  0.31745190E+002
  0.31746544E+002
  0.31747896E+002
  0.31749249E+002
  0.31750599E+002
  0.31751949E+002
  0.31753296E+002
  0.31754640E+002
  0.31755982E+002
  0.31757320E+002
  0.31758654E+002
  0.31759984E+002
  0.31761309E+002
  0.31762628E+002
  0.31763941E+002
  0.31765248E+002
  0.31766547E+002
  0.31767838E+002
  0.31769122E+002
  0.31770397E+002
  0.31771662E+002
  0.31772917E+002
  0.31774162E+002
  0.31775396E+002
  0.31776619E+002
  0.31777830E+002
  0.31779028E+002
  0.31780214E+002
  0.31781386E+002
  0.31782544E+002
  0.31783688E+002
  0.31784818E+002
  0.31785932E+002
  0.31787031E+002
  0.31788114E+002
  0.31789181E+002
  0.31790231E+002
  0.31791264E+002
  0.31792281E+002
  0.31793280E+002
  0.31794261E+002
  0.31795225E+002
  0.31796170E+002
  0.31797098E+002
  0.31798007E+002
  0.31798897E+002
  0.31799769E+002
  0.31800622E+002
  0.31801457E+002
  0.31802273E+002
  0.31803070E+002
  0.31803848E+002
  0.31804608E+002
  0.31805349E+002
  0.31806071E+002
  0.31806774E+002
  0.31807460E+002
  0.31808126E+002
  0.31808775E+002
  0.31809406E+002
  0.31810018E+002
  0.31810613E+002
  0.31811191E+002
  0.31811751E+002
  0.31812294E+002
  0.31812821E+002
  0.31813330E+002
  0.31813824E+002
  0.31814301E+002
  0.31814763E+002
  0.31815208E+002
