  0.26138386E+000
  0.28137612E+000
  0.28452303E+000
  0.28402604E+000
  0.28327278E+000
  0.28255373E+000
  0.28031614E+000
  0.27747858E+000
  0.27462877E+000
  0.27206934E+000
  0.26992093E+000
  0.26818157E+000
  0.26678834E+000
  0.26567211E+000
  0.26476951E+000
  0.26409250E+000
  0.26359233E+000
  0.26321651E+000
  0.26292981E+000
  0.26270812E+000
  0.26253471E+000
  0.26239783E+000
  0.26228902E+000
  0.26220208E+000
  0.26213240E+000
  0.26205014E+000
  0.26191724E+000
  0.26175859E+000
  0.26159206E+000
  0.26142993E+000
  0.26128025E+000
  0.26114776E+000
  0.26103485E+000
  0.26094216E+000
  0.26086915E+000
  0.26081451E+000
  0.26077644E+000
  0.26075294E+000
  0.26074193E+000
  0.26074138E+000
  0.26074943E+000
  0.26076437E+000
  0.26078471E+000
  0.26080918E+000
  0.26083671E+000
  0.26086643E+000
  0.26089766E+000
  0.26092984E+000
  0.26096255E+000
  0.26099549E+000
  0.26102843E+000
  0.26106121E+000
  0.26109370E+000
  0.26112584E+000
  0.26115758E+000
  0.26118889E+000
  0.26121975E+000
  0.26125016E+000
  0.26128010E+000
  0.26130957E+000
  0.26133857E+000
  0.26136709E+000
  0.26139514E+000
  0.26142272E+000
  0.26144982E+000
  0.26147646E+000
  0.26150263E+000
  0.26152475E+000
  0.26153134E+000
  0.26153131E+000
  0.26152861E+000
  0.26152496E+000
  0.26152111E+000
  0.26151735E+000
  0.26151379E+000
  0.26151046E+000
  0.26150735E+000
  0.26150444E+000
  0.26150172E+000
  0.26149916E+000
  0.26149673E+000
  0.26149441E+000
  0.26149219E+000
  0.26149004E+000
  0.26148795E+000
  0.26148590E+000
  0.26148388E+000
  0.26148188E+000
  0.26147988E+000
  0.26147788E+000
  0.26147588E+000
  0.26147386E+000
  0.26147183E+000
  0.26146979E+000
  0.26146773E+000
  0.26146566E+000
  0.26146357E+000
  0.26146148E+000
  0.26145937E+000
  0.26145726E+000
  0.26145515E+000
  0.26145305E+000
  0.26145094E+000
  0.26144885E+000
  0.26144678E+000
  0.26144472E+000
  0.26144268E+000
  0.26144067E+000
  0.26143869E+000
  0.26143674E+000
  0.26143482E+000
  0.26143294E+000
  0.26143110E+000
  0.26142930E+000
  0.26142754E+000
  0.26142582E+000
  0.26142415E+000
  0.26142252E+000
  0.26142094E+000
  0.26141941E+000
  0.26141792E+000
  0.26141648E+000
  0.26141509E+000
  0.26141375E+000
  0.26141245E+000
  0.26141119E+000
  0.26140998E+000
  0.26140882E+000
  0.26140770E+000
  0.26140662E+000
  0.26140559E+000
  0.26140459E+000
  0.26140363E+000
  0.26140271E+000
  0.26140183E+000
  0.26140099E+000
  0.26140018E+000
  0.26139940E+000
  0.26139865E+000
  0.26139794E+000
  0.26139725E+000
  0.26139660E+000
  0.26139597E+000
  0.26139537E+000
  0.26139479E+000
  0.26139424E+000
  0.26139372E+000
  0.26139321E+000
  0.26139273E+000
  0.26139227E+000
  0.26139183E+000
  0.26139141E+000
  0.26139101E+000
  0.26139063E+000
  0.26139027E+000
  0.26138992E+000
  0.26138959E+000
  0.26138927E+000
  0.26138897E+000
  0.26138868E+000
  0.26138841E+000
  0.26138815E+000
  0.26138791E+000
  0.26138767E+000
  0.26138745E+000
  0.26138724E+000
  0.26138704E+000
  0.26138685E+000
  0.26138668E+000
  0.26138651E+000
  0.26138635E+000
  0.26138620E+000
  0.26138605E+000
  0.26138592E+000
  0.26138579E+000
  0.26138567E+000
  0.26138556E+000
  0.26138545E+000
  0.26138536E+000
  0.26138526E+000
  0.26138517E+000
  0.26138509E+000
  0.26138501E+000
  0.26138494E+000
  0.26138487E+000
  0.26138481E+000
  0.26138475E+000
  0.26138469E+000
  0.26138464E+000
  0.26138459E+000
  0.26138455E+000
  0.26138450E+000
  0.26138446E+000
  0.26138443E+000
  0.26138439E+000
  0.26138436E+000
  0.26138433E+000
  0.26138431E+000
  0.26138429E+000
  0.26138427E+000
