  0.53393856E-005
  0.61511384E-005
  0.65087930E-005
  0.66573235E-005
  0.67805312E-005
  0.68750273E-005
  0.67637989E-005
  0.65580991E-005
  0.63301223E-005
  0.61183682E-005
  0.59386673E-005
  0.57939512E-005
  0.56809918E-005
  0.55943729E-005
  0.55285210E-005
  0.54785711E-005
  0.54405937E-005
  0.54115644E-005
  0.53892224E-005
  0.53719045E-005
  0.53583939E-005
  0.53478000E-005
  0.53394661E-005
  0.53329030E-005
  0.53277415E-005
  0.53236984E-005
  0.53205534E-005
  0.53181324E-005
  0.53162960E-005
  0.53149313E-005
  0.53139459E-005
  0.53132637E-005
  0.53128215E-005
  0.53125672E-005
  0.53124571E-005
  0.53124554E-005
  0.53125325E-005
  0.53126641E-005
  0.53128308E-005
  0.53130168E-005
  0.53132101E-005
  0.53134013E-005
  0.53135836E-005
  0.53137523E-005
  0.53139042E-005
  0.53140376E-005
  0.53141519E-005
  0.53142473E-005
  0.53143247E-005
  0.53143853E-005
  0.53144308E-005
  0.53144630E-005
  0.53144838E-005
  0.53144951E-005
  0.53144988E-005
  0.53144968E-005
  0.53144909E-005
  0.53144826E-005
  0.53144735E-005
  0.53144647E-005
  0.53144576E-005
  0.53144532E-005
  0.53144523E-005
  0.53144559E-005
  0.53144644E-005
  0.53144785E-005
  0.53144987E-005
  0.53145254E-005
  0.53145588E-005
  0.53145992E-005
  0.53146468E-005
  0.53147015E-005
  0.53147635E-005
  0.53148327E-005
  0.53149089E-005
  0.53149920E-005
  0.53150815E-005
  0.53151772E-005
  0.53152786E-005
  0.53153851E-005
  0.53154961E-005
  0.53156111E-005
  0.53157292E-005
  0.53158498E-005
  0.53159721E-005
  0.53160953E-005
  0.53162188E-005
  0.53163417E-005
  0.53164635E-005
  0.53165833E-005
  0.53167008E-005
  0.53168153E-005
  0.53169264E-005
  0.53170337E-005
  0.53171369E-005
  0.53172357E-005
  0.53173299E-005
  0.53174193E-005
  0.53175040E-005
  0.53175838E-005
  0.53176588E-005
  0.53177290E-005
  0.53177945E-005
  0.53178554E-005
  0.53179119E-005
  0.53179640E-005
  0.53180121E-005
  0.53180562E-005
  0.53180965E-005
  0.53181333E-005
  0.53181668E-005
  0.53181970E-005
  0.53182243E-005
  0.53182488E-005
  0.53182707E-005
  0.53182901E-005
  0.53183073E-005
  0.53183224E-005
  0.53183356E-005
  0.53183470E-005
  0.53183568E-005
  0.53183650E-005
  0.53183719E-005
  0.53183775E-005
  0.53183819E-005
  0.53183854E-005
  0.53183878E-005
  0.53183894E-005
  0.53183903E-005
  0.53183904E-005
  0.53183900E-005
  0.53183890E-005
  0.53183875E-005
  0.53183855E-005
  0.53183832E-005
  0.53183806E-005
  0.53183777E-005
  0.53183745E-005
  0.53183712E-005
  0.53183676E-005
  0.53183640E-005
  0.53183602E-005
  0.53183563E-005
  0.53183524E-005
  0.53183484E-005
  0.53183445E-005
  0.53183405E-005
  0.53183365E-005
  0.53183326E-005
  0.53183286E-005
  0.53183248E-005
  0.53183210E-005
  0.53183173E-005
  0.53183136E-005
  0.53183100E-005
  0.53183065E-005
  0.53183031E-005
  0.53182998E-005
  0.53182966E-005
  0.53182934E-005
  0.53182904E-005
  0.53182875E-005
  0.53182846E-005
  0.53182819E-005
  0.53182793E-005
  0.53182768E-005
  0.53182743E-005
  0.53182720E-005
  0.53182697E-005
  0.53182676E-005
  0.53182655E-005
  0.53182636E-005
  0.53182617E-005
  0.53182599E-005
  0.53182581E-005
  0.53182565E-005
  0.53182549E-005
  0.53182534E-005
  0.53182520E-005
  0.53182506E-005
  0.53182493E-005
  0.53182481E-005
  0.53182469E-005
  0.53182458E-005
  0.53182447E-005
  0.53182436E-005
  0.53182427E-005
  0.53182417E-005
  0.53182408E-005
  0.53182399E-005
  0.53182391E-005
  0.53182383E-005
  0.53182376E-005
  0.53182368E-005
  0.53182361E-005
  0.53182355E-005
  0.53182348E-005
  0.53182343E-005
  0.53182338E-005
  0.53182335E-005
