  0.21457206E+000
  0.22744747E+000
  0.22745873E+000
  0.22565953E+000
  0.22382608E+000
  0.22227856E+000
  0.22101614E+000
  0.21998200E+000
  0.21913093E+000
  0.21842800E+000
  0.21785507E+000
  0.21738448E+000
  0.21698159E+000
  0.21662478E+000
  0.21629951E+000
  0.21606043E+000
  0.21589322E+000
  0.21577190E+000
  0.21568108E+000
  0.21561122E+000
  0.21555627E+000
  0.21551226E+000
  0.21547651E+000
  0.21544712E+000
  0.21542269E+000
  0.21537588E+000
  0.21527055E+000
  0.21513313E+000
  0.21498269E+000
  0.21483253E+000
  0.21469148E+000
  0.21456498E+000
  0.21445594E+000
  0.21436549E+000
  0.21429344E+000
  0.21423881E+000
  0.21420007E+000
  0.21417542E+000
  0.21416294E+000
  0.21416077E+000
  0.21416712E+000
  0.21418038E+000
  0.21419912E+000
  0.21422211E+000
  0.21424831E+000
  0.21427687E+000
  0.21430709E+000
  0.21433843E+000
  0.21437047E+000
  0.21440288E+000
  0.21443542E+000
  0.21446791E+000
  0.21450023E+000
  0.21453227E+000
  0.21456397E+000
  0.21459530E+000
  0.21462621E+000
  0.21465669E+000
  0.21468671E+000
  0.21471626E+000
  0.21474532E+000
  0.21477388E+000
  0.21480194E+000
  0.21482949E+000
  0.21485651E+000
  0.21488303E+000
  0.21490903E+000
  0.21493091E+000
  0.21493721E+000
  0.21493682E+000
  0.21493370E+000
  0.21492958E+000
  0.21492518E+000
  0.21492082E+000
  0.21491659E+000
  0.21491253E+000
  0.21490863E+000
  0.21490489E+000
  0.21490128E+000
  0.21489778E+000
  0.21489438E+000
  0.21489105E+000
  0.21488780E+000
  0.21488459E+000
  0.21488143E+000
  0.21487830E+000
  0.21487519E+000
  0.21487211E+000
  0.21486905E+000
  0.21486600E+000
  0.21486296E+000
  0.21485994E+000
  0.21485694E+000
  0.21485396E+000
  0.21485100E+000
  0.21484806E+000
  0.21484515E+000
  0.21484226E+000
  0.21483942E+000
  0.21483661E+000
  0.21483384E+000
  0.21483112E+000
  0.21482844E+000
  0.21482582E+000
  0.21482325E+000
  0.21482073E+000
  0.21481827E+000
  0.21481588E+000
  0.21481354E+000
  0.21481127E+000
  0.21480906E+000
  0.21480691E+000
  0.21480483E+000
  0.21480281E+000
  0.21480086E+000
  0.21479897E+000
  0.21479715E+000
  0.21479539E+000
  0.21479370E+000
  0.21479206E+000
  0.21479049E+000
  0.21478898E+000
  0.21478753E+000
  0.21478613E+000
  0.21478479E+000
  0.21478351E+000
  0.21478228E+000
  0.21478110E+000
  0.21477997E+000
  0.21477890E+000
  0.21477786E+000
  0.21477688E+000
  0.21477593E+000
  0.21477503E+000
  0.21477417E+000
  0.21477335E+000
  0.21477256E+000
  0.21477181E+000
  0.21477109E+000
  0.21477041E+000
  0.21476976E+000
  0.21476914E+000
  0.21476854E+000
  0.21476798E+000
  0.21476744E+000
  0.21476692E+000
  0.21476643E+000
  0.21476596E+000
  0.21476551E+000
  0.21476509E+000
  0.21476468E+000
  0.21476429E+000
  0.21476393E+000
  0.21476358E+000
  0.21476324E+000
  0.21476293E+000
  0.21476262E+000
  0.21476234E+000
  0.21476206E+000
  0.21476181E+000
  0.21476156E+000
  0.21476133E+000
  0.21476111E+000
  0.21476090E+000
  0.21476070E+000
  0.21476051E+000
  0.21476033E+000
  0.21476017E+000
  0.21476001E+000
  0.21475986E+000
  0.21475971E+000
  0.21475958E+000
  0.21475946E+000
  0.21475934E+000
  0.21475923E+000
  0.21475912E+000
  0.21475902E+000
  0.21475893E+000
  0.21475884E+000
  0.21475876E+000
  0.21475868E+000
  0.21475861E+000
  0.21475854E+000
  0.21475848E+000
  0.21475842E+000
  0.21475837E+000
  0.21475832E+000
  0.21475827E+000
  0.21475822E+000
  0.21475818E+000
  0.21475814E+000
  0.21475811E+000
  0.21475808E+000
  0.21475805E+000
  0.21475802E+000
  0.21475799E+000
  0.21475797E+000
  0.21475795E+000
  0.21475793E+000
  0.21475792E+000
