  0.14115454E+000
  0.14359915E+000
  0.14520290E+000
  0.14619672E+000
  0.14655118E+000
  0.14647433E+000
  0.14632534E+000
  0.14613209E+000
  0.14591162E+000
  0.14567618E+000
  0.14543317E+000
  0.14518906E+000
  0.14494846E+000
  0.14471518E+000
  0.14449159E+000
  0.14424719E+000
  0.14398992E+000
  0.14373727E+000
  0.14349806E+000
  0.14327624E+000
  0.14307303E+000
  0.14288819E+000
  0.14272071E+000
  0.14256927E+000
  0.14243246E+000
  0.14231102E+000
  0.14220607E+000
  0.14211327E+000
  0.14202992E+000
  0.14195429E+000
  0.14188522E+000
  0.14182191E+000
  0.14176375E+000
  0.14171027E+000
  0.14166108E+000
  0.14161585E+000
  0.14157427E+000
  0.14153607E+000
  0.14150098E+000
  0.14146878E+000
  0.14143924E+000
  0.14141216E+000
  0.14138733E+000
  0.14136457E+000
  0.14134373E+000
  0.14132463E+000
  0.14130714E+000
  0.14129111E+000
  0.14127643E+000
  0.14126299E+000
  0.14125068E+000
  0.14123940E+000
  0.14122908E+000
  0.14121964E+000
  0.14121101E+000
  0.14120313E+000
  0.14119594E+000
  0.14118939E+000
  0.14118343E+000
  0.14117802E+000
  0.14117312E+000
  0.14116869E+000
  0.14116470E+000
  0.14116110E+000
  0.14115789E+000
  0.14115501E+000
  0.14115246E+000
  0.14115041E+000
  0.14114943E+000
  0.14114884E+000
  0.14114849E+000
  0.14114835E+000
  0.14114840E+000
  0.14114862E+000
  0.14114900E+000
  0.14114955E+000
  0.14115024E+000
  0.14115107E+000
  0.14115203E+000
  0.14115312E+000
  0.14115431E+000
  0.14115560E+000
  0.14115698E+000
  0.14115842E+000
  0.14115992E+000
  0.14116146E+000
  0.14116302E+000
  0.14116459E+000
  0.14116616E+000
  0.14116770E+000
  0.14116920E+000
  0.14117065E+000
  0.14117204E+000
  0.14117336E+000
  0.14117461E+000
  0.14117576E+000
  0.14117682E+000
  0.14117779E+000
  0.14117866E+000
  0.14117942E+000
  0.14118009E+000
  0.14118066E+000
  0.14118113E+000
  0.14118151E+000
  0.14118180E+000
  0.14118200E+000
  0.14118211E+000
  0.14118215E+000
  0.14118212E+000
  0.14118201E+000
  0.14118184E+000
  0.14118162E+000
  0.14118133E+000
  0.14118100E+000
  0.14118062E+000
  0.14118020E+000
  0.14117975E+000
  0.14117926E+000
  0.14117874E+000
  0.14117820E+000
  0.14117764E+000
  0.14117706E+000
  0.14117647E+000
  0.14117586E+000
  0.14117524E+000
  0.14117462E+000
  0.14117399E+000
  0.14117336E+000
  0.14117273E+000
  0.14117210E+000
  0.14117148E+000
  0.14117086E+000
  0.14117025E+000
  0.14116965E+000
  0.14116905E+000
  0.14116847E+000
  0.14116789E+000
  0.14116733E+000
  0.14116679E+000
  0.14116625E+000
  0.14116573E+000
  0.14116522E+000
  0.14116473E+000
  0.14116426E+000
  0.14116380E+000
  0.14116335E+000
  0.14116292E+000
  0.14116250E+000
  0.14116210E+000
  0.14116172E+000
  0.14116135E+000
  0.14116100E+000
  0.14116066E+000
  0.14116033E+000
  0.14116002E+000
  0.14115972E+000
  0.14115944E+000
  0.14115917E+000
  0.14115891E+000
  0.14115866E+000
  0.14115843E+000
  0.14115821E+000
  0.14115800E+000
  0.14115780E+000
  0.14115761E+000
  0.14115743E+000
  0.14115726E+000
  0.14115709E+000
  0.14115694E+000
  0.14115680E+000
  0.14115666E+000
  0.14115653E+000
  0.14115641E+000
  0.14115630E+000
  0.14115619E+000
  0.14115609E+000
  0.14115599E+000
  0.14115590E+000
  0.14115582E+000
  0.14115574E+000
  0.14115566E+000
  0.14115559E+000
  0.14115552E+000
  0.14115546E+000
  0.14115540E+000
  0.14115535E+000
  0.14115530E+000
  0.14115525E+000
  0.14115520E+000
  0.14115516E+000
  0.14115512E+000
  0.14115508E+000
  0.14115505E+000
  0.14115502E+000
  0.14115499E+000
  0.14115496E+000
  0.14115494E+000
  0.14115491E+000
  0.14115490E+000
  0.14115488E+000
