  0.88691317E+000
  0.88694569E+000
  0.88697090E+000
  0.88698999E+000
  0.88700404E+000
  0.88701402E+000
  0.88702072E+000
  0.88702478E+000
  0.88702669E+000
  0.88702687E+000
  0.88702563E+000
  0.88702327E+000
  0.88702001E+000
  0.88701600E+000
  0.88701140E+000
  0.88700630E+000
  0.88700080E+000
  0.88699499E+000
  0.88698894E+000
  0.88698271E+000
  0.88697633E+000
  0.88696985E+000
  0.88696330E+000
  0.88695669E+000
  0.88695006E+000
  0.88694343E+000
  0.88693679E+000
  0.88693018E+000
  0.88692359E+000
  0.88691705E+000
  0.88691055E+000
  0.88690410E+000
  0.88689772E+000
  0.88689141E+000
  0.88688518E+000
  0.88687903E+000
  0.88687297E+000
  0.88686700E+000
  0.88686114E+000
  0.88685538E+000
  0.88684973E+000
  0.88684419E+000
  0.88683878E+000
  0.88683350E+000
  0.88682834E+000
  0.88682333E+000
  0.88681846E+000
  0.88681373E+000
  0.88680916E+000
  0.88680474E+000
  0.88680048E+000
  0.88679638E+000
  0.88679245E+000
  0.88678868E+000
  0.88678508E+000
  0.88678165E+000
  0.88677838E+000
  0.88677528E+000
  0.88677234E+000
  0.88676956E+000
  0.88676693E+000
  0.88676446E+000
  0.88676213E+000
  0.88675993E+000
  0.88675788E+000
  0.88675594E+000
  0.88675412E+000
  0.88675241E+000
  0.88675081E+000
  0.88674929E+000
  0.88674785E+000
  0.88674649E+000
  0.88674519E+000
  0.88674395E+000
  0.88674277E+000
  0.88674162E+000
  0.88674050E+000
  0.88673941E+000
  0.88673835E+000
  0.88673729E+000
  0.88673624E+000
  0.88673520E+000
  0.88673416E+000
  0.88673311E+000
  0.88673205E+000
  0.88673098E+000
  0.88672989E+000
  0.88672879E+000
  0.88672767E+000
  0.88672653E+000
  0.88672537E+000
  0.88672420E+000
  0.88672300E+000
  0.88672179E+000
  0.88672057E+000
  0.88671933E+000
  0.88671808E+000
  0.88671682E+000
  0.88671556E+000
  0.88671430E+000
  0.88671304E+000
  0.88671179E+000
  0.88671054E+000
  0.88670931E+000
  0.88670810E+000
  0.88670691E+000
  0.88670575E+000
  0.88670462E+000
  0.88670352E+000
  0.88670245E+000
  0.88670143E+000
  0.88670045E+000
  0.88669953E+000
  0.88669865E+000
  0.88669783E+000
  0.88669707E+000
  0.88669636E+000
  0.88669572E+000
  0.88669515E+000
  0.88669465E+000
  0.88669421E+000
  0.88669385E+000
  0.88669356E+000
  0.88669335E+000
  0.88669321E+000
  0.88669315E+000
  0.88669316E+000
  0.88669326E+000
  0.88669344E+000
  0.88669369E+000
  0.88669402E+000
  0.88669444E+000
  0.88669493E+000
  0.88669550E+000
  0.88669614E+000
  0.88669686E+000
  0.88669766E+000
  0.88669852E+000
  0.88669946E+000
  0.88670047E+000
  0.88670155E+000
  0.88670270E+000
  0.88670391E+000
  0.88670518E+000
  0.88670651E+000
  0.88670789E+000
  0.88670933E+000
  0.88671083E+000
  0.88671237E+000
  0.88671396E+000
  0.88671559E+000
  0.88671727E+000
  0.88671898E+000
  0.88672073E+000
  0.88672251E+000
  0.88672432E+000
  0.88672615E+000
  0.88672801E+000
  0.88672989E+000
  0.88673179E+000
  0.88673371E+000
  0.88673564E+000
  0.88673758E+000
  0.88673952E+000
  0.88674147E+000
  0.88674342E+000
  0.88674538E+000
  0.88674732E+000
  0.88674927E+000
  0.88675121E+000
  0.88675314E+000
  0.88675505E+000
  0.88675696E+000
  0.88675885E+000
  0.88676072E+000
  0.88676258E+000
  0.88676441E+000
  0.88676622E+000
  0.88676801E+000
  0.88676978E+000
  0.88677152E+000
  0.88677323E+000
  0.88677492E+000
  0.88677658E+000
  0.88677820E+000
  0.88677980E+000
  0.88678137E+000
  0.88678290E+000
  0.88678440E+000
  0.88678587E+000
  0.88678731E+000
  0.88678871E+000
  0.88679008E+000
  0.88679142E+000
  0.88679272E+000
  0.88679399E+000
  0.88679522E+000
  0.88679642E+000
  0.88679759E+000
  0.88679872E+000
