  0.86193873E+000
  0.86257817E+000
  0.86304393E+000
  0.86339133E+000
  0.86364724E+000
  0.86383254E+000
  0.86396457E+000
  0.86405474E+000
  0.86411193E+000
  0.86414303E+000
  0.86415342E+000
  0.86414722E+000
  0.86412773E+000
  0.86409757E+000
  0.86405891E+000
  0.86401303E+000
  0.86396153E+000
  0.86390588E+000
  0.86384719E+000
  0.86378635E+000
  0.86372406E+000
  0.86366088E+000
  0.86359725E+000
  0.86353354E+000
  0.86347004E+000
  0.86340700E+000
  0.86334462E+000
  0.86328303E+000
  0.86322238E+000
  0.86316277E+000
  0.86310429E+000
  0.86304704E+000
  0.86299107E+000
  0.86293644E+000
  0.86288319E+000
  0.86283135E+000
  0.86278095E+000
  0.86273200E+000
  0.86268452E+000
  0.86263851E+000
  0.86259398E+000
  0.86255092E+000
  0.86250934E+000
  0.86246922E+000
  0.86243058E+000
  0.86239339E+000
  0.86235765E+000
  0.86232335E+000
  0.86229048E+000
  0.86225903E+000
  0.86222898E+000
  0.86220033E+000
  0.86217305E+000
  0.86214712E+000
  0.86212252E+000
  0.86209924E+000
  0.86207723E+000
  0.86205648E+000
  0.86203695E+000
  0.86201861E+000
  0.86200143E+000
  0.86198537E+000
  0.86197040E+000
  0.86195648E+000
  0.86194357E+000
  0.86193164E+000
  0.86192067E+000
  0.86191061E+000
  0.86190144E+000
  0.86189313E+000
  0.86188565E+000
  0.86187900E+000
  0.86187314E+000
  0.86186805E+000
  0.86186373E+000
  0.86186013E+000
  0.86185725E+000
  0.86185506E+000
  0.86185353E+000
  0.86185262E+000
  0.86185231E+000
  0.86185255E+000
  0.86185330E+000
  0.86185453E+000
  0.86185618E+000
  0.86185820E+000
  0.86186055E+000
  0.86186317E+000
  0.86186602E+000
  0.86186905E+000
  0.86187221E+000
  0.86187546E+000
  0.86187877E+000
  0.86188209E+000
  0.86188540E+000
  0.86188867E+000
  0.86189187E+000
  0.86189498E+000
  0.86189800E+000
  0.86190090E+000
  0.86190368E+000
  0.86190633E+000
  0.86190885E+000
  0.86191124E+000
  0.86191349E+000
  0.86191561E+000
  0.86191761E+000
  0.86191948E+000
  0.86192124E+000
  0.86192288E+000
  0.86192441E+000
  0.86192585E+000
  0.86192719E+000
  0.86192843E+000
  0.86192960E+000
  0.86193069E+000
  0.86193170E+000
  0.86193265E+000
  0.86193353E+000
  0.86193436E+000
  0.86193513E+000
  0.86193585E+000
  0.86193653E+000
  0.86193716E+000
  0.86193775E+000
  0.86193830E+000
  0.86193882E+000
  0.86193931E+000
  0.86193976E+000
  0.86194019E+000
  0.86194059E+000
  0.86194096E+000
  0.86194131E+000
  0.86194164E+000
  0.86194195E+000
  0.86194223E+000
  0.86194250E+000
  0.86194275E+000
  0.86194298E+000
  0.86194319E+000
  0.86194339E+000
  0.86194357E+000
  0.86194374E+000
  0.86194389E+000
  0.86194403E+000
  0.86194416E+000
  0.86194427E+000
  0.86194437E+000
  0.86194446E+000
  0.86194454E+000
  0.86194461E+000
  0.86194466E+000
  0.86194471E+000
  0.86194474E+000
  0.86194477E+000
  0.86194479E+000
  0.86194480E+000
  0.86194480E+000
  0.86194479E+000
  0.86194477E+000
  0.86194475E+000
  0.86194472E+000
  0.86194468E+000
  0.86194464E+000
  0.86194459E+000
  0.86194454E+000
  0.86194448E+000
  0.86194441E+000
  0.86194434E+000
  0.86194427E+000
  0.86194419E+000
  0.86194411E+000
  0.86194403E+000
  0.86194394E+000
  0.86194385E+000
  0.86194376E+000
  0.86194366E+000
  0.86194357E+000
  0.86194347E+000
  0.86194337E+000
  0.86194327E+000
  0.86194316E+000
  0.86194306E+000
  0.86194296E+000
  0.86194285E+000
  0.86194275E+000
  0.86194264E+000
  0.86194254E+000
  0.86194244E+000
  0.86194233E+000
  0.86194223E+000
  0.86194213E+000
  0.86194203E+000
  0.86194193E+000
  0.86194183E+000
  0.86194174E+000
  0.86194164E+000
  0.86194155E+000
  0.86194146E+000
  0.86194137E+000
