  0.35725720E+000
  0.35707281E+000
  0.35690539E+000
  0.35676810E+000
  0.35665140E+000
  0.35655152E+000
  0.35646632E+000
  0.35639390E+000
  0.35633316E+000
  0.35627923E+000
  0.35623476E+000
  0.35619685E+000
  0.35616479E+000
  0.35613805E+000
  0.35611691E+000
  0.35609943E+000
  0.35608499E+000
  0.35607297E+000
  0.35606371E+000
  0.35605616E+000
  0.35605015E+000
  0.35604592E+000
  0.35604311E+000
  0.35604212E+000
  0.35604236E+000
  0.35604227E+000
  0.35604374E+000
  0.35604594E+000
  0.35604891E+000
  0.35605239E+000
  0.35605643E+000
  0.35606199E+000
  0.35606689E+000
  0.35607218E+000
  0.35607791E+000
  0.35608388E+000
  0.35609032E+000
  0.35609703E+000
  0.35610408E+000
  0.35611135E+000
  0.35611877E+000
  0.35612666E+000
  0.35613503E+000
  0.35614312E+000
  0.35615136E+000
  0.35615987E+000
  0.35616840E+000
  0.35617733E+000
  0.35618619E+000
  0.35619529E+000
  0.35620443E+000
  0.35621357E+000
  0.35622274E+000
  0.35623212E+000
  0.35624160E+000
  0.35625115E+000
  0.35626072E+000
  0.35627041E+000
  0.35628014E+000
  0.35628987E+000
  0.35629991E+000
  0.35630948E+000
  0.35631907E+000
  0.35632868E+000
  0.35633839E+000
  0.35634792E+000
  0.35635631E+000
  0.35636558E+000
  0.35637477E+000
  0.35638395E+000
  0.35639329E+000
  0.35640232E+000
  0.35641127E+000
  0.35642007E+000
  0.35642882E+000
  0.35643734E+000
  0.35644583E+000
  0.35645415E+000
  0.35646219E+000
  0.35647047E+000
  0.35647815E+000
  0.35648591E+000
  0.35649344E+000
  0.35650083E+000
  0.35650821E+000
  0.35651546E+000
  0.35652233E+000
  0.35652938E+000
  0.35653625E+000
  0.35654303E+000
  0.35654966E+000
  0.35655622E+000
  0.35656262E+000
  0.35656890E+000
  0.35657508E+000
  0.35658117E+000
  0.35658716E+000
  0.35659301E+000
  0.35659884E+000
  0.35660463E+000
  0.35661033E+000
  0.35661596E+000
  0.35662146E+000
  0.35662694E+000
  0.35663243E+000
  0.35663784E+000
  0.35664323E+000
  0.35664854E+000
  0.35665389E+000
  0.35665924E+000
  0.35666459E+000
  0.35666993E+000
  0.35667526E+000
  0.35668060E+000
  0.35668596E+000
  0.35669132E+000
  0.35669671E+000
  0.35670211E+000
  0.35670755E+000
  0.35671301E+000
  0.35671850E+000
  0.35672404E+000
  0.35672961E+000
  0.35673522E+000
  0.35674087E+000
  0.35674657E+000
  0.35675231E+000
  0.35675810E+000
  0.35676394E+000
  0.35676982E+000
  0.35677576E+000
  0.35678174E+000
  0.35678777E+000
  0.35679384E+000
  0.35679996E+000
  0.35680613E+000
  0.35681234E+000
  0.35681860E+000
  0.35682489E+000
  0.35683122E+000
  0.35683759E+000
  0.35684400E+000
  0.35685043E+000
  0.35685690E+000
  0.35686338E+000
  0.35686989E+000
  0.35687642E+000
  0.35688297E+000
  0.35688952E+000
  0.35689609E+000
  0.35690266E+000
  0.35690922E+000
  0.35691579E+000
  0.35692235E+000
  0.35692889E+000
  0.35693543E+000
  0.35694194E+000
  0.35694842E+000
  0.35695488E+000
  0.35696131E+000
  0.35696770E+000
  0.35697405E+000
  0.35698036E+000
  0.35698662E+000
  0.35699283E+000
  0.35699898E+000
  0.35700508E+000
  0.35701111E+000
  0.35701708E+000
  0.35702298E+000
  0.35702881E+000
  0.35703457E+000
  0.35704024E+000
  0.35704584E+000
  0.35705136E+000
  0.35705679E+000
  0.35706213E+000
  0.35706739E+000
  0.35707255E+000
  0.35707762E+000
  0.35708260E+000
  0.35708748E+000
  0.35709227E+000
  0.35709695E+000
  0.35710154E+000
  0.35710603E+000
  0.35711042E+000
  0.35711471E+000
  0.35711890E+000
  0.35712299E+000
  0.35712697E+000
  0.35713086E+000
  0.35713465E+000
  0.35713833E+000
  0.35714192E+000
  0.35714540E+000
  0.35714879E+000
  0.35715208E+000
  0.35715528E+000
  0.35715837E+000
