  0.81435262E+000
  0.81432806E+000
  0.81430680E+000
  0.81428853E+000
  0.81427290E+000
  0.81425959E+000
  0.81424828E+000
  0.81423871E+000
  0.81423063E+000
  0.81422385E+000
  0.81421817E+000
  0.81421348E+000
  0.81420964E+000
  0.81420653E+000
  0.81420404E+000
  0.81420207E+000
  0.81420056E+000
  0.81419943E+000
  0.81419863E+000
  0.81419810E+000
  0.81419780E+000
  0.81419771E+000
  0.81419778E+000
  0.81419800E+000
  0.81419834E+000
  0.81419878E+000
  0.81419931E+000
  0.81419991E+000
  0.81420056E+000
  0.81420126E+000
  0.81420200E+000
  0.81420278E+000
  0.81420357E+000
  0.81420438E+000
  0.81420520E+000
  0.81420603E+000
  0.81420686E+000
  0.81420770E+000
  0.81420852E+000
  0.81420934E+000
  0.81421015E+000
  0.81421095E+000
  0.81421174E+000
  0.81421251E+000
  0.81421326E+000
  0.81421399E+000
  0.81421469E+000
  0.81421538E+000
  0.81421603E+000
  0.81421666E+000
  0.81421725E+000
  0.81421782E+000
  0.81421835E+000
  0.81421884E+000
  0.81421929E+000
  0.81421970E+000
  0.81422007E+000
  0.81422039E+000
  0.81422066E+000
  0.81422088E+000
  0.81422105E+000
  0.81422117E+000
  0.81422123E+000
  0.81422123E+000
  0.81422118E+000
  0.81422106E+000
  0.81422088E+000
  0.81422063E+000
  0.81422032E+000
  0.81421994E+000
  0.81421950E+000
  0.81421898E+000
  0.81421840E+000
  0.81421775E+000
  0.81421704E+000
  0.81421625E+000
  0.81421541E+000
  0.81421449E+000
  0.81421351E+000
  0.81421248E+000
  0.81421138E+000
  0.81421022E+000
  0.81420901E+000
  0.81420775E+000
  0.81420644E+000
  0.81420509E+000
  0.81420369E+000
  0.81420226E+000
  0.81420079E+000
  0.81419928E+000
  0.81419775E+000
  0.81419620E+000
  0.81419463E+000
  0.81419304E+000
  0.81419143E+000
  0.81418982E+000
  0.81418820E+000
  0.81418659E+000
  0.81418497E+000
  0.81418336E+000
  0.81418177E+000
  0.81418018E+000
  0.81417861E+000
  0.81417707E+000
  0.81417555E+000
  0.81417406E+000
  0.81417259E+000
  0.81417117E+000
  0.81416978E+000
  0.81416843E+000
  0.81416713E+000
  0.81416588E+000
  0.81416467E+000
  0.81416352E+000
  0.81416242E+000
  0.81416139E+000
  0.81416041E+000
  0.81415950E+000
  0.81415865E+000
  0.81415787E+000
  0.81415716E+000
  0.81415652E+000
  0.81415595E+000
  0.81415546E+000
  0.81415504E+000
  0.81415469E+000
  0.81415443E+000
  0.81415424E+000
  0.81415413E+000
  0.81415410E+000
  0.81415414E+000
  0.81415427E+000
  0.81415447E+000
  0.81415475E+000
  0.81415511E+000
  0.81415554E+000
  0.81415605E+000
  0.81415664E+000
  0.81415729E+000
  0.81415802E+000
  0.81415882E+000
  0.81415969E+000
  0.81416062E+000
  0.81416162E+000
  0.81416268E+000
  0.81416380E+000
  0.81416497E+000
  0.81416621E+000
  0.81416750E+000
  0.81416883E+000
  0.81417022E+000
  0.81417165E+000
  0.81417312E+000
  0.81417464E+000
  0.81417619E+000
  0.81417778E+000
  0.81417940E+000
  0.81418104E+000
  0.81418272E+000
  0.81418441E+000
  0.81418613E+000
  0.81418787E+000
  0.81418962E+000
  0.81419138E+000
  0.81419316E+000
  0.81419494E+000
  0.81419673E+000
  0.81419852E+000
  0.81420031E+000
  0.81420210E+000
  0.81420389E+000
  0.81420567E+000
  0.81420744E+000
  0.81420921E+000
  0.81421096E+000
  0.81421270E+000
  0.81421442E+000
  0.81421612E+000
  0.81421781E+000
  0.81421948E+000
  0.81422113E+000
  0.81422275E+000
  0.81422435E+000
  0.81422593E+000
  0.81422748E+000
  0.81422900E+000
  0.81423050E+000
  0.81423196E+000
  0.81423340E+000
  0.81423481E+000
  0.81423620E+000
  0.81423755E+000
  0.81423886E+000
  0.81424015E+000
  0.81424141E+000
  0.81424264E+000
  0.81424383E+000
  0.81424500E+000
  0.81424613E+000
  0.81424723E+000
