 -0.93136838E+000 -0.83200798E+000 -0.54954850E+000 -0.18462065E+000 -0.52196989E-002  0.96542082E-003  0.91442160E+000  0.45470511E+001  0.88191833E+001  0.15860427E+002  0.21714189E+002
 -0.93159208E+000 -0.83249495E+000 -0.55090432E+000 -0.18680290E+000 -0.55620447E-002  0.88493676E-003  0.90735038E+000  0.45367207E+001  0.88039940E+001  0.15825229E+002  0.21680749E+002
 -0.93174516E+000 -0.83287307E+000 -0.55198977E+000 -0.18851012E+000 -0.56498685E-002  0.85875056E-003  0.90204237E+000  0.45282527E+001  0.87913146E+001  0.15796177E+002  0.21652880E+002
 -0.93184567E+000 -0.83315841E+000 -0.55284760E+000 -0.18983175E+000 -0.56754004E-002  0.85362353E-003  0.89821107E+000  0.45213727E+001  0.87808056E+001  0.15772617E+002  0.21629430E+002
 -0.93190846E+000 -0.83336683E+000 -0.55351579E+000 -0.19083984E+000 -0.56779000E-002  0.85473770E-003  0.89554852E+000  0.45157805E+001  0.87721759E+001  0.15753564E+002  0.21609792E+002
 -0.93194447E+000 -0.83351305E+000 -0.55402709E+000 -0.19159075E+000 -0.56671552E-002  0.85845510E-003  0.89378511E+000  0.45112270E+001  0.87651664E+001  0.15737906E+002  0.21593482E+002
 -0.93196162E+000 -0.83360999E+000 -0.55440900E+000 -0.19213109E+000 -0.56362420E-002  0.86754274E-003  0.89270158E+000  0.45075137E+001  0.87595374E+001  0.15725048E+002  0.21580056E+002
 -0.93196562E+000 -0.83366846E+000 -0.55468430E+000 -0.19249996E+000 -0.55961839E-002  0.87828940E-003  0.89212511E+000  0.45044874E+001  0.87550660E+001  0.15714552E+002  0.21569106E+002
 -0.93196054E+000 -0.83369732E+000 -0.55487191E+000 -0.19272870E+000 -0.55542606E-002  0.88858234E-003  0.89192013E+000  0.45020438E+001  0.87515484E+001  0.15706067E+002  0.21560268E+002
 -0.93194920E+000 -0.83370366E+000 -0.55498746E+000 -0.19284321E+000 -0.55146297E-002  0.89759002E-003  0.89198047E+000  0.45001020E+001  0.87488051E+001  0.15699426E+002  0.21553247E+002
 -0.93193365E+000 -0.83369308E+000 -0.55504398E+000 -0.19286481E+000 -0.54792793E-002  0.90514743E-003  0.89222416E+000  0.44985932E+001  0.87466855E+001  0.15694431E+002  0.21547805E+002
 -0.93191533E+000 -0.83366996E+000 -0.55505227E+000 -0.19281125E+000 -0.54486647E-002  0.91141052E-003  0.89258369E+000  0.44974613E+001  0.87450689E+001  0.15690846E+002  0.21543717E+002
 -0.93189529E+000 -0.83363767E+000 -0.55502138E+000 -0.19269724E+000 -0.54223437E-002  0.91661083E-003  0.89299657E+000  0.44966608E+001  0.87438628E+001  0.15688462E+002  0.21540787E+002
 -0.93187427E+000 -0.83359884E+000 -0.55495881E+000 -0.19253526E+000 -0.53996924E-002  0.92098616E-003  0.89344498E+000  0.44961507E+001  0.87429992E+001  0.15687098E+002  0.21538832E+002
 -0.93185280E+000 -0.83355546E+000 -0.55487077E+000 -0.19233572E+000 -0.53800558E-002  0.92472692E-003  0.89392047E+000  0.44958958E+001  0.87424291E+001  0.15686599E+002  0.21537698E+002
 -0.93183124E+000 -0.83350907E+000 -0.55476243E+000 -0.19210692E+000 -0.53626415E-002  0.92791780E-003  0.89441319E+000  0.44958649E+001  0.87421185E+001  0.15686830E+002  0.21537268E+002
 -0.93180985E+000 -0.83346083E+000 -0.55463807E+000 -0.19185573E+000 -0.53471154E-002  0.93067192E-003  0.89491975E+000  0.44960299E+001  0.87420430E+001  0.15687682E+002  0.21537446E+002
 -0.93178882E+000 -0.83341164E+000 -0.55450126E+000 -0.19158789E+000 -0.53333943E-002  0.93307983E-003  0.89543711E+000  0.44963655E+001  0.87421846E+001  0.15689063E+002  0.21538148E+002
 -0.93176827E+000 -0.83336216E+000 -0.55435494E+000 -0.19130818E+000 -0.53213194E-002  0.93520866E-003  0.89596254E+000  0.44968491E+001  0.87425286E+001  0.15690879E+002  0.21539306E+002
 -0.93174827E+000 -0.83331287E+000 -0.55420160E+000 -0.19102061E+000 -0.53107099E-002  0.93710904E-003  0.89649354E+000  0.44974604E+001  0.87430614E+001  0.15693045E+002  0.21540862E+002
 -0.93172888E+000 -0.83326415E+000 -0.55404326E+000 -0.19072855E+000 -0.53013870E-002  0.93881985E-003  0.89702790E+000  0.44981819E+001  0.87437695E+001  0.15695490E+002  0.21542765E+002
 -0.93171011E+000 -0.83321625E+000 -0.55388163E+000 -0.19043480E+000 -0.52931859E-002  0.94037133E-003  0.89756366E+000  0.44989979E+001  0.87446393E+001  0.15698150E+002  0.21544975E+002
 -0.93169200E+000 -0.83316936E+000 -0.55371811E+000 -0.19014173E+000 -0.52859599E-002  0.94178747E-003  0.89809913E+000  0.44998950E+001  0.87456563E+001  0.15700976E+002  0.21547458E+002
 -0.93167455E+000 -0.83312359E+000 -0.55355385E+000 -0.18985132E+000 -0.52795811E-002  0.94308749E-003  0.89863288E+000  0.45008614E+001  0.87468062E+001  0.15703927E+002  0.21550183E+002
 -0.93165775E+000 -0.83307903E+000 -0.55338982E+000 -0.18956523E+000 -0.52739387E-002  0.94428707E-003  0.89916370E+000  0.45018866E+001  0.87480748E+001  0.15706972E+002  0.21553127E+002
 -0.93164161E+000 -0.83303571E+000 -0.55322679E+000 -0.18928486E+000 -0.52686419E-002  0.94543953E-003  0.89969021E+000  0.45029615E+001  0.87494483E+001  0.15710090E+002  0.21556269E+002
 -0.93162610E+000 -0.83299364E+000 -0.55306539E+000 -0.18901137E+000 -0.52631927E-002  0.94660955E-003  0.90021179E+000  0.45040782E+001  0.87509138E+001  0.15713266E+002  0.21559591E+002
 -0.93161122E+000 -0.83295281E+000 -0.55290615E+000 -0.18874572E+000 -0.52577907E-002  0.94776483E-003  0.90072798E+000  0.45052293E+001  0.87524597E+001  0.15716493E+002  0.21563079E+002
 -0.93159695E+000 -0.83291319E+000 -0.55274946E+000 -0.18848870E+000 -0.52525940E-002  0.94888263E-003  0.90123844E+000  0.45064087E+001  0.87540753E+001  0.15719771E+002  0.21566722E+002
 -0.93158326E+000 -0.83287472E+000 -0.55259566E+000 -0.18824094E+000 -0.52477171E-002  0.94994812E-003  0.90174289E+000  0.45076106E+001  0.87557511E+001  0.15723100E+002  0.21570507E+002
 -0.93157014E+000 -0.83283736E+000 -0.55244500E+000 -0.18800295E+000 -0.52432350E-002  0.95095269E-003  0.90224117E+000  0.45088302E+001  0.87574787E+001  0.15726486E+002  0.21574426E+002
 -0.93155757E+000 -0.83280106E+000 -0.55229767E+000 -0.18777509E+000 -0.52391888E-002  0.95189240E-003  0.90273317E+000  0.45100630E+001  0.87592507E+001  0.15729934E+002  0.21578472E+002
 -0.93154552E+000 -0.83276574E+000 -0.55215382E+000 -0.18755763E+000 -0.52355933E-002  0.95276667E-003  0.90321880E+000  0.45113051E+001  0.87610607E+001  0.15733449E+002  0.21582636E+002
 -0.93153396E+000 -0.83273134E+000 -0.55201357E+000 -0.18735073E+000 -0.52324429E-002  0.95357732E-003  0.90369804E+000  0.45125533E+001  0.87629029E+001  0.15737036E+002  0.21586912E+002
 -0.93152286E+000 -0.83269782E+000 -0.55187698E+000 -0.18715443E+000 -0.52297177E-002  0.95432764E-003  0.90417086E+000  0.45138046E+001  0.87647721E+001  0.15740698E+002  0.21591292E+002
 -0.93151221E+000 -0.83266509E+000 -0.55174410E+000 -0.18696872E+000 -0.52273883E-002  0.95502186E-003  0.90463723E+000  0.45150564E+001  0.87666637E+001  0.15744435E+002  0.21595771E+002
 -0.93150198E+000 -0.83263312E+000 -0.55161499E+000 -0.18679347E+000 -0.52254197E-002  0.95566464E-003  0.90509711E+000  0.45163066E+001  0.87685732E+001  0.15748246E+002  0.21600339E+002
 -0.93149215E+000 -0.83260186E+000 -0.55148965E+000 -0.18662851E+000 -0.52237740E-002  0.95626074E-003  0.90555042E+000  0.45175530E+001  0.87704967E+001  0.15752125E+002  0.21604989E+002
 -0.93148268E+000 -0.83257125E+000 -0.55136810E+000 -0.18647359E+000 -0.52224134E-002  0.95681480E-003  0.90599706E+000  0.45187942E+001  0.87724301E+001  0.15756068E+002  0.21609711E+002
 -0.93147356E+000 -0.83254127E+000 -0.55125037E+000 -0.18632842E+000 -0.52213011E-002  0.95733115E-003  0.90643689E+000  0.45200284E+001  0.87743696E+001  0.15760067E+002  0.21614495E+002
 -0.93146477E+000 -0.83251189E+000 -0.55113645E+000 -0.18619265E+000 -0.52204027E-002  0.95781377E-003  0.90686970E+000  0.45212544E+001  0.87763115E+001  0.15764111E+002  0.21619330E+002
 -0.93145629E+000 -0.83248310E+000 -0.55102636E+000 -0.18606590E+000 -0.52196869E-002  0.95826618E-003  0.90729527E+000  0.45224709E+001  0.87782519E+001  0.15768192E+002  0.21624202E+002
 -0.93144811E+000 -0.83245488E+000 -0.55092012E+000 -0.18594777E+000 -0.52191258E-002  0.95869147E-003  0.90771332E+000  0.45236766E+001  0.87801871E+001  0.15772299E+002  0.21629100E+002
 -0.93144020E+000 -0.83242724E+000 -0.55081776E+000 -0.18583784E+000 -0.52186949E-002  0.95909226E-003  0.90812352E+000  0.45248704E+001  0.87821133E+001  0.15776422E+002  0.21634006E+002
 -0.93143256E+000 -0.83240018E+000 -0.55071929E+000 -0.18573568E+000 -0.52183733E-002  0.95947079E-003  0.90852552E+000  0.45260510E+001  0.87840270E+001  0.15780549E+002  0.21638907E+002
 -0.93142519E+000 -0.83237373E+000 -0.55062476E+000 -0.18564088E+000 -0.52181431E-002  0.95982887E-003  0.90891894E+000  0.45272174E+001  0.87859243E+001  0.15784671E+002  0.21643784E+002
 -0.93141807E+000 -0.83234791E+000 -0.55053420E+000 -0.18555299E+000 -0.52179893E-002  0.96016802E-003  0.90930337E+000  0.45283684E+001  0.87878018E+001  0.15788777E+002  0.21648623E+002
 -0.93141121E+000 -0.83232276E+000 -0.55044765E+000 -0.18547162E+000 -0.52178996E-002  0.96048942E-003  0.90967841E+000  0.45295026E+001  0.87896561E+001  0.15792858E+002  0.21653404E+002
 -0.93140460E+000 -0.83229831E+000 -0.55036514E+000 -0.18539635E+000 -0.52178636E-002  0.96079405E-003  0.91004362E+000  0.45306190E+001  0.87914837E+001  0.15796904E+002  0.21658112E+002
 -0.93139826E+000 -0.83227461E+000 -0.55028670E+000 -0.18532683E+000 -0.52178732E-002  0.96108266E-003  0.91039859E+000  0.45317162E+001  0.87932816E+001  0.15800906E+002  0.21662729E+002
 -0.93139218E+000 -0.83225170E+000 -0.55021236E+000 -0.18526267E+000 -0.52179216E-002  0.96135583E-003  0.91074292E+000  0.45327931E+001  0.87950468E+001  0.15804855E+002  0.21667239E+002
 -0.93138637E+000 -0.83222964E+000 -0.55014215E+000 -0.18520355E+000 -0.52180031E-002  0.96161406E-003  0.91107620E+000  0.45338482E+001  0.87967765E+001  0.15808741E+002  0.21671626E+002
 -0.93138085E+000 -0.83220846E+000 -0.55007606E+000 -0.18514914E+000 -0.52181134E-002  0.96185773E-003  0.91139809E+000  0.45348805E+001  0.87984681E+001  0.15812556E+002  0.21675875E+002
 -0.93137562E+000 -0.83218821E+000 -0.55001409E+000 -0.18509913E+000 -0.52182487E-002  0.96208716E-003  0.91170825E+000  0.45358885E+001  0.88001191E+001  0.15816290E+002  0.21679975E+002
 -0.93137069E+000 -0.83216893E+000 -0.54995624E+000 -0.18505326E+000 -0.52184059E-002  0.96230263E-003  0.91200638E+000  0.45368712E+001  0.88017273E+001  0.15819935E+002  0.21683911E+002
 -0.93136607E+000 -0.83215067E+000 -0.54990244E+000 -0.18501125E+000 -0.52185827E-002  0.96250440E-003  0.91229225E+000  0.45378272E+001  0.88032903E+001  0.15823481E+002  0.21687674E+002
 -0.93136178E+000 -0.83213344E+000 -0.54985267E+000 -0.18497285E+000 -0.52187766E-002  0.96269274E-003  0.91256566E+000  0.45387554E+001  0.88048060E+001  0.15826918E+002  0.21691254E+002
 -0.93135780E+000 -0.83211728E+000 -0.54980683E+000 -0.18493783E+000 -0.52189859E-002  0.96286791E-003  0.91282646E+000  0.45396545E+001  0.88062723E+001  0.15830239E+002  0.21694644E+002
 -0.93135416E+000 -0.83210220E+000 -0.54976485E+000 -0.18490598E+000 -0.52192089E-002  0.96303021E-003  0.91307456E+000  0.45405235E+001  0.88076872E+001  0.15833434E+002  0.21697838E+002
 -0.93135085E+000 -0.83208820E+000 -0.54972661E+000 -0.18487708E+000 -0.52194438E-002  0.96317996E-003  0.91330993E+000  0.45413612E+001  0.88090485E+001  0.15836496E+002  0.21700831E+002
 -0.93134787E+000 -0.83207529E+000 -0.54969199E+000 -0.18485094E+000 -0.52196894E-002  0.96331750E-003  0.91353258E+000  0.45421665E+001  0.88103543E+001  0.15839417E+002  0.21703621E+002
 -0.93134522E+000 -0.83206345E+000 -0.54966085E+000 -0.18482737E+000 -0.52199442E-002  0.96344321E-003  0.91374259E+000  0.45429384E+001  0.88116026E+001  0.15842191E+002  0.21706206E+002
 -0.93134290E+000 -0.83205267E+000 -0.54963303E+000 -0.18480619E+000 -0.52202072E-002  0.96355749E-003  0.91394005E+000  0.45436758E+001  0.88127914E+001  0.15844811E+002  0.21708587E+002
 -0.93134090E+000 -0.83204292E+000 -0.54960838E+000 -0.18478724E+000 -0.52204772E-002  0.96366076E-003  0.91412513E+000  0.45443778E+001  0.88139188E+001  0.15847273E+002  0.21710766E+002
 -0.93133920E+000 -0.83203417E+000 -0.54958671E+000 -0.18477036E+000 -0.52207531E-002  0.96375348E-003  0.91429802E+000  0.45450434E+001  0.88149833E+001  0.15849574E+002  0.21712746E+002
 -0.93133781E+000 -0.83202638E+000 -0.54956784E+000 -0.18475539E+000 -0.52210342E-002  0.96383609E-003  0.91445890E+000  0.45456718E+001  0.88159832E+001  0.15851711E+002  0.21714532E+002
 -0.93133669E+000 -0.83201951E+000 -0.54955161E+000 -0.18474221E+000 -0.52213196E-002  0.96390905E-003  0.91460803E+000  0.45462621E+001  0.88169174E+001  0.15853683E+002  0.21716129E+002
 -0.93133586E+000 -0.83201351E+000 -0.54953781E+000 -0.18473066E+000 -0.52215642E-002  0.96397798E-003  0.91474564E+000  0.45468137E+001  0.88177849E+001  0.15855491E+002  0.21717544E+002
 -0.93133528E+000 -0.83200834E+000 -0.54952628E+000 -0.18472064E+000 -0.52216243E-002  0.96405983E-003  0.91487197E+000  0.45473261E+001  0.88185850E+001  0.15857135E+002  0.21718786E+002
 -0.93133495E+000 -0.83200396E+000 -0.54951683E+000 -0.18471202E+000 -0.52216038E-002  0.96414255E-003  0.91498728E+000  0.45477988E+001  0.88193177E+001  0.15858620E+002  0.21719862E+002
 -0.93133485E+000 -0.83200030E+000 -0.54950930E+000 -0.18470471E+000 -0.52215536E-002  0.96422080E-003  0.91509183E+000  0.45482315E+001  0.88199831E+001  0.15859948E+002  0.21720782E+002
 -0.93133497E+000 -0.83199733E+000 -0.54950351E+000 -0.18469859E+000 -0.52214969E-002  0.96429242E-003  0.91518585E+000  0.45486243E+001  0.88205819E+001  0.15861125E+002  0.21721556E+002
 -0.93133530E+000 -0.83199501E+000 -0.54949933E+000 -0.18469359E+000 -0.52214436E-002  0.96435673E-003  0.91526962E+000  0.45489774E+001  0.88211152E+001  0.15862158E+002  0.21722194E+002
 -0.93133583E+000 -0.83199327E+000 -0.54949659E+000 -0.18468962E+000 -0.52213976E-002  0.96441365E-003  0.91534340E+000  0.45492912E+001  0.88215847E+001  0.15863052E+002  0.21722706E+002
 -0.93133655E+000 -0.83199210E+000 -0.54949518E+000 -0.18468661E+000 -0.52213601E-002  0.96446338E-003  0.91540745E+000  0.45495663E+001  0.88219923E+001  0.15863816E+002  0.21723102E+002
 -0.93133744E+000 -0.83199143E+000 -0.54949496E+000 -0.18468449E+000 -0.52213312E-002  0.96450625E-003  0.91546206E+000  0.45498038E+001  0.88223405E+001  0.15864457E+002  0.21723393E+002
 -0.93133850E+000 -0.83199125E+000 -0.54949582E+000 -0.18468319E+000 -0.52213106E-002  0.96454260E-003  0.91550756E+000  0.45500047E+001  0.88226321E+001  0.15864985E+002  0.21723590E+002
 -0.93133972E+000 -0.83199150E+000 -0.54949765E+000 -0.18468265E+000 -0.52212977E-002  0.96457281E-003  0.91554427E+000  0.45501707E+001  0.88228702E+001  0.15865408E+002  0.21723701E+002
 -0.93134109E+000 -0.83199216E+000 -0.54950034E+000 -0.18468281E+000 -0.52212919E-002  0.96459724E-003  0.91557258E+000  0.45503033E+001  0.88230581E+001  0.15865735E+002  0.21723737E+002
 -0.93134260E+000 -0.83199318E+000 -0.54950381E+000 -0.18468361E+000 -0.52212924E-002  0.96461629E-003  0.91559288E+000  0.45504045E+001  0.88231995E+001  0.15865976E+002  0.21723707E+002
 -0.93134423E+000 -0.83199454E+000 -0.54950795E+000 -0.18468499E+000 -0.52212987E-002  0.96463035E-003  0.91560564E+000  0.45504763E+001  0.88232981E+001  0.15866138E+002  0.21723619E+002
 -0.93134597E+000 -0.83199619E+000 -0.54951269E+000 -0.18468688E+000 -0.52213099E-002  0.96463983E-003  0.91561132E+000  0.45505209E+001  0.88233578E+001  0.15866232E+002  0.21723482E+002
 -0.93134781E+000 -0.83199811E+000 -0.54951792E+000 -0.18468922E+000 -0.52213253E-002  0.96464516E-003  0.91561044E+000  0.45505407E+001  0.88233824E+001  0.15866264E+002  0.21723304E+002
 -0.93134973E+000 -0.83200025E+000 -0.54952358E+000 -0.18469195E+000 -0.52213441E-002  0.96464677E-003  0.91560356E+000  0.45505380E+001  0.88233759E+001  0.15866244E+002  0.21723090E+002
 -0.93135173E+000 -0.83200258E+000 -0.54952957E+000 -0.18469500E+000 -0.52213657E-002  0.96464511E-003  0.91559122E+000  0.45505153E+001  0.88233419E+001  0.15866179E+002  0.21722849E+002
 -0.93135377E+000 -0.83200506E+000 -0.54953583E+000 -0.18469831E+000 -0.52213891E-002  0.96464063E-003  0.91557402E+000  0.45504750E+001  0.88232842E+001  0.15866075E+002  0.21722585E+002
 -0.93135585E+000 -0.83200766E+000 -0.54954226E+000 -0.18470181E+000 -0.52214138E-002  0.96463378E-003  0.91555253E+000  0.45504194E+001  0.88232062E+001  0.15865940E+002  0.21722304E+002
 -0.93135794E+000 -0.83201034E+000 -0.54954879E+000 -0.18470543E+000 -0.52214390E-002  0.96462501E-003  0.91552735E+000  0.45503508E+001  0.88231113E+001  0.15865779E+002  0.21722011E+002
 -0.93136004E+000 -0.83201308E+000 -0.54955536E+000 -0.18470912E+000 -0.52214640E-002  0.96461476E-003  0.91549905E+000  0.45502713E+001  0.88230026E+001  0.15865597E+002  0.21721710E+002
 -0.93136211E+000 -0.83201582E+000 -0.54956189E+000 -0.18471280E+000 -0.52214882E-002  0.96460346E-003  0.91546819E+000  0.45501831E+001  0.88228829E+001  0.15865399E+002  0.21721405E+002
 -0.93136416E+000 -0.83201856E+000 -0.54956832E+000 -0.18471644E+000 -0.52215111E-002  0.96459149E-003  0.91543528E+000  0.45500880E+001  0.88227549E+001  0.15865191E+002  0.21721098E+002
 -0.93136615E+000 -0.83202124E+000 -0.54957459E+000 -0.18471997E+000 -0.52215321E-002  0.96457923E-003  0.91540082E+000  0.45499877E+001  0.88226209E+001  0.15864974E+002  0.21720793E+002
 -0.93136809E+000 -0.83202386E+000 -0.54958065E+000 -0.18472334E+000 -0.52215509E-002  0.96456702E-003  0.91536527E+000  0.45498838E+001  0.88224829E+001  0.15864753E+002  0.21720492E+002
 -0.93136995E+000 -0.83202637E+000 -0.54958645E+000 -0.18472652E+000 -0.52215670E-002  0.96455516E-003  0.91532904E+000  0.45497777E+001  0.88223429E+001  0.15864531E+002  0.21720197E+002
 -0.93137172E+000 -0.83202878E+000 -0.54959195E+000 -0.18472947E+000 -0.52215801E-002  0.96454393E-003  0.91529249E+000  0.45496706E+001  0.88222023E+001  0.15864310E+002  0.21719910E+002
 -0.93137339E+000 -0.83203104E+000 -0.54959712E+000 -0.18473216E+000 -0.52215901E-002  0.96453355E-003  0.91525595E+000  0.45495635E+001  0.88220626E+001  0.15864091E+002  0.21719631E+002
 -0.93137496E+000 -0.83203316E+000 -0.54960193E+000 -0.18473457E+000 -0.52215967E-002  0.96452421E-003  0.91521969E+000  0.45494574E+001  0.88219248E+001  0.15863877E+002  0.21719362E+002
 -0.93137642E+000 -0.83203511E+000 -0.54960635E+000 -0.18473667E+000 -0.52215999E-002  0.96451608E-003  0.91518395E+000  0.45493530E+001  0.88217898E+001  0.15863668E+002  0.21719103E+002
 -0.93137777E+000 -0.83203690E+000 -0.54961039E+000 -0.18473846E+000 -0.52215997E-002  0.96450927E-003  0.91514891E+000  0.45492508E+001  0.88216584E+001  0.15863466E+002  0.21718856E+002
 -0.93137900E+000 -0.83203851E+000 -0.54961402E+000 -0.18473992E+000 -0.52215959E-002  0.96450386E-003  0.91511474E+000  0.45491514E+001  0.88215312E+001  0.15863272E+002  0.21718619E+002
 -0.93138012E+000 -0.83203994E+000 -0.54961724E+000 -0.18474106E+000 -0.52215887E-002  0.96449992E-003  0.91508153E+000  0.45490551E+001  0.88214086E+001  0.15863086E+002  0.21718394E+002
 -0.93138112E+000 -0.83204119E+000 -0.54962006E+000 -0.18474188E+000 -0.52215782E-002  0.96449747E-003  0.91504939E+000  0.45489622E+001  0.88212907E+001  0.15862908E+002  0.21718180E+002
 -0.93138200E+000 -0.83204226E+000 -0.54962248E+000 -0.18474237E+000 -0.52215644E-002  0.96449653E-003  0.91501836E+000  0.45488728E+001  0.88211779E+001  0.15862738E+002  0.21717977E+002
 -0.93138277E+000 -0.83204316E+000 -0.54962451E+000 -0.18474256E+000 -0.52215476E-002  0.96449707E-003  0.91498848E+000  0.45487871E+001  0.88210702E+001  0.15862577E+002  0.21717786E+002
 -0.93138343E+000 -0.83204389E+000 -0.54962617E+000 -0.18474245E+000 -0.52215278E-002  0.96449907E-003  0.91495977E+000  0.45487050E+001  0.88209675E+001  0.15862425E+002  0.21717604E+002
 -0.93138398E+000 -0.83204445E+000 -0.54962747E+000 -0.18474205E+000 -0.52215053E-002  0.96450249E-003  0.91493221E+000  0.45486266E+001  0.88208699E+001  0.15862281E+002  0.21717433E+002
 -0.93138444E+000 -0.83204486E+000 -0.54962842E+000 -0.18474138E+000 -0.52214803E-002  0.96450725E-003  0.91490579E+000  0.45485518E+001  0.88207772E+001  0.15862144E+002  0.21717272E+002
 -0.93138480E+000 -0.83204512E+000 -0.54962906E+000 -0.18474045E+000 -0.52214530E-002  0.96451330E-003  0.91488048E+000  0.45484805E+001  0.88206892E+001  0.15862016E+002  0.21717120E+002
 -0.93138507E+000 -0.83204524E+000 -0.54962939E+000 -0.18473929E+000 -0.52214235E-002  0.96452057E-003  0.91485625E+000  0.45484125E+001  0.88206058E+001  0.15861895E+002  0.21716977E+002
 -0.93138525E+000 -0.83204523E+000 -0.54962943E+000 -0.18473791E+000 -0.52213922E-002  0.96452898E-003  0.91483305E+000  0.45483479E+001  0.88205268E+001  0.15861781E+002  0.21716842E+002
 -0.93138536E+000 -0.83204509E+000 -0.54962922E+000 -0.18473632E+000 -0.52213591E-002  0.96453844E-003  0.91481084E+000  0.45482863E+001  0.88204519E+001  0.15861674E+002  0.21716714E+002
 -0.93138540E+000 -0.83204485E+000 -0.54962876E+000 -0.18473455E+000 -0.52213245E-002  0.96454888E-003  0.91478957E+000  0.45482277E+001  0.88203809E+001  0.15861573E+002  0.21716594E+002
 -0.93138537E+000 -0.83204450E+000 -0.54962808E+000 -0.18473261E+000 -0.52212886E-002  0.96456022E-003  0.91476919E+000  0.45481719E+001  0.88203136E+001  0.15861478E+002  0.21716481E+002
 -0.93138527E+000 -0.83204406E+000 -0.54962720E+000 -0.18473052E+000 -0.52212516E-002  0.96457238E-003  0.91474966E+000  0.45481188E+001  0.88202498E+001  0.15861389E+002  0.21716375E+002
 -0.93138513E+000 -0.83204354E+000 -0.54962614E+000 -0.18472829E+000 -0.52212136E-002  0.96458528E-003  0.91473092E+000  0.45480681E+001  0.88201893E+001  0.15861305E+002  0.21716274E+002
 -0.93138493E+000 -0.83204294E+000 -0.54962492E+000 -0.18472595E+000 -0.52211748E-002  0.96459885E-003  0.91471294E+000  0.45480198E+001  0.88201319E+001  0.15861225E+002  0.21716179E+002
 -0.93138469E+000 -0.83204228E+000 -0.54962356E+000 -0.18472351E+000 -0.52211354E-002  0.96461301E-003  0.91469567E+000  0.45479737E+001  0.88200772E+001  0.15861150E+002  0.21716089E+002
 -0.93138442E+000 -0.83204155E+000 -0.54962206E+000 -0.18472098E+000 -0.52210956E-002  0.96462769E-003  0.91467907E+000  0.45479296E+001  0.88200253E+001  0.15861079E+002  0.21716004E+002
 -0.93138410E+000 -0.83204078E+000 -0.54962046E+000 -0.18471838E+000 -0.52210554E-002  0.96464284E-003  0.91466311E+000  0.45478875E+001  0.88199758E+001  0.15861012E+002  0.21715923E+002
 -0.93138376E+000 -0.83203996E+000 -0.54961877E+000 -0.18471572E+000 -0.52210151E-002  0.96465839E-003  0.91464774E+000  0.45478472E+001  0.88199287E+001  0.15860949E+002  0.21715846E+002
 -0.93138339E+000 -0.83203911E+000 -0.54961699E+000 -0.18471302E+000 -0.52209747E-002  0.96467428E-003  0.91463295E+000  0.45478086E+001  0.88198837E+001  0.15860889E+002  0.21715774E+002
 -0.93138300E+000 -0.83203823E+000 -0.54961515E+000 -0.18471027E+000 -0.52209343E-002  0.96469046E-003  0.91461869E+000  0.45477715E+001  0.88198408E+001  0.15860832E+002  0.21715704E+002
 -0.93138259E+000 -0.83203732E+000 -0.54961325E+000 -0.18470751E+000 -0.52208941E-002  0.96470688E-003  0.91460494E+000  0.45477360E+001  0.88197997E+001  0.15860778E+002  0.21715638E+002
 -0.93138217E+000 -0.83203639E+000 -0.54961131E+000 -0.18470473E+000 -0.52208542E-002  0.96472349E-003  0.91459168E+000  0.45477019E+001  0.88197605E+001  0.15860727E+002  0.21715576E+002
 -0.93138174E+000 -0.83203546E+000 -0.54960934E+000 -0.18470194E+000 -0.52208146E-002  0.96474026E-003  0.91457889E+000  0.45476692E+001  0.88197229E+001  0.15860678E+002  0.21715516E+002
 -0.93138129E+000 -0.83203451E+000 -0.54960735E+000 -0.18469917E+000 -0.52207754E-002  0.96475713E-003  0.91456655E+000  0.45476377E+001  0.88196869E+001  0.15860631E+002  0.21715458E+002
 -0.93138084E+000 -0.83203356E+000 -0.54960535E+000 -0.18469640E+000 -0.52207367E-002  0.96477407E-003  0.91455464E+000  0.45476074E+001  0.88196524E+001  0.15860587E+002  0.21715404E+002
 -0.93138039E+000 -0.83203261E+000 -0.54960334E+000 -0.18469365E+000 -0.52206986E-002  0.96479104E-003  0.91454315E+000  0.45475783E+001  0.88196193E+001  0.15860545E+002  0.21715351E+002
 -0.93137994E+000 -0.83203167E+000 -0.54960134E+000 -0.18469093E+000 -0.52206611E-002  0.96480803E-003  0.91453206E+000  0.45475502E+001  0.88195875E+001  0.15860504E+002  0.21715301E+002
 -0.93137949E+000 -0.83203073E+000 -0.54959935E+000 -0.18468825E+000 -0.52206242E-002  0.96482498E-003  0.91452137E+000  0.45475232E+001  0.88195570E+001  0.15860466E+002  0.21715253E+002
 -0.93137904E+000 -0.83202981E+000 -0.54959738E+000 -0.18468560E+000 -0.52205881E-002  0.96484189E-003  0.91451105E+000  0.45474972E+001  0.88195277E+001  0.15860429E+002  0.21715207E+002
 -0.93137860E+000 -0.83202889E+000 -0.54959543E+000 -0.18468300E+000 -0.52205528E-002  0.96485871E-003  0.91450110E+000  0.45474721E+001  0.88194996E+001  0.15860394E+002  0.21715162E+002
 -0.93137816E+000 -0.83202800E+000 -0.54959351E+000 -0.18468044E+000 -0.52205182E-002  0.96487544E-003  0.91449152E+000  0.45474480E+001  0.88194726E+001  0.15860360E+002  0.21715120E+002
 -0.93137773E+000 -0.83202712E+000 -0.54959163E+000 -0.18467794E+000 -0.52204845E-002  0.96489204E-003  0.91448230E+000  0.45474247E+001  0.88194466E+001  0.15860328E+002  0.21715079E+002
 -0.93137731E+000 -0.83202626E+000 -0.54958978E+000 -0.18467549E+000 -0.52204516E-002  0.96490850E-003  0.91447342E+000  0.45474024E+001  0.88194217E+001  0.15860298E+002  0.21715039E+002
 -0.93137690E+000 -0.83202542E+000 -0.54958797E+000 -0.18467310E+000 -0.52204195E-002  0.96492479E-003  0.91446488E+000  0.45473808E+001  0.88193978E+001  0.15860269E+002  0.21715002E+002
 -0.93137650E+000 -0.83202460E+000 -0.54958621E+000 -0.18467078E+000 -0.52203884E-002  0.96494091E-003  0.91445668E+000  0.45473600E+001  0.88193749E+001  0.15860241E+002  0.21714965E+002
 -0.93137611E+000 -0.83202381E+000 -0.54958449E+000 -0.18466851E+000 -0.52203581E-002  0.96495682E-003  0.91444882E+000  0.45473401E+001  0.88193529E+001  0.15860214E+002  0.21714930E+002
 -0.93137573E+000 -0.83202304E+000 -0.54958282E+000 -0.18466632E+000 -0.52203287E-002  0.96497253E-003  0.91444128E+000  0.45473209E+001  0.88193318E+001  0.15860189E+002  0.21714897E+002
 -0.93137536E+000 -0.83202230E+000 -0.54958119E+000 -0.18466418E+000 -0.52203003E-002  0.96498801E-003  0.91443406E+000  0.45473024E+001  0.88193116E+001  0.15860165E+002  0.21714864E+002
 -0.93137501E+000 -0.83202158E+000 -0.54957962E+000 -0.18466212E+000 -0.52202727E-002  0.96500325E-003  0.91442715E+000  0.45472847E+001  0.88192923E+001  0.15860142E+002  0.21714833E+002
 -0.93137467E+000 -0.83202088E+000 -0.54957810E+000 -0.18466012E+000 -0.52202460E-002  0.96501824E-003  0.91442056E+000  0.45472677E+001  0.88192739E+001  0.15860120E+002  0.21714803E+002
 -0.93137434E+000 -0.83202022E+000 -0.54957663E+000 -0.18465819E+000 -0.52202203E-002  0.96503297E-003  0.91441428E+000  0.45472513E+001  0.88192563E+001  0.15860100E+002  0.21714774E+002
 -0.93137402E+000 -0.83201958E+000 -0.54957522E+000 -0.18465633E+000 -0.52201954E-002  0.96504743E-003  0.91440830E+000  0.45472357E+001  0.88192394E+001  0.15860081E+002  0.21714746E+002
 -0.93137372E+000 -0.83201896E+000 -0.54957386E+000 -0.18465454E+000 -0.52201714E-002  0.96506160E-003  0.91440262E+000  0.45472207E+001  0.88192234E+001  0.15860063E+002  0.21714720E+002
 -0.93137343E+000 -0.83201837E+000 -0.54957255E+000 -0.18465282E+000 -0.52201484E-002  0.96507549E-003  0.91439723E+000  0.45472064E+001  0.88192082E+001  0.15860045E+002  0.21714694E+002
 -0.93137315E+000 -0.83201781E+000 -0.54957129E+000 -0.18465116E+000 -0.52201261E-002  0.96508907E-003  0.91439213E+000  0.45471927E+001  0.88191937E+001  0.15860029E+002  0.21714670E+002
 -0.93137289E+000 -0.83201727E+000 -0.54957009E+000 -0.18464957E+000 -0.52201047E-002  0.96510236E-003  0.91438732E+000  0.45471796E+001  0.88191800E+001  0.15860014E+002  0.21714646E+002
 -0.93137264E+000 -0.83201675E+000 -0.54956893E+000 -0.18464805E+000 -0.52200842E-002  0.96511533E-003  0.91438278E+000  0.45471671E+001  0.88191670E+001  0.15860001E+002  0.21714623E+002
 -0.93137240E+000 -0.83201626E+000 -0.54956783E+000 -0.18464659E+000 -0.52200645E-002  0.96512798E-003  0.91437852E+000  0.45471552E+001  0.88191548E+001  0.15859988E+002  0.21714601E+002
 -0.93137217E+000 -0.83201580E+000 -0.54956677E+000 -0.18464519E+000 -0.52200456E-002  0.96514031E-003  0.91437453E+000  0.45471439E+001  0.88191432E+001  0.15859976E+002  0.21714581E+002
 -0.93137195E+000 -0.83201535E+000 -0.54956577E+000 -0.18464386E+000 -0.52200275E-002  0.96515231E-003  0.91437080E+000  0.45471332E+001  0.88191323E+001  0.15859965E+002  0.21714561E+002
 -0.93137175E+000 -0.83201493E+000 -0.54956481E+000 -0.18464258E+000 -0.52200102E-002  0.96516399E-003  0.91436732E+000  0.45471230E+001  0.88191221E+001  0.15859955E+002  0.21714541E+002
 -0.93137155E+000 -0.83201453E+000 -0.54956389E+000 -0.18464137E+000 -0.52199936E-002  0.96517534E-003  0.91436410E+000  0.45471133E+001  0.88191125E+001  0.15859946E+002  0.21714523E+002
 -0.93137137E+000 -0.83201415E+000 -0.54956302E+000 -0.18464021E+000 -0.52199777E-002  0.96518635E-003  0.91436112E+000  0.45471041E+001  0.88191036E+001  0.15859938E+002  0.21714506E+002
 -0.93137119E+000 -0.83201379E+000 -0.54956220E+000 -0.18463911E+000 -0.52199626E-002  0.96519703E-003  0.91435838E+000  0.45470955E+001  0.88190953E+001  0.15859931E+002  0.21714489E+002
 -0.93137102E+000 -0.83201345E+000 -0.54956141E+000 -0.18463806E+000 -0.52199482E-002  0.96520738E-003  0.91435587E+000  0.45470873E+001  0.88190875E+001  0.15859925E+002  0.21714473E+002
 -0.93137087E+000 -0.83201312E+000 -0.54956066E+000 -0.18463707E+000 -0.52199344E-002  0.96521739E-003  0.91435358E+000  0.45470797E+001  0.88190804E+001  0.15859919E+002  0.21714458E+002
 -0.93137072E+000 -0.83201282E+000 -0.54955996E+000 -0.18463612E+000 -0.52199213E-002  0.96522707E-003  0.91435152E+000  0.45470724E+001  0.88190739E+001  0.15859915E+002  0.21714443E+002
 -0.93137058E+000 -0.83201253E+000 -0.54955929E+000 -0.18463522E+000 -0.52199088E-002  0.96523642E-003  0.91434967E+000  0.45470657E+001  0.88190678E+001  0.15859911E+002  0.21714429E+002
 -0.93137045E+000 -0.83201226E+000 -0.54955865E+000 -0.18463437E+000 -0.52198969E-002  0.96524544E-003  0.91434802E+000  0.45470593E+001  0.88190624E+001  0.15859908E+002  0.21714416E+002
 -0.93137032E+000 -0.83201200E+000 -0.54955805E+000 -0.18463356E+000 -0.52198856E-002  0.96525414E-003  0.91434657E+000  0.45470534E+001  0.88190574E+001  0.15859906E+002  0.21714403E+002
 -0.93137021E+000 -0.83201176E+000 -0.54955748E+000 -0.18463280E+000 -0.52198749E-002  0.96526251E-003  0.91434531E+000  0.45470479E+001  0.88190529E+001  0.15859904E+002  0.21714391E+002
 -0.93137010E+000 -0.83201153E+000 -0.54955695E+000 -0.18463208E+000 -0.52198647E-002  0.96527057E-003  0.91434423E+000  0.45470428E+001  0.88190489E+001  0.15859904E+002  0.21714380E+002
 -0.93136999E+000 -0.83201131E+000 -0.54955644E+000 -0.18463139E+000 -0.52198550E-002  0.96527831E-003  0.91434334E+000  0.45470380E+001  0.88190453E+001  0.15859904E+002  0.21714369E+002
 -0.93136990E+000 -0.83201111E+000 -0.54955596E+000 -0.18463075E+000 -0.52198459E-002  0.96528574E-003  0.91434261E+000  0.45470336E+001  0.88190422E+001  0.15859905E+002  0.21714359E+002
 -0.93136980E+000 -0.83201092E+000 -0.54955551E+000 -0.18463014E+000 -0.52198372E-002  0.96529287E-003  0.91434204E+000  0.45470296E+001  0.88190396E+001  0.15859906E+002  0.21714349E+002
 -0.93136972E+000 -0.83201074E+000 -0.54955509E+000 -0.18462956E+000 -0.52198290E-002  0.96529970E-003  0.91434163E+000  0.45470258E+001  0.88190373E+001  0.15859908E+002  0.21714340E+002
 -0.93136964E+000 -0.83201057E+000 -0.54955468E+000 -0.18462902E+000 -0.52198212E-002  0.96530624E-003  0.91434137E+000  0.45470224E+001  0.88190354E+001  0.15859910E+002  0.21714331E+002
 -0.93136956E+000 -0.83201041E+000 -0.54955431E+000 -0.18462851E+000 -0.52198139E-002  0.96531250E-003  0.91434125E+000  0.45470193E+001  0.88190338E+001  0.15859913E+002  0.21714323E+002
 -0.93136949E+000 -0.83201026E+000 -0.54955395E+000 -0.18462802E+000 -0.52198069E-002  0.96531848E-003  0.91434126E+000  0.45470165E+001  0.88190326E+001  0.15859917E+002  0.21714315E+002
 -0.93136942E+000 -0.83201012E+000 -0.54955362E+000 -0.18462757E+000 -0.52198004E-002  0.96532418E-003  0.91434139E+000  0.45470139E+001  0.88190318E+001  0.15859921E+002  0.21714308E+002
 -0.93136936E+000 -0.83200999E+000 -0.54955330E+000 -0.18462714E+000 -0.52197942E-002  0.96532963E-003  0.91434165E+000  0.45470116E+001  0.88190312E+001  0.15859926E+002  0.21714300E+002
 -0.93136930E+000 -0.83200987E+000 -0.54955301E+000 -0.18462674E+000 -0.52197884E-002  0.96533481E-003  0.91434203E+000  0.45470096E+001  0.88190310E+001  0.15859931E+002  0.21714294E+002
 -0.93136924E+000 -0.83200975E+000 -0.54955273E+000 -0.18462636E+000 -0.52197829E-002  0.96533975E-003  0.91434251E+000  0.45470078E+001  0.88190310E+001  0.15859936E+002  0.21714288E+002
 -0.93136919E+000 -0.83200964E+000 -0.54955247E+000 -0.18462600E+000 -0.52197777E-002  0.96534445E-003  0.91434309E+000  0.45470062E+001  0.88190313E+001  0.15859942E+002  0.21714282E+002
 -0.93136914E+000 -0.83200954E+000 -0.54955222E+000 -0.18462567E+000 -0.52197728E-002  0.96534892E-003  0.91434376E+000  0.45470048E+001  0.88190318E+001  0.15859948E+002  0.21714276E+002
 -0.93136909E+000 -0.83200944E+000 -0.54955199E+000 -0.18462535E+000 -0.52197682E-002  0.96535316E-003  0.91434453E+000  0.45470036E+001  0.88190326E+001  0.15859955E+002  0.21714271E+002
 -0.93136905E+000 -0.83200935E+000 -0.54955177E+000 -0.18462506E+000 -0.52197639E-002  0.96535718E-003  0.91434537E+000  0.45470027E+001  0.88190336E+001  0.15859962E+002  0.21714266E+002
 -0.93136901E+000 -0.83200927E+000 -0.54955157E+000 -0.18462478E+000 -0.52197598E-002  0.96536100E-003  0.91434629E+000  0.45470018E+001  0.88190348E+001  0.15859969E+002  0.21714261E+002
 -0.93136897E+000 -0.83200919E+000 -0.54955138E+000 -0.18462452E+000 -0.52197560E-002  0.96536461E-003  0.91434728E+000  0.45470012E+001  0.88190362E+001  0.15859976E+002  0.21714257E+002
 -0.93136894E+000 -0.83200912E+000 -0.54955120E+000 -0.18462428E+000 -0.52197524E-002  0.96536803E-003  0.91434833E+000  0.45470007E+001  0.88190377E+001  0.15859984E+002  0.21714252E+002
 -0.93136890E+000 -0.83200905E+000 -0.54955103E+000 -0.18462405E+000 -0.52197490E-002  0.96537126E-003  0.91434944E+000  0.45470003E+001  0.88190394E+001  0.15859992E+002  0.21714248E+002
 -0.93136887E+000 -0.83200898E+000 -0.54955088E+000 -0.18462384E+000 -0.52197459E-002  0.96537432E-003  0.91435061E+000  0.45470001E+001  0.88190413E+001  0.15860000E+002  0.21714245E+002
 -0.93136884E+000 -0.83200892E+000 -0.54955073E+000 -0.18462364E+000 -0.52197429E-002  0.96537721E-003  0.91435182E+000  0.45470000E+001  0.88190432E+001  0.15860008E+002  0.21714241E+002
 -0.93136882E+000 -0.83200887E+000 -0.54955059E+000 -0.18462345E+000 -0.52197401E-002  0.96537993E-003  0.91435308E+000  0.45470001E+001  0.88190453E+001  0.15860016E+002  0.21714238E+002
 -0.93136879E+000 -0.83200881E+000 -0.54955046E+000 -0.18462327E+000 -0.52197375E-002  0.96538250E-003  0.91435437E+000  0.45470002E+001  0.88190476E+001  0.15860025E+002  0.21714235E+002
 -0.93136877E+000 -0.83200876E+000 -0.54955034E+000 -0.18462311E+000 -0.52197351E-002  0.96538492E-003  0.91435570E+000  0.45470004E+001  0.88190499E+001  0.15860033E+002  0.21714232E+002
 -0.93136874E+000 -0.83200872E+000 -0.54955023E+000 -0.18462295E+000 -0.52197328E-002  0.96538720E-003  0.91435706E+000  0.45470007E+001  0.88190523E+001  0.15860042E+002  0.21714229E+002
 -0.93136872E+000 -0.83200867E+000 -0.54955013E+000 -0.18462281E+000 -0.52197306E-002  0.96538934E-003  0.91435844E+000  0.45470011E+001  0.88190547E+001  0.15860051E+002  0.21714227E+002
 -0.93136870E+000 -0.83200863E+000 -0.54955003E+000 -0.18462267E+000 -0.52197286E-002  0.96539136E-003  0.91435985E+000  0.45470016E+001  0.88190573E+001  0.15860060E+002  0.21714224E+002
 -0.93136868E+000 -0.83200859E+000 -0.54954994E+000 -0.18462255E+000 -0.52197267E-002  0.96539325E-003  0.91436127E+000  0.45470022E+001  0.88190599E+001  0.15860069E+002  0.21714222E+002
 -0.93136867E+000 -0.83200856E+000 -0.54954985E+000 -0.18462243E+000 -0.52197250E-002  0.96539503E-003  0.91436271E+000  0.45470028E+001  0.88190625E+001  0.15860077E+002  0.21714220E+002
 -0.93136865E+000 -0.83200853E+000 -0.54954977E+000 -0.18462232E+000 -0.52197234E-002  0.96539670E-003  0.91436415E+000  0.45470035E+001  0.88190652E+001  0.15860086E+002  0.21714218E+002
 -0.93136864E+000 -0.83200850E+000 -0.54954970E+000 -0.18462222E+000 -0.52197219E-002  0.96539826E-003  0.91436560E+000  0.45470042E+001  0.88190679E+001  0.15860095E+002  0.21714216E+002
 -0.93136863E+000 -0.83200847E+000 -0.54954964E+000 -0.18462213E+000 -0.52197205E-002  0.96539972E-003  0.91436705E+000  0.45470050E+001  0.88190707E+001  0.15860104E+002  0.21714214E+002
 -0.93136861E+000 -0.83200845E+000 -0.54954958E+000 -0.18462204E+000 -0.52197192E-002  0.96540108E-003  0.91436850E+000  0.45470058E+001  0.88190734E+001  0.15860113E+002  0.21714212E+002
 -0.93136861E+000 -0.83200843E+000 -0.54954953E+000 -0.18462197E+000 -0.52197181E-002  0.96540233E-003  0.91436994E+000  0.45470066E+001  0.88190762E+001  0.15860121E+002  0.21714211E+002
 -0.93136860E+000 -0.83200841E+000 -0.54954949E+000 -0.18462191E+000 -0.52197172E-002  0.96540346E-003  0.91437136E+000  0.45470075E+001  0.88190790E+001  0.15860130E+002  0.21714209E+002
 -0.93136859E+000 -0.83200839E+000 -0.54954944E+000 -0.18462185E+000 -0.52197165E-002  0.96540449E-003  0.91437278E+000  0.45470084E+001  0.88190818E+001  0.15860139E+002  0.21714208E+002
