  0.15459346E+000  0.19723044E+000  0.37632647E+000  0.56777442E+000  0.91300451E+000  0.10476878E+001  0.15074598E+001  0.30288439E+001  0.49419074E+001  0.71533058E+001  0.11217430E+002
  0.15535217E+000  0.19819287E+000  0.37969193E+000  0.57360178E+000  0.91305431E+000  0.10478312E+001  0.15284993E+001  0.30814813E+001  0.49447441E+001  0.73571082E+001  0.11410206E+002
  0.15572429E+000  0.19989649E+000  0.38305156E+000  0.57751709E+000  0.91305844E+000  0.10479679E+001  0.15345154E+001  0.31341140E+001  0.49638717E+001  0.75513365E+001  0.11757205E+002
  0.15554775E+000  0.20080826E+000  0.38637642E+000  0.58321748E+000  0.91305802E+000  0.10480793E+001  0.15415728E+001  0.31963017E+001  0.49744715E+001  0.77204763E+001  0.12070301E+002
  0.15557652E+000  0.20151518E+000  0.38728450E+000  0.58740635E+000  0.91328100E+000  0.10517977E+001  0.15478036E+001  0.32508611E+001  0.49882708E+001  0.78960190E+001  0.12336918E+002
  0.15564271E+000  0.20211576E+000  0.38951867E+000  0.58909809E+000  0.91328927E+000  0.10519817E+001  0.15513503E+001  0.32972067E+001  0.49901290E+001  0.80230075E+001  0.12563291E+002
  0.15583032E+000  0.20226789E+000  0.39108872E+000  0.59092087E+000  0.91328440E+000  0.10520227E+001  0.15545290E+001  0.33366370E+001  0.49920162E+001  0.81475366E+001  0.12755941E+002
  0.15642930E+000  0.20267176E+000  0.39306643E+000  0.59358464E+000  0.91329433E+000  0.10522453E+001  0.15554426E+001  0.33701463E+001  0.49940147E+001  0.82423083E+001  0.12919682E+002
  0.15650947E+000  0.20284044E+000  0.39418889E+000  0.59431088E+000  0.91329924E+000  0.10523320E+001  0.15561355E+001  0.33986142E+001  0.49955853E+001  0.82640388E+001  0.13058821E+002
  0.15681043E+000  0.20343515E+000  0.39603132E+000  0.59480790E+000  0.91329320E+000  0.10523796E+001  0.15579102E+001  0.34222952E+001  0.49968274E+001  0.82978187E+001  0.13177089E+002
  0.15710551E+000  0.20357080E+000  0.39729207E+000  0.59567877E+000  0.91330531E+000  0.10524874E+001  0.15581774E+001  0.34307874E+001  0.49977421E+001  0.83461952E+001  0.13255216E+002
  0.15741740E+000  0.20378550E+000  0.39786901E+000  0.59616497E+000  0.91355567E+000  0.10525257E+001  0.15593945E+001  0.34402152E+001  0.49985369E+001  0.83911244E+001  0.13340535E+002
  0.15748181E+000  0.20446703E+000  0.39811845E+000  0.59668469E+000  0.91353644E+000  0.10525270E+001  0.15599760E+001  0.34433998E+001  0.49996819E+001  0.84295387E+001  0.13308645E+002
  0.15750327E+000  0.20458067E+000  0.39829042E+000  0.59731477E+000  0.91344329E+000  0.10525539E+001  0.15602575E+001  0.34494651E+001  0.50013595E+001  0.84617550E+001  0.13299487E+002
  0.15765642E+000  0.20477808E+000  0.39843007E+000  0.59819067E+000  0.91344598E+000  0.10526548E+001  0.15604930E+001  0.34523575E+001  0.50020866E+001  0.84894756E+001  0.13351586E+002
  0.15777353E+000  0.20478332E+000  0.39857777E+000  0.59855692E+000  0.91350725E+000  0.10526619E+001  0.15609666E+001  0.34522276E+001  0.50028985E+001  0.85136603E+001  0.13395682E+002
  0.15778118E+000  0.20480031E+000  0.39865394E+000  0.59876864E+000  0.91354499E+000  0.10526690E+001  0.15613126E+001  0.34521139E+001  0.50064616E+001  0.85290098E+001  0.13433215E+002
  0.15775804E+000  0.20484011E+000  0.39877722E+000  0.59905154E+000  0.91353832E+000  0.10526939E+001  0.15614988E+001  0.34522110E+001  0.50169984E+001  0.85412709E+001  0.13464974E+002
  0.15773863E+000  0.20486846E+000  0.39883671E+000  0.59925333E+000  0.91355233E+000  0.10526972E+001  0.15616741E+001  0.34522927E+001  0.50216792E+001  0.85511443E+001  0.13491810E+002
  0.15772082E+000  0.20486674E+000  0.39891968E+000  0.59953390E+000  0.91349463E+000  0.10527251E+001  0.15616529E+001  0.34533547E+001  0.50238060E+001  0.85590957E+001  0.13514436E+002
  0.15770570E+000  0.20488673E+000  0.39896829E+000  0.59997004E+000  0.91348852E+000  0.10527745E+001  0.15616720E+001  0.34544619E+001  0.50246379E+001  0.85656888E+001  0.13533471E+002
  0.15769291E+000  0.20488588E+000  0.39902361E+000  0.60009831E+000  0.91356228E+000  0.10527947E+001  0.15616818E+001  0.34553219E+001  0.50247878E+001  0.85711354E+001  0.13549436E+002
  0.15767882E+000  0.20490861E+000  0.39905836E+000  0.60052345E+000  0.91356787E+000  0.10527911E+001  0.15621428E+001  0.34556572E+001  0.50249395E+001  0.85751521E+001  0.13562781E+002
  0.15766078E+000  0.20494846E+000  0.39909373E+000  0.60050466E+000  0.91357131E+000  0.10527645E+001  0.15621332E+001  0.34557485E+001  0.50250768E+001  0.85784919E+001  0.13573890E+002
  0.15766212E+000  0.20496185E+000  0.39911068E+000  0.60068780E+000  0.91353683E+000  0.10527905E+001  0.15622163E+001  0.34561759E+001  0.50251620E+001  0.85823276E+001  0.13583093E+002
  0.15765144E+000  0.20494957E+000  0.39914374E+000  0.60046568E+000  0.91356280E+000  0.10528217E+001  0.15626057E+001  0.34564966E+001  0.50253060E+001  0.85860191E+001  0.13590674E+002
  0.15763167E+000  0.20495849E+000  0.39915754E+000  0.60067119E+000  0.91355105E+000  0.10528225E+001  0.15630822E+001  0.34567538E+001  0.50253800E+001  0.85892991E+001  0.13596877E+002
  0.15761298E+000  0.20494317E+000  0.39916841E+000  0.60084564E+000  0.91356844E+000  0.10528289E+001  0.15628728E+001  0.34570815E+001  0.50255042E+001  0.85919657E+001  0.13601913E+002
  0.15763009E+000  0.20496384E+000  0.39918385E+000  0.60099075E+000  0.91355514E+000  0.10528237E+001  0.15628229E+001  0.34572689E+001  0.50257105E+001  0.85941134E+001  0.13605963E+002
  0.15761136E+000  0.20493849E+000  0.39918175E+000  0.60104616E+000  0.91356864E+000  0.10528240E+001  0.15627885E+001  0.34573913E+001  0.50255779E+001  0.85958238E+001  0.13609183E+002
  0.15761056E+000  0.20493892E+000  0.39918503E+000  0.60112027E+000  0.91355898E+000  0.10528347E+001  0.15627528E+001  0.34574833E+001  0.50256087E+001  0.85962133E+001  0.13611711E+002
  0.15760980E+000  0.20494316E+000  0.39919514E+000  0.60111978E+000  0.91355997E+000  0.10528346E+001  0.15627161E+001  0.34575509E+001  0.50256338E+001  0.85964762E+001  0.13613654E+002
  0.15760906E+000  0.20496717E+000  0.39920255E+000  0.60116465E+000  0.91356046E+000  0.10528246E+001  0.15626928E+001  0.34576245E+001  0.50256541E+001  0.85967227E+001  0.13615121E+002
  0.15760835E+000  0.20496480E+000  0.39920795E+000  0.60119843E+000  0.91356053E+000  0.10528247E+001  0.15624704E+001  0.34577086E+001  0.50256707E+001  0.85969671E+001  0.13616193E+002
  0.15760766E+000  0.20496000E+000  0.39920633E+000  0.60122274E+000  0.91356024E+000  0.10528248E+001  0.15624878E+001  0.34577642E+001  0.50256841E+001  0.85971321E+001  0.13616942E+002
  0.15760699E+000  0.20493927E+000  0.39920933E+000  0.60121074E+000  0.91355966E+000  0.10528248E+001  0.15624984E+001  0.34576915E+001  0.50256951E+001  0.85973037E+001  0.13617431E+002
  0.15760633E+000  0.20493884E+000  0.39921073E+000  0.60121683E+000  0.91355883E+000  0.10528248E+001  0.15625036E+001  0.34576944E+001  0.50257042E+001  0.85974717E+001  0.13617712E+002
  0.15760569E+000  0.20493836E+000  0.39919663E+000  0.60121880E+000  0.91355780E+000  0.10528248E+001  0.15625044E+001  0.34576890E+001  0.50257118E+001  0.85975908E+001  0.13617827E+002
  0.15760505E+000  0.20493785E+000  0.39919528E+000  0.60121734E+000  0.91355662E+000  0.10528247E+001  0.15625019E+001  0.34576773E+001  0.50257183E+001  0.85976719E+001  0.13617813E+002
  0.15760443E+000  0.20493731E+000  0.39920792E+000  0.60121308E+000  0.91355530E+000  0.10528247E+001  0.15624967E+001  0.34576608E+001  0.50257240E+001  0.85979477E+001  0.13617699E+002
  0.15760382E+000  0.20493677E+000  0.39920534E+000  0.60120653E+000  0.91355389E+000  0.10528246E+001  0.15624897E+001  0.34576406E+001  0.50257291E+001  0.85981921E+001  0.13617511E+002
  0.15760321E+000  0.20496588E+000  0.39920221E+000  0.60119816E+000  0.91355240E+000  0.10528246E+001  0.15624812E+001  0.34576179E+001  0.50257339E+001  0.85991310E+001  0.13617267E+002
  0.15760261E+000  0.20495958E+000  0.39919867E+000  0.60120512E+000  0.91355085E+000  0.10528245E+001  0.15624717E+001  0.34575935E+001  0.50257385E+001  0.85991856E+001  0.13616984E+002
  0.15760202E+000  0.20496664E+000  0.39919482E+000  0.60119118E+000  0.91354927E+000  0.10528245E+001  0.15623443E+001  0.34575680E+001  0.50257430E+001  0.85992323E+001  0.13616673E+002
  0.15760144E+000  0.20496195E+000  0.39919902E+000  0.60117671E+000  0.91354766E+000  0.10528244E+001  0.15623207E+001  0.34575984E+001  0.50257475E+001  0.85992761E+001  0.13616344E+002
  0.15760086E+000  0.20495710E+000  0.39919574E+000  0.60116198E+000  0.91354604E+000  0.10528395E+001  0.15622986E+001  0.34575607E+001  0.50257521E+001  0.85993212E+001  0.13616005E+002
  0.15760029E+000  0.20495218E+000  0.39919249E+000  0.60114718E+000  0.91354441E+000  0.10528317E+001  0.15622781E+001  0.34575239E+001  0.50257568E+001  0.85991861E+001  0.13615661E+002
  0.15759973E+000  0.20494725E+000  0.39918922E+000  0.60113248E+000  0.91354279E+000  0.10528341E+001  0.15622592E+001  0.34574885E+001  0.50257617E+001  0.85990188E+001  0.13615316E+002
  0.15759917E+000  0.20496081E+000  0.39918595E+000  0.60111799E+000  0.91354118E+000  0.10528257E+001  0.15622419E+001  0.34574547E+001  0.50257668E+001  0.85988532E+001  0.13614974E+002
  0.15759863E+000  0.20495447E+000  0.39918930E+000  0.60110379E+000  0.91353958E+000  0.10528314E+001  0.15622260E+001  0.34574245E+001  0.50257721E+001  0.85986905E+001  0.13614637E+002
  0.15759809E+000  0.20494825E+000  0.39918440E+000  0.60108995E+000  0.91353801E+000  0.10528241E+001  0.15622116E+001  0.34574001E+001  0.50257776E+001  0.85985316E+001  0.13614305E+002
  0.15759757E+000  0.20494217E+000  0.39917956E+000  0.60107651E+000  0.91353646E+000  0.10528385E+001  0.15621986E+001  0.34573755E+001  0.50257833E+001  0.85983771E+001  0.13613981E+002
  0.15759706E+000  0.20493625E+000  0.39917480E+000  0.60106350E+000  0.91353494E+000  0.10528360E+001  0.15621868E+001  0.34573506E+001  0.50257892E+001  0.85982274E+001  0.13613665E+002
  0.15759656E+000  0.20493052E+000  0.39917023E+000  0.60105096E+000  0.91353346E+000  0.10528334E+001  0.15621763E+001  0.34573254E+001  0.50257954E+001  0.85980829E+001  0.13613358E+002
  0.15759607E+000  0.20492948E+000  0.39916730E+000  0.60103889E+000  0.91353202E+000  0.10528310E+001  0.15621669E+001  0.34573000E+001  0.50258019E+001  0.85979437E+001  0.13613061E+002
  0.15759560E+000  0.20492919E+000  0.39916446E+000  0.60102731E+000  0.91357077E+000  0.10528324E+001  0.15621586E+001  0.34573284E+001  0.50258086E+001  0.85978099E+001  0.13612772E+002
  0.15759514E+000  0.20492892E+000  0.39916170E+000  0.60100734E+000  0.91356336E+000  0.10528263E+001  0.15621513E+001  0.34573730E+001  0.50258155E+001  0.85982799E+001  0.13612493E+002
  0.15759470E+000  0.20492867E+000  0.39915905E+000  0.60098396E+000  0.91355616E+000  0.10528240E+001  0.15621449E+001  0.34574280E+001  0.50258227E+001  0.85990894E+001  0.13612225E+002
  0.15759427E+000  0.20492845E+000  0.39915651E+000  0.60096323E+000  0.91354919E+000  0.10528237E+001  0.15622698E+001  0.34575032E+001  0.50260004E+001  0.85992433E+001  0.13611966E+002
  0.15759386E+000  0.20492826E+000  0.39915407E+000  0.60094530E+000  0.91354245E+000  0.10528237E+001  0.15622560E+001  0.34575810E+001  0.50259255E+001  0.85994076E+001  0.13611716E+002
  0.15759346E+000  0.20492809E+000  0.39915174E+000  0.60093030E+000  0.91356982E+000  0.10528237E+001  0.15622427E+001  0.34576614E+001  0.50258927E+001  0.85995824E+001  0.13611477E+002
  0.15759308E+000  0.20492795E+000  0.39914953E+000  0.60091835E+000  0.91356225E+000  0.10528236E+001  0.15622301E+001  0.34577443E+001  0.50259174E+001  0.85997677E+001  0.13611247E+002
  0.15759272E+000  0.20492784E+000  0.39916952E+000  0.60090950E+000  0.91355500E+000  0.10528236E+001  0.15622182E+001  0.34585080E+001  0.50259390E+001  0.86027097E+001  0.13611028E+002
  0.15759237E+000  0.20492775E+000  0.39916848E+000  0.60090380E+000  0.91354805E+000  0.10528236E+001  0.15622071E+001  0.34585091E+001  0.50259579E+001  0.86027733E+001  0.13610818E+002
  0.15759204E+000  0.20492768E+000  0.39916559E+000  0.60090127E+000  0.91357323E+000  0.10528236E+001  0.15622460E+001  0.34585100E+001  0.50259589E+001  0.86026858E+001  0.13610618E+002
  0.15759172E+000  0.20492764E+000  0.39916284E+000  0.60090190E+000  0.91356731E+000  0.10528235E+001  0.15622359E+001  0.34585108E+001  0.50259532E+001  0.86026057E+001  0.13610428E+002
  0.15759141E+000  0.20492762E+000  0.39916024E+000  0.60090565E+000  0.91356168E+000  0.10528235E+001  0.15622266E+001  0.34585132E+001  0.50259411E+001  0.86025329E+001  0.13610247E+002
  0.15759112E+000  0.20492763E+000  0.39915779E+000  0.60091247E+000  0.91355632E+000  0.10528235E+001  0.15622180E+001  0.34585122E+001  0.50266585E+001  0.86028645E+001  0.13610074E+002
  0.15759084E+000  0.20492766E+000  0.39915548E+000  0.60092145E+000  0.91355123E+000  0.10528235E+001  0.15622101E+001  0.34587250E+001  0.50268827E+001  0.86033022E+001  0.13609911E+002
  0.15759057E+000  0.20492771E+000  0.39915330E+000  0.60091649E+000  0.91354639E+000  0.10528235E+001  0.15622030E+001  0.34587109E+001  0.50268963E+001  0.86037682E+001  0.13609885E+002
  0.15759031E+000  0.20492778E+000  0.39915124E+000  0.60091188E+000  0.91354179E+000  0.10528363E+001  0.15621881E+001  0.34586972E+001  0.50269103E+001  0.86039577E+001  0.13609762E+002
  0.15759006E+000  0.20492787E+000  0.39914931E+000  0.60090762E+000  0.91353741E+000  0.10528336E+001  0.15621780E+001  0.34586838E+001  0.50269245E+001  0.86039423E+001  0.13609647E+002
  0.15758982E+000  0.20492798E+000  0.39914765E+000  0.60090367E+000  0.91357051E+000  0.10528309E+001  0.15621683E+001  0.34586706E+001  0.50269392E+001  0.86040766E+001  0.13609537E+002
  0.15758958E+000  0.20492810E+000  0.39914607E+000  0.60089999E+000  0.91356697E+000  0.10528284E+001  0.15621590E+001  0.34586577E+001  0.50269542E+001  0.86040318E+001  0.13609434E+002
  0.15758935E+000  0.20492824E+000  0.39914458E+000  0.60089657E+000  0.91356357E+000  0.10528259E+001  0.15621501E+001  0.34586451E+001  0.50269696E+001  0.86040011E+001  0.13609335E+002
  0.15758913E+000  0.20492839E+000  0.39914317E+000  0.60089337E+000  0.91356030E+000  0.10528235E+001  0.15621415E+001  0.34586325E+001  0.50269853E+001  0.86039840E+001  0.13609241E+002
  0.15758892E+000  0.20492856E+000  0.39914182E+000  0.60089037E+000  0.91355714E+000  0.10528234E+001  0.15621331E+001  0.34586202E+001  0.50270014E+001  0.86040107E+001  0.13609150E+002
  0.15758871E+000  0.20492873E+000  0.39914054E+000  0.60088754E+000  0.91355407E+000  0.10528234E+001  0.15621249E+001  0.34586079E+001  0.50270180E+001  0.86041417E+001  0.13609062E+002
  0.15758850E+000  0.20492892E+000  0.39913931E+000  0.60088486E+000  0.91355109E+000  0.10528234E+001  0.15621169E+001  0.34585958E+001  0.50270349E+001  0.86042683E+001  0.13608977E+002
  0.15758831E+000  0.20492912E+000  0.39913814E+000  0.60088232E+000  0.91354819E+000  0.10528234E+001  0.15621091E+001  0.34585837E+001  0.50270522E+001  0.86043905E+001  0.13608895E+002
  0.15758811E+000  0.20492933E+000  0.39913702E+000  0.60087990E+000  0.91354535E+000  0.10528234E+001  0.15621015E+001  0.34585383E+001  0.50270699E+001  0.86045308E+001  0.13609425E+002
  0.15758792E+000  0.20492954E+000  0.39913594E+000  0.60087759E+000  0.91354258E+000  0.10528234E+001  0.15620940E+001  0.34585343E+001  0.50270880E+001  0.86047006E+001  0.13609346E+002
  0.15758774E+000  0.20492976E+000  0.39913492E+000  0.60087539E+000  0.91353987E+000  0.10528234E+001  0.15620866E+001  0.34585294E+001  0.50271064E+001  0.86048637E+001  0.13609270E+002
  0.15758756E+000  0.20492999E+000  0.39913394E+000  0.60087329E+000  0.91353722E+000  0.10528234E+001  0.15620793E+001  0.34585235E+001  0.50271252E+001  0.86061180E+001  0.13609197E+002
  0.15758739E+000  0.20493023E+000  0.39913301E+000  0.60087128E+000  0.91353463E+000  0.10528234E+001  0.15620722E+001  0.34585168E+001  0.50271445E+001  0.86086070E+001  0.13609992E+002
  0.15758723E+000  0.20493047E+000  0.39913213E+000  0.60086938E+000  0.91353210E+000  0.10528234E+001  0.15620653E+001  0.34585091E+001  0.50271640E+001  0.86085885E+001  0.13611375E+002
  0.15758707E+000  0.20493072E+000  0.39913129E+000  0.60086758E+000  0.91352965E+000  0.10528234E+001  0.15620585E+001  0.34584977E+001  0.50271840E+001  0.86118895E+001  0.13660837E+002
  0.15758692E+000  0.20493097E+000  0.39913051E+000  0.60086588E+000  0.91352727E+000  0.10528234E+001  0.15620519E+001  0.34584778E+001  0.50272043E+001  0.86124102E+001  0.13661074E+002
  0.15758678E+000  0.20493123E+000  0.39912978E+000  0.60086430E+000  0.91352497E+000  0.10528234E+001  0.15620454E+001  0.34584960E+001  0.50272249E+001  0.86124464E+001  0.13661127E+002
  0.15758665E+000  0.20495835E+000  0.39912911E+000  0.60086283E+000  0.91352276E+000  0.10528234E+001  0.15620392E+001  0.34584963E+001  0.50272460E+001  0.86158134E+001  0.13737665E+002
  0.15758652E+000  0.20495758E+000  0.39912849E+000  0.60086148E+000  0.91352100E+000  0.10528234E+001  0.15620332E+001  0.34584965E+001  0.50272955E+001  0.86161669E+001  0.13782277E+002
  0.15758640E+000  0.20495687E+000  0.39912792E+000  0.60086025E+000  0.91352099E+000  0.10528234E+001  0.15620275E+001  0.34585023E+001  0.50273473E+001  0.86165330E+001  0.13782328E+002
  0.15758629E+000  0.20495620E+000  0.39912741E+000  0.60085914E+000  0.91352099E+000  0.10528234E+001  0.15620219E+001  0.34585913E+001  0.50274000E+001  0.86167250E+001  0.13782384E+002
  0.15758619E+000  0.20495559E+000  0.39912695E+000  0.60085817E+000  0.91352100E+000  0.10528234E+001  0.15621939E+001  0.34586014E+001  0.50274535E+001  0.86168134E+001  0.13782445E+002
  0.15758609E+000  0.20495502E+000  0.39912654E+000  0.60085732E+000  0.91352100E+000  0.10528234E+001  0.15621987E+001  0.34586091E+001  0.50275079E+001  0.86169150E+001  0.13782476E+002
  0.15758601E+000  0.20495450E+000  0.39912619E+000  0.60086236E+000  0.91352101E+000  0.10528234E+001  0.15622036E+001  0.34586146E+001  0.50275632E+001  0.86192964E+001  0.13782415E+002
  0.15758593E+000  0.20495403E+000  0.39912589E+000  0.60086753E+000  0.91352103E+000  0.10528328E+001  0.15622085E+001  0.34586179E+001  0.50276193E+001  0.86199702E+001  0.13782357E+002
  0.15758585E+000  0.20495360E+000  0.39912564E+000  0.60087279E+000  0.91352105E+000  0.10528293E+001  0.15622134E+001  0.34586193E+001  0.50276763E+001  0.86206643E+001  0.13782303E+002
  0.15758579E+000  0.20495321E+000  0.39912543E+000  0.60087813E+000  0.91352107E+000  0.10528260E+001  0.15622183E+001  0.34586267E+001  0.50277342E+001  0.86210752E+001  0.13782252E+002
  0.15758573E+000  0.20495286E+000  0.39912527E+000  0.60088354E+000  0.91352109E+000  0.10528234E+001  0.15622233E+001  0.34591398E+001  0.50277930E+001  0.86211704E+001  0.13782205E+002
  0.15758567E+000  0.20495255E+000  0.39912515E+000  0.60088901E+000  0.91352112E+000  0.10528234E+001  0.15622283E+001  0.34593246E+001  0.50278527E+001  0.86215859E+001  0.13782162E+002
  0.15758562E+000  0.20495228E+000  0.39912507E+000  0.60089453E+000  0.91352115E+000  0.10528234E+001  0.15622334E+001  0.34595110E+001  0.50279132E+001  0.86215659E+001  0.13782122E+002
  0.15758558E+000  0.20495204E+000  0.39912502E+000  0.60090010E+000  0.91352118E+000  0.10528234E+001  0.15622384E+001  0.34596548E+001  0.50279746E+001  0.86215472E+001  0.13782086E+002
  0.15758554E+000  0.20495182E+000  0.39912502E+000  0.60090570E+000  0.91352122E+000  0.10528234E+001  0.15622434E+001  0.34603313E+001  0.50280369E+001  0.86245770E+001  0.13782052E+002
  0.15758551E+000  0.20495164E+000  0.39912504E+000  0.60091134E+000  0.91352126E+000  0.10528234E+001  0.15622485E+001  0.34605607E+001  0.50281001E+001  0.86245643E+001  0.13782022E+002
  0.15758548E+000  0.20495149E+000  0.39912509E+000  0.60091699E+000  0.91352130E+000  0.10528234E+001  0.15622535E+001  0.34605614E+001  0.50281482E+001  0.86245534E+001  0.13781995E+002
  0.15758546E+000  0.20495135E+000  0.39912517E+000  0.60092266E+000  0.91352134E+000  0.10528235E+001  0.15622586E+001  0.34605624E+001  0.50281860E+001  0.86245443E+001  0.13781970E+002
  0.15761948E+000  0.20495124E+000  0.39912528E+000  0.60092833E+000  0.91352138E+000  0.10528235E+001  0.15622636E+001  0.34605635E+001  0.50282242E+001  0.86245369E+001  0.13781948E+002
  0.15761925E+000  0.20495115E+000  0.39912541E+000  0.60093401E+000  0.91352143E+000  0.10528235E+001  0.15622687E+001  0.34605648E+001  0.50282630E+001  0.86245310E+001  0.13781929E+002
  0.15761903E+000  0.20495108E+000  0.39912555E+000  0.60093967E+000  0.91352148E+000  0.10528235E+001  0.15622737E+001  0.34605662E+001  0.50283022E+001  0.86245267E+001  0.13781912E+002
  0.15761884E+000  0.20495102E+000  0.39912572E+000  0.60094532E+000  0.91352152E+000  0.10528235E+001  0.15622787E+001  0.34605678E+001  0.50283419E+001  0.86245238E+001  0.13781897E+002
  0.15761866E+000  0.20495098E+000  0.39912590E+000  0.60095095E+000  0.91352157E+000  0.10528235E+001  0.15622837E+001  0.34605696E+001  0.50283820E+001  0.86245222E+001  0.13781884E+002
  0.15761850E+000  0.20495095E+000  0.39912610E+000  0.60098993E+000  0.91352162E+000  0.10528235E+001  0.15622887E+001  0.34605714E+001  0.50284226E+001  0.86245219E+001  0.13781874E+002
  0.15761835E+000  0.20495093E+000  0.39912630E+000  0.60098936E+000  0.91352167E+000  0.10528235E+001  0.15622936E+001  0.34605734E+001  0.50284636E+001  0.86245228E+001  0.13782206E+002
  0.15761822E+000  0.20495093E+000  0.39912652E+000  0.60098884E+000  0.91352172E+000  0.10528235E+001  0.15622985E+001  0.34605755E+001  0.50285050E+001  0.86245248E+001  0.13800843E+002
  0.15761811E+000  0.20495093E+000  0.39912675E+000  0.60098839E+000  0.91352178E+000  0.10528235E+001  0.15623034E+001  0.34605778E+001  0.50285468E+001  0.86245278E+001  0.13801709E+002
  0.15761800E+000  0.20495094E+000  0.39912699E+000  0.60098800E+000  0.91352183E+000  0.10528235E+001  0.15623082E+001  0.34605801E+001  0.50285890E+001  0.86245319E+001  0.13802605E+002
  0.15761791E+000  0.20495096E+000  0.39912723E+000  0.60098765E+000  0.91352188E+000  0.10528235E+001  0.15623130E+001  0.34605826E+001  0.50286315E+001  0.86245369E+001  0.13803532E+002
  0.15761783E+000  0.20495098E+000  0.39912747E+000  0.60098735E+000  0.91352193E+000  0.10528235E+001  0.15623178E+001  0.34605851E+001  0.50286743E+001  0.86245427E+001  0.13803932E+002
  0.15761776E+000  0.20495100E+000  0.39912772E+000  0.60098772E+000  0.91352198E+000  0.10528235E+001  0.15623225E+001  0.34605877E+001  0.50287174E+001  0.86245494E+001  0.13803972E+002
  0.15761769E+000  0.20495104E+000  0.39912797E+000  0.60098871E+000  0.91352203E+000  0.10528235E+001  0.15623271E+001  0.34606024E+001  0.50287608E+001  0.86245569E+001  0.13804010E+002
  0.15761764E+000  0.20495107E+000  0.39912823E+000  0.60098971E+000  0.91352208E+000  0.10528235E+001  0.15623317E+001  0.34606190E+001  0.50288134E+001  0.86245650E+001  0.13804004E+002
  0.15761759E+000  0.20495111E+000  0.39912848E+000  0.60099072E+000  0.91352214E+000  0.10528235E+001  0.15623363E+001  0.34606358E+001  0.50288828E+001  0.86245739E+001  0.13803999E+002
  0.15761755E+000  0.20495115E+000  0.39912873E+000  0.60099173E+000  0.91352219E+000  0.10528235E+001  0.15623407E+001  0.34606526E+001  0.50295834E+001  0.86245833E+001  0.13803995E+002
  0.15761751E+000  0.20495119E+000  0.39912899E+000  0.60099274E+000  0.91352223E+000  0.10528235E+001  0.15623452E+001  0.34606695E+001  0.50296300E+001  0.86245933E+001  0.13803992E+002
  0.15761748E+000  0.20495123E+000  0.39912924E+000  0.60099374E+000  0.91352228E+000  0.10528235E+001  0.15623495E+001  0.34606864E+001  0.50296772E+001  0.86246039E+001  0.13803989E+002
  0.15761746E+000  0.20495127E+000  0.39912948E+000  0.60099474E+000  0.91352233E+000  0.10528235E+001  0.15623538E+001  0.34607033E+001  0.50297249E+001  0.86246149E+001  0.13803987E+002
  0.15761744E+000  0.20495132E+000  0.39912973E+000  0.60099573E+000  0.91352238E+000  0.10528235E+001  0.15623580E+001  0.34607202E+001  0.50297729E+001  0.86246264E+001  0.13803985E+002
  0.15761742E+000  0.20495136E+000  0.39912997E+000  0.60099671E+000  0.91352243E+000  0.10528235E+001  0.15623622E+001  0.34607370E+001  0.50298212E+001  0.86246383E+001  0.13803983E+002
  0.15761741E+000  0.20495140E+000  0.39913020E+000  0.60099767E+000  0.91352247E+000  0.10528235E+001  0.15623663E+001  0.34607537E+001  0.50298697E+001  0.86246506E+001  0.13803982E+002
  0.15761740E+000  0.20495144E+000  0.39913043E+000  0.60099862E+000  0.91352252E+000  0.10528235E+001  0.15623703E+001  0.34607704E+001  0.50299184E+001  0.86246633E+001  0.13803982E+002
  0.15761739E+000  0.20495149E+000  0.39913066E+000  0.60099955E+000  0.91352256E+000  0.10528235E+001  0.15623742E+001  0.34607869E+001  0.50299670E+001  0.86246762E+001  0.13803981E+002
  0.15761738E+000  0.20495153E+000  0.39913088E+000  0.60100047E+000  0.91352260E+000  0.10528236E+001  0.15623780E+001  0.34608160E+001  0.50300157E+001  0.86246895E+001  0.13803981E+002
  0.15761738E+000  0.20495157E+000  0.39913109E+000  0.60100136E+000  0.91352265E+000  0.10528236E+001  0.15623818E+001  0.34608858E+001  0.50300642E+001  0.86247030E+001  0.13803982E+002
  0.15761738E+000  0.20495161E+000  0.39913130E+000  0.60100224E+000  0.91352269E+000  0.10528236E+001  0.15623855E+001  0.34609326E+001  0.50310773E+001  0.86247167E+001  0.13803982E+002
  0.15761738E+000  0.20495165E+000  0.39913151E+000  0.60100309E+000  0.91352273E+000  0.10528236E+001  0.15623891E+001  0.34609788E+001  0.50310841E+001  0.86247306E+001  0.13803983E+002
  0.15761738E+000  0.20495168E+000  0.39913170E+000  0.60100392E+000  0.91352277E+000  0.10528236E+001  0.15623926E+001  0.34610245E+001  0.50310908E+001  0.86247447E+001  0.13803983E+002
  0.15761739E+000  0.20495172E+000  0.39913189E+000  0.60100473E+000  0.91352280E+000  0.10528236E+001  0.15623960E+001  0.34610988E+001  0.50310974E+001  0.86247590E+001  0.13803984E+002
  0.15761739E+000  0.20495175E+000  0.39913208E+000  0.60100552E+000  0.91352284E+000  0.10528236E+001  0.15623994E+001  0.34612538E+001  0.50312614E+001  0.86247734E+001  0.13803985E+002
  0.15761740E+000  0.20495179E+000  0.39913225E+000  0.60100628E+000  0.91352288E+000  0.10528236E+001  0.15624026E+001  0.34614688E+001  0.50312756E+001  0.86247879E+001  0.13803987E+002
  0.15761740E+000  0.20495182E+000  0.39913242E+000  0.60100702E+000  0.91352291E+000  0.10528236E+001  0.15624058E+001  0.34615881E+001  0.50312897E+001  0.86248024E+001  0.13803988E+002
  0.15761741E+000  0.20495185E+000  0.39913259E+000  0.60100773E+000  0.91352294E+000  0.10528236E+001  0.15624089E+001  0.34616363E+001  0.50313036E+001  0.86248171E+001  0.13803989E+002
  0.15761741E+000  0.20495188E+000  0.39913274E+000  0.60100842E+000  0.91352298E+000  0.10528236E+001  0.15624119E+001  0.34620643E+001  0.50313173E+001  0.86248318E+001  0.13803991E+002
  0.15761742E+000  0.20495191E+000  0.39913289E+000  0.60100908E+000  0.91352301E+000  0.10528236E+001  0.15624148E+001  0.34623440E+001  0.50313308E+001  0.86248465E+001  0.13803992E+002
  0.15761743E+000  0.20495193E+000  0.39913304E+000  0.60100972E+000  0.91352304E+000  0.10528236E+001  0.15624176E+001  0.34626081E+001  0.50313441E+001  0.86248612E+001  0.13803994E+002
  0.15761744E+000  0.20495196E+000  0.39913318E+000  0.60101033E+000  0.91352307E+000  0.10528236E+001  0.15624203E+001  0.34626215E+001  0.50313572E+001  0.86248759E+001  0.13803995E+002
  0.15761745E+000  0.20495198E+000  0.39913331E+000  0.60101092E+000  0.91352310E+000  0.10528236E+001  0.15624230E+001  0.34626346E+001  0.50313982E+001  0.86248905E+001  0.13803997E+002
  0.15761746E+000  0.20495201E+000  0.39913343E+000  0.60101149E+000  0.91352312E+000  0.10528236E+001  0.15624255E+001  0.34628626E+001  0.50314265E+001  0.86249052E+001  0.13803999E+002
  0.15761746E+000  0.20495203E+000  0.39913355E+000  0.60101203E+000  0.91352315E+000  0.10528236E+001  0.15624280E+001  0.34629607E+001  0.50314545E+001  0.86249197E+001  0.13804000E+002
  0.15761747E+000  0.20495205E+000  0.39913367E+000  0.60101255E+000  0.91352317E+000  0.10528236E+001  0.15624304E+001  0.34630569E+001  0.50314820E+001  0.86249342E+001  0.13804002E+002
  0.15761748E+000  0.20495207E+000  0.39913377E+000  0.60101305E+000  0.91352320E+000  0.10528236E+001  0.15624327E+001  0.34630946E+001  0.50315091E+001  0.86249486E+001  0.13804004E+002
  0.15761749E+000  0.20495209E+000  0.39913388E+000  0.60101352E+000  0.91352322E+000  0.10528236E+001  0.15624349E+001  0.34631022E+001  0.50315357E+001  0.86249629E+001  0.13804005E+002
  0.15761750E+000  0.20495210E+000  0.39913397E+000  0.60101397E+000  0.91352324E+000  0.10528236E+001  0.15624370E+001  0.34631096E+001  0.50315619E+001  0.86249771E+001  0.13804007E+002
  0.15761750E+000  0.20495212E+000  0.39913407E+000  0.60101440E+000  0.91352327E+000  0.10528236E+001  0.15624391E+001  0.34632398E+001  0.50315875E+001  0.86249912E+001  0.13804009E+002
  0.15761751E+000  0.20495214E+000  0.39913415E+000  0.60101481E+000  0.91352329E+000  0.10528236E+001  0.15624410E+001  0.34632813E+001  0.50316127E+001  0.86250051E+001  0.13804010E+002
  0.15761752E+000  0.20495215E+000  0.39913424E+000  0.60101520E+000  0.91352331E+000  0.10528236E+001  0.15624430E+001  0.34632948E+001  0.50316430E+001  0.86250189E+001  0.13804012E+002
  0.15761753E+000  0.20495217E+000  0.39913431E+000  0.60101557E+000  0.91352332E+000  0.10528236E+001  0.15624449E+001  0.34633078E+001  0.50316740E+001  0.86250326E+001  0.13804014E+002
  0.15761754E+000  0.20495218E+000  0.39913439E+000  0.60101592E+000  0.91352334E+000  0.10528236E+001  0.15624467E+001  0.34633649E+001  0.50317043E+001  0.86250460E+001  0.13804015E+002
  0.15761754E+000  0.20495219E+000  0.39913446E+000  0.60101626E+000  0.91352336E+000  0.10528236E+001  0.15624485E+001  0.34635134E+001  0.50317340E+001  0.86250593E+001  0.13804017E+002
  0.15761755E+000  0.20495221E+000  0.39913452E+000  0.60101657E+000  0.91352338E+000  0.10528236E+001  0.15624502E+001  0.34636580E+001  0.50317631E+001  0.86250724E+001  0.13804019E+002
  0.15761756E+000  0.20495222E+000  0.39913458E+000  0.60101687E+000  0.91352339E+000  0.10528236E+001  0.15624517E+001  0.34637987E+001  0.50317916E+001  0.86250853E+001  0.13804020E+002
  0.15761756E+000  0.20495223E+000  0.39913464E+000  0.60101715E+000  0.91352341E+000  0.10528236E+001  0.15624533E+001  0.34639570E+001  0.50318195E+001  0.86250980E+001  0.13804022E+002
  0.15761757E+000  0.20495224E+000  0.39913470E+000  0.60101742E+000  0.91352342E+000  0.10528236E+001  0.15624547E+001  0.34643985E+001  0.50318467E+001  0.86251105E+001  0.13804023E+002
  0.15761758E+000  0.20495225E+000  0.39913475E+000  0.60101767E+000  0.91352343E+000  0.10528236E+001  0.15624561E+001  0.34645512E+001  0.50318733E+001  0.86251228E+001  0.13804025E+002
  0.15761758E+000  0.20495226E+000  0.39913480E+000  0.60101791E+000  0.91352344E+000  0.10528236E+001  0.15624574E+001  0.34646993E+001  0.50319043E+001  0.86251349E+001  0.13804026E+002
  0.15761759E+000  0.20495227E+000  0.39913484E+000  0.60101814E+000  0.91352346E+000  0.10528236E+001  0.15624587E+001  0.34648428E+001  0.50319347E+001  0.86251468E+001  0.13804027E+002
  0.15761759E+000  0.20495227E+000  0.39913488E+000  0.60101835E+000  0.91352347E+000  0.10528236E+001  0.15624599E+001  0.34649710E+001  0.50319644E+001  0.86251584E+001  0.13804029E+002
  0.15761760E+000  0.20495228E+000  0.39913492E+000  0.60101855E+000  0.91352348E+000  0.10528236E+001  0.15624610E+001  0.34650897E+001  0.50319933E+001  0.86251698E+001  0.13804030E+002
  0.15761760E+000  0.20495229E+000  0.39913496E+000  0.60101873E+000  0.91352349E+000  0.10528236E+001  0.15624621E+001  0.34652046E+001  0.50320214E+001  0.86251810E+001  0.13804032E+002
  0.15761761E+000  0.20495230E+000  0.39913499E+000  0.60101891E+000  0.91352350E+000  0.10528236E+001  0.15624631E+001  0.34653156E+001  0.50320488E+001  0.86251920E+001  0.13804033E+002
  0.15761761E+000  0.20495230E+000  0.39913503E+000  0.60101907E+000  0.91352351E+000  0.10528236E+001  0.15624641E+001  0.34654229E+001  0.50320754E+001  0.86252027E+001  0.13804034E+002
  0.15761762E+000  0.20495231E+000  0.39913506E+000  0.60101923E+000  0.91352352E+000  0.10528236E+001  0.15624650E+001  0.34669118E+001  0.50321012E+001  0.86252131E+001  0.13804035E+002
  0.15761762E+000  0.20495231E+000  0.39913509E+000  0.60101937E+000  0.91352352E+000  0.10528236E+001  0.15624659E+001  0.34669578E+001  0.50321263E+001  0.86252233E+001  0.13804037E+002
  0.15761762E+000  0.20495232E+000  0.39913511E+000  0.60101951E+000  0.91352353E+000  0.10528236E+001  0.15624667E+001  0.34670021E+001  0.50322849E+001  0.86252333E+001  0.13804038E+002
  0.15761763E+000  0.20495232E+000  0.39913514E+000  0.60101964E+000  0.91352354E+000  0.10528236E+001  0.15624675E+001  0.34670448E+001  0.50322963E+001  0.86252431E+001  0.13804039E+002
  0.15761763E+000  0.20495233E+000  0.39913516E+000  0.60101976E+000  0.91352355E+000  0.10528236E+001  0.15624682E+001  0.34670859E+001  0.50323073E+001  0.86252526E+001  0.13804040E+002
  0.15761764E+000  0.20495233E+000  0.39913518E+000  0.60101987E+000  0.91352355E+000  0.10528236E+001  0.15624689E+001  0.34671253E+001  0.50323180E+001  0.86252618E+001  0.13804041E+002
  0.15761764E+000  0.20495234E+000  0.39913520E+000  0.60101997E+000  0.91352356E+000  0.10528236E+001  0.15624695E+001  0.34684285E+001  0.50323284E+001  0.86252708E+001  0.13804042E+002
  0.15761764E+000  0.20495234E+000  0.39913522E+000  0.60102007E+000  0.91352356E+000  0.10528236E+001  0.15624702E+001  0.34684323E+001  0.50323384E+001  0.86252796E+001  0.13804043E+002
  0.15761764E+000  0.20495235E+000  0.39913524E+000  0.60102016E+000  0.91352357E+000  0.10528236E+001  0.15624707E+001  0.34684359E+001  0.50323480E+001  0.86252881E+001  0.13804044E+002
  0.15761765E+000  0.20495235E+000  0.39913526E+000  0.60102025E+000  0.91352357E+000  0.10528236E+001  0.15624713E+001  0.34684394E+001  0.50323574E+001  0.86252964E+001  0.13804045E+002
  0.15761765E+000  0.20495235E+000  0.39913527E+000  0.60102033E+000  0.91352358E+000  0.10528236E+001  0.15624718E+001  0.34684427E+001  0.50323664E+001  0.86253044E+001  0.13804046E+002
  0.15761765E+000  0.20495236E+000  0.39913529E+000  0.60102040E+000  0.91352358E+000  0.10528236E+001  0.15624723E+001  0.34684459E+001  0.50323751E+001  0.86253122E+001  0.13804047E+002
  0.15761765E+000  0.20495236E+000  0.39913530E+000  0.60102047E+000  0.91352359E+000  0.10528236E+001  0.15624727E+001  0.34684489E+001  0.50323834E+001  0.86253198E+001  0.13804048E+002
  0.15761766E+000  0.20495236E+000  0.39913531E+000  0.60102054E+000  0.91352359E+000  0.10528236E+001  0.15624732E+001  0.34684518E+001  0.50323959E+001  0.86253271E+001  0.13804049E+002
  0.15761766E+000  0.20495237E+000  0.39913533E+000  0.60102060E+000  0.91352359E+000  0.10528236E+001  0.15624736E+001  0.34684546E+001  0.50324180E+001  0.86253342E+001  0.13804050E+002
  0.15761766E+000  0.20495237E+000  0.39913534E+000  0.60102066E+000  0.91352360E+000  0.10528236E+001  0.15624740E+001  0.34684573E+001  0.50324394E+001  0.86253411E+001  0.13804051E+002
  0.15761766E+000  0.20495237E+000  0.39913535E+000  0.60102071E+000  0.91352360E+000  0.10528236E+001  0.15624743E+001  0.34684598E+001  0.50324598E+001  0.86253477E+001  0.13804051E+002
  0.15761766E+000  0.20495237E+000  0.39913536E+000  0.60102076E+000  0.91352360E+000  0.10528236E+001  0.15624746E+001  0.34684622E+001  0.50324795E+001  0.86253541E+001  0.13804052E+002
  0.15761767E+000  0.20495237E+000  0.39913537E+000  0.60102080E+000  0.91352361E+000  0.10528236E+001  0.15624749E+001  0.34684645E+001  0.50324984E+001  0.86253603E+001  0.13804053E+002
  0.15761767E+000  0.20495238E+000  0.39913537E+000  0.60102085E+000  0.91352361E+000  0.10528236E+001  0.15624752E+001  0.34684667E+001  0.50325165E+001  0.86253663E+001  0.13804054E+002
  0.15761767E+000  0.20495238E+000  0.39913538E+000  0.60102089E+000  0.91352361E+000  0.10528236E+001  0.15624755E+001  0.34684688E+001  0.50325338E+001  0.86253721E+001  0.13804054E+002
  0.15761767E+000  0.20495238E+000  0.39913539E+000  0.60102093E+000  0.91352361E+000  0.10528236E+001  0.15624758E+001  0.34684708E+001  0.50325504E+001  0.86253776E+001  0.13804055E+002
  0.15761767E+000  0.20495238E+000  0.39913540E+000  0.60102096E+000  0.91352362E+000  0.10528236E+001  0.15624760E+001  0.34684727E+001  0.50325663E+001  0.86253830E+001  0.13804056E+002
  0.15761767E+000  0.20495238E+000  0.39913540E+000  0.60102099E+000  0.91352362E+000  0.10528236E+001  0.15624762E+001  0.34684744E+001  0.50325815E+001  0.86253882E+001  0.13804056E+002
  0.15761767E+000  0.20495238E+000  0.39913541E+000  0.60102102E+000  0.91352362E+000  0.10528236E+001  0.15624764E+001  0.34684761E+001  0.50325961E+001  0.86253931E+001  0.13804057E+002
  0.15761767E+000  0.20495239E+000  0.39913541E+000  0.60102105E+000  0.91352362E+000  0.10528236E+001  0.15624766E+001  0.34684777E+001  0.50326100E+001  0.86253979E+001  0.13804057E+002
  0.15761767E+000  0.20495239E+000  0.39913542E+000  0.60102107E+000  0.91352362E+000  0.10528236E+001  0.15624768E+001  0.34684793E+001  0.50326232E+001  0.86254024E+001  0.13804058E+002
  0.15761767E+000  0.20495239E+000  0.39913542E+000  0.60102108E+000  0.91352362E+000  0.10528236E+001  0.15624770E+001  0.34684807E+001  0.50326358E+001  0.86254063E+001  0.13804057E+002
  0.15761766E+000  0.20495238E+000  0.39913543E+000  0.60102107E+000  0.91352363E+000  0.10528236E+001  0.15624772E+001  0.34684820E+001  0.50326480E+001  0.86254099E+001  0.13804057E+002
