  0.30994966E+000  0.34502290E+000  0.45556925E+000  0.59491735E+000  0.79472678E+000  0.88793034E+000  0.11860113E+001  0.18679194E+001  0.26180750E+001  0.43929175E+001  0.81143070E+001
  0.30962142E+000  0.34466336E+000  0.45505862E+000  0.59491735E+000  0.79325294E+000  0.88714737E+000  0.11853339E+001  0.18657461E+001  0.26171602E+001  0.43745825E+001  0.81184818E+001
  0.30934192E+000  0.34435932E+000  0.45467936E+000  0.59491735E+000  0.79268526E+000  0.88655610E+000  0.11849993E+001  0.18642515E+001  0.26165645E+001  0.43740962E+001  0.81180632E+001
  0.30910408E+000  0.34410231E+000  0.45428047E+000  0.59491735E+000  0.79220380E+000  0.88622431E+000  0.11849448E+001  0.18620903E+001  0.26159483E+001  0.43734727E+001  0.81185605E+001
  0.30890183E+000  0.34388502E+000  0.45402924E+000  0.59491735E+000  0.79166082E+000  0.88592690E+000  0.11850368E+001  0.18590099E+001  0.26153293E+001  0.43728807E+001  0.81185221E+001
  0.30872997E+000  0.34370125E+000  0.45378205E+000  0.59487783E+000  0.79108833E+000  0.88568816E+000  0.11851086E+001  0.18581455E+001  0.26148047E+001  0.43729105E+001  0.81178019E+001
  0.30858395E+000  0.34351557E+000  0.45353521E+000  0.59491735E+000  0.79080277E+000  0.88549608E+000  0.11845370E+001  0.18574138E+001  0.26144443E+001  0.43727282E+001  0.81171889E+001
  0.30845992E+000  0.34339728E+000  0.45338324E+000  0.59491735E+000  0.79053875E+000  0.88532598E+000  0.11845656E+001  0.18533355E+001  0.26142524E+001  0.43724958E+001  0.81166897E+001
  0.30834248E+000  0.34325295E+000  0.45326222E+000  0.59491735E+000  0.79032113E+000  0.88518016E+000  0.11845461E+001  0.18518885E+001  0.26140171E+001  0.43722936E+001  0.81165364E+001
  0.30826504E+000  0.34317029E+000  0.45313033E+000  0.59491735E+000  0.79013589E+000  0.88504704E+000  0.11845663E+001  0.18514214E+001  0.26134306E+001  0.43721029E+001  0.81164088E+001
  0.30818898E+000  0.34303720E+000  0.45297909E+000  0.59491735E+000  0.78997913E+000  0.88494022E+000  0.11842946E+001  0.18508381E+001  0.26131392E+001  0.43720037E+001  0.81163022E+001
  0.30812438E+000  0.34297647E+000  0.45291156E+000  0.59491735E+000  0.78984716E+000  0.88485609E+000  0.11841302E+001  0.18504722E+001  0.26133817E+001  0.43718652E+001  0.81162129E+001
  0.30806951E+000  0.34292518E+000  0.45285459E+000  0.59491735E+000  0.78973667E+000  0.88478972E+000  0.11841248E+001  0.18502667E+001  0.26132203E+001  0.43717479E+001  0.81161380E+001
  0.30802293E+000  0.34288188E+000  0.45278344E+000  0.59491405E+000  0.78964466E+000  0.88472318E+000  0.11841507E+001  0.18501282E+001  0.26129522E+001  0.43717201E+001  0.81160751E+001
  0.30798340E+000  0.34284537E+000  0.45270663E+000  0.59488615E+000  0.78957106E+000  0.88467461E+000  0.11840900E+001  0.18498642E+001  0.26127845E+001  0.43716140E+001  0.81160658E+001
  0.30794987E+000  0.34281463E+000  0.45266700E+000  0.59491735E+000  0.78951573E+000  0.88461982E+000  0.11841380E+001  0.18497544E+001  0.26127289E+001  0.43715245E+001  0.81160721E+001
  0.30792147E+000  0.34278879E+000  0.45263366E+000  0.59491735E+000  0.78946980E+000  0.88457407E+000  0.11841035E+001  0.18496697E+001  0.26126824E+001  0.43714494E+001  0.81160772E+001
  0.30789744E+000  0.34276714E+000  0.45260569E+000  0.59491735E+000  0.78943175E+000  0.88453600E+000  0.11841720E+001  0.18495210E+001  0.26128777E+001  0.43713865E+001  0.81160812E+001
  0.30787507E+000  0.34274905E+000  0.45258230E+000  0.59491735E+000  0.78940032E+000  0.88453272E+000  0.11841449E+001  0.18489163E+001  0.26127371E+001  0.43713481E+001  0.81160843E+001
  0.30786002E+000  0.34273400E+000  0.45256281E+000  0.59491735E+000  0.78937447E+000  0.88450651E+000  0.11841873E+001  0.18488415E+001  0.26126203E+001  0.43714397E+001  0.81160866E+001
  0.30784562E+000  0.34272155E+000  0.45254666E+000  0.59491735E+000  0.78935334E+000  0.88448505E+000  0.11841750E+001  0.18484932E+001  0.26125632E+001  0.43714119E+001  0.81160882E+001
  0.30783355E+000  0.34260811E+000  0.45251071E+000  0.59491735E+000  0.78933620E+000  0.88446764E+000  0.11841686E+001  0.18484419E+001  0.26125454E+001  0.43713891E+001  0.81160892E+001
  0.30782286E+000  0.34260018E+000  0.45250180E+000  0.59491735E+000  0.78932243E+000  0.88445366E+000  0.11841672E+001  0.18484091E+001  0.26125311E+001  0.43713706E+001  0.81160896E+001
  0.30781505E+000  0.34259387E+000  0.45249470E+000  0.59491735E+000  0.78931152E+000  0.88444260E+000  0.11841698E+001  0.18483881E+001  0.26125197E+001  0.43713557E+001  0.81160897E+001
  0.30780809E+000  0.34258894E+000  0.45248912E+000  0.59482444E+000  0.78930302E+000  0.88443401E+000  0.11841980E+001  0.18486937E+001  0.26125108E+001  0.43713440E+001  0.81160893E+001
  0.30780235E+000  0.34258518E+000  0.45248485E+000  0.59491735E+000  0.78929654E+000  0.88442752E+000  0.11841984E+001  0.18486865E+001  0.26125040E+001  0.43713348E+001  0.81160886E+001
  0.30779766E+000  0.34258241E+000  0.45248168E+000  0.59491735E+000  0.78930864E+000  0.88442279E+000  0.11842005E+001  0.18486884E+001  0.26124991E+001  0.43713279E+001  0.81160877E+001
  0.30779385E+000  0.34258047E+000  0.45247944E+000  0.59491735E+000  0.78967486E+000  0.88441954E+000  0.11842301E+001  0.18489177E+001  0.26124956E+001  0.43713229E+001  0.81160865E+001
  0.30779079E+000  0.34257922E+000  0.45247798E+000  0.59491735E+000  0.78967304E+000  0.88441752E+000  0.11842257E+001  0.18489154E+001  0.26124934E+001  0.43713195E+001  0.81160851E+001
  0.30778835E+000  0.34257856E+000  0.45247718E+000  0.59491735E+000  0.78967193E+000  0.88441654E+000  0.11842239E+001  0.18489162E+001  0.26124924E+001  0.43713174E+001  0.81160835E+001
  0.30778644E+000  0.34257839E+000  0.45247693E+000  0.59491735E+000  0.78958154E+000  0.88441641E+000  0.11842231E+001  0.18489196E+001  0.26124922E+001  0.43713165E+001  0.81160818E+001
  0.30778497E+000  0.34257861E+000  0.45247713E+000  0.59491735E+000  0.78958533E+000  0.88441698E+000  0.11842233E+001  0.18489253E+001  0.26124928E+001  0.43713164E+001  0.81160799E+001
  0.30778386E+000  0.34257915E+000  0.45247771E+000  0.59491735E+000  0.78958954E+000  0.88441811E+000  0.11842244E+001  0.18489328E+001  0.26124940E+001  0.43713171E+001  0.81160780E+001
  0.30778305E+000  0.34257996E+000  0.45247858E+000  0.59491735E+000  0.78959407E+000  0.88441970E+000  0.11842264E+001  0.18489419E+001  0.26124957E+001  0.43713184E+001  0.81160760E+001
  0.30778249E+000  0.34258097E+000  0.45247970E+000  0.59491735E+000  0.78959881E+000  0.88442166E+000  0.11842292E+001  0.18489524E+001  0.26124979E+001  0.43713202E+001  0.81160739E+001
  0.30778212E+000  0.34258215E+000  0.45248101E+000  0.59491735E+000  0.78960369E+000  0.88442389E+000  0.11842352E+001  0.18489640E+001  0.26125004E+001  0.43713224E+001  0.81160717E+001
  0.30778190E+000  0.34258346E+000  0.45248247E+000  0.59491735E+000  0.78960862E+000  0.88442635E+000  0.11845284E+001  0.18489766E+001  0.26125032E+001  0.43713250E+001  0.81160695E+001
  0.30778182E+000  0.34258486E+000  0.45248405E+000  0.59491735E+000  0.78961356E+000  0.88442896E+000  0.11847748E+001  0.18489900E+001  0.26125062E+001  0.43713277E+001  0.81160673E+001
  0.30778183E+000  0.34258633E+000  0.45248572E+000  0.59491735E+000  0.78961847E+000  0.88443170E+000  0.11847803E+001  0.18490041E+001  0.26125094E+001  0.43713307E+001  0.81160650E+001
  0.30778191E+000  0.34258785E+000  0.45248745E+000  0.59491735E+000  0.78962332E+000  0.88443451E+000  0.11847850E+001  0.18490187E+001  0.26125127E+001  0.43713337E+001  0.81160628E+001
  0.30778206E+000  0.34258940E+000  0.45248922E+000  0.59491735E+000  0.78962807E+000  0.88443737E+000  0.11847392E+001  0.18490338E+001  0.26125161E+001  0.43713369E+001  0.81160605E+001
  0.30778224E+000  0.34259097E+000  0.45249101E+000  0.59491735E+000  0.78963272E+000  0.88444025E+000  0.11847476E+001  0.18490494E+001  0.26125197E+001  0.43713401E+001  0.81160582E+001
  0.30778246E+000  0.34259254E+000  0.45249282E+000  0.59491735E+000  0.78963724E+000  0.88444314E+000  0.11847552E+001  0.18490653E+001  0.26125232E+001  0.43713434E+001  0.81160559E+001
  0.30778269E+000  0.34259411E+000  0.45249463E+000  0.59491735E+000  0.78964163E+000  0.88444602E+000  0.11847618E+001  0.18490816E+001  0.26125268E+001  0.43713467E+001  0.81160536E+001
  0.30778294E+000  0.34259567E+000  0.45249644E+000  0.59491735E+000  0.78964588E+000  0.88444887E+000  0.11847675E+001  0.18490981E+001  0.26125304E+001  0.43713500E+001  0.81160513E+001
  0.30778320E+000  0.34259721E+000  0.45249823E+000  0.59491735E+000  0.78965000E+000  0.88445170E+000  0.11847723E+001  0.18491148E+001  0.26125341E+001  0.43713532E+001  0.81160490E+001
  0.30778346E+000  0.34259874E+000  0.45250000E+000  0.59491735E+000  0.78965396E+000  0.88445448E+000  0.11847763E+001  0.18491318E+001  0.26125377E+001  0.43713565E+001  0.81160468E+001
  0.30778372E+000  0.34260024E+000  0.45250175E+000  0.59491735E+000  0.78965779E+000  0.88445722E+000  0.11847796E+001  0.18491489E+001  0.26125413E+001  0.43713597E+001  0.81160445E+001
  0.30778398E+000  0.34260172E+000  0.45250348E+000  0.59491735E+000  0.78966147E+000  0.88443957E+000  0.11847820E+001  0.18491663E+001  0.26125449E+001  0.43713629E+001  0.81160423E+001
  0.30778423E+000  0.34260317E+000  0.45250517E+000  0.59491735E+000  0.78966502E+000  0.88444242E+000  0.11847838E+001  0.18491837E+001  0.26125485E+001  0.43713660E+001  0.81160401E+001
  0.30778448E+000  0.34260459E+000  0.45250684E+000  0.59491735E+000  0.78966842E+000  0.88444520E+000  0.11847850E+001  0.18492013E+001  0.26125521E+001  0.43713691E+001  0.81160380E+001
  0.30778473E+000  0.34260598E+000  0.45250847E+000  0.59491735E+000  0.78967168E+000  0.88444792E+000  0.11847856E+001  0.18492190E+001  0.26125556E+001  0.43713721E+001  0.81160359E+001
  0.30778497E+000  0.34260734E+000  0.45251006E+000  0.59491735E+000  0.78967480E+000  0.88445058E+000  0.11848669E+001  0.18492368E+001  0.26125592E+001  0.43713751E+001  0.81160338E+001
  0.30778520E+000  0.34260866E+000  0.45251162E+000  0.59491735E+000  0.78967779E+000  0.88445317E+000  0.11849883E+001  0.18492546E+001  0.26125626E+001  0.43713780E+001  0.81160317E+001
  0.30778542E+000  0.34260995E+000  0.45251313E+000  0.59491735E+000  0.78968065E+000  0.88445569E+000  0.11851297E+001  0.18492725E+001  0.26125661E+001  0.43713808E+001  0.81160297E+001
  0.30778564E+000  0.34261120E+000  0.45251461E+000  0.59491735E+000  0.78968337E+000  0.88445814E+000  0.11851349E+001  0.18492904E+001  0.26125695E+001  0.43713836E+001  0.81160277E+001
  0.30778585E+000  0.34261242E+000  0.45251605E+000  0.59491735E+000  0.78968596E+000  0.88446053E+000  0.11851399E+001  0.18495177E+001  0.26125728E+001  0.43713864E+001  0.81160257E+001
  0.30778606E+000  0.34261360E+000  0.45251745E+000  0.59491735E+000  0.78968843E+000  0.88446285E+000  0.11851448E+001  0.18496986E+001  0.26125761E+001  0.43713890E+001  0.81160238E+001
  0.30778625E+000  0.34261475E+000  0.45251881E+000  0.59491735E+000  0.78969077E+000  0.88446510E+000  0.11851495E+001  0.18506956E+001  0.26125793E+001  0.43713916E+001  0.81160220E+001
  0.30778644E+000  0.34261585E+000  0.45252013E+000  0.59491735E+000  0.78969299E+000  0.88446728E+000  0.11851541E+001  0.18517434E+001  0.26125825E+001  0.43713941E+001  0.81160201E+001
  0.30778662E+000  0.34261692E+000  0.45252140E+000  0.59491735E+000  0.78969509E+000  0.88446940E+000  0.11851585E+001  0.18518643E+001  0.26125856E+001  0.43713966E+001  0.81160183E+001
  0.30778680E+000  0.34261796E+000  0.45252264E+000  0.59491735E+000  0.78969708E+000  0.88447145E+000  0.11851628E+001  0.18518729E+001  0.26125887E+001  0.43713990E+001  0.81160166E+001
  0.30778696E+000  0.34261896E+000  0.45252384E+000  0.59491735E+000  0.78969896E+000  0.88447344E+000  0.11851669E+001  0.18518796E+001  0.26125917E+001  0.43714013E+001  0.81160149E+001
  0.30778712E+000  0.34261992E+000  0.45252500E+000  0.59491735E+000  0.78970073E+000  0.88447537E+000  0.11851709E+001  0.18518689E+001  0.26125947E+001  0.43714036E+001  0.81160132E+001
  0.30778727E+000  0.34262085E+000  0.45244416E+000  0.59491735E+000  0.79019835E+000  0.88447725E+000  0.11851747E+001  0.18518918E+001  0.26125976E+001  0.43714058E+001  0.81160116E+001
  0.30778742E+000  0.34262174E+000  0.45244507E+000  0.59491735E+000  0.79020539E+000  0.88447906E+000  0.11851785E+001  0.18534875E+001  0.26126004E+001  0.43714080E+001  0.81160100E+001
  0.30778755E+000  0.34262261E+000  0.45244594E+000  0.59491735E+000  0.79021199E+000  0.88448083E+000  0.11851821E+001  0.18536228E+001  0.26126032E+001  0.43714101E+001  0.81160085E+001
  0.30778768E+000  0.34262344E+000  0.45252905E+000  0.59491735E+000  0.79021818E+000  0.88448255E+000  0.11851856E+001  0.18537687E+001  0.26126059E+001  0.43714121E+001  0.81160070E+001
  0.30778781E+000  0.34262425E+000  0.45252984E+000  0.59491735E+000  0.79022397E+000  0.88448423E+000  0.11851890E+001  0.18538120E+001  0.26126085E+001  0.43714141E+001  0.81160055E+001
  0.30778793E+000  0.34262503E+000  0.45253060E+000  0.59491735E+000  0.79030029E+000  0.88448586E+000  0.11851923E+001  0.18538192E+001  0.26126111E+001  0.43714161E+001  0.81160041E+001
  0.30778804E+000  0.34262579E+000  0.45253134E+000  0.59491735E+000  0.79041386E+000  0.88448745E+000  0.11851955E+001  0.18538262E+001  0.26126137E+001  0.43714180E+001  0.81160027E+001
  0.30778815E+000  0.34262653E+000  0.45253206E+000  0.59491735E+000  0.79041615E+000  0.88448901E+000  0.11851986E+001  0.18538329E+001  0.26126162E+001  0.43714198E+001  0.81160014E+001
  0.30778825E+000  0.34262725E+000  0.45253277E+000  0.59491735E+000  0.79041830E+000  0.88449054E+000  0.11852017E+001  0.18538393E+001  0.26126187E+001  0.43714217E+001  0.81160000E+001
  0.30778835E+000  0.34262795E+000  0.45253346E+000  0.59491735E+000  0.79042033E+000  0.88449204E+000  0.11852047E+001  0.18538455E+001  0.26126211E+001  0.43714235E+001  0.81159988E+001
  0.30778844E+000  0.34262863E+000  0.45253413E+000  0.59491735E+000  0.79042225E+000  0.88449350E+000  0.11852076E+001  0.18538515E+001  0.26126235E+001  0.43714252E+001  0.81159975E+001
  0.30778853E+000  0.34262930E+000  0.45253480E+000  0.59491735E+000  0.79042407E+000  0.88449494E+000  0.11852105E+001  0.18538572E+001  0.26126258E+001  0.43714269E+001  0.81159963E+001
  0.30778862E+000  0.34262996E+000  0.45253545E+000  0.59491735E+000  0.79042579E+000  0.88449636E+000  0.11852133E+001  0.18538627E+001  0.26126282E+001  0.43714286E+001  0.81159952E+001
  0.30778871E+000  0.34263060E+000  0.45253609E+000  0.59491735E+000  0.79042742E+000  0.88449775E+000  0.11852161E+001  0.18538681E+001  0.26126304E+001  0.43714303E+001  0.81159941E+001
  0.30778879E+000  0.34263123E+000  0.45253672E+000  0.59491735E+000  0.79042897E+000  0.88449911E+000  0.11852188E+001  0.18538732E+001  0.26126327E+001  0.43714319E+001  0.81159930E+001
  0.30778887E+000  0.34263184E+000  0.45253734E+000  0.59491735E+000  0.79043044E+000  0.88450044E+000  0.11852214E+001  0.18538782E+001  0.26126349E+001  0.43714335E+001  0.81159920E+001
  0.30778895E+000  0.34263245E+000  0.45253795E+000  0.59491735E+000  0.79043184E+000  0.88450175E+000  0.11852240E+001  0.18538829E+001  0.26126370E+001  0.43714351E+001  0.81159911E+001
  0.30778903E+000  0.34263303E+000  0.45253854E+000  0.59491735E+000  0.79043317E+000  0.88450303E+000  0.11852266E+001  0.18538875E+001  0.26126391E+001  0.43714367E+001  0.81159902E+001
  0.30778911E+000  0.34263361E+000  0.45253913E+000  0.59491735E+000  0.79043444E+000  0.88450427E+000  0.11852363E+001  0.18538919E+001  0.26126416E+001  0.43714381E+001  0.81159894E+001
  0.30778919E+000  0.34263417E+000  0.45253970E+000  0.59491735E+000  0.79043564E+000  0.88450548E+000  0.11852384E+001  0.18538960E+001  0.26126466E+001  0.43714396E+001  0.81159886E+001
  0.30778926E+000  0.34263471E+000  0.45254025E+000  0.59491735E+000  0.79043679E+000  0.88450665E+000  0.11852404E+001  0.18539000E+001  0.26126514E+001  0.43714410E+001  0.81159879E+001
  0.30778933E+000  0.34263524E+000  0.45254079E+000  0.59491735E+000  0.79043787E+000  0.88450779E+000  0.11852424E+001  0.18538035E+001  0.26126561E+001  0.43714424E+001  0.81159873E+001
  0.30778941E+000  0.34263575E+000  0.45254132E+000  0.59491735E+000  0.79043891E+000  0.88450888E+000  0.11852443E+001  0.18538152E+001  0.26126606E+001  0.43713444E+001  0.81159868E+001
  0.30778948E+000  0.34263624E+000  0.45254182E+000  0.59491735E+000  0.79043988E+000  0.88450994E+000  0.11852462E+001  0.18538267E+001  0.26126649E+001  0.43713461E+001  0.81159863E+001
  0.30778954E+000  0.34263671E+000  0.45254231E+000  0.59491735E+000  0.79044081E+000  0.88451095E+000  0.11852479E+001  0.18538380E+001  0.26126691E+001  0.43713478E+001  0.81159860E+001
  0.30778961E+000  0.34263717E+000  0.45254277E+000  0.59491735E+000  0.79044168E+000  0.88451191E+000  0.11852496E+001  0.18538491E+001  0.26126732E+001  0.43713494E+001  0.81159857E+001
  0.30778967E+000  0.34263760E+000  0.45254321E+000  0.59491735E+000  0.79044251E+000  0.88451283E+000  0.11852513E+001  0.18538601E+001  0.26126770E+001  0.43713510E+001  0.81159855E+001
  0.30778973E+000  0.34263802E+000  0.45254364E+000  0.59491735E+000  0.79044328E+000  0.88451371E+000  0.11852528E+001  0.18538709E+001  0.26126807E+001  0.43713526E+001  0.81159854E+001
  0.30778979E+000  0.34263841E+000  0.45254404E+000  0.59491735E+000  0.79044401E+000  0.88451453E+000  0.11852543E+001  0.18538816E+001  0.26126843E+001  0.43713541E+001  0.81159854E+001
  0.30778985E+000  0.34263878E+000  0.45254442E+000  0.59491735E+000  0.79044469E+000  0.88451532E+000  0.11852557E+001  0.18538922E+001  0.26126876E+001  0.43713556E+001  0.81159854E+001
  0.30778990E+000  0.34263914E+000  0.45254478E+000  0.59491735E+000  0.79044534E+000  0.88451605E+000  0.11852570E+001  0.18539027E+001  0.26126908E+001  0.43713570E+001  0.81159856E+001
  0.30778995E+000  0.34263947E+000  0.45254512E+000  0.59491735E+000  0.79044593E+000  0.88451674E+000  0.11852583E+001  0.18539131E+001  0.26126939E+001  0.43713584E+001  0.81159859E+001
  0.30779000E+000  0.34263979E+000  0.45254543E+000  0.59491735E+000  0.79044649E+000  0.88451739E+000  0.11852594E+001  0.18539235E+001  0.26126967E+001  0.43713598E+001  0.81159862E+001
  0.30779004E+000  0.34264008E+000  0.45254573E+000  0.59491735E+000  0.79044702E+000  0.88450198E+000  0.11852605E+001  0.18539335E+001  0.26126995E+001  0.43713611E+001  0.81159867E+001
  0.30779008E+000  0.34264036E+000  0.45254600E+000  0.59491735E+000  0.79046946E+000  0.88450257E+000  0.11852615E+001  0.18539400E+001  0.26127020E+001  0.43713624E+001  0.81159872E+001
  0.30779012E+000  0.34264062E+000  0.45254626E+000  0.59491735E+000  0.79047328E+000  0.88450312E+000  0.11852625E+001  0.18539469E+001  0.26127045E+001  0.43713637E+001  0.81159878E+001
  0.30779016E+000  0.34264087E+000  0.45254650E+000  0.59491735E+000  0.79047718E+000  0.88450363E+000  0.11852634E+001  0.18542517E+001  0.26127068E+001  0.43713649E+001  0.81159886E+001
  0.30779019E+000  0.34264109E+000  0.45254672E+000  0.59491735E+000  0.79048516E+000  0.88450410E+000  0.11852642E+001  0.18546419E+001  0.26127089E+001  0.43713661E+001  0.81159894E+001
  0.30779023E+000  0.34264131E+000  0.45254692E+000  0.59491735E+000  0.79049876E+000  0.88450454E+000  0.11852650E+001  0.18552470E+001  0.26127110E+001  0.43713673E+001  0.81159903E+001
  0.30779025E+000  0.34264151E+000  0.45254711E+000  0.59491735E+000  0.79049979E+000  0.88450495E+000  0.11852657E+001  0.18552907E+001  0.26127129E+001  0.43713685E+001  0.81159913E+001
  0.30779028E+000  0.34264169E+000  0.45254729E+000  0.59491735E+000  0.79050079E+000  0.88450533E+000  0.11852663E+001  0.18555680E+001  0.26127147E+001  0.43713696E+001  0.81159924E+001
  0.30779031E+000  0.34264186E+000  0.45254744E+000  0.59491735E+000  0.79050175E+000  0.88450568E+000  0.11852670E+001  0.18555758E+001  0.26127164E+001  0.43713708E+001  0.81159936E+001
  0.30779033E+000  0.34264202E+000  0.45254759E+000  0.59491735E+000  0.79050269E+000  0.88450600E+000  0.11852675E+001  0.18555837E+001  0.26127181E+001  0.43713719E+001  0.81159949E+001
  0.30779035E+000  0.34264217E+000  0.45254772E+000  0.59491735E+000  0.79050359E+000  0.88450630E+000  0.11852680E+001  0.18568070E+001  0.26127196E+001  0.43713730E+001  0.81159963E+001
  0.30779037E+000  0.34264231E+000  0.45254784E+000  0.59491735E+000  0.79050447E+000  0.88450657E+000  0.11852685E+001  0.18568092E+001  0.26127210E+001  0.43713741E+001  0.81159978E+001
  0.30779039E+000  0.34264243E+000  0.45254795E+000  0.59491735E+000  0.79050532E+000  0.88450682E+000  0.11852689E+001  0.18568113E+001  0.26127224E+001  0.43713752E+001  0.81159993E+001
  0.30779040E+000  0.34264255E+000  0.45254805E+000  0.59491735E+000  0.79050614E+000  0.88450705E+000  0.11852693E+001  0.18568135E+001  0.26127237E+001  0.43713763E+001  0.81160010E+001
  0.30779042E+000  0.34264266E+000  0.45254814E+000  0.59491735E+000  0.79050694E+000  0.88450726E+000  0.11852697E+001  0.18568156E+001  0.26127249E+001  0.43713773E+001  0.81160028E+001
  0.30779043E+000  0.34264276E+000  0.45254822E+000  0.59491735E+000  0.79050772E+000  0.88450745E+000  0.11852700E+001  0.18568178E+001  0.26127261E+001  0.43713784E+001  0.81160047E+001
  0.30779044E+000  0.34264285E+000  0.45254829E+000  0.59491735E+000  0.79050847E+000  0.88450763E+000  0.11852703E+001  0.18568199E+001  0.26127272E+001  0.43713795E+001  0.81160066E+001
  0.30779045E+000  0.34264294E+000  0.45254836E+000  0.59491735E+000  0.79050921E+000  0.88450778E+000  0.11852706E+001  0.18568220E+001  0.26127282E+001  0.43713806E+001  0.81160087E+001
  0.30779046E+000  0.34264302E+000  0.45254842E+000  0.59491735E+000  0.79050992E+000  0.88450793E+000  0.11852709E+001  0.18568241E+001  0.26127293E+001  0.43713816E+001  0.81160109E+001
  0.30779047E+000  0.34264309E+000  0.45254847E+000  0.59491735E+000  0.79051061E+000  0.88450806E+000  0.11852711E+001  0.18568262E+001  0.26127302E+001  0.43713827E+001  0.81160131E+001
  0.30779048E+000  0.34264316E+000  0.45254851E+000  0.59491735E+000  0.79051129E+000  0.88450818E+000  0.11852713E+001  0.18568282E+001  0.26127311E+001  0.43713838E+001  0.81160155E+001
  0.30779048E+000  0.34264322E+000  0.45254855E+000  0.59491735E+000  0.79051195E+000  0.88450828E+000  0.11852715E+001  0.18568303E+001  0.26127320E+001  0.43713849E+001  0.81160180E+001
  0.30779049E+000  0.34264327E+000  0.45254859E+000  0.59491735E+000  0.79051258E+000  0.88450838E+000  0.11852716E+001  0.18568323E+001  0.26127329E+001  0.43713860E+001  0.81160205E+001
  0.30779049E+000  0.34264332E+000  0.45254862E+000  0.59491735E+000  0.79051321E+000  0.88450847E+000  0.11852718E+001  0.18568343E+001  0.26127337E+001  0.43713871E+001  0.81160232E+001
  0.30779050E+000  0.34264337E+000  0.45254865E+000  0.59491735E+000  0.79051381E+000  0.88450854E+000  0.11852719E+001  0.18568363E+001  0.26127345E+001  0.43713882E+001  0.81160259E+001
  0.30779050E+000  0.34264341E+000  0.45254867E+000  0.59491735E+000  0.79051440E+000  0.88450861E+000  0.11852720E+001  0.18568382E+001  0.26127352E+001  0.43713893E+001  0.81160288E+001
  0.30779051E+000  0.34264345E+000  0.45254869E+000  0.59491735E+000  0.79051497E+000  0.88450868E+000  0.11852721E+001  0.18568402E+001  0.26127360E+001  0.43713904E+001  0.81160318E+001
  0.30779051E+000  0.34264349E+000  0.45254871E+000  0.59491735E+000  0.79051552E+000  0.88450873E+000  0.11852722E+001  0.18568421E+001  0.26127367E+001  0.43713915E+001  0.81160348E+001
  0.30779051E+000  0.34264352E+000  0.45254872E+000  0.59491735E+000  0.79051606E+000  0.88450878E+000  0.11852723E+001  0.18568440E+001  0.26127374E+001  0.43713926E+001  0.81160380E+001
  0.30779051E+000  0.34264355E+000  0.45254873E+000  0.59491735E+000  0.79051659E+000  0.88450882E+000  0.11852724E+001  0.18568458E+001  0.26127381E+001  0.43713938E+001  0.81160412E+001
  0.30779052E+000  0.34264358E+000  0.45254874E+000  0.59491735E+000  0.79051710E+000  0.88450886E+000  0.11852725E+001  0.18568477E+001  0.26127387E+001  0.43713949E+001  0.81160446E+001
  0.30779052E+000  0.34264360E+000  0.45254875E+000  0.59491735E+000  0.79051760E+000  0.88450890E+000  0.11852725E+001  0.18568495E+001  0.26127394E+001  0.43713961E+001  0.81160481E+001
  0.30779052E+000  0.34264362E+000  0.45254875E+000  0.59491735E+000  0.79051808E+000  0.88450893E+000  0.11852726E+001  0.18568513E+001  0.26127400E+001  0.43713972E+001  0.81160516E+001
  0.30779052E+000  0.34264364E+000  0.45254875E+000  0.59491735E+000  0.79051855E+000  0.88450895E+000  0.11852726E+001  0.18568530E+001  0.26127406E+001  0.43713984E+001  0.81160552E+001
  0.30779052E+000  0.34264366E+000  0.45254876E+000  0.59491735E+000  0.79051900E+000  0.88450897E+000  0.11852726E+001  0.18568548E+001  0.26127412E+001  0.43713995E+001  0.81160590E+001
  0.30779052E+000  0.34264367E+000  0.45254876E+000  0.59491735E+000  0.79051944E+000  0.88450899E+000  0.11852727E+001  0.18568565E+001  0.26127418E+001  0.43714007E+001  0.81160628E+001
  0.30779052E+000  0.34264369E+000  0.45254876E+000  0.59491735E+000  0.79051986E+000  0.88450901E+000  0.11852727E+001  0.18568582E+001  0.26127424E+001  0.43714019E+001  0.81160667E+001
  0.30779052E+000  0.34264370E+000  0.45254875E+000  0.59491735E+000  0.79052028E+000  0.88450902E+000  0.11852727E+001  0.18568599E+001  0.26127430E+001  0.43714031E+001  0.81160707E+001
  0.30779052E+000  0.34264371E+000  0.45254875E+000  0.59491735E+000  0.79052068E+000  0.88450904E+000  0.11852727E+001  0.18568615E+001  0.26127435E+001  0.43714042E+001  0.81160748E+001
  0.30779052E+000  0.34264372E+000  0.45254875E+000  0.59491735E+000  0.79052106E+000  0.88450905E+000  0.11852728E+001  0.18568631E+001  0.26127441E+001  0.43714054E+001  0.81160789E+001
  0.30779052E+000  0.34264373E+000  0.45254875E+000  0.59491735E+000  0.79052143E+000  0.88450905E+000  0.11852728E+001  0.18568647E+001  0.26127446E+001  0.43714066E+001  0.81160832E+001
  0.30779052E+000  0.34264374E+000  0.45254874E+000  0.59491735E+000  0.79052179E+000  0.88450906E+000  0.11852728E+001  0.18568662E+001  0.26127452E+001  0.43714078E+001  0.81160875E+001
  0.30779052E+000  0.34264375E+000  0.45254874E+000  0.59491735E+000  0.79052214E+000  0.88450906E+000  0.11852728E+001  0.18568678E+001  0.26127457E+001  0.43714090E+001  0.81160919E+001
  0.30779052E+000  0.34264375E+000  0.45254873E+000  0.59491735E+000  0.79052248E+000  0.88450907E+000  0.11852728E+001  0.18568693E+001  0.26127462E+001  0.43714102E+001  0.81160963E+001
  0.30779052E+000  0.34264376E+000  0.45254873E+000  0.59491735E+000  0.79052280E+000  0.88450907E+000  0.11852728E+001  0.18568707E+001  0.26127467E+001  0.43714113E+001  0.81161009E+001
  0.30779052E+000  0.34264376E+000  0.45254872E+000  0.59491735E+000  0.79052311E+000  0.88450907E+000  0.11852728E+001  0.18568722E+001  0.26127473E+001  0.43714125E+001  0.81161054E+001
  0.30779052E+000  0.34264377E+000  0.45254872E+000  0.59491735E+000  0.79052341E+000  0.88450907E+000  0.11852728E+001  0.18568736E+001  0.26127477E+001  0.43714137E+001  0.81161101E+001
  0.30779052E+000  0.34264377E+000  0.45254871E+000  0.59491735E+000  0.79052370E+000  0.88450907E+000  0.11852728E+001  0.18568750E+001  0.26127482E+001  0.43714149E+001  0.81161147E+001
  0.30779052E+000  0.34264377E+000  0.45254871E+000  0.59491735E+000  0.79052397E+000  0.88450907E+000  0.11852728E+001  0.18568763E+001  0.26127487E+001  0.43714160E+001  0.81161195E+001
  0.30779052E+000  0.34264378E+000  0.45254870E+000  0.59491735E+000  0.79052424E+000  0.88450907E+000  0.11852728E+001  0.18568776E+001  0.26127492E+001  0.43714172E+001  0.81161243E+001
  0.30779052E+000  0.34264378E+000  0.45254870E+000  0.59491735E+000  0.79052449E+000  0.88450907E+000  0.11852728E+001  0.18568789E+001  0.26127497E+001  0.43714183E+001  0.81161291E+001
  0.30779052E+000  0.34264378E+000  0.45254869E+000  0.59491735E+000  0.79052473E+000  0.88450907E+000  0.11852728E+001  0.18568802E+001  0.26127501E+001  0.43714195E+001  0.81161339E+001
  0.30779052E+000  0.34264378E+000  0.45254869E+000  0.59491735E+000  0.79052497E+000  0.88450907E+000  0.11852728E+001  0.18568814E+001  0.26127506E+001  0.43714206E+001  0.81161388E+001
  0.30779051E+000  0.34264378E+000  0.45254868E+000  0.59491735E+000  0.79052519E+000  0.88450906E+000  0.11852728E+001  0.18568826E+001  0.26127510E+001  0.43714217E+001  0.81161437E+001
  0.30779051E+000  0.34264378E+000  0.45254868E+000  0.59491735E+000  0.79052540E+000  0.88450906E+000  0.11852728E+001  0.18568838E+001  0.26127515E+001  0.43714229E+001  0.81161487E+001
  0.30779051E+000  0.34264378E+000  0.45254867E+000  0.59491735E+000  0.79052560E+000  0.88450906E+000  0.11852728E+001  0.18568849E+001  0.26127519E+001  0.43714240E+001  0.81161536E+001
  0.30779051E+000  0.34264378E+000  0.45254866E+000  0.59491735E+000  0.79052579E+000  0.88450905E+000  0.11852728E+001  0.18568861E+001  0.26127523E+001  0.43714251E+001  0.81161586E+001
  0.30779051E+000  0.34264378E+000  0.45254866E+000  0.59491735E+000  0.79052598E+000  0.88450905E+000  0.11852728E+001  0.18568871E+001  0.26127527E+001  0.43714262E+001  0.81161636E+001
  0.30779051E+000  0.34264378E+000  0.45254865E+000  0.59491735E+000  0.79052615E+000  0.88450905E+000  0.11852728E+001  0.18568882E+001  0.26127531E+001  0.43714272E+001  0.81161685E+001
  0.30779051E+000  0.34264378E+000  0.45254865E+000  0.59491735E+000  0.79052632E+000  0.88450904E+000  0.11852728E+001  0.18568912E+001  0.26127535E+001  0.43714283E+001  0.81161735E+001
  0.30779051E+000  0.34264378E+000  0.45254865E+000  0.59491735E+000  0.79052648E+000  0.88450904E+000  0.11852728E+001  0.18569062E+001  0.26127539E+001  0.43714293E+001  0.81161785E+001
  0.30779051E+000  0.34264378E+000  0.45254864E+000  0.59491735E+000  0.79052662E+000  0.88450904E+000  0.11852728E+001  0.18571391E+001  0.26127543E+001  0.43714303E+001  0.81161834E+001
  0.30779051E+000  0.34264378E+000  0.45254864E+000  0.59491735E+000  0.79052677E+000  0.88450903E+000  0.11852728E+001  0.18572473E+001  0.26127547E+001  0.43714314E+001  0.81161884E+001
  0.30779051E+000  0.34264378E+000  0.45254863E+000  0.59491735E+000  0.79052690E+000  0.88450903E+000  0.11852728E+001  0.18572780E+001  0.26127550E+001  0.43714324E+001  0.81161933E+001
  0.30779051E+000  0.34264378E+000  0.45254863E+000  0.59491735E+000  0.79052703E+000  0.88450902E+000  0.11852728E+001  0.18572813E+001  0.26127554E+001  0.43714333E+001  0.81161982E+001
  0.30779051E+000  0.34264378E+000  0.45254862E+000  0.59491735E+000  0.79052715E+000  0.88450902E+000  0.11852728E+001  0.18572860E+001  0.26127557E+001  0.43714343E+001  0.81162030E+001
  0.30779051E+000  0.34264378E+000  0.45254862E+000  0.59491735E+000  0.79052726E+000  0.88450902E+000  0.11852728E+001  0.18572906E+001  0.26127560E+001  0.43714352E+001  0.81162079E+001
  0.30779051E+000  0.34264378E+000  0.45254862E+000  0.59491735E+000  0.79052737E+000  0.88450901E+000  0.11852728E+001  0.18572950E+001  0.26127564E+001  0.43714362E+001  0.81162127E+001
  0.30779051E+000  0.34264378E+000  0.45254861E+000  0.59491735E+000  0.79052747E+000  0.88450901E+000  0.11852728E+001  0.18572992E+001  0.26127567E+001  0.43714371E+001  0.81162174E+001
  0.30779051E+000  0.34264377E+000  0.45254861E+000  0.59491735E+000  0.79052756E+000  0.88450901E+000  0.11852728E+001  0.18573033E+001  0.26127570E+001  0.43714380E+001  0.81162221E+001
  0.30779051E+000  0.34264377E+000  0.45254861E+000  0.59491735E+000  0.79052765E+000  0.88450900E+000  0.11852728E+001  0.18573073E+001  0.26127573E+001  0.43714389E+001  0.81162268E+001
  0.30779051E+000  0.34264377E+000  0.45254860E+000  0.59491735E+000  0.79052774E+000  0.88450900E+000  0.11852728E+001  0.18573111E+001  0.26127576E+001  0.43714397E+001  0.81162314E+001
  0.30779050E+000  0.34264377E+000  0.45254860E+000  0.59491735E+000  0.79052782E+000  0.88450900E+000  0.11852728E+001  0.18573148E+001  0.26127579E+001  0.43714405E+001  0.81162360E+001
  0.30779050E+000  0.34264377E+000  0.45254860E+000  0.59491735E+000  0.79052789E+000  0.88450899E+000  0.11852728E+001  0.18573183E+001  0.26127582E+001  0.43714414E+001  0.81162405E+001
  0.30779050E+000  0.34264377E+000  0.45254860E+000  0.59491735E+000  0.79052796E+000  0.88450899E+000  0.11852728E+001  0.18573217E+001  0.26127584E+001  0.43714422E+001  0.81162449E+001
  0.30779050E+000  0.34264377E+000  0.45254859E+000  0.59491735E+000  0.79052803E+000  0.88450899E+000  0.11852728E+001  0.18573250E+001  0.26127587E+001  0.43714430E+001  0.81162493E+001
  0.30779050E+000  0.34264377E+000  0.45254859E+000  0.59491735E+000  0.79052809E+000  0.88450898E+000  0.11852728E+001  0.18573281E+001  0.26127589E+001  0.43714437E+001  0.81162536E+001
  0.30779050E+000  0.34264377E+000  0.45254859E+000  0.59491735E+000  0.79052815E+000  0.88450898E+000  0.11852728E+001  0.18573311E+001  0.26127592E+001  0.43714445E+001  0.81162579E+001
  0.30779050E+000  0.34264377E+000  0.45254859E+000  0.59491735E+000  0.79052821E+000  0.88450898E+000  0.11852728E+001  0.18573340E+001  0.26127594E+001  0.43714452E+001  0.81162621E+001
  0.30779050E+000  0.34264377E+000  0.45254858E+000  0.59491735E+000  0.79052826E+000  0.88450898E+000  0.11852728E+001  0.18573368E+001  0.26127597E+001  0.43714459E+001  0.81162662E+001
  0.30779050E+000  0.34264377E+000  0.45254858E+000  0.59491735E+000  0.79052830E+000  0.88450897E+000  0.11852728E+001  0.18573395E+001  0.26127599E+001  0.43714466E+001  0.81162702E+001
  0.30779050E+000  0.34264376E+000  0.45254858E+000  0.59491735E+000  0.79052835E+000  0.88450897E+000  0.11852728E+001  0.18573420E+001  0.26127601E+001  0.43714472E+001  0.81162742E+001
  0.30779050E+000  0.34264376E+000  0.45254858E+000  0.59491735E+000  0.79052839E+000  0.88450897E+000  0.11852728E+001  0.18573444E+001  0.26127603E+001  0.43714479E+001  0.81162781E+001
  0.30779050E+000  0.34264376E+000  0.45254858E+000  0.59491735E+000  0.79052843E+000  0.88450897E+000  0.11852728E+001  0.18573467E+001  0.26127605E+001  0.43714485E+001  0.81162819E+001
  0.30779050E+000  0.34264376E+000  0.45254858E+000  0.59491735E+000  0.79052847E+000  0.88450897E+000  0.11852728E+001  0.18573489E+001  0.26127607E+001  0.43714491E+001  0.81162856E+001
  0.30779050E+000  0.34264376E+000  0.45254857E+000  0.59491735E+000  0.79052850E+000  0.88450896E+000  0.11852728E+001  0.18573510E+001  0.26127609E+001  0.43714497E+001  0.81162893E+001
  0.30779050E+000  0.34264376E+000  0.45254857E+000  0.59491735E+000  0.79052853E+000  0.88450896E+000  0.11852728E+001  0.18573531E+001  0.26127610E+001  0.43714503E+001  0.81162929E+001
  0.30779050E+000  0.34264376E+000  0.45254857E+000  0.59491735E+000  0.79052856E+000  0.88450896E+000  0.11852728E+001  0.18573550E+001  0.26127612E+001  0.43714508E+001  0.81162964E+001
  0.30779050E+000  0.34264376E+000  0.45254857E+000  0.59491735E+000  0.79052859E+000  0.88450896E+000  0.11852728E+001  0.18573568E+001  0.26127614E+001  0.43714514E+001  0.81162998E+001
  0.30779050E+000  0.34264376E+000  0.45254857E+000  0.59491735E+000  0.79052862E+000  0.88450896E+000  0.11852728E+001  0.18573585E+001  0.26127615E+001  0.43714519E+001  0.81163031E+001
  0.30779050E+000  0.34264376E+000  0.45254857E+000  0.59491735E+000  0.79052864E+000  0.88450896E+000  0.11852728E+001  0.18574234E+001  0.26127617E+001  0.43714524E+001  0.81163063E+001
  0.30779050E+000  0.34264376E+000  0.45254857E+000  0.59491735E+000  0.79052867E+000  0.88450895E+000  0.11852728E+001  0.18574273E+001  0.26127618E+001  0.43714529E+001  0.81163095E+001
  0.30779050E+000  0.34264376E+000  0.45254857E+000  0.59491735E+000  0.79052869E+000  0.88450895E+000  0.11852728E+001  0.18574311E+001  0.26127620E+001  0.43714534E+001  0.81163126E+001
  0.30779050E+000  0.34264376E+000  0.45254857E+000  0.59491735E+000  0.79052871E+000  0.88450895E+000  0.11852728E+001  0.18574347E+001  0.26127621E+001  0.43714538E+001  0.81163156E+001
  0.30779050E+000  0.34264376E+000  0.45254856E+000  0.59491735E+000  0.79052873E+000  0.88450895E+000  0.11852728E+001  0.18574380E+001  0.26127622E+001  0.43714542E+001  0.81163185E+001
  0.30779050E+000  0.34264376E+000  0.45254856E+000  0.59491735E+000  0.79052874E+000  0.88450895E+000  0.11852728E+001  0.18574412E+001  0.26127623E+001  0.43714547E+001  0.81163213E+001
  0.30779050E+000  0.34264376E+000  0.45254856E+000  0.59491735E+000  0.79052876E+000  0.88450895E+000  0.11852727E+001  0.18574442E+001  0.26127625E+001  0.43714551E+001  0.81163241E+001
  0.30779050E+000  0.34264376E+000  0.45254856E+000  0.59491735E+000  0.79052877E+000  0.88450895E+000  0.11852727E+001  0.18574471E+001  0.26127626E+001  0.43714555E+001  0.81163268E+001
  0.30779050E+000  0.34264376E+000  0.45254856E+000  0.59491735E+000  0.79052879E+000  0.88450895E+000  0.11852728E+001  0.18574498E+001  0.26127627E+001  0.43714558E+001  0.81163294E+001
  0.30779050E+000  0.34264376E+000  0.45254856E+000  0.59491735E+000  0.79052880E+000  0.88450894E+000  0.11852728E+001  0.18574524E+001  0.26127628E+001  0.43714562E+001  0.81163319E+001
  0.30779050E+000  0.34264376E+000  0.45254856E+000  0.59491735E+000  0.79052881E+000  0.88450894E+000  0.11852728E+001  0.18574548E+001  0.26127629E+001  0.43714565E+001  0.81163343E+001
  0.30779050E+000  0.34264375E+000  0.45254856E+000  0.59491735E+000  0.79052881E+000  0.88450893E+000  0.11852727E+001  0.18574570E+001  0.26127629E+001  0.43714569E+001  0.81163367E+001
  0.30779050E+000  0.34264375E+000  0.45254855E+000  0.59491735E+000  0.79052881E+000  0.88450892E+000  0.11852727E+001  0.18574591E+001  0.26127630E+001  0.43714572E+001  0.81163390E+001
