  0.00000000E+000  0.00000000E+000  0.00000000E+000  0.00000000E+000  0.41981942E-001  0.36727710E+000  0.69478203E+001  0.46638238E+002  0.11404109E+003  0.30190220E+003  0.59261593E+003
  0.00000000E+000  0.00000000E+000  0.00000000E+000  0.00000000E+000  0.41911052E-001  0.36691232E+000  0.69394176E+001  0.46567206E+002  0.11387507E+003  0.30144068E+003  0.59176842E+003
  0.00000000E+000  0.00000000E+000  0.00000000E+000  0.00000000E+000  0.41852559E-001  0.36660546E+000  0.69322960E+001  0.46507584E+002  0.11373240E+003  0.30104790E+003  0.59104779E+003
  0.00000000E+000  0.00000000E+000  0.00000000E+000  0.00000000E+000  0.41803770E-001  0.36634812E+000  0.69262771E+001  0.46457386E+002  0.11361086E+003  0.30071425E+003  0.59043585E+003
  0.00000000E+000  0.00000000E+000  0.00000000E+000  0.00000000E+000  0.41762932E-001  0.36613288E+000  0.69212007E+001  0.46414972E+002  0.11350785E+003  0.30043117E+003  0.58991681E+003
  0.00000000E+000  0.00000000E+000  0.00000000E+000  0.00000000E+000  0.41728785E-001  0.36595312E+000  0.69169272E+001  0.46379106E+002  0.11342059E+003  0.30019119E+003  0.58947694E+003
  0.00000000E+000  0.00000000E+000  0.00000000E+000  0.00000000E+000  0.41700320E-001  0.36580331E+000  0.69133174E+001  0.46348641E+002  0.11334671E+003  0.29998789E+003  0.58910441E+003
  0.00000000E+000  0.00000000E+000  0.00000000E+000  0.00000000E+000  0.41676701E-001  0.36567880E+000  0.69102694E+001  0.46322779E+002  0.11328417E+003  0.29981574E+003  0.58878909E+003
  0.00000000E+000  0.00000000E+000  0.00000000E+000  0.00000000E+000  0.41657211E-001  0.36557572E+000  0.69076976E+001  0.46300844E+002  0.11323125E+003  0.29967006E+003  0.58852237E+003
  0.00000000E+000  0.00000000E+000  0.00000000E+000  0.00000000E+000  0.41641245E-001  0.36549080E+000  0.69055290E+001  0.46282257E+002  0.11318648E+003  0.29954684E+003  0.58829691E+003
  0.00000000E+000  0.00000000E+000  0.00000000E+000  0.00000000E+000  0.41628292E-001  0.36542114E+000  0.69037031E+001  0.46266515E+002  0.11314868E+003  0.29944271E+003  0.58810650E+003
  0.00000000E+000  0.00000000E+000  0.00000000E+000  0.00000000E+000  0.41617918E-001  0.36536444E+000  0.69021687E+001  0.46253225E+002  0.11311678E+003  0.29935479E+003  0.58794586E+003
  0.00000000E+000  0.00000000E+000  0.00000000E+000  0.00000000E+000  0.41609756E-001  0.36531877E+000  0.69008824E+001  0.46242022E+002  0.11308991E+003  0.29928066E+003  0.58781053E+003
  0.00000000E+000  0.00000000E+000  0.00000000E+000  0.00000000E+000  0.41603500E-001  0.36528248E+000  0.68998072E+001  0.46232600E+002  0.11306731E+003  0.29921827E+003  0.58769673E+003
  0.00000000E+000  0.00000000E+000  0.00000000E+000  0.00000000E+000  0.41598887E-001  0.36525421E+000  0.68989122E+001  0.46224714E+002  0.11304834E+003  0.29916586E+003  0.58760127E+003
  0.00000000E+000  0.00000000E+000  0.00000000E+000  0.00000000E+000  0.41595697E-001  0.36523280E+000  0.68981710E+001  0.46218138E+002  0.11303248E+003  0.29912195E+003  0.58752142E+003
  0.00000000E+000  0.00000000E+000  0.00000000E+000  0.00000000E+000  0.41593744E-001  0.36521726E+000  0.68975616E+001  0.46212679E+002  0.11301926E+003  0.29908530E+003  0.58745488E+003
  0.00000000E+000  0.00000000E+000  0.00000000E+000  0.00000000E+000  0.41592871E-001  0.36520678E+000  0.68970649E+001  0.46208175E+002  0.11300831E+003  0.29905485E+003  0.58739971E+003
  0.00000000E+000  0.00000000E+000  0.00000000E+000  0.00000000E+000  0.41592944E-001  0.36520066E+000  0.68966652E+001  0.46204488E+002  0.11299929E+003  0.29902969E+003  0.58735424E+003
  0.00000000E+000  0.00000000E+000  0.00000000E+000  0.00000000E+000  0.41593851E-001  0.36519831E+000  0.68963488E+001  0.46201501E+002  0.11299194E+003  0.29900905E+003  0.58731706E+003
  0.00000000E+000  0.00000000E+000  0.00000000E+000  0.00000000E+000  0.41595496E-001  0.36519924E+000  0.68961042E+001  0.46199114E+002  0.11298600E+003  0.29899227E+003  0.58728697E+003
  0.00000000E+000  0.00000000E+000  0.00000000E+000  0.00000000E+000  0.41597798E-001  0.36520301E+000  0.68959217E+001  0.46197241E+002  0.11298127E+003  0.29897881E+003  0.58726295E+003
  0.00000000E+000  0.00000000E+000  0.00000000E+000  0.00000000E+000  0.41600690E-001  0.36520929E+000  0.68957929E+001  0.46195810E+002  0.11297759E+003  0.29896817E+003  0.58724412E+003
  0.00000000E+000  0.00000000E+000  0.00000000E+000  0.00000000E+000  0.41604112E-001  0.36521777E+000  0.68957107E+001  0.46194759E+002  0.11297481E+003  0.29895996E+003  0.58722973E+003
  0.00000000E+000  0.00000000E+000  0.00000000E+000  0.00000000E+000  0.41608017E-001  0.36522819E+000  0.68956691E+001  0.46194035E+002  0.11297279E+003  0.29895383E+003  0.58721914E+003
  0.00000000E+000  0.00000000E+000  0.00000000E+000  0.00000000E+000  0.41612362E-001  0.36524033E+000  0.68956629E+001  0.46193592E+002  0.11297143E+003  0.29894946E+003  0.58721179E+003
  0.00000000E+000  0.00000000E+000  0.00000000E+000  0.00000000E+000  0.41617114E-001  0.36525402E+000  0.68956879E+001  0.46193391E+002  0.11297064E+003  0.29894661E+003  0.58720722E+003
  0.00000000E+000  0.00000000E+000  0.00000000E+000  0.00000000E+000  0.41622242E-001  0.36526910E+000  0.68957402E+001  0.46193400E+002  0.11297033E+003  0.29894505E+003  0.58720501E+003
  0.00000000E+000  0.00000000E+000  0.00000000E+000  0.00000000E+000  0.41627723E-001  0.36528544E+000  0.68958167E+001  0.46193588E+002  0.11297045E+003  0.29894459E+003  0.58720482E+003
  0.00000000E+000  0.00000000E+000  0.00000000E+000  0.00000000E+000  0.41633537E-001  0.36530292E+000  0.68959147E+001  0.46193933E+002  0.11297091E+003  0.29894507E+003  0.58720634E+003
  0.00000000E+000  0.00000000E+000  0.00000000E+000  0.00000000E+000  0.41639668E-001  0.36532145E+000  0.68960320E+001  0.46194412E+002  0.11297169E+003  0.29894634E+003  0.58720931E+003
  0.00000000E+000  0.00000000E+000  0.00000000E+000  0.00000000E+000  0.41646103E-001  0.36534095E+000  0.68961666E+001  0.46195009E+002  0.11297273E+003  0.29894828E+003  0.58721350E+003
  0.00000000E+000  0.00000000E+000  0.00000000E+000  0.00000000E+000  0.41652832E-001  0.36536136E+000  0.68963170E+001  0.46195708E+002  0.11297399E+003  0.29895079E+003  0.58721873E+003
  0.00000000E+000  0.00000000E+000  0.00000000E+000  0.00000000E+000  0.41659848E-001  0.36538261E+000  0.68964817E+001  0.46196496E+002  0.11297545E+003  0.29895377E+003  0.58722484E+003
  0.00000000E+000  0.00000000E+000  0.00000000E+000  0.00000000E+000  0.41667146E-001  0.36540465E+000  0.68966598E+001  0.46197362E+002  0.11297708E+003  0.29895716E+003  0.58723167E+003
  0.00000000E+000  0.00000000E+000  0.00000000E+000  0.00000000E+000  0.41674723E-001  0.36542745E+000  0.68968503E+001  0.46198298E+002  0.11297885E+003  0.29896088E+003  0.58723912E+003
  0.00000000E+000  0.00000000E+000  0.00000000E+000  0.00000000E+000  0.41682578E-001  0.36545096E+000  0.68970525E+001  0.46199296E+002  0.11298074E+003  0.29896488E+003  0.58724707E+003
  0.00000000E+000  0.00000000E+000  0.00000000E+000  0.00000000E+000  0.41690712E-001  0.36547516E+000  0.68972657E+001  0.46200349E+002  0.11298275E+003  0.29896912E+003  0.58725546E+003
  0.00000000E+000  0.00000000E+000  0.00000000E+000  0.00000000E+000  0.41699126E-001  0.36550001E+000  0.68974896E+001  0.46201454E+002  0.11298485E+003  0.29897356E+003  0.58726419E+003
  0.00000000E+000  0.00000000E+000  0.00000000E+000  0.00000000E+000  0.41707822E-001  0.36552549E+000  0.68977236E+001  0.46202605E+002  0.11298704E+003  0.29897816E+003  0.58727322E+003
  0.00000000E+000  0.00000000E+000  0.00000000E+000  0.00000000E+000  0.41716804E-001  0.36555157E+000  0.68979677E+001  0.46203800E+002  0.11298930E+003  0.29898290E+003  0.58728250E+003
  0.00000000E+000  0.00000000E+000  0.00000000E+000  0.00000000E+000  0.41726075E-001  0.36557824E+000  0.68982215E+001  0.46205038E+002  0.11299164E+003  0.29898776E+003  0.58729198E+003
  0.00000000E+000  0.00000000E+000  0.00000000E+000  0.00000000E+000  0.41735640E-001  0.36560546E+000  0.68984848E+001  0.46206315E+002  0.11299404E+003  0.29899272E+003  0.58730163E+003
  0.00000000E+000  0.00000000E+000  0.00000000E+000  0.00000000E+000  0.41745501E-001  0.36563321E+000  0.68987576E+001  0.46207631E+002  0.11299650E+003  0.29899776E+003  0.58731143E+003
  0.00000000E+000  0.00000000E+000  0.00000000E+000  0.00000000E+000  0.41755660E-001  0.36566148E+000  0.68990398E+001  0.46208987E+002  0.11299903E+003  0.29900289E+003  0.58732136E+003
  0.00000000E+000  0.00000000E+000  0.00000000E+000  0.00000000E+000  0.41766120E-001  0.36569023E+000  0.68993312E+001  0.46210380E+002  0.11300160E+003  0.29900808E+003  0.58733139E+003
  0.00000000E+000  0.00000000E+000  0.00000000E+000  0.00000000E+000  0.41776879E-001  0.36571944E+000  0.68996319E+001  0.46211812E+002  0.11300424E+003  0.29901334E+003  0.58734152E+003
  0.00000000E+000  0.00000000E+000  0.00000000E+000  0.00000000E+000  0.41787935E-001  0.36574908E+000  0.68999417E+001  0.46213284E+002  0.11300692E+003  0.29901865E+003  0.58735172E+003
  0.00000000E+000  0.00000000E+000  0.00000000E+000  0.00000000E+000  0.41799283E-001  0.36577912E+000  0.69002607E+001  0.46214794E+002  0.11300967E+003  0.29902402E+003  0.58736199E+003
  0.00000000E+000  0.00000000E+000  0.00000000E+000  0.00000000E+000  0.41810916E-001  0.36580952E+000  0.69005888E+001  0.46216345E+002  0.11301246E+003  0.29902944E+003  0.58737233E+003
  0.00000000E+000  0.00000000E+000  0.00000000E+000  0.00000000E+000  0.41822824E-001  0.36584026E+000  0.69009259E+001  0.46217938E+002  0.11301532E+003  0.29903490E+003  0.58738272E+003
  0.00000000E+000  0.00000000E+000  0.00000000E+000  0.00000000E+000  0.41834993E-001  0.36587129E+000  0.69012721E+001  0.46219573E+002  0.11301822E+003  0.29904042E+003  0.58739316E+003
  0.00000000E+000  0.00000000E+000  0.00000000E+000  0.00000000E+000  0.41847405E-001  0.36590257E+000  0.69016271E+001  0.46221251E+002  0.11302119E+003  0.29904598E+003  0.58740363E+003
  0.00000000E+000  0.00000000E+000  0.00000000E+000  0.00000000E+000  0.41860041E-001  0.36593406E+000  0.69019911E+001  0.46222974E+002  0.11302421E+003  0.29905158E+003  0.58741415E+003
  0.00000000E+000  0.00000000E+000  0.00000000E+000  0.00000000E+000  0.41872876E-001  0.36596572E+000  0.69023638E+001  0.46224743E+002  0.11302730E+003  0.29905723E+003  0.58742469E+003
  0.00000000E+000  0.00000000E+000  0.00000000E+000  0.00000000E+000  0.41885882E-001  0.36599749E+000  0.69027453E+001  0.46226560E+002  0.11303045E+003  0.29906293E+003  0.58743526E+003
  0.00000000E+000  0.00000000E+000  0.00000000E+000  0.00000000E+000  0.41899028E-001  0.36602934E+000  0.69031354E+001  0.46228426E+002  0.11303366E+003  0.29906868E+003  0.58744585E+003
  0.00000000E+000  0.00000000E+000  0.00000000E+000  0.00000000E+000  0.41912280E-001  0.36606121E+000  0.69035341E+001  0.46230343E+002  0.11303694E+003  0.29907447E+003  0.58745646E+003
  0.00000000E+000  0.00000000E+000  0.00000000E+000  0.00000000E+000  0.41925601E-001  0.36609304E+000  0.69039411E+001  0.46232313E+002  0.11304029E+003  0.29908031E+003  0.58746708E+003
  0.00000000E+000  0.00000000E+000  0.00000000E+000  0.00000000E+000  0.41938951E-001  0.36612480E+000  0.69043565E+001  0.46234338E+002  0.11304371E+003  0.29908620E+003  0.58747771E+003
  0.00000000E+000  0.00000000E+000  0.00000000E+000  0.00000000E+000  0.41952288E-001  0.36615643E+000  0.69047800E+001  0.46236418E+002  0.11304720E+003  0.29909214E+003  0.58748835E+003
  0.00000000E+000  0.00000000E+000  0.00000000E+000  0.00000000E+000  0.41965567E-001  0.36618789E+000  0.69052116E+001  0.46238557E+002  0.11305078E+003  0.29909814E+003  0.58749899E+003
  0.00000000E+000  0.00000000E+000  0.00000000E+000  0.00000000E+000  0.41978744E-001  0.36621912E+000  0.69056510E+001  0.46240756E+002  0.11305443E+003  0.29910420E+003  0.58750963E+003
  0.00000000E+000  0.00000000E+000  0.00000000E+000  0.00000000E+000  0.41991772E-001  0.36625009E+000  0.69060982E+001  0.46243017E+002  0.11305817E+003  0.29911032E+003  0.58752027E+003
  0.00000000E+000  0.00000000E+000  0.00000000E+000  0.00000000E+000  0.42004606E-001  0.36628075E+000  0.69065531E+001  0.46245342E+002  0.11306200E+003  0.29911651E+003  0.58753092E+003
  0.00000000E+000  0.00000000E+000  0.00000000E+000  0.00000000E+000  0.42017198E-001  0.36631108E+000  0.69070154E+001  0.46247732E+002  0.11306592E+003  0.29912276E+003  0.58754156E+003
  0.00000000E+000  0.00000000E+000  0.00000000E+000  0.00000000E+000  0.42029505E-001  0.36634104E+000  0.69074850E+001  0.46250190E+002  0.11306994E+003  0.29912910E+003  0.58755221E+003
  0.00000000E+000  0.00000000E+000  0.00000000E+000  0.00000000E+000  0.42041481E-001  0.36637061E+000  0.69079618E+001  0.46252717E+002  0.11307406E+003  0.29913552E+003  0.58756286E+003
  0.00000000E+000  0.00000000E+000  0.00000000E+000  0.00000000E+000  0.42053087E-001  0.36639978E+000  0.69084456E+001  0.46255314E+002  0.11307829E+003  0.29914202E+003  0.58757351E+003
  0.00000000E+000  0.00000000E+000  0.00000000E+000  0.00000000E+000  0.42064285E-001  0.36642853E+000  0.69089362E+001  0.46257982E+002  0.11308262E+003  0.29914862E+003  0.58758417E+003
  0.00000000E+000  0.00000000E+000  0.00000000E+000  0.00000000E+000  0.42075042E-001  0.36645685E+000  0.69094335E+001  0.46260723E+002  0.11308707E+003  0.29915533E+003  0.58759483E+003
  0.00000000E+000  0.00000000E+000  0.00000000E+000  0.00000000E+000  0.42085328E-001  0.36648475E+000  0.69099373E+001  0.46263537E+002  0.11309164E+003  0.29916213E+003  0.58760551E+003
  0.00000000E+000  0.00000000E+000  0.00000000E+000  0.00000000E+000  0.42095120E-001  0.36651224E+000  0.69104474E+001  0.46266425E+002  0.11309633E+003  0.29916906E+003  0.58761620E+003
  0.00000000E+000  0.00000000E+000  0.00000000E+000  0.00000000E+000  0.42104397E-001  0.36653933E+000  0.69109636E+001  0.46269385E+002  0.11310114E+003  0.29917610E+003  0.58762690E+003
  0.00000000E+000  0.00000000E+000  0.00000000E+000  0.00000000E+000  0.42113144E-001  0.36656603E+000  0.69114855E+001  0.46272418E+002  0.11310608E+003  0.29918328E+003  0.58763761E+003
  0.00000000E+000  0.00000000E+000  0.00000000E+000  0.00000000E+000  0.42121348E-001  0.36659237E+000  0.69120130E+001  0.46275522E+002  0.11311115E+003  0.29919058E+003  0.58764834E+003
  0.00000000E+000  0.00000000E+000  0.00000000E+000  0.00000000E+000  0.42129004E-001  0.36661837E+000  0.69125458E+001  0.46278697E+002  0.11311635E+003  0.29919803E+003  0.58765909E+003
  0.00000000E+000  0.00000000E+000  0.00000000E+000  0.00000000E+000  0.42136109E-001  0.36664406E+000  0.69130834E+001  0.46281940E+002  0.11312169E+003  0.29920562E+003  0.58766985E+003
  0.00000000E+000  0.00000000E+000  0.00000000E+000  0.00000000E+000  0.42142664E-001  0.36666947E+000  0.69136256E+001  0.46285249E+002  0.11312716E+003  0.29921337E+003  0.58768063E+003
  0.00000000E+000  0.00000000E+000  0.00000000E+000  0.00000000E+000  0.42148675E-001  0.36669462E+000  0.69141721E+001  0.46288622E+002  0.11313277E+003  0.29922127E+003  0.58769143E+003
  0.00000000E+000  0.00000000E+000  0.00000000E+000  0.00000000E+000  0.42154150E-001  0.36671955E+000  0.69147223E+001  0.46292055E+002  0.11313851E+003  0.29922934E+003  0.58770224E+003
  0.00000000E+000  0.00000000E+000  0.00000000E+000  0.00000000E+000  0.42159103E-001  0.36674428E+000  0.69152761E+001  0.46295546E+002  0.11314439E+003  0.29923758E+003  0.58771306E+003
  0.00000000E+000  0.00000000E+000  0.00000000E+000  0.00000000E+000  0.42163547E-001  0.36676883E+000  0.69158329E+001  0.46299090E+002  0.11315040E+003  0.29924599E+003  0.58772391E+003
  0.00000000E+000  0.00000000E+000  0.00000000E+000  0.00000000E+000  0.42167503E-001  0.36679323E+000  0.69163923E+001  0.46302684E+002  0.11315654E+003  0.29925458E+003  0.58773477E+003
  0.00000000E+000  0.00000000E+000  0.00000000E+000  0.00000000E+000  0.42170990E-001  0.36681749E+000  0.69169540E+001  0.46306324E+002  0.11316281E+003  0.29926336E+003  0.58774565E+003
  0.00000000E+000  0.00000000E+000  0.00000000E+000  0.00000000E+000  0.42174031E-001  0.36684163E+000  0.69175176E+001  0.46310006E+002  0.11316921E+003  0.29927233E+003  0.58775656E+003
  0.00000000E+000  0.00000000E+000  0.00000000E+000  0.00000000E+000  0.42176651E-001  0.36686564E+000  0.69180826E+001  0.46313725E+002  0.11317573E+003  0.29928150E+003  0.58776749E+003
  0.00000000E+000  0.00000000E+000  0.00000000E+000  0.00000000E+000  0.42178876E-001  0.36688952E+000  0.69186488E+001  0.46317477E+002  0.11318237E+003  0.29929088E+003  0.58777845E+003
  0.00000000E+000  0.00000000E+000  0.00000000E+000  0.00000000E+000  0.42180733E-001  0.36691328E+000  0.69192156E+001  0.46321259E+002  0.11318913E+003  0.29930048E+003  0.58778946E+003
  0.00000000E+000  0.00000000E+000  0.00000000E+000  0.00000000E+000  0.42182250E-001  0.36693689E+000  0.69197827E+001  0.46325066E+002  0.11319601E+003  0.29931029E+003  0.58780052E+003
  0.00000000E+000  0.00000000E+000  0.00000000E+000  0.00000000E+000  0.42183455E-001  0.36696033E+000  0.69203498E+001  0.46328894E+002  0.11320299E+003  0.29932034E+003  0.58781163E+003
  0.00000000E+000  0.00000000E+000  0.00000000E+000  0.00000000E+000  0.42184376E-001  0.36698359E+000  0.69209164E+001  0.46332739E+002  0.11321009E+003  0.29933063E+003  0.58782283E+003
  0.00000000E+000  0.00000000E+000  0.00000000E+000  0.00000000E+000  0.42185041E-001  0.36700663E+000  0.69214823E+001  0.46336598E+002  0.11321729E+003  0.29934117E+003  0.58783411E+003
  0.00000000E+000  0.00000000E+000  0.00000000E+000  0.00000000E+000  0.42185476E-001  0.36702942E+000  0.69220470E+001  0.46340467E+002  0.11322459E+003  0.29935196E+003  0.58784549E+003
  0.00000000E+000  0.00000000E+000  0.00000000E+000  0.00000000E+000  0.42185709E-001  0.36705192E+000  0.69226101E+001  0.46344342E+002  0.11323198E+003  0.29936303E+003  0.58785700E+003
  0.00000000E+000  0.00000000E+000  0.00000000E+000  0.00000000E+000  0.42185764E-001  0.36707408E+000  0.69231713E+001  0.46348221E+002  0.11323947E+003  0.29937438E+003  0.58786865E+003
  0.00000000E+000  0.00000000E+000  0.00000000E+000  0.00000000E+000  0.42185665E-001  0.36709586E+000  0.69237301E+001  0.46352101E+002  0.11324705E+003  0.29938601E+003  0.58788047E+003
  0.00000000E+000  0.00000000E+000  0.00000000E+000  0.00000000E+000  0.42185435E-001  0.36711722E+000  0.69242863E+001  0.46355978E+002  0.11325472E+003  0.29939795E+003  0.58789248E+003
  0.00000000E+000  0.00000000E+000  0.00000000E+000  0.00000000E+000  0.42185096E-001  0.36713811E+000  0.69248393E+001  0.46359850E+002  0.11326247E+003  0.29941019E+003  0.58790469E+003
  0.00000000E+000  0.00000000E+000  0.00000000E+000  0.00000000E+000  0.42184665E-001  0.36715847E+000  0.69253887E+001  0.46363714E+002  0.11327030E+003  0.29942275E+003  0.58791714E+003
  0.00000000E+000  0.00000000E+000  0.00000000E+000  0.00000000E+000  0.42184163E-001  0.36717827E+000  0.69259342E+001  0.46367569E+002  0.11327820E+003  0.29943564E+003  0.58792986E+003
  0.00000000E+000  0.00000000E+000  0.00000000E+000  0.00000000E+000  0.42183604E-001  0.36719747E+000  0.69264753E+001  0.46371412E+002  0.11328618E+003  0.29944887E+003  0.58794286E+003
  0.00000000E+000  0.00000000E+000  0.00000000E+000  0.00000000E+000  0.42183003E-001  0.36721602E+000  0.69270115E+001  0.46375240E+002  0.11329422E+003  0.29946244E+003  0.58795617E+003
  0.00000000E+000  0.00000000E+000  0.00000000E+000  0.00000000E+000  0.42182373E-001  0.36723389E+000  0.69275425E+001  0.46379053E+002  0.11330232E+003  0.29947637E+003  0.58796983E+003
  0.00000000E+000  0.00000000E+000  0.00000000E+000  0.00000000E+000  0.42181726E-001  0.36725104E+000  0.69280678E+001  0.46382847E+002  0.11331049E+003  0.29949065E+003  0.58798386E+003
  0.00000000E+000  0.00000000E+000  0.00000000E+000  0.00000000E+000  0.42181072E-001  0.36726746E+000  0.69285870E+001  0.46386622E+002  0.11331870E+003  0.29950530E+003  0.58799829E+003
  0.00000000E+000  0.00000000E+000  0.00000000E+000  0.00000000E+000  0.42180419E-001  0.36728311E+000  0.69290995E+001  0.46390375E+002  0.11332697E+003  0.29952032E+003  0.58801315E+003
  0.00000000E+000  0.00000000E+000  0.00000000E+000  0.00000000E+000  0.42179774E-001  0.36729798E+000  0.69296052E+001  0.46394106E+002  0.11333528E+003  0.29953572E+003  0.58802846E+003
  0.00000000E+000  0.00000000E+000  0.00000000E+000  0.00000000E+000  0.42179144E-001  0.36731207E+000  0.69301034E+001  0.46397812E+002  0.11334362E+003  0.29955150E+003  0.58804426E+003
  0.00000000E+000  0.00000000E+000  0.00000000E+000  0.00000000E+000  0.42178534E-001  0.36732537E+000  0.69305938E+001  0.46401492E+002  0.11335201E+003  0.29956766E+003  0.58806056E+003
  0.00000000E+000  0.00000000E+000  0.00000000E+000  0.00000000E+000  0.42177948E-001  0.36733787E+000  0.69310761E+001  0.46405145E+002  0.11336042E+003  0.29958420E+003  0.58807740E+003
  0.00000000E+000  0.00000000E+000  0.00000000E+000  0.00000000E+000  0.42177388E-001  0.36734959E+000  0.69315499E+001  0.46408769E+002  0.11336885E+003  0.29960113E+003  0.58809481E+003
  0.00000000E+000  0.00000000E+000  0.00000000E+000  0.00000000E+000  0.42176857E-001  0.36736053E+000  0.69320148E+001  0.46412364E+002  0.11337731E+003  0.29961844E+003  0.58811280E+003
  0.00000000E+000  0.00000000E+000  0.00000000E+000  0.00000000E+000  0.42176357E-001  0.36737072E+000  0.69324706E+001  0.46415927E+002  0.11338578E+003  0.29963614E+003  0.58813141E+003
  0.00000000E+000  0.00000000E+000  0.00000000E+000  0.00000000E+000  0.42175889E-001  0.36738017E+000  0.69329169E+001  0.46419457E+002  0.11339425E+003  0.29965421E+003  0.58815066E+003
  0.00000000E+000  0.00000000E+000  0.00000000E+000  0.00000000E+000  0.42175453E-001  0.36738890E+000  0.69333534E+001  0.46422955E+002  0.11340273E+003  0.29967266E+003  0.58817056E+003
  0.00000000E+000  0.00000000E+000  0.00000000E+000  0.00000000E+000  0.42175049E-001  0.36739695E+000  0.69337799E+001  0.46426417E+002  0.11341121E+003  0.29969148E+003  0.58819115E+003
  0.00000000E+000  0.00000000E+000  0.00000000E+000  0.00000000E+000  0.42174677E-001  0.36740434E+000  0.69341963E+001  0.46429844E+002  0.11341967E+003  0.29971066E+003  0.58821244E+003
  0.00000000E+000  0.00000000E+000  0.00000000E+000  0.00000000E+000  0.42174337E-001  0.36741111E+000  0.69346021E+001  0.46433233E+002  0.11342812E+003  0.29973020E+003  0.58823444E+003
  0.00000000E+000  0.00000000E+000  0.00000000E+000  0.00000000E+000  0.42174027E-001  0.36741728E+000  0.69349974E+001  0.46436584E+002  0.11343656E+003  0.29975008E+003  0.58825718E+003
  0.00000000E+000  0.00000000E+000  0.00000000E+000  0.00000000E+000  0.42173747E-001  0.36742290E+000  0.69353819E+001  0.46439897E+002  0.11344496E+003  0.29977031E+003  0.58828067E+003
  0.00000000E+000  0.00000000E+000  0.00000000E+000  0.00000000E+000  0.42173495E-001  0.36742800E+000  0.69357554E+001  0.46443169E+002  0.11345334E+003  0.29979086E+003  0.58830492E+003
  0.00000000E+000  0.00000000E+000  0.00000000E+000  0.00000000E+000  0.42173270E-001  0.36743261E+000  0.69361180E+001  0.46446399E+002  0.11346168E+003  0.29981173E+003  0.58832995E+003
  0.00000000E+000  0.00000000E+000  0.00000000E+000  0.00000000E+000  0.42173071E-001  0.36743678E+000  0.69364694E+001  0.46449587E+002  0.11346998E+003  0.29983290E+003  0.58835576E+003
  0.00000000E+000  0.00000000E+000  0.00000000E+000  0.00000000E+000  0.42172897E-001  0.36744053E+000  0.69368096E+001  0.46452732E+002  0.11347824E+003  0.29985436E+003  0.58838236E+003
  0.00000000E+000  0.00000000E+000  0.00000000E+000  0.00000000E+000  0.42172745E-001  0.36744390E+000  0.69371386E+001  0.46455832E+002  0.11348644E+003  0.29987610E+003  0.58840975E+003
  0.00000000E+000  0.00000000E+000  0.00000000E+000  0.00000000E+000  0.42172614E-001  0.36744692E+000  0.69374564E+001  0.46458887E+002  0.11349458E+003  0.29989810E+003  0.58843794E+003
  0.00000000E+000  0.00000000E+000  0.00000000E+000  0.00000000E+000  0.42172503E-001  0.36744963E+000  0.69377629E+001  0.46461895E+002  0.11350267E+003  0.29992034E+003  0.58846693E+003
  0.00000000E+000  0.00000000E+000  0.00000000E+000  0.00000000E+000  0.42172411E-001  0.36745205E+000  0.69380582E+001  0.46464855E+002  0.11351069E+003  0.29994280E+003  0.58849672E+003
  0.00000000E+000  0.00000000E+000  0.00000000E+000  0.00000000E+000  0.42172336E-001  0.36745422E+000  0.69383423E+001  0.46467768E+002  0.11351864E+003  0.29996547E+003  0.58852730E+003
  0.00000000E+000  0.00000000E+000  0.00000000E+000  0.00000000E+000  0.42172277E-001  0.36745616E+000  0.69386153E+001  0.46470630E+002  0.11352651E+003  0.29998834E+003  0.58855866E+003
  0.00000000E+000  0.00000000E+000  0.00000000E+000  0.00000000E+000  0.42172232E-001  0.36745789E+000  0.69388772E+001  0.46473443E+002  0.11353431E+003  0.30001137E+003  0.58859080E+003
  0.00000000E+000  0.00000000E+000  0.00000000E+000  0.00000000E+000  0.42172200E-001  0.36745945E+000  0.69391283E+001  0.46476204E+002  0.11354202E+003  0.30003455E+003  0.58862370E+003
  0.00000000E+000  0.00000000E+000  0.00000000E+000  0.00000000E+000  0.42172181E-001  0.36746084E+000  0.69393686E+001  0.46478913E+002  0.11354964E+003  0.30005787E+003  0.58865736E+003
  0.00000000E+000  0.00000000E+000  0.00000000E+000  0.00000000E+000  0.42172172E-001  0.36746210E+000  0.69395982E+001  0.46481569E+002  0.11355718E+003  0.30008130E+003  0.58869175E+003
  0.00000000E+000  0.00000000E+000  0.00000000E+000  0.00000000E+000  0.42172173E-001  0.36746323E+000  0.69398175E+001  0.46484171E+002  0.11356462E+003  0.30010482E+003  0.58872685E+003
  0.00000000E+000  0.00000000E+000  0.00000000E+000  0.00000000E+000  0.42172183E-001  0.36746425E+000  0.69400264E+001  0.46486719E+002  0.11357196E+003  0.30012841E+003  0.58876266E+003
  0.00000000E+000  0.00000000E+000  0.00000000E+000  0.00000000E+000  0.42172201E-001  0.36746519E+000  0.69402254E+001  0.46489212E+002  0.11357920E+003  0.30015205E+003  0.58879914E+003
  0.00000000E+000  0.00000000E+000  0.00000000E+000  0.00000000E+000  0.42172226E-001  0.36746604E+000  0.69404145E+001  0.46491649E+002  0.11358634E+003  0.30017572E+003  0.58883626E+003
  0.00000000E+000  0.00000000E+000  0.00000000E+000  0.00000000E+000  0.42172257E-001  0.36746683E+000  0.69405941E+001  0.46494029E+002  0.11359337E+003  0.30019940E+003  0.58887401E+003
  0.00000000E+000  0.00000000E+000  0.00000000E+000  0.00000000E+000  0.42172294E-001  0.36746756E+000  0.69407644E+001  0.46496353E+002  0.11360029E+003  0.30022307E+003  0.58891236E+003
  0.00000000E+000  0.00000000E+000  0.00000000E+000  0.00000000E+000  0.42172335E-001  0.36746823E+000  0.69409256E+001  0.46498620E+002  0.11360709E+003  0.30024670E+003  0.58895127E+003
  0.00000000E+000  0.00000000E+000  0.00000000E+000  0.00000000E+000  0.42172380E-001  0.36746887E+000  0.69410781E+001  0.46500828E+002  0.11361379E+003  0.30027028E+003  0.58899072E+003
  0.00000000E+000  0.00000000E+000  0.00000000E+000  0.00000000E+000  0.42172429E-001  0.36746948E+000  0.69412222E+001  0.46502979E+002  0.11362036E+003  0.30029379E+003  0.58903066E+003
  0.00000000E+000  0.00000000E+000  0.00000000E+000  0.00000000E+000  0.42172481E-001  0.36747005E+000  0.69413581E+001  0.46505072E+002  0.11362682E+003  0.30031721E+003  0.58907107E+003
  0.00000000E+000  0.00000000E+000  0.00000000E+000  0.00000000E+000  0.42172535E-001  0.36747060E+000  0.69414863E+001  0.46507106E+002  0.11363315E+003  0.30034051E+003  0.58911191E+003
  0.00000000E+000  0.00000000E+000  0.00000000E+000  0.00000000E+000  0.42172592E-001  0.36747113E+000  0.69416068E+001  0.46509082E+002  0.11363936E+003  0.30036369E+003  0.58915314E+003
  0.00000000E+000  0.00000000E+000  0.00000000E+000  0.00000000E+000  0.42172649E-001  0.36747164E+000  0.69417202E+001  0.46510999E+002  0.11364545E+003  0.30038672E+003  0.58919472E+003
  0.00000000E+000  0.00000000E+000  0.00000000E+000  0.00000000E+000  0.42172708E-001  0.36747214E+000  0.69418267E+001  0.46512858E+002  0.11365142E+003  0.30040958E+003  0.58923662E+003
  0.00000000E+000  0.00000000E+000  0.00000000E+000  0.00000000E+000  0.42172768E-001  0.36747263E+000  0.69419267E+001  0.46514659E+002  0.11365725E+003  0.30043226E+003  0.58927879E+003
  0.00000000E+000  0.00000000E+000  0.00000000E+000  0.00000000E+000  0.42172828E-001  0.36747310E+000  0.69420204E+001  0.46516402E+002  0.11366296E+003  0.30045474E+003  0.58932119E+003
  0.00000000E+000  0.00000000E+000  0.00000000E+000  0.00000000E+000  0.42172888E-001  0.36747357E+000  0.69421081E+001  0.46518087E+002  0.11366854E+003  0.30047700E+003  0.58936380E+003
  0.00000000E+000  0.00000000E+000  0.00000000E+000  0.00000000E+000  0.42172949E-001  0.36747403E+000  0.69421902E+001  0.46519716E+002  0.11367399E+003  0.30049904E+003  0.58940655E+003
  0.00000000E+000  0.00000000E+000  0.00000000E+000  0.00000000E+000  0.42173009E-001  0.36747448E+000  0.69422670E+001  0.46521287E+002  0.11367931E+003  0.30052083E+003  0.58944942E+003
  0.00000000E+000  0.00000000E+000  0.00000000E+000  0.00000000E+000  0.42173068E-001  0.36747492E+000  0.69423388E+001  0.46522803E+002  0.11368450E+003  0.30054236E+003  0.58949235E+003
  0.00000000E+000  0.00000000E+000  0.00000000E+000  0.00000000E+000  0.42173127E-001  0.36747536E+000  0.69424058E+001  0.46524263E+002  0.11368956E+003  0.30056362E+003  0.58953532E+003
  0.00000000E+000  0.00000000E+000  0.00000000E+000  0.00000000E+000  0.42173185E-001  0.36747579E+000  0.69424683E+001  0.46525668E+002  0.11369448E+003  0.30058459E+003  0.58957828E+003
  0.00000000E+000  0.00000000E+000  0.00000000E+000  0.00000000E+000  0.42173242E-001  0.36747621E+000  0.69425266E+001  0.46527020E+002  0.11369928E+003  0.30060527E+003  0.58962119E+003
  0.00000000E+000  0.00000000E+000  0.00000000E+000  0.00000000E+000  0.42173297E-001  0.36747663E+000  0.69425810E+001  0.46528318E+002  0.11370395E+003  0.30062565E+003  0.58966400E+003
  0.00000000E+000  0.00000000E+000  0.00000000E+000  0.00000000E+000  0.42173352E-001  0.36747704E+000  0.69426317E+001  0.46529564E+002  0.11370848E+003  0.30064570E+003  0.58970669E+003
  0.00000000E+000  0.00000000E+000  0.00000000E+000  0.00000000E+000  0.42173405E-001  0.36747744E+000  0.69426789E+001  0.46530760E+002  0.11371289E+003  0.30066543E+003  0.58974921E+003
  0.00000000E+000  0.00000000E+000  0.00000000E+000  0.00000000E+000  0.42173458E-001  0.36747784E+000  0.69427229E+001  0.46531905E+002  0.11371717E+003  0.30068483E+003  0.58979153E+003
  0.00000000E+000  0.00000000E+000  0.00000000E+000  0.00000000E+000  0.42173508E-001  0.36747823E+000  0.69427638E+001  0.46533001E+002  0.11372132E+003  0.30070388E+003  0.58983360E+003
  0.00000000E+000  0.00000000E+000  0.00000000E+000  0.00000000E+000  0.42173557E-001  0.36747861E+000  0.69428019E+001  0.46534049E+002  0.11372534E+003  0.30072258E+003  0.58987540E+003
  0.00000000E+000  0.00000000E+000  0.00000000E+000  0.00000000E+000  0.42173605E-001  0.36747898E+000  0.69428374E+001  0.46535051E+002  0.11372924E+003  0.30074093E+003  0.58991689E+003
  0.00000000E+000  0.00000000E+000  0.00000000E+000  0.00000000E+000  0.42173651E-001  0.36747934E+000  0.69428705E+001  0.46536007E+002  0.11373301E+003  0.30075891E+003  0.58995804E+003
  0.00000000E+000  0.00000000E+000  0.00000000E+000  0.00000000E+000  0.42173696E-001  0.36747970E+000  0.69429013E+001  0.46536919E+002  0.11373666E+003  0.30077653E+003  0.58999881E+003
  0.00000000E+000  0.00000000E+000  0.00000000E+000  0.00000000E+000  0.42173739E-001  0.36748005E+000  0.69429299E+001  0.46537788E+002  0.11374018E+003  0.30079378E+003  0.59003917E+003
  0.00000000E+000  0.00000000E+000  0.00000000E+000  0.00000000E+000  0.42173780E-001  0.36748038E+000  0.69429566E+001  0.46538615E+002  0.11374359E+003  0.30081065E+003  0.59007910E+003
  0.00000000E+000  0.00000000E+000  0.00000000E+000  0.00000000E+000  0.42173820E-001  0.36748071E+000  0.69429815E+001  0.46539403E+002  0.11374688E+003  0.30082714E+003  0.59011857E+003
  0.00000000E+000  0.00000000E+000  0.00000000E+000  0.00000000E+000  0.42173859E-001  0.36748103E+000  0.69430047E+001  0.46540151E+002  0.11375005E+003  0.30084325E+003  0.59015755E+003
  0.00000000E+000  0.00000000E+000  0.00000000E+000  0.00000000E+000  0.42173895E-001  0.36748134E+000  0.69430263E+001  0.46540861E+002  0.11375310E+003  0.30085897E+003  0.59019602E+003
  0.00000000E+000  0.00000000E+000  0.00000000E+000  0.00000000E+000  0.42173931E-001  0.36748164E+000  0.69430464E+001  0.46541535E+002  0.11375604E+003  0.30087432E+003  0.59023394E+003
  0.00000000E+000  0.00000000E+000  0.00000000E+000  0.00000000E+000  0.42173965E-001  0.36748193E+000  0.69430652E+001  0.46542175E+002  0.11375887E+003  0.30088927E+003  0.59027131E+003
  0.00000000E+000  0.00000000E+000  0.00000000E+000  0.00000000E+000  0.42173998E-001  0.36748221E+000  0.69430828E+001  0.46542780E+002  0.11376159E+003  0.30090385E+003  0.59030810E+003
  0.00000000E+000  0.00000000E+000  0.00000000E+000  0.00000000E+000  0.42174029E-001  0.36748248E+000  0.69430992E+001  0.46543353E+002  0.11376421E+003  0.30091804E+003  0.59034430E+003
  0.00000000E+000  0.00000000E+000  0.00000000E+000  0.00000000E+000  0.42174059E-001  0.36748274E+000  0.69431145E+001  0.46543896E+002  0.11376672E+003  0.30093184E+003  0.59037987E+003
  0.00000000E+000  0.00000000E+000  0.00000000E+000  0.00000000E+000  0.42174087E-001  0.36748299E+000  0.69431288E+001  0.46544408E+002  0.11376913E+003  0.30094526E+003  0.59041482E+003
  0.00000000E+000  0.00000000E+000  0.00000000E+000  0.00000000E+000  0.42174115E-001  0.36748324E+000  0.69431422E+001  0.46544892E+002  0.11377143E+003  0.30095830E+003  0.59044912E+003
  0.00000000E+000  0.00000000E+000  0.00000000E+000  0.00000000E+000  0.42174141E-001  0.36748347E+000  0.69431547E+001  0.46545349E+002  0.11377364E+003  0.30097096E+003  0.59048276E+003
  0.00000000E+000  0.00000000E+000  0.00000000E+000  0.00000000E+000  0.42174166E-001  0.36748370E+000  0.69431665E+001  0.46545780E+002  0.11377576E+003  0.30098325E+003  0.59051573E+003
  0.00000000E+000  0.00000000E+000  0.00000000E+000  0.00000000E+000  0.42174190E-001  0.36748391E+000  0.69431774E+001  0.46546186E+002  0.11377778E+003  0.30099517E+003  0.59054802E+003
  0.00000000E+000  0.00000000E+000  0.00000000E+000  0.00000000E+000  0.42174212E-001  0.36748412E+000  0.69431877E+001  0.46546568E+002  0.11377972E+003  0.30100671E+003  0.59057962E+003
  0.00000000E+000  0.00000000E+000  0.00000000E+000  0.00000000E+000  0.42174234E-001  0.36748432E+000  0.69431974E+001  0.46546928E+002  0.11378157E+003  0.30101789E+003  0.59061053E+003
  0.00000000E+000  0.00000000E+000  0.00000000E+000  0.00000000E+000  0.42174255E-001  0.36748451E+000  0.69432065E+001  0.46547267E+002  0.11378333E+003  0.30102871E+003  0.59064073E+003
  0.00000000E+000  0.00000000E+000  0.00000000E+000  0.00000000E+000  0.42174275E-001  0.36748469E+000  0.69432150E+001  0.46547585E+002  0.11378501E+003  0.30103918E+003  0.59067022E+003
  0.00000000E+000  0.00000000E+000  0.00000000E+000  0.00000000E+000  0.42174294E-001  0.36748486E+000  0.69432230E+001  0.46547884E+002  0.11378661E+003  0.30104929E+003  0.59069901E+003
  0.00000000E+000  0.00000000E+000  0.00000000E+000  0.00000000E+000  0.42174312E-001  0.36748503E+000  0.69432305E+001  0.46548165E+002  0.11378814E+003  0.30105906E+003  0.59072708E+003
  0.00000000E+000  0.00000000E+000  0.00000000E+000  0.00000000E+000  0.42174330E-001  0.36748519E+000  0.69432376E+001  0.46548429E+002  0.11378959E+003  0.30106849E+003  0.59075444E+003
  0.00000000E+000  0.00000000E+000  0.00000000E+000  0.00000000E+000  0.42174346E-001  0.36748535E+000  0.69432442E+001  0.46548676E+002  0.11379097E+003  0.30107758E+003  0.59078108E+003
  0.00000000E+000  0.00000000E+000  0.00000000E+000  0.00000000E+000  0.42174362E-001  0.36748549E+000  0.69432505E+001  0.46548908E+002  0.11379229E+003  0.30108635E+003  0.59080701E+003
  0.00000000E+000  0.00000000E+000  0.00000000E+000  0.00000000E+000  0.42174378E-001  0.36748563E+000  0.69432564E+001  0.46549125E+002  0.11379353E+003  0.30109479E+003  0.59083222E+003
  0.00000000E+000  0.00000000E+000  0.00000000E+000  0.00000000E+000  0.42174393E-001  0.36748577E+000  0.69432619E+001  0.46549328E+002  0.11379471E+003  0.30110292E+003  0.59085673E+003
  0.00000000E+000  0.00000000E+000  0.00000000E+000  0.00000000E+000  0.42174407E-001  0.36748590E+000  0.69432672E+001  0.46549519E+002  0.11379584E+003  0.30111074E+003  0.59088054E+003
  0.00000000E+000  0.00000000E+000  0.00000000E+000  0.00000000E+000  0.42174421E-001  0.36748602E+000  0.69432721E+001  0.46549697E+002  0.11379690E+003  0.30111825E+003  0.59090364E+003
  0.00000000E+000  0.00000000E+000  0.00000000E+000  0.00000000E+000  0.42174434E-001  0.36748614E+000  0.69432768E+001  0.46549864E+002  0.11379791E+003  0.30112547E+003  0.59092605E+003
  0.00000000E+000  0.00000000E+000  0.00000000E+000  0.00000000E+000  0.42174447E-001  0.36748626E+000  0.69432812E+001  0.46550019E+002  0.11379886E+003  0.30113240E+003  0.59094777E+003
  0.00000000E+000  0.00000000E+000  0.00000000E+000  0.00000000E+000  0.42174459E-001  0.36748637E+000  0.69432853E+001  0.46550165E+002  0.11379976E+003  0.30113905E+003  0.59096881E+003
  0.00000000E+000  0.00000000E+000  0.00000000E+000  0.00000000E+000  0.42174471E-001  0.36748647E+000  0.69432893E+001  0.46550301E+002  0.11380061E+003  0.30114543E+003  0.59098918E+003
  0.00000000E+000  0.00000000E+000  0.00000000E+000  0.00000000E+000  0.42174482E-001  0.36748657E+000  0.69432929E+001  0.46550428E+002  0.11380141E+003  0.30115153E+003  0.59100887E+003
