  0.30237416E+002
  0.30237975E+002
  0.30238499E+002
  0.30238963E+002
  0.30239366E+002
  0.30239713E+002
  0.30240010E+002
  0.30240265E+002
  0.30240484E+002
  0.30240672E+002
  0.30240834E+002
  0.30240974E+002
  0.30241095E+002
  0.30241199E+002
  0.30241290E+002
  0.30241369E+002
  0.30241438E+002
  0.30241498E+002
  0.30241550E+002
  0.30241596E+002
  0.30241637E+002
  0.30241673E+002
  0.30241704E+002
  0.30241732E+002
  0.30241757E+002
  0.30241778E+002
  0.30241798E+002
  0.30241815E+002
  0.30241831E+002
  0.30241844E+002
  0.30241857E+002
  0.30241868E+002
  0.30241878E+002
  0.30241886E+002
  0.30241894E+002
  0.30241901E+002
  0.30241907E+002
  0.30241913E+002
  0.30241917E+002
  0.30241921E+002
  0.30241925E+002
  0.30241927E+002
  0.30241929E+002
  0.30241931E+002
  0.30241932E+002
  0.30241933E+002
  0.30241933E+002
  0.30241932E+002
  0.30241931E+002
  0.30241930E+002
  0.30241928E+002
  0.30241926E+002
  0.30241923E+002
  0.30241920E+002
  0.30241916E+002
  0.30241912E+002
  0.30241907E+002
  0.30241903E+002
  0.30241898E+002
  0.30241892E+002
  0.30241887E+002
  0.30241881E+002
  0.30241874E+002
  0.30241868E+002
  0.30241861E+002
  0.30241854E+002
  0.30241847E+002
  0.30241840E+002
  0.30241833E+002
  0.30241825E+002
  0.30241817E+002
  0.30241809E+002
  0.30241801E+002
  0.30241793E+002
  0.30241785E+002
  0.30241777E+002
  0.30241768E+002
  0.30241760E+002
  0.30241751E+002
  0.30241742E+002
  0.30241733E+002
  0.30241724E+002
  0.30241715E+002
  0.30241706E+002
  0.30241696E+002
  0.30241687E+002
  0.30241677E+002
  0.30241667E+002
  0.30241658E+002
  0.30241648E+002
  0.30241637E+002
  0.30241627E+002
  0.30241617E+002
  0.30241606E+002
  0.30241595E+002
  0.30241584E+002
  0.30241573E+002
  0.30241562E+002
  0.30241550E+002
  0.30241538E+002
  0.30241526E+002
  0.30241514E+002
  0.30241502E+002
  0.30241489E+002
  0.30241476E+002
  0.30241463E+002
  0.30241449E+002
  0.30241435E+002
  0.30241420E+002
  0.30241405E+002
  0.30241390E+002
  0.30241374E+002
  0.30241358E+002
  0.30241342E+002
  0.30241324E+002
  0.30241307E+002
  0.30241288E+002
  0.30241270E+002
  0.30241250E+002
  0.30241230E+002
  0.30241210E+002
  0.30241188E+002
  0.30241166E+002
  0.30241144E+002
  0.30241120E+002
  0.30241096E+002
  0.30241072E+002
  0.30241046E+002
  0.30241020E+002
  0.30240993E+002
  0.30240965E+002
  0.30240937E+002
  0.30240908E+002
  0.30240878E+002
  0.30240847E+002
  0.30240816E+002
  0.30240784E+002
  0.30240751E+002
  0.30240717E+002
  0.30240683E+002
  0.30240648E+002
  0.30240612E+002
  0.30240576E+002
  0.30240539E+002
  0.30240501E+002
  0.30240463E+002
  0.30240424E+002
  0.30240385E+002
  0.30240345E+002
  0.30240304E+002
  0.30240264E+002
  0.30240222E+002
  0.30240180E+002
  0.30240138E+002
  0.30240095E+002
  0.30240052E+002
  0.30240009E+002
  0.30239966E+002
  0.30239922E+002
  0.30239878E+002
  0.30239834E+002
  0.30239789E+002
  0.30239745E+002
  0.30239700E+002
  0.30239656E+002
  0.30239611E+002
  0.30239567E+002
  0.30239522E+002
  0.30239478E+002
  0.30239433E+002
  0.30239389E+002
  0.30239345E+002
  0.30239302E+002
  0.30239258E+002
  0.30239215E+002
  0.30239172E+002
  0.30239129E+002
  0.30239087E+002
  0.30239045E+002
  0.30239003E+002
  0.30238962E+002
  0.30238922E+002
  0.30238882E+002
  0.30238842E+002
  0.30238803E+002
  0.30238764E+002
  0.30238726E+002
  0.30238689E+002
  0.30238652E+002
  0.30238615E+002
  0.30238579E+002
  0.30238544E+002
  0.30238510E+002
  0.30238476E+002
  0.30238442E+002
  0.30238410E+002
  0.30238378E+002
  0.30238346E+002
  0.30238316E+002
  0.30238286E+002
