  0.36544153E-001  0.37207889E+000  0.31419242E+001  0.11739913E+003
  0.36444654E-001  0.37175610E+000  0.31422574E+001  0.11740146E+003
  0.36433353E-001  0.37208537E+000  0.31418866E+001  0.11740361E+003
  0.36423143E-001  0.37241546E+000  0.31415400E+001  0.11740549E+003
  0.36414005E-001  0.37267723E+000  0.31412796E+001  0.11740711E+003
  0.36405924E-001  0.37288351E+000  0.31410877E+001  0.11740849E+003
  0.36398825E-001  0.37304427E+000  0.31409512E+001  0.11740966E+003
  0.36392649E-001  0.37316762E+000  0.31408595E+001  0.11741065E+003
  0.36387371E-001  0.37326004E+000  0.31408038E+001  0.11741150E+003
  0.36382962E-001  0.37332665E+000  0.31407775E+001  0.11741222E+003
  0.36379388E-001  0.37337184E+000  0.31407746E+001  0.11741283E+003
  0.36376609E-001  0.37339922E+000  0.31407907E+001  0.11741334E+003
  0.36374580E-001  0.37341213E+000  0.31408214E+001  0.11741378E+003
  0.36373244E-001  0.37341295E+000  0.31408639E+001  0.11741416E+003
  0.36372537E-001  0.37340361E+000  0.31409158E+001  0.11741448E+003
  0.36372394E-001  0.37338574E+000  0.31409751E+001  0.11741476E+003
  0.36372803E-001  0.37336067E+000  0.31410404E+001  0.11741499E+003
  0.36373747E-001  0.37332952E+000  0.31411102E+001  0.11741519E+003
  0.36375147E-001  0.37329326E+000  0.31411837E+001  0.11741536E+003
  0.36376931E-001  0.37325277E+000  0.31412599E+001  0.11741551E+003
  0.36379035E-001  0.37320875E+000  0.31413381E+001  0.11741564E+003
  0.36381404E-001  0.37316186E+000  0.31414177E+001  0.11741574E+003
  0.36383987E-001  0.37311263E+000  0.31414982E+001  0.11741584E+003
  0.36386743E-001  0.37306152E+000  0.31415791E+001  0.11741591E+003
  0.36389635E-001  0.37300897E+000  0.31416601E+001  0.11741598E+003
  0.36392633E-001  0.37295533E+000  0.31417409E+001  0.11741604E+003
  0.36395712E-001  0.37290093E+000  0.31418211E+001  0.11741609E+003
  0.36398850E-001  0.37284604E+000  0.31419005E+001  0.11741613E+003
  0.36402030E-001  0.37279093E+000  0.31419789E+001  0.11741617E+003
  0.36405243E-001  0.37273580E+000  0.31420560E+001  0.11741620E+003
  0.36408480E-001  0.37268087E+000  0.31421318E+001  0.11741622E+003
  0.36411735E-001  0.37262629E+000  0.31422059E+001  0.11741624E+003
  0.36415002E-001  0.37257223E+000  0.31422783E+001  0.11741626E+003
  0.36418279E-001  0.37251881E+000  0.31423489E+001  0.11741627E+003
  0.36421560E-001  0.37246615E+000  0.31424174E+001  0.11741629E+003
  0.36424843E-001  0.37241436E+000  0.31424839E+001  0.11741630E+003
  0.36428124E-001  0.37236351E+000  0.31425482E+001  0.11741630E+003
  0.36431401E-001  0.37231369E+000  0.31426104E+001  0.11741631E+003
  0.36434670E-001  0.37226497E+000  0.31426702E+001  0.11741631E+003
  0.36437926E-001  0.37221739E+000  0.31427278E+001  0.11741632E+003
  0.36441166E-001  0.37217102E+000  0.31427830E+001  0.11741632E+003
  0.36444383E-001  0.37212590E+000  0.31428359E+001  0.11741632E+003
  0.36447571E-001  0.37208209E+000  0.31428865E+001  0.11741632E+003
  0.36450723E-001  0.37203961E+000  0.31429348E+001  0.11741631E+003
  0.36457155E-001  0.37199519E+000  0.31429808E+001  0.11741631E+003
  0.36464554E-001  0.37195117E+000  0.31430245E+001  0.11741631E+003
  0.36471618E-001  0.37190887E+000  0.31430660E+001  0.11741630E+003
  0.36478345E-001  0.37186832E+000  0.31431053E+001  0.11741629E+003
  0.36484733E-001  0.37182954E+000  0.31431424E+001  0.11741628E+003
  0.36490781E-001  0.37185104E+000  0.31431189E+001  0.11741627E+003
  0.36496487E-001  0.37187502E+000  0.31430926E+001  0.11741626E+003
  0.36501852E-001  0.37189813E+000  0.31430669E+001  0.11741625E+003
  0.36506877E-001  0.37192034E+000  0.31430419E+001  0.11741624E+003
  0.36511563E-001  0.37194165E+000  0.31430176E+001  0.11741622E+003
  0.36515915E-001  0.37196204E+000  0.31429941E+001  0.11741621E+003
  0.36519936E-001  0.37198148E+000  0.31429715E+001  0.11741619E+003
  0.36523634E-001  0.37199998E+000  0.31429497E+001  0.11741617E+003
  0.36527018E-001  0.37201751E+000  0.31429288E+001  0.11741615E+003
  0.36530096E-001  0.37203408E+000  0.31429089E+001  0.11741613E+003
  0.36532881E-001  0.37204967E+000  0.31428899E+001  0.11741611E+003
  0.36535385E-001  0.37206428E+000  0.31428719E+001  0.11741609E+003
  0.36537623E-001  0.37207791E+000  0.31428550E+001  0.11741607E+003
  0.36539609E-001  0.37209057E+000  0.31428390E+001  0.11741604E+003
  0.36541360E-001  0.37210226E+000  0.31428240E+001  0.11741602E+003
  0.36542892E-001  0.37211298E+000  0.31428101E+001  0.11741599E+003
  0.36544221E-001  0.37212276E+000  0.31427971E+001  0.11741597E+003
  0.36545365E-001  0.37213161E+000  0.31427852E+001  0.11741594E+003
  0.36546340E-001  0.37213956E+000  0.31427741E+001  0.11741591E+003
  0.36547161E-001  0.37214662E+000  0.31427641E+001  0.11741589E+003
  0.36547845E-001  0.37215282E+000  0.31427549E+001  0.11741586E+003
  0.36548405E-001  0.37215820E+000  0.31427465E+001  0.11741583E+003
  0.36548856E-001  0.37216279E+000  0.31427390E+001  0.11741580E+003
  0.36549210E-001  0.37216662E+000  0.31427322E+001  0.11741577E+003
  0.36549478E-001  0.37216973E+000  0.31427261E+001  0.11741574E+003
  0.36549671E-001  0.37217215E+000  0.31427206E+001  0.11741571E+003
  0.36549799E-001  0.37217394E+000  0.31427157E+001  0.11741568E+003
  0.36549870E-001  0.37217512E+000  0.31427113E+001  0.11741565E+003
  0.36549890E-001  0.37217574E+000  0.31427073E+001  0.11741562E+003
  0.36549868E-001  0.37217583E+000  0.31427037E+001  0.11741559E+003
  0.36549807E-001  0.37217543E+000  0.31427004E+001  0.11741556E+003
  0.36549713E-001  0.37217458E+000  0.31426974E+001  0.11741553E+003
  0.36549591E-001  0.37217332E+000  0.31426947E+001  0.11741549E+003
  0.36549444E-001  0.37217167E+000  0.31426921E+001  0.11741546E+003
  0.36549274E-001  0.37216966E+000  0.31426896E+001  0.11741543E+003
  0.36549086E-001  0.37216733E+000  0.31426873E+001  0.11741540E+003
  0.36548881E-001  0.37216471E+000  0.31426850E+001  0.11741536E+003
  0.36548661E-001  0.37216182E+000  0.31426827E+001  0.11741533E+003
  0.36548430E-001  0.37215869E+000  0.31426804E+001  0.11741530E+003
  0.36548188E-001  0.37215534E+000  0.31426781E+001  0.11741526E+003
  0.36547938E-001  0.37215179E+000  0.31426757E+001  0.11741523E+003
  0.36547682E-001  0.37214808E+000  0.31426732E+001  0.11741519E+003
  0.36547422E-001  0.37214422E+000  0.31426705E+001  0.11741516E+003
  0.36547159E-001  0.37214024E+000  0.31426678E+001  0.11741513E+003
  0.36546894E-001  0.37213616E+000  0.31426648E+001  0.11741509E+003
  0.36546631E-001  0.37213201E+000  0.31426616E+001  0.11741505E+003
  0.36546370E-001  0.37212780E+000  0.31426581E+001  0.11741502E+003
  0.36546113E-001  0.37212357E+000  0.31426543E+001  0.11741498E+003
  0.36545861E-001  0.37211933E+000  0.31426502E+001  0.11741495E+003
  0.36545615E-001  0.37211511E+000  0.31426456E+001  0.11741491E+003
  0.36545378E-001  0.37211093E+000  0.31426407E+001  0.11741487E+003
  0.36545150E-001  0.37210682E+000  0.31426353E+001  0.11741483E+003
  0.36544932E-001  0.37210280E+000  0.31426293E+001  0.11741479E+003
  0.36544724E-001  0.37209889E+000  0.31426229E+001  0.11741475E+003
  0.36544529E-001  0.37209511E+000  0.31426158E+001  0.11741471E+003
  0.36544345E-001  0.37209148E+000  0.31426081E+001  0.11741467E+003
  0.36544175E-001  0.37208800E+000  0.31425997E+001  0.11741463E+003
  0.36544017E-001  0.37208471E+000  0.31425907E+001  0.11741459E+003
  0.36543872E-001  0.37208161E+000  0.31425810E+001  0.11741455E+003
  0.36543740E-001  0.37207871E+000  0.31425705E+001  0.11741450E+003
  0.36543621E-001  0.37207602E+000  0.31425594E+001  0.11741446E+003
  0.36543515E-001  0.37207355E+000  0.31425475E+001  0.11741441E+003
  0.36543422E-001  0.37207129E+000  0.31425349E+001  0.11741436E+003
  0.36543341E-001  0.37206926E+000  0.31425216E+001  0.11741431E+003
  0.36543271E-001  0.37206744E+000  0.31425076E+001  0.11741426E+003
  0.36543212E-001  0.37206584E+000  0.31424929E+001  0.11741421E+003
  0.36543164E-001  0.37206446E+000  0.31424777E+001  0.11741416E+003
  0.36543126E-001  0.37206327E+000  0.31424618E+001  0.11741410E+003
  0.36543098E-001  0.37206229E+000  0.31424455E+001  0.11741404E+003
  0.36543078E-001  0.37206149E+000  0.31424287E+001  0.11741398E+003
  0.36543065E-001  0.37206087E+000  0.31424115E+001  0.11741392E+003
  0.36543061E-001  0.37206041E+000  0.31423939E+001  0.11741386E+003
  0.36543062E-001  0.37206011E+000  0.31423761E+001  0.11741379E+003
  0.36543070E-001  0.37205995E+000  0.31423580E+001  0.11741372E+003
  0.36543082E-001  0.37205992E+000  0.31423398E+001  0.11741365E+003
  0.36543100E-001  0.37206000E+000  0.31423216E+001  0.11741357E+003
  0.36543121E-001  0.37206019E+000  0.31423033E+001  0.11741349E+003
  0.36543146E-001  0.37206047E+000  0.31422852E+001  0.11741341E+003
  0.36543174E-001  0.37206084E+000  0.31422671E+001  0.11741333E+003
  0.36543204E-001  0.37206127E+000  0.31422493E+001  0.11741324E+003
  0.36543236E-001  0.37206176E+000  0.31422318E+001  0.11741315E+003
  0.36543269E-001  0.37206229E+000  0.31422145E+001  0.11741306E+003
  0.36543304E-001  0.37206287E+000  0.31421977E+001  0.11741296E+003
  0.36543339E-001  0.37206348E+000  0.31421813E+001  0.11741286E+003
  0.36543375E-001  0.37206410E+000  0.31421653E+001  0.11741275E+003
  0.36543411E-001  0.37206475E+000  0.31421499E+001  0.11741264E+003
  0.36543446E-001  0.37206540E+000  0.31421350E+001  0.11741253E+003
  0.36543482E-001  0.37206605E+000  0.31421207E+001  0.11741242E+003
  0.36543517E-001  0.37206670E+000  0.31421069E+001  0.11741230E+003
  0.36543551E-001  0.37206735E+000  0.31420938E+001  0.11741218E+003
  0.36543584E-001  0.37206798E+000  0.31420813E+001  0.11741205E+003
  0.36543617E-001  0.37206860E+000  0.31420694E+001  0.11741192E+003
  0.36543648E-001  0.37206920E+000  0.31420581E+001  0.11741179E+003
  0.36543678E-001  0.37206979E+000  0.31420474E+001  0.11741166E+003
  0.36543707E-001  0.37207035E+000  0.31420374E+001  0.11741152E+003
  0.36543735E-001  0.37207089E+000  0.31420280E+001  0.11741138E+003
  0.36543762E-001  0.37207141E+000  0.31420191E+001  0.11741123E+003
  0.36543787E-001  0.37207191E+000  0.31420109E+001  0.11741108E+003
  0.36543812E-001  0.37207238E+000  0.31420032E+001  0.11741093E+003
  0.36543835E-001  0.37207283E+000  0.31419960E+001  0.11741078E+003
  0.36543856E-001  0.37207325E+000  0.31419894E+001  0.11741063E+003
  0.36543877E-001  0.37207365E+000  0.31419832E+001  0.11741047E+003
  0.36543896E-001  0.37207403E+000  0.31419775E+001  0.11741031E+003
  0.36543914E-001  0.37207439E+000  0.31419723E+001  0.11741015E+003
  0.36543932E-001  0.37207472E+000  0.31419675E+001  0.11740998E+003
  0.36543948E-001  0.37207503E+000  0.31419631E+001  0.11740981E+003
  0.36543963E-001  0.37207532E+000  0.31419591E+001  0.11740965E+003
  0.36543977E-001  0.37207560E+000  0.31419554E+001  0.11740948E+003
  0.36543990E-001  0.37207585E+000  0.31419520E+001  0.11740931E+003
  0.36544003E-001  0.37207609E+000  0.31419490E+001  0.11740913E+003
  0.36544014E-001  0.37207631E+000  0.31419462E+001  0.11740896E+003
  0.36544025E-001  0.37207652E+000  0.31419437E+001  0.11740878E+003
  0.36544035E-001  0.37207671E+000  0.31419415E+001  0.11740861E+003
  0.36544044E-001  0.37207688E+000  0.31419395E+001  0.11740843E+003
  0.36544053E-001  0.37207704E+000  0.31419376E+001  0.11740826E+003
  0.36544061E-001  0.37207719E+000  0.31419360E+001  0.11740808E+003
  0.36544068E-001  0.37207733E+000  0.31419345E+001  0.11740790E+003
  0.36544075E-001  0.37207746E+000  0.31419332E+001  0.11740773E+003
  0.36544082E-001  0.37207758E+000  0.31419320E+001  0.11740755E+003
  0.36544087E-001  0.37207769E+000  0.31419310E+001  0.11740737E+003
  0.36544093E-001  0.37207779E+000  0.31419301E+001  0.11740720E+003
  0.36544098E-001  0.37207788E+000  0.31419293E+001  0.11740702E+003
  0.36544103E-001  0.37207797E+000  0.31419285E+001  0.11740684E+003
  0.36544107E-001  0.37207805E+000  0.31419279E+001  0.11740667E+003
  0.36544111E-001  0.37207812E+000  0.31419273E+001  0.11740650E+003
  0.36544115E-001  0.37207819E+000  0.31419268E+001  0.11740632E+003
  0.36544118E-001  0.37207825E+000  0.31419264E+001  0.11740615E+003
  0.36544121E-001  0.37207830E+000  0.31419260E+001  0.11740598E+003
  0.36544124E-001  0.37207836E+000  0.31419257E+001  0.11740581E+003
  0.36544127E-001  0.37207840E+000  0.31419254E+001  0.11740565E+003
  0.36544129E-001  0.37207845E+000  0.31419252E+001  0.11740548E+003
  0.36544131E-001  0.37207849E+000  0.31419250E+001  0.11740532E+003
  0.36544133E-001  0.37207852E+000  0.31419248E+001  0.11740515E+003
  0.36544135E-001  0.37207856E+000  0.31419246E+001  0.11740499E+003
  0.36544137E-001  0.37207859E+000  0.31419245E+001  0.11740484E+003
  0.36544139E-001  0.37207862E+000  0.31419244E+001  0.11740468E+003
  0.36544140E-001  0.37207864E+000  0.31419243E+001  0.11740452E+003
  0.36544142E-001  0.37207867E+000  0.31419242E+001  0.11740437E+003
  0.36544143E-001  0.37207869E+000  0.31419242E+001  0.11740422E+003
  0.36544144E-001  0.37207871E+000  0.31419241E+001  0.11740407E+003
  0.36544145E-001  0.37207873E+000  0.31419241E+001  0.11740393E+003
  0.36544146E-001  0.37207874E+000  0.31419241E+001  0.11740379E+003
  0.36544147E-001  0.37207876E+000  0.31419241E+001  0.11740364E+003
  0.36544148E-001  0.37207877E+000  0.31419241E+001  0.11740351E+003
  0.36544148E-001  0.37207878E+000  0.31419241E+001  0.11740337E+003
  0.36544149E-001  0.37207879E+000  0.31419241E+001  0.11740324E+003
  0.36544149E-001  0.37207880E+000  0.31419241E+001  0.11740311E+003
  0.36544149E-001  0.37207881E+000  0.31419241E+001  0.11740298E+003
  0.36544149E-001  0.37207882E+000  0.31419241E+001  0.11740285E+003
  0.36544149E-001  0.37207882E+000  0.31419241E+001  0.11740273E+003
  0.36544147E-001  0.37207882E+000  0.31419241E+001  0.11740261E+003
