  0.10610432E+000
  0.10602139E+000
  0.10604197E+000
  0.10608728E+000
  0.10613608E+000
  0.10618138E+000
  0.10622152E+000
  0.10625628E+000
  0.10628608E+000
  0.10631169E+000
  0.10633354E+000
  0.10635219E+000
  0.10636814E+000
  0.10638175E+000
  0.10639336E+000
  0.10640330E+000
  0.10641180E+000
  0.10641905E+000
  0.10642526E+000
  0.10643056E+000
  0.10643510E+000
  0.10643897E+000
  0.10644227E+000
  0.10644509E+000
  0.10644749E+000
  0.10644953E+000
  0.10645127E+000
  0.10645274E+000
  0.10645400E+000
  0.10645506E+000
  0.10645596E+000
  0.10645672E+000
  0.10645736E+000
  0.10645790E+000
  0.10645835E+000
  0.10645873E+000
  0.10645905E+000
  0.10645931E+000
  0.10645953E+000
  0.10645971E+000
  0.10645986E+000
  0.10645998E+000
  0.10646007E+000
  0.10646015E+000
  0.10646020E+000
  0.10646024E+000
  0.10646027E+000
  0.10646028E+000
  0.10646029E+000
  0.10646028E+000
  0.10646027E+000
  0.10646025E+000
  0.10646022E+000
  0.10646018E+000
  0.10646015E+000
  0.10646010E+000
  0.10646006E+000
  0.10646001E+000
  0.10645996E+000
  0.10645991E+000
  0.10645985E+000
  0.10645980E+000
  0.10645975E+000
  0.10645969E+000
  0.10645964E+000
  0.10645958E+000
  0.10645953E+000
  0.10645948E+000
  0.10645942E+000
  0.10645937E+000
  0.10645932E+000
  0.10645927E+000
  0.10645923E+000
  0.10645918E+000
  0.10645914E+000
  0.10645909E+000
  0.10645905E+000
  0.10645901E+000
  0.10645897E+000
  0.10645893E+000
  0.10645889E+000
  0.10645885E+000
  0.10645881E+000
  0.10645877E+000
  0.10645873E+000
  0.10645870E+000
  0.10645866E+000
  0.10645863E+000
  0.10645859E+000
  0.10645856E+000
  0.10645852E+000
  0.10645849E+000
  0.10645845E+000
  0.10645842E+000
  0.10645838E+000
  0.10645835E+000
  0.10645832E+000
  0.10645828E+000
  0.10645825E+000
  0.10645822E+000
  0.10645818E+000
  0.10645815E+000
  0.10645812E+000
  0.10645809E+000
  0.10645805E+000
  0.10645802E+000
  0.10645799E+000
  0.10645796E+000
  0.10645792E+000
  0.10645789E+000
  0.10645786E+000
  0.10645783E+000
  0.10645779E+000
  0.10645776E+000
  0.10645772E+000
  0.10645769E+000
  0.10645765E+000
  0.10645761E+000
  0.10645757E+000
  0.10645753E+000
  0.10645749E+000
  0.10645745E+000
  0.10645740E+000
  0.10645735E+000
  0.10645731E+000
  0.10645725E+000
  0.10645720E+000
  0.10645715E+000
  0.10645709E+000
  0.10645703E+000
  0.10645697E+000
  0.10645690E+000
  0.10645683E+000
  0.10645676E+000
  0.10645669E+000
  0.10645661E+000
  0.10645653E+000
  0.10645645E+000
  0.10645637E+000
  0.10645628E+000
  0.10645619E+000
  0.10645609E+000
  0.10645599E+000
  0.10645589E+000
  0.10645579E+000
  0.10645568E+000
  0.10645557E+000
  0.10645546E+000
  0.10645534E+000
  0.10645522E+000
  0.10645510E+000
  0.10645498E+000
  0.10645485E+000
  0.10645472E+000
  0.10645459E+000
  0.10645445E+000
  0.10645432E+000
  0.10645418E+000
  0.10645403E+000
  0.10645389E+000
  0.10645374E+000
  0.10645360E+000
  0.10645345E+000
  0.10645330E+000
  0.10645315E+000
  0.10645299E+000
  0.10645284E+000
  0.10645268E+000
  0.10645253E+000
  0.10645237E+000
  0.10645221E+000
  0.10645205E+000
  0.10645189E+000
  0.10645173E+000
  0.10645157E+000
  0.10645142E+000
  0.10645126E+000
  0.10645110E+000
  0.10645094E+000
  0.10645078E+000
  0.10645063E+000
  0.10645047E+000
  0.10645032E+000
  0.10645016E+000
  0.10645001E+000
  0.10644986E+000
  0.10644971E+000
  0.10644956E+000
  0.10644941E+000
  0.10644927E+000
  0.10644912E+000
  0.10644898E+000
  0.10644884E+000
  0.10644870E+000
  0.10644856E+000
  0.10644843E+000
  0.10644830E+000
  0.10644817E+000
  0.10644804E+000
  0.10644791E+000
