  0.15876857E+001
  0.15896069E+001
  0.15910168E+001
  0.15920899E+001
  0.15929131E+001
  0.15935438E+001
  0.15940211E+001
  0.15943747E+001
  0.15946280E+001
  0.15947993E+001
  0.15949040E+001
  0.15949542E+001
  0.15949599E+001
  0.15949293E+001
  0.15948690E+001
  0.15947843E+001
  0.15946798E+001
  0.15945590E+001
  0.15944250E+001
  0.15942805E+001
  0.15941275E+001
  0.15939678E+001
  0.15938030E+001
  0.15936341E+001
  0.15934623E+001
  0.15932885E+001
  0.15931134E+001
  0.15929375E+001
  0.15927616E+001
  0.15925860E+001
  0.15924111E+001
  0.15922373E+001
  0.15920649E+001
  0.15918941E+001
  0.15917251E+001
  0.15915583E+001
  0.15913937E+001
  0.15912315E+001
  0.15910719E+001
  0.15909151E+001
  0.15907612E+001
  0.15906103E+001
  0.15904625E+001
  0.15903181E+001
  0.15901771E+001
  0.15900396E+001
  0.15899058E+001
  0.15897758E+001
  0.15896496E+001
  0.15895274E+001
  0.15894092E+001
  0.15892952E+001
  0.15891854E+001
  0.15890798E+001
  0.15889785E+001
  0.15888815E+001
  0.15887889E+001
  0.15887006E+001
  0.15886166E+001
  0.15885369E+001
  0.15884615E+001
  0.15883903E+001
  0.15883233E+001
  0.15882603E+001
  0.15882012E+001
  0.15881461E+001
  0.15880946E+001
  0.15880469E+001
  0.15880026E+001
  0.15879617E+001
  0.15879241E+001
  0.15878896E+001
  0.15878581E+001
  0.15878294E+001
  0.15878034E+001
  0.15877799E+001
  0.15877588E+001
  0.15877399E+001
  0.15877232E+001
  0.15877084E+001
  0.15876954E+001
  0.15876841E+001
  0.15876743E+001
  0.15876659E+001
  0.15876588E+001
  0.15876529E+001
  0.15876480E+001
  0.15876440E+001
  0.15876409E+001
  0.15876385E+001
  0.15876367E+001
  0.15876355E+001
  0.15876348E+001
  0.15876344E+001
  0.15876344E+001
  0.15876347E+001
  0.15876352E+001
  0.15876359E+001
  0.15876367E+001
  0.15876376E+001
  0.15876387E+001
  0.15876398E+001
  0.15876409E+001
  0.15876420E+001
  0.15876432E+001
  0.15876444E+001
  0.15876455E+001
  0.15876466E+001
  0.15876477E+001
  0.15876488E+001
  0.15876498E+001
  0.15876508E+001
  0.15876518E+001
  0.15876528E+001
  0.15876537E+001
  0.15876546E+001
  0.15876554E+001
  0.15876563E+001
  0.15876571E+001
  0.15876578E+001
  0.15876586E+001
  0.15876594E+001
  0.15876601E+001
  0.15876608E+001
  0.15876615E+001
  0.15876622E+001
  0.15876628E+001
  0.15876635E+001
  0.15876641E+001
  0.15876648E+001
  0.15876654E+001
  0.15876660E+001
  0.15876666E+001
  0.15876672E+001
  0.15876678E+001
  0.15876684E+001
  0.15876690E+001
  0.15876696E+001
  0.15876701E+001
  0.15876707E+001
  0.15876712E+001
  0.15876718E+001
  0.15876723E+001
  0.15876728E+001
  0.15876733E+001
  0.15876739E+001
  0.15876744E+001
  0.15876748E+001
  0.15876753E+001
  0.15876758E+001
  0.15876763E+001
  0.15876767E+001
  0.15876772E+001
  0.15876776E+001
  0.15876780E+001
  0.15876784E+001
  0.15876788E+001
  0.15876792E+001
  0.15876796E+001
  0.15876800E+001
  0.15876803E+001
  0.15876807E+001
  0.15876810E+001
  0.15876813E+001
  0.15876816E+001
  0.15876819E+001
  0.15876822E+001
  0.15876824E+001
  0.15876827E+001
  0.15876830E+001
  0.15876832E+001
  0.15876834E+001
  0.15876836E+001
  0.15876838E+001
  0.15876840E+001
  0.15876842E+001
  0.15876844E+001
  0.15876845E+001
  0.15876847E+001
  0.15876848E+001
  0.15876850E+001
  0.15876851E+001
  0.15876852E+001
  0.15876853E+001
  0.15876854E+001
  0.15876855E+001
  0.15876856E+001
  0.15876857E+001
  0.15876858E+001
  0.15876859E+001
  0.15876859E+001
  0.15876860E+001
  0.15876860E+001
  0.15876861E+001
  0.15876862E+001
  0.15876862E+001
  0.15876862E+001
  0.15876863E+001
  0.15876863E+001
  0.15876864E+001
