  0.10332417E+001  0.60548799E+000  0.95887273E+000  0.37531408E+001
  0.10467027E+001  0.60187878E+000  0.95453350E+000  0.37553130E+001
  0.10489117E+001  0.60539050E+000  0.95290823E+000  0.37568573E+001
  0.10606451E+001  0.60010800E+000  0.94962435E+000  0.37579827E+001
  0.10684987E+001  0.59728400E+000  0.94704835E+000  0.37588216E+001
  0.10746473E+001  0.59490282E+000  0.94535238E+000  0.37592730E+001
  0.10848458E+001  0.58604747E+000  0.94528280E+000  0.37599087E+001
  0.10854530E+001  0.58903525E+000  0.94276831E+000  0.37602425E+001
  0.10861538E+001  0.59341614E+000  0.93846711E+000  0.37604756E+001
  0.10890491E+001  0.59359048E+000  0.93611492E+000  0.37604433E+001
  0.10892688E+001  0.59983639E+000  0.92998004E+000  0.37605311E+001
  0.10895343E+001  0.60032949E+000  0.92938590E+000  0.37605674E+001
  0.10898489E+001  0.60004052E+000  0.92937814E+000  0.37605724E+001
  0.10946689E+001  0.59517991E+000  0.92933470E+000  0.37605341E+001
  0.10946147E+001  0.59606482E+000  0.92832786E+000  0.37604690E+001
  0.11027237E+001  0.58780363E+000  0.92822820E+000  0.37603822E+001
  0.11083628E+001  0.58197644E+000  0.92810235E+000  0.37602779E+001
  0.11082037E+001  0.58229188E+000  0.92758130E+000  0.37601595E+001
  0.11080187E+001  0.58219800E+000  0.92801320E+000  0.37569691E+001
  0.11078184E+001  0.58209408E+000  0.92791528E+000  0.37566251E+001
  0.11075966E+001  0.58199067E+000  0.92717715E+000  0.37597461E+001
  0.11073612E+001  0.58190822E+000  0.92704838E+000  0.37593696E+001
  0.11071145E+001  0.58179966E+000  0.92694270E+000  0.37589757E+001
  0.11068599E+001  0.58168787E+000  0.92683627E+000  0.37585741E+001
  0.11065967E+001  0.58157600E+000  0.92672968E+000  0.37581672E+001
  0.11063277E+001  0.58146419E+000  0.92662259E+000  0.37577571E+001
  0.11060542E+001  0.58135248E+000  0.92651584E+000  0.37573455E+001
  0.11057773E+001  0.58125919E+000  0.92639183E+000  0.37569339E+001
  0.11054980E+001  0.58114886E+000  0.92628663E+000  0.37565236E+001
  0.11052172E+001  0.58103987E+000  0.92618245E+000  0.37561156E+001
  0.11049357E+001  0.58093238E+000  0.92607953E+000  0.37557110E+001
  0.11046540E+001  0.58082657E+000  0.92597803E+000  0.37553105E+001
  0.11043730E+001  0.58072257E+000  0.92587808E+000  0.37549150E+001
  0.11040931E+001  0.58062052E+000  0.92577975E+000  0.37545252E+001
  0.11038149E+001  0.58052052E+000  0.92507250E+000  0.37574932E+001
  0.11035388E+001  0.58042269E+000  0.92493786E+000  0.37573342E+001
  0.11032654E+001  0.58032712E+000  0.92480599E+000  0.37571766E+001
  0.11029952E+001  0.58023388E+000  0.92467696E+000  0.37570204E+001
  0.11027284E+001  0.58014306E+000  0.92455078E+000  0.37568658E+001
  0.11024657E+001  0.58005473E+000  0.92442750E+000  0.37567129E+001
  0.11022073E+001  0.57996894E+000  0.92430711E+000  0.37565617E+001
  0.11019537E+001  0.57988575E+000  0.92418963E+000  0.37564124E+001
  0.11017052E+001  0.57980520E+000  0.92407506E+000  0.37562651E+001
  0.11014623E+001  0.57972733E+000  0.92396339E+000  0.37561198E+001
  0.11012253E+001  0.57965217E+000  0.92385463E+000  0.37559768E+001
  0.11009945E+001  0.57957975E+000  0.92374877E+000  0.37558360E+001
  0.11007702E+001  0.57951008E+000  0.92364580E+000  0.37556977E+001
  0.11005528E+001  0.57944317E+000  0.92354574E+000  0.37555618E+001
  0.11003426E+001  0.57937904E+000  0.92344857E+000  0.37554287E+001
  0.11001397E+001  0.57931767E+000  0.92335431E+000  0.37552983E+001
  0.10999445E+001  0.57925906E+000  0.92326296E+000  0.37551709E+001
  0.10997571E+001  0.57920319E+000  0.92317453E+000  0.37550465E+001
  0.10995777E+001  0.57915004E+000  0.92308901E+000  0.37549252E+001
  0.10994064E+001  0.57909958E+000  0.92300642E+000  0.37548071E+001
  0.10992434E+001  0.57905177E+000  0.92292677E+000  0.37546925E+001
  0.10990886E+001  0.57900657E+000  0.92285005E+000  0.37545812E+001
  0.10989422E+001  0.57896394E+000  0.92277626E+000  0.37544736E+001
  0.10988040E+001  0.57892382E+000  0.92270542E+000  0.37543695E+001
  0.10986741E+001  0.57888616E+000  0.92263750E+000  0.37542692E+001
  0.10985523E+001  0.57885088E+000  0.92257250E+000  0.37541726E+001
  0.10984385E+001  0.57881792E+000  0.92251042E+000  0.37540798E+001
  0.10983326E+001  0.57878722E+000  0.92245123E+000  0.37539908E+001
  0.10982343E+001  0.57875869E+000  0.92239492E+000  0.37539057E+001
  0.10981434E+001  0.57873226E+000  0.92234147E+000  0.37538244E+001
  0.10980597E+001  0.57870784E+000  0.92229084E+000  0.37537470E+001
  0.10979829E+001  0.57868536E+000  0.92224302E+000  0.37536734E+001
  0.10979127E+001  0.57866473E+000  0.92219796E+000  0.37536037E+001
  0.10978487E+001  0.57864587E+000  0.92215562E+000  0.37535377E+001
  0.10977908E+001  0.57862869E+000  0.92211597E+000  0.37534755E+001
  0.10977384E+001  0.57861311E+000  0.92207894E+000  0.37534170E+001
  0.10976914E+001  0.57859904E+000  0.92204449E+000  0.37533621E+001
  0.10976493E+001  0.57858640E+000  0.92201255E+000  0.37533107E+001
  0.10976118E+001  0.57857509E+000  0.92198306E+000  0.37532629E+001
  0.10975786E+001  0.57856504E+000  0.92195594E+000  0.37532184E+001
  0.10975494E+001  0.57855617E+000  0.92193110E+000  0.37531773E+001
  0.10975238E+001  0.57854838E+000  0.92190847E+000  0.37531394E+001
  0.10975015E+001  0.57854160E+000  0.92188794E+000  0.37531046E+001
  0.10974822E+001  0.57853575E+000  0.92186943E+000  0.37530728E+001
  0.10974657E+001  0.57853076E+000  0.92185282E+000  0.37530439E+001
  0.10974516E+001  0.57852653E+000  0.92183802E+000  0.37530178E+001
  0.10974398E+001  0.57852302E+000  0.92182491E+000  0.37529943E+001
  0.10974299E+001  0.57850221E+000  0.92183130E+000  0.37529733E+001
  0.10974218E+001  0.57849988E+000  0.92182124E+000  0.37529547E+001
  0.10974152E+001  0.57849806E+000  0.92181254E+000  0.37529383E+001
  0.10974100E+001  0.57849667E+000  0.92180508E+000  0.37529240E+001
  0.10974059E+001  0.57849566E+000  0.92179876E+000  0.37529117E+001
  0.10974029E+001  0.57849498E+000  0.92179347E+000  0.37529011E+001
  0.10974008E+001  0.57849457E+000  0.92178911E+000  0.37528921E+001
  0.10973994E+001  0.57849439E+000  0.92178557E+000  0.37528847E+001
  0.10973987E+001  0.57849440E+000  0.92178278E+000  0.37528786E+001
  0.10973985E+001  0.57849455E+000  0.92178063E+000  0.37528736E+001
  0.10973988E+001  0.57849482E+000  0.92177904E+000  0.37528698E+001
  0.10973994E+001  0.57849517E+000  0.92177795E+000  0.37528669E+001
  0.10974004E+001  0.57849558E+000  0.92177727E+000  0.37528648E+001
  0.10974016E+001  0.57849602E+000  0.92177695E+000  0.37528635E+001
  0.10974030E+001  0.57849646E+000  0.92177693E+000  0.37528628E+001
  0.10974045E+001  0.57849690E+000  0.92177715E+000  0.37528626E+001
  0.10974062E+001  0.57849732E+000  0.92177757E+000  0.37528628E+001
  0.10974080E+001  0.57849770E+000  0.92177815E+000  0.37528635E+001
  0.10974098E+001  0.57849803E+000  0.92177885E+000  0.37528644E+001
  0.10974117E+001  0.57849832E+000  0.92177964E+000  0.37528655E+001
  0.10974136E+001  0.57849854E+000  0.92178049E+000  0.37528669E+001
  0.10974155E+001  0.57849871E+000  0.92178138E+000  0.37528684E+001
  0.10974175E+001  0.57849881E+000  0.92178229E+000  0.37528700E+001
  0.10974195E+001  0.57849885E+000  0.92178320E+000  0.37528717E+001
  0.10974214E+001  0.57849883E+000  0.92178410E+000  0.37528735E+001
  0.10974234E+001  0.57849875E+000  0.92178498E+000  0.37528753E+001
  0.10974253E+001  0.57849862E+000  0.92178583E+000  0.37528771E+001
  0.10974273E+001  0.57849843E+000  0.92178665E+000  0.37528789E+001
  0.10974292E+001  0.57849820E+000  0.92178741E+000  0.37528808E+001
  0.10974311E+001  0.57849793E+000  0.92178813E+000  0.37528826E+001
  0.10974330E+001  0.57849762E+000  0.92178881E+000  0.37528843E+001
  0.10974349E+001  0.57849728E+000  0.92178942E+000  0.37528861E+001
  0.10974368E+001  0.57849692E+000  0.92178999E+000  0.37528878E+001
  0.10974386E+001  0.57849654E+000  0.92179050E+000  0.37528895E+001
  0.10974404E+001  0.57849615E+000  0.92179096E+000  0.37528911E+001
  0.10974422E+001  0.57849576E+000  0.92179136E+000  0.37528928E+001
  0.10974440E+001  0.57849537E+000  0.92179171E+000  0.37528944E+001
  0.10974458E+001  0.57849498E+000  0.92179202E+000  0.37528959E+001
  0.10974475E+001  0.57849462E+000  0.92179227E+000  0.37528974E+001
  0.10974492E+001  0.57849426E+000  0.92179248E+000  0.37528989E+001
  0.10974509E+001  0.57849394E+000  0.92179265E+000  0.37529004E+001
  0.10974526E+001  0.57849363E+000  0.92179278E+000  0.37529018E+001
  0.10974542E+001  0.57849336E+000  0.92179287E+000  0.37529032E+001
  0.10974558E+001  0.57849312E+000  0.92179293E+000  0.37529046E+001
  0.10974573E+001  0.57849291E+000  0.92179295E+000  0.37529059E+001
  0.10974589E+001  0.57849274E+000  0.92179295E+000  0.37529073E+001
  0.10974603E+001  0.57849261E+000  0.92179292E+000  0.37529086E+001
  0.10974618E+001  0.57849252E+000  0.92179287E+000  0.37529099E+001
  0.10974632E+001  0.57849246E+000  0.92179280E+000  0.37529111E+001
  0.10974645E+001  0.57849244E+000  0.92179271E+000  0.37529124E+001
  0.10974658E+001  0.57849246E+000  0.92179261E+000  0.37529136E+001
  0.10974671E+001  0.57849251E+000  0.92179250E+000  0.37529148E+001
  0.10974683E+001  0.57849260E+000  0.92179238E+000  0.37529161E+001
  0.10974695E+001  0.57849271E+000  0.92179226E+000  0.37529172E+001
  0.10974706E+001  0.57849286E+000  0.92179213E+000  0.37529184E+001
  0.10974717E+001  0.57849304E+000  0.92179200E+000  0.37529196E+001
  0.10974728E+001  0.57849324E+000  0.92179188E+000  0.37529208E+001
  0.10974738E+001  0.57849346E+000  0.92179175E+000  0.37529219E+001
  0.10974747E+001  0.57849371E+000  0.92179163E+000  0.37529231E+001
  0.10974757E+001  0.57849397E+000  0.92179151E+000  0.37529242E+001
  0.10974765E+001  0.57849425E+000  0.92179140E+000  0.37529253E+001
  0.10974774E+001  0.57849454E+000  0.92179130E+000  0.37529264E+001
  0.10974782E+001  0.57849484E+000  0.92179121E+000  0.37529275E+001
  0.10974789E+001  0.57849514E+000  0.92179112E+000  0.37529286E+001
  0.10974797E+001  0.57849546E+000  0.92179105E+000  0.37529297E+001
  0.10974803E+001  0.57849577E+000  0.92179098E+000  0.37529308E+001
  0.10974810E+001  0.57849609E+000  0.92179093E+000  0.37529319E+001
  0.10974816E+001  0.57849641E+000  0.92179088E+000  0.37529329E+001
  0.10974822E+001  0.57849672E+000  0.92179084E+000  0.37529339E+001
  0.10974827E+001  0.57849703E+000  0.92179081E+000  0.37529350E+001
  0.10974833E+001  0.57849734E+000  0.92179079E+000  0.37529360E+001
  0.10974837E+001  0.57849764E+000  0.92179078E+000  0.37529370E+001
  0.10974842E+001  0.57849793E+000  0.92179078E+000  0.37529379E+001
  0.10974846E+001  0.57849822E+000  0.92179078E+000  0.37529389E+001
  0.10974851E+001  0.57849849E+000  0.92179079E+000  0.37529399E+001
  0.10974854E+001  0.57849876E+000  0.92179081E+000  0.37529408E+001
  0.10974858E+001  0.57849902E+000  0.92179083E+000  0.37529417E+001
  0.10974861E+001  0.57849927E+000  0.92179086E+000  0.37529426E+001
  0.10974865E+001  0.57849951E+000  0.92179089E+000  0.37529434E+001
  0.10974868E+001  0.57849973E+000  0.92179093E+000  0.37529443E+001
  0.10974870E+001  0.57849995E+000  0.92179097E+000  0.37529451E+001
  0.10974873E+001  0.57850016E+000  0.92179101E+000  0.37529459E+001
  0.10974876E+001  0.57850036E+000  0.92179106E+000  0.37529467E+001
  0.10974878E+001  0.57850054E+000  0.92179110E+000  0.37529475E+001
  0.10974880E+001  0.57850072E+000  0.92179115E+000  0.37529482E+001
  0.10974882E+001  0.57850089E+000  0.92179120E+000  0.37529489E+001
  0.10974884E+001  0.57850105E+000  0.92179124E+000  0.37529496E+001
  0.10974886E+001  0.57850119E+000  0.92179129E+000  0.37529502E+001
  0.10974887E+001  0.57850133E+000  0.92179134E+000  0.37529509E+001
  0.10974889E+001  0.57850147E+000  0.92179139E+000  0.37529515E+001
  0.10974890E+001  0.57850159E+000  0.92179144E+000  0.37529521E+001
  0.10974892E+001  0.57850171E+000  0.92179148E+000  0.37529526E+001
  0.10974893E+001  0.57850182E+000  0.92179153E+000  0.37529532E+001
  0.10974894E+001  0.57850192E+000  0.92179157E+000  0.37529537E+001
  0.10974895E+001  0.57850201E+000  0.92179161E+000  0.37529541E+001
  0.10974896E+001  0.57850210E+000  0.92179165E+000  0.37529546E+001
  0.10974897E+001  0.57850218E+000  0.92179169E+000  0.37529550E+001
  0.10974898E+001  0.57850226E+000  0.92179173E+000  0.37529555E+001
  0.10974899E+001  0.57850233E+000  0.92179177E+000  0.37529559E+001
  0.10974899E+001  0.57850240E+000  0.92179180E+000  0.37529562E+001
  0.10974900E+001  0.57850246E+000  0.92179183E+000  0.37529566E+001
  0.10974901E+001  0.57850252E+000  0.92179186E+000  0.37529569E+001
  0.10974901E+001  0.57850258E+000  0.92179189E+000  0.37529572E+001
  0.10974902E+001  0.57850263E+000  0.92179192E+000  0.37529575E+001
  0.10974902E+001  0.57850267E+000  0.92179195E+000  0.37529577E+001
  0.10974903E+001  0.57850272E+000  0.92179197E+000  0.37529580E+001
  0.10974903E+001  0.57850276E+000  0.92179199E+000  0.37529582E+001
  0.10974904E+001  0.57850279E+000  0.92179202E+000  0.37529584E+001
  0.10974904E+001  0.57850283E+000  0.92179204E+000  0.37529586E+001
  0.10974904E+001  0.57850286E+000  0.92179206E+000  0.37529588E+001
  0.10974905E+001  0.57850289E+000  0.92179208E+000  0.37529590E+001
  0.10974905E+001  0.57850292E+000  0.92179209E+000  0.37529591E+001
  0.10974905E+001  0.57850294E+000  0.92179211E+000  0.37529593E+001
  0.10974906E+001  0.57850297E+000  0.92179213E+000  0.37529594E+001
  0.10974906E+001  0.57850299E+000  0.92179215E+000  0.37529595E+001
  0.10974906E+001  0.57850302E+000  0.92179217E+000  0.37529596E+001
  0.10974907E+001  0.57850304E+000  0.92179219E+000  0.37529597E+001
  0.10974907E+001  0.57850307E+000  0.92179222E+000  0.37529598E+001
  0.10974908E+001  0.57850310E+000  0.92179226E+000  0.37529599E+001
