 -0.15576191E+000  0.23181266E+000  0.22812896E+001  0.39934029E+001
 -0.15438247E+000  0.23400445E+000  0.22838210E+001  0.39949850E+001
 -0.15346538E+000  0.23508619E+000  0.22864316E+001  0.39960153E+001
 -0.15279081E+000  0.23584075E+000  0.22885628E+001  0.39967474E+001
 -0.15229360E+000  0.23641058E+000  0.22902465E+001  0.39972893E+001
 -0.15192953E+000  0.23683690E+000  0.22915695E+001  0.39976986E+001
 -0.15166850E+000  0.23714820E+000  0.22925969E+001  0.39980081E+001
 -0.15148948E+000  0.23736672E+000  0.22933815E+001  0.39982404E+001
 -0.15137498E+000  0.23750971E+000  0.22939664E+001  0.39984115E+001
 -0.15131193E+000  0.23759135E+000  0.22943856E+001  0.39985328E+001
 -0.15128912E+000  0.23762335E+000  0.22946685E+001  0.39986136E+001
 -0.15129817E+000  0.23761523E+000  0.22948390E+001  0.39986611E+001
 -0.15133258E+000  0.23757455E+000  0.22949170E+001  0.39986809E+001
 -0.15138716E+000  0.23750810E+000  0.22949188E+001  0.39986779E+001
 -0.15145786E+000  0.23742126E+000  0.22948573E+001  0.39986557E+001
 -0.15154145E+000  0.23731837E+000  0.22947433E+001  0.39986176E+001
 -0.15163530E+000  0.23720304E+000  0.22945857E+001  0.39985661E+001
 -0.15173726E+000  0.23707827E+000  0.22943919E+001  0.39985035E+001
 -0.15184553E+000  0.23694647E+000  0.22941682E+001  0.39984315E+001
 -0.15195852E+000  0.23680961E+000  0.22939198E+001  0.39983517E+001
 -0.15207494E+000  0.23666925E+000  0.22936509E+001  0.39982653E+001
 -0.15219369E+000  0.23652672E+000  0.22933654E+001  0.39981735E+001
 -0.15231386E+000  0.23638306E+000  0.22930661E+001  0.39980770E+001
 -0.15243470E+000  0.23623913E+000  0.22927558E+001  0.39979766E+001
 -0.15255555E+000  0.23609566E+000  0.22924366E+001  0.39978730E+001
 -0.15267588E+000  0.23595321E+000  0.22921104E+001  0.39977667E+001
 -0.15279526E+000  0.23581227E+000  0.22917789E+001  0.39976580E+001
 -0.15291331E+000  0.23567322E+000  0.22914433E+001  0.39975474E+001
 -0.15302973E+000  0.23553639E+000  0.22911051E+001  0.39974352E+001
 -0.15314420E+000  0.23540204E+000  0.22907651E+001  0.39973215E+001
 -0.15325651E+000  0.23527040E+000  0.22904245E+001  0.39972066E+001
 -0.15336652E+000  0.23514165E+000  0.22900840E+001  0.39970906E+001
 -0.15347410E+000  0.23501597E+000  0.22897444E+001  0.39969738E+001
 -0.15357917E+000  0.23489347E+000  0.22894064E+001  0.39968561E+001
 -0.15368168E+000  0.23477430E+000  0.22890707E+001  0.39967378E+001
 -0.15378158E+000  0.23465854E+000  0.22887378E+001  0.39966188E+001
 -0.15387885E+000  0.23454630E+000  0.22884084E+001  0.39964993E+001
 -0.15397345E+000  0.23443765E+000  0.22880829E+001  0.39963794E+001
 -0.15406538E+000  0.23433267E+000  0.22877618E+001  0.39962591E+001
 -0.15415462E+000  0.23423142E+000  0.22874455E+001  0.39961385E+001
 -0.15424116E+000  0.23413394E+000  0.22871345E+001  0.39960178E+001
 -0.15432501E+000  0.23404028E+000  0.22868293E+001  0.39958970E+001
 -0.15440615E+000  0.23395046E+000  0.22865300E+001  0.39957763E+001
 -0.15448458E+000  0.23386452E+000  0.22862372E+001  0.39956557E+001
 -0.15456343E+000  0.23378559E+000  0.22859512E+001  0.39955356E+001
 -0.15464053E+000  0.23371150E+000  0.22856722E+001  0.39954159E+001
 -0.15471463E+000  0.23364101E+000  0.22854006E+001  0.39952968E+001
 -0.15478574E+000  0.23357410E+000  0.22851366E+001  0.39951786E+001
 -0.15485385E+000  0.23351075E+000  0.22848806E+001  0.39950614E+001
 -0.15491897E+000  0.23339269E+000  0.22846909E+001  0.39949455E+001
 -0.15498109E+000  0.23327742E+000  0.22845102E+001  0.39948309E+001
 -0.15504023E+000  0.23316823E+000  0.22843354E+001  0.39947179E+001
 -0.15509640E+000  0.23306505E+000  0.22841666E+001  0.39946067E+001
 -0.15514961E+000  0.23296782E+000  0.22840039E+001  0.39944975E+001
 -0.15519989E+000  0.23287645E+000  0.22838475E+001  0.39943904E+001
 -0.15524728E+000  0.23279085E+000  0.22836974E+001  0.39942856E+001
 -0.15529181E+000  0.23271089E+000  0.22835536E+001  0.39941833E+001
 -0.15533353E+000  0.23263644E+000  0.22834163E+001  0.39940836E+001
 -0.15537251E+000  0.23256735E+000  0.22832853E+001  0.39939868E+001
 -0.15540882E+000  0.23250344E+000  0.22831607E+001  0.39938929E+001
 -0.15544253E+000  0.23244455E+000  0.22830425E+001  0.39938021E+001
 -0.15547372E+000  0.23239048E+000  0.22829305E+001  0.39937146E+001
 -0.15550251E+000  0.23234103E+000  0.22828247E+001  0.39936304E+001
 -0.15552897E+000  0.23229599E+000  0.22827249E+001  0.39935497E+001
 -0.15555323E+000  0.23225513E+000  0.22826310E+001  0.39934725E+001
 -0.15557539E+000  0.23221824E+000  0.22825429E+001  0.39933990E+001
 -0.15559557E+000  0.23218509E+000  0.22824604E+001  0.39933292E+001
 -0.15561388E+000  0.23215544E+000  0.22823832E+001  0.39932632E+001
 -0.15563043E+000  0.23212906E+000  0.22823113E+001  0.39932010E+001
 -0.15564535E+000  0.23210572E+000  0.22822444E+001  0.39931427E+001
 -0.15565875E+000  0.23208519E+000  0.22821823E+001  0.39930883E+001
 -0.15567075E+000  0.23206725E+000  0.22821247E+001  0.39930378E+001
 -0.15568145E+000  0.23205168E+000  0.22820715E+001  0.39929911E+001
 -0.15569095E+000  0.23203826E+000  0.22820225E+001  0.39929483E+001
 -0.15569937E+000  0.23202680E+000  0.22819773E+001  0.39929092E+001
 -0.15570679E+000  0.23201710E+000  0.22819358E+001  0.39928739E+001
 -0.15571332E+000  0.23200897E+000  0.22818977E+001  0.39928422E+001
 -0.15571903E+000  0.23200224E+000  0.22818629E+001  0.39928141E+001
 -0.15572401E+000  0.23199675E+000  0.22818311E+001  0.39927894E+001
 -0.15572834E+000  0.23199233E+000  0.22818020E+001  0.39927679E+001
 -0.15573208E+000  0.23198886E+000  0.22817756E+001  0.39927496E+001
 -0.15573530E+000  0.23198620E+000  0.22817515E+001  0.39927343E+001
 -0.15573806E+000  0.23198422E+000  0.22817296E+001  0.39927219E+001
 -0.15574042E+000  0.23198283E+000  0.22817097E+001  0.39927121E+001
 -0.15574242E+000  0.23198192E+000  0.22816916E+001  0.39927047E+001
 -0.15574412E+000  0.23198139E+000  0.22816751E+001  0.39926997E+001
 -0.15574555E+000  0.23198118E+000  0.22816601E+001  0.39926967E+001
 -0.15574675E+000  0.23198120E+000  0.22816465E+001  0.39926957E+001
 -0.15574775E+000  0.23198139E+000  0.22816341E+001  0.39926964E+001
 -0.15574858E+000  0.23198169E+000  0.22816227E+001  0.39926986E+001
 -0.15574927E+000  0.23198206E+000  0.22816124E+001  0.39927022E+001
 -0.15574984E+000  0.23198243E+000  0.22816029E+001  0.39927070E+001
 -0.15575031E+000  0.23198277E+000  0.22815943E+001  0.39927128E+001
 -0.15575071E+000  0.23198305E+000  0.22815863E+001  0.39927194E+001
 -0.15575104E+000  0.23198322E+000  0.22815791E+001  0.39927268E+001
 -0.15575132E+000  0.23198327E+000  0.22815724E+001  0.39927348E+001
 -0.15575156E+000  0.23198315E+000  0.22815663E+001  0.39927433E+001
 -0.15575177E+000  0.23198285E+000  0.22815608E+001  0.39927521E+001
 -0.15575195E+000  0.23198235E+000  0.22815558E+001  0.39927611E+001
 -0.15575213E+000  0.23198164E+000  0.22815512E+001  0.39927704E+001
 -0.15575229E+000  0.23198069E+000  0.22815471E+001  0.39927797E+001
 -0.15575245E+000  0.23197950E+000  0.22815434E+001  0.39927891E+001
 -0.15575261E+000  0.23197806E+000  0.22815402E+001  0.39927984E+001
 -0.15575278E+000  0.23197636E+000  0.22815374E+001  0.39928077E+001
 -0.15575294E+000  0.23197440E+000  0.22815349E+001  0.39928169E+001
 -0.15575312E+000  0.23197219E+000  0.22815329E+001  0.39928260E+001
 -0.15575330E+000  0.23196972E+000  0.22815311E+001  0.39928349E+001
 -0.15575348E+000  0.23196701E+000  0.22815298E+001  0.39928437E+001
 -0.15575368E+000  0.23196405E+000  0.22815287E+001  0.39928523E+001
 -0.15575389E+000  0.23196088E+000  0.22815279E+001  0.39928607E+001
 -0.15575410E+000  0.23195748E+000  0.22815274E+001  0.39928690E+001
 -0.15575431E+000  0.23195389E+000  0.22815270E+001  0.39928772E+001
 -0.15575454E+000  0.23195012E+000  0.22815269E+001  0.39928852E+001
 -0.15575477E+000  0.23194619E+000  0.22815269E+001  0.39928932E+001
 -0.15575500E+000  0.23194211E+000  0.22815270E+001  0.39929010E+001
 -0.15575524E+000  0.23193792E+000  0.22815272E+001  0.39929088E+001
 -0.15575548E+000  0.23193362E+000  0.22815275E+001  0.39929166E+001
 -0.15575572E+000  0.23192924E+000  0.22815277E+001  0.39929243E+001
 -0.15575596E+000  0.23192481E+000  0.22815278E+001  0.39929321E+001
 -0.15575621E+000  0.23192034E+000  0.22815279E+001  0.39929398E+001
 -0.15575645E+000  0.23191585E+000  0.22815278E+001  0.39929477E+001
 -0.15575668E+000  0.23191137E+000  0.22815276E+001  0.39929556E+001
 -0.15575692E+000  0.23190691E+000  0.22815272E+001  0.39929636E+001
 -0.15575715E+000  0.23190250E+000  0.22815265E+001  0.39929718E+001
 -0.15575738E+000  0.23189813E+000  0.22815256E+001  0.39929801E+001
 -0.15575760E+000  0.23189385E+000  0.22815244E+001  0.39929885E+001
 -0.15575782E+000  0.23188964E+000  0.22815229E+001  0.39929971E+001
 -0.15575803E+000  0.23188554E+000  0.22815211E+001  0.39930058E+001
 -0.15575823E+000  0.23188154E+000  0.22815190E+001  0.39930147E+001
 -0.15575843E+000  0.23187767E+000  0.22815166E+001  0.39930238E+001
 -0.15575862E+000  0.23187391E+000  0.22815138E+001  0.39930330E+001
 -0.15575880E+000  0.23187029E+000  0.22815106E+001  0.39930424E+001
 -0.15575898E+000  0.23186681E+000  0.22815072E+001  0.39930520E+001
 -0.15575915E+000  0.23186347E+000  0.22815034E+001  0.39930616E+001
 -0.15575931E+000  0.23186027E+000  0.22814994E+001  0.39930714E+001
 -0.15575947E+000  0.23185721E+000  0.22814950E+001  0.39930813E+001
 -0.15575962E+000  0.23185430E+000  0.22814904E+001  0.39930913E+001
 -0.15575976E+000  0.23185153E+000  0.22814855E+001  0.39931014E+001
 -0.15575990E+000  0.23184890E+000  0.22814804E+001  0.39931115E+001
 -0.15576002E+000  0.23184642E+000  0.22814752E+001  0.39931216E+001
 -0.15576014E+000  0.23184407E+000  0.22814697E+001  0.39931318E+001
 -0.15576026E+000  0.23184185E+000  0.22814641E+001  0.39931419E+001
 -0.15576037E+000  0.23183976E+000  0.22814584E+001  0.39931519E+001
 -0.15576047E+000  0.23183780E+000  0.22814525E+001  0.39931619E+001
 -0.15576057E+000  0.23183596E+000  0.22814466E+001  0.39931718E+001
 -0.15576066E+000  0.23183423E+000  0.22814407E+001  0.39931816E+001
 -0.15576075E+000  0.23183262E+000  0.22814348E+001  0.39931913E+001
 -0.15576083E+000  0.23183111E+000  0.22814288E+001  0.39932008E+001
 -0.15576091E+000  0.23182970E+000  0.22814229E+001  0.39932101E+001
 -0.15576098E+000  0.23182839E+000  0.22814170E+001  0.39932193E+001
 -0.15576104E+000  0.23182717E+000  0.22814112E+001  0.39932282E+001
 -0.15576111E+000  0.23182603E+000  0.22814055E+001  0.39932369E+001
 -0.15576117E+000  0.23182498E+000  0.22813999E+001  0.39932454E+001
 -0.15576122E+000  0.23182400E+000  0.22813945E+001  0.39932537E+001
 -0.15576127E+000  0.23182309E+000  0.22813891E+001  0.39932617E+001
 -0.15576132E+000  0.23182225E+000  0.22813839E+001  0.39932694E+001
 -0.15576137E+000  0.23182147E+000  0.22813788E+001  0.39932769E+001
 -0.15576141E+000  0.23182075E+000  0.22813739E+001  0.39932841E+001
 -0.15576145E+000  0.23182009E+000  0.22813692E+001  0.39932910E+001
 -0.15576149E+000  0.23181947E+000  0.22813647E+001  0.39932977E+001
 -0.15576152E+000  0.23181891E+000  0.22813603E+001  0.39933041E+001
 -0.15576155E+000  0.23181839E+000  0.22813561E+001  0.39933102E+001
 -0.15576158E+000  0.23181791E+000  0.22813520E+001  0.39933161E+001
 -0.15576161E+000  0.23181747E+000  0.22813482E+001  0.39933216E+001
 -0.15576163E+000  0.23181706E+000  0.22813445E+001  0.39933270E+001
 -0.15576166E+000  0.23181668E+000  0.22813410E+001  0.39933320E+001
 -0.15576168E+000  0.23181634E+000  0.22813377E+001  0.39933368E+001
 -0.15576170E+000  0.23181602E+000  0.22813345E+001  0.39933414E+001
 -0.15576172E+000  0.23181573E+000  0.22813316E+001  0.39933457E+001
 -0.15576173E+000  0.23181547E+000  0.22813287E+001  0.39933498E+001
 -0.15576175E+000  0.23181522E+000  0.22813261E+001  0.39933537E+001
 -0.15576176E+000  0.23181500E+000  0.22813235E+001  0.39933574E+001
 -0.15576178E+000  0.23181479E+000  0.22813212E+001  0.39933608E+001
 -0.15576179E+000  0.23181461E+000  0.22813189E+001  0.39933640E+001
 -0.15576180E+000  0.23181443E+000  0.22813169E+001  0.39933671E+001
 -0.15576181E+000  0.23181428E+000  0.22813149E+001  0.39933700E+001
 -0.15576182E+000  0.23181413E+000  0.22813131E+001  0.39933726E+001
 -0.15576183E+000  0.23181400E+000  0.22813113E+001  0.39933752E+001
 -0.15576184E+000  0.23181388E+000  0.22813097E+001  0.39933775E+001
 -0.15576184E+000  0.23181377E+000  0.22813082E+001  0.39933797E+001
 -0.15576185E+000  0.23181367E+000  0.22813068E+001  0.39933818E+001
 -0.15576186E+000  0.23181358E+000  0.22813055E+001  0.39933837E+001
 -0.15576186E+000  0.23181349E+000  0.22813043E+001  0.39933855E+001
 -0.15576187E+000  0.23181342E+000  0.22813031E+001  0.39933871E+001
 -0.15576187E+000  0.23181335E+000  0.22813021E+001  0.39933887E+001
 -0.15576188E+000  0.23181329E+000  0.22813011E+001  0.39933901E+001
 -0.15576188E+000  0.23181323E+000  0.22813002E+001  0.39933914E+001
 -0.15576188E+000  0.23181318E+000  0.22812994E+001  0.39933927E+001
 -0.15576188E+000  0.23181313E+000  0.22812986E+001  0.39933938E+001
 -0.15576189E+000  0.23181309E+000  0.22812979E+001  0.39933949E+001
 -0.15576189E+000  0.23181305E+000  0.22812972E+001  0.39933958E+001
 -0.15576189E+000  0.23181302E+000  0.22812966E+001  0.39933967E+001
 -0.15576189E+000  0.23181299E+000  0.22812960E+001  0.39933975E+001
 -0.15576189E+000  0.23181296E+000  0.22812955E+001  0.39933983E+001
 -0.15576189E+000  0.23181294E+000  0.22812950E+001  0.39933990E+001
 -0.15576189E+000  0.23181292E+000  0.22812946E+001  0.39933996E+001
 -0.15576189E+000  0.23181291E+000  0.22812942E+001  0.39934002E+001
 -0.15576189E+000  0.23181290E+000  0.22812939E+001  0.39934008E+001
 -0.15576188E+000  0.23181291E+000  0.22812936E+001  0.39934013E+001
 -0.15576186E+000  0.23181293E+000  0.22812933E+001  0.39934017E+001
