  0.19584911E+001
  0.17807322E+001
  0.17484705E+001
  0.17506905E+001
  0.17651251E+001
  0.17833788E+001
  0.18019119E+001
  0.18198359E+001
  0.18359921E+001
  0.18508017E+001
  0.18640753E+001
  0.18755852E+001
  0.18854464E+001
  0.18937970E+001
  0.19008931E+001
  0.19069974E+001
  0.19122640E+001
  0.19168765E+001
  0.19209982E+001
  0.19247118E+001
  0.19280985E+001
  0.19311980E+001
  0.19340469E+001
  0.19366669E+001
  0.19390670E+001
  0.19412655E+001
  0.19432702E+001
  0.19450890E+001
  0.19467137E+001
  0.19480291E+001
  0.19490923E+001
  0.19499509E+001
  0.19506440E+001
  0.19512038E+001
  0.19516570E+001
  0.19520252E+001
  0.19523260E+001
  0.19525738E+001
  0.19527795E+001
  0.19529527E+001
  0.19530999E+001
  0.19532273E+001
  0.19533387E+001
  0.19534378E+001
  0.19535267E+001
  0.19536076E+001
  0.19536816E+001
  0.19537500E+001
  0.19538133E+001
  0.19538722E+001
  0.19539269E+001
  0.19539779E+001
  0.19540254E+001
  0.19540696E+001
  0.19541106E+001
  0.19541485E+001
  0.19541835E+001
  0.19542157E+001
  0.19542452E+001
  0.19542722E+001
  0.19542969E+001
  0.19543193E+001
  0.19543395E+001
  0.19543578E+001
  0.19543743E+001
  0.19543889E+001
  0.19544020E+001
  0.19544135E+001
  0.19544238E+001
  0.19544326E+001
  0.19544404E+001
  0.19544470E+001
  0.19544527E+001
  0.19544574E+001
  0.19544613E+001
  0.19544644E+001
  0.19544668E+001
  0.19544686E+001
  0.19544699E+001
  0.19544707E+001
  0.19544711E+001
  0.19544711E+001
  0.19544707E+001
  0.19544702E+001
  0.19544693E+001
  0.19544684E+001
  0.19544672E+001
  0.19544660E+001
  0.19544647E+001
  0.19544633E+001
  0.19544620E+001
  0.19544606E+001
  0.19544593E+001
  0.19544580E+001
  0.19544567E+001
  0.19544555E+001
  0.19544543E+001
  0.19544533E+001
  0.19544523E+001
  0.19544514E+001
  0.19544506E+001
  0.19544498E+001
  0.19544492E+001
  0.19544486E+001
  0.19544481E+001
  0.19544477E+001
  0.19544474E+001
  0.19544471E+001
  0.19544470E+001
  0.19544469E+001
  0.19544468E+001
  0.19544468E+001
  0.19544469E+001
  0.19544470E+001
  0.19544472E+001
  0.19544474E+001
  0.19544476E+001
  0.19544479E+001
  0.19544482E+001
  0.19544485E+001
  0.19544488E+001
  0.19544492E+001
  0.19544495E+001
  0.19544499E+001
  0.19544502E+001
  0.19544506E+001
  0.19544509E+001
  0.19544513E+001
  0.19544516E+001
  0.19544519E+001
  0.19544522E+001
  0.19544525E+001
  0.19544527E+001
  0.19544529E+001
  0.19544531E+001
  0.19544533E+001
  0.19544535E+001
  0.19544536E+001
  0.19544537E+001
  0.19544537E+001
  0.19544538E+001
  0.19544538E+001
  0.19544538E+001
  0.19544537E+001
  0.19544537E+001
  0.19544536E+001
  0.19544534E+001
  0.19544533E+001
  0.19544531E+001
  0.19544529E+001
  0.19544527E+001
  0.19544524E+001
  0.19544521E+001
  0.19544518E+001
  0.19544515E+001
  0.19544511E+001
  0.19544507E+001
  0.19544503E+001
  0.19544499E+001
  0.19544494E+001
  0.19544490E+001
  0.19544485E+001
  0.19544480E+001
  0.19544474E+001
  0.19544469E+001
  0.19544463E+001
  0.19544458E+001
  0.19544452E+001
  0.19544446E+001
  0.19544439E+001
  0.19544433E+001
  0.19544427E+001
  0.19544420E+001
  0.19544414E+001
  0.19544407E+001
  0.19544400E+001
  0.19544393E+001
  0.19544386E+001
  0.19544379E+001
  0.19544372E+001
  0.19544365E+001
  0.19544358E+001
  0.19544351E+001
  0.19544344E+001
  0.19544337E+001
  0.19544330E+001
  0.19544323E+001
  0.19544316E+001
  0.19544309E+001
  0.19544302E+001
  0.19544296E+001
  0.19544289E+001
  0.19544282E+001
  0.19544275E+001
  0.19544269E+001
  0.19544262E+001
  0.19544255E+001
  0.19544249E+001
  0.19544243E+001
  0.19544236E+001
