  0.60131877E+000
  0.59973284E+000
  0.59882002E+000
  0.59820906E+000
  0.59779251E+000
  0.59751415E+000
  0.59735343E+000
  0.59727658E+000
  0.59729042E+000
  0.59733141E+000
  0.59739285E+000
  0.59746674E+000
  0.59754713E+000
  0.59762950E+000
  0.59771121E+000
  0.59779129E+000
  0.59786903E+000
  0.59794410E+000
  0.59801668E+000
  0.59808680E+000
  0.59815459E+000
  0.59822005E+000
  0.59828321E+000
  0.59834425E+000
  0.59840326E+000
  0.59845997E+000
  0.59851417E+000
  0.59856570E+000
  0.59861509E+000
  0.59866720E+000
  0.59871848E+000
  0.59876703E+000
  0.59881192E+000
  0.59885277E+000
  0.59888953E+000
  0.59892230E+000
  0.59895128E+000
  0.59897671E+000
  0.59899884E+000
  0.59901792E+000
  0.59903422E+000
  0.59904799E+000
  0.59905947E+000
  0.59906892E+000
  0.59907655E+000
  0.59908258E+000
  0.59908723E+000
  0.59909069E+000
  0.59909313E+000
  0.59909472E+000
  0.59909562E+000
  0.59909595E+000
  0.59909584E+000
  0.59909540E+000
  0.59909469E+000
  0.59909381E+000
  0.59909281E+000
  0.59909175E+000
  0.59909067E+000
  0.59908961E+000
  0.59908859E+000
  0.59908763E+000
  0.59908675E+000
  0.59908596E+000
  0.59908527E+000
  0.59908469E+000
  0.59908421E+000
  0.59908383E+000
  0.59908355E+000
  0.59908337E+000
  0.59908328E+000
  0.59908326E+000
  0.59908333E+000
  0.59908346E+000
  0.59908364E+000
  0.59908387E+000
  0.59908415E+000
  0.59908445E+000
  0.59908478E+000
  0.59908512E+000
  0.59908547E+000
  0.59908583E+000
  0.59908618E+000
  0.59908652E+000
  0.59908686E+000
  0.59908718E+000
  0.59908748E+000
  0.59908776E+000
  0.59908803E+000
  0.59908827E+000
  0.59908850E+000
  0.59908870E+000
  0.59908888E+000
  0.59908904E+000
  0.59908918E+000
  0.59908931E+000
  0.59908942E+000
  0.59908951E+000
  0.59908959E+000
  0.59908965E+000
  0.59908971E+000
  0.59908975E+000
  0.59908978E+000
  0.59908980E+000
  0.59908982E+000
  0.59908983E+000
  0.59908983E+000
  0.59908982E+000
  0.59908981E+000
  0.59908980E+000
  0.59908978E+000
  0.59908976E+000
  0.59908973E+000
  0.59908970E+000
  0.59908967E+000
  0.59908964E+000
  0.59908960E+000
  0.59908956E+000
  0.59908951E+000
  0.59908947E+000
  0.59908942E+000
  0.59908937E+000
  0.59908932E+000
  0.59908927E+000
  0.59908922E+000
  0.59908916E+000
  0.59908910E+000
  0.59908905E+000
  0.59908899E+000
  0.59908893E+000
  0.59908887E+000
  0.59908881E+000
  0.59908875E+000
  0.59908868E+000
  0.59908862E+000
  0.59908856E+000
  0.59908850E+000
  0.59908844E+000
  0.59908838E+000
  0.59908832E+000
  0.59908827E+000
  0.59908821E+000
  0.59908816E+000
  0.59908810E+000
  0.59908805E+000
  0.59908800E+000
  0.59908795E+000
  0.59908790E+000
  0.59908786E+000
  0.59908781E+000
  0.59908777E+000
  0.59908773E+000
  0.59908769E+000
  0.59908766E+000
  0.59908762E+000
  0.59908759E+000
  0.59908756E+000
  0.59908754E+000
  0.59908751E+000
  0.59908749E+000
  0.59908746E+000
  0.59908744E+000
  0.59908743E+000
  0.59908741E+000
  0.59908739E+000
  0.59908738E+000
  0.59908737E+000
  0.59908736E+000
  0.59908735E+000
  0.59908734E+000
  0.59908734E+000
  0.59908733E+000
  0.59908733E+000
  0.59908732E+000
  0.59908732E+000
  0.59908732E+000
  0.59908732E+000
  0.59908732E+000
  0.59908732E+000
  0.59908732E+000
  0.59908732E+000
  0.59908732E+000
  0.59908732E+000
  0.59908732E+000
  0.59908733E+000
  0.59908733E+000
  0.59908733E+000
  0.59908734E+000
  0.59908734E+000
  0.59908734E+000
  0.59908735E+000
  0.59908735E+000
  0.59908735E+000
  0.59908735E+000
  0.59908736E+000
  0.59908736E+000
  0.59908736E+000
  0.59908736E+000
  0.59908737E+000
  0.59908735E+000
