  0.65863838E+000  0.85997837E+000  0.98107903E+000  0.25203130E+001
  0.65903447E+000  0.85927944E+000  0.98091658E+000  0.25204004E+001
  0.65875400E+000  0.85887727E+000  0.98056260E+000  0.25203483E+001
  0.65917903E+000  0.85792939E+000  0.98007098E+000  0.25202549E+001
  0.65948855E+000  0.85718255E+000  0.97960356E+000  0.25201538E+001
  0.65971539E+000  0.85658983E+000  0.97918850E+000  0.25200537E+001
  0.66031188E+000  0.85557584E+000  0.97893252E+000  0.25199721E+001
  0.66017919E+000  0.85548262E+000  0.97858668E+000  0.25198957E+001
  0.66006991E+000  0.85550158E+000  0.97818406E+000  0.25198286E+001
  0.66008091E+000  0.85538180E+000  0.97787392E+000  0.25197653E+001
  0.65999716E+000  0.85555041E+000  0.97742258E+000  0.25197139E+001
  0.65992629E+000  0.85543296E+000  0.97729307E+000  0.25196687E+001
  0.65988088E+000  0.85529214E+000  0.97720336E+000  0.25196291E+001
  0.66007801E+000  0.85493488E+000  0.97712304E+000  0.25195945E+001
  0.66002104E+000  0.85493850E+000  0.97696612E+000  0.25195643E+001
  0.66062974E+000  0.85420738E+000  0.97690449E+000  0.25195378E+001
  0.66100471E+000  0.85372746E+000  0.97684792E+000  0.25195143E+001
  0.66096276E+000  0.85368699E+000  0.97678780E+000  0.25194934E+001
  0.66092434E+000  0.85364090E+000  0.97657486E+000  0.25182828E+001
  0.66089137E+000  0.85359922E+000  0.97652579E+000  0.25181861E+001
  0.66085869E+000  0.85356515E+000  0.97667540E+000  0.25194434E+001
  0.66082831E+000  0.85354137E+000  0.97662720E+000  0.25193422E+001
  0.66079995E+000  0.85351545E+000  0.97658730E+000  0.25192371E+001
  0.66077223E+000  0.85349389E+000  0.97654987E+000  0.25191314E+001
  0.66074718E+000  0.85347317E+000  0.97651541E+000  0.25190256E+001
  0.66072348E+000  0.85345559E+000  0.97648214E+000  0.25189199E+001
  0.66070096E+000  0.85344005E+000  0.97645064E+000  0.25188149E+001
  0.66067947E+000  0.85343112E+000  0.97641588E+000  0.25187107E+001
  0.66065890E+000  0.85341882E+000  0.97638745E+000  0.25186077E+001
  0.66063915E+000  0.85340788E+000  0.97636025E+000  0.25185060E+001
  0.66062012E+000  0.85339809E+000  0.97633426E+000  0.25184059E+001
  0.66060176E+000  0.85338928E+000  0.97630943E+000  0.25183076E+001
  0.66058399E+000  0.85338132E+000  0.97628571E+000  0.25182112E+001
  0.66056677E+000  0.85337409E+000  0.97626306E+000  0.25181170E+001
  0.66055005E+000  0.85336750E+000  0.97642945E+000  0.25193311E+001
  0.66053381E+000  0.85336146E+000  0.97642105E+000  0.25193265E+001
  0.66051802E+000  0.85335591E+000  0.97641325E+000  0.25193221E+001
  0.66050267E+000  0.85335079E+000  0.97640599E+000  0.25193179E+001
  0.66048773E+000  0.85334605E+000  0.97639924E+000  0.25193138E+001
  0.66047322E+000  0.85334166E+000  0.97639295E+000  0.25193100E+001
  0.66045911E+000  0.85333758E+000  0.97638707E+000  0.25193062E+001
  0.66044542E+000  0.85333380E+000  0.97638159E+000  0.25193027E+001
  0.66043214E+000  0.85333029E+000  0.97637646E+000  0.25192993E+001
  0.66041928E+000  0.85332703E+000  0.97637166E+000  0.25192960E+001
  0.66040686E+000  0.85332401E+000  0.97636717E+000  0.25192928E+001
  0.66039486E+000  0.85332122E+000  0.97636296E+000  0.25192897E+001
  0.66038331E+000  0.85331865E+000  0.97635902E+000  0.25192868E+001
  0.66037221E+000  0.85331628E+000  0.97635532E+000  0.25192840E+001
  0.66036157E+000  0.85331412E+000  0.97635186E+000  0.25192813E+001
  0.66035139E+000  0.85331214E+000  0.97634862E+000  0.25192788E+001
  0.66034169E+000  0.85331035E+000  0.97634558E+000  0.25192763E+001
  0.66033245E+000  0.85330874E+000  0.97634274E+000  0.25192740E+001
  0.66032370E+000  0.85330729E+000  0.97634008E+000  0.25192718E+001
  0.66031543E+000  0.85330601E+000  0.97633760E+000  0.25192696E+001
  0.66030763E+000  0.85330488E+000  0.97633528E+000  0.25192677E+001
  0.66030032E+000  0.85330390E+000  0.97633312E+000  0.25192658E+001
  0.66029347E+000  0.85330306E+000  0.97633111E+000  0.25192640E+001
  0.66028710E+000  0.85330236E+000  0.97632924E+000  0.25192623E+001
  0.66028118E+000  0.85330177E+000  0.97632751E+000  0.25192608E+001
  0.66027571E+000  0.85330131E+000  0.97632591E+000  0.25192594E+001
  0.66027068E+000  0.85330095E+000  0.97632443E+000  0.25192580E+001
  0.66026607E+000  0.85330070E+000  0.97632307E+000  0.25192568E+001
  0.66026187E+000  0.85330054E+000  0.97632182E+000  0.25192557E+001
  0.66025807E+000  0.85330047E+000  0.97632068E+000  0.25192547E+001
  0.66025464E+000  0.85330049E+000  0.97631964E+000  0.25192537E+001
  0.66025157E+000  0.85330058E+000  0.97631870E+000  0.25192529E+001
  0.66024884E+000  0.85330074E+000  0.97631786E+000  0.25192522E+001
  0.66024643E+000  0.85330097E+000  0.97631710E+000  0.25192515E+001
  0.66024432E+000  0.85330125E+000  0.97631643E+000  0.25192510E+001
  0.66024249E+000  0.85330159E+000  0.97631583E+000  0.25192505E+001
  0.66024092E+000  0.85330197E+000  0.97631531E+000  0.25192501E+001
  0.66023959E+000  0.85330240E+000  0.97631487E+000  0.25192498E+001
  0.66023848E+000  0.85330286E+000  0.97631449E+000  0.25192496E+001
  0.66023757E+000  0.85330335E+000  0.97631417E+000  0.25192495E+001
  0.66023684E+000  0.85330387E+000  0.97631392E+000  0.25192494E+001
  0.66023628E+000  0.85330441E+000  0.97631372E+000  0.25192494E+001
  0.66023586E+000  0.85330497E+000  0.97631356E+000  0.25192494E+001
  0.66023557E+000  0.85330554E+000  0.97631346E+000  0.25192495E+001
  0.66023540E+000  0.85330611E+000  0.97631339E+000  0.25192497E+001
  0.66023532E+000  0.85330669E+000  0.97631337E+000  0.25192499E+001
  0.66023534E+000  0.85330728E+000  0.97631338E+000  0.25192502E+001
  0.66023542E+000  0.85330298E+000  0.97631829E+000  0.25192505E+001
  0.66023557E+000  0.85330355E+000  0.97631835E+000  0.25192509E+001
  0.66023577E+000  0.85330411E+000  0.97631843E+000  0.25192513E+001
  0.66023601E+000  0.85330466E+000  0.97631853E+000  0.25192517E+001
  0.66023629E+000  0.85330519E+000  0.97631864E+000  0.25192522E+001
  0.66023659E+000  0.85330571E+000  0.97631876E+000  0.25192527E+001
  0.66023691E+000  0.85330621E+000  0.97631889E+000  0.25192533E+001
  0.66023724E+000  0.85330668E+000  0.97631902E+000  0.25192538E+001
  0.66023758E+000  0.85330714E+000  0.97631915E+000  0.25192544E+001
  0.66023792E+000  0.85330757E+000  0.97631928E+000  0.25192549E+001
  0.66023827E+000  0.85330798E+000  0.97631941E+000  0.25192555E+001
  0.66023861E+000  0.85330836E+000  0.97631953E+000  0.25192561E+001
  0.66023894E+000  0.85330872E+000  0.97631964E+000  0.25192567E+001
  0.66023927E+000  0.85330905E+000  0.97631974E+000  0.25192573E+001
  0.66023958E+000  0.85330936E+000  0.97631983E+000  0.25192579E+001
  0.66023989E+000  0.85330965E+000  0.97631991E+000  0.25192585E+001
  0.66024018E+000  0.85330991E+000  0.97631997E+000  0.25192591E+001
  0.66024046E+000  0.85331015E+000  0.97632002E+000  0.25192597E+001
  0.66024073E+000  0.85331037E+000  0.97632006E+000  0.25192602E+001
  0.66024099E+000  0.85331056E+000  0.97632008E+000  0.25192608E+001
  0.66024123E+000  0.85331073E+000  0.97632009E+000  0.25192613E+001
  0.66024146E+000  0.85331089E+000  0.97632008E+000  0.25192619E+001
  0.66024168E+000  0.85331102E+000  0.97632006E+000  0.25192624E+001
  0.66024188E+000  0.85331114E+000  0.97632002E+000  0.25192628E+001
  0.66024207E+000  0.85331124E+000  0.97631997E+000  0.25192633E+001
  0.66024225E+000  0.85331132E+000  0.97631990E+000  0.25192637E+001
  0.66024243E+000  0.85331139E+000  0.97631982E+000  0.25192642E+001
  0.66024258E+000  0.85331145E+000  0.97631972E+000  0.25192646E+001
  0.66024274E+000  0.85331149E+000  0.97631962E+000  0.25192649E+001
  0.66024288E+000  0.85331153E+000  0.97631950E+000  0.25192653E+001
  0.66024301E+000  0.85331155E+000  0.97631937E+000  0.25192656E+001
  0.66024313E+000  0.85331156E+000  0.97631923E+000  0.25192659E+001
  0.66024324E+000  0.85331157E+000  0.97631907E+000  0.25192662E+001
  0.66024335E+000  0.85331156E+000  0.97631891E+000  0.25192664E+001
  0.66024345E+000  0.85331155E+000  0.97631874E+000  0.25192667E+001
  0.66024354E+000  0.85331154E+000  0.97631855E+000  0.25192668E+001
  0.66024363E+000  0.85331152E+000  0.97631836E+000  0.25192670E+001
  0.66024371E+000  0.85331149E+000  0.97631816E+000  0.25192671E+001
  0.66024378E+000  0.85331146E+000  0.97631795E+000  0.25192672E+001
  0.66024385E+000  0.85331143E+000  0.97631774E+000  0.25192673E+001
  0.66024391E+000  0.85331140E+000  0.97631751E+000  0.25192674E+001
  0.66024396E+000  0.85331137E+000  0.97631728E+000  0.25192674E+001
  0.66024401E+000  0.85331133E+000  0.97631705E+000  0.25192673E+001
  0.66024406E+000  0.85331129E+000  0.97631681E+000  0.25192673E+001
  0.66024410E+000  0.85331125E+000  0.97631656E+000  0.25192672E+001
  0.66024413E+000  0.85331122E+000  0.97631631E+000  0.25192671E+001
  0.66024416E+000  0.85331118E+000  0.97631605E+000  0.25192669E+001
  0.66024419E+000  0.85331114E+000  0.97631579E+000  0.25192667E+001
  0.66024421E+000  0.85331110E+000  0.97631552E+000  0.25192665E+001
  0.66024422E+000  0.85331107E+000  0.97631525E+000  0.25192662E+001
  0.66024424E+000  0.85331103E+000  0.97631498E+000  0.25192659E+001
  0.66024425E+000  0.85331100E+000  0.97631471E+000  0.25192655E+001
  0.66024425E+000  0.85331096E+000  0.97631443E+000  0.25192651E+001
  0.66024425E+000  0.85331093E+000  0.97631416E+000  0.25192647E+001
  0.66024425E+000  0.85331090E+000  0.97631388E+000  0.25192642E+001
  0.66024425E+000  0.85331086E+000  0.97631360E+000  0.25192637E+001
  0.66024424E+000  0.85331083E+000  0.97631332E+000  0.25192632E+001
  0.66024423E+000  0.85331080E+000  0.97631304E+000  0.25192626E+001
  0.66024422E+000  0.85331078E+000  0.97631276E+000  0.25192619E+001
  0.66024420E+000  0.85331075E+000  0.97631248E+000  0.25192612E+001
  0.66024419E+000  0.85331072E+000  0.97631220E+000  0.25192605E+001
  0.66024417E+000  0.85331070E+000  0.97631193E+000  0.25192597E+001
  0.66024415E+000  0.85331067E+000  0.97631166E+000  0.25192589E+001
  0.66024413E+000  0.85331065E+000  0.97631139E+000  0.25192580E+001
  0.66024411E+000  0.85331062E+000  0.97631112E+000  0.25192571E+001
  0.66024408E+000  0.85331060E+000  0.97631085E+000  0.25192562E+001
  0.66024406E+000  0.85331058E+000  0.97631059E+000  0.25192552E+001
  0.66024403E+000  0.85331055E+000  0.97631034E+000  0.25192542E+001
  0.66024401E+000  0.85331053E+000  0.97631008E+000  0.25192531E+001
  0.66024398E+000  0.85331051E+000  0.97630984E+000  0.25192520E+001
  0.66024396E+000  0.85331049E+000  0.97630959E+000  0.25192508E+001
  0.66024393E+000  0.85331047E+000  0.97630935E+000  0.25192496E+001
  0.66024390E+000  0.85331045E+000  0.97630912E+000  0.25192483E+001
  0.66024388E+000  0.85331043E+000  0.97630889E+000  0.25192471E+001
  0.66024385E+000  0.85331041E+000  0.97630867E+000  0.25192457E+001
  0.66024382E+000  0.85331040E+000  0.97630845E+000  0.25192444E+001
  0.66024380E+000  0.85331038E+000  0.97630824E+000  0.25192430E+001
  0.66024377E+000  0.85331036E+000  0.97630803E+000  0.25192415E+001
  0.66024375E+000  0.85331034E+000  0.97630783E+000  0.25192401E+001
  0.66024372E+000  0.85331033E+000  0.97630764E+000  0.25192386E+001
  0.66024370E+000  0.85331031E+000  0.97630745E+000  0.25192370E+001
  0.66024368E+000  0.85331030E+000  0.97630727E+000  0.25192354E+001
  0.66024366E+000  0.85331028E+000  0.97630710E+000  0.25192338E+001
  0.66024363E+000  0.85331027E+000  0.97630693E+000  0.25192322E+001
  0.66024361E+000  0.85331025E+000  0.97630677E+000  0.25192306E+001
  0.66024359E+000  0.85331024E+000  0.97630661E+000  0.25192289E+001
  0.66024357E+000  0.85331023E+000  0.97630646E+000  0.25192272E+001
  0.66024356E+000  0.85331022E+000  0.97630631E+000  0.25192255E+001
  0.66024354E+000  0.85331020E+000  0.97630617E+000  0.25192238E+001
  0.66024352E+000  0.85331019E+000  0.97630604E+000  0.25192220E+001
  0.66024351E+000  0.85331018E+000  0.97630591E+000  0.25192202E+001
  0.66024349E+000  0.85331017E+000  0.97630579E+000  0.25192185E+001
  0.66024348E+000  0.85331016E+000  0.97630567E+000  0.25192167E+001
  0.66024346E+000  0.85331015E+000  0.97630556E+000  0.25192149E+001
  0.66024345E+000  0.85331014E+000  0.97630546E+000  0.25192131E+001
  0.66024344E+000  0.85331013E+000  0.97630536E+000  0.25192113E+001
  0.66024343E+000  0.85331012E+000  0.97630526E+000  0.25192094E+001
  0.66024342E+000  0.85331012E+000  0.97630517E+000  0.25192076E+001
  0.66024340E+000  0.85331011E+000  0.97630508E+000  0.25192058E+001
  0.66024340E+000  0.85331010E+000  0.97630500E+000  0.25192040E+001
  0.66024339E+000  0.85331009E+000  0.97630492E+000  0.25192022E+001
  0.66024338E+000  0.85331009E+000  0.97630485E+000  0.25192004E+001
  0.66024337E+000  0.85331008E+000  0.97630478E+000  0.25191986E+001
  0.66024336E+000  0.85331008E+000  0.97630471E+000  0.25191968E+001
  0.66024335E+000  0.85331007E+000  0.97630465E+000  0.25191950E+001
  0.66024335E+000  0.85331007E+000  0.97630459E+000  0.25191932E+001
  0.66024334E+000  0.85331006E+000  0.97630453E+000  0.25191915E+001
  0.66024334E+000  0.85331006E+000  0.97630448E+000  0.25191897E+001
  0.66024333E+000  0.85331005E+000  0.97630443E+000  0.25191880E+001
  0.66024333E+000  0.85331005E+000  0.97630438E+000  0.25191863E+001
  0.66024332E+000  0.85331004E+000  0.97630434E+000  0.25191846E+001
  0.66024332E+000  0.85331004E+000  0.97630430E+000  0.25191829E+001
  0.66024331E+000  0.85331004E+000  0.97630426E+000  0.25191813E+001
  0.66024331E+000  0.85331003E+000  0.97630422E+000  0.25191796E+001
  0.66024330E+000  0.85331003E+000  0.97630419E+000  0.25191780E+001
  0.66024330E+000  0.85331003E+000  0.97630415E+000  0.25191764E+001
  0.66024329E+000  0.85331002E+000  0.97630412E+000  0.25191749E+001
  0.66024329E+000  0.85331002E+000  0.97630409E+000  0.25191733E+001
  0.66024328E+000  0.85331001E+000  0.97630406E+000  0.25191718E+001
