  0.70576617E+000  0.85677701E+000  0.10393935E+001  0.24180721E+001
  0.70563986E+000  0.85611451E+000  0.10395663E+001  0.24183102E+001
  0.70520636E+000  0.85569024E+000  0.10394272E+001  0.24182184E+001
  0.70480074E+000  0.85531892E+000  0.10392552E+001  0.24180594E+001
  0.70444359E+000  0.85498999E+000  0.10390979E+001  0.24178970E+001
  0.70412753E+000  0.85470916E+000  0.10389610E+001  0.24177498E+001
  0.70385936E+000  0.85446942E+000  0.10388425E+001  0.24176211E+001
  0.70362917E+000  0.85426405E+000  0.10387406E+001  0.24175103E+001
  0.70342924E+000  0.85408717E+000  0.10386521E+001  0.24174156E+001
  0.70325665E+000  0.85393611E+000  0.10385748E+001  0.24173344E+001
  0.70310634E+000  0.85380574E+000  0.10385066E+001  0.24172654E+001
  0.70297520E+000  0.85369307E+000  0.10384462E+001  0.24172066E+001
  0.70286083E+000  0.85359529E+000  0.10383930E+001  0.24171564E+001
  0.70276063E+000  0.85351017E+000  0.10383461E+001  0.24171135E+001
  0.70267239E+000  0.85343596E+000  0.10383046E+001  0.24170769E+001
  0.70259458E+000  0.85337137E+000  0.10382679E+001  0.24170455E+001
  0.70252552E+000  0.85331524E+000  0.10382351E+001  0.24170185E+001
  0.70246362E+000  0.85326631E+000  0.10382056E+001  0.24169954E+001
  0.70240794E+000  0.85322371E+000  0.10381791E+001  0.24169754E+001
  0.70235746E+000  0.85318648E+000  0.10381553E+001  0.24169583E+001
  0.70231148E+000  0.85315398E+000  0.10381337E+001  0.24169434E+001
  0.70226930E+000  0.85312554E+000  0.10381140E+001  0.24169306E+001
  0.70223038E+000  0.85310061E+000  0.10380961E+001  0.24169196E+001
  0.70219431E+000  0.85307874E+000  0.10380796E+001  0.24169100E+001
  0.70216067E+000  0.85305947E+000  0.10380645E+001  0.24169017E+001
  0.70212917E+000  0.85304245E+000  0.10380505E+001  0.24168945E+001
  0.70209952E+000  0.85302736E+000  0.10380375E+001  0.24168882E+001
  0.70207150E+000  0.85301391E+000  0.10380255E+001  0.24168828E+001
  0.70204492E+000  0.85300187E+000  0.10380143E+001  0.24168780E+001
  0.70201953E+000  0.85299101E+000  0.10380039E+001  0.24168739E+001
  0.70199528E+000  0.85298116E+000  0.10379943E+001  0.24168702E+001
  0.70197206E+000  0.85297216E+000  0.10379853E+001  0.24168669E+001
  0.70194980E+000  0.85296389E+000  0.10379770E+001  0.24168641E+001
  0.70192840E+000  0.85295622E+000  0.10379692E+001  0.24168615E+001
  0.70190781E+000  0.85294906E+000  0.10379621E+001  0.24168591E+001
  0.70188796E+000  0.85294235E+000  0.10379555E+001  0.24168570E+001
  0.70186880E+000  0.85293602E+000  0.10379494E+001  0.24168550E+001
  0.70185030E+000  0.85293003E+000  0.10379438E+001  0.24168532E+001
  0.70183242E+000  0.85292433E+000  0.10379386E+001  0.24168515E+001
  0.70181514E+000  0.85291890E+000  0.10379339E+001  0.24168498E+001
  0.70179844E+000  0.85291372E+000  0.10379295E+001  0.24168483E+001
  0.70178232E+000  0.85290877E+000  0.10379255E+001  0.24168469E+001
  0.70176676E+000  0.85290404E+000  0.10379218E+001  0.24168455E+001
  0.70175176E+000  0.85289953E+000  0.10379184E+001  0.24168442E+001
  0.70173255E+000  0.85290000E+000  0.10379153E+001  0.24168429E+001
  0.70171244E+000  0.85290214E+000  0.10379124E+001  0.24168418E+001
  0.70169328E+000  0.85290409E+000  0.10379097E+001  0.24168407E+001
  0.70167507E+000  0.85290588E+000  0.10379072E+001  0.24168397E+001
  0.70165780E+000  0.85290749E+000  0.10379049E+001  0.24168387E+001
  0.70164146E+000  0.85291499E+000  0.10378966E+001  0.24168379E+001
  0.70162603E+000  0.85292241E+000  0.10378884E+001  0.24168371E+001
  0.70161151E+000  0.85292943E+000  0.10378805E+001  0.24168364E+001
  0.70159789E+000  0.85293606E+000  0.10378731E+001  0.24168358E+001
  0.70158513E+000  0.85294232E+000  0.10378659E+001  0.24168353E+001
  0.70157323E+000  0.85294820E+000  0.10378592E+001  0.24168348E+001
  0.70156215E+000  0.85295375E+000  0.10378527E+001  0.24168345E+001
  0.70155188E+000  0.85295895E+000  0.10378466E+001  0.24168342E+001
  0.70154238E+000  0.85296385E+000  0.10378408E+001  0.24168340E+001
  0.70153362E+000  0.85296845E+000  0.10378353E+001  0.24168339E+001
  0.70152556E+000  0.85297278E+000  0.10378301E+001  0.24168338E+001
  0.70151818E+000  0.85297686E+000  0.10378252E+001  0.24168338E+001
  0.70151141E+000  0.85298070E+000  0.10378206E+001  0.24168339E+001
  0.70150524E+000  0.85298434E+000  0.10378163E+001  0.24168341E+001
  0.70149962E+000  0.85298780E+000  0.10378122E+001  0.24168343E+001
  0.70149450E+000  0.85299109E+000  0.10378084E+001  0.24168345E+001
  0.70148985E+000  0.85299424E+000  0.10378048E+001  0.24168348E+001
  0.70148562E+000  0.85299727E+000  0.10378015E+001  0.24168352E+001
  0.70148179E+000  0.85300019E+000  0.10377984E+001  0.24168357E+001
  0.70147830E+000  0.85300302E+000  0.10377955E+001  0.24168361E+001
  0.70147514E+000  0.85300577E+000  0.10377928E+001  0.24168367E+001
  0.70147226E+000  0.85300846E+000  0.10377903E+001  0.24168373E+001
  0.70146963E+000  0.85301109E+000  0.10377880E+001  0.24168379E+001
  0.70146724E+000  0.85301367E+000  0.10377859E+001  0.24168386E+001
  0.70146504E+000  0.85301620E+000  0.10377839E+001  0.24168394E+001
  0.70146303E+000  0.85301869E+000  0.10377821E+001  0.24168402E+001
  0.70146118E+000  0.85302115E+000  0.10377804E+001  0.24168410E+001
  0.70145947E+000  0.85302356E+000  0.10377789E+001  0.24168419E+001
  0.70145789E+000  0.85302593E+000  0.10377774E+001  0.24168428E+001
  0.70145643E+000  0.85302825E+000  0.10377761E+001  0.24168438E+001
  0.70145507E+000  0.85303053E+000  0.10377749E+001  0.24168448E+001
  0.70145380E+000  0.85303276E+000  0.10377738E+001  0.24168458E+001
  0.70145261E+000  0.85303493E+000  0.10377728E+001  0.24168469E+001
  0.70145150E+000  0.85303705E+000  0.10377719E+001  0.24168479E+001
  0.70145046E+000  0.85303910E+000  0.10377710E+001  0.24168490E+001
  0.70144948E+000  0.85304109E+000  0.10377702E+001  0.24168501E+001
  0.70144856E+000  0.85304302E+000  0.10377695E+001  0.24168513E+001
  0.70144770E+000  0.85304487E+000  0.10377688E+001  0.24168524E+001
  0.70144688E+000  0.85304665E+000  0.10377682E+001  0.24168536E+001
  0.70144611E+000  0.85304836E+000  0.10377676E+001  0.24168547E+001
  0.70144538E+000  0.85304999E+000  0.10377670E+001  0.24168559E+001
  0.70144469E+000  0.85305156E+000  0.10377665E+001  0.24168570E+001
  0.70144404E+000  0.85305304E+000  0.10377660E+001  0.24168581E+001
  0.70144342E+000  0.85305446E+000  0.10377655E+001  0.24168593E+001
  0.70144283E+000  0.85305580E+000  0.10377650E+001  0.24168604E+001
  0.70144227E+000  0.85305707E+000  0.10377646E+001  0.24168615E+001
  0.70144173E+000  0.85305827E+000  0.10377641E+001  0.24168626E+001
  0.70144121E+000  0.85305941E+000  0.10377637E+001  0.24168636E+001
  0.70144072E+000  0.85306047E+000  0.10377633E+001  0.24168647E+001
  0.70144025E+000  0.85306148E+000  0.10377629E+001  0.24168657E+001
  0.70143979E+000  0.85306242E+000  0.10377625E+001  0.24168667E+001
  0.70143935E+000  0.85306329E+000  0.10377621E+001  0.24168676E+001
  0.70143893E+000  0.85306412E+000  0.10377618E+001  0.24168686E+001
  0.70143851E+000  0.85306488E+000  0.10377614E+001  0.24168694E+001
  0.70143812E+000  0.85306559E+000  0.10377611E+001  0.24168703E+001
  0.70143773E+000  0.85306624E+000  0.10377608E+001  0.24168711E+001
  0.70143735E+000  0.85306684E+000  0.10377604E+001  0.24168719E+001
  0.70143698E+000  0.85306740E+000  0.10377601E+001  0.24168727E+001
  0.70143663E+000  0.85306790E+000  0.10377598E+001  0.24168734E+001
  0.70143628E+000  0.85306836E+000  0.10377595E+001  0.24168742E+001
  0.70143594E+000  0.85306877E+000  0.10377592E+001  0.24168748E+001
  0.70143561E+000  0.85306914E+000  0.10377590E+001  0.24168755E+001
  0.70143529E+000  0.85306947E+000  0.10377587E+001  0.24168761E+001
  0.70143498E+000  0.85306976E+000  0.10377584E+001  0.24168767E+001
  0.70143468E+000  0.85307001E+000  0.10377581E+001  0.24168772E+001
  0.70143438E+000  0.85307023E+000  0.10377579E+001  0.24168778E+001
  0.70143410E+000  0.85307041E+000  0.10377576E+001  0.24168783E+001
  0.70143382E+000  0.85307056E+000  0.10377573E+001  0.24168787E+001
  0.70143355E+000  0.85307068E+000  0.10377571E+001  0.24168792E+001
  0.70143329E+000  0.85307077E+000  0.10377568E+001  0.24168796E+001
  0.70143304E+000  0.85307084E+000  0.10377565E+001  0.24168801E+001
  0.70143279E+000  0.85307088E+000  0.10377562E+001  0.24168805E+001
  0.70143256E+000  0.85307090E+000  0.10377559E+001  0.24168809E+001
  0.70143233E+000  0.85307090E+000  0.10377555E+001  0.24168812E+001
  0.70143211E+000  0.85307088E+000  0.10377552E+001  0.24168816E+001
  0.70143190E+000  0.85307085E+000  0.10377548E+001  0.24168819E+001
  0.70143170E+000  0.85307080E+000  0.10377544E+001  0.24168822E+001
  0.70143151E+000  0.85307073E+000  0.10377540E+001  0.24168825E+001
  0.70143132E+000  0.85307066E+000  0.10377535E+001  0.24168827E+001
  0.70143114E+000  0.85307057E+000  0.10377531E+001  0.24168830E+001
  0.70143098E+000  0.85307048E+000  0.10377526E+001  0.24168832E+001
  0.70143081E+000  0.85307038E+000  0.10377521E+001  0.24168834E+001
  0.70143066E+000  0.85307028E+000  0.10377516E+001  0.24168836E+001
  0.70143051E+000  0.85307017E+000  0.10377510E+001  0.24168838E+001
  0.70143037E+000  0.85307005E+000  0.10377504E+001  0.24168839E+001
  0.70143024E+000  0.85306994E+000  0.10377499E+001  0.24168840E+001
  0.70143012E+000  0.85306982E+000  0.10377492E+001  0.24168841E+001
  0.70143000E+000  0.85306971E+000  0.10377486E+001  0.24168841E+001
  0.70142988E+000  0.85306959E+000  0.10377480E+001  0.24168841E+001
  0.70142978E+000  0.85306947E+000  0.10377473E+001  0.24168840E+001
  0.70142968E+000  0.85306936E+000  0.10377467E+001  0.24168840E+001
  0.70142958E+000  0.85306925E+000  0.10377460E+001  0.24168838E+001
  0.70142949E+000  0.85306914E+000  0.10377453E+001  0.24168837E+001
  0.70142941E+000  0.85306903E+000  0.10377446E+001  0.24168834E+001
  0.70142933E+000  0.85306893E+000  0.10377439E+001  0.24168832E+001
  0.70142925E+000  0.85306883E+000  0.10377433E+001  0.24168828E+001
  0.70142918E+000  0.85306874E+000  0.10377426E+001  0.24168825E+001
  0.70142912E+000  0.85306864E+000  0.10377419E+001  0.24168821E+001
  0.70142906E+000  0.85306856E+000  0.10377412E+001  0.24168816E+001
  0.70142900E+000  0.85306847E+000  0.10377406E+001  0.24168810E+001
  0.70142894E+000  0.85306839E+000  0.10377399E+001  0.24168804E+001
  0.70142889E+000  0.85306832E+000  0.10377393E+001  0.24168798E+001
  0.70142885E+000  0.85306824E+000  0.10377387E+001  0.24168791E+001
  0.70142880E+000  0.85306818E+000  0.10377380E+001  0.24168783E+001
  0.70142876E+000  0.85306811E+000  0.10377374E+001  0.24168775E+001
  0.70142872E+000  0.85306805E+000  0.10377369E+001  0.24168766E+001
  0.70142868E+000  0.85306799E+000  0.10377363E+001  0.24168757E+001
  0.70142865E+000  0.85306794E+000  0.10377358E+001  0.24168747E+001
  0.70142862E+000  0.85306789E+000  0.10377352E+001  0.24168736E+001
  0.70142859E+000  0.85306784E+000  0.10377347E+001  0.24168725E+001
  0.70142856E+000  0.85306780E+000  0.10377342E+001  0.24168714E+001
  0.70142854E+000  0.85306776E+000  0.10377338E+001  0.24168702E+001
  0.70142852E+000  0.85306772E+000  0.10377333E+001  0.24168689E+001
  0.70142849E+000  0.85306768E+000  0.10377329E+001  0.24168676E+001
  0.70142848E+000  0.85306765E+000  0.10377325E+001  0.24168663E+001
  0.70142846E+000  0.85306762E+000  0.10377321E+001  0.24168649E+001
  0.70142844E+000  0.85306759E+000  0.10377317E+001  0.24168635E+001
  0.70142842E+000  0.85306757E+000  0.10377314E+001  0.24168620E+001
  0.70142841E+000  0.85306754E+000  0.10377310E+001  0.24168605E+001
  0.70142840E+000  0.85306752E+000  0.10377307E+001  0.24168589E+001
  0.70142838E+000  0.85306750E+000  0.10377304E+001  0.24168574E+001
  0.70142837E+000  0.85306748E+000  0.10377301E+001  0.24168558E+001
  0.70142836E+000  0.85306746E+000  0.10377299E+001  0.24168542E+001
  0.70142835E+000  0.85306744E+000  0.10377296E+001  0.24168525E+001
  0.70142834E+000  0.85306743E+000  0.10377294E+001  0.24168508E+001
  0.70142834E+000  0.85306741E+000  0.10377291E+001  0.24168491E+001
  0.70142833E+000  0.85306740E+000  0.10377289E+001  0.24168474E+001
  0.70142832E+000  0.85306739E+000  0.10377287E+001  0.24168457E+001
  0.70142832E+000  0.85306738E+000  0.10377286E+001  0.24168440E+001
  0.70142831E+000  0.85306737E+000  0.10377284E+001  0.24168423E+001
  0.70142831E+000  0.85306736E+000  0.10377282E+001  0.24168405E+001
  0.70142830E+000  0.85306735E+000  0.10377281E+001  0.24168388E+001
  0.70142830E+000  0.85306734E+000  0.10377279E+001  0.24168370E+001
  0.70142829E+000  0.85306734E+000  0.10377278E+001  0.24168352E+001
  0.70142829E+000  0.85306733E+000  0.10377277E+001  0.24168335E+001
  0.70142829E+000  0.85306732E+000  0.10377276E+001  0.24168317E+001
  0.70142829E+000  0.85306732E+000  0.10377275E+001  0.24168300E+001
  0.70142828E+000  0.85306731E+000  0.10377274E+001  0.24168283E+001
  0.70142828E+000  0.85306731E+000  0.10377273E+001  0.24168265E+001
  0.70142828E+000  0.85306730E+000  0.10377272E+001  0.24168248E+001
  0.70142828E+000  0.85306730E+000  0.10377271E+001  0.24168231E+001
  0.70142827E+000  0.85306729E+000  0.10377271E+001  0.24168214E+001
  0.70142827E+000  0.85306729E+000  0.10377270E+001  0.24168197E+001
  0.70142827E+000  0.85306729E+000  0.10377269E+001  0.24168181E+001
  0.70142827E+000  0.85306728E+000  0.10377269E+001  0.24168164E+001
  0.70142827E+000  0.85306728E+000  0.10377268E+001  0.24168148E+001
  0.70142827E+000  0.85306728E+000  0.10377268E+001  0.24168132E+001
  0.70142827E+000  0.85306727E+000  0.10377267E+001  0.24168116E+001
  0.70142827E+000  0.85306727E+000  0.10377267E+001  0.24168101E+001
  0.70142827E+000  0.85306726E+000  0.10377266E+001  0.24168085E+001
  0.70142827E+000  0.85306725E+000  0.10377266E+001  0.24168070E+001
