 -0.44469981E+000
 -0.44441248E+000
 -0.44448646E+000
 -0.44464634E+000
 -0.44481812E+000
 -0.44497752E+000
 -0.44511876E+000
 -0.44524115E+000
 -0.44534624E+000
 -0.44543662E+000
 -0.44551389E+000
 -0.44557995E+000
 -0.44563661E+000
 -0.44568505E+000
 -0.44572653E+000
 -0.44576218E+000
 -0.44579279E+000
 -0.44581906E+000
 -0.44584170E+000
 -0.44586116E+000
 -0.44587795E+000
 -0.44589241E+000
 -0.44590490E+000
 -0.44591568E+000
 -0.44592500E+000
 -0.44593307E+000
 -0.44594006E+000
 -0.44594613E+000
 -0.44595141E+000
 -0.44595601E+000
 -0.44596003E+000
 -0.44596354E+000
 -0.44596662E+000
 -0.44596933E+000
 -0.44597173E+000
 -0.44597386E+000
 -0.44597575E+000
 -0.44597744E+000
 -0.44597896E+000
 -0.44598032E+000
 -0.44598155E+000
 -0.44598266E+000
 -0.44598366E+000
 -0.44598457E+000
 -0.44598540E+000
 -0.44598614E+000
 -0.44598681E+000
 -0.44598742E+000
 -0.44598796E+000
 -0.44598844E+000
 -0.44598887E+000
 -0.44598924E+000
 -0.44598957E+000
 -0.44598985E+000
 -0.44599008E+000
 -0.44599027E+000
 -0.44599043E+000
 -0.44599054E+000
 -0.44599063E+000
 -0.44599068E+000
 -0.44599071E+000
 -0.44599070E+000
 -0.44599068E+000
 -0.44599063E+000
 -0.44599057E+000
 -0.44599049E+000
 -0.44599039E+000
 -0.44599028E+000
 -0.44599016E+000
 -0.44599003E+000
 -0.44598989E+000
 -0.44598975E+000
 -0.44598960E+000
 -0.44598945E+000
 -0.44598930E+000
 -0.44598914E+000
 -0.44598898E+000
 -0.44598882E+000
 -0.44598866E+000
 -0.44598850E+000
 -0.44598834E+000
 -0.44598817E+000
 -0.44598801E+000
 -0.44598785E+000
 -0.44598768E+000
 -0.44598752E+000
 -0.44598736E+000
 -0.44598719E+000
 -0.44598703E+000
 -0.44598686E+000
 -0.44598670E+000
 -0.44598653E+000
 -0.44598636E+000
 -0.44598620E+000
 -0.44598603E+000
 -0.44598586E+000
 -0.44598569E+000
 -0.44598553E+000
 -0.44598536E+000
 -0.44598519E+000
 -0.44598502E+000
 -0.44598485E+000
 -0.44598468E+000
 -0.44598452E+000
 -0.44598435E+000
 -0.44598418E+000
 -0.44598400E+000
 -0.44598383E+000
 -0.44598366E+000
 -0.44598348E+000
 -0.44598330E+000
 -0.44598312E+000
 -0.44598293E+000
 -0.44598274E+000
 -0.44598255E+000
 -0.44598235E+000
 -0.44598215E+000
 -0.44598194E+000
 -0.44598172E+000
 -0.44598150E+000
 -0.44598127E+000
 -0.44598103E+000
 -0.44598079E+000
 -0.44598054E+000
 -0.44598027E+000
 -0.44598000E+000
 -0.44597972E+000
 -0.44597943E+000
 -0.44597913E+000
 -0.44597881E+000
 -0.44597849E+000
 -0.44597815E+000
 -0.44597780E+000
 -0.44597744E+000
 -0.44597707E+000
 -0.44597668E+000
 -0.44597628E+000
 -0.44597587E+000
 -0.44597545E+000
 -0.44597501E+000
 -0.44597456E+000
 -0.44597410E+000
 -0.44597362E+000
 -0.44597313E+000
 -0.44597263E+000
 -0.44597212E+000
 -0.44597159E+000
 -0.44597105E+000
 -0.44597050E+000
 -0.44596994E+000
 -0.44596936E+000
 -0.44596878E+000
 -0.44596818E+000
 -0.44596757E+000
 -0.44596696E+000
 -0.44596633E+000
 -0.44596570E+000
 -0.44596505E+000
 -0.44596440E+000
 -0.44596374E+000
 -0.44596308E+000
 -0.44596241E+000
 -0.44596173E+000
 -0.44596104E+000
 -0.44596036E+000
 -0.44595966E+000
 -0.44595897E+000
 -0.44595827E+000
 -0.44595757E+000
 -0.44595686E+000
 -0.44595616E+000
 -0.44595545E+000
 -0.44595475E+000
 -0.44595404E+000
 -0.44595334E+000
 -0.44595263E+000
 -0.44595193E+000
 -0.44595124E+000
 -0.44595054E+000
 -0.44594985E+000
 -0.44594916E+000
 -0.44594848E+000
 -0.44594780E+000
 -0.44594713E+000
 -0.44594647E+000
 -0.44594581E+000
 -0.44594515E+000
 -0.44594451E+000
 -0.44594387E+000
 -0.44594324E+000
 -0.44594262E+000
 -0.44594201E+000
 -0.44594140E+000
 -0.44594080E+000
 -0.44594022E+000
 -0.44593964E+000
 -0.44593907E+000
 -0.44593852E+000
 -0.44593797E+000
 -0.44593744E+000
