  0.11411419E+001
  0.11412932E+001
  0.11416118E+001
  0.11419251E+001
  0.11422063E+001
  0.11424512E+001
  0.11426602E+001
  0.11428391E+001
  0.11429937E+001
  0.11431265E+001
  0.11432416E+001
  0.11433415E+001
  0.11434283E+001
  0.11435039E+001
  0.11435699E+001
  0.11436276E+001
  0.11436782E+001
  0.11437229E+001
  0.11437624E+001
  0.11437975E+001
  0.11438288E+001
  0.11438567E+001
  0.11438819E+001
  0.11439046E+001
  0.11439251E+001
  0.11439439E+001
  0.11439610E+001
  0.11439767E+001
  0.11439912E+001
  0.11440047E+001
  0.11440172E+001
  0.11440289E+001
  0.11440399E+001
  0.11440502E+001
  0.11440598E+001
  0.11440690E+001
  0.11440776E+001
  0.11440858E+001
  0.11440936E+001
  0.11441011E+001
  0.11441081E+001
  0.11441148E+001
  0.11441212E+001
  0.11441273E+001
  0.11441331E+001
  0.11441386E+001
  0.11441438E+001
  0.11441487E+001
  0.11441534E+001
  0.11441578E+001
  0.11441620E+001
  0.11441659E+001
  0.11441696E+001
  0.11441730E+001
  0.11441762E+001
  0.11441792E+001
  0.11441820E+001
  0.11441845E+001
  0.11441868E+001
  0.11441890E+001
  0.11441909E+001
  0.11441927E+001
  0.11441942E+001
  0.11441956E+001
  0.11441969E+001
  0.11441980E+001
  0.11441989E+001
  0.11441998E+001
  0.11442004E+001
  0.11442010E+001
  0.11442015E+001
  0.11442018E+001
  0.11442021E+001
  0.11442023E+001
  0.11442024E+001
  0.11442024E+001
  0.11442024E+001
  0.11442023E+001
  0.11442022E+001
  0.11442020E+001
  0.11442019E+001
  0.11442016E+001
  0.11442014E+001
  0.11442011E+001
  0.11442008E+001
  0.11442005E+001
  0.11442002E+001
  0.11442000E+001
  0.11441997E+001
  0.11441994E+001
  0.11441991E+001
  0.11441988E+001
  0.11441986E+001
  0.11441983E+001
  0.11441981E+001
  0.11441979E+001
  0.11441977E+001
  0.11441975E+001
  0.11441973E+001
  0.11441972E+001
  0.11441971E+001
  0.11441969E+001
  0.11441968E+001
  0.11441968E+001
  0.11441967E+001
  0.11441967E+001
  0.11441966E+001
  0.11441966E+001
  0.11441966E+001
  0.11441966E+001
  0.11441966E+001
  0.11441967E+001
  0.11441967E+001
  0.11441967E+001
  0.11441968E+001
  0.11441969E+001
  0.11441969E+001
  0.11441970E+001
  0.11441971E+001
  0.11441972E+001
  0.11441973E+001
  0.11441974E+001
  0.11441975E+001
  0.11441977E+001
  0.11441978E+001
  0.11441979E+001
  0.11441981E+001
  0.11441982E+001
  0.11441983E+001
  0.11441985E+001
  0.11441986E+001
  0.11441988E+001
  0.11441989E+001
  0.11441991E+001
  0.11441992E+001
  0.11441994E+001
  0.11441995E+001
  0.11441997E+001
  0.11441998E+001
  0.11442000E+001
  0.11442001E+001
  0.11442003E+001
  0.11442004E+001
  0.11442006E+001
  0.11442007E+001
  0.11442009E+001
  0.11442010E+001
  0.11442012E+001
  0.11442013E+001
  0.11442015E+001
  0.11442016E+001
  0.11442018E+001
  0.11442019E+001
  0.11442021E+001
  0.11442022E+001
  0.11442023E+001
  0.11442025E+001
  0.11442026E+001
  0.11442027E+001
  0.11442028E+001
  0.11442030E+001
  0.11442031E+001
  0.11442032E+001
  0.11442033E+001
  0.11442034E+001
  0.11442035E+001
  0.11442037E+001
  0.11442038E+001
  0.11442039E+001
  0.11442040E+001
  0.11442041E+001
  0.11442042E+001
  0.11442043E+001
  0.11442043E+001
  0.11442044E+001
  0.11442045E+001
  0.11442046E+001
  0.11442047E+001
  0.11442047E+001
  0.11442048E+001
  0.11442049E+001
  0.11442050E+001
  0.11442050E+001
  0.11442051E+001
  0.11442052E+001
  0.11442052E+001
  0.11442053E+001
  0.11442053E+001
  0.11442054E+001
  0.11442054E+001
  0.11442055E+001
  0.11442055E+001
  0.11442056E+001
  0.11442056E+001
  0.11442057E+001
  0.11442057E+001
  0.11442058E+001
  0.11442058E+001
  0.11442058E+001
  0.11442059E+001
