  0.52474274E+000
  0.52485246E+000
  0.52505536E+000
  0.52525044E+000
  0.52542343E+000
  0.52557382E+000
  0.52570226E+000
  0.52581228E+000
  0.52590731E+000
  0.52598906E+000
  0.52605994E+000
  0.52612150E+000
  0.52617501E+000
  0.52622167E+000
  0.52626251E+000
  0.52629825E+000
  0.52632963E+000
  0.52635736E+000
  0.52638190E+000
  0.52640373E+000
  0.52642321E+000
  0.52644068E+000
  0.52645641E+000
  0.52647063E+000
  0.52648355E+000
  0.52649534E+000
  0.52650615E+000
  0.52651610E+000
  0.52652530E+000
  0.52653386E+000
  0.52654185E+000
  0.52654932E+000
  0.52655634E+000
  0.52656295E+000
  0.52656919E+000
  0.52657510E+000
  0.52658072E+000
  0.52658605E+000
  0.52659113E+000
  0.52659597E+000
  0.52660060E+000
  0.52660500E+000
  0.52660921E+000
  0.52661322E+000
  0.52661704E+000
  0.52662068E+000
  0.52662414E+000
  0.52662743E+000
  0.52663054E+000
  0.52663348E+000
  0.52663626E+000
  0.52663887E+000
  0.52664132E+000
  0.52664361E+000
  0.52664574E+000
  0.52664772E+000
  0.52664955E+000
  0.52665124E+000
  0.52665279E+000
  0.52665420E+000
  0.52665548E+000
  0.52665663E+000
  0.52665767E+000
  0.52665859E+000
  0.52665940E+000
  0.52666010E+000
  0.52666071E+000
  0.52666123E+000
  0.52666167E+000
  0.52666202E+000
  0.52666230E+000
  0.52666252E+000
  0.52666268E+000
  0.52666278E+000
  0.52666283E+000
  0.52666284E+000
  0.52666281E+000
  0.52666275E+000
  0.52666266E+000
  0.52666254E+000
  0.52666240E+000
  0.52666225E+000
  0.52666208E+000
  0.52666190E+000
  0.52666171E+000
  0.52666153E+000
  0.52666134E+000
  0.52666114E+000
  0.52666096E+000
  0.52666077E+000
  0.52666059E+000
  0.52666042E+000
  0.52666026E+000
  0.52666010E+000
  0.52665996E+000
  0.52665982E+000
  0.52665969E+000
  0.52665958E+000
  0.52665947E+000
  0.52665938E+000
  0.52665929E+000
  0.52665922E+000
  0.52665915E+000
  0.52665910E+000
  0.52665905E+000
  0.52665901E+000
  0.52665899E+000
  0.52665896E+000
  0.52665895E+000
  0.52665895E+000
  0.52665895E+000
  0.52665896E+000
  0.52665897E+000
  0.52665900E+000
  0.52665902E+000
  0.52665905E+000
  0.52665909E+000
  0.52665913E+000
  0.52665918E+000
  0.52665923E+000
  0.52665928E+000
  0.52665934E+000
  0.52665940E+000
  0.52665946E+000
  0.52665952E+000
  0.52665959E+000
  0.52665966E+000
  0.52665973E+000
  0.52665980E+000
  0.52665988E+000
  0.52665996E+000
  0.52666003E+000
  0.52666011E+000
  0.52666019E+000
  0.52666027E+000
  0.52666035E+000
  0.52666043E+000
  0.52666052E+000
  0.52666060E+000
  0.52666068E+000
  0.52666076E+000
  0.52666085E+000
  0.52666093E+000
  0.52666101E+000
  0.52666109E+000
  0.52666117E+000
  0.52666125E+000
  0.52666133E+000
  0.52666141E+000
  0.52666149E+000
  0.52666156E+000
  0.52666164E+000
  0.52666171E+000
  0.52666179E+000
  0.52666186E+000
  0.52666193E+000
  0.52666200E+000
  0.52666207E+000
  0.52666214E+000
  0.52666220E+000
  0.52666227E+000
  0.52666233E+000
  0.52666239E+000
  0.52666245E+000
  0.52666251E+000
  0.52666256E+000
  0.52666262E+000
  0.52666267E+000
  0.52666273E+000
  0.52666278E+000
  0.52666283E+000
  0.52666287E+000
  0.52666292E+000
  0.52666297E+000
  0.52666301E+000
  0.52666305E+000
  0.52666309E+000
  0.52666313E+000
  0.52666317E+000
  0.52666321E+000
  0.52666324E+000
  0.52666328E+000
  0.52666331E+000
  0.52666334E+000
  0.52666337E+000
  0.52666340E+000
  0.52666343E+000
  0.52666346E+000
  0.52666348E+000
  0.52666351E+000
  0.52666353E+000
  0.52666356E+000
  0.52666358E+000
  0.52666360E+000
  0.52666362E+000
  0.52666364E+000
  0.52666366E+000
  0.52666368E+000
  0.52666369E+000
  0.52666372E+000
