  0.61879576E+000  0.10039281E+001  0.12331950E+001  0.42373970E+001
  0.61919902E+000  0.10042798E+001  0.12331690E+001  0.42374221E+001
  0.61957947E+000  0.10048655E+001  0.12335121E+001  0.42375065E+001
  0.61989495E+000  0.10054214E+001  0.12338955E+001  0.42376016E+001
  0.62015687E+000  0.10059035E+001  0.12342622E+001  0.42376930E+001
  0.62037915E+000  0.10063154E+001  0.12345876E+001  0.42377753E+001
  0.62056658E+000  0.10066645E+001  0.12348642E+001  0.42378479E+001
  0.62072486E+000  0.10069623E+001  0.12350999E+001  0.42379115E+001
  0.62086019E+000  0.10072177E+001  0.12353026E+001  0.42379674E+001
  0.62097584E+000  0.10074369E+001  0.12354744E+001  0.42380161E+001
  0.62107539E+000  0.10076251E+001  0.12356222E+001  0.42380589E+001
  0.62116119E+000  0.10077866E+001  0.12357502E+001  0.42380967E+001
  0.62123533E+000  0.10079249E+001  0.12358611E+001  0.42381300E+001
  0.62129972E+000  0.10080435E+001  0.12359574E+001  0.42381591E+001
  0.62135590E+000  0.10081453E+001  0.12360414E+001  0.42381847E+001
  0.62140460E+000  0.10082328E+001  0.12361148E+001  0.42382071E+001
  0.62144693E+000  0.10083082E+001  0.12361790E+001  0.42382270E+001
  0.62148399E+000  0.10083734E+001  0.12362353E+001  0.42382450E+001
  0.62151658E+000  0.10084297E+001  0.12359966E+001  0.42358965E+001
  0.62154537E+000  0.10084786E+001  0.12360209E+001  0.42357519E+001
  0.62157086E+000  0.10085211E+001  0.12363670E+001  0.42382884E+001
  0.62159355E+000  0.10085582E+001  0.12363800E+001  0.42381258E+001
  0.62161380E+000  0.10085907E+001  0.12363879E+001  0.42379520E+001
  0.62163194E+000  0.10086192E+001  0.12363922E+001  0.42377736E+001
  0.62164826E+000  0.10086444E+001  0.12363933E+001  0.42375922E+001
  0.62166303E+000  0.10086667E+001  0.12363918E+001  0.42374088E+001
  0.62167645E+000  0.10086864E+001  0.12363880E+001  0.42372244E+001
  0.62168870E+000  0.10087041E+001  0.12363824E+001  0.42370399E+001
  0.62169994E+000  0.10087199E+001  0.12363753E+001  0.42368561E+001
  0.62171030E+000  0.10087342E+001  0.12363670E+001  0.42366735E+001
  0.62171990E+000  0.10087471E+001  0.12363576E+001  0.42364929E+001
  0.62172884E+000  0.10087588E+001  0.12363474E+001  0.42363147E+001
  0.62173719E+000  0.10087695E+001  0.12363366E+001  0.42361393E+001
  0.62174504E+000  0.10087792E+001  0.12363253E+001  0.42359674E+001
  0.62175243E+000  0.10087881E+001  0.12366294E+001  0.42383899E+001
  0.62175942E+000  0.10087963E+001  0.12366381E+001  0.42383943E+001
  0.62176604E+000  0.10088039E+001  0.12366461E+001  0.42383984E+001
  0.62177234E+000  0.10088109E+001  0.12366534E+001  0.42384023E+001
  0.62177833E+000  0.10088175E+001  0.12366602E+001  0.42384061E+001
  0.62178403E+000  0.10088235E+001  0.12366665E+001  0.42384097E+001
  0.62178947E+000  0.10088292E+001  0.12366723E+001  0.42384132E+001
  0.62179466E+000  0.10088345E+001  0.12366776E+001  0.42384165E+001
  0.62179960E+000  0.10088394E+001  0.12366825E+001  0.42384197E+001
  0.62180430E+000  0.10088440E+001  0.12366871E+001  0.42384228E+001
  0.62180876E+000  0.10088483E+001  0.12366912E+001  0.42384258E+001
  0.62181300E+000  0.10088522E+001  0.12366951E+001  0.42384286E+001
  0.62181701E+000  0.10088559E+001  0.12366986E+001  0.42384313E+001
  0.62182079E+000  0.10088593E+001  0.12367019E+001  0.42384339E+001
  0.62182434E+000  0.10088624E+001  0.12367048E+001  0.42384364E+001
  0.62182767E+000  0.10088653E+001  0.12367075E+001  0.42384388E+001
  0.62183077E+000  0.10088679E+001  0.12367100E+001  0.42384410E+001
  0.62183366E+000  0.10088702E+001  0.12367122E+001  0.42384432E+001
  0.62183632E+000  0.10088724E+001  0.12367142E+001  0.42384453E+001
  0.62183877E+000  0.10088743E+001  0.12367160E+001  0.42384472E+001
  0.62184100E+000  0.10088760E+001  0.12367176E+001  0.42384491E+001
  0.62184303E+000  0.10088774E+001  0.12367190E+001  0.42384508E+001
  0.62184484E+000  0.10088787E+001  0.12367202E+001  0.42384525E+001
  0.62184646E+000  0.10088798E+001  0.12367213E+001  0.42384541E+001
  0.62184788E+000  0.10088807E+001  0.12367222E+001  0.42384556E+001
  0.62184912E+000  0.10088814E+001  0.12367229E+001  0.42384570E+001
  0.62185017E+000  0.10088820E+001  0.12367235E+001  0.42384583E+001
  0.62185105E+000  0.10088824E+001  0.12367239E+001  0.42384596E+001
  0.62185176E+000  0.10088827E+001  0.12367242E+001  0.42384608E+001
  0.62185232E+000  0.10088828E+001  0.12367244E+001  0.42384619E+001
  0.62185273E+000  0.10088829E+001  0.12367245E+001  0.42384629E+001
  0.62185300E+000  0.10088828E+001  0.12367244E+001  0.42384639E+001
  0.62185314E+000  0.10088826E+001  0.12367243E+001  0.42384648E+001
  0.62185316E+000  0.10088823E+001  0.12367240E+001  0.42384656E+001
  0.62185307E+000  0.10088819E+001  0.12367237E+001  0.42384664E+001
  0.62185288E+000  0.10088814E+001  0.12367233E+001  0.42384672E+001
  0.62185259E+000  0.10088809E+001  0.12367228E+001  0.42384679E+001
  0.62185223E+000  0.10088803E+001  0.12367223E+001  0.42384685E+001
  0.62185178E+000  0.10088797E+001  0.12367217E+001  0.42384691E+001
  0.62185128E+000  0.10088790E+001  0.12367211E+001  0.42384697E+001
  0.62185071E+000  0.10088783E+001  0.12367204E+001  0.42384702E+001
  0.62185010E+000  0.10088775E+001  0.12367196E+001  0.42384706E+001
  0.62184944E+000  0.10088768E+001  0.12367189E+001  0.42384711E+001
  0.62184876E+000  0.10088760E+001  0.12367180E+001  0.42384715E+001
  0.62184804E+000  0.10088752E+001  0.12367172E+001  0.42384719E+001
  0.62184730E+000  0.10088744E+001  0.12367164E+001  0.42384722E+001
  0.62184655E+000  0.10088735E+001  0.12367155E+001  0.42384725E+001
  0.62184579E+000  0.10088727E+001  0.12367146E+001  0.42384728E+001
  0.62184503E+000  0.10088719E+001  0.12367137E+001  0.42384731E+001
  0.62184427E+000  0.10088711E+001  0.12367129E+001  0.42384733E+001
  0.62184351E+000  0.10088703E+001  0.12367120E+001  0.42384735E+001
  0.62184276E+000  0.10088696E+001  0.12367111E+001  0.42384737E+001
  0.62184202E+000  0.10088688E+001  0.12367102E+001  0.42384739E+001
  0.62184129E+000  0.10088681E+001  0.12367093E+001  0.42384741E+001
  0.62184058E+000  0.10088674E+001  0.12367085E+001  0.42384743E+001
  0.62183989E+000  0.10088667E+001  0.12367076E+001  0.42384745E+001
  0.62183922E+000  0.10088660E+001  0.12367067E+001  0.42384746E+001
  0.62183857E+000  0.10088654E+001  0.12367059E+001  0.42384748E+001
  0.62183794E+000  0.10088648E+001  0.12367051E+001  0.42384749E+001
  0.62183733E+000  0.10088642E+001  0.12367043E+001  0.42384751E+001
  0.62183674E+000  0.10088636E+001  0.12367035E+001  0.42384752E+001
  0.62183618E+000  0.10088631E+001  0.12367027E+001  0.42384754E+001
  0.62183564E+000  0.10088626E+001  0.12367020E+001  0.42384755E+001
  0.62183513E+000  0.10088621E+001  0.12367012E+001  0.42384756E+001
  0.62183463E+000  0.10088616E+001  0.12367005E+001  0.42384758E+001
  0.62183416E+000  0.10088612E+001  0.12366998E+001  0.42384759E+001
  0.62183371E+000  0.10088608E+001  0.12366990E+001  0.42384761E+001
  0.62183328E+000  0.10088604E+001  0.12366984E+001  0.42384762E+001
  0.62183287E+000  0.10088600E+001  0.12366977E+001  0.42384763E+001
  0.62183248E+000  0.10088596E+001  0.12366970E+001  0.42384764E+001
  0.62183211E+000  0.10088593E+001  0.12366964E+001  0.42384765E+001
  0.62183176E+000  0.10088589E+001  0.12366957E+001  0.42384766E+001
  0.62183142E+000  0.10088586E+001  0.12366951E+001  0.42384767E+001
  0.62183110E+000  0.10088583E+001  0.12366945E+001  0.42384768E+001
  0.62183079E+000  0.10088580E+001  0.12366939E+001  0.42384768E+001
  0.62183050E+000  0.10088577E+001  0.12366933E+001  0.42384768E+001
  0.62183023E+000  0.10088575E+001  0.12366927E+001  0.42384768E+001
  0.62182996E+000  0.10088572E+001  0.12366921E+001  0.42384768E+001
  0.62182971E+000  0.10088570E+001  0.12366915E+001  0.42384768E+001
  0.62182947E+000  0.10088568E+001  0.12366909E+001  0.42384767E+001
  0.62182924E+000  0.10088565E+001  0.12366904E+001  0.42384766E+001
  0.62182902E+000  0.10088563E+001  0.12366898E+001  0.42384765E+001
  0.62182880E+000  0.10088561E+001  0.12366892E+001  0.42384763E+001
  0.62182860E+000  0.10088559E+001  0.12366887E+001  0.42384761E+001
  0.62182841E+000  0.10088558E+001  0.12366881E+001  0.42384758E+001
  0.62182822E+000  0.10088556E+001  0.12366876E+001  0.42384755E+001
  0.62182804E+000  0.10088554E+001  0.12366871E+001  0.42384752E+001
  0.62182786E+000  0.10088552E+001  0.12366865E+001  0.42384748E+001
  0.62182770E+000  0.10088551E+001  0.12366860E+001  0.42384743E+001
  0.62182753E+000  0.10088549E+001  0.12366855E+001  0.42384738E+001
  0.62182738E+000  0.10088548E+001  0.12366849E+001  0.42384733E+001
  0.62182722E+000  0.10088546E+001  0.12366844E+001  0.42384727E+001
  0.62182707E+000  0.10088545E+001  0.12366839E+001  0.42384721E+001
  0.62182693E+000  0.10088544E+001  0.12366834E+001  0.42384713E+001
  0.62182679E+000  0.10088542E+001  0.12366829E+001  0.42384706E+001
  0.62182665E+000  0.10088541E+001  0.12366824E+001  0.42384697E+001
  0.62182651E+000  0.10088540E+001  0.12366818E+001  0.42384688E+001
  0.62182638E+000  0.10088539E+001  0.12366813E+001  0.42384679E+001
  0.62182625E+000  0.10088538E+001  0.12366808E+001  0.42384669E+001
  0.62182613E+000  0.10088537E+001  0.12366803E+001  0.42384658E+001
  0.62182600E+000  0.10088536E+001  0.12366798E+001  0.42384646E+001
  0.62182588E+000  0.10088535E+001  0.12366793E+001  0.42384634E+001
  0.62182576E+000  0.10088534E+001  0.12366789E+001  0.42384621E+001
  0.62182564E+000  0.10088533E+001  0.12366784E+001  0.42384608E+001
  0.62182553E+000  0.10088532E+001  0.12366779E+001  0.42384594E+001
  0.62182541E+000  0.10088531E+001  0.12366774E+001  0.42384579E+001
  0.62182530E+000  0.10088530E+001  0.12366770E+001  0.42384563E+001
  0.62182519E+000  0.10088530E+001  0.12366765E+001  0.42384547E+001
  0.62182508E+000  0.10088529E+001  0.12366760E+001  0.42384530E+001
  0.62182497E+000  0.10088528E+001  0.12366756E+001  0.42384513E+001
  0.62182487E+000  0.10088527E+001  0.12366752E+001  0.42384494E+001
  0.62182477E+000  0.10088527E+001  0.12366747E+001  0.42384476E+001
  0.62182467E+000  0.10088526E+001  0.12366743E+001  0.42384456E+001
  0.62182457E+000  0.10088525E+001  0.12366739E+001  0.42384436E+001
  0.62182447E+000  0.10088525E+001  0.12366735E+001  0.42384415E+001
  0.62182438E+000  0.10088524E+001  0.12366731E+001  0.42384394E+001
  0.62182428E+000  0.10088524E+001  0.12366727E+001  0.42384372E+001
  0.62182419E+000  0.10088523E+001  0.12366723E+001  0.42384349E+001
  0.62182411E+000  0.10088523E+001  0.12366719E+001  0.42384326E+001
  0.62182402E+000  0.10088522E+001  0.12366716E+001  0.42384302E+001
  0.62182394E+000  0.10088522E+001  0.12366712E+001  0.42384278E+001
  0.62182386E+000  0.10088521E+001  0.12366709E+001  0.42384253E+001
  0.62182378E+000  0.10088521E+001  0.12366705E+001  0.42384228E+001
  0.62182370E+000  0.10088520E+001  0.12366702E+001  0.42384203E+001
  0.62182363E+000  0.10088520E+001  0.12366699E+001  0.42384176E+001
  0.62182355E+000  0.10088519E+001  0.12366696E+001  0.42384150E+001
  0.62182348E+000  0.10088519E+001  0.12366693E+001  0.42384123E+001
  0.62182342E+000  0.10088519E+001  0.12366690E+001  0.42384096E+001
  0.62182335E+000  0.10088518E+001  0.12366688E+001  0.42384068E+001
  0.62182329E+000  0.10088518E+001  0.12366685E+001  0.42384040E+001
  0.62182323E+000  0.10088518E+001  0.12366682E+001  0.42384012E+001
  0.62182317E+000  0.10088517E+001  0.12366680E+001  0.42383983E+001
  0.62182312E+000  0.10088517E+001  0.12366678E+001  0.42383955E+001
  0.62182306E+000  0.10088517E+001  0.12366675E+001  0.42383926E+001
  0.62182301E+000  0.10088517E+001  0.12366673E+001  0.42383897E+001
  0.62182296E+000  0.10088516E+001  0.12366671E+001  0.42383868E+001
  0.62182292E+000  0.10088516E+001  0.12366669E+001  0.42383838E+001
  0.62182287E+000  0.10088516E+001  0.12366667E+001  0.42383809E+001
  0.62182283E+000  0.10088516E+001  0.12366666E+001  0.42383780E+001
  0.62182279E+000  0.10088515E+001  0.12366664E+001  0.42383750E+001
  0.62182275E+000  0.10088515E+001  0.12366662E+001  0.42383721E+001
  0.62182272E+000  0.10088515E+001  0.12366661E+001  0.42383691E+001
  0.62182268E+000  0.10088515E+001  0.12366659E+001  0.42383662E+001
  0.62182265E+000  0.10088515E+001  0.12366658E+001  0.42383632E+001
  0.62182262E+000  0.10088514E+001  0.12366656E+001  0.42383603E+001
  0.62182259E+000  0.10088514E+001  0.12366655E+001  0.42383574E+001
  0.62182257E+000  0.10088514E+001  0.12366654E+001  0.42383545E+001
  0.62182254E+000  0.10088514E+001  0.12366653E+001  0.42383517E+001
  0.62182252E+000  0.10088514E+001  0.12366652E+001  0.42383488E+001
  0.62182249E+000  0.10088514E+001  0.12366651E+001  0.42383460E+001
  0.62182247E+000  0.10088514E+001  0.12366650E+001  0.42383432E+001
  0.62182245E+000  0.10088513E+001  0.12366649E+001  0.42383404E+001
  0.62182243E+000  0.10088513E+001  0.12366648E+001  0.42383376E+001
  0.62182241E+000  0.10088513E+001  0.12366647E+001  0.42383349E+001
  0.62182240E+000  0.10088513E+001  0.12366646E+001  0.42383322E+001
  0.62182238E+000  0.10088513E+001  0.12366645E+001  0.42383296E+001
  0.62182237E+000  0.10088513E+001  0.12366645E+001  0.42383269E+001
  0.62182236E+000  0.10088513E+001  0.12366644E+001  0.42383244E+001
  0.62182234E+000  0.10088513E+001  0.12366644E+001  0.42383218E+001
  0.62182233E+000  0.10088513E+001  0.12366643E+001  0.42383193E+001
  0.62182232E+000  0.10088513E+001  0.12366642E+001  0.42383168E+001
  0.62182231E+000  0.10088513E+001  0.12366642E+001  0.42383144E+001
  0.62182230E+000  0.10088513E+001  0.12366641E+001  0.42383120E+001
  0.62182230E+000  0.10088513E+001  0.12366641E+001  0.42383097E+001
  0.62182229E+000  0.10088513E+001  0.12366641E+001  0.42383074E+001
  0.62182229E+000  0.10088513E+001  0.12366640E+001  0.42383051E+001
