 -0.11921776E+000  0.60389155E+000  0.54232138E+001  0.12139254E+003
 -0.11793782E+000  0.60576055E+000  0.54260784E+001  0.12139644E+003
 -0.11703203E+000  0.60717156E+000  0.54283182E+001  0.12139962E+003
 -0.11636766E+000  0.60825621E+000  0.54301028E+001  0.12140224E+003
 -0.11587960E+000  0.60908781E+000  0.54315260E+001  0.12140440E+003
 -0.11552361E+000  0.60972041E+000  0.54326572E+001  0.12140619E+003
 -0.11526967E+000  0.61019247E+000  0.54335481E+001  0.12140767E+003
 -0.11509683E+000  0.61053433E+000  0.54342409E+001  0.12140890E+003
 -0.11498760E+000  0.61076975E+000  0.54347702E+001  0.12140991E+003
 -0.11492896E+000  0.61091800E+000  0.54351630E+001  0.12141075E+003
 -0.11490974E+000  0.61099519E+000  0.54354432E+001  0.12141144E+003
 -0.11492156E+000  0.61101445E+000  0.54356297E+001  0.12141200E+003
 -0.11495800E+000  0.61098668E+000  0.54357385E+001  0.12141247E+003
 -0.11501391E+000  0.61092104E+000  0.54357827E+001  0.12141284E+003
 -0.11508533E+000  0.61082487E+000  0.54357731E+001  0.12141314E+003
 -0.11516906E+000  0.61070411E+000  0.54357184E+001  0.12141337E+003
 -0.11526250E+000  0.61056371E+000  0.54356260E+001  0.12141356E+003
 -0.11536351E+000  0.61040779E+000  0.54355022E+001  0.12141370E+003
 -0.11547039E+000  0.61023973E+000  0.54353519E+001  0.12141380E+003
 -0.11558158E+000  0.61006238E+000  0.54351797E+001  0.12141386E+003
 -0.11569590E+000  0.60987801E+000  0.54349890E+001  0.12141390E+003
 -0.11581229E+000  0.60968858E+000  0.54347831E+001  0.12141392E+003
 -0.11592987E+000  0.60949569E+000  0.54345643E+001  0.12141391E+003
 -0.11604796E+000  0.60930065E+000  0.54343349E+001  0.12141389E+003
 -0.11616591E+000  0.60910463E+000  0.54340968E+001  0.12141386E+003
 -0.11628325E+000  0.60890855E+000  0.54338513E+001  0.12141381E+003
 -0.11639955E+000  0.60871320E+000  0.54336000E+001  0.12141375E+003
 -0.11651446E+000  0.60851927E+000  0.54333438E+001  0.12141368E+003
 -0.11662770E+000  0.60832732E+000  0.54330840E+001  0.12141360E+003
 -0.11673896E+000  0.60813785E+000  0.54328212E+001  0.12141352E+003
 -0.11684803E+000  0.60795127E+000  0.54325562E+001  0.12141343E+003
 -0.11695478E+000  0.60776795E+000  0.54322899E+001  0.12141333E+003
 -0.11705909E+000  0.60758819E+000  0.54320227E+001  0.12141323E+003
 -0.11716089E+000  0.60741228E+000  0.54317552E+001  0.12141313E+003
 -0.11726012E+000  0.60724045E+000  0.54314881E+001  0.12141302E+003
 -0.11735674E+000  0.60707290E+000  0.54312217E+001  0.12141291E+003
 -0.11745072E+000  0.60690981E+000  0.54309566E+001  0.12141280E+003
 -0.11754205E+000  0.60675134E+000  0.54306932E+001  0.12141269E+003
 -0.11763071E+000  0.60659764E+000  0.54304320E+001  0.12141257E+003
 -0.11771669E+000  0.60644881E+000  0.54301733E+001  0.12141245E+003
 -0.11780000E+000  0.60630496E+000  0.54299176E+001  0.12141234E+003
 -0.11788063E+000  0.60616618E+000  0.54296652E+001  0.12141221E+003
 -0.11795858E+000  0.60603255E+000  0.54294166E+001  0.12141209E+003
 -0.11803386E+000  0.60590413E+000  0.54291721E+001  0.12141197E+003
 -0.11810628E+000  0.60578078E+000  0.54289320E+001  0.12141185E+003
 -0.11817598E+000  0.60566267E+000  0.54286967E+001  0.12141172E+003
 -0.11824301E+000  0.60554988E+000  0.54284666E+001  0.12141160E+003
 -0.11830739E+000  0.60544242E+000  0.54282419E+001  0.12141147E+003
 -0.11836912E+000  0.60534029E+000  0.54280230E+001  0.12141134E+003
 -0.11842818E+000  0.60524374E+000  0.54278097E+001  0.12141122E+003
 -0.11848460E+000  0.60515245E+000  0.54276027E+001  0.12141109E+003
 -0.11853838E+000  0.60506635E+000  0.54274023E+001  0.12141097E+003
 -0.11858952E+000  0.60498539E+000  0.54272085E+001  0.12141084E+003
 -0.11863805E+000  0.60490947E+000  0.54270215E+001  0.12141072E+003
 -0.11868398E+000  0.60483849E+000  0.54268416E+001  0.12141060E+003
 -0.11872734E+000  0.60477233E+000  0.54266688E+001  0.12141047E+003
 -0.11876817E+000  0.60471087E+000  0.54265033E+001  0.12141035E+003
 -0.11880651E+000  0.60465395E+000  0.54263451E+001  0.12141024E+003
 -0.11884242E+000  0.60460142E+000  0.54261942E+001  0.12141012E+003
 -0.11887594E+000  0.60455311E+000  0.54260507E+001  0.12141000E+003
 -0.11890714E+000  0.60450883E+000  0.54259144E+001  0.12140989E+003
 -0.11893610E+000  0.60446840E+000  0.54257854E+001  0.12140978E+003
 -0.11896290E+000  0.60443160E+000  0.54256636E+001  0.12140967E+003
 -0.11898761E+000  0.60439824E+000  0.54255489E+001  0.12140957E+003
 -0.11901034E+000  0.60436812E+000  0.54254411E+001  0.12140947E+003
 -0.11903117E+000  0.60434101E+000  0.54253400E+001  0.12140937E+003
 -0.11905020E+000  0.60431670E+000  0.54252455E+001  0.12140927E+003
 -0.11906754E+000  0.60429500E+000  0.54251574E+001  0.12140918E+003
 -0.11908327E+000  0.60427567E+000  0.54250754E+001  0.12140909E+003
 -0.11909751E+000  0.60425854E+000  0.54249993E+001  0.12140900E+003
 -0.11911035E+000  0.60424339E+000  0.54249288E+001  0.12140892E+003
 -0.11912189E+000  0.60423003E+000  0.54248637E+001  0.12140884E+003
 -0.11913224E+000  0.60421829E+000  0.54248037E+001  0.12140876E+003
 -0.11914147E+000  0.60420799E+000  0.54247485E+001  0.12140869E+003
 -0.11914970E+000  0.60419895E+000  0.54246979E+001  0.12140862E+003
 -0.11915699E+000  0.60419104E+000  0.54246514E+001  0.12140856E+003
 -0.11916345E+000  0.60418409E+000  0.54246090E+001  0.12140849E+003
 -0.11916914E+000  0.60417798E+000  0.54245702E+001  0.12140843E+003
 -0.11917414E+000  0.60417258E+000  0.54245348E+001  0.12140838E+003
 -0.11917853E+000  0.60416777E+000  0.54245025E+001  0.12140833E+003
 -0.11918236E+000  0.60416345E+000  0.54244730E+001  0.12140828E+003
 -0.11918571E+000  0.60415951E+000  0.54244462E+001  0.12140823E+003
 -0.11918862E+000  0.60415589E+000  0.54244217E+001  0.12140818E+003
 -0.11919115E+000  0.60415249E+000  0.54243993E+001  0.12140814E+003
 -0.11919334E+000  0.60414925E+000  0.54243788E+001  0.12140810E+003
 -0.11919524E+000  0.60414610E+000  0.54243601E+001  0.12140806E+003
 -0.11919689E+000  0.60414300E+000  0.54243428E+001  0.12140803E+003
 -0.11919832E+000  0.60413989E+000  0.54243269E+001  0.12140799E+003
 -0.11919956E+000  0.60413673E+000  0.54243122E+001  0.12140796E+003
 -0.11920064E+000  0.60413349E+000  0.54242984E+001  0.12140793E+003
 -0.11920159E+000  0.60413014E+000  0.54242856E+001  0.12140790E+003
 -0.11920242E+000  0.60412665E+000  0.54242735E+001  0.12140787E+003
 -0.11920316E+000  0.60412302E+000  0.54242620E+001  0.12140784E+003
 -0.11920381E+000  0.60411921E+000  0.54242511E+001  0.12140781E+003
 -0.11920441E+000  0.60411523E+000  0.54242406E+001  0.12140778E+003
 -0.11920495E+000  0.60411107E+000  0.54242305E+001  0.12140775E+003
 -0.11920544E+000  0.60410672E+000  0.54242206E+001  0.12140773E+003
 -0.11920590E+000  0.60410218E+000  0.54242109E+001  0.12140770E+003
 -0.11920634E+000  0.60409746E+000  0.54242014E+001  0.12140767E+003
 -0.11920675E+000  0.60409257E+000  0.54241919E+001  0.12140764E+003
 -0.11920714E+000  0.60408751E+000  0.54241824E+001  0.12140761E+003
 -0.11920752E+000  0.60408230E+000  0.54241728E+001  0.12140758E+003
 -0.11920789E+000  0.60407695E+000  0.54241630E+001  0.12140755E+003
 -0.11920825E+000  0.60407147E+000  0.54241531E+001  0.12140752E+003
 -0.11920860E+000  0.60406588E+000  0.54241430E+001  0.12140749E+003
 -0.11920894E+000  0.60406019E+000  0.54241326E+001  0.12140746E+003
 -0.11920928E+000  0.60405443E+000  0.54241218E+001  0.12140743E+003
 -0.11920961E+000  0.60404862E+000  0.54241107E+001  0.12140739E+003
 -0.11920994E+000  0.60404277E+000  0.54240992E+001  0.12140735E+003
 -0.11921026E+000  0.60403690E+000  0.54240873E+001  0.12140732E+003
 -0.11921058E+000  0.60403103E+000  0.54240748E+001  0.12140728E+003
 -0.11921089E+000  0.60402519E+000  0.54240619E+001  0.12140724E+003
 -0.11921120E+000  0.60401938E+000  0.54240485E+001  0.12140720E+003
 -0.11921150E+000  0.60401363E+000  0.54240345E+001  0.12140716E+003
 -0.11921179E+000  0.60400796E+000  0.54240200E+001  0.12140711E+003
 -0.11921208E+000  0.60400237E+000  0.54240049E+001  0.12140706E+003
 -0.11921235E+000  0.60399689E+000  0.54239893E+001  0.12140702E+003
 -0.11921263E+000  0.60399153E+000  0.54239732E+001  0.12140697E+003
 -0.11921289E+000  0.60398630E+000  0.54239565E+001  0.12140691E+003
 -0.11921314E+000  0.60398120E+000  0.54239394E+001  0.12140686E+003
 -0.11921339E+000  0.60397626E+000  0.54239217E+001  0.12140680E+003
 -0.11921362E+000  0.60397148E+000  0.54239037E+001  0.12140674E+003
 -0.11921385E+000  0.60396686E+000  0.54238852E+001  0.12140668E+003
 -0.11921407E+000  0.60396241E+000  0.54238664E+001  0.12140662E+003
 -0.11921428E+000  0.60395814E+000  0.54238472E+001  0.12140655E+003
 -0.11921448E+000  0.60395404E+000  0.54238278E+001  0.12140648E+003
 -0.11921467E+000  0.60395012E+000  0.54238081E+001  0.12140641E+003
 -0.11921485E+000  0.60394637E+000  0.54237883E+001  0.12140633E+003
 -0.11921503E+000  0.60394281E+000  0.54237683E+001  0.12140625E+003
 -0.11921519E+000  0.60393942E+000  0.54237483E+001  0.12140617E+003
 -0.11921535E+000  0.60393621E+000  0.54237283E+001  0.12140609E+003
 -0.11921550E+000  0.60393316E+000  0.54237083E+001  0.12140600E+003
 -0.11921564E+000  0.60393029E+000  0.54236885E+001  0.12140591E+003
 -0.11921578E+000  0.60392757E+000  0.54236688E+001  0.12140581E+003
 -0.11921590E+000  0.60392501E+000  0.54236493E+001  0.12140572E+003
 -0.11921602E+000  0.60392261E+000  0.54236300E+001  0.12140561E+003
 -0.11921614E+000  0.60392035E+000  0.54236111E+001  0.12140551E+003
 -0.11921624E+000  0.60391823E+000  0.54235925E+001  0.12140540E+003
 -0.11921634E+000  0.60391625E+000  0.54235742E+001  0.12140529E+003
 -0.11921644E+000  0.60391440E+000  0.54235564E+001  0.12140517E+003
 -0.11921653E+000  0.60391267E+000  0.54235391E+001  0.12140506E+003
 -0.11921661E+000  0.60391105E+000  0.54235222E+001  0.12140493E+003
 -0.11921669E+000  0.60390955E+000  0.54235058E+001  0.12140481E+003
 -0.11921676E+000  0.60390815E+000  0.54234899E+001  0.12140468E+003
 -0.11921683E+000  0.60390685E+000  0.54234746E+001  0.12140455E+003
 -0.11921690E+000  0.60390564E+000  0.54234598E+001  0.12140441E+003
 -0.11921696E+000  0.60390453E+000  0.54234456E+001  0.12140428E+003
 -0.11921702E+000  0.60390349E+000  0.54234320E+001  0.12140414E+003
 -0.11921707E+000  0.60390253E+000  0.54234189E+001  0.12140399E+003
 -0.11921712E+000  0.60390164E+000  0.54234064E+001  0.12140385E+003
 -0.11921717E+000  0.60390082E+000  0.54233945E+001  0.12140370E+003
 -0.11921721E+000  0.60390006E+000  0.54233831E+001  0.12140354E+003
 -0.11921725E+000  0.60389936E+000  0.54233722E+001  0.12140339E+003
 -0.11921729E+000  0.60389872E+000  0.54233620E+001  0.12140323E+003
 -0.11921733E+000  0.60389812E+000  0.54233522E+001  0.12140308E+003
 -0.11921736E+000  0.60389757E+000  0.54233430E+001  0.12140292E+003
 -0.11921739E+000  0.60389707E+000  0.54233342E+001  0.12140275E+003
 -0.11921742E+000  0.60389660E+000  0.54233260E+001  0.12140259E+003
 -0.11921745E+000  0.60389618E+000  0.54233182E+001  0.12140242E+003
 -0.11921747E+000  0.60389579E+000  0.54233109E+001  0.12140226E+003
 -0.11921749E+000  0.60389542E+000  0.54233040E+001  0.12140209E+003
 -0.11921752E+000  0.60389509E+000  0.54232975E+001  0.12140192E+003
 -0.11921754E+000  0.60389479E+000  0.54232915E+001  0.12140175E+003
 -0.11921756E+000  0.60389451E+000  0.54232858E+001  0.12140158E+003
 -0.11921757E+000  0.60389425E+000  0.54232805E+001  0.12140141E+003
 -0.11921759E+000  0.60389402E+000  0.54232755E+001  0.12140124E+003
 -0.11921760E+000  0.60389380E+000  0.54232709E+001  0.12140106E+003
 -0.11921762E+000  0.60389361E+000  0.54232666E+001  0.12140089E+003
 -0.11921763E+000  0.60389343E+000  0.54232626E+001  0.12140072E+003
 -0.11921764E+000  0.60389326E+000  0.54232588E+001  0.12140055E+003
 -0.11921765E+000  0.60389311E+000  0.54232553E+001  0.12140037E+003
 -0.11921766E+000  0.60389297E+000  0.54232521E+001  0.12140020E+003
 -0.11921767E+000  0.60389284E+000  0.54232491E+001  0.12140003E+003
 -0.11921768E+000  0.60389273E+000  0.54232463E+001  0.12139986E+003
 -0.11921769E+000  0.60389262E+000  0.54232437E+001  0.12139969E+003
 -0.11921769E+000  0.60389252E+000  0.54232413E+001  0.12139952E+003
 -0.11921770E+000  0.60389244E+000  0.54232391E+001  0.12139936E+003
 -0.11921771E+000  0.60389236E+000  0.54232370E+001  0.12139919E+003
 -0.11921771E+000  0.60389228E+000  0.54232351E+001  0.12139902E+003
 -0.11921772E+000  0.60389222E+000  0.54232334E+001  0.12139886E+003
 -0.11921772E+000  0.60389216E+000  0.54232318E+001  0.12139870E+003
 -0.11921772E+000  0.60389210E+000  0.54232303E+001  0.12139854E+003
 -0.11921773E+000  0.60389205E+000  0.54232289E+001  0.12139838E+003
 -0.11921773E+000  0.60389201E+000  0.54232277E+001  0.12139822E+003
 -0.11921773E+000  0.60389196E+000  0.54232265E+001  0.12139807E+003
 -0.11921774E+000  0.60389193E+000  0.54232254E+001  0.12139791E+003
 -0.11921774E+000  0.60389190E+000  0.54232245E+001  0.12139776E+003
 -0.11921774E+000  0.60389187E+000  0.54232236E+001  0.12139761E+003
 -0.11921774E+000  0.60389184E+000  0.54232227E+001  0.12139747E+003
 -0.11921774E+000  0.60389182E+000  0.54232220E+001  0.12139732E+003
 -0.11921774E+000  0.60389179E+000  0.54232213E+001  0.12139718E+003
 -0.11921774E+000  0.60389178E+000  0.54232207E+001  0.12139704E+003
 -0.11921774E+000  0.60389176E+000  0.54232201E+001  0.12139690E+003
 -0.11921774E+000  0.60389175E+000  0.54232196E+001  0.12139677E+003
 -0.11921774E+000  0.60389174E+000  0.54232191E+001  0.12139664E+003
 -0.11921774E+000  0.60389173E+000  0.54232187E+001  0.12139651E+003
 -0.11921774E+000  0.60389172E+000  0.54232183E+001  0.12139638E+003
 -0.11921774E+000  0.60389172E+000  0.54232180E+001  0.12139625E+003
 -0.11921773E+000  0.60389173E+000  0.54232177E+001  0.12139613E+003
 -0.11921771E+000  0.60389175E+000  0.54232174E+001  0.12139601E+003
