  0.17733288E+001
  0.17735174E+001
  0.17738658E+001
  0.17742032E+001
  0.17745037E+001
  0.17747642E+001
  0.17749857E+001
  0.17751745E+001
  0.17753368E+001
  0.17754756E+001
  0.17755953E+001
  0.17756985E+001
  0.17757877E+001
  0.17758648E+001
  0.17759317E+001
  0.17759897E+001
  0.17760402E+001
  0.17760843E+001
  0.17761229E+001
  0.17761568E+001
  0.17761867E+001
  0.17762131E+001
  0.17762366E+001
  0.17762575E+001
  0.17762761E+001
  0.17762929E+001
  0.17763080E+001
  0.17763216E+001
  0.17763340E+001
  0.17763454E+001
  0.17763558E+001
  0.17763653E+001
  0.17763741E+001
  0.17763823E+001
  0.17763898E+001
  0.17763969E+001
  0.17764035E+001
  0.17764096E+001
  0.17764154E+001
  0.17764208E+001
  0.17764259E+001
  0.17764307E+001
  0.17764352E+001
  0.17764394E+001
  0.17764434E+001
  0.17764471E+001
  0.17764506E+001
  0.17764538E+001
  0.17764569E+001
  0.17764597E+001
  0.17764623E+001
  0.17764647E+001
  0.17764669E+001
  0.17764689E+001
  0.17764708E+001
  0.17764724E+001
  0.17764739E+001
  0.17764753E+001
  0.17764765E+001
  0.17764775E+001
  0.17764784E+001
  0.17764791E+001
  0.17764797E+001
  0.17764802E+001
  0.17764806E+001
  0.17764809E+001
  0.17764811E+001
  0.17764811E+001
  0.17764812E+001
  0.17764811E+001
  0.17764809E+001
  0.17764807E+001
  0.17764804E+001
  0.17764801E+001
  0.17764798E+001
  0.17764793E+001
  0.17764789E+001
  0.17764784E+001
  0.17764779E+001
  0.17764774E+001
  0.17764769E+001
  0.17764764E+001
  0.17764758E+001
  0.17764753E+001
  0.17764747E+001
  0.17764742E+001
  0.17764736E+001
  0.17764731E+001
  0.17764725E+001
  0.17764720E+001
  0.17764715E+001
  0.17764710E+001
  0.17764706E+001
  0.17764701E+001
  0.17764696E+001
  0.17764692E+001
  0.17764688E+001
  0.17764684E+001
  0.17764680E+001
  0.17764676E+001
  0.17764673E+001
  0.17764669E+001
  0.17764666E+001
  0.17764662E+001
  0.17764659E+001
  0.17764656E+001
  0.17764653E+001
  0.17764650E+001
  0.17764647E+001
  0.17764645E+001
  0.17764642E+001
  0.17764639E+001
  0.17764636E+001
  0.17764633E+001
  0.17764631E+001
  0.17764628E+001
  0.17764625E+001
  0.17764622E+001
  0.17764619E+001
  0.17764616E+001
  0.17764613E+001
  0.17764610E+001
  0.17764606E+001
  0.17764603E+001
  0.17764600E+001
  0.17764596E+001
  0.17764593E+001
  0.17764589E+001
  0.17764585E+001
  0.17764581E+001
  0.17764577E+001
  0.17764572E+001
  0.17764568E+001
  0.17764563E+001
  0.17764559E+001
  0.17764554E+001
  0.17764549E+001
  0.17764544E+001
  0.17764539E+001
  0.17764533E+001
  0.17764528E+001
  0.17764522E+001
  0.17764516E+001
  0.17764510E+001
  0.17764504E+001
  0.17764498E+001
  0.17764492E+001
  0.17764485E+001
  0.17764479E+001
  0.17764472E+001
  0.17764465E+001
  0.17764458E+001
  0.17764451E+001
  0.17764444E+001
  0.17764437E+001
  0.17764429E+001
  0.17764422E+001
  0.17764414E+001
  0.17764407E+001
  0.17764399E+001
  0.17764391E+001
  0.17764383E+001
  0.17764376E+001
  0.17764368E+001
  0.17764360E+001
  0.17764352E+001
  0.17764344E+001
  0.17764336E+001
  0.17764328E+001
  0.17764320E+001
  0.17764312E+001
  0.17764304E+001
  0.17764296E+001
  0.17764288E+001
  0.17764280E+001
  0.17764272E+001
  0.17764264E+001
  0.17764256E+001
  0.17764249E+001
  0.17764241E+001
  0.17764233E+001
  0.17764226E+001
  0.17764218E+001
  0.17764211E+001
  0.17764204E+001
  0.17764196E+001
  0.17764189E+001
  0.17764182E+001
  0.17764175E+001
  0.17764168E+001
  0.17764161E+001
  0.17764155E+001
  0.17764148E+001
  0.17764142E+001
  0.17764135E+001
  0.17764129E+001
  0.17764123E+001
  0.17764117E+001
  0.17764111E+001
  0.17764105E+001
