  0.63472340E+000
  0.63480754E+000
  0.63498474E+000
  0.63515906E+000
  0.63531542E+000
  0.63545165E+000
  0.63556789E+000
  0.63566743E+000
  0.63575340E+000
  0.63582728E+000
  0.63589129E+000
  0.63594687E+000
  0.63599514E+000
  0.63603717E+000
  0.63607390E+000
  0.63610600E+000
  0.63613416E+000
  0.63615902E+000
  0.63618099E+000
  0.63620050E+000
  0.63621788E+000
  0.63623344E+000
  0.63624743E+000
  0.63626005E+000
  0.63627149E+000
  0.63628190E+000
  0.63629143E+000
  0.63630018E+000
  0.63630825E+000
  0.63631574E+000
  0.63632271E+000
  0.63632922E+000
  0.63633531E+000
  0.63634103E+000
  0.63634641E+000
  0.63635150E+000
  0.63635631E+000
  0.63636088E+000
  0.63636521E+000
  0.63636934E+000
  0.63637326E+000
  0.63637699E+000
  0.63638054E+000
  0.63638393E+000
  0.63638714E+000
  0.63639020E+000
  0.63639310E+000
  0.63639585E+000
  0.63639846E+000
  0.63640092E+000
  0.63640323E+000
  0.63640541E+000
  0.63640746E+000
  0.63640937E+000
  0.63641115E+000
  0.63641280E+000
  0.63641434E+000
  0.63641575E+000
  0.63641705E+000
  0.63641823E+000
  0.63641931E+000
  0.63642029E+000
  0.63642117E+000
  0.63642195E+000
  0.63642264E+000
  0.63642325E+000
  0.63642378E+000
  0.63642423E+000
  0.63642462E+000
  0.63642494E+000
  0.63642519E+000
  0.63642539E+000
  0.63642554E+000
  0.63642564E+000
  0.63642570E+000
  0.63642573E+000
  0.63642571E+000
  0.63642567E+000
  0.63642560E+000
  0.63642551E+000
  0.63642540E+000
  0.63642528E+000
  0.63642514E+000
  0.63642499E+000
  0.63642483E+000
  0.63642467E+000
  0.63642451E+000
  0.63642435E+000
  0.63642418E+000
  0.63642402E+000
  0.63642387E+000
  0.63642372E+000
  0.63642357E+000
  0.63642344E+000
  0.63642331E+000
  0.63642319E+000
  0.63642308E+000
  0.63642298E+000
  0.63642289E+000
  0.63642281E+000
  0.63642274E+000
  0.63642267E+000
  0.63642262E+000
  0.63642258E+000
  0.63642254E+000
  0.63642251E+000
  0.63642249E+000
  0.63642248E+000
  0.63642248E+000
  0.63642248E+000
  0.63642249E+000
  0.63642251E+000
  0.63642253E+000
  0.63642256E+000
  0.63642259E+000
  0.63642263E+000
  0.63642267E+000
  0.63642272E+000
  0.63642277E+000
  0.63642282E+000
  0.63642288E+000
  0.63642294E+000
  0.63642301E+000
  0.63642307E+000
  0.63642314E+000
  0.63642321E+000
  0.63642329E+000
  0.63642336E+000
  0.63642344E+000
  0.63642352E+000
  0.63642360E+000
  0.63642368E+000
  0.63642376E+000
  0.63642384E+000
  0.63642393E+000
  0.63642401E+000
  0.63642410E+000
  0.63642418E+000
  0.63642427E+000
  0.63642435E+000
  0.63642444E+000
  0.63642453E+000
  0.63642461E+000
  0.63642470E+000
  0.63642478E+000
  0.63642487E+000
  0.63642495E+000
  0.63642503E+000
  0.63642511E+000
  0.63642520E+000
  0.63642528E+000
  0.63642536E+000
  0.63642544E+000
  0.63642551E+000
  0.63642559E+000
  0.63642567E+000
  0.63642574E+000
  0.63642581E+000
  0.63642588E+000
  0.63642595E+000
  0.63642602E+000
  0.63642609E+000
  0.63642616E+000
  0.63642622E+000
  0.63642628E+000
  0.63642635E+000
  0.63642641E+000
  0.63642647E+000
  0.63642652E+000
  0.63642658E+000
  0.63642663E+000
  0.63642669E+000
  0.63642674E+000
  0.63642679E+000
  0.63642683E+000
  0.63642688E+000
  0.63642693E+000
  0.63642697E+000
  0.63642701E+000
  0.63642706E+000
  0.63642710E+000
  0.63642713E+000
  0.63642717E+000
  0.63642721E+000
  0.63642724E+000
  0.63642728E+000
  0.63642731E+000
  0.63642734E+000
  0.63642737E+000
  0.63642740E+000
  0.63642743E+000
  0.63642745E+000
  0.63642748E+000
  0.63642750E+000
  0.63642753E+000
  0.63642755E+000
  0.63642757E+000
  0.63642759E+000
  0.63642761E+000
  0.63642764E+000
