  0.31825102E+002
  0.31827582E+002
  0.31829516E+002
  0.31831053E+002
  0.31832279E+002
  0.31833256E+002
  0.31834031E+002
  0.31834640E+002
  0.31835112E+002
  0.31835471E+002
  0.31835738E+002
  0.31835928E+002
  0.31836054E+002
  0.31836129E+002
  0.31836159E+002
  0.31836153E+002
  0.31836117E+002
  0.31836057E+002
  0.31835975E+002
  0.31835877E+002
  0.31835764E+002
  0.31835640E+002
  0.31835507E+002
  0.31835366E+002
  0.31835219E+002
  0.31835067E+002
  0.31834911E+002
  0.31834753E+002
  0.31834592E+002
  0.31834430E+002
  0.31834268E+002
  0.31834105E+002
  0.31833942E+002
  0.31833780E+002
  0.31833619E+002
  0.31833459E+002
  0.31833301E+002
  0.31833144E+002
  0.31832989E+002
  0.31832836E+002
  0.31832686E+002
  0.31832538E+002
  0.31832392E+002
  0.31832249E+002
  0.31832109E+002
  0.31831972E+002
  0.31831839E+002
  0.31831708E+002
  0.31831581E+002
  0.31831457E+002
  0.31831337E+002
  0.31831221E+002
  0.31831108E+002
  0.31830999E+002
  0.31830894E+002
  0.31830793E+002
  0.31830696E+002
  0.31830603E+002
  0.31830514E+002
  0.31830429E+002
  0.31830348E+002
  0.31830271E+002
  0.31830198E+002
  0.31830128E+002
  0.31830063E+002
  0.31830000E+002
  0.31829942E+002
  0.31829887E+002
  0.31829835E+002
  0.31829787E+002
  0.31829741E+002
  0.31829699E+002
  0.31829660E+002
  0.31829623E+002
  0.31829588E+002
  0.31829557E+002
  0.31829527E+002
  0.31829500E+002
  0.31829474E+002
  0.31829451E+002
  0.31829429E+002
  0.31829408E+002
  0.31829389E+002
  0.31829372E+002
  0.31829355E+002
  0.31829340E+002
  0.31829325E+002
  0.31829312E+002
  0.31829298E+002
  0.31829286E+002
  0.31829274E+002
  0.31829263E+002
  0.31829251E+002
  0.31829240E+002
  0.31829230E+002
  0.31829219E+002
  0.31829208E+002
  0.31829198E+002
  0.31829187E+002
  0.31829176E+002
  0.31829165E+002
  0.31829154E+002
  0.31829143E+002
  0.31829131E+002
  0.31829119E+002
  0.31829107E+002
  0.31829094E+002
  0.31829081E+002
  0.31829068E+002
  0.31829054E+002
  0.31829040E+002
  0.31829025E+002
  0.31829010E+002
  0.31828994E+002
  0.31828978E+002
  0.31828961E+002
  0.31828944E+002
  0.31828926E+002
  0.31828907E+002
  0.31828888E+002
  0.31828868E+002
  0.31828848E+002
  0.31828826E+002
  0.31828804E+002
  0.31828782E+002
  0.31828758E+002
  0.31828734E+002
  0.31828710E+002
  0.31828684E+002
  0.31828658E+002
  0.31828631E+002
  0.31828603E+002
  0.31828574E+002
  0.31828545E+002
  0.31828515E+002
  0.31828484E+002
  0.31828453E+002
  0.31828420E+002
  0.31828387E+002
  0.31828354E+002
  0.31828319E+002
  0.31828284E+002
  0.31828248E+002
  0.31828212E+002
  0.31828175E+002
  0.31828137E+002
  0.31828099E+002
  0.31828060E+002
  0.31828020E+002
  0.31827980E+002
  0.31827940E+002
  0.31827899E+002
  0.31827857E+002
  0.31827816E+002
  0.31827773E+002
  0.31827731E+002
  0.31827688E+002
  0.31827645E+002
  0.31827601E+002
  0.31827558E+002
  0.31827514E+002
  0.31827470E+002
  0.31827426E+002
  0.31827382E+002
  0.31827337E+002
  0.31827293E+002
  0.31827249E+002
  0.31827205E+002
  0.31827160E+002
  0.31827116E+002
  0.31827072E+002
  0.31827029E+002
  0.31826985E+002
  0.31826942E+002
  0.31826899E+002
  0.31826856E+002
  0.31826814E+002
  0.31826771E+002
  0.31826730E+002
  0.31826688E+002
  0.31826647E+002
  0.31826607E+002
  0.31826567E+002
  0.31826527E+002
  0.31826488E+002
  0.31826450E+002
  0.31826412E+002
  0.31826374E+002
  0.31826337E+002
  0.31826301E+002
  0.31826265E+002
  0.31826230E+002
  0.31826196E+002
  0.31826162E+002
  0.31826129E+002
  0.31826096E+002
  0.31826064E+002
  0.31826033E+002
  0.31826002E+002
  0.31825972E+002
