  0.21475755E+000
  0.16152239E+000
  0.15147818E+000
  0.15301423E+000
  0.15862791E+000
  0.16514865E+000
  0.17140615E+000
  0.17723894E+000
  0.18234673E+000
  0.18695369E+000
  0.19098524E+000
  0.19438071E+000
  0.19720620E+000
  0.19953178E+000
  0.20145690E+000
  0.20307588E+000
  0.20444299E+000
  0.20562104E+000
  0.20666284E+000
  0.20759646E+000
  0.20844672E+000
  0.20922597E+000
  0.20994454E+000
  0.21060768E+000
  0.21121711E+000
  0.21177734E+000
  0.21228979E+000
  0.21275584E+000
  0.21317174E+000
  0.21349929E+000
  0.21375657E+000
  0.21395808E+000
  0.21411540E+000
  0.21423787E+000
  0.21433305E+000
  0.21440693E+000
  0.21446435E+000
  0.21450915E+000
  0.21454429E+000
  0.21457220E+000
  0.21459463E+000
  0.21461304E+000
  0.21462844E+000
  0.21464164E+000
  0.21465317E+000
  0.21466347E+000
  0.21467279E+000
  0.21468136E+000
  0.21468927E+000
  0.21469661E+000
  0.21470343E+000
  0.21470976E+000
  0.21471564E+000
  0.21472106E+000
  0.21472603E+000
  0.21473056E+000
  0.21473465E+000
  0.21473835E+000
  0.21474165E+000
  0.21474458E+000
  0.21474717E+000
  0.21474942E+000
  0.21475136E+000
  0.21475303E+000
  0.21475444E+000
  0.21475561E+000
  0.21475657E+000
  0.21475733E+000
  0.21475793E+000
  0.21475837E+000
  0.21475867E+000
  0.21475885E+000
  0.21475893E+000
  0.21475890E+000
  0.21475880E+000
  0.21475863E+000
  0.21475840E+000
  0.21475811E+000
  0.21475779E+000
  0.21475743E+000
  0.21475705E+000
  0.21475665E+000
  0.21475624E+000
  0.21475583E+000
  0.21475541E+000
  0.21475500E+000
  0.21475459E+000
  0.21475420E+000
  0.21475382E+000
  0.21475345E+000
  0.21475311E+000
  0.21475278E+000
  0.21475247E+000
  0.21475219E+000
  0.21475193E+000
  0.21475169E+000
  0.21475148E+000
  0.21475129E+000
  0.21475112E+000
  0.21475098E+000
  0.21475086E+000
  0.21475076E+000
  0.21475068E+000
  0.21475063E+000
  0.21475059E+000
  0.21475058E+000
  0.21475058E+000
  0.21475060E+000
  0.21475064E+000
  0.21475070E+000
  0.21475077E+000
  0.21475086E+000
  0.21475095E+000
  0.21475107E+000
  0.21475119E+000
  0.21475132E+000
  0.21475146E+000
  0.21475161E+000
  0.21475176E+000
  0.21475192E+000
  0.21475208E+000
  0.21475225E+000
  0.21475242E+000
  0.21475259E+000
  0.21475276E+000
  0.21475293E+000
  0.21475310E+000
  0.21475326E+000
  0.21475343E+000
  0.21475359E+000
  0.21475374E+000
  0.21475390E+000
  0.21475405E+000
  0.21475419E+000
  0.21475434E+000
  0.21475447E+000
  0.21475460E+000
  0.21475473E+000
  0.21475485E+000
  0.21475497E+000
  0.21475509E+000
  0.21475520E+000
  0.21475530E+000
  0.21475540E+000
  0.21475550E+000
  0.21475559E+000
  0.21475568E+000
  0.21475577E+000
  0.21475585E+000
  0.21475593E+000
  0.21475600E+000
  0.21475607E+000
  0.21475614E+000
  0.21475621E+000
  0.21475627E+000
  0.21475634E+000
  0.21475640E+000
  0.21475645E+000
  0.21475651E+000
  0.21475656E+000
  0.21475661E+000
  0.21475666E+000
  0.21475670E+000
  0.21475675E+000
  0.21475679E+000
  0.21475683E+000
  0.21475687E+000
  0.21475691E+000
  0.21475694E+000
  0.21475698E+000
  0.21475701E+000
  0.21475704E+000
  0.21475707E+000
  0.21475710E+000
  0.21475713E+000
  0.21475715E+000
  0.21475718E+000
  0.21475720E+000
  0.21475723E+000
  0.21475725E+000
  0.21475727E+000
  0.21475729E+000
  0.21475730E+000
  0.21475732E+000
  0.21475734E+000
  0.21475735E+000
  0.21475737E+000
  0.21475738E+000
  0.21475739E+000
  0.21475740E+000
  0.21475742E+000
  0.21475743E+000
  0.21475744E+000
  0.21475744E+000
  0.21475745E+000
  0.21475746E+000
  0.21475747E+000
  0.21475748E+000
  0.21475749E+000
  0.21475749E+000
