  0.46626308E-001
  0.41784139E-001
  0.40683109E-001
  0.40650191E-001
  0.40940587E-001
  0.41488709E-001
  0.42140381E-001
  0.42764743E-001
  0.43290933E-001
  0.43710497E-001
  0.44078643E-001
  0.44412125E-001
  0.44715990E-001
  0.44990319E-001
  0.45236624E-001
  0.45457028E-001
  0.45652203E-001
  0.45823417E-001
  0.45973476E-001
  0.46103186E-001
  0.46214927E-001
  0.46310001E-001
  0.46390330E-001
  0.46457691E-001
  0.46513361E-001
  0.46558978E-001
  0.46595802E-001
  0.46625079E-001
  0.46647896E-001
  0.46665238E-001
  0.46677972E-001
  0.46686889E-001
  0.46692641E-001
  0.46695823E-001
  0.46696950E-001
  0.46696456E-001
  0.46694715E-001
  0.46692055E-001
  0.46688713E-001
  0.46684932E-001
  0.46680861E-001
  0.46676673E-001
  0.46672465E-001
  0.46668340E-001
  0.46664344E-001
  0.46660544E-001
  0.46656950E-001
  0.46653614E-001
  0.46650522E-001
  0.46647689E-001
  0.46645105E-001
  0.46642772E-001
  0.46640691E-001
  0.46638844E-001
  0.46637211E-001
  0.46635782E-001
  0.46634537E-001
  0.46633469E-001
  0.46632563E-001
  0.46631800E-001
  0.46631172E-001
  0.46630660E-001
  0.46630249E-001
  0.46629932E-001
  0.46629697E-001
  0.46629525E-001
  0.46629414E-001
  0.46629342E-001
  0.46629316E-001
  0.46629313E-001
  0.46629333E-001
  0.46629365E-001
  0.46629406E-001
  0.46629447E-001
  0.46629489E-001
  0.46629520E-001
  0.46629547E-001
  0.46629559E-001
  0.46629561E-001
  0.46629546E-001
  0.46629519E-001
  0.46629478E-001
  0.46629422E-001
  0.46629355E-001
  0.46629274E-001
  0.46629184E-001
  0.46629083E-001
  0.46628976E-001
  0.46628861E-001
  0.46628742E-001
  0.46628620E-001
  0.46628494E-001
  0.46628367E-001
  0.46628241E-001
  0.46628117E-001
  0.46627993E-001
  0.46627873E-001
  0.46627756E-001
  0.46627644E-001
  0.46627536E-001
  0.46627432E-001
  0.46627334E-001
  0.46627241E-001
  0.46627153E-001
  0.46627071E-001
  0.46626995E-001
  0.46626923E-001
  0.46626856E-001
  0.46626795E-001
  0.46626738E-001
  0.46626686E-001
  0.46626638E-001
  0.46626594E-001
  0.46626555E-001
  0.46626518E-001
  0.46626485E-001
  0.46626455E-001
  0.46626428E-001
  0.46626403E-001
  0.46626382E-001
  0.46626362E-001
  0.46626344E-001
  0.46626328E-001
  0.46626314E-001
  0.46626302E-001
  0.46626291E-001
  0.46626281E-001
  0.46626272E-001
  0.46626265E-001
  0.46626259E-001
  0.46626253E-001
  0.46626249E-001
  0.46626245E-001
  0.46626242E-001
  0.46626240E-001
  0.46626238E-001
  0.46626237E-001
  0.46626236E-001
  0.46626236E-001
  0.46626236E-001
  0.46626237E-001
  0.46626238E-001
  0.46626239E-001
  0.46626240E-001
  0.46626242E-001
  0.46626244E-001
  0.46626246E-001
  0.46626248E-001
  0.46626251E-001
  0.46626253E-001
  0.46626256E-001
  0.46626258E-001
  0.46626261E-001
  0.46626263E-001
  0.46626266E-001
  0.46626268E-001
  0.46626271E-001
  0.46626273E-001
  0.46626276E-001
  0.46626278E-001
  0.46626280E-001
  0.46626282E-001
  0.46626285E-001
  0.46626286E-001
  0.46626288E-001
  0.46626290E-001
  0.46626292E-001
  0.46626293E-001
  0.46626295E-001
  0.46626296E-001
  0.46626297E-001
  0.46626298E-001
  0.46626299E-001
  0.46626300E-001
  0.46626301E-001
  0.46626302E-001
  0.46626303E-001
  0.46626303E-001
  0.46626304E-001
  0.46626304E-001
  0.46626304E-001
  0.46626304E-001
  0.46626305E-001
  0.46626305E-001
  0.46626305E-001
  0.46626305E-001
  0.46626305E-001
  0.46626305E-001
  0.46626304E-001
  0.46626304E-001
  0.46626304E-001
  0.46626304E-001
  0.46626303E-001
  0.46626303E-001
  0.46626303E-001
  0.46626302E-001
  0.46626302E-001
  0.46626303E-001
  0.46626307E-001
  0.46626303E-001
