  0.86193873E+000
  0.86110244E+000
  0.86053725E+000
  0.86013273E+000
  0.85983916E+000
  0.85962640E+000
  0.85947553E+000
  0.85937338E+000
  0.85930975E+000
  0.85927680E+000
  0.85926801E+000
  0.85927841E+000
  0.85930399E+000
  0.85934153E+000
  0.85938854E+000
  0.85944302E+000
  0.85950336E+000
  0.85956824E+000
  0.85963657E+000
  0.85970740E+000
  0.85978000E+000
  0.85985371E+000
  0.85992803E+000
  0.86000254E+000
  0.86007686E+000
  0.86015071E+000
  0.86022383E+000
  0.86029602E+000
  0.86036711E+000
  0.86043696E+000
  0.86050544E+000
  0.86057244E+000
  0.86063791E+000
  0.86070177E+000
  0.86076398E+000
  0.86082451E+000
  0.86088333E+000
  0.86094043E+000
  0.86099578E+000
  0.86104938E+000
  0.86110122E+000
  0.86115131E+000
  0.86119964E+000
  0.86124620E+000
  0.86129102E+000
  0.86133408E+000
  0.86137539E+000
  0.86141497E+000
  0.86145282E+000
  0.86148894E+000
  0.86152335E+000
  0.86155606E+000
  0.86158710E+000
  0.86161647E+000
  0.86164421E+000
  0.86167033E+000
  0.86169487E+000
  0.86171786E+000
  0.86173935E+000
  0.86175936E+000
  0.86177796E+000
  0.86179519E+000
  0.86181110E+000
  0.86182574E+000
  0.86183918E+000
  0.86185148E+000
  0.86186269E+000
  0.86187287E+000
  0.86188209E+000
  0.86189041E+000
  0.86189789E+000
  0.86190458E+000
  0.86191055E+000
  0.86191584E+000
  0.86192052E+000
  0.86192464E+000
  0.86192823E+000
  0.86193136E+000
  0.86193406E+000
  0.86193637E+000
  0.86193833E+000
  0.86193999E+000
  0.86194137E+000
  0.86194250E+000
  0.86194341E+000
  0.86194413E+000
  0.86194468E+000
  0.86194510E+000
  0.86194538E+000
  0.86194556E+000
  0.86194565E+000
  0.86194567E+000
  0.86194562E+000
  0.86194552E+000
  0.86194538E+000
  0.86194521E+000
  0.86194502E+000
  0.86194480E+000
  0.86194458E+000
  0.86194435E+000
  0.86194412E+000
  0.86194388E+000
  0.86194365E+000
  0.86194342E+000
  0.86194320E+000
  0.86194299E+000
  0.86194278E+000
  0.86194258E+000
  0.86194239E+000
  0.86194221E+000
  0.86194204E+000
  0.86194188E+000
  0.86194172E+000
  0.86194158E+000
  0.86194144E+000
  0.86194131E+000
  0.86194119E+000
  0.86194107E+000
  0.86194096E+000
  0.86194085E+000
  0.86194076E+000
  0.86194066E+000
  0.86194057E+000
  0.86194049E+000
  0.86194041E+000
  0.86194033E+000
  0.86194025E+000
  0.86194018E+000
  0.86194012E+000
  0.86194005E+000
  0.86193999E+000
  0.86193993E+000
  0.86193987E+000
  0.86193982E+000
  0.86193976E+000
  0.86193971E+000
  0.86193966E+000
  0.86193962E+000
  0.86193957E+000
  0.86193952E+000
  0.86193948E+000
  0.86193944E+000
  0.86193940E+000
  0.86193936E+000
  0.86193932E+000
  0.86193929E+000
  0.86193925E+000
  0.86193922E+000
  0.86193918E+000
  0.86193915E+000
  0.86193912E+000
  0.86193909E+000
  0.86193906E+000
  0.86193904E+000
  0.86193901E+000
  0.86193898E+000
  0.86193896E+000
  0.86193894E+000
  0.86193891E+000
  0.86193889E+000
  0.86193887E+000
  0.86193885E+000
  0.86193883E+000
  0.86193882E+000
  0.86193880E+000
  0.86193878E+000
  0.86193877E+000
  0.86193875E+000
  0.86193874E+000
  0.86193873E+000
  0.86193871E+000
  0.86193870E+000
  0.86193869E+000
  0.86193868E+000
  0.86193867E+000
  0.86193866E+000
  0.86193865E+000
  0.86193865E+000
  0.86193864E+000
  0.86193863E+000
  0.86193863E+000
  0.86193862E+000
  0.86193862E+000
  0.86193861E+000
  0.86193861E+000
  0.86193860E+000
  0.86193860E+000
  0.86193860E+000
  0.86193860E+000
  0.86193859E+000
  0.86193859E+000
  0.86193859E+000
  0.86193859E+000
  0.86193859E+000
  0.86193859E+000
  0.86193859E+000
  0.86193859E+000
  0.86193858E+000
  0.86193858E+000
  0.86193857E+000
