  0.46093063E+000
  0.46082809E+000
  0.46070056E+000
  0.46058710E+000
  0.46049106E+000
  0.46040840E+000
  0.46033888E+000
  0.46027955E+000
  0.46022990E+000
  0.46018582E+000
  0.46014837E+000
  0.46011679E+000
  0.46008792E+000
  0.46006350E+000
  0.46004310E+000
  0.46002564E+000
  0.46000945E+000
  0.45999521E+000
  0.45998353E+000
  0.45997317E+000
  0.45996414E+000
  0.45995641E+000
  0.45994911E+000
  0.45994283E+000
  0.45993589E+000
  0.45993097E+000
  0.45992642E+000
  0.45992226E+000
  0.45991835E+000
  0.45991465E+000
  0.45991138E+000
  0.45990849E+000
  0.45990580E+000
  0.45990328E+000
  0.45990087E+000
  0.45989866E+000
  0.45989662E+000
  0.45989467E+000
  0.45989283E+000
  0.45989109E+000
  0.45988944E+000
  0.45988792E+000
  0.45988648E+000
  0.45988515E+000
  0.45988386E+000
  0.45988266E+000
  0.45988154E+000
  0.45988045E+000
  0.45987953E+000
  0.45987870E+000
  0.45987783E+000
  0.45987710E+000
  0.45987636E+000
  0.45987579E+000
  0.45987543E+000
  0.45987491E+000
  0.45987444E+000
  0.45987411E+000
  0.45987370E+000
  0.45987340E+000
  0.45987315E+000
  0.45987295E+000
  0.45987281E+000
  0.45987267E+000
  0.45987261E+000
  0.45987260E+000
  0.45987260E+000
  0.45987268E+000
  0.45987273E+000
  0.45987286E+000
  0.45987308E+000
  0.45987322E+000
  0.45987344E+000
  0.45987365E+000
  0.45987389E+000
  0.45987410E+000
  0.45987433E+000
  0.45987457E+000
  0.45987481E+000
  0.45987506E+000
  0.45987533E+000
  0.45987561E+000
  0.45987587E+000
  0.45987613E+000
  0.45987638E+000
  0.45987659E+000
  0.45987683E+000
  0.45987707E+000
  0.45987737E+000
  0.45987762E+000
  0.45987786E+000
  0.45987809E+000
  0.45987832E+000
  0.45987855E+000
  0.45987877E+000
  0.45987898E+000
  0.45987920E+000
  0.45987940E+000
  0.45987963E+000
  0.45987984E+000
  0.45988002E+000
  0.45988020E+000
  0.45988038E+000
  0.45988054E+000
  0.45988072E+000
  0.45988088E+000
  0.45988104E+000
  0.45988119E+000
  0.45988133E+000
  0.45988148E+000
  0.45988162E+000
  0.45988175E+000
  0.45988188E+000
  0.45988200E+000
  0.45988212E+000
  0.45988223E+000
  0.45988234E+000
  0.45988245E+000
  0.45988255E+000
  0.45988262E+000
  0.45988272E+000
  0.45988280E+000
  0.45988288E+000
  0.45988296E+000
  0.45988303E+000
  0.45988310E+000
  0.45988316E+000
  0.45988322E+000
  0.45988327E+000
  0.45988332E+000
  0.45988336E+000
  0.45988339E+000
  0.45988342E+000
  0.45988344E+000
  0.45988346E+000
  0.45988347E+000
  0.45988348E+000
  0.45988348E+000
  0.45988347E+000
  0.45988346E+000
  0.45988344E+000
  0.45988341E+000
  0.45988338E+000
  0.45988335E+000
  0.45988330E+000
  0.45988325E+000
  0.45988320E+000
  0.45988314E+000
  0.45988307E+000
  0.45988300E+000
  0.45988292E+000
  0.45988284E+000
  0.45988275E+000
  0.45988265E+000
  0.45988256E+000
  0.45988245E+000
  0.45988234E+000
  0.45988223E+000
  0.45988211E+000
  0.45988198E+000
  0.45988186E+000
  0.45988172E+000
  0.45988159E+000
  0.45988145E+000
  0.45988130E+000
  0.45988116E+000
  0.45988101E+000
  0.45988085E+000
  0.45988070E+000
  0.45988054E+000
  0.45988038E+000
  0.45988022E+000
  0.45988005E+000
  0.45987989E+000
  0.45987972E+000
  0.45987955E+000
  0.45987938E+000
  0.45987921E+000
  0.45987904E+000
  0.45987887E+000
  0.45987870E+000
  0.45987853E+000
  0.45987835E+000
  0.45987818E+000
  0.45987801E+000
  0.45987784E+000
  0.45987767E+000
  0.45987750E+000
  0.45987734E+000
  0.45987717E+000
  0.45987701E+000
  0.45987684E+000
  0.45987668E+000
  0.45987652E+000
  0.45987636E+000
  0.45987621E+000
  0.45987605E+000
  0.45987590E+000
  0.45987575E+000
  0.45987560E+000
