  0.35594342E+000
  0.35604912E+000
  0.35619776E+000
  0.35633305E+000
  0.35644996E+000
  0.35654966E+000
  0.35663442E+000
  0.35670758E+000
  0.35677046E+000
  0.35682410E+000
  0.35687077E+000
  0.35691143E+000
  0.35694637E+000
  0.35697666E+000
  0.35700376E+000
  0.35702716E+000
  0.35704752E+000
  0.35706578E+000
  0.35708106E+000
  0.35709545E+000
  0.35710781E+000
  0.35711897E+000
  0.35712914E+000
  0.35713771E+000
  0.35714575E+000
  0.35715346E+000
  0.35716024E+000
  0.35716623E+000
  0.35717188E+000
  0.35717702E+000
  0.35718186E+000
  0.35718624E+000
  0.35719041E+000
  0.35719427E+000
  0.35719792E+000
  0.35720130E+000
  0.35720449E+000
  0.35720753E+000
  0.35721037E+000
  0.35721306E+000
  0.35721560E+000
  0.35721800E+000
  0.35722027E+000
  0.35722239E+000
  0.35722442E+000
  0.35722634E+000
  0.35722813E+000
  0.35722983E+000
  0.35723146E+000
  0.35723295E+000
  0.35723435E+000
  0.35723564E+000
  0.35723684E+000
  0.35723796E+000
  0.35723898E+000
  0.35723991E+000
  0.35724077E+000
  0.35724155E+000
  0.35724225E+000
  0.35724298E+000
  0.35724354E+000
  0.35724403E+000
  0.35724443E+000
  0.35724480E+000
  0.35724511E+000
  0.35724541E+000
  0.35724563E+000
  0.35724580E+000
  0.35724593E+000
  0.35724602E+000
  0.35724607E+000
  0.35724609E+000
  0.35724608E+000
  0.35724607E+000
  0.35724602E+000
  0.35724596E+000
  0.35724589E+000
  0.35724583E+000
  0.35724575E+000
  0.35724567E+000
  0.35724558E+000
  0.35724548E+000
  0.35724539E+000
  0.35724529E+000
  0.35724520E+000
  0.35724511E+000
  0.35724503E+000
  0.35724496E+000
  0.35724487E+000
  0.35724481E+000
  0.35724479E+000
  0.35724475E+000
  0.35724472E+000
  0.35724469E+000
  0.35724467E+000
  0.35724466E+000
  0.35724466E+000
  0.35724466E+000
  0.35724467E+000
  0.35724468E+000
  0.35724470E+000
  0.35724472E+000
  0.35724464E+000
  0.35724467E+000
  0.35724471E+000
  0.35724475E+000
  0.35724479E+000
  0.35724484E+000
  0.35724489E+000
  0.35724495E+000
  0.35724500E+000
  0.35724506E+000
  0.35724512E+000
  0.35724518E+000
  0.35724524E+000
  0.35724530E+000
  0.35724536E+000
  0.35724542E+000
  0.35724547E+000
  0.35724553E+000
  0.35724559E+000
  0.35724564E+000
  0.35724570E+000
  0.35724575E+000
  0.35724580E+000
  0.35724584E+000
  0.35724588E+000
  0.35724592E+000
  0.35724596E+000
  0.35724599E+000
  0.35724602E+000
  0.35724605E+000
  0.35724607E+000
  0.35724608E+000
  0.35724609E+000
  0.35724610E+000
  0.35724610E+000
  0.35724610E+000
  0.35724609E+000
  0.35724608E+000
  0.35724606E+000
  0.35724603E+000
  0.35724600E+000
  0.35724596E+000
  0.35724592E+000
  0.35724587E+000
  0.35724581E+000
  0.35724575E+000
  0.35724569E+000
  0.35724561E+000
  0.35724553E+000
  0.35724545E+000
  0.35724535E+000
  0.35724526E+000
  0.35724515E+000
  0.35724504E+000
  0.35724493E+000
  0.35724481E+000
  0.35724468E+000
  0.35724455E+000
  0.35724441E+000
  0.35724427E+000
  0.35724412E+000
  0.35724397E+000
  0.35724381E+000
  0.35724365E+000
  0.35724348E+000
  0.35724331E+000
  0.35724314E+000
  0.35724296E+000
  0.35724278E+000
  0.35724260E+000
  0.35724242E+000
  0.35724223E+000
  0.35724204E+000
  0.35724185E+000
  0.35724165E+000
  0.35724146E+000
  0.35724126E+000
  0.35724106E+000
  0.35724086E+000
  0.35724066E+000
  0.35724047E+000
  0.35724027E+000
  0.35724007E+000
  0.35723987E+000
  0.35723967E+000
  0.35723947E+000
  0.35723927E+000
  0.35723908E+000
  0.35723888E+000
  0.35723869E+000
  0.35723850E+000
  0.35723831E+000
  0.35723812E+000
  0.35723793E+000
  0.35723775E+000
  0.35723757E+000
  0.35723739E+000
  0.35723721E+000
