 -0.93136838E+000 -0.83200798E+000 -0.54954850E+000 -0.18462065E+000 -0.52196989E-002  0.96542082E-003  0.91442160E+000  0.45470511E+001  0.88191833E+001  0.15860427E+002  0.21714189E+002
 -0.92985305E+000 -0.82998915E+000 -0.54666552E+000 -0.18071042E+000 -0.40471957E-002  0.10839210E-002  0.91730138E+000  0.45506299E+001  0.88223211E+001  0.15864835E+002  0.21717536E+002
 -0.92870486E+000 -0.82840643E+000 -0.54427285E+000 -0.17770080E+000 -0.36985642E-002  0.11042162E-002  0.91953481E+000  0.45535145E+001  0.88248692E+001  0.15868374E+002  0.21720246E+002
 -0.92783489E+000 -0.82717419E+000 -0.54227390E+000 -0.17538283E+000 -0.37012144E-002  0.11045099E-002  0.92127315E+000  0.45558512E+001  0.88269570E+001  0.15871247E+002  0.21722461E+002
 -0.92718348E+000 -0.82623365E+000 -0.54067107E+000 -0.17360934E+000 -0.38349164E-002  0.10986333E-002  0.92262013E+000  0.45577365E+001  0.88286694E+001  0.15873587E+002  0.21724276E+002
 -0.92670362E+000 -0.82553224E+000 -0.53941410E+000 -0.17227517E+000 -0.39989112E-002  0.10907785E-002  0.92365541E+000  0.45592478E+001  0.88300737E+001  0.15875493E+002  0.21725766E+002
 -0.92636098E+000 -0.82502438E+000 -0.53844526E+000 -0.17130245E+000 -0.41556064E-002  0.10822440E-002  0.92443852E+000  0.45604458E+001  0.88312205E+001  0.15877041E+002  0.21726986E+002
 -0.92612862E+000 -0.82467084E+000 -0.53771469E+000 -0.17062587E+000 -0.42983269E-002  0.10734772E-002  0.92501738E+000  0.45613822E+001  0.88321514E+001  0.15878291E+002  0.21727985E+002
 -0.92598287E+000 -0.82444053E+000 -0.53718067E+000 -0.17019259E+000 -0.44209542E-002  0.10649558E-002  0.92542977E+000  0.45621010E+001  0.88328997E+001  0.15879293E+002  0.21728798E+002
 -0.92590587E+000 -0.82430846E+000 -0.53680983E+000 -0.16996021E+000 -0.45281410E-002  0.10567458E-002  0.92570529E+000  0.45626378E+001  0.88334920E+001  0.15880087E+002  0.21729454E+002
 -0.92588129E+000 -0.82425431E+000 -0.53657332E+000 -0.16989145E+000 -0.46203099E-002  0.10489839E-002  0.92586913E+000  0.45630237E+001  0.88339518E+001  0.15880707E+002  0.21729981E+002
 -0.92589844E+000 -0.82426085E+000 -0.53644807E+000 -0.16995476E+000 -0.46978442E-002  0.10417855E-002  0.92594131E+000  0.45632837E+001  0.88342984E+001  0.15881179E+002  0.21730397E+002
 -0.92594741E+000 -0.82431494E+000 -0.53641574E+000 -0.17012452E+000 -0.47627850E-002  0.10352257E-002  0.92593826E+000  0.45634388E+001  0.88345480E+001  0.15881527E+002  0.21730719E+002
 -0.92602053E+000 -0.82440553E+000 -0.53645977E+000 -0.17037945E+000 -0.48169402E-002  0.10292958E-002  0.92587374E+000  0.45635064E+001  0.88347149E+001  0.15881769E+002  0.21730963E+002
 -0.92611167E+000 -0.82452389E+000 -0.53656662E+000 -0.17070214E+000 -0.48624872E-002  0.10239467E-002  0.92575892E+000  0.45635008E+001  0.88348111E+001  0.15881921E+002  0.21731138E+002
 -0.92621610E+000 -0.82466334E+000 -0.53672496E+000 -0.17107813E+000 -0.49013684E-002  0.10191183E-002  0.92560292E+000  0.45634338E+001  0.88348469E+001  0.15881994E+002  0.21731256E+002
 -0.92633009E+000 -0.82481830E+000 -0.53692552E+000 -0.17149512E+000 -0.49348432E-002  0.10147674E-002  0.92541354E+000  0.45633151E+001  0.88348309E+001  0.15882002E+002  0.21731324E+002
 -0.92645083E+000 -0.82498438E+000 -0.53716057E+000 -0.17194293E+000 -0.49641188E-002  0.10108311E-002  0.92519718E+000  0.45631530E+001  0.88347709E+001  0.15881951E+002  0.21731349E+002
 -0.92657629E+000 -0.82515822E+000 -0.53742346E+000 -0.17241335E+000 -0.49901942E-002  0.10072388E-002  0.92495906E+000  0.45629541E+001  0.88346730E+001  0.15881851E+002  0.21731336E+002
 -0.92670478E+000 -0.82533704E+000 -0.53770841E+000 -0.17289920E+000 -0.50135983E-002  0.10039534E-002  0.92470372E+000  0.45627242E+001  0.88345429E+001  0.15881706E+002  0.21731290E+002
 -0.92683503E+000 -0.82551901E+000 -0.53801071E+000 -0.17339473E+000 -0.50348298E-002  0.10009289E-002  0.92443483E+000  0.45624681E+001  0.88343850E+001  0.15881524E+002  0.21731215E+002
 -0.92696617E+000 -0.82570245E+000 -0.53832631E+000 -0.17389495E+000 -0.50541569E-002  0.99813932E-003  0.92415554E+000  0.45621900E+001  0.88342034E+001  0.15881309E+002  0.21731115E+002
 -0.92709757E+000 -0.82588618E+000 -0.53865189E+000 -0.17439577E+000 -0.50718240E-002  0.99555716E-003  0.92386844E+000  0.45618932E+001  0.88340013E+001  0.15881063E+002  0.21730991E+002
 -0.92722869E+000 -0.82606937E+000 -0.53898467E+000 -0.17489381E+000 -0.50880001E-002  0.99316206E-003  0.92357570E+000  0.45615807E+001  0.88337813E+001  0.15880792E+002  0.21730846E+002
 -0.92735912E+000 -0.82625141E+000 -0.53932228E+000 -0.17538620E+000 -0.51027853E-002  0.99094175E-003  0.92327918E+000  0.45612552E+001  0.88335460E+001  0.15880497E+002  0.21730683E+002
 -0.92748858E+000 -0.82643191E+000 -0.53966280E+000 -0.17587057E+000 -0.51163028E-002  0.98887970E-003  0.92298041E+000  0.45609187E+001  0.88332971E+001  0.15880181E+002  0.21730501E+002
 -0.92761686E+000 -0.82661061E+000 -0.54000460E+000 -0.17634495E+000 -0.51286230E-002  0.98696608E-003  0.92268069E+000  0.45605732E+001  0.88330364E+001  0.15879846E+002  0.21730304E+002
 -0.92774383E+000 -0.82678738E+000 -0.54034636E+000 -0.17680768E+000 -0.51398168E-002  0.98519139E-003  0.92238111E+000  0.45602205E+001  0.88327650E+001  0.15879495E+002  0.21730092E+002
 -0.92786940E+000 -0.82696216E+000 -0.54068697E+000 -0.17725739E+000 -0.51498890E-002  0.98355374E-003  0.92208261E+000  0.45598620E+001  0.88324842E+001  0.15879127E+002  0.21729865E+002
 -0.92799350E+000 -0.82713495E+000 -0.54102551E+000 -0.17769296E+000 -0.51584322E-002  0.98209510E-003  0.92178598E+000  0.45594989E+001  0.88321949E+001  0.15878746E+002  0.21729624E+002
 -0.92811610E+000 -0.82730578E+000 -0.54136125E+000 -0.17811348E+000 -0.51656792E-002  0.98079088E-003  0.92149189E+000  0.45591324E+001  0.88318979E+001  0.15878352E+002  0.21729370E+002
 -0.92823719E+000 -0.82747475E+000 -0.54169357E+000 -0.17851826E+000 -0.51718385E-002  0.97961925E-003  0.92120092E+000  0.45587636E+001  0.88315937E+001  0.15877947E+002  0.21729104E+002
 -0.92835676E+000 -0.82764192E+000 -0.54202195E+000 -0.17890676E+000 -0.51770883E-002  0.97856169E-003  0.92091357E+000  0.45583933E+001  0.88312830E+001  0.15877531E+002  0.21728824E+002
 -0.92847481E+000 -0.82780739E+000 -0.54234599E+000 -0.17927861E+000 -0.51815826E-002  0.97760205E-003  0.92063029E+000  0.45580223E+001  0.88309663E+001  0.15877106E+002  0.21728533E+002
 -0.92859135E+000 -0.82797123E+000 -0.54266533E+000 -0.17963362E+000 -0.51854510E-002  0.97672660E-003  0.92035146E+000  0.45576514E+001  0.88306440E+001  0.15876673E+002  0.21728229E+002
 -0.92870638E+000 -0.82813352E+000 -0.54297967E+000 -0.17997170E+000 -0.51888012E-002  0.97592384E-003  0.92007743E+000  0.45572812E+001  0.88303167E+001  0.15876233E+002  0.21727913E+002
 -0.92881991E+000 -0.82829429E+000 -0.54328876E+000 -0.18029291E+000 -0.51917226E-002  0.97518408E-003  0.91980850E+000  0.45569122E+001  0.88299846E+001  0.15875787E+002  0.21727586E+002
 -0.92893192E+000 -0.82845357E+000 -0.54359237E+000 -0.18059742E+000 -0.51942894E-002  0.97449914E-003  0.91954495E+000  0.45565450E+001  0.88296484E+001  0.15875335E+002  0.21727247E+002
 -0.92904242E+000 -0.82861135E+000 -0.54389026E+000 -0.18088552E+000 -0.51965602E-002  0.97386258E-003  0.91928704E+000  0.45561800E+001  0.88293085E+001  0.15874879E+002  0.21726897E+002
 -0.92915136E+000 -0.82876760E+000 -0.54418223E+000 -0.18115756E+000 -0.51985853E-002  0.97326863E-003  0.91903501E+000  0.45558178E+001  0.88289654E+001  0.15874419E+002  0.21726536E+002
 -0.92925872E+000 -0.82892224E+000 -0.54446806E+000 -0.18141399E+000 -0.52004025E-002  0.97271304E-003  0.91878909E+000  0.45554588E+001  0.88286196E+001  0.15873956E+002  0.21726165E+002
 -0.92936443E+000 -0.82907518E+000 -0.54474754E+000 -0.18165532E+000 -0.52020456E-002  0.97219180E-003  0.91854947E+000  0.45551033E+001  0.88282719E+001  0.15873491E+002  0.21725785E+002
 -0.92946844E+000 -0.82922626E+000 -0.54502043E+000 -0.18188210E+000 -0.52035392E-002  0.97170203E-003  0.91831636E+000  0.45547518E+001  0.88279229E+001  0.15873025E+002  0.21725395E+002
 -0.92957067E+000 -0.82937532E+000 -0.54528650E+000 -0.18209493E+000 -0.52049047E-002  0.97124110E-003  0.91808993E+000  0.45544046E+001  0.88275732E+001  0.15872559E+002  0.21724998E+002
 -0.92967101E+000 -0.82952215E+000 -0.54554549E+000 -0.18229442E+000 -0.52061576E-002  0.97080713E-003  0.91787036E+000  0.45540622E+001  0.88272236E+001  0.15872092E+002  0.21724595E+002
 -0.92976937E+000 -0.82966652E+000 -0.54579715E+000 -0.18248119E+000 -0.52073125E-002  0.97039826E-003  0.91765780E+000  0.45537250E+001  0.88268749E+001  0.15871626E+002  0.21724185E+002
 -0.92986561E+000 -0.82980817E+000 -0.54604121E+000 -0.18265586E+000 -0.52083786E-002  0.97001328E-003  0.91745239E+000  0.45533933E+001  0.88265280E+001  0.15871161E+002  0.21723771E+002
 -0.92995961E+000 -0.82994682E+000 -0.54627742E+000 -0.18281905E+000 -0.52093666E-002  0.96965072E-003  0.91725426E+000  0.45530675E+001  0.88261835E+001  0.15870697E+002  0.21723354E+002
 -0.93005123E+000 -0.83008218E+000 -0.54650552E+000 -0.18297135E+000 -0.52102820E-002  0.96930980E-003  0.91706351E+000  0.45527480E+001  0.88258422E+001  0.15870236E+002  0.21722935E+002
 -0.93014031E+000 -0.83021395E+000 -0.54672526E+000 -0.18311335E+000 -0.52111316E-002  0.96898948E-003  0.91688023E+000  0.45524353E+001  0.88255050E+001  0.15869778E+002  0.21722515E+002
 -0.93022670E+000 -0.83034184E+000 -0.54693640E+000 -0.18324559E+000 -0.52119199E-002  0.96868901E-003  0.91670448E+000  0.45521296E+001  0.88251726E+001  0.15869324E+002  0.21722097E+002
 -0.93031026E+000 -0.83046555E+000 -0.54713873E+000 -0.18336860E+000 -0.52126516E-002  0.96840756E-003  0.91653632E+000  0.45518313E+001  0.88248457E+001  0.15868874E+002  0.21721680E+002
 -0.93039083E+000 -0.83058482E+000 -0.54733208E+000 -0.18348288E+000 -0.52133308E-002  0.96814433E-003  0.91637576E+000  0.45515409E+001  0.88245249E+001  0.15868429E+002  0.21721268E+002
 -0.93046828E+000 -0.83069937E+000 -0.54751628E+000 -0.18358892E+000 -0.52139605E-002  0.96789866E-003  0.91622280E+000  0.45512586E+001  0.88242108E+001  0.15867990E+002  0.21720860E+002
 -0.93054247E+000 -0.83080899E+000 -0.54769123E+000 -0.18368715E+000 -0.52145431E-002  0.96766993E-003  0.91607742E+000  0.45509846E+001  0.88239041E+001  0.15867557E+002  0.21720458E+002
 -0.93061329E+000 -0.83091346E+000 -0.54785683E+000 -0.18377802E+000 -0.52150815E-002  0.96745741E-003  0.91593955E+000  0.45507194E+001  0.88236051E+001  0.15867132E+002  0.21720064E+002
 -0.93068063E+000 -0.83101263E+000 -0.54801307E+000 -0.18386192E+000 -0.52155778E-002  0.96726046E-003  0.91580914E+000  0.45504632E+001  0.88233144E+001  0.15866715E+002  0.21719678E+002
 -0.93074443E+000 -0.83110637E+000 -0.54815995E+000 -0.18393925E+000 -0.52160348E-002  0.96707829E-003  0.91568606E+000  0.45502161E+001  0.88230324E+001  0.15866306E+002  0.21719302E+002
 -0.93080462E+000 -0.83119459E+000 -0.54829753E+000 -0.18401039E+000 -0.52164546E-002  0.96691024E-003  0.91557020E+000  0.45499785E+001  0.88227594E+001  0.15865908E+002  0.21718936E+002
 -0.93086117E+000 -0.83127726E+000 -0.54842592E+000 -0.18407569E+000 -0.52168392E-002  0.96675561E-003  0.91546141E+000  0.45497503E+001  0.88224958E+001  0.15865520E+002  0.21718582E+002
 -0.93091408E+000 -0.83135438E+000 -0.54854527E+000 -0.18413551E+000 -0.52171908E-002  0.96661363E-003  0.91535951E+000  0.45495319E+001  0.88222418E+001  0.15865143E+002  0.21718239E+002
 -0.93096335E+000 -0.83142599E+000 -0.54865579E+000 -0.18419017E+000 -0.52175111E-002  0.96648366E-003  0.91526430E+000  0.45493231E+001  0.88219976E+001  0.15864779E+002  0.21717909E+002
 -0.93100904E+000 -0.83149218E+000 -0.54875770E+000 -0.18423999E+000 -0.52178020E-002  0.96636498E-003  0.91517559E+000  0.45491242E+001  0.88217636E+001  0.15864427E+002  0.21717593E+002
 -0.93105121E+000 -0.83155309E+000 -0.54885130E+000 -0.18428529E+000 -0.52180656E-002  0.96625687E-003  0.91509314E+000  0.45489352E+001  0.88215398E+001  0.15864089E+002  0.21717290E+002
 -0.93108994E+000 -0.83160885E+000 -0.54893688E+000 -0.18432637E+000 -0.52183038E-002  0.96615862E-003  0.91501670E+000  0.45487559E+001  0.88213264E+001  0.15863765E+002  0.21717002E+002
 -0.93112535E+000 -0.83165968E+000 -0.54901480E+000 -0.18436351E+000 -0.52185178E-002  0.96606965E-003  0.91494604E+000  0.45485865E+001  0.88211234E+001  0.15863455E+002  0.21716728E+002
 -0.93115755E+000 -0.83170577E+000 -0.54908543E+000 -0.18439698E+000 -0.52187099E-002  0.96598923E-003  0.91488088E+000  0.45484268E+001  0.88209311E+001  0.15863160E+002  0.21716468E+002
 -0.93118669E+000 -0.83174737E+000 -0.54914915E+000 -0.18442706E+000 -0.52188809E-002  0.96591684E-003  0.91482097E+000  0.45482766E+001  0.88207493E+001  0.15862881E+002  0.21716224E+002
 -0.93121293E+000 -0.83178472E+000 -0.54920636E+000 -0.18445399E+000 -0.52190331E-002  0.96585175E-003  0.91476604E+000  0.45481360E+001  0.88205781E+001  0.15862617E+002  0.21715995E+002
 -0.93123642E+000 -0.83181809E+000 -0.54925748E+000 -0.18447801E+000 -0.52191674E-002  0.96579353E-003  0.91471581E+000  0.45480046E+001  0.88204174E+001  0.15862369E+002  0.21715780E+002
 -0.93125733E+000 -0.83184775E+000 -0.54930292E+000 -0.18449936E+000 -0.52192856E-002  0.96574155E-003  0.91467003E+000  0.45478824E+001  0.88202671E+001  0.15862137E+002  0.21715580E+002
 -0.93127585E+000 -0.83187397E+000 -0.54934310E+000 -0.18451824E+000 -0.52193885E-002  0.96569537E-003  0.91462843E+000  0.45477691E+001  0.88201271E+001  0.15861921E+002  0.21715395E+002
 -0.93129215E+000 -0.83189702E+000 -0.54937843E+000 -0.18453488E+000 -0.52194777E-002  0.96565446E-003  0.91459075E+000  0.45476644E+001  0.88199973E+001  0.15861720E+002  0.21715224E+002
 -0.93130641E+000 -0.83191717E+000 -0.54940933E+000 -0.18454945E+000 -0.52195541E-002  0.96561843E-003  0.91455675E+000  0.45475682E+001  0.88198773E+001  0.15861535E+002  0.21715066E+002
 -0.93131880E+000 -0.83193467E+000 -0.54943617E+000 -0.18456216E+000 -0.52196192E-002  0.96558678E-003  0.91452618E+000  0.45474800E+001  0.88197670E+001  0.15861365E+002  0.21714922E+002
 -0.93132949E+000 -0.83194978E+000 -0.54945933E+000 -0.18457316E+000 -0.52196735E-002  0.96555921E-003  0.91449881E+000  0.45473997E+001  0.88196660E+001  0.15861209E+002  0.21714791E+002
 -0.93133865E+000 -0.83196273E+000 -0.54947918E+000 -0.18458263E+000 -0.52197184E-002  0.96553527E-003  0.91447441E+000  0.45473268E+001  0.88195741E+001  0.15861068E+002  0.21714673E+002
 -0.93134643E+000 -0.83197375E+000 -0.54949606E+000 -0.18459072E+000 -0.52197546E-002  0.96551468E-003  0.91445277E+000  0.45472611E+001  0.88194908E+001  0.15860940E+002  0.21714566E+002
 -0.93135298E+000 -0.83198305E+000 -0.54951029E+000 -0.18459758E+000 -0.52197832E-002  0.96549707E-003  0.91443368E+000  0.45472021E+001  0.88194158E+001  0.15860826E+002  0.21714470E+002
 -0.93135844E+000 -0.83199082E+000 -0.54952216E+000 -0.18460332E+000 -0.52198048E-002  0.96548220E-003  0.91441694E+000  0.45471495E+001  0.88193487E+001  0.15860723E+002  0.21714385E+002
 -0.93136294E+000 -0.83199725E+000 -0.54953196E+000 -0.18460809E+000 -0.52198203E-002  0.96546974E-003  0.91440236E+000  0.45471030E+001  0.88192890E+001  0.15860632E+002  0.21714310E+002
 -0.93136660E+000 -0.83200251E+000 -0.54953995E+000 -0.18461200E+000 -0.52198305E-002  0.96545945E-003  0.91438976E+000  0.45470621E+001  0.88192362E+001  0.15860552E+002  0.21714244E+002
 -0.93136953E+000 -0.83200675E+000 -0.54954636E+000 -0.18461514E+000 -0.52198360E-002  0.96545110E-003  0.91437898E+000  0.45470263E+001  0.88191900E+001  0.15860482E+002  0.21714186E+002
 -0.93137183E+000 -0.83201011E+000 -0.54955140E+000 -0.18461763E+000 -0.52198375E-002  0.96544445E-003  0.91436984E+000  0.45469955E+001  0.88191499E+001  0.15860421E+002  0.21714136E+002
 -0.93137360E+000 -0.83201270E+000 -0.54955527E+000 -0.18461954E+000 -0.52198354E-002  0.96543932E-003  0.91436219E+000  0.45469691E+001  0.88191153E+001  0.15860369E+002  0.21714094E+002
 -0.93137490E+000 -0.83201465E+000 -0.54955814E+000 -0.18462096E+000 -0.52198306E-002  0.96543550E-003  0.91435588E+000  0.45469467E+001  0.88190858E+001  0.15860325E+002  0.21714057E+002
 -0.93137583E+000 -0.83201606E+000 -0.54956017E+000 -0.18462195E+000 -0.52198233E-002  0.96543283E-003  0.91435078E+000  0.45469280E+001  0.88190610E+001  0.15860287E+002  0.21714027E+002
 -0.93137643E+000 -0.83201701E+000 -0.54956149E+000 -0.18462260E+000 -0.52198141E-002  0.96543112E-003  0.91434676E+000  0.45469127E+001  0.88190404E+001  0.15860256E+002  0.21714002E+002
 -0.93137676E+000 -0.83201758E+000 -0.54956223E+000 -0.18462294E+000 -0.52198033E-002  0.96543027E-003  0.91434368E+000  0.45469003E+001  0.88190235E+001  0.15860230E+002  0.21713981E+002
 -0.93137688E+000 -0.83201784E+000 -0.54956249E+000 -0.18462304E+000 -0.52197915E-002  0.96543011E-003  0.91434145E+000  0.45468906E+001  0.88190100E+001  0.15860210E+002  0.21713965E+002
 -0.93137683E+000 -0.83201784E+000 -0.54956237E+000 -0.18462295E+000 -0.52197788E-002  0.96543052E-003  0.91433994E+000  0.45468831E+001  0.88189995E+001  0.15860194E+002  0.21713952E+002
 -0.93137664E+000 -0.83201765E+000 -0.54956194E+000 -0.18462269E+000 -0.52197654E-002  0.96543142E-003  0.91433907E+000  0.45468778E+001  0.88189916E+001  0.15860181E+002  0.21713942E+002
 -0.93137635E+000 -0.83201729E+000 -0.54956128E+000 -0.18462231E+000 -0.52197518E-002  0.96543270E-003  0.91433874E+000  0.45468741E+001  0.88189860E+001  0.15860172E+002  0.21713935E+002
 -0.93137597E+000 -0.83201682E+000 -0.54956043E+000 -0.18462183E+000 -0.52197381E-002  0.96543426E-003  0.91433887E+000  0.45468720E+001  0.88189823E+001  0.15860166E+002  0.21713930E+002
 -0.93137554E+000 -0.83201625E+000 -0.54955946E+000 -0.18462128E+000 -0.52197245E-002  0.96543603E-003  0.91433938E+000  0.45468712E+001  0.88189803E+001  0.15860162E+002  0.21713928E+002
 -0.93137506E+000 -0.83201563E+000 -0.54955840E+000 -0.18462068E+000 -0.52197110E-002  0.96543796E-003  0.91434021E+000  0.45468714E+001  0.88189796E+001  0.15860160E+002  0.21713927E+002
 -0.93137457E+000 -0.83201496E+000 -0.54955729E+000 -0.18462005E+000 -0.52196980E-002  0.96543996E-003  0.91434130E+000  0.45468725E+001  0.88189801E+001  0.15860160E+002  0.21713927E+002
 -0.93137406E+000 -0.83201427E+000 -0.54955615E+000 -0.18461941E+000 -0.52196854E-002  0.96544201E-003  0.91434260E+000  0.45468744E+001  0.88189816E+001  0.15860161E+002  0.21713928E+002
 -0.93137354E+000 -0.83201357E+000 -0.54955500E+000 -0.18461877E+000 -0.52196733E-002  0.96544405E-003  0.91434405E+000  0.45468768E+001  0.88189839E+001  0.15860164E+002  0.21713931E+002
 -0.93137303E+000 -0.83201287E+000 -0.54955387E+000 -0.18461813E+000 -0.52196619E-002  0.96544606E-003  0.91434563E+000  0.45468797E+001  0.88189868E+001  0.15860167E+002  0.21713934E+002
 -0.93137254E+000 -0.83201219E+000 -0.54955277E+000 -0.18461750E+000 -0.52196510E-002  0.96544799E-003  0.91434728E+000  0.45468829E+001  0.88189901E+001  0.15860171E+002  0.21713938E+002
 -0.93137206E+000 -0.83201153E+000 -0.54955170E+000 -0.18461690E+000 -0.52196409E-002  0.96544984E-003  0.91434900E+000  0.45468864E+001  0.88189939E+001  0.15860175E+002  0.21713942E+002
 -0.93137159E+000 -0.83201089E+000 -0.54955068E+000 -0.18461633E+000 -0.52196315E-002  0.96545158E-003  0.91435075E+000  0.45468900E+001  0.88189978E+001  0.15860180E+002  0.21713946E+002
 -0.93137115E+000 -0.83201028E+000 -0.54954972E+000 -0.18461578E+000 -0.52196228E-002  0.96545319E-003  0.91435250E+000  0.45468938E+001  0.88190020E+001  0.15860185E+002  0.21713951E+002
 -0.93137074E+000 -0.83200970E+000 -0.54954881E+000 -0.18461527E+000 -0.52196148E-002  0.96545468E-003  0.91435426E+000  0.45468976E+001  0.88190063E+001  0.15860191E+002  0.21713956E+002
 -0.93137034E+000 -0.83200916E+000 -0.54954795E+000 -0.18461479E+000 -0.52196076E-002  0.96545602E-003  0.91435600E+000  0.45469014E+001  0.88190106E+001  0.15860196E+002  0.21713961E+002
 -0.93136997E+000 -0.83200865E+000 -0.54954716E+000 -0.18461434E+000 -0.52196010E-002  0.96545723E-003  0.91435771E+000  0.45469052E+001  0.88190149E+001  0.15860202E+002  0.21713966E+002
 -0.93136963E+000 -0.83200817E+000 -0.54954643E+000 -0.18461393E+000 -0.52195951E-002  0.96545829E-003  0.91435939E+000  0.45469090E+001  0.88190192E+001  0.15860208E+002  0.21713971E+002
 -0.93136931E+000 -0.83200773E+000 -0.54954575E+000 -0.18461355E+000 -0.52195899E-002  0.96545921E-003  0.91436103E+000  0.45469127E+001  0.88190234E+001  0.15860213E+002  0.21713976E+002
 -0.93136901E+000 -0.83200733E+000 -0.54954513E+000 -0.18461321E+000 -0.52195854E-002  0.96546000E-003  0.91436263E+000  0.45469163E+001  0.88190276E+001  0.15860219E+002  0.21713981E+002
 -0.93136874E+000 -0.83200696E+000 -0.54954457E+000 -0.18461290E+000 -0.52195814E-002  0.96546066E-003  0.91436419E+000  0.45469198E+001  0.88190317E+001  0.15860224E+002  0.21713986E+002
 -0.93136849E+000 -0.83200662E+000 -0.54954406E+000 -0.18461263E+000 -0.52195780E-002  0.96546119E-003  0.91436571E+000  0.45469232E+001  0.88190357E+001  0.15860229E+002  0.21713991E+002
 -0.93136826E+000 -0.83200631E+000 -0.54954360E+000 -0.18461239E+000 -0.52195752E-002  0.96546161E-003  0.91436718E+000  0.45469265E+001  0.88190395E+001  0.15860235E+002  0.21713996E+002
 -0.93136805E+000 -0.83200603E+000 -0.54954320E+000 -0.18461218E+000 -0.52195729E-002  0.96546191E-003  0.91436861E+000  0.45469298E+001  0.88190433E+001  0.15860240E+002  0.21714000E+002
 -0.93136786E+000 -0.83200579E+000 -0.54954283E+000 -0.18461199E+000 -0.52195711E-002  0.96546211E-003  0.91437000E+000  0.45469329E+001  0.88190469E+001  0.15860245E+002  0.21714005E+002
 -0.93136769E+000 -0.83200556E+000 -0.54954252E+000 -0.18461184E+000 -0.52195697E-002  0.96546222E-003  0.91437135E+000  0.45469359E+001  0.88190505E+001  0.15860249E+002  0.21714009E+002
 -0.93136754E+000 -0.83200537E+000 -0.54954224E+000 -0.18461171E+000 -0.52195688E-002  0.96546225E-003  0.91437267E+000  0.45469388E+001  0.88190539E+001  0.15860254E+002  0.21714013E+002
 -0.93136741E+000 -0.83200520E+000 -0.54954201E+000 -0.18461161E+000 -0.52195683E-002  0.96546220E-003  0.91437396E+000  0.45469417E+001  0.88190573E+001  0.15860259E+002  0.21714017E+002
 -0.93136729E+000 -0.83200505E+000 -0.54954181E+000 -0.18461153E+000 -0.52195681E-002  0.96546208E-003  0.91437521E+000  0.45469445E+001  0.88190605E+001  0.15860263E+002  0.21714021E+002
 -0.93136718E+000 -0.83200493E+000 -0.54954165E+000 -0.18461148E+000 -0.52195683E-002  0.96546189E-003  0.91437644E+000  0.45469472E+001  0.88190637E+001  0.15860268E+002  0.21714025E+002
 -0.93136709E+000 -0.83200482E+000 -0.54954152E+000 -0.18461145E+000 -0.52195688E-002  0.96546166E-003  0.91437764E+000  0.45469498E+001  0.88190668E+001  0.15860272E+002  0.21714029E+002
 -0.93136701E+000 -0.83200474E+000 -0.54954142E+000 -0.18461144E+000 -0.52195695E-002  0.96546138E-003  0.91437882E+000  0.45469523E+001  0.88190698E+001  0.15860276E+002  0.21714033E+002
 -0.93136695E+000 -0.83200467E+000 -0.54954134E+000 -0.18461145E+000 -0.52195706E-002  0.96546105E-003  0.91437998E+000  0.45469548E+001  0.88190727E+001  0.15860280E+002  0.21714037E+002
 -0.93136689E+000 -0.83200462E+000 -0.54954130E+000 -0.18461149E+000 -0.52195718E-002  0.96546070E-003  0.91438112E+000  0.45469573E+001  0.88190756E+001  0.15860284E+002  0.21714040E+002
 -0.93136685E+000 -0.83200458E+000 -0.54954128E+000 -0.18461153E+000 -0.52195733E-002  0.96546031E-003  0.91438224E+000  0.45469597E+001  0.88190784E+001  0.15860288E+002  0.21714044E+002
 -0.93136682E+000 -0.83200456E+000 -0.54954128E+000 -0.18461160E+000 -0.52195750E-002  0.96545991E-003  0.91438335E+000  0.45469620E+001  0.88190812E+001  0.15860292E+002  0.21714047E+002
 -0.93136679E+000 -0.83200456E+000 -0.54954130E+000 -0.18461168E+000 -0.52195768E-002  0.96545948E-003  0.91438444E+000  0.45469644E+001  0.88190839E+001  0.15860296E+002  0.21714051E+002
 -0.93136677E+000 -0.83200456E+000 -0.54954135E+000 -0.18461178E+000 -0.52195788E-002  0.96545904E-003  0.91438552E+000  0.45469666E+001  0.88190866E+001  0.15860300E+002  0.21714054E+002
 -0.93136677E+000 -0.83200458E+000 -0.54954141E+000 -0.18461189E+000 -0.52195809E-002  0.96545858E-003  0.91438659E+000  0.45469689E+001  0.88190892E+001  0.15860303E+002  0.21714057E+002
 -0.93136677E+000 -0.83200461E+000 -0.54954149E+000 -0.18461201E+000 -0.52195831E-002  0.96545812E-003  0.91438765E+000  0.45469711E+001  0.88190918E+001  0.15860307E+002  0.21714061E+002
 -0.93136677E+000 -0.83200464E+000 -0.54954158E+000 -0.18461215E+000 -0.52195854E-002  0.96545765E-003  0.91438870E+000  0.45469733E+001  0.88190944E+001  0.15860311E+002  0.21714064E+002
 -0.93136678E+000 -0.83200469E+000 -0.54954169E+000 -0.18461230E+000 -0.52195879E-002  0.96545717E-003  0.91438974E+000  0.45469755E+001  0.88190970E+001  0.15860314E+002  0.21714067E+002
 -0.93136680E+000 -0.83200474E+000 -0.54954181E+000 -0.18461245E+000 -0.52195904E-002  0.96545669E-003  0.91439077E+000  0.45469776E+001  0.88190995E+001  0.15860318E+002  0.21714070E+002
 -0.93136682E+000 -0.83200480E+000 -0.54954194E+000 -0.18461262E+000 -0.52195929E-002  0.96545621E-003  0.91439179E+000  0.45469797E+001  0.88191020E+001  0.15860321E+002  0.21714073E+002
 -0.93136685E+000 -0.83200486E+000 -0.54954208E+000 -0.18461279E+000 -0.52195955E-002  0.96545573E-003  0.91439280E+000  0.45469818E+001  0.88191044E+001  0.15860325E+002  0.21714076E+002
 -0.93136688E+000 -0.83200494E+000 -0.54954222E+000 -0.18461298E+000 -0.52195982E-002  0.96545524E-003  0.91439380E+000  0.45469839E+001  0.88191069E+001  0.15860328E+002  0.21714079E+002
 -0.93136691E+000 -0.83200501E+000 -0.54954238E+000 -0.18461316E+000 -0.52196009E-002  0.96545475E-003  0.91439479E+000  0.45469860E+001  0.88191093E+001  0.15860332E+002  0.21714082E+002
 -0.93136694E+000 -0.83200509E+000 -0.54954254E+000 -0.18461336E+000 -0.52196036E-002  0.96545427E-003  0.91439577E+000  0.45469880E+001  0.88191117E+001  0.15860335E+002  0.21714085E+002
 -0.93136698E+000 -0.83200517E+000 -0.54954271E+000 -0.18461356E+000 -0.52196064E-002  0.96545378E-003  0.91439674E+000  0.45469900E+001  0.88191141E+001  0.15860338E+002  0.21714088E+002
 -0.93136702E+000 -0.83200526E+000 -0.54954288E+000 -0.18461376E+000 -0.52196091E-002  0.96545328E-003  0.91439770E+000  0.45469921E+001  0.88191165E+001  0.15860342E+002  0.21714091E+002
 -0.93136707E+000 -0.83200535E+000 -0.54954306E+000 -0.18461397E+000 -0.52196119E-002  0.96545279E-003  0.91439865E+000  0.45469940E+001  0.88191188E+001  0.15860345E+002  0.21714094E+002
 -0.93136711E+000 -0.83200544E+000 -0.54954324E+000 -0.18461418E+000 -0.52196146E-002  0.96545229E-003  0.91439958E+000  0.45469960E+001  0.88191211E+001  0.15860348E+002  0.21714096E+002
 -0.93136715E+000 -0.83200553E+000 -0.54954342E+000 -0.18461439E+000 -0.52196174E-002  0.96545179E-003  0.91440050E+000  0.45469979E+001  0.88191234E+001  0.15860351E+002  0.21714099E+002
 -0.93136720E+000 -0.83200562E+000 -0.54954360E+000 -0.18461460E+000 -0.52196201E-002  0.96545128E-003  0.91440141E+000  0.45469999E+001  0.88191257E+001  0.15860355E+002  0.21714102E+002
 -0.93136725E+000 -0.83200571E+000 -0.54954378E+000 -0.18461481E+000 -0.52196228E-002  0.96545077E-003  0.91440230E+000  0.45470017E+001  0.88191280E+001  0.15860358E+002  0.21714105E+002
 -0.93136729E+000 -0.83200580E+000 -0.54954396E+000 -0.18461502E+000 -0.52196255E-002  0.96545025E-003  0.91440318E+000  0.45470036E+001  0.88191302E+001  0.15860361E+002  0.21714107E+002
 -0.93136734E+000 -0.83200590E+000 -0.54954414E+000 -0.18461523E+000 -0.52196282E-002  0.96544973E-003  0.91440404E+000  0.45470055E+001  0.88191324E+001  0.15860364E+002  0.21714110E+002
 -0.93136738E+000 -0.83200599E+000 -0.54954432E+000 -0.18461544E+000 -0.52196308E-002  0.96544920E-003  0.91440488E+000  0.45470073E+001  0.88191345E+001  0.15860367E+002  0.21714113E+002
 -0.93136743E+000 -0.83200608E+000 -0.54954450E+000 -0.18461565E+000 -0.52196334E-002  0.96544866E-003  0.91440571E+000  0.45470090E+001  0.88191367E+001  0.15860370E+002  0.21714115E+002
 -0.93136747E+000 -0.83200616E+000 -0.54954468E+000 -0.18461585E+000 -0.52196360E-002  0.96544812E-003  0.91440652E+000  0.45470108E+001  0.88191388E+001  0.15860373E+002  0.21714118E+002
 -0.93136752E+000 -0.83200625E+000 -0.54954485E+000 -0.18461605E+000 -0.52196385E-002  0.96544757E-003  0.91440731E+000  0.45470125E+001  0.88191408E+001  0.15860376E+002  0.21714120E+002
 -0.93136756E+000 -0.83200634E+000 -0.54954502E+000 -0.18461625E+000 -0.52196410E-002  0.96544700E-003  0.91440809E+000  0.45470142E+001  0.88191429E+001  0.15860379E+002  0.21714123E+002
 -0.93136761E+000 -0.83200642E+000 -0.54954518E+000 -0.18461645E+000 -0.52196434E-002  0.96544644E-003  0.91440884E+000  0.45470158E+001  0.88191448E+001  0.15860381E+002  0.21714125E+002
 -0.93136765E+000 -0.83200650E+000 -0.54954534E+000 -0.18461664E+000 -0.52196458E-002  0.96544586E-003  0.91440957E+000  0.45470174E+001  0.88191468E+001  0.15860384E+002  0.21714128E+002
 -0.93136769E+000 -0.83200658E+000 -0.54954550E+000 -0.18461682E+000 -0.52196481E-002  0.96544528E-003  0.91441028E+000  0.45470190E+001  0.88191487E+001  0.15860387E+002  0.21714130E+002
 -0.93136773E+000 -0.83200665E+000 -0.54954565E+000 -0.18461700E+000 -0.52196504E-002  0.96544469E-003  0.91441098E+000  0.45470205E+001  0.88191505E+001  0.15860390E+002  0.21714132E+002
 -0.93136776E+000 -0.83200673E+000 -0.54954580E+000 -0.18461718E+000 -0.52196526E-002  0.96544410E-003  0.91441165E+000  0.45470220E+001  0.88191523E+001  0.15860392E+002  0.21714134E+002
 -0.93136780E+000 -0.83200680E+000 -0.54954594E+000 -0.18461735E+000 -0.52196548E-002  0.96544350E-003  0.91441230E+000  0.45470235E+001  0.88191541E+001  0.15860395E+002  0.21714137E+002
 -0.93136784E+000 -0.83200687E+000 -0.54954608E+000 -0.18461752E+000 -0.52196568E-002  0.96544290E-003  0.91441293E+000  0.45470249E+001  0.88191558E+001  0.15860397E+002  0.21714139E+002
 -0.93136787E+000 -0.83200693E+000 -0.54954622E+000 -0.18461768E+000 -0.52196589E-002  0.96544229E-003  0.91441354E+000  0.45470263E+001  0.88191575E+001  0.15860399E+002  0.21714141E+002
 -0.93136790E+000 -0.83200699E+000 -0.54954634E+000 -0.18461783E+000 -0.52196608E-002  0.96544168E-003  0.91441413E+000  0.45470276E+001  0.88191591E+001  0.15860402E+002  0.21714143E+002
 -0.93136793E+000 -0.83200705E+000 -0.54954647E+000 -0.18461798E+000 -0.52196627E-002  0.96544106E-003  0.91441469E+000  0.45470289E+001  0.88191606E+001  0.15860404E+002  0.21714145E+002
 -0.93136796E+000 -0.83200711E+000 -0.54954659E+000 -0.18461812E+000 -0.52196646E-002  0.96544045E-003  0.91441524E+000  0.45470301E+001  0.88191621E+001  0.15860406E+002  0.21714147E+002
 -0.93136799E+000 -0.83200717E+000 -0.54954670E+000 -0.18461826E+000 -0.52196663E-002  0.96543983E-003  0.91441576E+000  0.45470313E+001  0.88191636E+001  0.15860408E+002  0.21714149E+002
 -0.93136802E+000 -0.83200722E+000 -0.54954681E+000 -0.18461840E+000 -0.52196681E-002  0.96543922E-003  0.91441627E+000  0.45470325E+001  0.88191650E+001  0.15860410E+002  0.21714151E+002
 -0.93136804E+000 -0.83200727E+000 -0.54954691E+000 -0.18461852E+000 -0.52196697E-002  0.96543861E-003  0.91441675E+000  0.45470336E+001  0.88191663E+001  0.15860412E+002  0.21714152E+002
 -0.93136807E+000 -0.83200732E+000 -0.54954701E+000 -0.18461865E+000 -0.52196713E-002  0.96543800E-003  0.91441721E+000  0.45470347E+001  0.88191676E+001  0.15860414E+002  0.21714154E+002
 -0.93136809E+000 -0.83200736E+000 -0.54954710E+000 -0.18461876E+000 -0.52196728E-002  0.96543740E-003  0.91441765E+000  0.45470357E+001  0.88191689E+001  0.15860416E+002  0.21714156E+002
 -0.93136811E+000 -0.83200740E+000 -0.54954719E+000 -0.18461887E+000 -0.52196743E-002  0.96543680E-003  0.91441807E+000  0.45470367E+001  0.88191701E+001  0.15860417E+002  0.21714157E+002
 -0.93136813E+000 -0.83200744E+000 -0.54954728E+000 -0.18461898E+000 -0.52196757E-002  0.96543621E-003  0.91441847E+000  0.45470377E+001  0.88191712E+001  0.15860419E+002  0.21714159E+002
 -0.93136815E+000 -0.83200748E+000 -0.54954736E+000 -0.18461908E+000 -0.52196770E-002  0.96543562E-003  0.91441886E+000  0.45470386E+001  0.88191723E+001  0.15860421E+002  0.21714160E+002
 -0.93136817E+000 -0.83200752E+000 -0.54954743E+000 -0.18461918E+000 -0.52196783E-002  0.96543504E-003  0.91441922E+000  0.45470394E+001  0.88191733E+001  0.15860422E+002  0.21714162E+002
 -0.93136818E+000 -0.83200755E+000 -0.54954751E+000 -0.18461927E+000 -0.52196795E-002  0.96543447E-003  0.91441956E+000  0.45470403E+001  0.88191743E+001  0.15860424E+002  0.21714163E+002
 -0.93136820E+000 -0.83200758E+000 -0.54954757E+000 -0.18461936E+000 -0.52196806E-002  0.96543391E-003  0.91441989E+000  0.45470411E+001  0.88191753E+001  0.15860425E+002  0.21714165E+002
 -0.93136821E+000 -0.83200761E+000 -0.54954764E+000 -0.18461944E+000 -0.52196817E-002  0.96543336E-003  0.91442020E+000  0.45470418E+001  0.88191762E+001  0.15860426E+002  0.21714166E+002
 -0.93136823E+000 -0.83200764E+000 -0.54954770E+000 -0.18461952E+000 -0.52196828E-002  0.96543282E-003  0.91442049E+000  0.45470425E+001  0.88191770E+001  0.15860427E+002  0.21714167E+002
 -0.93136824E+000 -0.83200766E+000 -0.54954775E+000 -0.18461959E+000 -0.52196838E-002  0.96543230E-003  0.91442076E+000  0.45470432E+001  0.88191778E+001  0.15860428E+002  0.21714168E+002
 -0.93136825E+000 -0.83200769E+000 -0.54954781E+000 -0.18461966E+000 -0.52196847E-002  0.96543179E-003  0.91442102E+000  0.45470439E+001  0.88191786E+001  0.15860429E+002  0.21714169E+002
 -0.93136826E+000 -0.83200771E+000 -0.54954786E+000 -0.18461973E+000 -0.52196856E-002  0.96543128E-003  0.91442126E+000  0.45470445E+001  0.88191793E+001  0.15860430E+002  0.21714170E+002
 -0.93136827E+000 -0.83200773E+000 -0.54954790E+000 -0.18461979E+000 -0.52196865E-002  0.96543080E-003  0.91442149E+000  0.45470451E+001  0.88191800E+001  0.15860431E+002  0.21714171E+002
 -0.93136828E+000 -0.83200775E+000 -0.54954795E+000 -0.18461985E+000 -0.52196873E-002  0.96543032E-003  0.91442170E+000  0.45470456E+001  0.88191806E+001  0.15860432E+002  0.21714172E+002
 -0.93136829E+000 -0.83200777E+000 -0.54954799E+000 -0.18461990E+000 -0.52196880E-002  0.96542986E-003  0.91442190E+000  0.45470461E+001  0.88191812E+001  0.15860433E+002  0.21714173E+002
 -0.93136830E+000 -0.83200779E+000 -0.54954803E+000 -0.18461995E+000 -0.52196887E-002  0.96542942E-003  0.91442208E+000  0.45470466E+001  0.88191817E+001  0.15860434E+002  0.21714174E+002
 -0.93136831E+000 -0.83200780E+000 -0.54954806E+000 -0.18462000E+000 -0.52196894E-002  0.96542899E-003  0.91442226E+000  0.45470471E+001  0.88191823E+001  0.15860434E+002  0.21714175E+002
 -0.93136831E+000 -0.83200782E+000 -0.54954809E+000 -0.18462005E+000 -0.52196900E-002  0.96542857E-003  0.91442241E+000  0.45470475E+001  0.88191827E+001  0.15860435E+002  0.21714176E+002
 -0.93136832E+000 -0.83200783E+000 -0.54954813E+000 -0.18462009E+000 -0.52196906E-002  0.96542817E-003  0.91442256E+000  0.45470479E+001  0.88191832E+001  0.15860436E+002  0.21714177E+002
 -0.93136832E+000 -0.83200784E+000 -0.54954815E+000 -0.18462013E+000 -0.52196912E-002  0.96542779E-003  0.91442269E+000  0.45470483E+001  0.88191836E+001  0.15860436E+002  0.21714177E+002
 -0.93136833E+000 -0.83200785E+000 -0.54954818E+000 -0.18462016E+000 -0.52196917E-002  0.96542742E-003  0.91442282E+000  0.45470487E+001  0.88191840E+001  0.15860437E+002  0.21714178E+002
 -0.93136833E+000 -0.83200786E+000 -0.54954820E+000 -0.18462020E+000 -0.52196922E-002  0.96542706E-003  0.91442293E+000  0.45470490E+001  0.88191843E+001  0.15860437E+002  0.21714179E+002
 -0.93136834E+000 -0.83200787E+000 -0.54954823E+000 -0.18462023E+000 -0.52196927E-002  0.96542672E-003  0.91442303E+000  0.45470493E+001  0.88191847E+001  0.15860437E+002  0.21714179E+002
 -0.93136834E+000 -0.83200788E+000 -0.54954825E+000 -0.18462026E+000 -0.52196931E-002  0.96542639E-003  0.91442313E+000  0.45470496E+001  0.88191850E+001  0.15860438E+002  0.21714180E+002
 -0.93136835E+000 -0.83200789E+000 -0.54954826E+000 -0.18462029E+000 -0.52196935E-002  0.96542608E-003  0.91442321E+000  0.45470499E+001  0.88191853E+001  0.15860438E+002  0.21714180E+002
 -0.93136835E+000 -0.83200790E+000 -0.54954828E+000 -0.18462031E+000 -0.52196938E-002  0.96542578E-003  0.91442329E+000  0.45470502E+001  0.88191855E+001  0.15860438E+002  0.21714181E+002
 -0.93136835E+000 -0.83200790E+000 -0.54954829E+000 -0.18462034E+000 -0.52196942E-002  0.96542550E-003  0.91442335E+000  0.45470504E+001  0.88191858E+001  0.15860439E+002  0.21714181E+002
 -0.93136835E+000 -0.83200791E+000 -0.54954831E+000 -0.18462036E+000 -0.52196945E-002  0.96542523E-003  0.91442342E+000  0.45470506E+001  0.88191860E+001  0.15860439E+002  0.21714182E+002
 -0.93136835E+000 -0.83200791E+000 -0.54954831E+000 -0.18462037E+000 -0.52196947E-002  0.96542498E-003  0.91442347E+000  0.45470509E+001  0.88191862E+001  0.15860439E+002  0.21714182E+002
 -0.93136835E+000 -0.83200791E+000 -0.54954832E+000 -0.18462038E+000 -0.52196950E-002  0.96542475E-003  0.91442353E+000  0.45470511E+001  0.88191864E+001  0.15860439E+002  0.21714183E+002
 -0.93136835E+000 -0.83200791E+000 -0.54954831E+000 -0.18462039E+000 -0.52196952E-002  0.96542452E-003  0.91442358E+000  0.45470513E+001  0.88191866E+001  0.15860439E+002  0.21714183E+002
 -0.93136833E+000 -0.83200789E+000 -0.54954829E+000 -0.18462039E+000 -0.52196955E-002  0.96542431E-003  0.91442364E+000  0.45470515E+001  0.88191868E+001  0.15860440E+002  0.21714184E+002
 -0.93136830E+000 -0.83200786E+000 -0.54954823E+000 -0.18462035E+000 -0.52196951E-002  0.96542424E-003  0.91442371E+000  0.45470517E+001  0.88191870E+001  0.15860440E+002  0.21714184E+002
