  0.00000000E+000  0.00000000E+000  0.00000000E+000  0.00000000E+000  0.42174581E-001  0.36748790E+000  0.69433515E+001  0.46552187E+002  0.11381362E+003  0.30126422E+003  0.59143845E+003
  0.00000000E+000  0.00000000E+000  0.00000000E+000  0.00000000E+000  0.42186246E-001  0.36749805E+000  0.69437163E+001  0.46554530E+002  0.11381699E+003  0.30126840E+003  0.59144247E+003
  0.00000000E+000  0.00000000E+000  0.00000000E+000  0.00000000E+000  0.42198457E-001  0.36750783E+000  0.69440550E+001  0.46556783E+002  0.11382018E+003  0.30127232E+003  0.59144620E+003
  0.00000000E+000  0.00000000E+000  0.00000000E+000  0.00000000E+000  0.42210363E-001  0.36751718E+000  0.69443530E+001  0.46558792E+002  0.11382302E+003  0.30127581E+003  0.59144954E+003
  0.00000000E+000  0.00000000E+000  0.00000000E+000  0.00000000E+000  0.42221370E-001  0.36752612E+000  0.69446121E+001  0.46560533E+002  0.11382548E+003  0.30127885E+003  0.59145246E+003
  0.00000000E+000  0.00000000E+000  0.00000000E+000  0.00000000E+000  0.42231279E-001  0.36753467E+000  0.69448371E+001  0.46562026E+002  0.11382759E+003  0.30128146E+003  0.59145499E+003
  0.00000000E+000  0.00000000E+000  0.00000000E+000  0.00000000E+000  0.42240150E-001  0.36754285E+000  0.69450332E+001  0.46563301E+002  0.11382940E+003  0.30128370E+003  0.59145715E+003
  0.00000000E+000  0.00000000E+000  0.00000000E+000  0.00000000E+000  0.42247907E-001  0.36755069E+000  0.69452045E+001  0.46564391E+002  0.11383094E+003  0.30128560E+003  0.59145899E+003
  0.00000000E+000  0.00000000E+000  0.00000000E+000  0.00000000E+000  0.42254621E-001  0.36755820E+000  0.69453548E+001  0.46565323E+002  0.11383225E+003  0.30128721E+003  0.59146056E+003
  0.00000000E+000  0.00000000E+000  0.00000000E+000  0.00000000E+000  0.42260433E-001  0.36756539E+000  0.69454869E+001  0.46566122E+002  0.11383336E+003  0.30128859E+003  0.59146189E+003
  0.00000000E+000  0.00000000E+000  0.00000000E+000  0.00000000E+000  0.42265505E-001  0.36757228E+000  0.69456031E+001  0.46566807E+002  0.11383432E+003  0.30128975E+003  0.59146301E+003
  0.00000000E+000  0.00000000E+000  0.00000000E+000  0.00000000E+000  0.42269991E-001  0.36757886E+000  0.69457056E+001  0.46567397E+002  0.11383513E+003  0.30129075E+003  0.59146397E+003
  0.00000000E+000  0.00000000E+000  0.00000000E+000  0.00000000E+000  0.42274018E-001  0.36758517E+000  0.69457960E+001  0.46567906E+002  0.11383583E+003  0.30129159E+003  0.59146478E+003
  0.00000000E+000  0.00000000E+000  0.00000000E+000  0.00000000E+000  0.42277688E-001  0.36759121E+000  0.69458760E+001  0.46568345E+002  0.11383643E+003  0.30129231E+003  0.59146547E+003
  0.00000000E+000  0.00000000E+000  0.00000000E+000  0.00000000E+000  0.42281078E-001  0.36759702E+000  0.69459469E+001  0.46568725E+002  0.11383695E+003  0.30129293E+003  0.59146605E+003
  0.00000000E+000  0.00000000E+000  0.00000000E+000  0.00000000E+000  0.42284246E-001  0.36760261E+000  0.69460099E+001  0.46569054E+002  0.11383739E+003  0.30129346E+003  0.59146655E+003
  0.00000000E+000  0.00000000E+000  0.00000000E+000  0.00000000E+000  0.42287235E-001  0.36760800E+000  0.69460660E+001  0.46569340E+002  0.11383778E+003  0.30129391E+003  0.59146697E+003
  0.00000000E+000  0.00000000E+000  0.00000000E+000  0.00000000E+000  0.42290076E-001  0.36761322E+000  0.69461162E+001  0.46569588E+002  0.11383811E+003  0.30129430E+003  0.59146733E+003
  0.00000000E+000  0.00000000E+000  0.00000000E+000  0.00000000E+000  0.42292794E-001  0.36761829E+000  0.69461611E+001  0.46569805E+002  0.11383839E+003  0.30129463E+003  0.59146764E+003
  0.00000000E+000  0.00000000E+000  0.00000000E+000  0.00000000E+000  0.42295406E-001  0.36762320E+000  0.69462014E+001  0.46569994E+002  0.11383864E+003  0.30129492E+003  0.59146790E+003
  0.00000000E+000  0.00000000E+000  0.00000000E+000  0.00000000E+000  0.42297926E-001  0.36762798E+000  0.69462377E+001  0.46570158E+002  0.11383886E+003  0.30129517E+003  0.59146812E+003
  0.00000000E+000  0.00000000E+000  0.00000000E+000  0.00000000E+000  0.42300365E-001  0.36763263E+000  0.69462705E+001  0.46570302E+002  0.11383904E+003  0.30129538E+003  0.59146832E+003
  0.00000000E+000  0.00000000E+000  0.00000000E+000  0.00000000E+000  0.42302729E-001  0.36763716E+000  0.69463001E+001  0.46570428E+002  0.11383921E+003  0.30129557E+003  0.59146848E+003
  0.00000000E+000  0.00000000E+000  0.00000000E+000  0.00000000E+000  0.42305025E-001  0.36764159E+000  0.69463269E+001  0.46570538E+002  0.11383935E+003  0.30129573E+003  0.59146862E+003
  0.00000000E+000  0.00000000E+000  0.00000000E+000  0.00000000E+000  0.42307257E-001  0.36764590E+000  0.69463513E+001  0.46570634E+002  0.11383947E+003  0.30129588E+003  0.59146875E+003
  0.00000000E+000  0.00000000E+000  0.00000000E+000  0.00000000E+000  0.42309429E-001  0.36765012E+000  0.69463735E+001  0.46570718E+002  0.11383958E+003  0.30129600E+003  0.59146886E+003
  0.00000000E+000  0.00000000E+000  0.00000000E+000  0.00000000E+000  0.42311542E-001  0.36765423E+000  0.69463936E+001  0.46570792E+002  0.11383968E+003  0.30129612E+003  0.59146895E+003
  0.00000000E+000  0.00000000E+000  0.00000000E+000  0.00000000E+000  0.42313597E-001  0.36765825E+000  0.69464119E+001  0.46570856E+002  0.11383976E+003  0.30129622E+003  0.59146904E+003
  0.00000000E+000  0.00000000E+000  0.00000000E+000  0.00000000E+000  0.42315594E-001  0.36766217E+000  0.69464285E+001  0.46570911E+002  0.11383984E+003  0.30129631E+003  0.59146912E+003
  0.00000000E+000  0.00000000E+000  0.00000000E+000  0.00000000E+000  0.42317531E-001  0.36766599E+000  0.69464436E+001  0.46570959E+002  0.11383990E+003  0.30129640E+003  0.59146919E+003
  0.00000000E+000  0.00000000E+000  0.00000000E+000  0.00000000E+000  0.42319406E-001  0.36766972E+000  0.69464572E+001  0.46571000E+002  0.11383996E+003  0.30129648E+003  0.59146925E+003
  0.00000000E+000  0.00000000E+000  0.00000000E+000  0.00000000E+000  0.42321216E-001  0.36767335E+000  0.69464694E+001  0.46571036E+002  0.11384001E+003  0.30129655E+003  0.59146932E+003
  0.00000000E+000  0.00000000E+000  0.00000000E+000  0.00000000E+000  0.42322957E-001  0.36767688E+000  0.69464804E+001  0.46571066E+002  0.11384006E+003  0.30129663E+003  0.59146938E+003
  0.00000000E+000  0.00000000E+000  0.00000000E+000  0.00000000E+000  0.42324624E-001  0.36768030E+000  0.69464901E+001  0.46571090E+002  0.11384010E+003  0.30129670E+003  0.59146943E+003
  0.00000000E+000  0.00000000E+000  0.00000000E+000  0.00000000E+000  0.42326211E-001  0.36768363E+000  0.69464986E+001  0.46571111E+002  0.11384014E+003  0.30129676E+003  0.59146949E+003
  0.00000000E+000  0.00000000E+000  0.00000000E+000  0.00000000E+000  0.42327710E-001  0.36768685E+000  0.69465059E+001  0.46571127E+002  0.11384017E+003  0.30129683E+003  0.59146955E+003
  0.00000000E+000  0.00000000E+000  0.00000000E+000  0.00000000E+000  0.42329114E-001  0.36768996E+000  0.69465121E+001  0.46571139E+002  0.11384020E+003  0.30129690E+003  0.59146960E+003
  0.00000000E+000  0.00000000E+000  0.00000000E+000  0.00000000E+000  0.42330414E-001  0.36769296E+000  0.69465171E+001  0.46571147E+002  0.11384023E+003  0.30129697E+003  0.59146966E+003
  0.00000000E+000  0.00000000E+000  0.00000000E+000  0.00000000E+000  0.42331599E-001  0.36769585E+000  0.69465210E+001  0.46571152E+002  0.11384026E+003  0.30129704E+003  0.59146972E+003
  0.00000000E+000  0.00000000E+000  0.00000000E+000  0.00000000E+000  0.42332659E-001  0.36769862E+000  0.69465237E+001  0.46571153E+002  0.11384028E+003  0.30129711E+003  0.59146979E+003
  0.00000000E+000  0.00000000E+000  0.00000000E+000  0.00000000E+000  0.42333582E-001  0.36770127E+000  0.69465254E+001  0.46571151E+002  0.11384030E+003  0.30129719E+003  0.59146985E+003
  0.00000000E+000  0.00000000E+000  0.00000000E+000  0.00000000E+000  0.42334355E-001  0.36770379E+000  0.69465258E+001  0.46571146E+002  0.11384033E+003  0.30129727E+003  0.59146992E+003
  0.00000000E+000  0.00000000E+000  0.00000000E+000  0.00000000E+000  0.42334966E-001  0.36770619E+000  0.69465251E+001  0.46571138E+002  0.11384035E+003  0.30129735E+003  0.59147000E+003
  0.00000000E+000  0.00000000E+000  0.00000000E+000  0.00000000E+000  0.42335401E-001  0.36770845E+000  0.69465233E+001  0.46571126E+002  0.11384037E+003  0.30129743E+003  0.59147007E+003
  0.00000000E+000  0.00000000E+000  0.00000000E+000  0.00000000E+000  0.42335647E-001  0.36771059E+000  0.69465203E+001  0.46571112E+002  0.11384039E+003  0.30129752E+003  0.59147015E+003
  0.00000000E+000  0.00000000E+000  0.00000000E+000  0.00000000E+000  0.42335688E-001  0.36771258E+000  0.69465161E+001  0.46571095E+002  0.11384041E+003  0.30129761E+003  0.59147024E+003
  0.00000000E+000  0.00000000E+000  0.00000000E+000  0.00000000E+000  0.42335513E-001  0.36771444E+000  0.69465108E+001  0.46571075E+002  0.11384042E+003  0.30129770E+003  0.59147033E+003
  0.00000000E+000  0.00000000E+000  0.00000000E+000  0.00000000E+000  0.42335107E-001  0.36771617E+000  0.69465042E+001  0.46571053E+002  0.11384044E+003  0.30129780E+003  0.59147042E+003
  0.00000000E+000  0.00000000E+000  0.00000000E+000  0.00000000E+000  0.42334460E-001  0.36771775E+000  0.69464965E+001  0.46571027E+002  0.11384046E+003  0.30129791E+003  0.59147053E+003
  0.00000000E+000  0.00000000E+000  0.00000000E+000  0.00000000E+000  0.42333559E-001  0.36771919E+000  0.69464876E+001  0.46570999E+002  0.11384048E+003  0.30129802E+003  0.59147063E+003
  0.00000000E+000  0.00000000E+000  0.00000000E+000  0.00000000E+000  0.42332395E-001  0.36772049E+000  0.69464775E+001  0.46570968E+002  0.11384050E+003  0.30129813E+003  0.59147075E+003
  0.00000000E+000  0.00000000E+000  0.00000000E+000  0.00000000E+000  0.42330960E-001  0.36772165E+000  0.69464662E+001  0.46570935E+002  0.11384052E+003  0.30129826E+003  0.59147087E+003
  0.00000000E+000  0.00000000E+000  0.00000000E+000  0.00000000E+000  0.42329248E-001  0.36772268E+000  0.69464537E+001  0.46570899E+002  0.11384054E+003  0.30129838E+003  0.59147099E+003
  0.00000000E+000  0.00000000E+000  0.00000000E+000  0.00000000E+000  0.42327255E-001  0.36772357E+000  0.69464400E+001  0.46570860E+002  0.11384056E+003  0.30129851E+003  0.59147113E+003
  0.00000000E+000  0.00000000E+000  0.00000000E+000  0.00000000E+000  0.42324980E-001  0.36772434E+000  0.69464252E+001  0.46570818E+002  0.11384058E+003  0.30129865E+003  0.59147127E+003
  0.00000000E+000  0.00000000E+000  0.00000000E+000  0.00000000E+000  0.42322425E-001  0.36772498E+000  0.69464092E+001  0.46570775E+002  0.11384060E+003  0.30129880E+003  0.59147142E+003
  0.00000000E+000  0.00000000E+000  0.00000000E+000  0.00000000E+000  0.42319592E-001  0.36772550E+000  0.69463921E+001  0.46570728E+002  0.11384062E+003  0.30129895E+003  0.59147157E+003
  0.00000000E+000  0.00000000E+000  0.00000000E+000  0.00000000E+000  0.42316489E-001  0.36772592E+000  0.69463739E+001  0.46570679E+002  0.11384065E+003  0.30129911E+003  0.59147174E+003
  0.00000000E+000  0.00000000E+000  0.00000000E+000  0.00000000E+000  0.42313125E-001  0.36772623E+000  0.69463545E+001  0.46570627E+002  0.11384067E+003  0.30129928E+003  0.59147192E+003
  0.00000000E+000  0.00000000E+000  0.00000000E+000  0.00000000E+000  0.42309514E-001  0.36772645E+000  0.69463342E+001  0.46570573E+002  0.11384069E+003  0.30129945E+003  0.59147210E+003
  0.00000000E+000  0.00000000E+000  0.00000000E+000  0.00000000E+000  0.42305669E-001  0.36772658E+000  0.69463127E+001  0.46570516E+002  0.11384072E+003  0.30129963E+003  0.59147229E+003
  0.00000000E+000  0.00000000E+000  0.00000000E+000  0.00000000E+000  0.42301608E-001  0.36772665E+000  0.69462903E+001  0.46570457E+002  0.11384075E+003  0.30129982E+003  0.59147250E+003
  0.00000000E+000  0.00000000E+000  0.00000000E+000  0.00000000E+000  0.42297352E-001  0.36772665E+000  0.69462669E+001  0.46570394E+002  0.11384077E+003  0.30130002E+003  0.59147272E+003
  0.00000000E+000  0.00000000E+000  0.00000000E+000  0.00000000E+000  0.42292923E-001  0.36772661E+000  0.69462426E+001  0.46570329E+002  0.11384080E+003  0.30130023E+003  0.59147294E+003
  0.00000000E+000  0.00000000E+000  0.00000000E+000  0.00000000E+000  0.42288345E-001  0.36772652E+000  0.69462174E+001  0.46570262E+002  0.11384083E+003  0.30130044E+003  0.59147318E+003
  0.00000000E+000  0.00000000E+000  0.00000000E+000  0.00000000E+000  0.42283644E-001  0.36772640E+000  0.69461913E+001  0.46570191E+002  0.11384086E+003  0.30130067E+003  0.59147343E+003
  0.00000000E+000  0.00000000E+000  0.00000000E+000  0.00000000E+000  0.42278846E-001  0.36772625E+000  0.69461645E+001  0.46570117E+002  0.11384089E+003  0.30130090E+003  0.59147370E+003
  0.00000000E+000  0.00000000E+000  0.00000000E+000  0.00000000E+000  0.42273978E-001  0.36772609E+000  0.69461369E+001  0.46570040E+002  0.11384092E+003  0.30130114E+003  0.59147397E+003
  0.00000000E+000  0.00000000E+000  0.00000000E+000  0.00000000E+000  0.42269070E-001  0.36772592E+000  0.69461086E+001  0.46569960E+002  0.11384095E+003  0.30130139E+003  0.59147426E+003
  0.00000000E+000  0.00000000E+000  0.00000000E+000  0.00000000E+000  0.42264149E-001  0.36772574E+000  0.69460797E+001  0.46569877E+002  0.11384098E+003  0.30130165E+003  0.59147457E+003
  0.00000000E+000  0.00000000E+000  0.00000000E+000  0.00000000E+000  0.42259243E-001  0.36772556E+000  0.69460502E+001  0.46569790E+002  0.11384102E+003  0.30130192E+003  0.59147488E+003
  0.00000000E+000  0.00000000E+000  0.00000000E+000  0.00000000E+000  0.42254377E-001  0.36772536E+000  0.69460202E+001  0.46569700E+002  0.11384105E+003  0.30130220E+003  0.59147522E+003
  0.00000000E+000  0.00000000E+000  0.00000000E+000  0.00000000E+000  0.42249578E-001  0.36772515E+000  0.69459897E+001  0.46569606E+002  0.11384108E+003  0.30130249E+003  0.59147556E+003
  0.00000000E+000  0.00000000E+000  0.00000000E+000  0.00000000E+000  0.42244870E-001  0.36772491E+000  0.69459587E+001  0.46569509E+002  0.11384111E+003  0.30130279E+003  0.59147593E+003
  0.00000000E+000  0.00000000E+000  0.00000000E+000  0.00000000E+000  0.42240274E-001  0.36772465E+000  0.69459275E+001  0.46569408E+002  0.11384114E+003  0.30130311E+003  0.59147631E+003
  0.00000000E+000  0.00000000E+000  0.00000000E+000  0.00000000E+000  0.42235811E-001  0.36772434E+000  0.69458959E+001  0.46569302E+002  0.11384117E+003  0.30130343E+003  0.59147671E+003
  0.00000000E+000  0.00000000E+000  0.00000000E+000  0.00000000E+000  0.42231498E-001  0.36772398E+000  0.69458641E+001  0.46569193E+002  0.11384120E+003  0.30130376E+003  0.59147712E+003
  0.00000000E+000  0.00000000E+000  0.00000000E+000  0.00000000E+000  0.42227351E-001  0.36772353E+000  0.69458321E+001  0.46569080E+002  0.11384123E+003  0.30130410E+003  0.59147755E+003
  0.00000000E+000  0.00000000E+000  0.00000000E+000  0.00000000E+000  0.42223381E-001  0.36772299E+000  0.69458001E+001  0.46568962E+002  0.11384126E+003  0.30130445E+003  0.59147800E+003
  0.00000000E+000  0.00000000E+000  0.00000000E+000  0.00000000E+000  0.42219599E-001  0.36772233E+000  0.69457680E+001  0.46568840E+002  0.11384128E+003  0.30130481E+003  0.59147847E+003
  0.00000000E+000  0.00000000E+000  0.00000000E+000  0.00000000E+000  0.42216012E-001  0.36772154E+000  0.69457360E+001  0.46568714E+002  0.11384130E+003  0.30130518E+003  0.59147896E+003
  0.00000000E+000  0.00000000E+000  0.00000000E+000  0.00000000E+000  0.42212625E-001  0.36772057E+000  0.69457041E+001  0.46568583E+002  0.11384132E+003  0.30130556E+003  0.59147947E+003
  0.00000000E+000  0.00000000E+000  0.00000000E+000  0.00000000E+000  0.42209441E-001  0.36771943E+000  0.69456724E+001  0.46568448E+002  0.11384134E+003  0.30130595E+003  0.59148000E+003
  0.00000000E+000  0.00000000E+000  0.00000000E+000  0.00000000E+000  0.42206459E-001  0.36771807E+000  0.69456409E+001  0.46568308E+002  0.11384135E+003  0.30130636E+003  0.59148055E+003
  0.00000000E+000  0.00000000E+000  0.00000000E+000  0.00000000E+000  0.42203679E-001  0.36771648E+000  0.69456097E+001  0.46568164E+002  0.11384135E+003  0.30130676E+003  0.59148111E+003
  0.00000000E+000  0.00000000E+000  0.00000000E+000  0.00000000E+000  0.42201096E-001  0.36771465E+000  0.69455790E+001  0.46568015E+002  0.11384136E+003  0.30130718E+003  0.59148170E+003
  0.00000000E+000  0.00000000E+000  0.00000000E+000  0.00000000E+000  0.42198705E-001  0.36771254E+000  0.69455486E+001  0.46567862E+002  0.11384135E+003  0.30130761E+003  0.59148231E+003
  0.00000000E+000  0.00000000E+000  0.00000000E+000  0.00000000E+000  0.42196500E-001  0.36771015E+000  0.69455188E+001  0.46567705E+002  0.11384135E+003  0.30130804E+003  0.59148295E+003
  0.00000000E+000  0.00000000E+000  0.00000000E+000  0.00000000E+000  0.42194473E-001  0.36770746E+000  0.69454895E+001  0.46567543E+002  0.11384133E+003  0.30130848E+003  0.59148360E+003
  0.00000000E+000  0.00000000E+000  0.00000000E+000  0.00000000E+000  0.42192614E-001  0.36770446E+000  0.69454607E+001  0.46567377E+002  0.11384131E+003  0.30130893E+003  0.59148428E+003
  0.00000000E+000  0.00000000E+000  0.00000000E+000  0.00000000E+000  0.42190917E-001  0.36770115E+000  0.69454326E+001  0.46567207E+002  0.11384129E+003  0.30130939E+003  0.59148497E+003
  0.00000000E+000  0.00000000E+000  0.00000000E+000  0.00000000E+000  0.42189369E-001  0.36769753E+000  0.69454052E+001  0.46567033E+002  0.11384125E+003  0.30130985E+003  0.59148569E+003
  0.00000000E+000  0.00000000E+000  0.00000000E+000  0.00000000E+000  0.42187962E-001  0.36769359E+000  0.69453784E+001  0.46566855E+002  0.11384121E+003  0.30131031E+003  0.59148643E+003
  0.00000000E+000  0.00000000E+000  0.00000000E+000  0.00000000E+000  0.42186686E-001  0.36768935E+000  0.69453523E+001  0.46566674E+002  0.11384117E+003  0.30131078E+003  0.59148720E+003
  0.00000000E+000  0.00000000E+000  0.00000000E+000  0.00000000E+000  0.42185530E-001  0.36768481E+000  0.69453269E+001  0.46566489E+002  0.11384111E+003  0.30131125E+003  0.59148798E+003
  0.00000000E+000  0.00000000E+000  0.00000000E+000  0.00000000E+000  0.42184486E-001  0.36768000E+000  0.69453022E+001  0.46566301E+002  0.11384105E+003  0.30131173E+003  0.59148879E+003
  0.00000000E+000  0.00000000E+000  0.00000000E+000  0.00000000E+000  0.42183543E-001  0.36767492E+000  0.69452782E+001  0.46566109E+002  0.11384097E+003  0.30131220E+003  0.59148962E+003
  0.00000000E+000  0.00000000E+000  0.00000000E+000  0.00000000E+000  0.42182693E-001  0.36766960E+000  0.69452549E+001  0.46565915E+002  0.11384089E+003  0.30131268E+003  0.59149047E+003
  0.00000000E+000  0.00000000E+000  0.00000000E+000  0.00000000E+000  0.42181927E-001  0.36766406E+000  0.69452323E+001  0.46565718E+002  0.11384080E+003  0.30131316E+003  0.59149134E+003
  0.00000000E+000  0.00000000E+000  0.00000000E+000  0.00000000E+000  0.42181238E-001  0.36765832E+000  0.69452103E+001  0.46565519E+002  0.11384070E+003  0.30131363E+003  0.59149223E+003
  0.00000000E+000  0.00000000E+000  0.00000000E+000  0.00000000E+000  0.42180617E-001  0.36765243E+000  0.69451889E+001  0.46565317E+002  0.11384059E+003  0.30131410E+003  0.59149315E+003
  0.00000000E+000  0.00000000E+000  0.00000000E+000  0.00000000E+000  0.42180059E-001  0.36764640E+000  0.69451680E+001  0.46565114E+002  0.11384047E+003  0.30131457E+003  0.59149408E+003
  0.00000000E+000  0.00000000E+000  0.00000000E+000  0.00000000E+000  0.42179557E-001  0.36764027E+000  0.69451477E+001  0.46564909E+002  0.11384034E+003  0.30131503E+003  0.59149503E+003
  0.00000000E+000  0.00000000E+000  0.00000000E+000  0.00000000E+000  0.42179105E-001  0.36763406E+000  0.69451277E+001  0.46564703E+002  0.11384020E+003  0.30131549E+003  0.59149600E+003
  0.00000000E+000  0.00000000E+000  0.00000000E+000  0.00000000E+000  0.42178698E-001  0.36762781E+000  0.69451081E+001  0.46564495E+002  0.11384005E+003  0.30131594E+003  0.59149698E+003
  0.00000000E+000  0.00000000E+000  0.00000000E+000  0.00000000E+000  0.42178331E-001  0.36762155E+000  0.69450887E+001  0.46564286E+002  0.11383989E+003  0.30131638E+003  0.59149799E+003
  0.00000000E+000  0.00000000E+000  0.00000000E+000  0.00000000E+000  0.42177999E-001  0.36761530E+000  0.69450696E+001  0.46564077E+002  0.11383972E+003  0.30131682E+003  0.59149900E+003
  0.00000000E+000  0.00000000E+000  0.00000000E+000  0.00000000E+000  0.42177700E-001  0.36760910E+000  0.69450505E+001  0.46563868E+002  0.11383954E+003  0.30131724E+003  0.59150004E+003
  0.00000000E+000  0.00000000E+000  0.00000000E+000  0.00000000E+000  0.42177430E-001  0.36760297E+000  0.69450314E+001  0.46563659E+002  0.11383935E+003  0.30131764E+003  0.59150108E+003
  0.00000000E+000  0.00000000E+000  0.00000000E+000  0.00000000E+000  0.42177185E-001  0.36759694E+000  0.69450122E+001  0.46563449E+002  0.11383915E+003  0.30131804E+003  0.59150214E+003
  0.00000000E+000  0.00000000E+000  0.00000000E+000  0.00000000E+000  0.42176964E-001  0.36759102E+000  0.69449928E+001  0.46563241E+002  0.11383894E+003  0.30131842E+003  0.59150320E+003
  0.00000000E+000  0.00000000E+000  0.00000000E+000  0.00000000E+000  0.42176762E-001  0.36758524E+000  0.69449731E+001  0.46563033E+002  0.11383871E+003  0.30131878E+003  0.59150428E+003
  0.00000000E+000  0.00000000E+000  0.00000000E+000  0.00000000E+000  0.42176580E-001  0.36757962E+000  0.69449529E+001  0.46562826E+002  0.11383848E+003  0.30131913E+003  0.59150536E+003
  0.00000000E+000  0.00000000E+000  0.00000000E+000  0.00000000E+000  0.42176413E-001  0.36757416E+000  0.69449322E+001  0.46562620E+002  0.11383824E+003  0.30131945E+003  0.59150644E+003
  0.00000000E+000  0.00000000E+000  0.00000000E+000  0.00000000E+000  0.42176262E-001  0.36756889E+000  0.69449110E+001  0.46562416E+002  0.11383799E+003  0.30131976E+003  0.59150753E+003
  0.00000000E+000  0.00000000E+000  0.00000000E+000  0.00000000E+000  0.42176124E-001  0.36756382E+000  0.69448890E+001  0.46562213E+002  0.11383773E+003  0.30132004E+003  0.59150862E+003
  0.00000000E+000  0.00000000E+000  0.00000000E+000  0.00000000E+000  0.42175998E-001  0.36755894E+000  0.69448663E+001  0.46562012E+002  0.11383746E+003  0.30132030E+003  0.59150971E+003
  0.00000000E+000  0.00000000E+000  0.00000000E+000  0.00000000E+000  0.42175883E-001  0.36755427E+000  0.69448427E+001  0.46561814E+002  0.11383718E+003  0.30132054E+003  0.59151080E+003
  0.00000000E+000  0.00000000E+000  0.00000000E+000  0.00000000E+000  0.42175777E-001  0.36754982E+000  0.69448182E+001  0.46561618E+002  0.11383690E+003  0.30132075E+003  0.59151188E+003
  0.00000000E+000  0.00000000E+000  0.00000000E+000  0.00000000E+000  0.42175681E-001  0.36754558E+000  0.69447928E+001  0.46561424E+002  0.11383660E+003  0.30132094E+003  0.59151295E+003
  0.00000000E+000  0.00000000E+000  0.00000000E+000  0.00000000E+000  0.42175593E-001  0.36754155E+000  0.69447664E+001  0.46561232E+002  0.11383630E+003  0.30132109E+003  0.59151402E+003
  0.00000000E+000  0.00000000E+000  0.00000000E+000  0.00000000E+000  0.42175512E-001  0.36753774E+000  0.69447390E+001  0.46561044E+002  0.11383600E+003  0.30132122E+003  0.59151507E+003
  0.00000000E+000  0.00000000E+000  0.00000000E+000  0.00000000E+000  0.42175438E-001  0.36753414E+000  0.69447105E+001  0.46560858E+002  0.11383568E+003  0.30132132E+003  0.59151610E+003
  0.00000000E+000  0.00000000E+000  0.00000000E+000  0.00000000E+000  0.42175370E-001  0.36753075E+000  0.69446811E+001  0.46560675E+002  0.11383536E+003  0.30132139E+003  0.59151712E+003
  0.00000000E+000  0.00000000E+000  0.00000000E+000  0.00000000E+000  0.42175308E-001  0.36752756E+000  0.69446508E+001  0.46560495E+002  0.11383504E+003  0.30132143E+003  0.59151812E+003
  0.00000000E+000  0.00000000E+000  0.00000000E+000  0.00000000E+000  0.42175251E-001  0.36752456E+000  0.69446194E+001  0.46560318E+002  0.11383471E+003  0.30132144E+003  0.59151910E+003
  0.00000000E+000  0.00000000E+000  0.00000000E+000  0.00000000E+000  0.42175198E-001  0.36752175E+000  0.69445872E+001  0.46560144E+002  0.11383437E+003  0.30132142E+003  0.59152005E+003
  0.00000000E+000  0.00000000E+000  0.00000000E+000  0.00000000E+000  0.42175150E-001  0.36751913E+000  0.69445542E+001  0.46559973E+002  0.11383403E+003  0.30132136E+003  0.59152097E+003
  0.00000000E+000  0.00000000E+000  0.00000000E+000  0.00000000E+000  0.42175106E-001  0.36751668E+000  0.69445204E+001  0.46559805E+002  0.11383369E+003  0.30132127E+003  0.59152186E+003
  0.00000000E+000  0.00000000E+000  0.00000000E+000  0.00000000E+000  0.42175065E-001  0.36751441E+000  0.69444859E+001  0.46559640E+002  0.11383335E+003  0.30132115E+003  0.59152272E+003
  0.00000000E+000  0.00000000E+000  0.00000000E+000  0.00000000E+000  0.42175028E-001  0.36751229E+000  0.69444508E+001  0.46559478E+002  0.11383300E+003  0.30132099E+003  0.59152354E+003
  0.00000000E+000  0.00000000E+000  0.00000000E+000  0.00000000E+000  0.42174994E-001  0.36751032E+000  0.69444153E+001  0.46559318E+002  0.11383265E+003  0.30132080E+003  0.59152432E+003
  0.00000000E+000  0.00000000E+000  0.00000000E+000  0.00000000E+000  0.42174962E-001  0.36750849E+000  0.69443793E+001  0.46559161E+002  0.11383230E+003  0.30132058E+003  0.59152506E+003
  0.00000000E+000  0.00000000E+000  0.00000000E+000  0.00000000E+000  0.42174933E-001  0.36750680E+000  0.69443431E+001  0.46559006E+002  0.11383195E+003  0.30132032E+003  0.59152576E+003
  0.00000000E+000  0.00000000E+000  0.00000000E+000  0.00000000E+000  0.42174906E-001  0.36750524E+000  0.69443067E+001  0.46558854E+002  0.11383160E+003  0.30132003E+003  0.59152642E+003
  0.00000000E+000  0.00000000E+000  0.00000000E+000  0.00000000E+000  0.42174882E-001  0.36750380E+000  0.69442703E+001  0.46558704E+002  0.11383124E+003  0.30131971E+003  0.59152702E+003
  0.00000000E+000  0.00000000E+000  0.00000000E+000  0.00000000E+000  0.42174859E-001  0.36750246E+000  0.69442339E+001  0.46558556E+002  0.11383089E+003  0.30131935E+003  0.59152758E+003
  0.00000000E+000  0.00000000E+000  0.00000000E+000  0.00000000E+000  0.42174838E-001  0.36750124E+000  0.69441977E+001  0.46558411E+002  0.11383054E+003  0.30131897E+003  0.59152808E+003
  0.00000000E+000  0.00000000E+000  0.00000000E+000  0.00000000E+000  0.42174819E-001  0.36750011E+000  0.69441618E+001  0.46558267E+002  0.11383019E+003  0.30131855E+003  0.59152853E+003
  0.00000000E+000  0.00000000E+000  0.00000000E+000  0.00000000E+000  0.42174802E-001  0.36749907E+000  0.69441262E+001  0.46558124E+002  0.11382985E+003  0.30131810E+003  0.59152892E+003
  0.00000000E+000  0.00000000E+000  0.00000000E+000  0.00000000E+000  0.42174785E-001  0.36749811E+000  0.69440911E+001  0.46557984E+002  0.11382950E+003  0.30131763E+003  0.59152926E+003
  0.00000000E+000  0.00000000E+000  0.00000000E+000  0.00000000E+000  0.42174770E-001  0.36749724E+000  0.69440565E+001  0.46557844E+002  0.11382916E+003  0.30131712E+003  0.59152954E+003
  0.00000000E+000  0.00000000E+000  0.00000000E+000  0.00000000E+000  0.42174756E-001  0.36749643E+000  0.69440226E+001  0.46557706E+002  0.11382881E+003  0.30131659E+003  0.59152975E+003
  0.00000000E+000  0.00000000E+000  0.00000000E+000  0.00000000E+000  0.42174743E-001  0.36749569E+000  0.69439895E+001  0.46557570E+002  0.11382848E+003  0.30131603E+003  0.59152991E+003
  0.00000000E+000  0.00000000E+000  0.00000000E+000  0.00000000E+000  0.42174731E-001  0.36749502E+000  0.69439571E+001  0.46557434E+002  0.11382814E+003  0.30131545E+003  0.59153001E+003
  0.00000000E+000  0.00000000E+000  0.00000000E+000  0.00000000E+000  0.42174720E-001  0.36749440E+000  0.69439255E+001  0.46557300E+002  0.11382781E+003  0.30131484E+003  0.59153004E+003
  0.00000000E+000  0.00000000E+000  0.00000000E+000  0.00000000E+000  0.42174710E-001  0.36749383E+000  0.69438949E+001  0.46557166E+002  0.11382748E+003  0.30131421E+003  0.59153001E+003
  0.00000000E+000  0.00000000E+000  0.00000000E+000  0.00000000E+000  0.42174701E-001  0.36749332E+000  0.69438652E+001  0.46557033E+002  0.11382715E+003  0.30131356E+003  0.59152992E+003
  0.00000000E+000  0.00000000E+000  0.00000000E+000  0.00000000E+000  0.42174692E-001  0.36749284E+000  0.69438365E+001  0.46556901E+002  0.11382683E+003  0.30131289E+003  0.59152977E+003
  0.00000000E+000  0.00000000E+000  0.00000000E+000  0.00000000E+000  0.42174683E-001  0.36749241E+000  0.69438088E+001  0.46556770E+002  0.11382651E+003  0.30131220E+003  0.59152955E+003
  0.00000000E+000  0.00000000E+000  0.00000000E+000  0.00000000E+000  0.42174676E-001  0.36749201E+000  0.69437822E+001  0.46556640E+002  0.11382620E+003  0.30131149E+003  0.59152927E+003
  0.00000000E+000  0.00000000E+000  0.00000000E+000  0.00000000E+000  0.42174669E-001  0.36749165E+000  0.69437566E+001  0.46556511E+002  0.11382589E+003  0.30131077E+003  0.59152893E+003
  0.00000000E+000  0.00000000E+000  0.00000000E+000  0.00000000E+000  0.42174662E-001  0.36749132E+000  0.69437321E+001  0.46556382E+002  0.11382558E+003  0.30131003E+003  0.59152852E+003
  0.00000000E+000  0.00000000E+000  0.00000000E+000  0.00000000E+000  0.42174656E-001  0.36749102E+000  0.69437087E+001  0.46556255E+002  0.11382528E+003  0.30130928E+003  0.59152806E+003
  0.00000000E+000  0.00000000E+000  0.00000000E+000  0.00000000E+000  0.42174650E-001  0.36749074E+000  0.69436863E+001  0.46556128E+002  0.11382498E+003  0.30130852E+003  0.59152753E+003
  0.00000000E+000  0.00000000E+000  0.00000000E+000  0.00000000E+000  0.42174645E-001  0.36749049E+000  0.69436650E+001  0.46556003E+002  0.11382468E+003  0.30130774E+003  0.59152695E+003
  0.00000000E+000  0.00000000E+000  0.00000000E+000  0.00000000E+000  0.42174640E-001  0.36749026E+000  0.69436447E+001  0.46555878E+002  0.11382439E+003  0.30130696E+003  0.59152632E+003
  0.00000000E+000  0.00000000E+000  0.00000000E+000  0.00000000E+000  0.42174635E-001  0.36749005E+000  0.69436255E+001  0.46555755E+002  0.11382410E+003  0.30130617E+003  0.59152562E+003
  0.00000000E+000  0.00000000E+000  0.00000000E+000  0.00000000E+000  0.42174631E-001  0.36748986E+000  0.69436072E+001  0.46555633E+002  0.11382382E+003  0.30130538E+003  0.59152488E+003
  0.00000000E+000  0.00000000E+000  0.00000000E+000  0.00000000E+000  0.42174627E-001  0.36748969E+000  0.69435900E+001  0.46555512E+002  0.11382354E+003  0.30130458E+003  0.59152408E+003
  0.00000000E+000  0.00000000E+000  0.00000000E+000  0.00000000E+000  0.42174623E-001  0.36748953E+000  0.69435736E+001  0.46555393E+002  0.11382326E+003  0.30130377E+003  0.59152323E+003
  0.00000000E+000  0.00000000E+000  0.00000000E+000  0.00000000E+000  0.42174620E-001  0.36748938E+000  0.69435583E+001  0.46555275E+002  0.11382299E+003  0.30130296E+003  0.59152234E+003
  0.00000000E+000  0.00000000E+000  0.00000000E+000  0.00000000E+000  0.42174616E-001  0.36748925E+000  0.69435438E+001  0.46555159E+002  0.11382272E+003  0.30130215E+003  0.59152140E+003
  0.00000000E+000  0.00000000E+000  0.00000000E+000  0.00000000E+000  0.42174613E-001  0.36748913E+000  0.69435301E+001  0.46555045E+002  0.11382245E+003  0.30130134E+003  0.59152042E+003
  0.00000000E+000  0.00000000E+000  0.00000000E+000  0.00000000E+000  0.42174611E-001  0.36748902E+000  0.69435173E+001  0.46554933E+002  0.11382219E+003  0.30130053E+003  0.59151940E+003
  0.00000000E+000  0.00000000E+000  0.00000000E+000  0.00000000E+000  0.42174608E-001  0.36748892E+000  0.69435053E+001  0.46554823E+002  0.11382193E+003  0.30129972E+003  0.59151833E+003
  0.00000000E+000  0.00000000E+000  0.00000000E+000  0.00000000E+000  0.42174606E-001  0.36748883E+000  0.69434941E+001  0.46554715E+002  0.11382168E+003  0.30129891E+003  0.59151724E+003
  0.00000000E+000  0.00000000E+000  0.00000000E+000  0.00000000E+000  0.42174604E-001  0.36748875E+000  0.69434836E+001  0.46554609E+002  0.11382143E+003  0.30129811E+003  0.59151611E+003
  0.00000000E+000  0.00000000E+000  0.00000000E+000  0.00000000E+000  0.42174602E-001  0.36748867E+000  0.69434737E+001  0.46554505E+002  0.11382118E+003  0.30129731E+003  0.59151495E+003
  0.00000000E+000  0.00000000E+000  0.00000000E+000  0.00000000E+000  0.42174600E-001  0.36748860E+000  0.69434645E+001  0.46554404E+002  0.11382094E+003  0.30129651E+003  0.59151376E+003
  0.00000000E+000  0.00000000E+000  0.00000000E+000  0.00000000E+000  0.42174598E-001  0.36748854E+000  0.69434560E+001  0.46554305E+002  0.11382070E+003  0.30129572E+003  0.59151254E+003
  0.00000000E+000  0.00000000E+000  0.00000000E+000  0.00000000E+000  0.42174597E-001  0.36748848E+000  0.69434480E+001  0.46554209E+002  0.11382047E+003  0.30129494E+003  0.59151130E+003
  0.00000000E+000  0.00000000E+000  0.00000000E+000  0.00000000E+000  0.42174596E-001  0.36748843E+000  0.69434406E+001  0.46554115E+002  0.11382023E+003  0.30129416E+003  0.59151004E+003
  0.00000000E+000  0.00000000E+000  0.00000000E+000  0.00000000E+000  0.42174595E-001  0.36748838E+000  0.69434336E+001  0.46554024E+002  0.11382001E+003  0.30129339E+003  0.59150876E+003
  0.00000000E+000  0.00000000E+000  0.00000000E+000  0.00000000E+000  0.42174594E-001  0.36748834E+000  0.69434272E+001  0.46553936E+002  0.11381979E+003  0.30129262E+003  0.59150746E+003
  0.00000000E+000  0.00000000E+000  0.00000000E+000  0.00000000E+000  0.42174593E-001  0.36748830E+000  0.69434213E+001  0.46553851E+002  0.11381957E+003  0.30129187E+003  0.59150615E+003
  0.00000000E+000  0.00000000E+000  0.00000000E+000  0.00000000E+000  0.42174592E-001  0.36748826E+000  0.69434158E+001  0.46553768E+002  0.11381935E+003  0.30129112E+003  0.59150483E+003
  0.00000000E+000  0.00000000E+000  0.00000000E+000  0.00000000E+000  0.42174591E-001  0.36748823E+000  0.69434106E+001  0.46553688E+002  0.11381914E+003  0.30129038E+003  0.59150350E+003
  0.00000000E+000  0.00000000E+000  0.00000000E+000  0.00000000E+000  0.42174591E-001  0.36748820E+000  0.69434059E+001  0.46553611E+002  0.11381894E+003  0.30128965E+003  0.59150216E+003
  0.00000000E+000  0.00000000E+000  0.00000000E+000  0.00000000E+000  0.42174590E-001  0.36748817E+000  0.69434015E+001  0.46553536E+002  0.11381873E+003  0.30128893E+003  0.59150082E+003
  0.00000000E+000  0.00000000E+000  0.00000000E+000  0.00000000E+000  0.42174590E-001  0.36748815E+000  0.69433975E+001  0.46553465E+002  0.11381854E+003  0.30128822E+003  0.59149947E+003
  0.00000000E+000  0.00000000E+000  0.00000000E+000  0.00000000E+000  0.42174590E-001  0.36748813E+000  0.69433937E+001  0.46553396E+002  0.11381834E+003  0.30128752E+003  0.59149812E+003
  0.00000000E+000  0.00000000E+000  0.00000000E+000  0.00000000E+000  0.42174590E-001  0.36748811E+000  0.69433903E+001  0.46553330E+002  0.11381816E+003  0.30128683E+003  0.59149677E+003
  0.00000000E+000  0.00000000E+000  0.00000000E+000  0.00000000E+000  0.42174589E-001  0.36748809E+000  0.69433871E+001  0.46553266E+002  0.11381797E+003  0.30128614E+003  0.59149542E+003
  0.00000000E+000  0.00000000E+000  0.00000000E+000  0.00000000E+000  0.42174589E-001  0.36748808E+000  0.69433842E+001  0.46553205E+002  0.11381779E+003  0.30128547E+003  0.59149407E+003
  0.00000000E+000  0.00000000E+000  0.00000000E+000  0.00000000E+000  0.42174590E-001  0.36748806E+000  0.69433815E+001  0.46553147E+002  0.11381762E+003  0.30128482E+003  0.59149273E+003
  0.00000000E+000  0.00000000E+000  0.00000000E+000  0.00000000E+000  0.42174590E-001  0.36748805E+000  0.69433790E+001  0.46553092E+002  0.11381745E+003  0.30128417E+003  0.59149139E+003
  0.00000000E+000  0.00000000E+000  0.00000000E+000  0.00000000E+000  0.42174590E-001  0.36748804E+000  0.69433767E+001  0.46553039E+002  0.11381728E+003  0.30128353E+003  0.59149006E+003
  0.00000000E+000  0.00000000E+000  0.00000000E+000  0.00000000E+000  0.42174590E-001  0.36748803E+000  0.69433746E+001  0.46552988E+002  0.11381712E+003  0.30128290E+003  0.59148874E+003
  0.00000000E+000  0.00000000E+000  0.00000000E+000  0.00000000E+000  0.42174590E-001  0.36748802E+000  0.69433727E+001  0.46552940E+002  0.11381697E+003  0.30128229E+003  0.59148743E+003
  0.00000000E+000  0.00000000E+000  0.00000000E+000  0.00000000E+000  0.42174590E-001  0.36748801E+000  0.69433709E+001  0.46552895E+002  0.11381681E+003  0.30128169E+003  0.59148614E+003
  0.00000000E+000  0.00000000E+000  0.00000000E+000  0.00000000E+000  0.42174591E-001  0.36748801E+000  0.69433693E+001  0.46552851E+002  0.11381667E+003  0.30128110E+003  0.59148485E+003
  0.00000000E+000  0.00000000E+000  0.00000000E+000  0.00000000E+000  0.42174591E-001  0.36748800E+000  0.69433678E+001  0.46552810E+002  0.11381653E+003  0.30128052E+003  0.59148358E+003
  0.00000000E+000  0.00000000E+000  0.00000000E+000  0.00000000E+000  0.42174591E-001  0.36748800E+000  0.69433665E+001  0.46552771E+002  0.11381639E+003  0.30127995E+003  0.59148232E+003
  0.00000000E+000  0.00000000E+000  0.00000000E+000  0.00000000E+000  0.42174591E-001  0.36748799E+000  0.69433652E+001  0.46552734E+002  0.11381626E+003  0.30127939E+003  0.59148107E+003
  0.00000000E+000  0.00000000E+000  0.00000000E+000  0.00000000E+000  0.42174592E-001  0.36748799E+000  0.69433641E+001  0.46552699E+002  0.11381613E+003  0.30127885E+003  0.59147984E+003
  0.00000000E+000  0.00000000E+000  0.00000000E+000  0.00000000E+000  0.42174592E-001  0.36748799E+000  0.69433630E+001  0.46552666E+002  0.11381600E+003  0.30127832E+003  0.59147863E+003
  0.00000000E+000  0.00000000E+000  0.00000000E+000  0.00000000E+000  0.42174592E-001  0.36748799E+000  0.69433621E+001  0.46552635E+002  0.11381589E+003  0.30127779E+003  0.59147743E+003
  0.00000000E+000  0.00000000E+000  0.00000000E+000  0.00000000E+000  0.42174592E-001  0.36748798E+000  0.69433612E+001  0.46552605E+002  0.11381577E+003  0.30127729E+003  0.59147625E+003
  0.00000000E+000  0.00000000E+000  0.00000000E+000  0.00000000E+000  0.42174592E-001  0.36748798E+000  0.69433605E+001  0.46552578E+002  0.11381566E+003  0.30127679E+003  0.59147509E+003
