 -0.82433473E+000 -0.64308161E+000 -0.27719921E+000 -0.66076871E-004  0.84371337E-001  0.17428241E+001  0.12063646E+002  0.59173118E+002  0.13400207E+003  0.34790471E+003  0.65682841E+003
 -0.81925081E+000 -0.63766077E+000 -0.27568641E+000 -0.62104772E-004  0.85082053E-001  0.17456042E+001  0.12067295E+002  0.59173304E+002  0.13400264E+003  0.34790510E+003  0.65682902E+003
 -0.81514370E+000 -0.63623096E+000 -0.27447493E+000 -0.60493028E-004  0.85361427E-001  0.17463016E+001  0.12070268E+002  0.59173347E+002  0.13400282E+003  0.34790525E+003  0.65682925E+003
 -0.81200816E+000 -0.63507857E+000 -0.27355735E+000 -0.59833915E-004  0.85552280E-001  0.17466979E+001  0.12072687E+002  0.59173331E+002  0.13400281E+003  0.34790528E+003  0.65682929E+003
 -0.80960971E+000 -0.63416248E+000 -0.27326985E+000 -0.59597580E-004  0.85669162E-001  0.17470097E+001  0.12074651E+002  0.59173299E+002  0.13400273E+003  0.34790525E+003  0.65682925E+003
 -0.80772567E+000 -0.63344725E+000 -0.27304626E+000 -0.59681929E-004  0.85744531E-001  0.17472534E+001  0.12076243E+002  0.59173269E+002  0.13400264E+003  0.34790520E+003  0.65682917E+003
 -0.80637289E+000 -0.63290174E+000 -0.27287504E+000 -0.59935955E-004  0.85791369E-001  0.17474419E+001  0.12077528E+002  0.59173242E+002  0.13400255E+003  0.34790514E+003  0.65682908E+003
 -0.80543931E+000 -0.63249741E+000 -0.27274692E+000 -0.60240446E-004  0.85818426E-001  0.17475847E+001  0.12078558E+002  0.59173221E+002  0.13400247E+003  0.34790509E+003  0.65682899E+003
 -0.80483541E+000 -0.63220953E+000 -0.27265448E+000 -0.60531394E-004  0.85831084E-001  0.17476889E+001  0.12079376E+002  0.59173204E+002  0.13400241E+003  0.34790503E+003  0.65682891E+003
 -0.80449102E+000 -0.63201799E+000 -0.27259186E+000 -0.60793377E-004  0.85832657E-001  0.17477617E+001  0.12080016E+002  0.59173190E+002  0.13400235E+003  0.34790499E+003  0.65682884E+003
 -0.80434777E+000 -0.63190512E+000 -0.27255398E+000 -0.61052175E-004  0.85825658E-001  0.17478090E+001  0.12080507E+002  0.59173178E+002  0.13400231E+003  0.34790495E+003  0.65682878E+003
 -0.80436179E+000 -0.63185507E+000 -0.27253675E+000 -0.61311197E-004  0.85811900E-001  0.17478352E+001  0.12080874E+002  0.59173169E+002  0.13400227E+003  0.34790491E+003  0.65682872E+003
 -0.80449776E+000 -0.63185574E+000 -0.27253674E+000 -0.61568171E-004  0.85792844E-001  0.17478437E+001  0.12081134E+002  0.59173161E+002  0.13400224E+003  0.34790489E+003  0.65682868E+003
 -0.80472685E+000 -0.63189683E+000 -0.27255104E+000 -0.61818960E-004  0.85769734E-001  0.17478375E+001  0.12081307E+002  0.59173155E+002  0.13400221E+003  0.34790486E+003  0.65682864E+003
 -0.80502656E+000 -0.63196997E+000 -0.27257721E+000 -0.62061445E-004  0.85743560E-001  0.17478191E+001  0.12081404E+002  0.59173150E+002  0.13400219E+003  0.34790484E+003  0.65682861E+003
 -0.80537927E+000 -0.63206842E+000 -0.27261316E+000 -0.62294615E-004  0.85715122E-001  0.17477905E+001  0.12081439E+002  0.59173145E+002  0.13400218E+003  0.34790482E+003  0.65682858E+003
 -0.80577082E+000 -0.63218663E+000 -0.27265715E+000 -0.62517112E-004  0.85685066E-001  0.17477535E+001  0.12081420E+002  0.59173142E+002  0.13400216E+003  0.34790481E+003  0.65682856E+003
 -0.80619020E+000 -0.63232018E+000 -0.27270771E+000 -0.62728351E-004  0.85653907E-001  0.17477097E+001  0.12081357E+002  0.59173138E+002  0.13400215E+003  0.34790480E+003  0.65682854E+003
 -0.80662982E+000 -0.63246551E+000 -0.27276362E+000 -0.62928900E-004  0.85622062E-001  0.17476606E+001  0.12081255E+002  0.59173136E+002  0.13400214E+003  0.34790479E+003  0.65682852E+003
 -0.80708394E+000 -0.63261961E+000 -0.27282379E+000 -0.63118305E-004  0.85589894E-001  0.17476072E+001  0.12081122E+002  0.59173134E+002  0.13400213E+003  0.34790478E+003  0.65682851E+003
 -0.80754765E+000 -0.63278028E+000 -0.27288733E+000 -0.63297245E-004  0.85557666E-001  0.17475502E+001  0.12080961E+002  0.59173132E+002  0.13400212E+003  0.34790477E+003  0.65682849E+003
 -0.80801765E+000 -0.63294563E+000 -0.27295346E+000 -0.63465874E-004  0.85525604E-001  0.17474902E+001  0.12080778E+002  0.59173130E+002  0.13400211E+003  0.34790476E+003  0.65682848E+003
 -0.80849144E+000 -0.63311422E+000 -0.27302150E+000 -0.63624817E-004  0.85493873E-001  0.17474279E+001  0.12080576E+002  0.59173129E+002  0.13400211E+003  0.34790476E+003  0.65682848E+003
 -0.80896668E+000 -0.63328501E+000 -0.27309088E+000 -0.63774692E-004  0.85462607E-001  0.17473637E+001  0.12080359E+002  0.59173128E+002  0.13400210E+003  0.34790475E+003  0.65682847E+003
 -0.80944157E+000 -0.63345717E+000 -0.27316111E+000 -0.63915884E-004  0.85431914E-001  0.17472981E+001  0.12080127E+002  0.59173127E+002  0.13400210E+003  0.34790475E+003  0.65682846E+003
 -0.80991493E+000 -0.63363011E+000 -0.27323175E+000 -0.64049038E-004  0.85401874E-001  0.17472314E+001  0.12079885E+002  0.59173126E+002  0.13400210E+003  0.34790475E+003  0.65682846E+003
 -0.81036133E+000 -0.63380336E+000 -0.27330245E+000 -0.64174621E-004  0.85372553E-001  0.17471641E+001  0.12079633E+002  0.59173126E+002  0.13400209E+003  0.34790474E+003  0.65682845E+003
 -0.81079393E+000 -0.63397659E+000 -0.27337287E+000 -0.64293130E-004  0.85344001E-001  0.17470962E+001  0.12079373E+002  0.59173125E+002  0.13400209E+003  0.34790474E+003  0.65682845E+003
 -0.81122392E+000 -0.63414956E+000 -0.27344275E+000 -0.64404996E-004  0.85316259E-001  0.17470282E+001  0.12079106E+002  0.59173125E+002  0.13400209E+003  0.34790474E+003  0.65682845E+003
 -0.81165123E+000 -0.63432209E+000 -0.27351185E+000 -0.64510624E-004  0.85289359E-001  0.17469603E+001  0.12078833E+002  0.59173124E+002  0.13400209E+003  0.34790474E+003  0.65682845E+003
 -0.81207588E+000 -0.63449407E+000 -0.27357996E+000 -0.64610372E-004  0.85263325E-001  0.17468927E+001  0.12078555E+002  0.59173124E+002  0.13400209E+003  0.34790474E+003  0.65682844E+003
 -0.81249797E+000 -0.63466542E+000 -0.27373997E+000 -0.64704581E-004  0.85238176E-001  0.17468255E+001  0.12078273E+002  0.59173124E+002  0.13400209E+003  0.34790474E+003  0.65682844E+003
 -0.81291763E+000 -0.63483606E+000 -0.27391211E+000 -0.64793536E-004  0.85213928E-001  0.17467589E+001  0.12077987E+002  0.59173123E+002  0.13400209E+003  0.34790474E+003  0.65682844E+003
 -0.81333500E+000 -0.63500593E+000 -0.27408053E+000 -0.64877513E-004  0.85190590E-001  0.17466931E+001  0.12077697E+002  0.59173123E+002  0.13400209E+003  0.34790474E+003  0.65682844E+003
 -0.81375023E+000 -0.63517497E+000 -0.27424493E+000 -0.64956764E-004  0.85168171E-001  0.17466282E+001  0.12077404E+002  0.59173123E+002  0.13400209E+003  0.34790474E+003  0.65682844E+003
 -0.81416340E+000 -0.63534311E+000 -0.27440508E+000 -0.65031520E-004  0.85146673E-001  0.17465643E+001  0.12077109E+002  0.59173123E+002  0.13400208E+003  0.34790473E+003  0.65682844E+003
 -0.81457463E+000 -0.63551026E+000 -0.27456076E+000 -0.65102000E-004  0.85126097E-001  0.17465015E+001  0.12076812E+002  0.59173123E+002  0.13400208E+003  0.34790473E+003  0.65682844E+003
 -0.81498393E+000 -0.63567630E+000 -0.27471178E+000 -0.65168416E-004  0.85106442E-001  0.17464398E+001  0.12076512E+002  0.59173123E+002  0.13400208E+003  0.34790473E+003  0.65682844E+003
 -0.81539122E+000 -0.63584111E+000 -0.27485802E+000 -0.65230949E-004  0.85087703E-001  0.17463795E+001  0.12076211E+002  0.59173123E+002  0.13400208E+003  0.34790473E+003  0.65682844E+003
 -0.81579633E+000 -0.63600451E+000 -0.27499934E+000 -0.65289802E-004  0.85069873E-001  0.17463205E+001  0.12075909E+002  0.59173123E+002  0.13400208E+003  0.34790473E+003  0.65682844E+003
 -0.81619901E+000 -0.63616633E+000 -0.27513564E+000 -0.65345142E-004  0.85052943E-001  0.17462630E+001  0.12075606E+002  0.59173123E+002  0.13400208E+003  0.34790473E+003  0.65682844E+003
 -0.81659889E+000 -0.63632634E+000 -0.27526686E+000 -0.65397161E-004  0.85036899E-001  0.17462069E+001  0.12075303E+002  0.59173123E+002  0.13400208E+003  0.34790473E+003  0.65682844E+003
 -0.81699554E+000 -0.63648432E+000 -0.27539294E+000 -0.65446024E-004  0.85021729E-001  0.17461524E+001  0.12075000E+002  0.59173123E+002  0.13400208E+003  0.34790473E+003  0.65682844E+003
 -0.81738841E+000 -0.63663998E+000 -0.27551384E+000 -0.65491904E-004  0.85007414E-001  0.17460994E+001  0.12074697E+002  0.59173123E+002  0.13400208E+003  0.34790473E+003  0.65682844E+003
 -0.81777685E+000 -0.63679307E+000 -0.27562954E+000 -0.65534950E-004  0.84979555E-001  0.17460481E+001  0.12074397E+002  0.59173122E+002  0.13400208E+003  0.34790473E+003  0.65682844E+003
 -0.81816014E+000 -0.63694327E+000 -0.27574003E+000 -0.65575328E-004  0.84948079E-001  0.17459984E+001  0.12074098E+002  0.59173122E+002  0.13400208E+003  0.34790473E+003  0.65682844E+003
 -0.81853747E+000 -0.63709030E+000 -0.27584534E+000 -0.65613170E-004  0.84918549E-001  0.17459505E+001  0.12073802E+002  0.59173122E+002  0.13400208E+003  0.34790473E+003  0.65682844E+003
 -0.81890796E+000 -0.63723385E+000 -0.27594549E+000 -0.65648632E-004  0.84890905E-001  0.17459043E+001  0.12073509E+002  0.59173122E+002  0.13400208E+003  0.34790473E+003  0.65682844E+003
 -0.81927071E+000 -0.63737363E+000 -0.27604053E+000 -0.65681832E-004  0.84865084E-001  0.17458599E+001  0.12073220E+002  0.59173122E+002  0.13400208E+003  0.34790473E+003  0.65682844E+003
 -0.81962477E+000 -0.63750934E+000 -0.27613052E+000 -0.65712898E-004  0.84841015E-001  0.17456826E+001  0.12072935E+002  0.59173122E+002  0.13400208E+003  0.34790473E+003  0.65682844E+003
 -0.81996918E+000 -0.63764072E+000 -0.27621553E+000 -0.65741939E-004  0.84818622E-001  0.17455054E+001  0.12072654E+002  0.59173122E+002  0.13400208E+003  0.34790473E+003  0.65682844E+003
 -0.82030300E+000 -0.63776751E+000 -0.27629567E+000 -0.65769069E-004  0.84797821E-001  0.17453363E+001  0.12072378E+002  0.59173122E+002  0.13400208E+003  0.34790473E+003  0.65682844E+003
 -0.82062535E+000 -0.63788950E+000 -0.27637102E+000 -0.65794391E-004  0.84778525E-001  0.17451753E+001  0.12072108E+002  0.59173122E+002  0.13400208E+003  0.34790473E+003  0.65682844E+003
 -0.82093536E+000 -0.63800649E+000 -0.27644172E+000 -0.65817995E-004  0.84760638E-001  0.17450223E+001  0.12071843E+002  0.59173122E+002  0.13400208E+003  0.34790473E+003  0.65682844E+003
 -0.82123227E+000 -0.63836996E+000 -0.27650789E+000 -0.65839964E-004  0.84744063E-001  0.17448774E+001  0.12071584E+002  0.59173122E+002  0.13400208E+003  0.34790473E+003  0.65682844E+003
 -0.82151541E+000 -0.63874963E+000 -0.27656967E+000 -0.65860382E-004  0.84728696E-001  0.17447406E+001  0.12071330E+002  0.59173122E+002  0.13400208E+003  0.34790473E+003  0.65682844E+003
 -0.82178423E+000 -0.63911018E+000 -0.27662721E+000 -0.65879322E-004  0.84714430E-001  0.17446118E+001  0.12071083E+002  0.59173122E+002  0.13400208E+003  0.34790473E+003  0.65682844E+003
 -0.82203830E+000 -0.63945137E+000 -0.27668066E+000 -0.65896865E-004  0.84701154E-001  0.17444909E+001  0.12070841E+002  0.59173122E+002  0.13400208E+003  0.34790473E+003  0.65682844E+003
 -0.82227733E+000 -0.63977308E+000 -0.27673020E+000 -0.65913080E-004  0.84688757E-001  0.17443778E+001  0.12070606E+002  0.59173122E+002  0.13400208E+003  0.34790473E+003  0.65682844E+003
 -0.82250117E+000 -0.64007533E+000 -0.27677599E+000 -0.65928035E-004  0.84677128E-001  0.17442722E+001  0.12070378E+002  0.59173122E+002  0.13400208E+003  0.34790474E+003  0.65682844E+003
 -0.82270723E+000 -0.64035826E+000 -0.27681820E+000 -0.65941801E-004  0.84666159E-001  0.17441742E+001  0.12070156E+002  0.59173122E+002  0.13400208E+003  0.34790474E+003  0.65682844E+003
 -0.82287448E+000 -0.64062212E+000 -0.27685700E+000 -0.65954440E-004  0.84655744E-001  0.17440833E+001  0.12069940E+002  0.59173122E+002  0.13400208E+003  0.34790474E+003  0.65682844E+003
 -0.82302890E+000 -0.64086727E+000 -0.27689257E+000 -0.65966016E-004  0.84645784E-001  0.17439995E+001  0.12069731E+002  0.59173122E+002  0.13400208E+003  0.34790474E+003  0.65682844E+003
 -0.82317079E+000 -0.64109416E+000 -0.27692509E+000 -0.65976596E-004  0.84636185E-001  0.17439224E+001  0.12069528E+002  0.59173122E+002  0.13400208E+003  0.34790474E+003  0.65682844E+003
 -0.82330055E+000 -0.64130334E+000 -0.27695472E+000 -0.65986241E-004  0.84626864E-001  0.17438518E+001  0.12069332E+002  0.59173122E+002  0.13400208E+003  0.34790474E+003  0.65682844E+003
 -0.82341865E+000 -0.64149543E+000 -0.27698164E+000 -0.65995006E-004  0.84617746E-001  0.17437874E+001  0.12069144E+002  0.59173122E+002  0.13400208E+003  0.34790474E+003  0.65682844E+003
 -0.82352565E+000 -0.64167112E+000 -0.27700602E+000 -0.66002956E-004  0.84608768E-001  0.17437288E+001  0.12068961E+002  0.59173122E+002  0.13400208E+003  0.34790474E+003  0.65682844E+003
 -0.82362213E+000 -0.64183115E+000 -0.27702801E+000 -0.66010139E-004  0.84599877E-001  0.17436758E+001  0.12068786E+002  0.59173122E+002  0.13400208E+003  0.34790474E+003  0.65682844E+003
 -0.82370874E+000 -0.64197633E+000 -0.27704779E+000 -0.66016620E-004  0.84591033E-001  0.17436280E+001  0.12068618E+002  0.59173122E+002  0.13400208E+003  0.34790474E+003  0.65682844E+003
 -0.82378614E+000 -0.64210748E+000 -0.27706552E+000 -0.66022442E-004  0.84582206E-001  0.17435852E+001  0.12068456E+002  0.59173122E+002  0.13400208E+003  0.34790474E+003  0.65682844E+003
 -0.82385501E+000 -0.64222544E+000 -0.27708134E+000 -0.66027662E-004  0.84573380E-001  0.17435469E+001  0.12068301E+002  0.59173122E+002  0.13400208E+003  0.34790474E+003  0.65682844E+003
 -0.82391603E+000 -0.64233109E+000 -0.27709540E+000 -0.66032323E-004  0.84564548E-001  0.17435128E+001  0.12068153E+002  0.59173122E+002  0.13400208E+003  0.34790474E+003  0.65682844E+003
 -0.82396988E+000 -0.64242529E+000 -0.27710785E+000 -0.66036475E-004  0.84555712E-001  0.17434827E+001  0.12068012E+002  0.59173122E+002  0.13400208E+003  0.34790474E+003  0.65682844E+003
 -0.82401720E+000 -0.64250892E+000 -0.27711882E+000 -0.66040157E-004  0.84546885E-001  0.17434562E+001  0.12067877E+002  0.59173122E+002  0.13400208E+003  0.34790474E+003  0.65682844E+003
 -0.82405862E+000 -0.64258282E+000 -0.27712844E+000 -0.66043417E-004  0.84538086E-001  0.17434329E+001  0.12067748E+002  0.59173122E+002  0.13400208E+003  0.34790474E+003  0.65682844E+003
 -0.82409476E+000 -0.64264784E+000 -0.27713685E+000 -0.66046287E-004  0.84529341E-001  0.17434126E+001  0.12067626E+002  0.59173122E+002  0.13400208E+003  0.34790474E+003  0.65682844E+003
 -0.82412617E+000 -0.64270479E+000 -0.27714416E+000 -0.66048811E-004  0.84520680E-001  0.17433951E+001  0.12067511E+002  0.59173122E+002  0.13400208E+003  0.34790474E+003  0.65682844E+003
 -0.82415338E+000 -0.64275443E+000 -0.27715047E+000 -0.66051018E-004  0.84512136E-001  0.17433799E+001  0.12067401E+002  0.59173122E+002  0.13400208E+003  0.34790474E+003  0.65682844E+003
 -0.82417688E+000 -0.64279751E+000 -0.27715591E+000 -0.66052946E-004  0.84503745E-001  0.17433670E+001  0.12067297E+002  0.59173122E+002  0.13400208E+003  0.34790474E+003  0.65682844E+003
 -0.82419712E+000 -0.64283474E+000 -0.27716056E+000 -0.66054621E-004  0.84495542E-001  0.17433559E+001  0.12067198E+002  0.59173121E+002  0.13400208E+003  0.34790474E+003  0.65682844E+003
 -0.82421451E+000 -0.64286676E+000 -0.27716452E+000 -0.66056076E-004  0.84487561E-001  0.17433465E+001  0.12067105E+002  0.59173121E+002  0.13400208E+003  0.34790474E+003  0.65682844E+003
 -0.82422941E+000 -0.64289419E+000 -0.27716788E+000 -0.66057335E-004  0.84479836E-001  0.17433385E+001  0.12067017E+002  0.59173121E+002  0.13400208E+003  0.34790474E+003  0.65682844E+003
 -0.82424217E+000 -0.64291759E+000 -0.27717071E+000 -0.66058424E-004  0.84472395E-001  0.17433319E+001  0.12066935E+002  0.59173121E+002  0.13400208E+003  0.34790474E+003  0.65682844E+003
 -0.82425308E+000 -0.64293748E+000 -0.27717308E+000 -0.66059366E-004  0.84465265E-001  0.17433263E+001  0.12066856E+002  0.59173121E+002  0.13400208E+003  0.34790474E+003  0.65682844E+003
 -0.82426239E+000 -0.64295432E+000 -0.27717506E+000 -0.66060180E-004  0.84458466E-001  0.17433216E+001  0.12066782E+002  0.59173121E+002  0.13400208E+003  0.34790474E+003  0.65682844E+003
 -0.82427035E+000 -0.64296855E+000 -0.27717672E+000 -0.66060887E-004  0.84452015E-001  0.17433176E+001  0.12066713E+002  0.59173121E+002  0.13400208E+003  0.34790474E+003  0.65682845E+003
 -0.82427715E+000 -0.64298054E+000 -0.27717809E+000 -0.66061502E-004  0.84445924E-001  0.17433142E+001  0.12066647E+002  0.59173121E+002  0.13400208E+003  0.34790474E+003  0.65682845E+003
 -0.82428296E+000 -0.64299063E+000 -0.27717923E+000 -0.66062043E-004  0.84440199E-001  0.17433113E+001  0.12066585E+002  0.59173121E+002  0.13400208E+003  0.34790474E+003  0.65682845E+003
 -0.82428795E+000 -0.64299912E+000 -0.27718018E+000 -0.66062520E-004  0.84434843E-001  0.17433087E+001  0.12066526E+002  0.59173121E+002  0.13400208E+003  0.34790474E+003  0.65682845E+003
 -0.82429225E+000 -0.64300626E+000 -0.27718098E+000 -0.66062948E-004  0.84429852E-001  0.17433064E+001  0.12066470E+002  0.59173121E+002  0.13400208E+003  0.34790474E+003  0.65682845E+003
 -0.82429595E+000 -0.64301229E+000 -0.27718165E+000 -0.66063337E-004  0.84425221E-001  0.17433041E+001  0.12066417E+002  0.59173121E+002  0.13400208E+003  0.34790474E+003  0.65682845E+003
 -0.82429917E+000 -0.64301739E+000 -0.27718222E+000 -0.66063694E-004  0.84420940E-001  0.17433019E+001  0.12066366E+002  0.59173121E+002  0.13400208E+003  0.34790474E+003  0.65682845E+003
 -0.82430197E+000 -0.64302173E+000 -0.27718272E+000 -0.66064027E-004  0.84416995E-001  0.17432997E+001  0.12066318E+002  0.59173121E+002  0.13400208E+003  0.34790474E+003  0.65682845E+003
 -0.82430443E+000 -0.64302545E+000 -0.27718316E+000 -0.66064344E-004  0.84413371E-001  0.17432972E+001  0.12066273E+002  0.59173121E+002  0.13400208E+003  0.34790474E+003  0.65682845E+003
 -0.82430660E+000 -0.64302868E+000 -0.27718356E+000 -0.66064649E-004  0.84410050E-001  0.17432946E+001  0.12066229E+002  0.59173121E+002  0.13400208E+003  0.34790474E+003  0.65682845E+003
 -0.82430852E+000 -0.64303150E+000 -0.27718394E+000 -0.66064947E-004  0.84407015E-001  0.17432917E+001  0.12066187E+002  0.59173121E+002  0.13400208E+003  0.34790474E+003  0.65682845E+003
 -0.82431025E+000 -0.64303399E+000 -0.27718430E+000 -0.66065241E-004  0.84404244E-001  0.17432885E+001  0.12066147E+002  0.59173121E+002  0.13400208E+003  0.34790474E+003  0.65682845E+003
 -0.82431180E+000 -0.64303624E+000 -0.27718464E+000 -0.66065534E-004  0.84401719E-001  0.17432848E+001  0.12066108E+002  0.59173121E+002  0.13400208E+003  0.34790474E+003  0.65682845E+003
 -0.82431321E+000 -0.64303827E+000 -0.27718498E+000 -0.66065828E-004  0.84399420E-001  0.17432808E+001  0.12066071E+002  0.59173121E+002  0.13400208E+003  0.34790474E+003  0.65682845E+003
 -0.82431449E+000 -0.64304015E+000 -0.27718533E+000 -0.66066123E-004  0.84397327E-001  0.17432763E+001  0.12066035E+002  0.59173121E+002  0.13400208E+003  0.34790475E+003  0.65682845E+003
 -0.82431567E+000 -0.64304189E+000 -0.27718567E+000 -0.66066422E-004  0.84395421E-001  0.17432712E+001  0.12066000E+002  0.59173121E+002  0.13400208E+003  0.34790475E+003  0.65682845E+003
 -0.82431675E+000 -0.64304354E+000 -0.27718602E+000 -0.66066724E-004  0.84393686E-001  0.17432657E+001  0.12065967E+002  0.59173121E+002  0.13400208E+003  0.34790475E+003  0.65682846E+003
 -0.82431775E+000 -0.64304509E+000 -0.27718638E+000 -0.66067030E-004  0.84392103E-001  0.17432596E+001  0.12065934E+002  0.59173121E+002  0.13400208E+003  0.34790475E+003  0.65682846E+003
 -0.82431868E+000 -0.64304659E+000 -0.27718675E+000 -0.66067339E-004  0.84390659E-001  0.17432530E+001  0.12065902E+002  0.59173121E+002  0.13400208E+003  0.34790475E+003  0.65682846E+003
 -0.82431955E+000 -0.64304802E+000 -0.27718712E+000 -0.66067651E-004  0.84389337E-001  0.17432458E+001  0.12065871E+002  0.59173121E+002  0.13400208E+003  0.34790475E+003  0.65682846E+003
 -0.82432036E+000 -0.64304941E+000 -0.27718749E+000 -0.66067966E-004  0.84388126E-001  0.17432381E+001  0.12065841E+002  0.59173121E+002  0.13400208E+003  0.34790475E+003  0.65682846E+003
 -0.82432112E+000 -0.64305075E+000 -0.27718788E+000 -0.66068282E-004  0.84387014E-001  0.17432299E+001  0.12065812E+002  0.59173121E+002  0.13400208E+003  0.34790475E+003  0.65682846E+003
 -0.82432183E+000 -0.64305205E+000 -0.27718826E+000 -0.66068598E-004  0.84385990E-001  0.17432212E+001  0.12065783E+002  0.59173121E+002  0.13400208E+003  0.34790475E+003  0.65682846E+003
 -0.82432250E+000 -0.64305332E+000 -0.27718865E+000 -0.66068915E-004  0.84385044E-001  0.17432119E+001  0.12065755E+002  0.59173120E+002  0.13400208E+003  0.34790475E+003  0.65682846E+003
 -0.82432313E+000 -0.64305455E+000 -0.27718904E+000 -0.66069230E-004  0.84384169E-001  0.17432022E+001  0.12065727E+002  0.59173120E+002  0.13400208E+003  0.34790475E+003  0.65682846E+003
 -0.82432372E+000 -0.64305575E+000 -0.27718944E+000 -0.66069544E-004  0.84383357E-001  0.17431921E+001  0.12065699E+002  0.59173120E+002  0.13400208E+003  0.34790475E+003  0.65682846E+003
 -0.82432428E+000 -0.64305691E+000 -0.27718983E+000 -0.66069854E-004  0.84382602E-001  0.17431816E+001  0.12065672E+002  0.59173120E+002  0.13400208E+003  0.34790475E+003  0.65682846E+003
 -0.82432481E+000 -0.64305804E+000 -0.27719021E+000 -0.66070161E-004  0.84381897E-001  0.17431708E+001  0.12065645E+002  0.59173120E+002  0.13400208E+003  0.34790475E+003  0.65682846E+003
 -0.82432531E+000 -0.64305913E+000 -0.27719060E+000 -0.66070464E-004  0.84381240E-001  0.17431597E+001  0.12065617E+002  0.59173120E+002  0.13400208E+003  0.34790475E+003  0.65682847E+003
 -0.82432578E+000 -0.64306019E+000 -0.27719097E+000 -0.66070761E-004  0.84380624E-001  0.17431483E+001  0.12065590E+002  0.59173120E+002  0.13400208E+003  0.34790475E+003  0.65682847E+003
 -0.82432623E+000 -0.64306122E+000 -0.27719135E+000 -0.66071051E-004  0.84380047E-001  0.17431367E+001  0.12065563E+002  0.59173120E+002  0.13400208E+003  0.34790475E+003  0.65682847E+003
 -0.82432665E+000 -0.64306221E+000 -0.27719171E+000 -0.66071336E-004  0.84379505E-001  0.17431250E+001  0.12065535E+002  0.59173120E+002  0.13400208E+003  0.34790475E+003  0.65682847E+003
 -0.82432705E+000 -0.64306316E+000 -0.27719207E+000 -0.66071613E-004  0.84378995E-001  0.17431132E+001  0.12065507E+002  0.59173120E+002  0.13400208E+003  0.34790475E+003  0.65682847E+003
 -0.82432744E+000 -0.64306408E+000 -0.27719242E+000 -0.66071882E-004  0.84378516E-001  0.17431013E+001  0.12065478E+002  0.59173120E+002  0.13400208E+003  0.34790475E+003  0.65682847E+003
 -0.82432780E+000 -0.64306497E+000 -0.27719275E+000 -0.66072143E-004  0.84378065E-001  0.17430895E+001  0.12065449E+002  0.59173120E+002  0.13400208E+003  0.34790475E+003  0.65682847E+003
 -0.82432814E+000 -0.64306582E+000 -0.27719308E+000 -0.66072395E-004  0.84377640E-001  0.17430777E+001  0.12065419E+002  0.59173120E+002  0.13400208E+003  0.34790475E+003  0.65682847E+003
 -0.82432847E+000 -0.64306663E+000 -0.27719340E+000 -0.66072639E-004  0.84377240E-001  0.17430660E+001  0.12065389E+002  0.59173120E+002  0.13400208E+003  0.34790475E+003  0.65682847E+003
 -0.82432878E+000 -0.64306742E+000 -0.27719371E+000 -0.66072874E-004  0.84376863E-001  0.17430544E+001  0.12065358E+002  0.59173120E+002  0.13400208E+003  0.34790475E+003  0.65682847E+003
 -0.82432908E+000 -0.64306817E+000 -0.27719401E+000 -0.66073099E-004  0.84376507E-001  0.17430430E+001  0.12065326E+002  0.59173120E+002  0.13400208E+003  0.34790475E+003  0.65682847E+003
 -0.82432936E+000 -0.64306888E+000 -0.27719429E+000 -0.66073316E-004  0.84376172E-001  0.17430319E+001  0.12065293E+002  0.59173120E+002  0.13400208E+003  0.34790475E+003  0.65682847E+003
 -0.82432964E+000 -0.64306957E+000 -0.27719457E+000 -0.66073523E-004  0.84375857E-001  0.17430209E+001  0.12065260E+002  0.59173120E+002  0.13400208E+003  0.34790475E+003  0.65682848E+003
 -0.82432989E+000 -0.64307023E+000 -0.27719483E+000 -0.66073721E-004  0.84375560E-001  0.17430103E+001  0.12065225E+002  0.59173120E+002  0.13400208E+003  0.34790475E+003  0.65682848E+003
 -0.82433014E+000 -0.64307085E+000 -0.27719508E+000 -0.66073910E-004  0.84375281E-001  0.17429999E+001  0.12065190E+002  0.59173120E+002  0.13400208E+003  0.34790475E+003  0.65682848E+003
 -0.82433037E+000 -0.64307145E+000 -0.27719532E+000 -0.66074091E-004  0.84375018E-001  0.17429899E+001  0.12065154E+002  0.59173120E+002  0.13400208E+003  0.34790475E+003  0.65682848E+003
 -0.82433060E+000 -0.64307202E+000 -0.27719555E+000 -0.66074262E-004  0.84374771E-001  0.17429802E+001  0.12065117E+002  0.59173120E+002  0.13400208E+003  0.34790475E+003  0.65682848E+003
 -0.82433081E+000 -0.64307256E+000 -0.27719577E+000 -0.66074425E-004  0.84374539E-001  0.17429708E+001  0.12065080E+002  0.59173120E+002  0.13400208E+003  0.34790475E+003  0.65682848E+003
 -0.82433102E+000 -0.64307307E+000 -0.27719598E+000 -0.66074579E-004  0.84374321E-001  0.17429619E+001  0.12065041E+002  0.59173120E+002  0.13400208E+003  0.34790475E+003  0.65682848E+003
 -0.82433121E+000 -0.64307356E+000 -0.27719618E+000 -0.66074725E-004  0.84374117E-001  0.17429532E+001  0.12065002E+002  0.59173120E+002  0.13400208E+003  0.34790475E+003  0.65682848E+003
 -0.82433140E+000 -0.64307403E+000 -0.27719637E+000 -0.66074863E-004  0.84373925E-001  0.17429450E+001  0.12064963E+002  0.59173120E+002  0.13400208E+003  0.34790475E+003  0.65682848E+003
 -0.82433158E+000 -0.64307447E+000 -0.27719655E+000 -0.66074994E-004  0.84373746E-001  0.17429372E+001  0.12064923E+002  0.59173119E+002  0.13400208E+003  0.34790475E+003  0.65682848E+003
 -0.82433175E+000 -0.64307489E+000 -0.27719671E+000 -0.66075118E-004  0.84373578E-001  0.17429297E+001  0.12064882E+002  0.59173119E+002  0.13400208E+003  0.34790475E+003  0.65682848E+003
 -0.82433191E+000 -0.64307529E+000 -0.27719687E+000 -0.66075234E-004  0.84373420E-001  0.17429226E+001  0.12064842E+002  0.59173119E+002  0.13400208E+003  0.34790475E+003  0.65682848E+003
 -0.82433206E+000 -0.64307567E+000 -0.27719703E+000 -0.66075344E-004  0.84373273E-001  0.17429159E+001  0.12064801E+002  0.59173119E+002  0.13400208E+003  0.34790475E+003  0.65682848E+003
 -0.82433221E+000 -0.64307603E+000 -0.27719717E+000 -0.66075447E-004  0.84373136E-001  0.17429095E+001  0.12064759E+002  0.59173119E+002  0.13400208E+003  0.34790475E+003  0.65682848E+003
 -0.82433235E+000 -0.64307637E+000 -0.27719730E+000 -0.66075544E-004  0.84373007E-001  0.17429035E+001  0.12064718E+002  0.59173119E+002  0.13400208E+003  0.34790475E+003  0.65682848E+003
 -0.82433249E+000 -0.64307669E+000 -0.27719743E+000 -0.66075635E-004  0.84372887E-001  0.17428978E+001  0.12064677E+002  0.59173119E+002  0.13400208E+003  0.34790475E+003  0.65682848E+003
 -0.82433262E+000 -0.64307699E+000 -0.27719755E+000 -0.66075720E-004  0.84372775E-001  0.17428925E+001  0.12064637E+002  0.59173119E+002  0.13400208E+003  0.34790475E+003  0.65682848E+003
 -0.82433274E+000 -0.64307728E+000 -0.27719766E+000 -0.66075801E-004  0.84372671E-001  0.17428875E+001  0.12064596E+002  0.59173119E+002  0.13400208E+003  0.34790475E+003  0.65682848E+003
 -0.82433286E+000 -0.64307756E+000 -0.27719777E+000 -0.66075876E-004  0.84372574E-001  0.17428828E+001  0.12064556E+002  0.59173119E+002  0.13400208E+003  0.34790475E+003  0.65682848E+003
 -0.82433297E+000 -0.64307782E+000 -0.27719787E+000 -0.66075946E-004  0.84372483E-001  0.17428784E+001  0.12064517E+002  0.59173119E+002  0.13400208E+003  0.34790475E+003  0.65682848E+003
 -0.82433307E+000 -0.64307806E+000 -0.27719796E+000 -0.66076013E-004  0.84372398E-001  0.17428743E+001  0.12064478E+002  0.59173119E+002  0.13400208E+003  0.34790475E+003  0.65682848E+003
 -0.82433318E+000 -0.64307830E+000 -0.27719805E+000 -0.66076074E-004  0.84372319E-001  0.17428705E+001  0.12064439E+002  0.59173119E+002  0.13400207E+003  0.34790475E+003  0.65682848E+003
 -0.82433327E+000 -0.64307851E+000 -0.27719813E+000 -0.66076132E-004  0.84372246E-001  0.17428669E+001  0.12064402E+002  0.59173119E+002  0.13400207E+003  0.34790475E+003  0.65682848E+003
 -0.82433336E+000 -0.64307872E+000 -0.27719821E+000 -0.66076186E-004  0.84372178E-001  0.17428636E+001  0.12064365E+002  0.59173119E+002  0.13400207E+003  0.34790474E+003  0.65682848E+003
 -0.82433345E+000 -0.64307892E+000 -0.27719828E+000 -0.66076236E-004  0.84372114E-001  0.17428605E+001  0.12064330E+002  0.59173119E+002  0.13400207E+003  0.34790474E+003  0.65682848E+003
 -0.82433353E+000 -0.64307910E+000 -0.27719835E+000 -0.66076284E-004  0.84372055E-001  0.17428576E+001  0.12064295E+002  0.59173119E+002  0.13400207E+003  0.34790474E+003  0.65682848E+003
 -0.82433361E+000 -0.64307927E+000 -0.27719841E+000 -0.66076328E-004  0.84372000E-001  0.17428550E+001  0.12064261E+002  0.59173119E+002  0.13400207E+003  0.34790474E+003  0.65682848E+003
 -0.82433369E+000 -0.64307944E+000 -0.27719847E+000 -0.66076368E-004  0.84371949E-001  0.17428525E+001  0.12064228E+002  0.59173119E+002  0.13400207E+003  0.34790474E+003  0.65682848E+003
 -0.82433376E+000 -0.64307959E+000 -0.27719852E+000 -0.66076407E-004  0.84371902E-001  0.17428502E+001  0.12064196E+002  0.59173119E+002  0.13400207E+003  0.34790474E+003  0.65682848E+003
 -0.82433383E+000 -0.64307974E+000 -0.27719857E+000 -0.66076442E-004  0.84371858E-001  0.17428481E+001  0.12064166E+002  0.59173119E+002  0.13400207E+003  0.34790474E+003  0.65682848E+003
 -0.82433389E+000 -0.64307987E+000 -0.27719862E+000 -0.66076475E-004  0.84371817E-001  0.17428461E+001  0.12064136E+002  0.59173119E+002  0.13400207E+003  0.34790474E+003  0.65682848E+003
 -0.82433395E+000 -0.64308000E+000 -0.27719867E+000 -0.66076506E-004  0.84371779E-001  0.17428443E+001  0.12064108E+002  0.59173119E+002  0.13400207E+003  0.34790474E+003  0.65682848E+003
 -0.82433401E+000 -0.64308012E+000 -0.27719871E+000 -0.66076535E-004  0.84371743E-001  0.17428426E+001  0.12064081E+002  0.59173119E+002  0.13400207E+003  0.34790474E+003  0.65682848E+003
 -0.82433406E+000 -0.64308024E+000 -0.27719875E+000 -0.66076561E-004  0.84371711E-001  0.17428411E+001  0.12064055E+002  0.59173119E+002  0.13400207E+003  0.34790474E+003  0.65682848E+003
 -0.82433411E+000 -0.64308034E+000 -0.27719878E+000 -0.66076586E-004  0.84371680E-001  0.17428397E+001  0.12064030E+002  0.59173119E+002  0.13400207E+003  0.34790474E+003  0.65682848E+003
 -0.82433416E+000 -0.64308044E+000 -0.27719882E+000 -0.66076609E-004  0.84371652E-001  0.17428384E+001  0.12064006E+002  0.59173119E+002  0.13400207E+003  0.34790474E+003  0.65682848E+003
 -0.82433420E+000 -0.64308053E+000 -0.27719885E+000 -0.66076630E-004  0.84371626E-001  0.17428372E+001  0.12063984E+002  0.59173119E+002  0.13400207E+003  0.34790474E+003  0.65682848E+003
 -0.82433424E+000 -0.64308062E+000 -0.27719888E+000 -0.66076650E-004  0.84371602E-001  0.17428361E+001  0.12063962E+002  0.59173119E+002  0.13400207E+003  0.34790474E+003  0.65682848E+003
 -0.82433428E+000 -0.64308070E+000 -0.27719890E+000 -0.66076668E-004  0.84371580E-001  0.17428351E+001  0.12063942E+002  0.59173119E+002  0.13400207E+003  0.34790474E+003  0.65682848E+003
 -0.82433432E+000 -0.64308078E+000 -0.27719893E+000 -0.66076685E-004  0.84371560E-001  0.17428341E+001  0.12063922E+002  0.59173119E+002  0.13400207E+003  0.34790474E+003  0.65682848E+003
 -0.82433435E+000 -0.64308085E+000 -0.27719895E+000 -0.66076701E-004  0.84371541E-001  0.17428333E+001  0.12063904E+002  0.59173119E+002  0.13400207E+003  0.34790474E+003  0.65682847E+003
 -0.82433438E+000 -0.64308091E+000 -0.27719897E+000 -0.66076716E-004  0.84371523E-001  0.17428325E+001  0.12063887E+002  0.59173119E+002  0.13400207E+003  0.34790473E+003  0.65682847E+003
 -0.82433441E+000 -0.64308097E+000 -0.27719899E+000 -0.66076729E-004  0.84371507E-001  0.17428317E+001  0.12063870E+002  0.59173119E+002  0.13400207E+003  0.34790473E+003  0.65682847E+003
 -0.82433444E+000 -0.64308103E+000 -0.27719901E+000 -0.66076741E-004  0.84371492E-001  0.17428311E+001  0.12063855E+002  0.59173119E+002  0.13400207E+003  0.34790473E+003  0.65682847E+003
 -0.82433447E+000 -0.64308108E+000 -0.27719903E+000 -0.66076753E-004  0.84371479E-001  0.17428305E+001  0.12063840E+002  0.59173119E+002  0.13400207E+003  0.34790473E+003  0.65682847E+003
 -0.82433449E+000 -0.64308113E+000 -0.27719904E+000 -0.66076763E-004  0.84371466E-001  0.17428299E+001  0.12063827E+002  0.59173119E+002  0.13400207E+003  0.34790473E+003  0.65682847E+003
 -0.82433451E+000 -0.64308118E+000 -0.27719906E+000 -0.66076773E-004  0.84371455E-001  0.17428294E+001  0.12063814E+002  0.59173119E+002  0.13400207E+003  0.34790473E+003  0.65682847E+003
 -0.82433453E+000 -0.64308122E+000 -0.27719907E+000 -0.66076782E-004  0.84371444E-001  0.17428289E+001  0.12063802E+002  0.59173119E+002  0.13400207E+003  0.34790473E+003  0.65682847E+003
 -0.82433455E+000 -0.64308125E+000 -0.27719908E+000 -0.66076790E-004  0.84371435E-001  0.17428285E+001  0.12063791E+002  0.59173118E+002  0.13400207E+003  0.34790473E+003  0.65682847E+003
 -0.82433457E+000 -0.64308129E+000 -0.27719910E+000 -0.66076797E-004  0.84371426E-001  0.17428281E+001  0.12063780E+002  0.59173118E+002  0.13400207E+003  0.34790473E+003  0.65682847E+003
 -0.82433459E+000 -0.64308132E+000 -0.27719911E+000 -0.66076804E-004  0.84371418E-001  0.17428278E+001  0.12063770E+002  0.59173118E+002  0.13400207E+003  0.34790473E+003  0.65682846E+003
 -0.82433460E+000 -0.64308135E+000 -0.27719911E+000 -0.66076810E-004  0.84371411E-001  0.17428274E+001  0.12063761E+002  0.59173118E+002  0.13400207E+003  0.34790473E+003  0.65682846E+003
 -0.82433461E+000 -0.64308138E+000 -0.27719912E+000 -0.66076816E-004  0.84371404E-001  0.17428271E+001  0.12063752E+002  0.59173118E+002  0.13400207E+003  0.34790473E+003  0.65682846E+003
 -0.82433463E+000 -0.64308140E+000 -0.27719913E+000 -0.66076821E-004  0.84371399E-001  0.17428269E+001  0.12063744E+002  0.59173118E+002  0.13400207E+003  0.34790473E+003  0.65682846E+003
 -0.82433464E+000 -0.64308142E+000 -0.27719914E+000 -0.66076826E-004  0.84371393E-001  0.17428266E+001  0.12063737E+002  0.59173118E+002  0.13400207E+003  0.34790473E+003  0.65682846E+003
 -0.82433465E+000 -0.64308144E+000 -0.27719914E+000 -0.66076830E-004  0.84371389E-001  0.17428264E+001  0.12063730E+002  0.59173118E+002  0.13400207E+003  0.34790473E+003  0.65682846E+003
 -0.82433465E+000 -0.64308146E+000 -0.27719915E+000 -0.66076834E-004  0.84371385E-001  0.17428262E+001  0.12063723E+002  0.59173118E+002  0.13400207E+003  0.34790473E+003  0.65682846E+003
 -0.82433466E+000 -0.64308148E+000 -0.27719916E+000 -0.66076837E-004  0.84371381E-001  0.17428260E+001  0.12063717E+002  0.59173118E+002  0.13400207E+003  0.34790473E+003  0.65682846E+003
 -0.82433467E+000 -0.64308149E+000 -0.27719916E+000 -0.66076840E-004  0.84371378E-001  0.17428258E+001  0.12063712E+002  0.59173118E+002  0.13400207E+003  0.34790473E+003  0.65682846E+003
 -0.82433467E+000 -0.64308150E+000 -0.27719916E+000 -0.66076843E-004  0.84371375E-001  0.17428257E+001  0.12063707E+002  0.59173118E+002  0.13400207E+003  0.34790472E+003  0.65682846E+003
 -0.82433468E+000 -0.64308151E+000 -0.27719917E+000 -0.66076845E-004  0.84371372E-001  0.17428255E+001  0.12063702E+002  0.59173118E+002  0.13400207E+003  0.34790472E+003  0.65682845E+003
 -0.82433468E+000 -0.64308152E+000 -0.27719917E+000 -0.66076847E-004  0.84371370E-001  0.17428254E+001  0.12063698E+002  0.59173118E+002  0.13400207E+003  0.34790472E+003  0.65682845E+003
 -0.82433469E+000 -0.64308153E+000 -0.27719917E+000 -0.66076849E-004  0.84371368E-001  0.17428253E+001  0.12063693E+002  0.59173118E+002  0.13400207E+003  0.34790472E+003  0.65682845E+003
 -0.82433469E+000 -0.64308154E+000 -0.27719918E+000 -0.66076851E-004  0.84371367E-001  0.17428252E+001  0.12063690E+002  0.59173118E+002  0.13400207E+003  0.34790472E+003  0.65682845E+003
 -0.82433469E+000 -0.64308154E+000 -0.27719918E+000 -0.66076852E-004  0.84371366E-001  0.17428251E+001  0.12063686E+002  0.59173118E+002  0.13400207E+003  0.34790472E+003  0.65682845E+003
 -0.82433469E+000 -0.64308154E+000 -0.27719918E+000 -0.66076853E-004  0.84371365E-001  0.17428250E+001  0.12063683E+002  0.59173118E+002  0.13400207E+003  0.34790472E+003  0.65682845E+003
 -0.82433469E+000 -0.64308155E+000 -0.27719918E+000 -0.66076854E-004  0.84371364E-001  0.17428249E+001  0.12063680E+002  0.59173118E+002  0.13400207E+003  0.34790472E+003  0.65682845E+003
 -0.82433469E+000 -0.64308154E+000 -0.27719918E+000 -0.66076854E-004  0.84371363E-001  0.17428249E+001  0.12063677E+002  0.59173118E+002  0.13400207E+003  0.34790472E+003  0.65682845E+003
 -0.82433469E+000 -0.64308154E+000 -0.27719918E+000 -0.66076855E-004  0.84371363E-001  0.17428248E+001  0.12063675E+002  0.59173118E+002  0.13400207E+003  0.34790472E+003  0.65682845E+003
 -0.82433469E+000 -0.64308154E+000 -0.27719918E+000 -0.66076855E-004  0.84371363E-001  0.17428248E+001  0.12063672E+002  0.59173118E+002  0.13400207E+003  0.34790472E+003  0.65682845E+003
 -0.82433468E+000 -0.64308152E+000 -0.27719918E+000 -0.66076854E-004  0.84371363E-001  0.17428247E+001  0.12063670E+002  0.59173118E+002  0.13400207E+003  0.34790472E+003  0.65682844E+003
 -0.82433467E+000 -0.64308150E+000 -0.27719918E+000 -0.66076853E-004  0.84371364E-001  0.17428247E+001  0.12063668E+002  0.59173118E+002  0.13400207E+003  0.34790472E+003  0.65682844E+003
 -0.82433465E+000 -0.64308146E+000 -0.27719917E+000 -0.66076852E-004  0.84371366E-001  0.17428247E+001  0.12063667E+002  0.59173118E+002  0.13400207E+003  0.34790472E+003  0.65682844E+003
 -0.82433461E+000 -0.64308139E+000 -0.27719916E+000 -0.66076850E-004  0.84371369E-001  0.17428247E+001  0.12063665E+002  0.59173118E+002  0.13400207E+003  0.34790472E+003  0.65682844E+003
 -0.82433452E+000 -0.64308125E+000 -0.27719913E+000 -0.66076838E-004  0.84371378E-001  0.17428247E+001  0.12063664E+002  0.59173118E+002  0.13400207E+003  0.34790472E+003  0.65682844E+003
