  0.31525283E+000  0.34345254E+000  0.45332693E+000  0.60196784E+000  0.79224671E+000  0.88739690E+000  0.11863395E+001  0.18586602E+001  0.26144193E+001  0.43737897E+001  0.81159710E+001
  0.31387513E+000  0.34333031E+000  0.45316901E+000  0.60067194E+000  0.79195360E+000  0.88689701E+000  0.11862596E+001  0.18585222E+001  0.26141553E+001  0.43833741E+001  0.81174696E+001
  0.31280477E+000  0.34320663E+000  0.45307623E+000  0.59963497E+000  0.79211580E+000  0.88645842E+000  0.11882655E+001  0.18584966E+001  0.26139098E+001  0.43835787E+001  0.81175413E+001
  0.31193966E+000  0.34312589E+000  0.45295926E+000  0.59884569E+000  0.79270351E+000  0.88613243E+000  0.11874757E+001  0.18584041E+001  0.26133582E+001  0.43834855E+001  0.81173524E+001
  0.31123504E+000  0.34304331E+000  0.45289276E+000  0.59818002E+000  0.79338995E+000  0.88586134E+000  0.11878754E+001  0.18583717E+001  0.26132505E+001  0.43832888E+001  0.81171895E+001
  0.31065247E+000  0.34295556E+000  0.45282419E+000  0.59762922E+000  0.79336103E+000  0.88563712E+000  0.11873447E+001  0.18583059E+001  0.26134752E+001  0.43830747E+001  0.81170507E+001
  0.31017032E+000  0.34289978E+000  0.45273766E+000  0.59717305E+000  0.79332583E+000  0.88544908E+000  0.11868778E+001  0.18582799E+001  0.26133441E+001  0.43828759E+001  0.81169329E+001
  0.30976902E+000  0.34285498E+000  0.45270737E+000  0.59679317E+000  0.79324123E+000  0.88528460E+000  0.11865674E+001  0.18582398E+001  0.26132341E+001  0.43827038E+001  0.81168332E+001
  0.30943232E+000  0.34281715E+000  0.45268248E+000  0.59647428E+000  0.79314090E+000  0.88515201E+000  0.11862383E+001  0.18582089E+001  0.26131418E+001  0.43825598E+001  0.81167493E+001
  0.30915149E+000  0.34278507E+000  0.45265098E+000  0.59620821E+000  0.79308289E+000  0.88503700E+000  0.11860113E+001  0.18581918E+001  0.26130643E+001  0.43824405E+001  0.81166785E+001
  0.30891588E+000  0.34275780E+000  0.45259929E+000  0.59598490E+000  0.79298611E+000  0.88494326E+000  0.11858846E+001  0.18581664E+001  0.26129991E+001  0.43801118E+001  0.81166189E+001
  0.30871795E+000  0.34273456E+000  0.45260311E+000  0.59579726E+000  0.79295042E+000  0.88485824E+000  0.11858727E+001  0.18581374E+001  0.26129443E+001  0.43791623E+001  0.81165689E+001
  0.30855205E+000  0.34275668E+000  0.45257363E+000  0.59563994E+000  0.79293402E+000  0.88478405E+000  0.11858643E+001  0.18581248E+001  0.26128982E+001  0.43791012E+001  0.81165268E+001
  0.30841252E+000  0.34274051E+000  0.45254894E+000  0.59550760E+000  0.79283139E+000  0.88473292E+000  0.11858691E+001  0.18581142E+001  0.26128595E+001  0.43777684E+001  0.81164914E+001
  0.30829499E+000  0.34272699E+000  0.45253726E+000  0.59539611E+000  0.79279365E+000  0.88469021E+000  0.11858573E+001  0.18581053E+001  0.26128269E+001  0.43758173E+001  0.81164617E+001
  0.30819635E+000  0.34271570E+000  0.45252753E+000  0.59530253E+000  0.79276112E+000  0.88464791E+000  0.11858461E+001  0.18580979E+001  0.26127997E+001  0.43758002E+001  0.81164368E+001
  0.30811357E+000  0.34270630E+000  0.45251944E+000  0.59522399E+000  0.79273300E+000  0.88461840E+000  0.11858163E+001  0.18580917E+001  0.26127768E+001  0.43751901E+001  0.81164160E+001
  0.30804391E+000  0.34269850E+000  0.45251276E+000  0.59515788E+000  0.79270866E+000  0.88458893E+000  0.11857645E+001  0.18580867E+001  0.26127577E+001  0.43749628E+001  0.81163987E+001
  0.30798574E+000  0.34269207E+000  0.45250726E+000  0.59510267E+000  0.79265213E+000  0.88456859E+000  0.11857158E+001  0.18580825E+001  0.26127457E+001  0.43747730E+001  0.81163843E+001
  0.30793703E+000  0.34268679E+000  0.45250279E+000  0.59505644E+000  0.79241708E+000  0.88454443E+000  0.11856763E+001  0.18580791E+001  0.26127386E+001  0.43746150E+001  0.81163724E+001
  0.30789652E+000  0.34268250E+000  0.45249917E+000  0.59501799E+000  0.79230151E+000  0.88453051E+000  0.11856364E+001  0.18580765E+001  0.26127327E+001  0.43723125E+001  0.81163626E+001
  0.30786284E+000  0.34267904E+000  0.45250821E+000  0.59498602E+000  0.79206426E+000  0.88451916E+000  0.11856069E+001  0.18580743E+001  0.26127280E+001  0.43722858E+001  0.81163545E+001
  0.30783495E+000  0.34267629E+000  0.45250371E+000  0.59495955E+000  0.79172635E+000  0.88450196E+000  0.11855735E+001  0.18580727E+001  0.26127242E+001  0.43722636E+001  0.81163480E+001
  0.30781203E+000  0.34267415E+000  0.45250009E+000  0.59493779E+000  0.79166490E+000  0.88449433E+000  0.11855567E+001  0.18580715E+001  0.26127212E+001  0.43722450E+001  0.81163428E+001
  0.30779324E+000  0.34267252E+000  0.45249722E+000  0.59491995E+000  0.79160711E+000  0.88448824E+000  0.11855437E+001  0.18580706E+001  0.26127188E+001  0.43722297E+001  0.81163386E+001
  0.30777796E+000  0.34267133E+000  0.45249500E+000  0.59490545E+000  0.79155355E+000  0.88448342E+000  0.11855132E+001  0.18580700E+001  0.26127171E+001  0.43722170E+001  0.81163354E+001
  0.30776562E+000  0.34267051E+000  0.45249331E+000  0.59489374E+000  0.79148995E+000  0.88447966E+000  0.11854955E+001  0.18580697E+001  0.26127157E+001  0.43722066E+001  0.81163329E+001
  0.30775577E+000  0.34267001E+000  0.45249208E+000  0.59488438E+000  0.79148689E+000  0.88447680E+000  0.11854874E+001  0.18580696E+001  0.26127148E+001  0.43721981E+001  0.81163310E+001
  0.30774798E+000  0.34266977E+000  0.45249124E+000  0.59487699E+000  0.79142160E+000  0.88447467E+000  0.11854853E+001  0.18580697E+001  0.26127142E+001  0.43721912E+001  0.81163297E+001
  0.30774193E+000  0.34266975E+000  0.45249072E+000  0.59487124E+000  0.79126131E+000  0.88447314E+000  0.11854797E+001  0.18580699E+001  0.26127139E+001  0.43721857E+001  0.81163289E+001
  0.30773730E+000  0.34266992E+000  0.45249048E+000  0.59486685E+000  0.79125311E+000  0.88447212E+000  0.11854720E+001  0.18580702E+001  0.26127138E+001  0.43721813E+001  0.81163284E+001
  0.30773386E+000  0.34267025E+000  0.45249046E+000  0.59486358E+000  0.79124543E+000  0.88447151E+000  0.11854690E+001  0.18580707E+001  0.26127139E+001  0.43721779E+001  0.81163283E+001
  0.30773139E+000  0.34267072E+000  0.45249063E+000  0.59486124E+000  0.79123827E+000  0.88447123E+000  0.11854667E+001  0.18580713E+001  0.26127142E+001  0.43721752E+001  0.81163284E+001
  0.30772972E+000  0.34267129E+000  0.45249096E+000  0.59485965E+000  0.79123160E+000  0.88447122E+000  0.11854650E+001  0.18580719E+001  0.26127146E+001  0.43721733E+001  0.81163287E+001
  0.30772869E+000  0.34267196E+000  0.45249161E+000  0.59485868E+000  0.79054831E+000  0.88447143E+000  0.11854637E+001  0.18580726E+001  0.26127151E+001  0.43721718E+001  0.81163292E+001
  0.30772818E+000  0.34267271E+000  0.45249236E+000  0.59485819E+000  0.79054357E+000  0.88447181E+000  0.11854646E+001  0.18580733E+001  0.26127157E+001  0.43721708E+001  0.81163298E+001
  0.30772808E+000  0.34267352E+000  0.45249318E+000  0.59485810E+000  0.79053929E+000  0.88447233E+000  0.11854638E+001  0.18580741E+001  0.26127163E+001  0.43721702E+001  0.81163306E+001
  0.30772831E+000  0.34267439E+000  0.45249405E+000  0.59485832E+000  0.79053543E+000  0.88447296E+000  0.11854632E+001  0.18580749E+001  0.26127171E+001  0.43721699E+001  0.81163314E+001
  0.30772880E+000  0.34267530E+000  0.45249496E+000  0.59485878E+000  0.79053195E+000  0.88447368E+000  0.11854628E+001  0.18580758E+001  0.26127178E+001  0.43721698E+001  0.81163323E+001
  0.30772949E+000  0.34267626E+000  0.45249591E+000  0.59485943E+000  0.79052883E+000  0.88447446E+000  0.11854625E+001  0.18580595E+001  0.26127186E+001  0.43721699E+001  0.81163333E+001
  0.30773033E+000  0.34267725E+000  0.45249689E+000  0.59486023E+000  0.79052603E+000  0.88447530E+000  0.11854623E+001  0.18580602E+001  0.26127195E+001  0.43721702E+001  0.81163343E+001
  0.30773129E+000  0.34267827E+000  0.45249791E+000  0.59486114E+000  0.79052352E+000  0.88447619E+000  0.11854623E+001  0.18580610E+001  0.26127204E+001  0.43721706E+001  0.81163354E+001
  0.30773234E+000  0.34267932E+000  0.45249895E+000  0.59486214E+000  0.79052129E+000  0.88447710E+000  0.11854623E+001  0.18580617E+001  0.26127212E+001  0.43721712E+001  0.81163365E+001
  0.30773346E+000  0.34268039E+000  0.45250002E+000  0.59486320E+000  0.79051931E+000  0.88447805E+000  0.11854623E+001  0.18580625E+001  0.26127222E+001  0.43721718E+001  0.81163376E+001
  0.30773463E+000  0.34268148E+000  0.45250111E+000  0.59486431E+000  0.79051756E+000  0.88447901E+000  0.11854624E+001  0.18580633E+001  0.26127231E+001  0.43721725E+001  0.81163388E+001
  0.30773584E+000  0.34268259E+000  0.45250222E+000  0.59486546E+000  0.79051602E+000  0.88447999E+000  0.11854626E+001  0.18580641E+001  0.26127240E+001  0.43721733E+001  0.81163399E+001
  0.30773708E+000  0.34268371E+000  0.45250336E+000  0.59486664E+000  0.79051467E+000  0.88448099E+000  0.11854628E+001  0.18580649E+001  0.26127250E+001  0.43721741E+001  0.81163411E+001
  0.30773834E+000  0.34268485E+000  0.45250451E+000  0.59486783E+000  0.79051351E+000  0.88448200E+000  0.11854631E+001  0.18580658E+001  0.26127259E+001  0.43721750E+001  0.81163423E+001
  0.30773961E+000  0.34268600E+000  0.45250568E+000  0.59486904E+000  0.79051251E+000  0.88448302E+000  0.11854634E+001  0.18580666E+001  0.26127269E+001  0.43721759E+001  0.81163436E+001
  0.30774090E+000  0.34268716E+000  0.45250686E+000  0.59487027E+000  0.79051166E+000  0.88448404E+000  0.11854638E+001  0.18580675E+001  0.26127279E+001  0.43721768E+001  0.81163448E+001
  0.30774219E+000  0.34268834E+000  0.45250806E+000  0.59487150E+000  0.79051096E+000  0.88448508E+000  0.11854641E+001  0.18580684E+001  0.26127289E+001  0.43721778E+001  0.81163460E+001
  0.30774349E+000  0.34268952E+000  0.45250927E+000  0.59487273E+000  0.79051039E+000  0.88448611E+000  0.11854646E+001  0.18580692E+001  0.26127299E+001  0.43721789E+001  0.81163473E+001
  0.30774480E+000  0.34269071E+000  0.45251049E+000  0.59487397E+000  0.79050994E+000  0.88448716E+000  0.11854650E+001  0.18580701E+001  0.26127309E+001  0.43721800E+001  0.81163485E+001
  0.30774611E+000  0.34269190E+000  0.45251172E+000  0.59487521E+000  0.79050960E+000  0.88448820E+000  0.11854655E+001  0.18580710E+001  0.26127319E+001  0.43721811E+001  0.81163498E+001
  0.30774742E+000  0.34269310E+000  0.45251295E+000  0.59487645E+000  0.79050936E+000  0.88448925E+000  0.11854661E+001  0.18580719E+001  0.26127329E+001  0.43721823E+001  0.81163511E+001
  0.30774872E+000  0.34269430E+000  0.45251419E+000  0.59487769E+000  0.79050923E+000  0.88449030E+000  0.11854666E+001  0.18580728E+001  0.26127339E+001  0.43721835E+001  0.81163523E+001
  0.30775003E+000  0.34269550E+000  0.45251544E+000  0.59487893E+000  0.79050919E+000  0.88449134E+000  0.11854672E+001  0.18580738E+001  0.26127349E+001  0.43721847E+001  0.81163536E+001
  0.30775133E+000  0.34269670E+000  0.45251668E+000  0.59488016E+000  0.79050923E+000  0.88449238E+000  0.11854679E+001  0.18580747E+001  0.26127359E+001  0.43721860E+001  0.81163549E+001
  0.30775262E+000  0.34269790E+000  0.45251793E+000  0.59488139E+000  0.79050935E+000  0.88447981E+000  0.11854685E+001  0.18580756E+001  0.26127369E+001  0.43721873E+001  0.81163561E+001
  0.30775390E+000  0.34269909E+000  0.45251917E+000  0.59488261E+000  0.79050954E+000  0.88448079E+000  0.11854692E+001  0.18580765E+001  0.26127379E+001  0.43721887E+001  0.81163574E+001
  0.30775518E+000  0.34270028E+000  0.45252041E+000  0.59488382E+000  0.79050980E+000  0.88448176E+000  0.11854699E+001  0.18580774E+001  0.26127389E+001  0.43721901E+001  0.81163587E+001
  0.30775645E+000  0.34270146E+000  0.45252164E+000  0.59488503E+000  0.79051012E+000  0.88448273E+000  0.11854091E+001  0.18580783E+001  0.26127399E+001  0.43721915E+001  0.81163599E+001
  0.30775770E+000  0.34270264E+000  0.45252287E+000  0.59488622E+000  0.79051050E+000  0.88448369E+000  0.11853862E+001  0.18580793E+001  0.26127409E+001  0.43721930E+001  0.81163612E+001
  0.30775894E+000  0.34270380E+000  0.45252408E+000  0.59488739E+000  0.79051093E+000  0.88448465E+000  0.11853656E+001  0.18580802E+001  0.26127418E+001  0.43721945E+001  0.81163624E+001
  0.30776017E+000  0.34270495E+000  0.45252529E+000  0.59488856E+000  0.79051140E+000  0.88448560E+000  0.11853471E+001  0.18580811E+001  0.26127428E+001  0.43721960E+001  0.81163637E+001
  0.30776138E+000  0.34261889E+000  0.45252648E+000  0.59488971E+000  0.79051192E+000  0.88448655E+000  0.11853203E+001  0.18580820E+001  0.26127438E+001  0.43721976E+001  0.81163649E+001
  0.30776258E+000  0.34261984E+000  0.45252766E+000  0.59489084E+000  0.79051247E+000  0.88448748E+000  0.11852508E+001  0.18580829E+001  0.26127447E+001  0.43721992E+001  0.81163661E+001
  0.30776375E+000  0.34262079E+000  0.45252882E+000  0.59489196E+000  0.79051305E+000  0.88448840E+000  0.11852518E+001  0.18580838E+001  0.26127456E+001  0.43722008E+001  0.81163673E+001
  0.30776491E+000  0.34262173E+000  0.45252996E+000  0.59489306E+000  0.79051366E+000  0.88448931E+000  0.11852527E+001  0.18580846E+001  0.26127465E+001  0.43722024E+001  0.81163684E+001
  0.30776605E+000  0.34262267E+000  0.45253108E+000  0.59489414E+000  0.79051429E+000  0.88449021E+000  0.11852536E+001  0.18580855E+001  0.26127475E+001  0.43722041E+001  0.81163696E+001
  0.30776717E+000  0.34262361E+000  0.45253219E+000  0.59489521E+000  0.79051494E+000  0.88449109E+000  0.11852545E+001  0.18580864E+001  0.26127483E+001  0.43722058E+001  0.81163707E+001
  0.30776827E+000  0.34262453E+000  0.45253327E+000  0.59489625E+000  0.79051560E+000  0.88449195E+000  0.11852554E+001  0.18580872E+001  0.26127492E+001  0.43722076E+001  0.81163719E+001
  0.30776935E+000  0.34262545E+000  0.45253432E+000  0.59489727E+000  0.79051627E+000  0.88449280E+000  0.11852563E+001  0.18580880E+001  0.26127501E+001  0.43722093E+001  0.81163730E+001
  0.30777040E+000  0.34262635E+000  0.45253536E+000  0.59489827E+000  0.79051694E+000  0.88449363E+000  0.11852571E+001  0.18580888E+001  0.26127509E+001  0.43722111E+001  0.81163740E+001
  0.30777142E+000  0.34262723E+000  0.45253636E+000  0.59489924E+000  0.79051762E+000  0.88449444E+000  0.11852580E+001  0.18580896E+001  0.26127517E+001  0.43722129E+001  0.81163751E+001
  0.30777243E+000  0.34262810E+000  0.45253734E+000  0.59490020E+000  0.79051830E+000  0.88449523E+000  0.11852588E+001  0.18580904E+001  0.26127525E+001  0.43722147E+001  0.81163761E+001
  0.30777340E+000  0.34262895E+000  0.45253828E+000  0.59490112E+000  0.79051897E+000  0.88449599E+000  0.11852595E+001  0.18580912E+001  0.26127533E+001  0.43722165E+001  0.81163771E+001
  0.30777435E+000  0.34262978E+000  0.45253920E+000  0.59490202E+000  0.79051963E+000  0.88449674E+000  0.11852603E+001  0.18580919E+001  0.26127540E+001  0.43722184E+001  0.81163781E+001
  0.30777527E+000  0.34263058E+000  0.45254009E+000  0.59490289E+000  0.79052028E+000  0.88449746E+000  0.11852610E+001  0.18580926E+001  0.26127547E+001  0.43722203E+001  0.81163790E+001
  0.30777616E+000  0.34263137E+000  0.45254094E+000  0.59490374E+000  0.79052093E+000  0.88449815E+000  0.11852618E+001  0.18580933E+001  0.26127554E+001  0.43722221E+001  0.81163799E+001
  0.30777701E+000  0.34263212E+000  0.45254176E+000  0.59490455E+000  0.79052155E+000  0.88449882E+000  0.11852624E+001  0.18580940E+001  0.26127561E+001  0.43722240E+001  0.81163808E+001
  0.30777784E+000  0.34263285E+000  0.45254256E+000  0.59490534E+000  0.79052216E+000  0.88449947E+000  0.11852631E+001  0.18580946E+001  0.26127567E+001  0.43722259E+001  0.81163817E+001
  0.30777864E+000  0.34263356E+000  0.45254331E+000  0.59490609E+000  0.79052275E+000  0.88450009E+000  0.11852637E+001  0.18580952E+001  0.26127574E+001  0.43722279E+001  0.81163825E+001
  0.30777940E+000  0.34263424E+000  0.45254404E+000  0.59490682E+000  0.79052332E+000  0.88450068E+000  0.11852644E+001  0.18580958E+001  0.26127579E+001  0.43722298E+001  0.81163833E+001
  0.30778013E+000  0.34263488E+000  0.45254473E+000  0.59490751E+000  0.79052387E+000  0.88450125E+000  0.11852649E+001  0.18580964E+001  0.26127585E+001  0.43722317E+001  0.81163841E+001
  0.30778083E+000  0.34263550E+000  0.45254539E+000  0.59490818E+000  0.79052440E+000  0.88450180E+000  0.11852655E+001  0.18580969E+001  0.26127591E+001  0.43722337E+001  0.81163848E+001
  0.30778150E+000  0.34263610E+000  0.45254602E+000  0.59490881E+000  0.79052490E+000  0.88450231E+000  0.11852660E+001  0.18580974E+001  0.26127596E+001  0.43722356E+001  0.81163855E+001
  0.30778213E+000  0.34263666E+000  0.45254662E+000  0.59490941E+000  0.79052538E+000  0.88450280E+000  0.11852665E+001  0.18580979E+001  0.26127601E+001  0.43722376E+001  0.81163862E+001
  0.30778274E+000  0.34263720E+000  0.45254718E+000  0.59490998E+000  0.79052584E+000  0.88450327E+000  0.11852670E+001  0.18580984E+001  0.26127605E+001  0.43722395E+001  0.81163869E+001
  0.30778331E+000  0.34263771E+000  0.45254772E+000  0.59491053E+000  0.79052628E+000  0.88450371E+000  0.11852674E+001  0.18580989E+001  0.26127610E+001  0.43722415E+001  0.81163875E+001
  0.30778385E+000  0.34263819E+000  0.45254307E+000  0.59491104E+000  0.79052669E+000  0.88450413E+000  0.11852679E+001  0.18580993E+001  0.26127614E+001  0.43722435E+001  0.81163881E+001
  0.30778437E+000  0.34263864E+000  0.45254351E+000  0.59491153E+000  0.79052707E+000  0.88450452E+000  0.11852683E+001  0.18580997E+001  0.26127618E+001  0.43722454E+001  0.81163887E+001
  0.30778485E+000  0.34263907E+000  0.45254393E+000  0.59491199E+000  0.79052744E+000  0.88450489E+000  0.11852687E+001  0.18581000E+001  0.26127622E+001  0.43722474E+001  0.81163892E+001
  0.30778530E+000  0.34263947E+000  0.45254431E+000  0.59491242E+000  0.79052778E+000  0.88450524E+000  0.11852690E+001  0.18581004E+001  0.26127625E+001  0.43722493E+001  0.81163898E+001
  0.30778573E+000  0.34263985E+000  0.45254468E+000  0.59491283E+000  0.79052809E+000  0.88450557E+000  0.11852693E+001  0.18581007E+001  0.26127629E+001  0.43722513E+001  0.81163902E+001
  0.30778613E+000  0.34264021E+000  0.45254502E+000  0.59491321E+000  0.79052839E+000  0.88450588E+000  0.11852697E+001  0.18581010E+001  0.26127632E+001  0.43722532E+001  0.81163907E+001
  0.30778651E+000  0.34264054E+000  0.45254534E+000  0.59491356E+000  0.79052866E+000  0.88450616E+000  0.11852700E+001  0.18581013E+001  0.26127634E+001  0.43722551E+001  0.81163912E+001
  0.30778686E+000  0.34264085E+000  0.45254563E+000  0.59491390E+000  0.79052892E+000  0.88450643E+000  0.11852702E+001  0.18581016E+001  0.26127637E+001  0.43722571E+001  0.81163916E+001
  0.30778719E+000  0.34264114E+000  0.45254591E+000  0.59491421E+000  0.79052915E+000  0.88450668E+000  0.11852705E+001  0.18581018E+001  0.26127640E+001  0.43722590E+001  0.81163920E+001
  0.30778749E+000  0.34264141E+000  0.45254617E+000  0.59491450E+000  0.79052936E+000  0.88450691E+000  0.11852707E+001  0.18581020E+001  0.26127642E+001  0.43722608E+001  0.81163924E+001
  0.30778778E+000  0.34264166E+000  0.45254640E+000  0.59491477E+000  0.79052956E+000  0.88450713E+000  0.11852709E+001  0.18581022E+001  0.26127644E+001  0.43722627E+001  0.81163928E+001
  0.30778804E+000  0.34264189E+000  0.45254663E+000  0.59491502E+000  0.79052974E+000  0.88450733E+000  0.11852711E+001  0.18581024E+001  0.26127646E+001  0.43722645E+001  0.81163931E+001
  0.30778828E+000  0.34264210E+000  0.45254683E+000  0.59491525E+000  0.79052990E+000  0.88450751E+000  0.11852713E+001  0.18581026E+001  0.26127648E+001  0.43722663E+001  0.81163935E+001
  0.30778851E+000  0.34264230E+000  0.45254702E+000  0.59491546E+000  0.79053005E+000  0.88450768E+000  0.11852715E+001  0.18581027E+001  0.26127650E+001  0.43722680E+001  0.81163938E+001
  0.30778872E+000  0.34264248E+000  0.45254719E+000  0.59491566E+000  0.79053018E+000  0.88450784E+000  0.11852717E+001  0.18581029E+001  0.26127651E+001  0.43722698E+001  0.81163941E+001
  0.30778891E+000  0.34264265E+000  0.45254735E+000  0.59491584E+000  0.79053029E+000  0.88450798E+000  0.11852718E+001  0.18581030E+001  0.26127653E+001  0.43722714E+001  0.81163944E+001
  0.30778909E+000  0.34264280E+000  0.45254750E+000  0.59491601E+000  0.79053040E+000  0.88450811E+000  0.11852719E+001  0.18581031E+001  0.26127654E+001  0.43722731E+001  0.81163947E+001
  0.30778925E+000  0.34264294E+000  0.45254763E+000  0.59491617E+000  0.79053049E+000  0.88450823E+000  0.11852721E+001  0.18581032E+001  0.26127655E+001  0.43722747E+001  0.81163950E+001
  0.30778940E+000  0.34264307E+000  0.45254776E+000  0.59491631E+000  0.79053057E+000  0.88450834E+000  0.11852722E+001  0.18581033E+001  0.26127656E+001  0.43722762E+001  0.81163952E+001
  0.30778954E+000  0.34264318E+000  0.45254787E+000  0.59491644E+000  0.79053064E+000  0.88450844E+000  0.11852723E+001  0.18581033E+001  0.26127657E+001  0.43722777E+001  0.81163955E+001
  0.30778966E+000  0.34264329E+000  0.45254797E+000  0.59491656E+000  0.79053070E+000  0.88450853E+000  0.11852724E+001  0.18581034E+001  0.26127658E+001  0.43722791E+001  0.81163957E+001
  0.30778977E+000  0.34264338E+000  0.45254806E+000  0.59491666E+000  0.79053075E+000  0.88450861E+000  0.11852724E+001  0.18581034E+001  0.26127659E+001  0.43722804E+001  0.81163959E+001
  0.30778988E+000  0.34264347E+000  0.45254814E+000  0.59491676E+000  0.79053079E+000  0.88450869E+000  0.11852725E+001  0.18581035E+001  0.26127659E+001  0.43722817E+001  0.81163961E+001
  0.30778997E+000  0.34264355E+000  0.45254822E+000  0.59491685E+000  0.79053082E+000  0.88450876E+000  0.11852726E+001  0.18581035E+001  0.26127660E+001  0.43722829E+001  0.81163963E+001
  0.30779006E+000  0.34264361E+000  0.45254829E+000  0.59491693E+000  0.79053085E+000  0.88450882E+000  0.11852726E+001  0.18581035E+001  0.26127660E+001  0.43722841E+001  0.81163965E+001
  0.30779013E+000  0.34264368E+000  0.45254835E+000  0.59491700E+000  0.79053087E+000  0.88450887E+000  0.11852727E+001  0.18581035E+001  0.26127661E+001  0.43722851E+001  0.81163967E+001
  0.30779020E+000  0.34264373E+000  0.45254840E+000  0.59491707E+000  0.79053088E+000  0.88450892E+000  0.11852727E+001  0.18581035E+001  0.26127661E+001  0.43722861E+001  0.81163969E+001
  0.30779026E+000  0.34264378E+000  0.45254845E+000  0.59491713E+000  0.79053089E+000  0.88450896E+000  0.11852728E+001  0.18581035E+001  0.26127662E+001  0.43722870E+001  0.81163971E+001
  0.30779032E+000  0.34264382E+000  0.45254849E+000  0.59491718E+000  0.79053089E+000  0.88450899E+000  0.11852728E+001  0.18580317E+001  0.26127662E+001  0.43722878E+001  0.81163973E+001
  0.30779037E+000  0.34264386E+000  0.45254853E+000  0.59491723E+000  0.79053088E+000  0.88450903E+000  0.11852729E+001  0.18580146E+001  0.26127662E+001  0.43722885E+001  0.81163974E+001
  0.30779041E+000  0.34264389E+000  0.45254856E+000  0.59491727E+000  0.79053088E+000  0.88450905E+000  0.11852729E+001  0.18579972E+001  0.26127662E+001  0.43722891E+001  0.81163976E+001
  0.30779045E+000  0.34264391E+000  0.45254859E+000  0.59491731E+000  0.79053086E+000  0.88450908E+000  0.11852729E+001  0.18579796E+001  0.26127662E+001  0.43722896E+001  0.81163977E+001
  0.30779048E+000  0.34264394E+000  0.45254862E+000  0.59491734E+000  0.79053085E+000  0.88450910E+000  0.11852729E+001  0.18579617E+001  0.26127662E+001  0.43722900E+001  0.81163979E+001
  0.30779051E+000  0.34264396E+000  0.45254864E+000  0.59491736E+000  0.79053083E+000  0.88450912E+000  0.11852729E+001  0.18579437E+001  0.26127662E+001  0.43722903E+001  0.81163980E+001
  0.30779054E+000  0.34264397E+000  0.45254866E+000  0.59491739E+000  0.79053081E+000  0.88450913E+000  0.11852730E+001  0.18579254E+001  0.26127662E+001  0.43722905E+001  0.81163981E+001
  0.30779056E+000  0.34264398E+000  0.45254867E+000  0.59491741E+000  0.79053078E+000  0.88450914E+000  0.11852730E+001  0.18579070E+001  0.26127662E+001  0.43722906E+001  0.81163983E+001
  0.30779058E+000  0.34264399E+000  0.45254868E+000  0.59491743E+000  0.79053076E+000  0.88450915E+000  0.11852730E+001  0.18578885E+001  0.26127662E+001  0.43722905E+001  0.81163984E+001
  0.30779059E+000  0.34264400E+000  0.45254869E+000  0.59491744E+000  0.79053073E+000  0.88450916E+000  0.11852730E+001  0.18578699E+001  0.26127662E+001  0.43722904E+001  0.81163985E+001
  0.30779061E+000  0.34264400E+000  0.45254870E+000  0.59491746E+000  0.79053070E+000  0.88450916E+000  0.11852730E+001  0.18578512E+001  0.26127662E+001  0.43722901E+001  0.81163986E+001
  0.30779062E+000  0.34264401E+000  0.45254871E+000  0.59491747E+000  0.79053066E+000  0.88450916E+000  0.11852730E+001  0.18578324E+001  0.26127662E+001  0.43722897E+001  0.81163987E+001
  0.30779063E+000  0.34264401E+000  0.45254871E+000  0.59491747E+000  0.79053063E+000  0.88450917E+000  0.11852730E+001  0.18578136E+001  0.26127661E+001  0.43722892E+001  0.81163988E+001
  0.30779063E+000  0.34264401E+000  0.45254871E+000  0.59491748E+000  0.79053059E+000  0.88450917E+000  0.11852730E+001  0.18577947E+001  0.26127661E+001  0.43722886E+001  0.81163989E+001
  0.30779064E+000  0.34264401E+000  0.45254871E+000  0.59491748E+000  0.79053056E+000  0.88450916E+000  0.11852730E+001  0.18577759E+001  0.26127661E+001  0.43722879E+001  0.81163990E+001
  0.30779064E+000  0.34264400E+000  0.45254871E+000  0.59491749E+000  0.79053052E+000  0.88450916E+000  0.11852730E+001  0.18577571E+001  0.26127661E+001  0.43722871E+001  0.81163991E+001
  0.30779064E+000  0.34264400E+000  0.45254871E+000  0.59491749E+000  0.79053048E+000  0.88450916E+000  0.11852730E+001  0.18577384E+001  0.26127661E+001  0.43722861E+001  0.81163991E+001
  0.30779064E+000  0.34264399E+000  0.45254871E+000  0.59491749E+000  0.79053044E+000  0.88450915E+000  0.11852730E+001  0.18577197E+001  0.26127660E+001  0.43722850E+001  0.81163992E+001
  0.30779064E+000  0.34264399E+000  0.45254871E+000  0.59491749E+000  0.79053040E+000  0.88450915E+000  0.11852730E+001  0.18577011E+001  0.26127660E+001  0.43722839E+001  0.81163993E+001
  0.30779064E+000  0.34264398E+000  0.45254870E+000  0.59491749E+000  0.79053036E+000  0.88450914E+000  0.11852730E+001  0.18576826E+001  0.26127660E+001  0.43722826E+001  0.81163993E+001
  0.30779064E+000  0.34264397E+000  0.45254870E+000  0.59491749E+000  0.79053032E+000  0.88450914E+000  0.11852730E+001  0.18576642E+001  0.26127659E+001  0.43722812E+001  0.81163993E+001
  0.30779064E+000  0.34264397E+000  0.45254870E+000  0.59491748E+000  0.79053028E+000  0.88450913E+000  0.11852730E+001  0.18576460E+001  0.26127659E+001  0.43722797E+001  0.81163994E+001
  0.30779064E+000  0.34264396E+000  0.45254869E+000  0.59491748E+000  0.79053024E+000  0.88450912E+000  0.11852729E+001  0.18576278E+001  0.26127659E+001  0.43722781E+001  0.81163994E+001
  0.30779063E+000  0.34264395E+000  0.45254869E+000  0.59491748E+000  0.79053020E+000  0.88450912E+000  0.11852729E+001  0.18576099E+001  0.26127659E+001  0.43722763E+001  0.81163994E+001
  0.30779063E+000  0.34264394E+000  0.45254868E+000  0.59491747E+000  0.79053016E+000  0.88450911E+000  0.11852729E+001  0.18575921E+001  0.26127658E+001  0.43722745E+001  0.81163995E+001
  0.30779062E+000  0.34264393E+000  0.45254868E+000  0.59491747E+000  0.79053012E+000  0.88450910E+000  0.11852729E+001  0.18575696E+001  0.26127658E+001  0.43722726E+001  0.81163995E+001
  0.30779062E+000  0.34264393E+000  0.45254867E+000  0.59491747E+000  0.79053008E+000  0.88450910E+000  0.11852729E+001  0.18575464E+001  0.26127658E+001  0.43722707E+001  0.81163995E+001
  0.30779061E+000  0.34264392E+000  0.45254867E+000  0.59491746E+000  0.79053004E+000  0.88450909E+000  0.11852729E+001  0.18575336E+001  0.26127657E+001  0.43722686E+001  0.81163995E+001
  0.30779061E+000  0.34264391E+000  0.45254866E+000  0.59491746E+000  0.79053000E+000  0.88450908E+000  0.11852729E+001  0.18575326E+001  0.26127657E+001  0.43722664E+001  0.81163995E+001
  0.30779061E+000  0.34264390E+000  0.45254866E+000  0.59491745E+000  0.79052996E+000  0.88450908E+000  0.11852729E+001  0.18575316E+001  0.26127657E+001  0.43722642E+001  0.81163994E+001
  0.30779060E+000  0.34264389E+000  0.45254865E+000  0.59491745E+000  0.79052992E+000  0.88450907E+000  0.11852729E+001  0.18575306E+001  0.26127657E+001  0.43722619E+001  0.81163994E+001
  0.30779060E+000  0.34264389E+000  0.45254865E+000  0.59491744E+000  0.79052988E+000  0.88450906E+000  0.11852729E+001  0.18575296E+001  0.26127656E+001  0.43722595E+001  0.81163994E+001
  0.30779059E+000  0.34264388E+000  0.45254864E+000  0.59491744E+000  0.79052985E+000  0.88450906E+000  0.11852729E+001  0.18575286E+001  0.26127656E+001  0.43722571E+001  0.81163993E+001
  0.30779059E+000  0.34264387E+000  0.45254864E+000  0.59491744E+000  0.79052981E+000  0.88450905E+000  0.11852729E+001  0.18575277E+001  0.26127656E+001  0.43722546E+001  0.81163993E+001
  0.30779058E+000  0.34264387E+000  0.45254863E+000  0.59491743E+000  0.79052978E+000  0.88450904E+000  0.11852729E+001  0.18575267E+001  0.26127655E+001  0.43722521E+001  0.81163993E+001
  0.30779058E+000  0.34264386E+000  0.45254863E+000  0.59491743E+000  0.79052974E+000  0.88450904E+000  0.11852729E+001  0.18575258E+001  0.26127655E+001  0.43722495E+001  0.81163992E+001
  0.30779057E+000  0.34264386E+000  0.45254862E+000  0.59491742E+000  0.79052971E+000  0.88450903E+000  0.11852729E+001  0.18575248E+001  0.26127655E+001  0.43722468E+001  0.81163991E+001
  0.30779057E+000  0.34264385E+000  0.45254862E+000  0.59491742E+000  0.79052968E+000  0.88450903E+000  0.11852728E+001  0.18575239E+001  0.26127655E+001  0.43722441E+001  0.81163991E+001
  0.30779057E+000  0.34264384E+000  0.45254862E+000  0.59491742E+000  0.79052965E+000  0.88450902E+000  0.11852728E+001  0.18575230E+001  0.26127654E+001  0.43722414E+001  0.81163990E+001
  0.30779056E+000  0.34264384E+000  0.45254861E+000  0.59491741E+000  0.79052961E+000  0.88450902E+000  0.11852728E+001  0.18575221E+001  0.26127654E+001  0.43722387E+001  0.81163989E+001
  0.30779056E+000  0.34264383E+000  0.45254861E+000  0.59491741E+000  0.79052959E+000  0.88450901E+000  0.11852728E+001  0.18575213E+001  0.26127654E+001  0.43722359E+001  0.81163988E+001
  0.30779056E+000  0.34264383E+000  0.45254861E+000  0.59491741E+000  0.79052956E+000  0.88450901E+000  0.11852728E+001  0.18575204E+001  0.26127653E+001  0.43722331E+001  0.81163987E+001
  0.30779055E+000  0.34264383E+000  0.45254860E+000  0.59491740E+000  0.79052953E+000  0.88450901E+000  0.11852728E+001  0.18575195E+001  0.26127653E+001  0.43722303E+001  0.81163986E+001
  0.30779055E+000  0.34264382E+000  0.45254860E+000  0.59491740E+000  0.79052950E+000  0.88450900E+000  0.11852728E+001  0.18575187E+001  0.26127653E+001  0.43722275E+001  0.81163985E+001
  0.30779055E+000  0.34264382E+000  0.45254860E+000  0.59491740E+000  0.79052948E+000  0.88450900E+000  0.11852728E+001  0.18575179E+001  0.26127653E+001  0.43722246E+001  0.81163984E+001
  0.30779055E+000  0.34264382E+000  0.45254860E+000  0.59491740E+000  0.79052945E+000  0.88450900E+000  0.11852728E+001  0.18575171E+001  0.26127653E+001  0.43722218E+001  0.81163983E+001
  0.30779054E+000  0.34264381E+000  0.45254860E+000  0.59491739E+000  0.79052943E+000  0.88450899E+000  0.11852728E+001  0.18575163E+001  0.26127652E+001  0.43722189E+001  0.81163982E+001
  0.30779054E+000  0.34264381E+000  0.45254859E+000  0.59491739E+000  0.79052941E+000  0.88450899E+000  0.11852728E+001  0.18575155E+001  0.26127652E+001  0.43722161E+001  0.81163980E+001
  0.30779054E+000  0.34264381E+000  0.45254859E+000  0.59491739E+000  0.79052938E+000  0.88450899E+000  0.11852728E+001  0.18575147E+001  0.26127652E+001  0.43722132E+001  0.81163979E+001
  0.30779054E+000  0.34264381E+000  0.45254859E+000  0.59491739E+000  0.79052936E+000  0.88450899E+000  0.11852728E+001  0.18575139E+001  0.26127652E+001  0.43722104E+001  0.81163978E+001
  0.30779054E+000  0.34264380E+000  0.45254859E+000  0.59491739E+000  0.79052934E+000  0.88450898E+000  0.11852728E+001  0.18575132E+001  0.26127651E+001  0.43722076E+001  0.81163976E+001
  0.30779053E+000  0.34264380E+000  0.45254859E+000  0.59491739E+000  0.79052932E+000  0.88450898E+000  0.11852728E+001  0.18575124E+001  0.26127651E+001  0.43722048E+001  0.81163975E+001
  0.30779053E+000  0.34264380E+000  0.45254859E+000  0.59491738E+000  0.79052931E+000  0.88450898E+000  0.11852728E+001  0.18575117E+001  0.26127651E+001  0.43722020E+001  0.81163974E+001
  0.30779053E+000  0.34264380E+000  0.45254859E+000  0.59491738E+000  0.79052929E+000  0.88450898E+000  0.11852728E+001  0.18575110E+001  0.26127651E+001  0.43721992E+001  0.81163972E+001
  0.30779053E+000  0.34264380E+000  0.45254858E+000  0.59491738E+000  0.79052927E+000  0.88450898E+000  0.11852728E+001  0.18575103E+001  0.26127651E+001  0.43721965E+001  0.81163971E+001
  0.30779053E+000  0.34264379E+000  0.45254858E+000  0.59491738E+000  0.79052926E+000  0.88450897E+000  0.11852728E+001  0.18575096E+001  0.26127650E+001  0.43721937E+001  0.81163969E+001
  0.30779053E+000  0.34264379E+000  0.45254858E+000  0.59491738E+000  0.79052924E+000  0.88450897E+000  0.11852728E+001  0.18575089E+001  0.26127650E+001  0.43721910E+001  0.81163968E+001
  0.30779053E+000  0.34264379E+000  0.45254858E+000  0.59491738E+000  0.79052923E+000  0.88450897E+000  0.11852728E+001  0.18575083E+001  0.26127650E+001  0.43721883E+001  0.81163966E+001
  0.30779053E+000  0.34264379E+000  0.45254858E+000  0.59491738E+000  0.79052921E+000  0.88450897E+000  0.11852728E+001  0.18575076E+001  0.26127650E+001  0.43721857E+001  0.81163965E+001
  0.30779053E+000  0.34264379E+000  0.45254858E+000  0.59491738E+000  0.79052920E+000  0.88450897E+000  0.11852728E+001  0.18575070E+001  0.26127650E+001  0.43721830E+001  0.81163963E+001
  0.30779053E+000  0.34264379E+000  0.45254858E+000  0.59491738E+000  0.79052919E+000  0.88450897E+000  0.11852728E+001  0.18575064E+001  0.26127650E+001  0.43721804E+001  0.81163962E+001
  0.30779053E+000  0.34264379E+000  0.45254858E+000  0.59491738E+000  0.79052918E+000  0.88450897E+000  0.11852728E+001  0.18575058E+001  0.26127649E+001  0.43721779E+001  0.81163960E+001
  0.30779053E+000  0.34264379E+000  0.45254858E+000  0.59491738E+000  0.79052917E+000  0.88450897E+000  0.11852728E+001  0.18575052E+001  0.26127649E+001  0.43721754E+001  0.81163959E+001
  0.30779053E+000  0.34264379E+000  0.45254858E+000  0.59491738E+000  0.79052916E+000  0.88450897E+000  0.11852728E+001  0.18575046E+001  0.26127649E+001  0.43721729E+001  0.81163957E+001
  0.30779053E+000  0.34264379E+000  0.45254858E+000  0.59491738E+000  0.79052915E+000  0.88450896E+000  0.11852728E+001  0.18575041E+001  0.26127649E+001  0.43721704E+001  0.81163955E+001
  0.30779052E+000  0.34264379E+000  0.45254858E+000  0.59491738E+000  0.79052914E+000  0.88450896E+000  0.11852728E+001  0.18575035E+001  0.26127649E+001  0.43721680E+001  0.81163954E+001
  0.30779052E+000  0.34264379E+000  0.45254858E+000  0.59491738E+000  0.79052913E+000  0.88450896E+000  0.11852728E+001  0.18575030E+001  0.26127649E+001  0.43721656E+001  0.81163952E+001
  0.30779052E+000  0.34264379E+000  0.45254858E+000  0.59491738E+000  0.79052912E+000  0.88450896E+000  0.11852728E+001  0.18575025E+001  0.26127648E+001  0.43721632E+001  0.81163951E+001
  0.30779052E+000  0.34264379E+000  0.45254858E+000  0.59491738E+000  0.79052911E+000  0.88450896E+000  0.11852728E+001  0.18575020E+001  0.26127648E+001  0.43721609E+001  0.81163949E+001
  0.30779052E+000  0.34264378E+000  0.45254858E+000  0.59491738E+000  0.79052911E+000  0.88450896E+000  0.11852728E+001  0.18575015E+001  0.26127648E+001  0.43721587E+001  0.81163948E+001
  0.30779052E+000  0.34264378E+000  0.45254858E+000  0.59491738E+000  0.79052910E+000  0.88450896E+000  0.11852728E+001  0.18575010E+001  0.26127648E+001  0.43721564E+001  0.81163946E+001
  0.30779052E+000  0.34264378E+000  0.45254858E+000  0.59491738E+000  0.79052909E+000  0.88450896E+000  0.11852728E+001  0.18575006E+001  0.26127648E+001  0.43721542E+001  0.81163945E+001
  0.30779052E+000  0.34264378E+000  0.45254858E+000  0.59491738E+000  0.79052909E+000  0.88450896E+000  0.11852728E+001  0.18575001E+001  0.26127648E+001  0.43721521E+001  0.81163943E+001
  0.30779052E+000  0.34264378E+000  0.45254858E+000  0.59491737E+000  0.79052908E+000  0.88450896E+000  0.11852728E+001  0.18574997E+001  0.26127647E+001  0.43721500E+001  0.81163942E+001
  0.30779052E+000  0.34264378E+000  0.45254858E+000  0.59491737E+000  0.79052907E+000  0.88450896E+000  0.11852728E+001  0.18574993E+001  0.26127647E+001  0.43721479E+001  0.81163940E+001
  0.30779052E+000  0.34264378E+000  0.45254857E+000  0.59491737E+000  0.79052907E+000  0.88450895E+000  0.11852728E+001  0.18574989E+001  0.26127647E+001  0.43721459E+001  0.81163939E+001
  0.30779052E+000  0.34264378E+000  0.45254857E+000  0.59491737E+000  0.79052906E+000  0.88450895E+000  0.11852728E+001  0.18574985E+001  0.26127647E+001  0.43721439E+001  0.81163937E+001
  0.30779052E+000  0.34264378E+000  0.45254857E+000  0.59491737E+000  0.79052905E+000  0.88450895E+000  0.11852728E+001  0.18574981E+001  0.26127647E+001  0.43721419E+001  0.81163936E+001
  0.30779052E+000  0.34264377E+000  0.45254857E+000  0.59491737E+000  0.79052905E+000  0.88450895E+000  0.11852728E+001  0.18574978E+001  0.26127647E+001  0.43721400E+001  0.81163934E+001
  0.30779052E+000  0.34264377E+000  0.45254857E+000  0.59491737E+000  0.79052904E+000  0.88450895E+000  0.11852727E+001  0.18574974E+001  0.26127647E+001  0.43721382E+001  0.81163933E+001
  0.30779052E+000  0.34264376E+000  0.45254856E+000  0.59491737E+000  0.79052903E+000  0.88450894E+000  0.11852727E+001  0.18574971E+001  0.26127647E+001  0.43721364E+001  0.81163931E+001
  0.30779052E+000  0.34264375E+000  0.45254855E+000  0.59491737E+000  0.79052902E+000  0.88450893E+000  0.11852727E+001  0.18574968E+001  0.26127646E+001  0.43721346E+001  0.81163930E+001
