  0.15647536E+000  0.20413928E+000  0.39849117E+000  0.60043264E+000  0.90567808E+000  0.10442717E+001  0.15613664E+001  0.34684229E+001  0.50328833E+001  0.86250461E+001  0.13803996E+002
  0.15666543E+000  0.20425991E+000  0.39859906E+000  0.60054245E+000  0.90709443E+000  0.10458654E+001  0.15612577E+001  0.34685226E+001  0.50329451E+001  0.86251019E+001  0.13804008E+002
  0.15684683E+000  0.20427042E+000  0.39870106E+000  0.60067076E+000  0.90827476E+000  0.10470453E+001  0.15613796E+001  0.34682223E+001  0.50329994E+001  0.86251593E+001  0.13804019E+002
  0.15692064E+000  0.20433300E+000  0.39878410E+000  0.60068966E+000  0.90912414E+000  0.10480663E+001  0.15613598E+001  0.34683204E+001  0.50330439E+001  0.86252126E+001  0.13804027E+002
  0.15707898E+000  0.20443053E+000  0.39883721E+000  0.60069990E+000  0.90988316E+000  0.10488790E+001  0.15614063E+001  0.34683911E+001  0.50330796E+001  0.86252600E+001  0.13804035E+002
  0.15717568E+000  0.20451545E+000  0.39890720E+000  0.60073773E+000  0.91055154E+000  0.10494741E+001  0.15616614E+001  0.34684422E+001  0.50331075E+001  0.86253011E+001  0.13804041E+002
  0.15726752E+000  0.20454280E+000  0.39895311E+000  0.60075713E+000  0.91086028E+000  0.10500645E+001  0.15614906E+001  0.34684794E+001  0.50331447E+001  0.86253364E+001  0.13804047E+002
  0.15733134E+000  0.20455871E+000  0.39898695E+000  0.60076769E+000  0.91131721E+000  0.10505374E+001  0.15615275E+001  0.34685067E+001  0.50331444E+001  0.86253666E+001  0.13804051E+002
  0.15738820E+000  0.20458167E+000  0.39901506E+000  0.60077581E+000  0.91169908E+000  0.10509432E+001  0.15615634E+001  0.34685269E+001  0.50331554E+001  0.86253921E+001  0.13804055E+002
  0.15740692E+000  0.20463680E+000  0.39904239E+000  0.60078322E+000  0.91201922E+000  0.10512407E+001  0.15616913E+001  0.34685420E+001  0.50333846E+001  0.86254137E+001  0.13804058E+002
  0.15746940E+000  0.20466625E+000  0.39906785E+000  0.60078999E+000  0.91228750E+000  0.10515317E+001  0.15617234E+001  0.34683467E+001  0.50331620E+001  0.86254320E+001  0.13804061E+002
  0.15743661E+000  0.20471040E+000  0.39908930E+000  0.60079621E+000  0.91251274E+000  0.10517165E+001  0.15617495E+001  0.34683867E+001  0.50331623E+001  0.86254474E+001  0.13804063E+002
  0.15744794E+000  0.20474987E+000  0.39910735E+000  0.60080195E+000  0.91270241E+000  0.10519113E+001  0.15618056E+001  0.34684181E+001  0.50331623E+001  0.86254604E+001  0.13804065E+002
  0.15754879E+000  0.20478428E+000  0.39912250E+000  0.60080726E+000  0.91285531E+000  0.10520715E+001  0.15618267E+001  0.34684429E+001  0.50331621E+001  0.86254714E+001  0.13804067E+002
  0.15755934E+000  0.20481157E+000  0.39913519E+000  0.60081219E+000  0.91298137E+000  0.10522357E+001  0.15618453E+001  0.34684627E+001  0.50331618E+001  0.86254807E+001  0.13804068E+002
  0.15756923E+000  0.20485822E+000  0.39914579E+000  0.60081680E+000  0.91307452E+000  0.10523250E+001  0.15618623E+001  0.34684785E+001  0.50331614E+001  0.86254884E+001  0.13804069E+002
  0.15757823E+000  0.20488985E+000  0.39915462E+000  0.60082111E+000  0.91318930E+000  0.10524552E+001  0.15618780E+001  0.34684911E+001  0.50331600E+001  0.86254950E+001  0.13804070E+002
  0.15758643E+000  0.20491488E+000  0.39916193E+000  0.60082517E+000  0.91327033E+000  0.10524949E+001  0.15618927E+001  0.34685012E+001  0.50331570E+001  0.86255004E+001  0.13804071E+002
  0.15762019E+000  0.20493469E+000  0.39916797E+000  0.60083100E+000  0.91330488E+000  0.10525775E+001  0.15618418E+001  0.34685093E+001  0.50331541E+001  0.86255050E+001  0.13804072E+002
  0.15762054E+000  0.20495025E+000  0.39916840E+000  0.60084134E+000  0.91340009E+000  0.10525999E+001  0.15618718E+001  0.34685159E+001  0.50331512E+001  0.86255088E+001  0.13804072E+002
  0.15762093E+000  0.20495001E+000  0.39914468E+000  0.60085205E+000  0.91343514E+000  0.10526188E+001  0.15619323E+001  0.34685211E+001  0.50331483E+001  0.86255120E+001  0.13804072E+002
  0.15762135E+000  0.20495183E+000  0.39914773E+000  0.60086304E+000  0.91346446E+000  0.10527477E+001  0.15619642E+001  0.34685253E+001  0.50331455E+001  0.86255146E+001  0.13804073E+002
  0.15762180E+000  0.20495363E+000  0.39915031E+000  0.60087421E+000  0.91348890E+000  0.10527701E+001  0.15619828E+001  0.34685287E+001  0.50331428E+001  0.86255168E+001  0.13804073E+002
  0.15762226E+000  0.20495535E+000  0.39915249E+000  0.60099028E+000  0.91354651E+000  0.10527810E+001  0.15619979E+001  0.34685314E+001  0.50331402E+001  0.86255185E+001  0.13804073E+002
  0.15762273E+000  0.20495695E+000  0.39915431E+000  0.60099101E+000  0.91355987E+000  0.10528214E+001  0.15620103E+001  0.34685336E+001  0.50331376E+001  0.86255199E+001  0.13804074E+002
  0.15762320E+000  0.20495842E+000  0.39915585E+000  0.60099179E+000  0.91357070E+000  0.10528287E+001  0.15620202E+001  0.34685354E+001  0.50331351E+001  0.86255211E+001  0.13804074E+002
  0.15762366E+000  0.20495974E+000  0.39915713E+000  0.60099260E+000  0.91357939E+000  0.10528347E+001  0.15620281E+001  0.34685367E+001  0.50331326E+001  0.86255219E+001  0.13804074E+002
  0.15762412E+000  0.20496091E+000  0.39915821E+000  0.60099340E+000  0.91358628E+000  0.10528696E+001  0.15620343E+001  0.34685378E+001  0.50331301E+001  0.86255226E+001  0.13804074E+002
  0.15762456E+000  0.20496194E+000  0.39915911E+000  0.60099417E+000  0.91359163E+000  0.10528734E+001  0.15620392E+001  0.34685387E+001  0.50331277E+001  0.86255232E+001  0.13804074E+002
  0.15762499E+000  0.20496283E+000  0.39915985E+000  0.60099491E+000  0.91359569E+000  0.10528764E+001  0.15620428E+001  0.34685394E+001  0.50331254E+001  0.86255236E+001  0.13804074E+002
  0.15762541E+000  0.20496359E+000  0.39916047E+000  0.60099561E+000  0.91359868E+000  0.10528786E+001  0.15620454E+001  0.34685399E+001  0.50331230E+001  0.86255238E+001  0.13804074E+002
  0.15762581E+000  0.20496423E+000  0.39916098E+000  0.60099625E+000  0.91360077E+000  0.10528803E+001  0.15620473E+001  0.34685403E+001  0.50331207E+001  0.86255240E+001  0.13804074E+002
  0.15762619E+000  0.20496477E+000  0.39916140E+000  0.60099684E+000  0.91360210E+000  0.10528815E+001  0.15620484E+001  0.34685406E+001  0.50331185E+001  0.86255241E+001  0.13804074E+002
  0.15762656E+000  0.20496521E+000  0.39916175E+000  0.60099738E+000  0.91360282E+000  0.10528823E+001  0.15620491E+001  0.34685408E+001  0.50331163E+001  0.86255241E+001  0.13804074E+002
  0.15762691E+000  0.20496556E+000  0.39916203E+000  0.60101165E+000  0.91360304E+000  0.10528828E+001  0.15622653E+001  0.34685410E+001  0.50331141E+001  0.86255241E+001  0.13804074E+002
  0.15762724E+000  0.20496584E+000  0.39916225E+000  0.60106204E+000  0.91360284E+000  0.10528830E+001  0.15622845E+001  0.34685411E+001  0.50331120E+001  0.86255240E+001  0.13804074E+002
  0.15762756E+000  0.20496605E+000  0.39916242E+000  0.60111146E+000  0.91360230E+000  0.10528829E+001  0.15623030E+001  0.34685412E+001  0.50331099E+001  0.86255239E+001  0.13804074E+002
  0.15762785E+000  0.20496620E+000  0.39916256E+000  0.60115119E+000  0.91360149E+000  0.10528827E+001  0.15623208E+001  0.34685413E+001  0.50331079E+001  0.86255238E+001  0.13804074E+002
  0.15762813E+000  0.20496629E+000  0.39916265E+000  0.60115131E+000  0.91360047E+000  0.10528824E+001  0.15623378E+001  0.34685413E+001  0.50331060E+001  0.86255236E+001  0.13804074E+002
  0.15762838E+000  0.20496634E+000  0.39916272E+000  0.60115141E+000  0.91359927E+000  0.10528819E+001  0.15623541E+001  0.34685414E+001  0.50331041E+001  0.86255234E+001  0.13804074E+002
  0.15762862E+000  0.20496635E+000  0.39916275E+000  0.60115147E+000  0.91359793E+000  0.10528814E+001  0.15623695E+001  0.34685414E+001  0.50331023E+001  0.86255233E+001  0.13804074E+002
  0.15762884E+000  0.20496632E+000  0.39916275E+000  0.60115150E+000  0.91359648E+000  0.10528807E+001  0.15623842E+001  0.34685415E+001  0.50331005E+001  0.86255231E+001  0.13804074E+002
  0.15762903E+000  0.20496626E+000  0.39916273E+000  0.60115150E+000  0.91359494E+000  0.10528800E+001  0.15623980E+001  0.34685415E+001  0.50330988E+001  0.86255229E+001  0.13804074E+002
  0.15762920E+000  0.20496616E+000  0.39916268E+000  0.60115148E+000  0.91359332E+000  0.10528793E+001  0.15624111E+001  0.34685415E+001  0.50330972E+001  0.86255226E+001  0.13804074E+002
  0.15762934E+000  0.20496604E+000  0.39916260E+000  0.60115142E+000  0.91359165E+000  0.10528786E+001  0.15624233E+001  0.34685415E+001  0.50330956E+001  0.86255224E+001  0.13804074E+002
  0.15762946E+000  0.20496590E+000  0.39916250E+000  0.60115134E+000  0.91358993E+000  0.10528778E+001  0.15624347E+001  0.34685416E+001  0.50330942E+001  0.86255222E+001  0.13804073E+002
  0.15762955E+000  0.20496574E+000  0.39916237E+000  0.60115123E+000  0.91358817E+000  0.10528770E+001  0.15624454E+001  0.34685416E+001  0.50330928E+001  0.86255220E+001  0.13804073E+002
  0.15762961E+000  0.20496555E+000  0.39916222E+000  0.60115110E+000  0.91358637E+000  0.10528761E+001  0.15624552E+001  0.34685416E+001  0.50330915E+001  0.86255218E+001  0.13804073E+002
  0.15762964E+000  0.20496535E+000  0.39916203E+000  0.60115094E+000  0.91358455E+000  0.10528753E+001  0.15624643E+001  0.34685417E+001  0.50330903E+001  0.86255215E+001  0.13804073E+002
  0.15762964E+000  0.20496514E+000  0.39916183E+000  0.60115075E+000  0.91358270E+000  0.10528745E+001  0.15624726E+001  0.34685417E+001  0.50330891E+001  0.86255213E+001  0.13804073E+002
  0.15762962E+000  0.20496491E+000  0.39916159E+000  0.60115054E+000  0.91358083E+000  0.10528736E+001  0.15624801E+001  0.34685417E+001  0.50330881E+001  0.86255211E+001  0.13804073E+002
  0.15762956E+000  0.20496466E+000  0.39916133E+000  0.60115031E+000  0.91357894E+000  0.10528727E+001  0.15624870E+001  0.34685418E+001  0.50330871E+001  0.86255209E+001  0.13804073E+002
  0.15762948E+000  0.20496441E+000  0.39916103E+000  0.60115006E+000  0.91357703E+000  0.10528719E+001  0.15624931E+001  0.34685418E+001  0.50330862E+001  0.86255207E+001  0.13804073E+002
  0.15762937E+000  0.20496414E+000  0.39916072E+000  0.60114979E+000  0.91357511E+000  0.10528710E+001  0.15624990E+001  0.34685418E+001  0.50330854E+001  0.86255204E+001  0.13804073E+002
  0.15762923E+000  0.20496387E+000  0.39916037E+000  0.60114950E+000  0.91357318E+000  0.10528701E+001  0.15625042E+001  0.34685419E+001  0.50330847E+001  0.86255202E+001  0.13804073E+002
  0.15762907E+000  0.20496358E+000  0.39916000E+000  0.60114920E+000  0.91357125E+000  0.10528693E+001  0.15625089E+001  0.34685419E+001  0.50330842E+001  0.86255200E+001  0.13804073E+002
  0.15762888E+000  0.20496329E+000  0.39915960E+000  0.60114888E+000  0.91356930E+000  0.10528684E+001  0.15625129E+001  0.34685420E+001  0.50330837E+001  0.86255198E+001  0.13804073E+002
  0.15762867E+000  0.20496299E+000  0.39915918E+000  0.60114854E+000  0.91356735E+000  0.10528675E+001  0.15625165E+001  0.34685420E+001  0.50330833E+001  0.86255196E+001  0.13804073E+002
  0.15762843E+000  0.20496269E+000  0.39915873E+000  0.60114820E+000  0.91356567E+000  0.10528667E+001  0.15625195E+001  0.34685420E+001  0.50330829E+001  0.86255194E+001  0.13804073E+002
  0.15762818E+000  0.20496239E+000  0.39915826E+000  0.60114784E+000  0.91356435E+000  0.10528658E+001  0.15625221E+001  0.34685421E+001  0.50330827E+001  0.86255192E+001  0.13804073E+002
  0.15762792E+000  0.20496208E+000  0.39915777E+000  0.60114748E+000  0.91356303E+000  0.10528649E+001  0.15625243E+001  0.34685421E+001  0.50330826E+001  0.86255190E+001  0.13804073E+002
  0.15762763E+000  0.20496177E+000  0.39915726E+000  0.60114710E+000  0.91356171E+000  0.10528641E+001  0.15625261E+001  0.34685421E+001  0.50330826E+001  0.86255188E+001  0.13804073E+002
  0.15762734E+000  0.20496146E+000  0.39915672E+000  0.60114672E+000  0.91356040E+000  0.10528632E+001  0.15625276E+001  0.34685422E+001  0.50330827E+001  0.86255187E+001  0.13804072E+002
  0.15762703E+000  0.20496115E+000  0.39915617E+000  0.60114634E+000  0.91355909E+000  0.10528624E+001  0.15625287E+001  0.34685422E+001  0.50330828E+001  0.86255185E+001  0.13804072E+002
  0.15762672E+000  0.20496083E+000  0.39915561E+000  0.60114596E+000  0.91355778E+000  0.10528616E+001  0.15625296E+001  0.34685422E+001  0.50330831E+001  0.86255183E+001  0.13804072E+002
  0.15762640E+000  0.20496052E+000  0.39915503E+000  0.60114557E+000  0.91355648E+000  0.10528607E+001  0.15625302E+001  0.34685423E+001  0.50330834E+001  0.86255182E+001  0.13804072E+002
  0.15762607E+000  0.20496021E+000  0.39915443E+000  0.60114518E+000  0.91355519E+000  0.10528599E+001  0.15625305E+001  0.34685423E+001  0.50330839E+001  0.86255180E+001  0.13804072E+002
  0.15762574E+000  0.20495991E+000  0.39915383E+000  0.60114480E+000  0.91355392E+000  0.10528591E+001  0.15625307E+001  0.34685423E+001  0.50330844E+001  0.86255179E+001  0.13804072E+002
  0.15762541E+000  0.20495960E+000  0.39915322E+000  0.60114441E+000  0.91355265E+000  0.10528584E+001  0.15625306E+001  0.34685424E+001  0.50330850E+001  0.86255178E+001  0.13804072E+002
  0.15762508E+000  0.20495930E+000  0.39915260E+000  0.60114403E+000  0.91355141E+000  0.10528576E+001  0.15625304E+001  0.34685424E+001  0.50330856E+001  0.86255177E+001  0.13804072E+002
  0.15762475E+000  0.20495900E+000  0.39915198E+000  0.60114366E+000  0.91355018E+000  0.10528568E+001  0.15625301E+001  0.34685424E+001  0.50330864E+001  0.86255176E+001  0.13804072E+002
  0.15762442E+000  0.20495871E+000  0.39915135E+000  0.60114329E+000  0.91354896E+000  0.10528561E+001  0.15625296E+001  0.34685425E+001  0.50330872E+001  0.86255175E+001  0.13804072E+002
  0.15762410E+000  0.20495843E+000  0.39915073E+000  0.60114293E+000  0.91354777E+000  0.10528554E+001  0.15625290E+001  0.34685425E+001  0.50330880E+001  0.86255174E+001  0.13804072E+002
  0.15762378E+000  0.20495815E+000  0.39915011E+000  0.60114258E+000  0.91354660E+000  0.10528546E+001  0.15625283E+001  0.34685426E+001  0.50330890E+001  0.86255173E+001  0.13804072E+002
  0.15762347E+000  0.20495787E+000  0.39914949E+000  0.60103740E+000  0.91354546E+000  0.10528539E+001  0.15625275E+001  0.34685426E+001  0.50330900E+001  0.86255173E+001  0.13804072E+002
  0.15762316E+000  0.20495760E+000  0.39914888E+000  0.60103704E+000  0.91354434E+000  0.10528533E+001  0.15625266E+001  0.34685427E+001  0.50330910E+001  0.86255172E+001  0.13804072E+002
  0.15762286E+000  0.20495734E+000  0.39914827E+000  0.60103667E+000  0.91354325E+000  0.10528526E+001  0.15625257E+001  0.34685427E+001  0.50330921E+001  0.86255172E+001  0.13804072E+002
  0.15762257E+000  0.20495709E+000  0.39914768E+000  0.60103629E+000  0.91354219E+000  0.10528520E+001  0.15625247E+001  0.34685428E+001  0.50330933E+001  0.86255172E+001  0.13804072E+002
  0.15762229E+000  0.20495685E+000  0.39914710E+000  0.60103589E+000  0.91354116E+000  0.10528514E+001  0.15625237E+001  0.34685428E+001  0.50330944E+001  0.86255172E+001  0.13804072E+002
  0.15762201E+000  0.20495661E+000  0.39914653E+000  0.60103549E+000  0.91354016E+000  0.10528508E+001  0.15625226E+001  0.34685428E+001  0.50330957E+001  0.86255172E+001  0.13804072E+002
  0.15762175E+000  0.20495638E+000  0.39914597E+000  0.60103509E+000  0.91353919E+000  0.10528502E+001  0.15625216E+001  0.34685429E+001  0.50330969E+001  0.86255172E+001  0.13804072E+002
  0.15762150E+000  0.20495616E+000  0.39914543E+000  0.60103468E+000  0.91353826E+000  0.10528304E+001  0.15625205E+001  0.34685429E+001  0.50330982E+001  0.86255172E+001  0.13804072E+002
  0.15762125E+000  0.20495595E+000  0.39914490E+000  0.60103427E+000  0.91353736E+000  0.10528299E+001  0.15625194E+001  0.34685430E+001  0.50330995E+001  0.86255173E+001  0.13804072E+002
  0.15762102E+000  0.20495575E+000  0.39914440E+000  0.60103386E+000  0.91353650E+000  0.10528295E+001  0.15625183E+001  0.34685430E+001  0.50331008E+001  0.86255173E+001  0.13804072E+002
  0.15762079E+000  0.20495556E+000  0.39914391E+000  0.60103346E+000  0.91353567E+000  0.10528291E+001  0.15625172E+001  0.34685431E+001  0.50331022E+001  0.86255174E+001  0.13804072E+002
  0.15762058E+000  0.20495537E+000  0.39914344E+000  0.60103306E+000  0.91353488E+000  0.10528288E+001  0.15625162E+001  0.34685431E+001  0.50331035E+001  0.86255175E+001  0.13804072E+002
  0.15762037E+000  0.20495520E+000  0.39914298E+000  0.60103267E+000  0.91353412E+000  0.10528284E+001  0.15625151E+001  0.34685431E+001  0.50331049E+001  0.86255176E+001  0.13804072E+002
  0.15762018E+000  0.20495503E+000  0.39914255E+000  0.60103228E+000  0.91353341E+000  0.10528281E+001  0.15625141E+001  0.34685432E+001  0.50331062E+001  0.86255177E+001  0.13804072E+002
  0.15761999E+000  0.20495487E+000  0.39914214E+000  0.60103191E+000  0.91353272E+000  0.10528278E+001  0.15625131E+001  0.34685432E+001  0.50331076E+001  0.86255178E+001  0.13804072E+002
  0.15761982E+000  0.20495472E+000  0.39914174E+000  0.60103154E+000  0.91353207E+000  0.10528275E+001  0.15625121E+001  0.34685432E+001  0.50331089E+001  0.86255179E+001  0.13804071E+002
  0.15761965E+000  0.20495458E+000  0.39914137E+000  0.60103119E+000  0.91353146E+000  0.10528272E+001  0.15625111E+001  0.34685432E+001  0.50331103E+001  0.86255181E+001  0.13804071E+002
  0.15761950E+000  0.20495445E+000  0.39914101E+000  0.60103085E+000  0.91353088E+000  0.10528269E+001  0.15625102E+001  0.34685432E+001  0.50331116E+001  0.86255182E+001  0.13804071E+002
  0.15761935E+000  0.20495432E+000  0.39914068E+000  0.60103051E+000  0.91353033E+000  0.10528267E+001  0.15625093E+001  0.34685432E+001  0.50331129E+001  0.86255184E+001  0.13804071E+002
  0.15761921E+000  0.20495420E+000  0.39914036E+000  0.60103020E+000  0.91352981E+000  0.10528264E+001  0.15625084E+001  0.34685431E+001  0.50331141E+001  0.86255186E+001  0.13804071E+002
  0.15761909E+000  0.20495409E+000  0.39914005E+000  0.60102989E+000  0.91352933E+000  0.10528262E+001  0.15625076E+001  0.34685431E+001  0.50331154E+001  0.86255188E+001  0.13804071E+002
  0.15761896E+000  0.20495399E+000  0.39913977E+000  0.60102959E+000  0.91352887E+000  0.10528260E+001  0.15625068E+001  0.34685430E+001  0.50331165E+001  0.86255190E+001  0.13804071E+002
  0.15761885E+000  0.20495389E+000  0.39913950E+000  0.60102931E+000  0.91352845E+000  0.10528258E+001  0.15625060E+001  0.34685430E+001  0.50331177E+001  0.86255192E+001  0.13804071E+002
  0.15761875E+000  0.20495380E+000  0.39913925E+000  0.60102904E+000  0.91352805E+000  0.10528256E+001  0.15625052E+001  0.34685429E+001  0.50331188E+001  0.86255194E+001  0.13804071E+002
  0.15761865E+000  0.20495371E+000  0.39913902E+000  0.60102877E+000  0.91352768E+000  0.10528254E+001  0.15625045E+001  0.34685428E+001  0.50331198E+001  0.86255196E+001  0.13804071E+002
  0.15761856E+000  0.20495363E+000  0.39913880E+000  0.60102853E+000  0.91352733E+000  0.10528252E+001  0.15625038E+001  0.34685427E+001  0.50331208E+001  0.86255199E+001  0.13804071E+002
  0.15761847E+000  0.20495356E+000  0.39913859E+000  0.60102829E+000  0.91352700E+000  0.10528251E+001  0.15625031E+001  0.34685426E+001  0.50331216E+001  0.86255201E+001  0.13804071E+002
  0.15761839E+000  0.20495349E+000  0.39913840E+000  0.60102806E+000  0.91352670E+000  0.10528250E+001  0.15625024E+001  0.34685425E+001  0.50331225E+001  0.86255203E+001  0.13804071E+002
  0.15761832E+000  0.20495342E+000  0.39913822E+000  0.60102784E+000  0.91352642E+000  0.10528248E+001  0.15625018E+001  0.34685423E+001  0.50331232E+001  0.86255206E+001  0.13804071E+002
  0.15761825E+000  0.20495336E+000  0.39913805E+000  0.60102764E+000  0.91352617E+000  0.10528247E+001  0.15625012E+001  0.34685422E+001  0.50331239E+001  0.86255208E+001  0.13804071E+002
  0.15761819E+000  0.20495330E+000  0.39913790E+000  0.60102744E+000  0.91352593E+000  0.10528246E+001  0.15625006E+001  0.34685420E+001  0.50331244E+001  0.86255211E+001  0.13804071E+002
  0.15761813E+000  0.20495325E+000  0.39913775E+000  0.60102725E+000  0.91352570E+000  0.10528245E+001  0.15625000E+001  0.34685418E+001  0.50331249E+001  0.86255213E+001  0.13804071E+002
  0.15761808E+000  0.20495320E+000  0.39913762E+000  0.60102707E+000  0.91352550E+000  0.10528244E+001  0.15624995E+001  0.34685416E+001  0.50331252E+001  0.86255216E+001  0.13804072E+002
  0.15761803E+000  0.20495315E+000  0.39913749E+000  0.60102690E+000  0.91352531E+000  0.10528243E+001  0.15624990E+001  0.34685414E+001  0.50331255E+001  0.86255218E+001  0.13804072E+002
  0.15761799E+000  0.20495311E+000  0.39913738E+000  0.60102674E+000  0.91352514E+000  0.10528242E+001  0.15624985E+001  0.34685411E+001  0.50331256E+001  0.86255221E+001  0.13804072E+002
  0.15761795E+000  0.20495307E+000  0.39913727E+000  0.60102659E+000  0.91352498E+000  0.10528242E+001  0.15624980E+001  0.34685409E+001  0.50331257E+001  0.86255223E+001  0.13804072E+002
  0.15761791E+000  0.20495303E+000  0.39913717E+000  0.60102644E+000  0.91352484E+000  0.10528241E+001  0.15624975E+001  0.34685406E+001  0.50331256E+001  0.86255226E+001  0.13804072E+002
  0.15761788E+000  0.20495299E+000  0.39913708E+000  0.60102630E+000  0.91352470E+000  0.10528240E+001  0.15624970E+001  0.34685404E+001  0.50331254E+001  0.86255228E+001  0.13804072E+002
  0.15761785E+000  0.20495296E+000  0.39913700E+000  0.60102617E+000  0.91352458E+000  0.10528240E+001  0.15624966E+001  0.34685401E+001  0.50331250E+001  0.86255230E+001  0.13804072E+002
  0.15761782E+000  0.20495293E+000  0.39913692E+000  0.60102604E+000  0.91352447E+000  0.10528239E+001  0.15624961E+001  0.34685398E+001  0.50331246E+001  0.86255233E+001  0.13804072E+002
  0.15761780E+000  0.20495290E+000  0.39913685E+000  0.60102592E+000  0.91352437E+000  0.10528239E+001  0.15624957E+001  0.34685394E+001  0.50331240E+001  0.86255235E+001  0.13804072E+002
  0.15761778E+000  0.20495287E+000  0.39913678E+000  0.60102580E+000  0.91352428E+000  0.10528238E+001  0.15624953E+001  0.34685391E+001  0.50331233E+001  0.86255237E+001  0.13804072E+002
  0.15761776E+000  0.20495284E+000  0.39913672E+000  0.60102569E+000  0.91352420E+000  0.10528238E+001  0.15624949E+001  0.34685387E+001  0.50331225E+001  0.86255239E+001  0.13804072E+002
  0.15761774E+000  0.20495282E+000  0.39913667E+000  0.60102558E+000  0.91352412E+000  0.10528238E+001  0.15624946E+001  0.34685384E+001  0.50331215E+001  0.86255241E+001  0.13804072E+002
  0.15761772E+000  0.20495280E+000  0.39913661E+000  0.60102548E+000  0.91352406E+000  0.10528237E+001  0.15624942E+001  0.34685380E+001  0.50331204E+001  0.86255243E+001  0.13804072E+002
  0.15761771E+000  0.20495277E+000  0.39913657E+000  0.60102538E+000  0.91352399E+000  0.10528237E+001  0.15624938E+001  0.34685376E+001  0.50331193E+001  0.86255245E+001  0.13804072E+002
  0.15761770E+000  0.20495275E+000  0.39913652E+000  0.60102528E+000  0.91352394E+000  0.10528237E+001  0.15624935E+001  0.34685372E+001  0.50331179E+001  0.86255246E+001  0.13804072E+002
  0.15761769E+000  0.20495273E+000  0.39913648E+000  0.60102519E+000  0.91352389E+000  0.10528237E+001  0.15624932E+001  0.34685368E+001  0.50331165E+001  0.86255248E+001  0.13804072E+002
  0.15761768E+000  0.20495272E+000  0.39913644E+000  0.60102510E+000  0.91352385E+000  0.10528236E+001  0.15624928E+001  0.34685364E+001  0.50331149E+001  0.86255249E+001  0.13804072E+002
  0.15761767E+000  0.20495270E+000  0.39913641E+000  0.60102502E+000  0.91352381E+000  0.10528236E+001  0.15624925E+001  0.34685360E+001  0.50331133E+001  0.86255250E+001  0.13804072E+002
  0.15761766E+000  0.20495268E+000  0.39913637E+000  0.60102493E+000  0.91352378E+000  0.10528236E+001  0.15624922E+001  0.34685355E+001  0.50331115E+001  0.86255251E+001  0.13804072E+002
  0.15761766E+000  0.20495267E+000  0.39913634E+000  0.60102485E+000  0.91352375E+000  0.10528236E+001  0.15624919E+001  0.34685351E+001  0.50331096E+001  0.86255252E+001  0.13804072E+002
  0.15761765E+000  0.20495265E+000  0.39913631E+000  0.60102477E+000  0.91352372E+000  0.10528236E+001  0.15624916E+001  0.34685346E+001  0.50331076E+001  0.86255253E+001  0.13804072E+002
  0.15761765E+000  0.20495264E+000  0.39913628E+000  0.60102469E+000  0.91352370E+000  0.10528236E+001  0.15624914E+001  0.34685341E+001  0.50331055E+001  0.86255253E+001  0.13804072E+002
  0.15761765E+000  0.20495262E+000  0.39913626E+000  0.60102461E+000  0.91352368E+000  0.10528236E+001  0.15624911E+001  0.34685337E+001  0.50331033E+001  0.86255253E+001  0.13804072E+002
  0.15761764E+000  0.20495261E+000  0.39913623E+000  0.60102453E+000  0.91352366E+000  0.10528236E+001  0.15624908E+001  0.34685332E+001  0.50331010E+001  0.86255254E+001  0.13804072E+002
  0.15761764E+000  0.20495260E+000  0.39913621E+000  0.60102446E+000  0.91352365E+000  0.10528236E+001  0.15624905E+001  0.34685327E+001  0.50330986E+001  0.86255253E+001  0.13804072E+002
  0.15761764E+000  0.20495259E+000  0.39913618E+000  0.60102438E+000  0.91352364E+000  0.10528236E+001  0.15624903E+001  0.34685322E+001  0.50330962E+001  0.86255253E+001  0.13804072E+002
  0.15761764E+000  0.20495258E+000  0.39913616E+000  0.60102431E+000  0.91352363E+000  0.10528236E+001  0.15624900E+001  0.34685317E+001  0.50330936E+001  0.86255253E+001  0.13804072E+002
  0.15761764E+000  0.20495257E+000  0.39913614E+000  0.60102423E+000  0.91352362E+000  0.10528236E+001  0.15624898E+001  0.34685312E+001  0.50330910E+001  0.86255252E+001  0.13804072E+002
  0.15761764E+000  0.20495256E+000  0.39913612E+000  0.60102416E+000  0.91352361E+000  0.10528236E+001  0.15624895E+001  0.34685307E+001  0.50330883E+001  0.86255251E+001  0.13804072E+002
  0.15761764E+000  0.20495255E+000  0.39913610E+000  0.60102409E+000  0.91352361E+000  0.10528236E+001  0.15624893E+001  0.34685302E+001  0.50330855E+001  0.86255250E+001  0.13804072E+002
  0.15761764E+000  0.20495254E+000  0.39913608E+000  0.60102401E+000  0.91352360E+000  0.10528236E+001  0.15624891E+001  0.34685297E+001  0.50330827E+001  0.86255249E+001  0.13804072E+002
  0.15761764E+000  0.20495253E+000  0.39913606E+000  0.60102394E+000  0.91352360E+000  0.10528236E+001  0.15624888E+001  0.34685292E+001  0.50330798E+001  0.86255247E+001  0.13804072E+002
  0.15761764E+000  0.20495252E+000  0.39913604E+000  0.60102387E+000  0.91352360E+000  0.10528236E+001  0.15624886E+001  0.34685287E+001  0.50330768E+001  0.86255246E+001  0.13804072E+002
  0.15761764E+000  0.20495252E+000  0.39913602E+000  0.60102380E+000  0.91352360E+000  0.10528236E+001  0.15624884E+001  0.34685282E+001  0.50330738E+001  0.86255244E+001  0.13804072E+002
  0.15761765E+000  0.20495251E+000  0.39913600E+000  0.60102373E+000  0.91352360E+000  0.10528236E+001  0.15624881E+001  0.34685277E+001  0.50330708E+001  0.86255242E+001  0.13804072E+002
  0.15761765E+000  0.20495250E+000  0.39913598E+000  0.60102365E+000  0.91352360E+000  0.10528236E+001  0.15624879E+001  0.34685272E+001  0.50330677E+001  0.86255239E+001  0.13804072E+002
  0.15761765E+000  0.20495250E+000  0.39913596E+000  0.60102358E+000  0.91352360E+000  0.10528236E+001  0.15624877E+001  0.34685266E+001  0.50330645E+001  0.86255237E+001  0.13804072E+002
  0.15761765E+000  0.20495249E+000  0.39913594E+000  0.60102351E+000  0.91352360E+000  0.10528236E+001  0.15624874E+001  0.34685261E+001  0.50330614E+001  0.86255234E+001  0.13804072E+002
  0.15761765E+000  0.20495249E+000  0.39913593E+000  0.60102344E+000  0.91352360E+000  0.10528236E+001  0.15624872E+001  0.34685256E+001  0.50330582E+001  0.86255232E+001  0.13804072E+002
  0.15761765E+000  0.20495248E+000  0.39913591E+000  0.60102337E+000  0.91352360E+000  0.10528236E+001  0.15624870E+001  0.34685252E+001  0.50330550E+001  0.86255229E+001  0.13804072E+002
  0.15761766E+000  0.20495248E+000  0.39913589E+000  0.60102330E+000  0.91352361E+000  0.10528236E+001  0.15624868E+001  0.34685247E+001  0.50330517E+001  0.86255225E+001  0.13804072E+002
  0.15761766E+000  0.20495247E+000  0.39913587E+000  0.60102324E+000  0.91352361E+000  0.10528236E+001  0.15624866E+001  0.34685242E+001  0.50330485E+001  0.86255222E+001  0.13804072E+002
  0.15761766E+000  0.20495247E+000  0.39913586E+000  0.60102317E+000  0.91352361E+000  0.10528236E+001  0.15624863E+001  0.34685237E+001  0.50330452E+001  0.86255219E+001  0.13804072E+002
  0.15761766E+000  0.20495246E+000  0.39913584E+000  0.60102310E+000  0.91352361E+000  0.10528236E+001  0.15624861E+001  0.34685232E+001  0.50330420E+001  0.86255215E+001  0.13804072E+002
  0.15761766E+000  0.20495246E+000  0.39913583E+000  0.60102304E+000  0.91352361E+000  0.10528236E+001  0.15624859E+001  0.34685227E+001  0.50330387E+001  0.86255211E+001  0.13804072E+002
  0.15761766E+000  0.20495246E+000  0.39913581E+000  0.60102297E+000  0.91352362E+000  0.10528236E+001  0.15624857E+001  0.34685223E+001  0.50330354E+001  0.86255208E+001  0.13804072E+002
  0.15761767E+000  0.20495245E+000  0.39913579E+000  0.60102291E+000  0.91352362E+000  0.10528236E+001  0.15624855E+001  0.34685218E+001  0.50330322E+001  0.86255204E+001  0.13804072E+002
  0.15761767E+000  0.20495245E+000  0.39913578E+000  0.60102285E+000  0.91352362E+000  0.10528236E+001  0.15624853E+001  0.34685213E+001  0.50330289E+001  0.86255200E+001  0.13804072E+002
  0.15761767E+000  0.20495245E+000  0.39913577E+000  0.60102279E+000  0.91352362E+000  0.10528236E+001  0.15624851E+001  0.34685209E+001  0.50330257E+001  0.86255195E+001  0.13804072E+002
  0.15761767E+000  0.20495244E+000  0.39913575E+000  0.60102273E+000  0.91352362E+000  0.10528236E+001  0.15624849E+001  0.34685204E+001  0.50330225E+001  0.86255191E+001  0.13804072E+002
  0.15761767E+000  0.20495244E+000  0.39913574E+000  0.60102267E+000  0.91352363E+000  0.10528236E+001  0.15624847E+001  0.34685200E+001  0.50330192E+001  0.86255187E+001  0.13804072E+002
  0.15761767E+000  0.20495244E+000  0.39913573E+000  0.60102261E+000  0.91352363E+000  0.10528236E+001  0.15624845E+001  0.34685195E+001  0.50330160E+001  0.86255182E+001  0.13804072E+002
  0.15761767E+000  0.20495244E+000  0.39913571E+000  0.60102256E+000  0.91352363E+000  0.10528236E+001  0.15624843E+001  0.34685191E+001  0.50330129E+001  0.86255178E+001  0.13804072E+002
  0.15761767E+000  0.20495243E+000  0.39913570E+000  0.60102250E+000  0.91352363E+000  0.10528236E+001  0.15624841E+001  0.34685187E+001  0.50330097E+001  0.86255173E+001  0.13804072E+002
  0.15761767E+000  0.20495243E+000  0.39913569E+000  0.60102245E+000  0.91352363E+000  0.10528236E+001  0.15624839E+001  0.34685183E+001  0.50330066E+001  0.86255168E+001  0.13804072E+002
  0.15761768E+000  0.20495243E+000  0.39913568E+000  0.60102240E+000  0.91352363E+000  0.10528236E+001  0.15624837E+001  0.34685178E+001  0.50330035E+001  0.86255164E+001  0.13804072E+002
  0.15761768E+000  0.20495243E+000  0.39913567E+000  0.60102235E+000  0.91352363E+000  0.10528236E+001  0.15624835E+001  0.34685174E+001  0.50330004E+001  0.86255159E+001  0.13804072E+002
  0.15761768E+000  0.20495243E+000  0.39913566E+000  0.60102230E+000  0.91352363E+000  0.10528236E+001  0.15624833E+001  0.34685170E+001  0.50329974E+001  0.86255154E+001  0.13804072E+002
  0.15761768E+000  0.20495243E+000  0.39913565E+000  0.60102226E+000  0.91352363E+000  0.10528236E+001  0.15624832E+001  0.34685166E+001  0.50329944E+001  0.86255150E+001  0.13804072E+002
  0.15761768E+000  0.20495242E+000  0.39913564E+000  0.60102222E+000  0.91352363E+000  0.10528236E+001  0.15624830E+001  0.34685162E+001  0.50329914E+001  0.86255145E+001  0.13804072E+002
  0.15761768E+000  0.20495242E+000  0.39913563E+000  0.60102217E+000  0.91352363E+000  0.10528236E+001  0.15624828E+001  0.34685158E+001  0.50329885E+001  0.86255140E+001  0.13804072E+002
  0.15761768E+000  0.20495242E+000  0.39913562E+000  0.60102213E+000  0.91352363E+000  0.10528236E+001  0.15624827E+001  0.34685155E+001  0.50329856E+001  0.86255135E+001  0.13804072E+002
  0.15761768E+000  0.20495242E+000  0.39913561E+000  0.60102209E+000  0.91352363E+000  0.10528236E+001  0.15624825E+001  0.34685151E+001  0.50329827E+001  0.86255130E+001  0.13804072E+002
  0.15761768E+000  0.20495242E+000  0.39913560E+000  0.60102206E+000  0.91352363E+000  0.10528236E+001  0.15624824E+001  0.34685147E+001  0.50329799E+001  0.86255126E+001  0.13804072E+002
  0.15761768E+000  0.20495242E+000  0.39913560E+000  0.60102202E+000  0.91352363E+000  0.10528236E+001  0.15624822E+001  0.34685144E+001  0.50329771E+001  0.86255121E+001  0.13804072E+002
  0.15761768E+000  0.20495242E+000  0.39913559E+000  0.60102199E+000  0.91352363E+000  0.10528236E+001  0.15624821E+001  0.34685140E+001  0.50329743E+001  0.86255116E+001  0.13804072E+002
  0.15761768E+000  0.20495242E+000  0.39913558E+000  0.60102196E+000  0.91352363E+000  0.10528236E+001  0.15624820E+001  0.34685137E+001  0.50329716E+001  0.86255111E+001  0.13804072E+002
  0.15761768E+000  0.20495241E+000  0.39913557E+000  0.60102193E+000  0.91352363E+000  0.10528236E+001  0.15624818E+001  0.34685133E+001  0.50329690E+001  0.86255106E+001  0.13804072E+002
  0.15761768E+000  0.20495241E+000  0.39913557E+000  0.60102190E+000  0.91352363E+000  0.10528236E+001  0.15624817E+001  0.34685130E+001  0.50329663E+001  0.86255102E+001  0.13804072E+002
  0.15761768E+000  0.20495241E+000  0.39913556E+000  0.60102187E+000  0.91352363E+000  0.10528236E+001  0.15624816E+001  0.34685126E+001  0.50329638E+001  0.86255097E+001  0.13804072E+002
  0.15761768E+000  0.20495241E+000  0.39913556E+000  0.60102184E+000  0.91352363E+000  0.10528236E+001  0.15624815E+001  0.34685123E+001  0.50329612E+001  0.86255093E+001  0.13804072E+002
  0.15761768E+000  0.20495241E+000  0.39913555E+000  0.60102182E+000  0.91352363E+000  0.10528236E+001  0.15624813E+001  0.34685120E+001  0.50329587E+001  0.86255088E+001  0.13804072E+002
  0.15761768E+000  0.20495241E+000  0.39913555E+000  0.60102180E+000  0.91352363E+000  0.10528236E+001  0.15624812E+001  0.34685117E+001  0.50329563E+001  0.86255083E+001  0.13804072E+002
  0.15761768E+000  0.20495241E+000  0.39913554E+000  0.60102178E+000  0.91352363E+000  0.10528236E+001  0.15624811E+001  0.34685114E+001  0.50329538E+001  0.86255079E+001  0.13804072E+002
  0.15761768E+000  0.20495241E+000  0.39913554E+000  0.60102175E+000  0.91352363E+000  0.10528236E+001  0.15624810E+001  0.34685111E+001  0.50329515E+001  0.86255075E+001  0.13804072E+002
  0.15761768E+000  0.20495241E+000  0.39913554E+000  0.60102174E+000  0.91352363E+000  0.10528236E+001  0.15624809E+001  0.34685108E+001  0.50329492E+001  0.86255070E+001  0.13804072E+002
  0.15761768E+000  0.20495241E+000  0.39913553E+000  0.60102172E+000  0.91352363E+000  0.10528236E+001  0.15624808E+001  0.34685105E+001  0.50329469E+001  0.86255066E+001  0.13804072E+002
  0.15761768E+000  0.20495241E+000  0.39913553E+000  0.60102170E+000  0.91352363E+000  0.10528236E+001  0.15624808E+001  0.34685102E+001  0.50329446E+001  0.86255062E+001  0.13804072E+002
  0.15761768E+000  0.20495241E+000  0.39913553E+000  0.60102168E+000  0.91352363E+000  0.10528236E+001  0.15624807E+001  0.34685099E+001  0.50329424E+001  0.86255057E+001  0.13804071E+002
  0.15761768E+000  0.20495241E+000  0.39913552E+000  0.60102167E+000  0.91352363E+000  0.10528236E+001  0.15624806E+001  0.34685097E+001  0.50329403E+001  0.86255053E+001  0.13804071E+002
  0.15761768E+000  0.20495241E+000  0.39913552E+000  0.60102166E+000  0.91352363E+000  0.10528236E+001  0.15624805E+001  0.34685094E+001  0.50329382E+001  0.86255049E+001  0.13804071E+002
  0.15761768E+000  0.20495241E+000  0.39913552E+000  0.60102164E+000  0.91352363E+000  0.10528236E+001  0.15624805E+001  0.34685092E+001  0.50329361E+001  0.86255045E+001  0.13804071E+002
  0.15761768E+000  0.20495241E+000  0.39913551E+000  0.60102163E+000  0.91352363E+000  0.10528236E+001  0.15624804E+001  0.34685089E+001  0.50329341E+001  0.86255041E+001  0.13804071E+002
  0.15761768E+000  0.20495241E+000  0.39913551E+000  0.60102162E+000  0.91352362E+000  0.10528236E+001  0.15624803E+001  0.34685087E+001  0.50329321E+001  0.86255037E+001  0.13804071E+002
  0.15761768E+000  0.20495241E+000  0.39913551E+000  0.60102161E+000  0.91352362E+000  0.10528236E+001  0.15624803E+001  0.34685084E+001  0.50329302E+001  0.86255034E+001  0.13804071E+002
  0.15761768E+000  0.20495241E+000  0.39913551E+000  0.60102160E+000  0.91352362E+000  0.10528236E+001  0.15624802E+001  0.34685082E+001  0.50329283E+001  0.86255030E+001  0.13804071E+002
  0.15761768E+000  0.20495241E+000  0.39913551E+000  0.60102159E+000  0.91352362E+000  0.10528236E+001  0.15624802E+001  0.34685080E+001  0.50329265E+001  0.86255026E+001  0.13804071E+002
  0.15761768E+000  0.20495241E+000  0.39913551E+000  0.60102158E+000  0.91352362E+000  0.10528236E+001  0.15624801E+001  0.34685078E+001  0.50329247E+001  0.86255023E+001  0.13804071E+002
  0.15761768E+000  0.20495241E+000  0.39913551E+000  0.60102157E+000  0.91352362E+000  0.10528236E+001  0.15624801E+001  0.34685076E+001  0.50329230E+001  0.86255019E+001  0.13804071E+002
  0.15761769E+000  0.20495241E+000  0.39913550E+000  0.60102157E+000  0.91352362E+000  0.10528236E+001  0.15624800E+001  0.34685074E+001  0.50329213E+001  0.86255016E+001  0.13804071E+002
  0.15761769E+000  0.20495241E+000  0.39913550E+000  0.60102156E+000  0.91352362E+000  0.10528236E+001  0.15624800E+001  0.34685072E+001  0.50329196E+001  0.86255012E+001  0.13804071E+002
  0.15761769E+000  0.20495241E+000  0.39913551E+000  0.60102155E+000  0.91352362E+000  0.10528236E+001  0.15624799E+001  0.34685070E+001  0.50329180E+001  0.86255009E+001  0.13804071E+002
  0.15761769E+000  0.20495241E+000  0.39913551E+000  0.60102155E+000  0.91352362E+000  0.10528236E+001  0.15624799E+001  0.34685068E+001  0.50329164E+001  0.86255006E+001  0.13804071E+002
  0.15761769E+000  0.20495241E+000  0.39913552E+000  0.60102155E+000  0.91352363E+000  0.10528236E+001  0.15624799E+001  0.34685066E+001  0.50329149E+001  0.86255002E+001  0.13804071E+002
