 -0.44592084E+000
 -0.44592084E+000
 -0.44592084E+000
 -0.44592084E+000
 -0.44592084E+000
 -0.44592084E+000
 -0.44592084E+000
 -0.44592084E+000
 -0.44592084E+000
 -0.44592084E+000
 -0.44592084E+000
 -0.44592084E+000
 -0.44592084E+000
 -0.44592084E+000
 -0.44592084E+000
 -0.44592084E+000
 -0.44592084E+000
 -0.44592084E+000
 -0.44592084E+000
 -0.44592084E+000
 -0.44592084E+000
 -0.44592084E+000
 -0.44592084E+000
 -0.44592084E+000
 -0.44592084E+000
 -0.44592084E+000
 -0.44592084E+000
 -0.44592084E+000
 -0.44592084E+000
 -0.44592084E+000
 -0.44592084E+000
 -0.44592084E+000
 -0.44592084E+000
 -0.44592084E+000
 -0.44592084E+000
 -0.44592085E+000
 -0.44592085E+000
 -0.44592085E+000
 -0.44592085E+000
 -0.44592085E+000
 -0.44592085E+000
 -0.44592085E+000
 -0.44592085E+000
 -0.44592085E+000
 -0.44592085E+000
 -0.44592085E+000
 -0.44592085E+000
 -0.44592085E+000
 -0.44592085E+000
 -0.44592085E+000
 -0.44592085E+000
 -0.44592085E+000
 -0.44592085E+000
 -0.44592085E+000
 -0.44592085E+000
 -0.44592085E+000
 -0.44592085E+000
 -0.44592085E+000
 -0.44592085E+000
 -0.44592085E+000
 -0.44592085E+000
 -0.44592085E+000
 -0.44592085E+000
 -0.44592085E+000
 -0.44592085E+000
 -0.44592085E+000
 -0.44592085E+000
 -0.44592085E+000
 -0.44592085E+000
 -0.44592085E+000
 -0.44592085E+000
 -0.44592085E+000
 -0.44592085E+000
 -0.44592086E+000
 -0.44592086E+000
 -0.44592086E+000
 -0.44592086E+000
 -0.44592086E+000
 -0.44592086E+000
 -0.44592086E+000
 -0.44592086E+000
 -0.44592086E+000
 -0.44592086E+000
 -0.44592086E+000
 -0.44592086E+000
 -0.44592086E+000
 -0.44592086E+000
 -0.44592086E+000
 -0.44592086E+000
 -0.44592086E+000
 -0.44592086E+000
 -0.44592086E+000
 -0.44592086E+000
 -0.44592086E+000
 -0.44592086E+000
 -0.44592086E+000
 -0.44592086E+000
 -0.44592086E+000
 -0.44592086E+000
 -0.44592086E+000
 -0.44592086E+000
 -0.44592086E+000
 -0.44592086E+000
 -0.44592087E+000
 -0.44592087E+000
 -0.44592087E+000
 -0.44592087E+000
 -0.44592087E+000
 -0.44592087E+000
 -0.44592087E+000
 -0.44592087E+000
 -0.44592087E+000
 -0.44592087E+000
 -0.44592087E+000
 -0.44592087E+000
 -0.44592087E+000
 -0.44592087E+000
 -0.44592087E+000
 -0.44592087E+000
 -0.44592087E+000
 -0.44592087E+000
 -0.44592087E+000
 -0.44592087E+000
 -0.44592087E+000
 -0.44592087E+000
 -0.44592087E+000
 -0.44592087E+000
 -0.44592087E+000
 -0.44592087E+000
 -0.44592087E+000
 -0.44592087E+000
 -0.44592087E+000
 -0.44592087E+000
 -0.44592087E+000
 -0.44592087E+000
 -0.44592087E+000
 -0.44592087E+000
 -0.44592087E+000
 -0.44592087E+000
 -0.44592087E+000
 -0.44592087E+000
 -0.44592087E+000
 -0.44592087E+000
 -0.44592087E+000
 -0.44592087E+000
 -0.44592087E+000
 -0.44592087E+000
 -0.44592087E+000
 -0.44592087E+000
 -0.44592087E+000
 -0.44592087E+000
 -0.44592087E+000
 -0.44592087E+000
 -0.44592087E+000
 -0.44592087E+000
 -0.44592087E+000
 -0.44592087E+000
 -0.44592087E+000
 -0.44592087E+000
 -0.44592087E+000
 -0.44592087E+000
 -0.44592087E+000
 -0.44592087E+000
 -0.44592087E+000
 -0.44592087E+000
 -0.44592087E+000
 -0.44592087E+000
 -0.44592087E+000
 -0.44592087E+000
 -0.44592087E+000
 -0.44592087E+000
 -0.44592087E+000
 -0.44592087E+000
 -0.44592087E+000
 -0.44592087E+000
 -0.44592087E+000
 -0.44592087E+000
 -0.44592087E+000
 -0.44592087E+000
 -0.44592087E+000
 -0.44592087E+000
 -0.44592087E+000
 -0.44592087E+000
 -0.44592087E+000
 -0.44592087E+000
 -0.44592087E+000
 -0.44592087E+000
 -0.44592087E+000
 -0.44592087E+000
 -0.44592087E+000
 -0.44592087E+000
 -0.44592087E+000
 -0.44592087E+000
 -0.44592087E+000
 -0.44592087E+000
 -0.44592087E+000
 -0.44592087E+000
 -0.44592087E+000
 -0.44592087E+000
 -0.44592087E+000
