  0.30237416E+002
  0.30237967E+002
  0.30238491E+002
  0.30238959E+002
  0.30239367E+002
  0.30239719E+002
  0.30240024E+002
  0.30240288E+002
  0.30240518E+002
  0.30240719E+002
  0.30240896E+002
  0.30241052E+002
  0.30241190E+002
  0.30241313E+002
  0.30241424E+002
  0.30241523E+002
  0.30241613E+002
  0.30241695E+002
  0.30241770E+002
  0.30241838E+002
  0.30241902E+002
  0.30241961E+002
  0.30242015E+002
  0.30242066E+002
  0.30242114E+002
  0.30242159E+002
  0.30242201E+002
  0.30242241E+002
  0.30242279E+002
  0.30242315E+002
  0.30242349E+002
  0.30242381E+002
  0.30242412E+002
  0.30242441E+002
  0.30242469E+002
  0.30242495E+002
  0.30242520E+002
  0.30242543E+002
  0.30242565E+002
  0.30242586E+002
  0.30242605E+002
  0.30242623E+002
  0.30242639E+002
  0.30242655E+002
  0.30242668E+002
  0.30242681E+002
  0.30242692E+002
  0.30242702E+002
  0.30242710E+002
  0.30242717E+002
  0.30242723E+002
  0.30242728E+002
  0.30242732E+002
  0.30242734E+002
  0.30242736E+002
  0.30242736E+002
  0.30242735E+002
  0.30242734E+002
  0.30242731E+002
  0.30242728E+002
  0.30242724E+002
  0.30242720E+002
  0.30242715E+002
  0.30242709E+002
  0.30242702E+002
  0.30242695E+002
  0.30242687E+002
  0.30242679E+002
  0.30242670E+002
  0.30242661E+002
  0.30242651E+002
  0.30242640E+002
  0.30242629E+002
  0.30242617E+002
  0.30242604E+002
  0.30242591E+002
  0.30242577E+002
  0.30242562E+002
  0.30242547E+002
  0.30242530E+002
  0.30242513E+002
  0.30242495E+002
  0.30242477E+002
  0.30242458E+002
  0.30242438E+002
  0.30242418E+002
  0.30242397E+002
  0.30242376E+002
  0.30242355E+002
  0.30242333E+002
  0.30242312E+002
  0.30242290E+002
  0.30242268E+002
  0.30242247E+002
  0.30242225E+002
  0.30242204E+002
  0.30242183E+002
  0.30242162E+002
  0.30242141E+002
  0.30242121E+002
  0.30242101E+002
  0.30242081E+002
  0.30242062E+002
  0.30242043E+002
  0.30242024E+002
  0.30242006E+002
  0.30241987E+002
  0.30241969E+002
  0.30241951E+002
  0.30241933E+002
  0.30241915E+002
  0.30241897E+002
  0.30241879E+002
  0.30241860E+002
  0.30241842E+002
  0.30241823E+002
  0.30241804E+002
  0.30241785E+002
  0.30241765E+002
  0.30241745E+002
  0.30241725E+002
  0.30241704E+002
  0.30241682E+002
  0.30241659E+002
  0.30241636E+002
  0.30241613E+002
  0.30241588E+002
  0.30241563E+002
  0.30241537E+002
  0.30241510E+002
  0.30241482E+002
  0.30241454E+002
  0.30241424E+002
  0.30241394E+002
  0.30241363E+002
  0.30241330E+002
  0.30241297E+002
  0.30241263E+002
  0.30241228E+002
  0.30241192E+002
  0.30241155E+002
  0.30241117E+002
  0.30241078E+002
  0.30241039E+002
  0.30240998E+002
  0.30240957E+002
  0.30240914E+002
  0.30240871E+002
  0.30240827E+002
  0.30240782E+002
  0.30240737E+002
  0.30240690E+002
  0.30240643E+002
  0.30240595E+002
  0.30240547E+002
  0.30240498E+002
  0.30240449E+002
  0.30240399E+002
  0.30240348E+002
  0.30240298E+002
  0.30240246E+002
  0.30240195E+002
  0.30240143E+002
  0.30240091E+002
  0.30240039E+002
  0.30239986E+002
  0.30239934E+002
  0.30239881E+002
  0.30239829E+002
  0.30239776E+002
  0.30239724E+002
  0.30239671E+002
  0.30239619E+002
  0.30239567E+002
  0.30239516E+002
  0.30239464E+002
  0.30239413E+002
  0.30239363E+002
  0.30239312E+002
  0.30239263E+002
  0.30239213E+002
  0.30239165E+002
  0.30239116E+002
  0.30239069E+002
  0.30239022E+002
  0.30238975E+002
  0.30238930E+002
  0.30238885E+002
  0.30238840E+002
  0.30238797E+002
  0.30238754E+002
  0.30238712E+002
  0.30238671E+002
  0.30238630E+002
  0.30238590E+002
  0.30238551E+002
  0.30238513E+002
  0.30238476E+002
  0.30238440E+002
  0.30238404E+002
