  0.10617021E+000
  0.10609014E+000
  0.10610295E+000
  0.10614119E+000
  0.10618508E+000
  0.10622610E+000
  0.10626218E+000
  0.10629269E+000
  0.10631820E+000
  0.10633985E+000
  0.10635805E+000
  0.10637342E+000
  0.10638649E+000
  0.10639751E+000
  0.10640684E+000
  0.10641478E+000
  0.10642153E+000
  0.10642725E+000
  0.10643215E+000
  0.10643631E+000
  0.10643988E+000
  0.10644292E+000
  0.10644551E+000
  0.10644773E+000
  0.10644962E+000
  0.10645123E+000
  0.10645261E+000
  0.10645379E+000
  0.10645480E+000
  0.10645566E+000
  0.10645639E+000
  0.10645701E+000
  0.10645754E+000
  0.10645799E+000
  0.10645837E+000
  0.10645869E+000
  0.10645896E+000
  0.10645918E+000
  0.10645936E+000
  0.10645951E+000
  0.10645963E+000
  0.10645972E+000
  0.10645979E+000
  0.10645984E+000
  0.10645988E+000
  0.10645990E+000
  0.10645990E+000
  0.10645990E+000
  0.10645989E+000
  0.10645987E+000
  0.10645985E+000
  0.10645982E+000
  0.10645980E+000
  0.10645977E+000
  0.10645974E+000
  0.10645972E+000
  0.10645970E+000
  0.10645968E+000
  0.10645967E+000
  0.10645967E+000
  0.10645967E+000
  0.10645968E+000
  0.10645970E+000
  0.10645972E+000
  0.10645976E+000
  0.10645980E+000
  0.10645985E+000
  0.10645991E+000
  0.10645997E+000
  0.10646004E+000
  0.10646012E+000
  0.10646020E+000
  0.10646029E+000
  0.10646038E+000
  0.10646047E+000
  0.10646056E+000
  0.10646065E+000
  0.10646073E+000
  0.10646081E+000
  0.10646089E+000
  0.10646095E+000
  0.10646101E+000
  0.10646106E+000
  0.10646110E+000
  0.10646113E+000
  0.10646115E+000
  0.10646116E+000
  0.10646115E+000
  0.10646114E+000
  0.10646112E+000
  0.10646108E+000
  0.10646104E+000
  0.10646099E+000
  0.10646093E+000
  0.10646087E+000
  0.10646080E+000
  0.10646073E+000
  0.10646066E+000
  0.10646058E+000
  0.10646051E+000
  0.10646043E+000
  0.10646035E+000
  0.10646027E+000
  0.10646020E+000
  0.10646013E+000
  0.10646005E+000
  0.10645998E+000
  0.10645992E+000
  0.10645985E+000
  0.10645979E+000
  0.10645973E+000
  0.10645967E+000
  0.10645961E+000
  0.10645956E+000
  0.10645951E+000
  0.10645946E+000
  0.10645941E+000
  0.10645936E+000
  0.10645931E+000
  0.10645927E+000
  0.10645922E+000
  0.10645917E+000
  0.10645913E+000
  0.10645908E+000
  0.10645903E+000
  0.10645899E+000
  0.10645894E+000
  0.10645888E+000
  0.10645883E+000
  0.10645878E+000
  0.10645872E+000
  0.10645866E+000
  0.10645860E+000
  0.10645853E+000
  0.10645847E+000
  0.10645840E+000
  0.10645832E+000
  0.10645825E+000
  0.10645817E+000
  0.10645808E+000
  0.10645799E+000
  0.10645790E+000
  0.10645781E+000
  0.10645771E+000
  0.10645760E+000
  0.10645750E+000
  0.10645738E+000
  0.10645727E+000
  0.10645715E+000
  0.10645703E+000
  0.10645690E+000
  0.10645677E+000
  0.10645663E+000
  0.10645649E+000
  0.10645635E+000
  0.10645620E+000
  0.10645605E+000
  0.10645590E+000
  0.10645574E+000
  0.10645558E+000
  0.10645542E+000
  0.10645525E+000
  0.10645508E+000
  0.10645491E+000
  0.10645474E+000
  0.10645456E+000
  0.10645438E+000
  0.10645420E+000
  0.10645402E+000
  0.10645384E+000
  0.10645365E+000
  0.10645347E+000
  0.10645328E+000
  0.10645309E+000
  0.10645291E+000
  0.10645272E+000
  0.10645253E+000
  0.10645234E+000
  0.10645215E+000
  0.10645196E+000
  0.10645177E+000
  0.10645159E+000
  0.10645140E+000
  0.10645122E+000
  0.10645103E+000
  0.10645085E+000
  0.10645067E+000
  0.10645049E+000
  0.10645031E+000
  0.10645014E+000
  0.10644996E+000
  0.10644979E+000
  0.10644962E+000
  0.10644945E+000
  0.10644929E+000
  0.10644913E+000
  0.10644897E+000
  0.10644881E+000
  0.10644866E+000
  0.10644851E+000
