  0.15876857E+001
  0.15915247E+001
  0.15944505E+001
  0.15966868E+001
  0.15984047E+001
  0.15997271E+001
  0.16007348E+001
  0.16014916E+001
  0.16020448E+001
  0.16024295E+001
  0.16026787E+001
  0.16028172E+001
  0.16028647E+001
  0.16028382E+001
  0.16027508E+001
  0.16026131E+001
  0.16024342E+001
  0.16022217E+001
  0.16019812E+001
  0.16017179E+001
  0.16014358E+001
  0.16011385E+001
  0.16008289E+001
  0.16005093E+001
  0.16001819E+001
  0.15998481E+001
  0.15995095E+001
  0.15991672E+001
  0.15988222E+001
  0.15984754E+001
  0.15981276E+001
  0.15977794E+001
  0.15974314E+001
  0.15970840E+001
  0.15967378E+001
  0.15963931E+001
  0.15960503E+001
  0.15957098E+001
  0.15953719E+001
  0.15950371E+001
  0.15947057E+001
  0.15943780E+001
  0.15940544E+001
  0.15937352E+001
  0.15934208E+001
  0.15931116E+001
  0.15928079E+001
  0.15925101E+001
  0.15922186E+001
  0.15919337E+001
  0.15916558E+001
  0.15913852E+001
  0.15911222E+001
  0.15908671E+001
  0.15906202E+001
  0.15903817E+001
  0.15901520E+001
  0.15899311E+001
  0.15897193E+001
  0.15895167E+001
  0.15893235E+001
  0.15891398E+001
  0.15889655E+001
  0.15888008E+001
  0.15886457E+001
  0.15885002E+001
  0.15883642E+001
  0.15882376E+001
  0.15881204E+001
  0.15880124E+001
  0.15879136E+001
  0.15878236E+001
  0.15877424E+001
  0.15876697E+001
  0.15876052E+001
  0.15875486E+001
  0.15874996E+001
  0.15874578E+001
  0.15874229E+001
  0.15873944E+001
  0.15873719E+001
  0.15873550E+001
  0.15873431E+001
  0.15873359E+001
  0.15873328E+001
  0.15873333E+001
  0.15873370E+001
  0.15873435E+001
  0.15873523E+001
  0.15873629E+001
  0.15873751E+001
  0.15873885E+001
  0.15874027E+001
  0.15874174E+001
  0.15874325E+001
  0.15874476E+001
  0.15874626E+001
  0.15874774E+001
  0.15874918E+001
  0.15875057E+001
  0.15875190E+001
  0.15875317E+001
  0.15875437E+001
  0.15875550E+001
  0.15875656E+001
  0.15875755E+001
  0.15875847E+001
  0.15875933E+001
  0.15876012E+001
  0.15876085E+001
  0.15876152E+001
  0.15876213E+001
  0.15876269E+001
  0.15876321E+001
  0.15876368E+001
  0.15876411E+001
  0.15876449E+001
  0.15876485E+001
  0.15876517E+001
  0.15876546E+001
  0.15876573E+001
  0.15876597E+001
  0.15876619E+001
  0.15876638E+001
  0.15876656E+001
  0.15876673E+001
  0.15876688E+001
  0.15876701E+001
  0.15876713E+001
  0.15876725E+001
  0.15876735E+001
  0.15876744E+001
  0.15876753E+001
  0.15876761E+001
  0.15876768E+001
  0.15876774E+001
  0.15876780E+001
  0.15876786E+001
  0.15876791E+001
  0.15876796E+001
  0.15876800E+001
  0.15876804E+001
  0.15876808E+001
  0.15876812E+001
  0.15876815E+001
  0.15876818E+001
  0.15876821E+001
  0.15876823E+001
  0.15876826E+001
  0.15876828E+001
  0.15876830E+001
  0.15876832E+001
  0.15876834E+001
  0.15876836E+001
  0.15876838E+001
  0.15876839E+001
  0.15876841E+001
  0.15876842E+001
  0.15876843E+001
  0.15876844E+001
  0.15876846E+001
  0.15876847E+001
  0.15876848E+001
  0.15876849E+001
  0.15876849E+001
  0.15876850E+001
  0.15876851E+001
  0.15876852E+001
  0.15876853E+001
  0.15876853E+001
  0.15876854E+001
  0.15876855E+001
  0.15876855E+001
  0.15876856E+001
  0.15876856E+001
  0.15876857E+001
  0.15876857E+001
  0.15876858E+001
  0.15876858E+001
  0.15876859E+001
  0.15876859E+001
  0.15876860E+001
  0.15876860E+001
  0.15876860E+001
  0.15876861E+001
  0.15876861E+001
  0.15876861E+001
  0.15876862E+001
  0.15876862E+001
  0.15876862E+001
  0.15876863E+001
  0.15876863E+001
  0.15876863E+001
  0.15876863E+001
  0.15876864E+001
  0.15876864E+001
  0.15876864E+001
  0.15876864E+001
  0.15876864E+001
  0.15876864E+001
