  0.16380372E+001
  0.16414830E+001
  0.16441111E+001
  0.16461283E+001
  0.16476866E+001
  0.16488947E+001
  0.16498237E+001
  0.16505295E+001
  0.16510538E+001
  0.16514273E+001
  0.16516792E+001
  0.16518309E+001
  0.16518999E+001
  0.16519011E+001
  0.16518461E+001
  0.16517444E+001
  0.16516041E+001
  0.16514319E+001
  0.16512329E+001
  0.16510119E+001
  0.16507723E+001
  0.16505175E+001
  0.16502500E+001
  0.16499720E+001
  0.16496853E+001
  0.16493916E+001
  0.16490921E+001
  0.16487878E+001
  0.16484798E+001
  0.16481689E+001
  0.16478558E+001
  0.16475411E+001
  0.16472255E+001
  0.16469093E+001
  0.16465931E+001
  0.16462772E+001
  0.16459622E+001
  0.16456483E+001
  0.16453360E+001
  0.16450256E+001
  0.16447176E+001
  0.16444122E+001
  0.16441100E+001
  0.16438113E+001
  0.16435165E+001
  0.16432260E+001
  0.16429402E+001
  0.16426594E+001
  0.16423840E+001
  0.16421145E+001
  0.16418511E+001
  0.16415943E+001
  0.16413443E+001
  0.16411015E+001
  0.16408662E+001
  0.16406386E+001
  0.16404190E+001
  0.16402076E+001
  0.16400047E+001
  0.16398104E+001
  0.16396247E+001
  0.16394480E+001
  0.16392802E+001
  0.16391214E+001
  0.16389717E+001
  0.16388310E+001
  0.16386993E+001
  0.16385767E+001
  0.16384630E+001
  0.16383581E+001
  0.16382620E+001
  0.16381744E+001
  0.16380953E+001
  0.16380243E+001
  0.16379613E+001
  0.16379059E+001
  0.16378579E+001
  0.16378169E+001
  0.16377825E+001
  0.16377545E+001
  0.16377323E+001
  0.16377154E+001
  0.16377036E+001
  0.16376963E+001
  0.16376930E+001
  0.16376933E+001
  0.16376967E+001
  0.16377028E+001
  0.16377112E+001
  0.16377215E+001
  0.16377332E+001
  0.16377462E+001
  0.16377599E+001
  0.16377742E+001
  0.16377888E+001
  0.16378035E+001
  0.16378182E+001
  0.16378325E+001
  0.16378465E+001
  0.16378601E+001
  0.16378730E+001
  0.16378854E+001
  0.16378971E+001
  0.16379081E+001
  0.16379185E+001
  0.16379282E+001
  0.16379372E+001
  0.16379455E+001
  0.16379532E+001
  0.16379603E+001
  0.16379669E+001
  0.16379729E+001
  0.16379784E+001
  0.16379834E+001
  0.16379880E+001
  0.16379922E+001
  0.16379960E+001
  0.16379995E+001
  0.16380026E+001
  0.16380055E+001
  0.16380081E+001
  0.16380105E+001
  0.16380126E+001
  0.16380146E+001
  0.16380163E+001
  0.16380180E+001
  0.16380194E+001
  0.16380208E+001
  0.16380220E+001
  0.16380231E+001
  0.16380242E+001
  0.16380251E+001
  0.16380260E+001
  0.16380267E+001
  0.16380275E+001
  0.16380281E+001
  0.16380288E+001
  0.16380293E+001
  0.16380299E+001
  0.16380304E+001
  0.16380308E+001
  0.16380313E+001
  0.16380317E+001
  0.16380320E+001
  0.16380324E+001
  0.16380327E+001
  0.16380330E+001
  0.16380333E+001
  0.16380336E+001
  0.16380338E+001
  0.16380340E+001
  0.16380343E+001
  0.16380345E+001
  0.16380347E+001
  0.16380349E+001
  0.16380350E+001
  0.16380352E+001
  0.16380354E+001
  0.16380355E+001
  0.16380356E+001
  0.16380358E+001
  0.16380359E+001
  0.16380360E+001
  0.16380361E+001
  0.16380362E+001
  0.16380363E+001
  0.16380364E+001
  0.16380365E+001
  0.16380366E+001
  0.16380367E+001
  0.16380368E+001
  0.16380368E+001
  0.16380369E+001
  0.16380370E+001
  0.16380370E+001
  0.16380371E+001
  0.16380372E+001
  0.16380372E+001
  0.16380373E+001
  0.16380373E+001
  0.16380374E+001
  0.16380374E+001
  0.16380375E+001
  0.16380375E+001
  0.16380376E+001
  0.16380376E+001
  0.16380376E+001
  0.16380377E+001
  0.16380377E+001
  0.16380378E+001
  0.16380378E+001
  0.16380378E+001
  0.16380378E+001
  0.16380379E+001
  0.16380379E+001
  0.16380379E+001
  0.16380379E+001
  0.16380379E+001
  0.16380379E+001
  0.16380379E+001
