  0.12560749E+001
  0.12560600E+001
  0.12557118E+001
  0.12553289E+001
  0.12549730E+001
  0.12546570E+001
  0.12543830E+001
  0.12541469E+001
  0.12539421E+001
  0.12537650E+001
  0.12536121E+001
  0.12534785E+001
  0.12533626E+001
  0.12532613E+001
  0.12531720E+001
  0.12530932E+001
  0.12530236E+001
  0.12529618E+001
  0.12529069E+001
  0.12528578E+001
  0.12528136E+001
  0.12527737E+001
  0.12527375E+001
  0.12527045E+001
  0.12526743E+001
  0.12526464E+001
  0.12526206E+001
  0.12525966E+001
  0.12525741E+001
  0.12525531E+001
  0.12525333E+001
  0.12525145E+001
  0.12524967E+001
  0.12524798E+001
  0.12524638E+001
  0.12524484E+001
  0.12524338E+001
  0.12524198E+001
  0.12524064E+001
  0.12523936E+001
  0.12523814E+001
  0.12523696E+001
  0.12523584E+001
  0.12523477E+001
  0.12523375E+001
  0.12523278E+001
  0.12523186E+001
  0.12523099E+001
  0.12523017E+001
  0.12522939E+001
  0.12522866E+001
  0.12522798E+001
  0.12522734E+001
  0.12522675E+001
  0.12522621E+001
  0.12522571E+001
  0.12522525E+001
  0.12522484E+001
  0.12522447E+001
  0.12522414E+001
  0.12522385E+001
  0.12522361E+001
  0.12522340E+001
  0.12522322E+001
  0.12522309E+001
  0.12522298E+001
  0.12522291E+001
  0.12522287E+001
  0.12522286E+001
  0.12522288E+001
  0.12522292E+001
  0.12522299E+001
  0.12522308E+001
  0.12522320E+001
  0.12522333E+001
  0.12522348E+001
  0.12522364E+001
  0.12522382E+001
  0.12522401E+001
  0.12522421E+001
  0.12522442E+001
  0.12522463E+001
  0.12522485E+001
  0.12522508E+001
  0.12522530E+001
  0.12522553E+001
  0.12522575E+001
  0.12522597E+001
  0.12522619E+001
  0.12522640E+001
  0.12522661E+001
  0.12522681E+001
  0.12522701E+001
  0.12522719E+001
  0.12522737E+001
  0.12522754E+001
  0.12522770E+001
  0.12522785E+001
  0.12522799E+001
  0.12522813E+001
  0.12522825E+001
  0.12522837E+001
  0.12522848E+001
  0.12522857E+001
  0.12522867E+001
  0.12522875E+001
  0.12522882E+001
  0.12522889E+001
  0.12522896E+001
  0.12522901E+001
  0.12522906E+001
  0.12522911E+001
  0.12522915E+001
  0.12522918E+001
  0.12522921E+001
  0.12522924E+001
  0.12522926E+001
  0.12522928E+001
  0.12522929E+001
  0.12522930E+001
  0.12522931E+001
  0.12522932E+001
  0.12522932E+001
  0.12522932E+001
  0.12522932E+001
  0.12522931E+001
  0.12522930E+001
  0.12522929E+001
  0.12522928E+001
  0.12522927E+001
  0.12522925E+001
  0.12522924E+001
  0.12522922E+001
  0.12522920E+001
  0.12522917E+001
  0.12522915E+001
  0.12522912E+001
  0.12522910E+001
  0.12522907E+001
  0.12522904E+001
  0.12522900E+001
  0.12522897E+001
  0.12522894E+001
  0.12522890E+001
  0.12522886E+001
  0.12522882E+001
  0.12522878E+001
  0.12522874E+001
  0.12522870E+001
  0.12522865E+001
  0.12522861E+001
  0.12522856E+001
  0.12522851E+001
  0.12522847E+001
  0.12522842E+001
  0.12522836E+001
  0.12522831E+001
  0.12522826E+001
  0.12522821E+001
  0.12522815E+001
  0.12522810E+001
  0.12522804E+001
  0.12522798E+001
  0.12522793E+001
  0.12522787E+001
  0.12522781E+001
  0.12522775E+001
  0.12522769E+001
  0.12522763E+001
  0.12522757E+001
  0.12522751E+001
  0.12522745E+001
  0.12522739E+001
  0.12522733E+001
  0.12522727E+001
  0.12522721E+001
  0.12522715E+001
  0.12522709E+001
  0.12522703E+001
  0.12522697E+001
  0.12522691E+001
  0.12522685E+001
  0.12522680E+001
  0.12522674E+001
  0.12522668E+001
  0.12522662E+001
  0.12522657E+001
  0.12522651E+001
  0.12522646E+001
  0.12522640E+001
  0.12522635E+001
  0.12522629E+001
  0.12522624E+001
  0.12522619E+001
  0.12522614E+001
  0.12522609E+001
  0.12522604E+001
  0.12522599E+001
  0.12522594E+001
  0.12522590E+001
