  0.60118982E+000
  0.59856126E+000
  0.59688430E+000
  0.59586119E+000
  0.59522132E+000
  0.59482683E+000
  0.59461588E+000
  0.59453993E+000
  0.59456400E+000
  0.59468841E+000
  0.59489928E+000
  0.59514273E+000
  0.59538649E+000
  0.59562735E+000
  0.59585839E+000
  0.59607746E+000
  0.59628318E+000
  0.59647529E+000
  0.59665515E+000
  0.59682325E+000
  0.59698096E+000
  0.59712902E+000
  0.59726837E+000
  0.59739998E+000
  0.59752438E+000
  0.59764187E+000
  0.59775262E+000
  0.59785684E+000
  0.59795469E+000
  0.59804775E+000
  0.59814218E+000
  0.59823355E+000
  0.59831955E+000
  0.59839915E+000
  0.59847207E+000
  0.59853837E+000
  0.59859836E+000
  0.59865245E+000
  0.59870102E+000
  0.59874456E+000
  0.59878345E+000
  0.59881818E+000
  0.59884910E+000
  0.59887662E+000
  0.59890105E+000
  0.59892275E+000
  0.59894199E+000
  0.59895908E+000
  0.59897425E+000
  0.59898772E+000
  0.59899970E+000
  0.59901038E+000
  0.59901993E+000
  0.59902849E+000
  0.59903617E+000
  0.59904308E+000
  0.59904930E+000
  0.59905492E+000
  0.59906002E+000
  0.59906464E+000
  0.59906887E+000
  0.59907272E+000
  0.59907625E+000
  0.59907949E+000
  0.59908248E+000
  0.59908523E+000
  0.59908777E+000
  0.59909011E+000
  0.59909228E+000
  0.59909427E+000
  0.59909611E+000
  0.59909778E+000
  0.59909931E+000
  0.59910069E+000
  0.59910192E+000
  0.59910300E+000
  0.59910395E+000
  0.59910476E+000
  0.59910543E+000
  0.59910596E+000
  0.59910637E+000
  0.59910665E+000
  0.59910681E+000
  0.59910687E+000
  0.59910681E+000
  0.59910666E+000
  0.59910642E+000
  0.59910611E+000
  0.59910571E+000
  0.59910526E+000
  0.59910476E+000
  0.59910421E+000
  0.59910362E+000
  0.59910301E+000
  0.59910238E+000
  0.59910174E+000
  0.59910109E+000
  0.59910044E+000
  0.59909980E+000
  0.59909917E+000
  0.59909856E+000
  0.59909796E+000
  0.59909738E+000
  0.59909682E+000
  0.59909629E+000
  0.59909578E+000
  0.59909530E+000
  0.59909484E+000
  0.59909441E+000
  0.59909400E+000
  0.59909361E+000
  0.59909325E+000
  0.59909290E+000
  0.59909258E+000
  0.59909228E+000
  0.59909199E+000
  0.59909172E+000
  0.59909147E+000
  0.59909123E+000
  0.59909101E+000
  0.59909079E+000
  0.59909059E+000
  0.59909040E+000
  0.59909021E+000
  0.59909004E+000
  0.59908988E+000
  0.59908972E+000
  0.59908957E+000
  0.59908942E+000
  0.59908929E+000
  0.59908915E+000
  0.59908903E+000
  0.59908891E+000
  0.59908879E+000
  0.59908868E+000
  0.59908857E+000
  0.59908847E+000
  0.59908837E+000
  0.59908828E+000
  0.59908819E+000
  0.59908810E+000
  0.59908802E+000
  0.59908795E+000
  0.59908788E+000
  0.59908781E+000
  0.59908774E+000
  0.59908768E+000
  0.59908763E+000
  0.59908758E+000
  0.59908753E+000
  0.59908748E+000
  0.59908744E+000
  0.59908740E+000
  0.59908737E+000
  0.59908734E+000
  0.59908731E+000
  0.59908729E+000
  0.59908727E+000
  0.59908725E+000
  0.59908723E+000
  0.59908722E+000
  0.59908720E+000
  0.59908720E+000
  0.59908719E+000
  0.59908718E+000
  0.59908718E+000
  0.59908718E+000
  0.59908718E+000
  0.59908718E+000
  0.59908718E+000
  0.59908718E+000
  0.59908719E+000
  0.59908719E+000
  0.59908720E+000
  0.59908720E+000
  0.59908721E+000
  0.59908721E+000
  0.59908722E+000
  0.59908723E+000
  0.59908724E+000
  0.59908724E+000
  0.59908725E+000
  0.59908726E+000
  0.59908727E+000
  0.59908728E+000
  0.59908728E+000
  0.59908729E+000
  0.59908730E+000
  0.59908730E+000
  0.59908731E+000
  0.59908732E+000
  0.59908732E+000
  0.59908733E+000
  0.59908733E+000
  0.59908734E+000
  0.59908734E+000
  0.59908735E+000
  0.59908735E+000
  0.59908735E+000
  0.59908735E+000
