 -0.11921776E+000  0.60389155E+000  0.54232138E+001  0.12139254E+003
 -0.11768727E+000  0.60725386E+000  0.54289679E+001  0.12139945E+003
 -0.11666835E+000  0.60974210E+000  0.54335660E+001  0.12140514E+003
 -0.11597793E+000  0.61156576E+000  0.54372136E+001  0.12140979E+003
 -0.11550730E+000  0.61289419E+000  0.54401052E+001  0.12141361E+003
 -0.11518716E+000  0.61385091E+000  0.54423959E+001  0.12141674E+003
 -0.11498342E+000  0.61452415E+000  0.54441878E+001  0.12141932E+003
 -0.11486913E+000  0.61498107E+000  0.54455732E+001  0.12142145E+003
 -0.11482246E+000  0.61526807E+000  0.54466223E+001  0.12142320E+003
 -0.11482855E+000  0.61541868E+000  0.54473895E+001  0.12142463E+003
 -0.11487412E+000  0.61546455E+000  0.54479256E+001  0.12142580E+003
 -0.11494888E+000  0.61542660E+000  0.54482701E+001  0.12142674E+003
 -0.11504441E+000  0.61532068E+000  0.54484559E+001  0.12142750E+003
 -0.11515404E+000  0.61516062E+000  0.54485112E+001  0.12142810E+003
 -0.11527324E+000  0.61495752E+000  0.54484582E+001  0.12142857E+003
 -0.11539902E+000  0.61472034E+000  0.54483150E+001  0.12142892E+003
 -0.11552890E+000  0.61445692E+000  0.54480975E+001  0.12142918E+003
 -0.11566111E+000  0.61417348E+000  0.54478186E+001  0.12142935E+003
 -0.11579455E+000  0.61387468E+000  0.54474879E+001  0.12142945E+003
 -0.11592804E+000  0.61356494E+000  0.54471147E+001  0.12142949E+003
 -0.11606088E+000  0.61324746E+000  0.54467056E+001  0.12142947E+003
 -0.11619233E+000  0.61292526E+000  0.54462668E+001  0.12142941E+003
 -0.11632191E+000  0.61260059E+000  0.54458031E+001  0.12142931E+003
 -0.11644923E+000  0.61227522E+000  0.54453187E+001  0.12142917E+003
 -0.11657391E+000  0.61195076E+000  0.54448170E+001  0.12142900E+003
 -0.11669572E+000  0.61162840E+000  0.54443008E+001  0.12142881E+003
 -0.11681443E+000  0.61130916E+000  0.54437726E+001  0.12142859E+003
 -0.11692990E+000  0.61099390E+000  0.54432344E+001  0.12142835E+003
 -0.11704202E+000  0.61068332E+000  0.54426879E+001  0.12142809E+003
 -0.11715068E+000  0.61037799E+000  0.54421347E+001  0.12142781E+003
 -0.11725576E+000  0.61007840E+000  0.54415761E+001  0.12142752E+003
 -0.11735721E+000  0.60978494E+000  0.54410133E+001  0.12142722E+003
 -0.11745506E+000  0.60949795E+000  0.54404474E+001  0.12142690E+003
 -0.11754934E+000  0.60921769E+000  0.54398794E+001  0.12142657E+003
 -0.11764013E+000  0.60894440E+000  0.54393105E+001  0.12142623E+003
 -0.11772749E+000  0.60867827E+000  0.54387415E+001  0.12142587E+003
 -0.11781151E+000  0.60841946E+000  0.54381735E+001  0.12142551E+003
 -0.11789229E+000  0.60816809E+000  0.54376073E+001  0.12142514E+003
 -0.11796991E+000  0.60792431E+000  0.54370440E+001  0.12142476E+003
 -0.11804446E+000  0.60768820E+000  0.54364846E+001  0.12142438E+003
 -0.11811601E+000  0.60745986E+000  0.54359299E+001  0.12142398E+003
 -0.11818467E+000  0.60723937E+000  0.54353808E+001  0.12142358E+003
 -0.11825050E+000  0.60702681E+000  0.54348384E+001  0.12142318E+003
 -0.11831358E+000  0.60682223E+000  0.54343051E+001  0.12142276E+003
 -0.11837398E+000  0.60662570E+000  0.54337805E+001  0.12142234E+003
 -0.11843177E+000  0.60643725E+000  0.54332653E+001  0.12142191E+003
 -0.11848699E+000  0.60625693E+000  0.54327601E+001  0.12142148E+003
 -0.11853966E+000  0.60608469E+000  0.54322657E+001  0.12142105E+003
 -0.11858970E+000  0.60592044E+000  0.54317830E+001  0.12142062E+003
 -0.11863735E+000  0.60576435E+000  0.54313125E+001  0.12142018E+003
 -0.11868266E+000  0.60561640E+000  0.54308550E+001  0.12141974E+003
 -0.11872566E+000  0.60547655E+000  0.54304110E+001  0.12141931E+003
 -0.11876642E+000  0.60534473E+000  0.54299811E+001  0.12141887E+003
 -0.11880497E+000  0.60522084E+000  0.54295658E+001  0.12141844E+003
 -0.11884134E+000  0.60510510E+000  0.54291653E+001  0.12141801E+003
 -0.11887559E+000  0.60499712E+000  0.54287803E+001  0.12141758E+003
 -0.11890775E+000  0.60489667E+000  0.54284111E+001  0.12141716E+003
 -0.11893789E+000  0.60480357E+000  0.54280581E+001  0.12141675E+003
 -0.11896606E+000  0.60471762E+000  0.54277215E+001  0.12141635E+003
 -0.11899230E+000  0.60463859E+000  0.54274016E+001  0.12141595E+003
 -0.11901669E+000  0.60456624E+000  0.54270984E+001  0.12141556E+003
 -0.11903928E+000  0.60450030E+000  0.54268121E+001  0.12141518E+003
 -0.11906014E+000  0.60444050E+000  0.54265425E+001  0.12141481E+003
 -0.11907934E+000  0.60438654E+000  0.54262896E+001  0.12141446E+003
 -0.11909696E+000  0.60433811E+000  0.54260533E+001  0.12141411E+003
 -0.11911305E+000  0.60429489E+000  0.54258333E+001  0.12141378E+003
 -0.11912771E+000  0.60425656E+000  0.54256293E+001  0.12141346E+003
 -0.11914099E+000  0.60422279E+000  0.54254411E+001  0.12141316E+003
 -0.11915298E+000  0.60419325E+000  0.54252681E+001  0.12141287E+003
 -0.11916376E+000  0.60416761E+000  0.54251100E+001  0.12141259E+003
 -0.11917339E+000  0.60414555E+000  0.54249662E+001  0.12141233E+003
 -0.11918194E+000  0.60412675E+000  0.54248360E+001  0.12141209E+003
 -0.11918950E+000  0.60411090E+000  0.54247190E+001  0.12141186E+003
 -0.11919613E+000  0.60409770E+000  0.54246145E+001  0.12141165E+003
 -0.11920190E+000  0.60408686E+000  0.54245217E+001  0.12141145E+003
 -0.11920687E+000  0.60407811E+000  0.54244399E+001  0.12141126E+003
 -0.11921113E+000  0.60407118E+000  0.54243684E+001  0.12141109E+003
 -0.11921471E+000  0.60406583E+000  0.54243065E+001  0.12141094E+003
 -0.11921770E+000  0.60406182E+000  0.54242533E+001  0.12141080E+003
 -0.11922014E+000  0.60405895E+000  0.54242082E+001  0.12141067E+003
 -0.11922210E+000  0.60405700E+000  0.54241703E+001  0.12141055E+003
 -0.11922362E+000  0.60405580E+000  0.54241389E+001  0.12141045E+003
 -0.11922476E+000  0.60405517E+000  0.54241133E+001  0.12141035E+003
 -0.11922557E+000  0.60405497E+000  0.54240927E+001  0.12141027E+003
 -0.11922609E+000  0.60405506E+000  0.54240766E+001  0.12141019E+003
 -0.11922637E+000  0.60405532E+000  0.54240643E+001  0.12141013E+003
 -0.11922643E+000  0.60405564E+000  0.54240553E+001  0.12141007E+003
 -0.11922633E+000  0.60405593E+000  0.54240489E+001  0.12141002E+003
 -0.11922608E+000  0.60405612E+000  0.54240447E+001  0.12140997E+003
 -0.11922571E+000  0.60405614E+000  0.54240423E+001  0.12140993E+003
 -0.11922526E+000  0.60405593E+000  0.54240413E+001  0.12140989E+003
 -0.11922475E+000  0.60405546E+000  0.54240413E+001  0.12140986E+003
 -0.11922419E+000  0.60405469E+000  0.54240419E+001  0.12140983E+003
 -0.11922359E+000  0.60405361E+000  0.54240431E+001  0.12140980E+003
 -0.11922299E+000  0.60405219E+000  0.54240444E+001  0.12140977E+003
 -0.11922238E+000  0.60405044E+000  0.54240457E+001  0.12140975E+003
 -0.11922178E+000  0.60404835E+000  0.54240469E+001  0.12140972E+003
 -0.11922119E+000  0.60404594E+000  0.54240477E+001  0.12140970E+003
 -0.11922062E+000  0.60404321E+000  0.54240481E+001  0.12140968E+003
 -0.11922008E+000  0.60404018E+000  0.54240480E+001  0.12140965E+003
 -0.11921957E+000  0.60403686E+000  0.54240473E+001  0.12140963E+003
 -0.11921909E+000  0.60403329E+000  0.54240458E+001  0.12140961E+003
 -0.11921865E+000  0.60402949E+000  0.54240437E+001  0.12140958E+003
 -0.11921823E+000  0.60402548E+000  0.54240407E+001  0.12140956E+003
 -0.11921786E+000  0.60402129E+000  0.54240370E+001  0.12140953E+003
 -0.11921752E+000  0.60401695E+000  0.54240324E+001  0.12140951E+003
 -0.11921721E+000  0.60401249E+000  0.54240269E+001  0.12140948E+003
 -0.11921693E+000  0.60400794E+000  0.54240205E+001  0.12140945E+003
 -0.11921668E+000  0.60400333E+000  0.54240132E+001  0.12140942E+003
 -0.11921646E+000  0.60399869E+000  0.54240050E+001  0.12140939E+003
 -0.11921627E+000  0.60399403E+000  0.54239959E+001  0.12140936E+003
 -0.11921610E+000  0.60398940E+000  0.54239860E+001  0.12140933E+003
 -0.11921596E+000  0.60398480E+000  0.54239751E+001  0.12140929E+003
 -0.11921583E+000  0.60398027E+000  0.54239634E+001  0.12140926E+003
 -0.11921573E+000  0.60397582E+000  0.54239509E+001  0.12140922E+003
 -0.11921564E+000  0.60397147E+000  0.54239375E+001  0.12140918E+003
 -0.11921557E+000  0.60396723E+000  0.54239234E+001  0.12140914E+003
 -0.11921551E+000  0.60396313E+000  0.54239085E+001  0.12140909E+003
 -0.11921547E+000  0.60395917E+000  0.54238930E+001  0.12140905E+003
 -0.11921544E+000  0.60395536E+000  0.54238769E+001  0.12140900E+003
 -0.11921541E+000  0.60395171E+000  0.54238601E+001  0.12140895E+003
 -0.11921540E+000  0.60394823E+000  0.54238429E+001  0.12140889E+003
 -0.11921539E+000  0.60394491E+000  0.54238252E+001  0.12140883E+003
 -0.11921539E+000  0.60394176E+000  0.54238071E+001  0.12140877E+003
 -0.11921539E+000  0.60393878E+000  0.54237887E+001  0.12140871E+003
 -0.11921540E+000  0.60393597E+000  0.54237701E+001  0.12140864E+003
 -0.11921542E+000  0.60393333E+000  0.54237513E+001  0.12140857E+003
 -0.11921543E+000  0.60393084E+000  0.54237324E+001  0.12140850E+003
 -0.11921546E+000  0.60392852E+000  0.54237134E+001  0.12140842E+003
 -0.11921548E+000  0.60392635E+000  0.54236944E+001  0.12140834E+003
 -0.11921551E+000  0.60392432E+000  0.54236756E+001  0.12140825E+003
 -0.11921554E+000  0.60392243E+000  0.54236569E+001  0.12140816E+003
 -0.11921557E+000  0.60392068E+000  0.54236384E+001  0.12140807E+003
 -0.11921560E+000  0.60391905E+000  0.54236201E+001  0.12140797E+003
 -0.11921564E+000  0.60391753E+000  0.54236022E+001  0.12140787E+003
 -0.11921567E+000  0.60391613E+000  0.54235846E+001  0.12140776E+003
 -0.11921571E+000  0.60391483E+000  0.54235675E+001  0.12140765E+003
 -0.11921575E+000  0.60391362E+000  0.54235507E+001  0.12140753E+003
 -0.11921579E+000  0.60391250E+000  0.54235345E+001  0.12140741E+003
 -0.11921583E+000  0.60391146E+000  0.54235187E+001  0.12140729E+003
 -0.11921588E+000  0.60391049E+000  0.54235034E+001  0.12140716E+003
 -0.11921592E+000  0.60390959E+000  0.54234887E+001  0.12140702E+003
 -0.11921596E+000  0.60390875E+000  0.54234745E+001  0.12140688E+003
 -0.11921601E+000  0.60390797E+000  0.54234609E+001  0.12140674E+003
 -0.11921606E+000  0.60390723E+000  0.54234478E+001  0.12140659E+003
 -0.11921610E+000  0.60390654E+000  0.54234353E+001  0.12140644E+003
 -0.11921615E+000  0.60390589E+000  0.54234234E+001  0.12140629E+003
 -0.11921620E+000  0.60390528E+000  0.54234120E+001  0.12140613E+003
 -0.11921625E+000  0.60390470E+000  0.54234011E+001  0.12140596E+003
 -0.11921630E+000  0.60390415E+000  0.54233907E+001  0.12140580E+003
 -0.11921635E+000  0.60390362E+000  0.54233809E+001  0.12140562E+003
 -0.11921639E+000  0.60390312E+000  0.54233716E+001  0.12140545E+003
 -0.11921644E+000  0.60390264E+000  0.54233628E+001  0.12140527E+003
 -0.11921649E+000  0.60390218E+000  0.54233544E+001  0.12140509E+003
 -0.11921654E+000  0.60390174E+000  0.54233465E+001  0.12140491E+003
 -0.11921659E+000  0.60390131E+000  0.54233390E+001  0.12140472E+003
 -0.11921664E+000  0.60390090E+000  0.54233319E+001  0.12140453E+003
 -0.11921669E+000  0.60390050E+000  0.54233252E+001  0.12140434E+003
 -0.11921673E+000  0.60390011E+000  0.54233189E+001  0.12140414E+003
 -0.11921678E+000  0.60389974E+000  0.54233129E+001  0.12140395E+003
 -0.11921683E+000  0.60389937E+000  0.54233073E+001  0.12140375E+003
 -0.11921687E+000  0.60389902E+000  0.54233020E+001  0.12140355E+003
 -0.11921692E+000  0.60389867E+000  0.54232970E+001  0.12140335E+003
 -0.11921696E+000  0.60389834E+000  0.54232923E+001  0.12140314E+003
 -0.11921700E+000  0.60389801E+000  0.54232878E+001  0.12140294E+003
 -0.11921704E+000  0.60389770E+000  0.54232836E+001  0.12140274E+003
 -0.11921708E+000  0.60389739E+000  0.54232797E+001  0.12140253E+003
 -0.11921712E+000  0.60389709E+000  0.54232759E+001  0.12140232E+003
 -0.11921716E+000  0.60389680E+000  0.54232724E+001  0.12140212E+003
 -0.11921720E+000  0.60389652E+000  0.54232690E+001  0.12140191E+003
 -0.11921723E+000  0.60389625E+000  0.54232658E+001  0.12140171E+003
 -0.11921727E+000  0.60389599E+000  0.54232629E+001  0.12140150E+003
 -0.11921730E+000  0.60389574E+000  0.54232600E+001  0.12140130E+003
 -0.11921733E+000  0.60389549E+000  0.54232574E+001  0.12140109E+003
 -0.11921736E+000  0.60389526E+000  0.54232548E+001  0.12140089E+003
 -0.11921739E+000  0.60389503E+000  0.54232524E+001  0.12140068E+003
 -0.11921742E+000  0.60389481E+000  0.54232502E+001  0.12140048E+003
 -0.11921744E+000  0.60389460E+000  0.54232480E+001  0.12140028E+003
 -0.11921747E+000  0.60389441E+000  0.54232460E+001  0.12140008E+003
 -0.11921749E+000  0.60389421E+000  0.54232440E+001  0.12139989E+003
 -0.11921751E+000  0.60389403E+000  0.54232422E+001  0.12139969E+003
 -0.11921754E+000  0.60389386E+000  0.54232405E+001  0.12139950E+003
 -0.11921755E+000  0.60389370E+000  0.54232388E+001  0.12139931E+003
 -0.11921757E+000  0.60389354E+000  0.54232373E+001  0.12139912E+003
 -0.11921759E+000  0.60389339E+000  0.54232358E+001  0.12139893E+003
 -0.11921761E+000  0.60389325E+000  0.54232344E+001  0.12139875E+003
 -0.11921762E+000  0.60389312E+000  0.54232331E+001  0.12139857E+003
 -0.11921763E+000  0.60389299E+000  0.54232319E+001  0.12139839E+003
 -0.11921765E+000  0.60389288E+000  0.54232307E+001  0.12139822E+003
 -0.11921766E+000  0.60389277E+000  0.54232296E+001  0.12139804E+003
 -0.11921767E+000  0.60389266E+000  0.54232285E+001  0.12139787E+003
 -0.11921768E+000  0.60389257E+000  0.54232275E+001  0.12139771E+003
 -0.11921769E+000  0.60389248E+000  0.54232266E+001  0.12139754E+003
 -0.11921770E+000  0.60389239E+000  0.54232257E+001  0.12139738E+003
 -0.11921771E+000  0.60389231E+000  0.54232248E+001  0.12139722E+003
 -0.11921771E+000  0.60389224E+000  0.54232240E+001  0.12139707E+003
 -0.11921772E+000  0.60389217E+000  0.54232233E+001  0.12139692E+003
 -0.11921773E+000  0.60389210E+000  0.54232226E+001  0.12139677E+003
 -0.11921773E+000  0.60389204E+000  0.54232219E+001  0.12139662E+003
 -0.11921774E+000  0.60389197E+000  0.54232212E+001  0.12139648E+003
