  0.63522271E+000  0.10295227E+001  0.12618613E+001  0.42837837E+001
  0.63267209E+000  0.10246805E+001  0.12564451E+001  0.42754632E+001
  0.63060002E+000  0.10214390E+001  0.12522944E+001  0.42684965E+001
  0.62894399E+000  0.10189673E+001  0.12491231E+001  0.42628907E+001
  0.62762735E+000  0.10170216E+001  0.12466971E+001  0.42584209E+001
  0.62655272E+000  0.10154496E+001  0.12447440E+001  0.42547665E+001
  0.62567792E+000  0.10141856E+001  0.12431706E+001  0.42517898E+001
  0.62495558E+000  0.10131530E+001  0.12418892E+001  0.42493334E+001
  0.62434792E+000  0.10122915E+001  0.12408261E+001  0.42472727E+001
  0.62384829E+000  0.10115878E+001  0.12399678E+001  0.42455808E+001
  0.62343286E+000  0.10110044E+001  0.12392597E+001  0.42441738E+001
  0.62308619E+000  0.10105204E+001  0.12386737E+001  0.42430010E+001
  0.62279982E+000  0.10101234E+001  0.12381917E+001  0.42420302E+001
  0.62256121E+000  0.10097939E+001  0.12377922E+001  0.42412192E+001
  0.62236139E+000  0.10095189E+001  0.12374602E+001  0.42405393E+001
  0.62219618E+000  0.10092920E+001  0.12371882E+001  0.42399754E+001
  0.62205934E+000  0.10091048E+001  0.12369245E+001  0.42391700E+001
  0.62194480E+000  0.10089485E+001  0.12367805E+001  0.42391138E+001
  0.62185123E+000  0.10088215E+001  0.12366314E+001  0.42387904E+001
  0.62177400E+000  0.10087168E+001  0.12365093E+001  0.42385212E+001
  0.62171148E+000  0.10086325E+001  0.12364117E+001  0.42383012E+001
  0.62166074E+000  0.10085644E+001  0.12363334E+001  0.42381206E+001
  0.62161993E+000  0.10085101E+001  0.12362714E+001  0.42379732E+001
  0.62158782E+000  0.10084678E+001  0.12362236E+001  0.42378550E+001
  0.62156259E+000  0.10084351E+001  0.12361870E+001  0.42377599E+001
  0.62154335E+000  0.10084107E+001  0.12361600E+001  0.42376848E+001
  0.62152902E+000  0.10083930E+001  0.12361410E+001  0.42376264E+001
  0.62151881E+000  0.10083810E+001  0.12361284E+001  0.42375818E+001
  0.62151201E+000  0.10083737E+001  0.12361212E+001  0.42375489E+001
  0.62150804E+000  0.10083703E+001  0.12361184E+001  0.42375257E+001
  0.62150638E+000  0.10083700E+001  0.12361191E+001  0.42375103E+001
  0.62150665E+000  0.10083723E+001  0.12361228E+001  0.42375017E+001
  0.62150847E+000  0.10083766E+001  0.12361288E+001  0.42374984E+001
  0.62151155E+000  0.10083825E+001  0.12361365E+001  0.42374996E+001
  0.62151566E+000  0.10083896E+001  0.12361457E+001  0.42375045E+001
  0.62152058E+000  0.10083977E+001  0.12361558E+001  0.42375124E+001
  0.62152614E+000  0.10084066E+001  0.12361668E+001  0.42375227E+001
  0.62153225E+000  0.10084160E+001  0.12361784E+001  0.42375351E+001
  0.62153874E+000  0.10084259E+001  0.12361904E+001  0.42375490E+001
  0.62154556E+000  0.10084361E+001  0.12362028E+001  0.42375643E+001
  0.62155261E+000  0.10084465E+001  0.12362152E+001  0.42375806E+001
  0.62155985E+000  0.10084570E+001  0.12362279E+001  0.42375979E+001
  0.62156722E+000  0.10084676E+001  0.12362405E+001  0.42376159E+001
  0.62157470E+000  0.10084783E+001  0.12362532E+001  0.42376345E+001
  0.62158224E+000  0.10084890E+001  0.12362464E+001  0.42374935E+001
  0.62158983E+000  0.10084997E+001  0.12362272E+001  0.42372507E+001
  0.62159743E+000  0.10085103E+001  0.12362098E+001  0.42370240E+001
  0.62160504E+000  0.10085210E+001  0.12361942E+001  0.42368132E+001
  0.62161263E+000  0.10085315E+001  0.12361805E+001  0.42366182E+001
  0.62162019E+000  0.10085420E+001  0.12361686E+001  0.42364387E+001
  0.62162770E+000  0.10085525E+001  0.12361583E+001  0.42362744E+001
  0.62163515E+000  0.10085628E+001  0.12361498E+001  0.42361246E+001
  0.62164253E+000  0.10085730E+001  0.12361428E+001  0.42359888E+001
  0.62164983E+000  0.10085832E+001  0.12361374E+001  0.42358665E+001
  0.62165704E+000  0.10085932E+001  0.12361334E+001  0.42357568E+001
  0.62166415E+000  0.10086032E+001  0.12361308E+001  0.42356592E+001
  0.62167114E+000  0.10086130E+001  0.12364136E+001  0.42379036E+001
  0.62167801E+000  0.10086226E+001  0.12364252E+001  0.42379249E+001
  0.62168476E+000  0.10086321E+001  0.12364366E+001  0.42379461E+001
  0.62169136E+000  0.10086415E+001  0.12364479E+001  0.42379672E+001
  0.62169783E+000  0.10086507E+001  0.12364591E+001  0.42379881E+001
  0.62170415E+000  0.10086598E+001  0.12364700E+001  0.42380089E+001
  0.62171032E+000  0.10086686E+001  0.12364808E+001  0.42380294E+001
  0.62171633E+000  0.10086773E+001  0.12364913E+001  0.42380498E+001
  0.62172219E+000  0.10086859E+001  0.12365017E+001  0.42380699E+001
  0.62172788E+000  0.10086942E+001  0.12365118E+001  0.42380897E+001
  0.62173343E+000  0.10087023E+001  0.12365218E+001  0.42381093E+001
  0.62173880E+000  0.10087103E+001  0.12365315E+001  0.42381285E+001
  0.62174402E+000  0.10087180E+001  0.12365409E+001  0.42381475E+001
  0.62174907E+000  0.10087256E+001  0.12365502E+001  0.42381660E+001
  0.62175397E+000  0.10087329E+001  0.12365592E+001  0.42381842E+001
  0.62175869E+000  0.10087401E+001  0.12365679E+001  0.42382020E+001
  0.62176326E+000  0.10087470E+001  0.12365763E+001  0.42382193E+001
  0.62176765E+000  0.10087537E+001  0.12365845E+001  0.42382362E+001
  0.62177188E+000  0.10087602E+001  0.12365924E+001  0.42382526E+001
  0.62177594E+000  0.10087664E+001  0.12366000E+001  0.42382685E+001
  0.62177983E+000  0.10087725E+001  0.12366073E+001  0.42382839E+001
  0.62178354E+000  0.10087783E+001  0.12366143E+001  0.42382986E+001
  0.62178709E+000  0.10087838E+001  0.12366210E+001  0.42383129E+001
  0.62179046E+000  0.10087892E+001  0.12366274E+001  0.42383265E+001
  0.62179365E+000  0.10087942E+001  0.12366334E+001  0.42383395E+001
  0.62179668E+000  0.10087991E+001  0.12366391E+001  0.42383519E+001
  0.62179953E+000  0.10088037E+001  0.12366445E+001  0.42383636E+001
  0.62180222E+000  0.10088080E+001  0.12366495E+001  0.42383748E+001
  0.62180474E+000  0.10088121E+001  0.12366542E+001  0.42383853E+001
  0.62180711E+000  0.10088160E+001  0.12366586E+001  0.42383953E+001
  0.62180932E+000  0.10088197E+001  0.12366627E+001  0.42384046E+001
  0.62181138E+000  0.10088231E+001  0.12366665E+001  0.42384134E+001
  0.62181329E+000  0.10088264E+001  0.12366700E+001  0.42384217E+001
  0.62181506E+000  0.10088294E+001  0.12366732E+001  0.42384294E+001
  0.62181671E+000  0.10088322E+001  0.12366762E+001  0.42384367E+001
  0.62181822E+000  0.10088348E+001  0.12366789E+001  0.42384434E+001
  0.62181962E+000  0.10088372E+001  0.12366813E+001  0.42384497E+001
  0.62182090E+000  0.10088395E+001  0.12366835E+001  0.42384556E+001
  0.62182207E+000  0.10088416E+001  0.12366855E+001  0.42384612E+001
  0.62182314E+000  0.10088435E+001  0.12366873E+001  0.42384663E+001
  0.62182412E+000  0.10088453E+001  0.12366888E+001  0.42384711E+001
  0.62182500E+000  0.10088469E+001  0.12366902E+001  0.42384755E+001
  0.62182580E+000  0.10088484E+001  0.12366914E+001  0.42384797E+001
  0.62182652E+000  0.10088498E+001  0.12366925E+001  0.42384836E+001
  0.62182716E+000  0.10088510E+001  0.12366934E+001  0.42384872E+001
  0.62182774E+000  0.10088521E+001  0.12366942E+001  0.42384906E+001
  0.62182825E+000  0.10088531E+001  0.12366948E+001  0.42384937E+001
  0.62182870E+000  0.10088540E+001  0.12366953E+001  0.42384966E+001
  0.62182909E+000  0.10088548E+001  0.12366957E+001  0.42384993E+001
  0.62182943E+000  0.10088556E+001  0.12366960E+001  0.42385018E+001
  0.62182972E+000  0.10088562E+001  0.12366962E+001  0.42385041E+001
  0.62182996E+000  0.10088568E+001  0.12366963E+001  0.42385062E+001
  0.62183017E+000  0.10088573E+001  0.12366963E+001  0.42385082E+001
  0.62183033E+000  0.10088577E+001  0.12366963E+001  0.42385100E+001
  0.62183046E+000  0.10088580E+001  0.12366961E+001  0.42385116E+001
  0.62183055E+000  0.10088583E+001  0.12366960E+001  0.42385131E+001
  0.62183062E+000  0.10088586E+001  0.12366957E+001  0.42385144E+001
  0.62183065E+000  0.10088588E+001  0.12366954E+001  0.42385156E+001
  0.62183067E+000  0.10088589E+001  0.12366951E+001  0.42385166E+001
  0.62183065E+000  0.10088590E+001  0.12366947E+001  0.42385175E+001
  0.62183062E+000  0.10088591E+001  0.12366943E+001  0.42385183E+001
  0.62183057E+000  0.10088591E+001  0.12366938E+001  0.42385189E+001
  0.62183050E+000  0.10088592E+001  0.12366934E+001  0.42385195E+001
  0.62183042E+000  0.10088591E+001  0.12366929E+001  0.42385199E+001
  0.62183032E+000  0.10088591E+001  0.12366923E+001  0.42385201E+001
  0.62183021E+000  0.10088590E+001  0.12366918E+001  0.42385203E+001
  0.62183009E+000  0.10088589E+001  0.12366912E+001  0.42385203E+001
  0.62182995E+000  0.10088588E+001  0.12366906E+001  0.42385203E+001
  0.62182981E+000  0.10088587E+001  0.12366900E+001  0.42385201E+001
  0.62182966E+000  0.10088586E+001  0.12366894E+001  0.42385198E+001
  0.62182951E+000  0.10088584E+001  0.12366888E+001  0.42385194E+001
  0.62182935E+000  0.10088583E+001  0.12366881E+001  0.42385189E+001
  0.62182918E+000  0.10088581E+001  0.12366875E+001  0.42385182E+001
  0.62182901E+000  0.10088579E+001  0.12366868E+001  0.42385175E+001
  0.62182883E+000  0.10088577E+001  0.12366862E+001  0.42385166E+001
  0.62182865E+000  0.10088576E+001  0.12366855E+001  0.42385157E+001
  0.62182847E+000  0.10088574E+001  0.12366849E+001  0.42385146E+001
  0.62182829E+000  0.10088572E+001  0.12366842E+001  0.42385135E+001
  0.62182810E+000  0.10088570E+001  0.12366836E+001  0.42385122E+001
  0.62182792E+000  0.10088568E+001  0.12366830E+001  0.42385108E+001
  0.62182773E+000  0.10088566E+001  0.12366823E+001  0.42385094E+001
  0.62182755E+000  0.10088564E+001  0.12366817E+001  0.42385078E+001
  0.62182736E+000  0.10088562E+001  0.12366811E+001  0.42385061E+001
  0.62182718E+000  0.10088560E+001  0.12366805E+001  0.42385043E+001
  0.62182699E+000  0.10088558E+001  0.12366798E+001  0.42385024E+001
  0.62182681E+000  0.10088556E+001  0.12366792E+001  0.42385005E+001
  0.62182663E+000  0.10088554E+001  0.12366787E+001  0.42384984E+001
  0.62182646E+000  0.10088552E+001  0.12366781E+001  0.42384962E+001
  0.62182628E+000  0.10088551E+001  0.12366775E+001  0.42384940E+001
  0.62182611E+000  0.10088549E+001  0.12366769E+001  0.42384916E+001
  0.62182594E+000  0.10088547E+001  0.12366764E+001  0.42384892E+001
  0.62182578E+000  0.10088545E+001  0.12366759E+001  0.42384866E+001
  0.62182562E+000  0.10088544E+001  0.12366753E+001  0.42384840E+001
  0.62182546E+000  0.10088542E+001  0.12366748E+001  0.42384813E+001
  0.62182531E+000  0.10088541E+001  0.12366743E+001  0.42384785E+001
  0.62182516E+000  0.10088539E+001  0.12366739E+001  0.42384757E+001
  0.62182501E+000  0.10088538E+001  0.12366734E+001  0.42384727E+001
  0.62182487E+000  0.10088536E+001  0.12366729E+001  0.42384697E+001
  0.62182474E+000  0.10088535E+001  0.12366725E+001  0.42384666E+001
  0.62182460E+000  0.10088534E+001  0.12366721E+001  0.42384635E+001
  0.62182448E+000  0.10088532E+001  0.12366717E+001  0.42384603E+001
  0.62182435E+000  0.10088531E+001  0.12366713E+001  0.42384570E+001
  0.62182423E+000  0.10088530E+001  0.12366709E+001  0.42384537E+001
  0.62182412E+000  0.10088529E+001  0.12366705E+001  0.42384504E+001
  0.62182401E+000  0.10088528E+001  0.12366702E+001  0.42384469E+001
  0.62182391E+000  0.10088527E+001  0.12366698E+001  0.42384435E+001
  0.62182381E+000  0.10088526E+001  0.12366695E+001  0.42384400E+001
  0.62182371E+000  0.10088525E+001  0.12366692E+001  0.42384364E+001
  0.62182362E+000  0.10088524E+001  0.12366689E+001  0.42384329E+001
  0.62182353E+000  0.10088523E+001  0.12366686E+001  0.42384293E+001
  0.62182345E+000  0.10088523E+001  0.12366683E+001  0.42384256E+001
  0.62182337E+000  0.10088522E+001  0.12366681E+001  0.42384220E+001
  0.62182330E+000  0.10088521E+001  0.12366678E+001  0.42384183E+001
  0.62182323E+000  0.10088520E+001  0.12366676E+001  0.42384146E+001
  0.62182316E+000  0.10088520E+001  0.12366674E+001  0.42384109E+001
  0.62182310E+000  0.10088519E+001  0.12366672E+001  0.42384073E+001
  0.62182304E+000  0.10088519E+001  0.12366669E+001  0.42384036E+001
  0.62182298E+000  0.10088518E+001  0.12366668E+001  0.42383999E+001
  0.62182293E+000  0.10088518E+001  0.12366666E+001  0.42383962E+001
  0.62182288E+000  0.10088517E+001  0.12366664E+001  0.42383925E+001
  0.62182283E+000  0.10088517E+001  0.12366662E+001  0.42383888E+001
  0.62182279E+000  0.10088516E+001  0.12366661E+001  0.42383852E+001
  0.62182275E+000  0.10088516E+001  0.12366659E+001  0.42383816E+001
  0.62182271E+000  0.10088516E+001  0.12366658E+001  0.42383779E+001
  0.62182267E+000  0.10088515E+001  0.12366656E+001  0.42383744E+001
  0.62182264E+000  0.10088515E+001  0.12366655E+001  0.42383708E+001
  0.62182261E+000  0.10088515E+001  0.12366654E+001  0.42383673E+001
  0.62182258E+000  0.10088515E+001  0.12366653E+001  0.42383638E+001
  0.62182255E+000  0.10088514E+001  0.12366652E+001  0.42383603E+001
  0.62182253E+000  0.10088514E+001  0.12366651E+001  0.42383569E+001
  0.62182250E+000  0.10088514E+001  0.12366650E+001  0.42383536E+001
  0.62182248E+000  0.10088514E+001  0.12366649E+001  0.42383502E+001
  0.62182246E+000  0.10088514E+001  0.12366648E+001  0.42383469E+001
  0.62182244E+000  0.10088514E+001  0.12366647E+001  0.42383437E+001
  0.62182243E+000  0.10088513E+001  0.12366646E+001  0.42383405E+001
  0.62182241E+000  0.10088513E+001  0.12366646E+001  0.42383374E+001
  0.62182239E+000  0.10088513E+001  0.12366645E+001  0.42383343E+001
  0.62182238E+000  0.10088513E+001  0.12366644E+001  0.42383313E+001
  0.62182237E+000  0.10088513E+001  0.12366644E+001  0.42383283E+001
  0.62182236E+000  0.10088513E+001  0.12366643E+001  0.42383254E+001
  0.62182234E+000  0.10088513E+001  0.12366643E+001  0.42383225E+001
  0.62182233E+000  0.10088513E+001  0.12366642E+001  0.42383197E+001
  0.62182232E+000  0.10088513E+001  0.12366642E+001  0.42383169E+001
  0.62182230E+000  0.10088512E+001  0.12366641E+001  0.42383142E+001
