  0.64190671E+000
  0.64054221E+000
  0.63959076E+000
  0.63887823E+000
  0.63833464E+000
  0.63790171E+000
  0.63755688E+000
  0.63727764E+000
  0.63704693E+000
  0.63686190E+000
  0.63671067E+000
  0.63658730E+000
  0.63648762E+000
  0.63640648E+000
  0.63634042E+000
  0.63628775E+000
  0.63624589E+000
  0.63621229E+000
  0.63618655E+000
  0.63616669E+000
  0.63615224E+000
  0.63614201E+000
  0.63613532E+000
  0.63613172E+000
  0.63613049E+000
  0.63613132E+000
  0.63613380E+000
  0.63613763E+000
  0.63614255E+000
  0.63614833E+000
  0.63615481E+000
  0.63616183E+000
  0.63616924E+000
  0.63617692E+000
  0.63618479E+000
  0.63619278E+000
  0.63620082E+000
  0.63620888E+000
  0.63621689E+000
  0.63622486E+000
  0.63623273E+000
  0.63624050E+000
  0.63624814E+000
  0.63625565E+000
  0.63626302E+000
  0.63627024E+000
  0.63627730E+000
  0.63628420E+000
  0.63629093E+000
  0.63629749E+000
  0.63630387E+000
  0.63631007E+000
  0.63631609E+000
  0.63632192E+000
  0.63632757E+000
  0.63633302E+000
  0.63633828E+000
  0.63634334E+000
  0.63634822E+000
  0.63635289E+000
  0.63635737E+000
  0.63636165E+000
  0.63636575E+000
  0.63636965E+000
  0.63637336E+000
  0.63637689E+000
  0.63638023E+000
  0.63638340E+000
  0.63638639E+000
  0.63638921E+000
  0.63639187E+000
  0.63639436E+000
  0.63639670E+000
  0.63639888E+000
  0.63640092E+000
  0.63640281E+000
  0.63640456E+000
  0.63640617E+000
  0.63640766E+000
  0.63640902E+000
  0.63641027E+000
  0.63641140E+000
  0.63641242E+000
  0.63641335E+000
  0.63641418E+000
  0.63641493E+000
  0.63641561E+000
  0.63641621E+000
  0.63641674E+000
  0.63641722E+000
  0.63641764E+000
  0.63641802E+000
  0.63641836E+000
  0.63641867E+000
  0.63641894E+000
  0.63641919E+000
  0.63641941E+000
  0.63641962E+000
  0.63641981E+000
  0.63641999E+000
  0.63642016E+000
  0.63642031E+000
  0.63642046E+000
  0.63642060E+000
  0.63642074E+000
  0.63642087E+000
  0.63642100E+000
  0.63642112E+000
  0.63642124E+000
  0.63642136E+000
  0.63642148E+000
  0.63642159E+000
  0.63642170E+000
  0.63642181E+000
  0.63642192E+000
  0.63642203E+000
  0.63642214E+000
  0.63642224E+000
  0.63642234E+000
  0.63642244E+000
  0.63642254E+000
  0.63642264E+000
  0.63642274E+000
  0.63642284E+000
  0.63642294E+000
  0.63642303E+000
  0.63642313E+000
  0.63642322E+000
  0.63642331E+000
  0.63642341E+000
  0.63642350E+000
  0.63642359E+000
  0.63642368E+000
  0.63642377E+000
  0.63642386E+000
  0.63642395E+000
  0.63642404E+000
  0.63642413E+000
  0.63642422E+000
  0.63642431E+000
  0.63642439E+000
  0.63642448E+000
  0.63642456E+000
  0.63642465E+000
  0.63642473E+000
  0.63642482E+000
  0.63642490E+000
  0.63642498E+000
  0.63642506E+000
  0.63642514E+000
  0.63642522E+000
  0.63642530E+000
  0.63642537E+000
  0.63642545E+000
  0.63642552E+000
  0.63642560E+000
  0.63642567E+000
  0.63642574E+000
  0.63642581E+000
  0.63642588E+000
  0.63642595E+000
  0.63642602E+000
  0.63642608E+000
  0.63642615E+000
  0.63642621E+000
  0.63642627E+000
  0.63642633E+000
  0.63642639E+000
  0.63642645E+000
  0.63642650E+000
  0.63642656E+000
  0.63642661E+000
  0.63642666E+000
  0.63642671E+000
  0.63642676E+000
  0.63642681E+000
  0.63642686E+000
  0.63642690E+000
  0.63642695E+000
  0.63642699E+000
  0.63642703E+000
  0.63642707E+000
  0.63642711E+000
  0.63642715E+000
  0.63642718E+000
  0.63642722E+000
  0.63642725E+000
  0.63642729E+000
  0.63642732E+000
  0.63642735E+000
  0.63642738E+000
  0.63642741E+000
  0.63642744E+000
  0.63642746E+000
  0.63642749E+000
  0.63642751E+000
  0.63642754E+000
  0.63642756E+000
  0.63642758E+000
  0.63642759E+000
