  0.88682554E+000
  0.88673932E+000
  0.88667432E+000
  0.88662557E+000
  0.88658887E+000
  0.88656129E+000
  0.88654090E+000
  0.88652616E+000
  0.88651592E+000
  0.88650934E+000
  0.88650566E+000
  0.88650431E+000
  0.88650483E+000
  0.88650685E+000
  0.88651007E+000
  0.88651427E+000
  0.88651924E+000
  0.88652483E+000
  0.88653092E+000
  0.88653739E+000
  0.88654417E+000
  0.88655118E+000
  0.88655837E+000
  0.88656567E+000
  0.88657306E+000
  0.88658050E+000
  0.88658796E+000
  0.88659542E+000
  0.88660286E+000
  0.88661026E+000
  0.88661761E+000
  0.88662490E+000
  0.88663211E+000
  0.88663923E+000
  0.88664627E+000
  0.88665321E+000
  0.88666005E+000
  0.88666678E+000
  0.88667340E+000
  0.88667989E+000
  0.88668627E+000
  0.88669251E+000
  0.88669863E+000
  0.88670461E+000
  0.88671044E+000
  0.88671613E+000
  0.88672167E+000
  0.88672705E+000
  0.88673228E+000
  0.88673734E+000
  0.88674223E+000
  0.88674696E+000
  0.88675151E+000
  0.88675588E+000
  0.88676008E+000
  0.88676409E+000
  0.88676792E+000
  0.88677157E+000
  0.88677504E+000
  0.88677833E+000
  0.88678144E+000
  0.88678437E+000
  0.88678712E+000
  0.88678971E+000
  0.88679212E+000
  0.88679438E+000
  0.88679647E+000
  0.88679841E+000
  0.88680021E+000
  0.88680186E+000
  0.88680337E+000
  0.88680476E+000
  0.88680602E+000
  0.88680717E+000
  0.88680822E+000
  0.88680916E+000
  0.88681001E+000
  0.88681077E+000
  0.88681145E+000
  0.88681206E+000
  0.88681261E+000
  0.88681309E+000
  0.88681353E+000
  0.88681392E+000
  0.88681427E+000
  0.88681459E+000
  0.88681488E+000
  0.88681515E+000
  0.88681540E+000
  0.88681564E+000
  0.88681586E+000
  0.88681607E+000
  0.88681628E+000
  0.88681649E+000
  0.88681670E+000
  0.88681690E+000
  0.88681711E+000
  0.88681732E+000
  0.88681754E+000
  0.88681776E+000
  0.88681798E+000
  0.88681821E+000
  0.88681844E+000
  0.88681868E+000
  0.88681893E+000
  0.88681918E+000
  0.88681943E+000
  0.88681969E+000
  0.88681995E+000
  0.88682021E+000
  0.88682048E+000
  0.88682075E+000
  0.88682102E+000
  0.88682129E+000
  0.88682157E+000
  0.88682184E+000
  0.88682212E+000
  0.88682239E+000
  0.88682267E+000
  0.88682294E+000
  0.88682321E+000
  0.88682348E+000
  0.88682375E+000
  0.88682402E+000
  0.88682428E+000
  0.88682454E+000
  0.88682480E+000
  0.88682505E+000
  0.88682530E+000
  0.88682554E+000
  0.88682578E+000
  0.88682601E+000
  0.88682624E+000
  0.88682646E+000
  0.88682667E+000
  0.88682688E+000
  0.88682708E+000
  0.88682728E+000
  0.88682747E+000
  0.88682765E+000
  0.88682782E+000
  0.88682799E+000
  0.88682815E+000
  0.88682830E+000
  0.88682844E+000
  0.88682858E+000
  0.88682871E+000
  0.88682883E+000
  0.88682894E+000
  0.88682904E+000
  0.88682914E+000
  0.88682923E+000
  0.88682931E+000
  0.88682939E+000
  0.88682945E+000
  0.88682951E+000
  0.88682957E+000
  0.88682961E+000
  0.88682965E+000
  0.88682968E+000
  0.88682971E+000
  0.88682973E+000
  0.88682974E+000
  0.88682975E+000
  0.88682975E+000
  0.88682975E+000
  0.88682974E+000
  0.88682973E+000
  0.88682971E+000
  0.88682969E+000
  0.88682966E+000
  0.88682963E+000
  0.88682959E+000
  0.88682956E+000
  0.88682951E+000
  0.88682947E+000
  0.88682942E+000
  0.88682937E+000
  0.88682931E+000
  0.88682926E+000
  0.88682920E+000
  0.88682914E+000
  0.88682908E+000
  0.88682901E+000
  0.88682895E+000
  0.88682888E+000
  0.88682881E+000
  0.88682874E+000
  0.88682867E+000
  0.88682860E+000
  0.88682853E+000
  0.88682846E+000
  0.88682839E+000
  0.88682832E+000
  0.88682825E+000
  0.88682818E+000
  0.88682811E+000
  0.88682804E+000
  0.88682797E+000
  0.88682790E+000
