  0.81427371E+000
  0.81427115E+000
  0.81426872E+000
  0.81426653E+000
  0.81426460E+000
  0.81426291E+000
  0.81426143E+000
  0.81426012E+000
  0.81425896E+000
  0.81425792E+000
  0.81425700E+000
  0.81425617E+000
  0.81425542E+000
  0.81425474E+000
  0.81425411E+000
  0.81425355E+000
  0.81425302E+000
  0.81425254E+000
  0.81425209E+000
  0.81425167E+000
  0.81425128E+000
  0.81425092E+000
  0.81425057E+000
  0.81425025E+000
  0.81424995E+000
  0.81424967E+000
  0.81424940E+000
  0.81424915E+000
  0.81424891E+000
  0.81424868E+000
  0.81424848E+000
  0.81424828E+000
  0.81424810E+000
  0.81424793E+000
  0.81424777E+000
  0.81424763E+000
  0.81424751E+000
  0.81424739E+000
  0.81424729E+000
  0.81424721E+000
  0.81424714E+000
  0.81424708E+000
  0.81424704E+000
  0.81424702E+000
  0.81424701E+000
  0.81424702E+000
  0.81424705E+000
  0.81424709E+000
  0.81424715E+000
  0.81424723E+000
  0.81424732E+000
  0.81424743E+000
  0.81424756E+000
  0.81424770E+000
  0.81424786E+000
  0.81424803E+000
  0.81424822E+000
  0.81424842E+000
  0.81424864E+000
  0.81424887E+000
  0.81424912E+000
  0.81424938E+000
  0.81424965E+000
  0.81424993E+000
  0.81425022E+000
  0.81425052E+000
  0.81425084E+000
  0.81425116E+000
  0.81425149E+000
  0.81425183E+000
  0.81425217E+000
  0.81425253E+000
  0.81425289E+000
  0.81425326E+000
  0.81425363E+000
  0.81425402E+000
  0.81425440E+000
  0.81425479E+000
  0.81425519E+000
  0.81425559E+000
  0.81425599E+000
  0.81425640E+000
  0.81425681E+000
  0.81425722E+000
  0.81425763E+000
  0.81425805E+000
  0.81425846E+000
  0.81425887E+000
  0.81425928E+000
  0.81425969E+000
  0.81426010E+000
  0.81426051E+000
  0.81426091E+000
  0.81426131E+000
  0.81426171E+000
  0.81426210E+000
  0.81426249E+000
  0.81426288E+000
  0.81426326E+000
  0.81426363E+000
  0.81426401E+000
  0.81426437E+000
  0.81426474E+000
  0.81426509E+000
  0.81426545E+000
  0.81426580E+000
  0.81426615E+000
  0.81426649E+000
  0.81426683E+000
  0.81426716E+000
  0.81426749E+000
  0.81426782E+000
  0.81426814E+000
  0.81426846E+000
  0.81426877E+000
  0.81426909E+000
  0.81426939E+000
  0.81426970E+000
  0.81427000E+000
  0.81427029E+000
  0.81427059E+000
  0.81427088E+000
  0.81427116E+000
  0.81427144E+000
  0.81427172E+000
  0.81427199E+000
  0.81427225E+000
  0.81427251E+000
  0.81427277E+000
  0.81427302E+000
  0.81427327E+000
  0.81427351E+000
  0.81427374E+000
  0.81427397E+000
  0.81427419E+000
  0.81427441E+000
  0.81427462E+000
  0.81427482E+000
  0.81427501E+000
  0.81427520E+000
  0.81427538E+000
  0.81427556E+000
  0.81427572E+000
  0.81427588E+000
  0.81427604E+000
  0.81427618E+000
  0.81427632E+000
  0.81427645E+000
  0.81427657E+000
  0.81427669E+000
  0.81427679E+000
  0.81427689E+000
  0.81427698E+000
  0.81427707E+000
  0.81427715E+000
  0.81427722E+000
  0.81427728E+000
  0.81427734E+000
  0.81427739E+000
  0.81427743E+000
  0.81427747E+000
  0.81427750E+000
  0.81427752E+000
  0.81427754E+000
  0.81427756E+000
  0.81427756E+000
  0.81427757E+000
  0.81427756E+000
  0.81427756E+000
  0.81427754E+000
  0.81427753E+000
  0.81427751E+000
  0.81427748E+000
  0.81427745E+000
  0.81427742E+000
  0.81427738E+000
  0.81427734E+000
  0.81427730E+000
  0.81427726E+000
  0.81427721E+000
  0.81427716E+000
  0.81427711E+000
  0.81427705E+000
  0.81427700E+000
  0.81427694E+000
  0.81427688E+000
  0.81427682E+000
  0.81427676E+000
  0.81427669E+000
  0.81427663E+000
  0.81427657E+000
  0.81427650E+000
  0.81427644E+000
  0.81427637E+000
  0.81427631E+000
  0.81427624E+000
  0.81427618E+000
  0.81427611E+000
  0.81427605E+000
  0.81427598E+000
