  0.12763340E+001
  0.12732172E+001
  0.12705652E+001
  0.12684075E+001
  0.12666712E+001
  0.12652413E+001
  0.12640699E+001
  0.12630999E+001
  0.12622836E+001
  0.12616098E+001
  0.12610468E+001
  0.12605744E+001
  0.12601812E+001
  0.12598508E+001
  0.12595718E+001
  0.12593383E+001
  0.12591426E+001
  0.12589768E+001
  0.12588389E+001
  0.12587227E+001
  0.12586261E+001
  0.12585453E+001
  0.12584778E+001
  0.12584220E+001
  0.12583757E+001
  0.12583375E+001
  0.12583061E+001
  0.12582804E+001
  0.12582595E+001
  0.12582427E+001
  0.12582292E+001
  0.12582185E+001
  0.12582102E+001
  0.12582038E+001
  0.12581991E+001
  0.12581957E+001
  0.12581935E+001
  0.12581923E+001
  0.12581919E+001
  0.12581923E+001
  0.12581932E+001
  0.12581948E+001
  0.12581968E+001
  0.12581992E+001
  0.12582021E+001
  0.12582054E+001
  0.12582089E+001
  0.12582129E+001
  0.12582171E+001
  0.12582217E+001
  0.12582265E+001
  0.12582316E+001
  0.12582369E+001
  0.12582425E+001
  0.12582483E+001
  0.12582543E+001
  0.12582604E+001
  0.12582668E+001
  0.12582732E+001
  0.12582799E+001
  0.12582866E+001
  0.12582934E+001
  0.12583003E+001
  0.12583073E+001
  0.12583143E+001
  0.12583214E+001
  0.12583285E+001
  0.12583355E+001
  0.12583426E+001
  0.12583496E+001
  0.12583566E+001
  0.12583636E+001
  0.12583705E+001
  0.12583772E+001
  0.12583839E+001
  0.12583904E+001
  0.12583968E+001
  0.12584031E+001
  0.12584091E+001
  0.12584150E+001
  0.12584207E+001
  0.12584262E+001
  0.12584315E+001
  0.12584366E+001
  0.12584414E+001
  0.12584461E+001
  0.12584505E+001
  0.12584546E+001
  0.12584586E+001
  0.12584623E+001
  0.12584658E+001
  0.12584692E+001
  0.12584723E+001
  0.12584752E+001
  0.12584779E+001
  0.12584804E+001
  0.12584828E+001
  0.12584849E+001
  0.12584870E+001
  0.12584888E+001
  0.12584905E+001
  0.12584921E+001
  0.12584936E+001
  0.12584949E+001
  0.12584961E+001
  0.12584972E+001
  0.12584982E+001
  0.12584991E+001
  0.12584999E+001
  0.12585006E+001
  0.12585012E+001
  0.12585018E+001
  0.12585023E+001
  0.12585028E+001
  0.12585031E+001
  0.12585035E+001
  0.12585037E+001
  0.12585040E+001
  0.12585042E+001
  0.12585043E+001
  0.12585044E+001
  0.12585045E+001
  0.12585046E+001
  0.12585046E+001
  0.12585047E+001
  0.12585046E+001
  0.12585046E+001
  0.12585046E+001
  0.12585045E+001
  0.12585045E+001
  0.12585044E+001
  0.12585043E+001
  0.12585042E+001
  0.12585041E+001
  0.12585040E+001
  0.12585038E+001
  0.12585037E+001
  0.12585036E+001
  0.12585035E+001
  0.12585033E+001
  0.12585032E+001
  0.12585030E+001
  0.12585029E+001
  0.12585028E+001
  0.12585026E+001
  0.12585025E+001
  0.12585024E+001
  0.12585022E+001
  0.12585021E+001
  0.12585020E+001
  0.12585019E+001
  0.12585018E+001
  0.12585016E+001
  0.12585015E+001
  0.12585014E+001
  0.12585013E+001
  0.12585012E+001
  0.12585011E+001
  0.12585010E+001
  0.12585009E+001
  0.12585009E+001
  0.12585008E+001
  0.12585007E+001
  0.12585006E+001
  0.12585006E+001
  0.12585005E+001
  0.12585004E+001
  0.12585004E+001
  0.12585003E+001
  0.12585003E+001
  0.12585002E+001
  0.12585002E+001
  0.12585002E+001
  0.12585001E+001
  0.12585001E+001
  0.12585001E+001
  0.12585000E+001
  0.12585000E+001
  0.12585000E+001
  0.12585000E+001
  0.12584999E+001
  0.12584999E+001
  0.12584999E+001
  0.12584999E+001
  0.12584999E+001
  0.12584999E+001
  0.12584999E+001
  0.12584999E+001
  0.12584999E+001
  0.12584999E+001
  0.12584999E+001
  0.12584998E+001
  0.12584998E+001
  0.12584998E+001
  0.12584998E+001
  0.12584998E+001
  0.12584998E+001
  0.12584998E+001
  0.12584998E+001
  0.12584998E+001
