  0.31147820E+000  0.34299983E+000  0.45306665E+000  0.60253795E+000  0.79258743E+000  0.88889747E+000  0.11869640E+001  0.18589987E+001  0.26145892E+001  0.43741913E+001  0.81151956E+001
  0.31083364E+000  0.34296215E+000  0.45296534E+000  0.60120291E+000  0.79274791E+000  0.88811117E+000  0.11900188E+001  0.18589052E+001  0.26141339E+001  0.43748959E+001  0.81167902E+001
  0.31028521E+000  0.34292095E+000  0.45288295E+000  0.60007282E+000  0.79317401E+000  0.88746286E+000  0.11902474E+001  0.18588019E+001  0.26139869E+001  0.43787237E+001  0.81167151E+001
  0.30983903E+000  0.34282428E+000  0.45281464E+000  0.59915081E+000  0.79314762E+000  0.88694401E+000  0.11901575E+001  0.18586849E+001  0.26137545E+001  0.43788172E+001  0.81166528E+001
  0.30947999E+000  0.34280210E+000  0.45275779E+000  0.59840887E+000  0.79311547E+000  0.88650851E+000  0.11900895E+001  0.18585988E+001  0.26136215E+001  0.43788026E+001  0.81166006E+001
  0.30918434E+000  0.34278302E+000  0.45271108E+000  0.59779790E+000  0.79303546E+000  0.88615119E+000  0.11900251E+001  0.18585935E+001  0.26134604E+001  0.43783674E+001  0.81165570E+001
  0.30894212E+000  0.34276665E+000  0.45267074E+000  0.59729733E+000  0.79299634E+000  0.88585273E+000  0.11899691E+001  0.18584598E+001  0.26131812E+001  0.43782292E+001  0.81165206E+001
  0.30874157E+000  0.34275267E+000  0.45263757E+000  0.59688287E+000  0.79294787E+000  0.88560880E+000  0.11896682E+001  0.18583986E+001  0.26130141E+001  0.43781176E+001  0.81164899E+001
  0.30857250E+000  0.34274080E+000  0.45260980E+000  0.59653406E+000  0.79292103E+000  0.88540355E+000  0.11889362E+001  0.18583559E+001  0.26129543E+001  0.43773154E+001  0.81164644E+001
  0.30843243E+000  0.34273073E+000  0.45258650E+000  0.59624616E+000  0.79285900E+000  0.88523214E+000  0.11883320E+001  0.18582826E+001  0.26129042E+001  0.43761347E+001  0.81164429E+001
  0.30831706E+000  0.34272221E+000  0.45256695E+000  0.59600559E+000  0.79282398E+000  0.88508787E+000  0.11878272E+001  0.18582858E+001  0.26130192E+001  0.43758066E+001  0.81164250E+001
  0.30821940E+000  0.34271503E+000  0.45253162E+000  0.59580376E+000  0.79279312E+000  0.88496835E+000  0.11874036E+001  0.18582500E+001  0.26129564E+001  0.43756152E+001  0.81164100E+001
  0.30813810E+000  0.34270899E+000  0.45252495E+000  0.59563574E+000  0.79276537E+000  0.88486584E+000  0.11870510E+001  0.18582331E+001  0.26128685E+001  0.43754520E+001  0.81163973E+001
  0.30806979E+000  0.34263719E+000  0.45251934E+000  0.59549456E+000  0.79274010E+000  0.88478167E+000  0.11867547E+001  0.18582215E+001  0.26127945E+001  0.43753134E+001  0.81163867E+001
  0.30801211E+000  0.34263279E+000  0.45246305E+000  0.59537535E+000  0.79271689E+000  0.88470872E+000  0.11865046E+001  0.18581760E+001  0.26127520E+001  0.43758002E+001  0.81163779E+001
  0.30796383E+000  0.34262900E+000  0.45245253E+000  0.59521795E+000  0.79269539E+000  0.88465113E+000  0.11862952E+001  0.18581592E+001  0.26127347E+001  0.43757493E+001  0.81163705E+001
  0.30792338E+000  0.34262574E+000  0.45244361E+000  0.59519197E+000  0.79267539E+000  0.88459910E+000  0.11861197E+001  0.18581453E+001  0.26127202E+001  0.43757004E+001  0.81163643E+001
  0.30788911E+000  0.34262293E+000  0.45243607E+000  0.59512115E+000  0.79265677E+000  0.88455891E+000  0.11859711E+001  0.18581399E+001  0.26127081E+001  0.43756548E+001  0.81163591E+001
  0.30786059E+000  0.34262050E+000  0.45243333E+000  0.59503056E+000  0.79263937E+000  0.88452241E+000  0.11858474E+001  0.18581356E+001  0.26126979E+001  0.43756128E+001  0.81163548E+001
  0.30783658E+000  0.34261841E+000  0.45243124E+000  0.59501258E+000  0.79262313E+000  0.88449467E+000  0.11857689E+001  0.18581322E+001  0.26126896E+001  0.43755749E+001  0.81163513E+001
  0.30781660E+000  0.34261661E+000  0.45242947E+000  0.59497130E+000  0.79260796E+000  0.88446804E+000  0.11857650E+001  0.18581295E+001  0.26126826E+001  0.43752349E+001  0.81163484E+001
  0.30779989E+000  0.34261505E+000  0.45242799E+000  0.59493676E+000  0.79259381E+000  0.88444896E+000  0.11857617E+001  0.18581274E+001  0.26126768E+001  0.43749238E+001  0.81163460E+001
  0.30778594E+000  0.34261370E+000  0.45242675E+000  0.59490792E+000  0.79258063E+000  0.88443341E+000  0.11855508E+001  0.18581260E+001  0.26126721E+001  0.43746521E+001  0.81163441E+001
  0.30777441E+000  0.34261255E+000  0.45242572E+000  0.59488410E+000  0.79256836E+000  0.88441603E+000  0.11854862E+001  0.18581250E+001  0.26126683E+001  0.43723092E+001  0.81163425E+001
  0.30776483E+000  0.34261155E+000  0.45242487E+000  0.59486430E+000  0.79254963E+000  0.88440546E+000  0.11854321E+001  0.18581244E+001  0.26126652E+001  0.43722984E+001  0.81163413E+001
  0.30775693E+000  0.34261070E+000  0.45242417E+000  0.59484798E+000  0.79230597E+000  0.88439694E+000  0.11853978E+001  0.18581242E+001  0.26126627E+001  0.43722883E+001  0.81163404E+001
  0.30775044E+000  0.34260997E+000  0.45242360E+000  0.59483456E+000  0.79214082E+000  0.88439013E+000  0.11853697E+001  0.18581243E+001  0.26126607E+001  0.43722789E+001  0.81163397E+001
  0.30774513E+000  0.34260935E+000  0.45242314E+000  0.59482359E+000  0.79165419E+000  0.88438475E+000  0.11853467E+001  0.18581247E+001  0.26126592E+001  0.43722701E+001  0.81163392E+001
  0.30774081E+000  0.34260883E+000  0.45242278E+000  0.59481466E+000  0.79159046E+000  0.88437437E+000  0.11853279E+001  0.18581254E+001  0.26126581E+001  0.43722619E+001  0.81163389E+001
  0.30773733E+000  0.34260840E+000  0.45242251E+000  0.59480746E+000  0.79154867E+000  0.88437086E+000  0.11853128E+001  0.18581263E+001  0.26126573E+001  0.43722542E+001  0.81163387E+001
  0.30773453E+000  0.34260805E+000  0.45242231E+000  0.59480169E+000  0.79147176E+000  0.88436819E+000  0.11853007E+001  0.18581274E+001  0.26126567E+001  0.43722470E+001  0.81163386E+001
  0.30773233E+000  0.34260777E+000  0.45242218E+000  0.59479713E+000  0.79140138E+000  0.88436621E+000  0.11852911E+001  0.18581287E+001  0.26126564E+001  0.43722402E+001  0.81163387E+001
  0.30773061E+000  0.34260756E+000  0.45242212E+000  0.59479357E+000  0.79138938E+000  0.88436483E+000  0.11852837E+001  0.18581301E+001  0.26126563E+001  0.43722338E+001  0.81163388E+001
  0.30772929E+000  0.34260741E+000  0.45242210E+000  0.59479085E+000  0.79129747E+000  0.88436394E+000  0.11852780E+001  0.18581318E+001  0.26126564E+001  0.43722276E+001  0.81163391E+001
  0.30772831E+000  0.34260732E+000  0.45242214E+000  0.59478883E+000  0.79118443E+000  0.88436346E+000  0.11852737E+001  0.18581335E+001  0.26126566E+001  0.43722218E+001  0.81163394E+001
  0.30772762E+000  0.34260729E+000  0.45242223E+000  0.59478740E+000  0.79118284E+000  0.88436334E+000  0.11852707E+001  0.18581354E+001  0.26126569E+001  0.43722163E+001  0.81163397E+001
  0.30772716E+000  0.34260730E+000  0.45242236E+000  0.59478646E+000  0.79118153E+000  0.88436353E+000  0.11852685E+001  0.18581374E+001  0.26126573E+001  0.43722110E+001  0.81163402E+001
  0.30772691E+000  0.34260737E+000  0.45242254E+000  0.59478594E+000  0.79118046E+000  0.88436398E+000  0.11852664E+001  0.18581396E+001  0.26126579E+001  0.43722060E+001  0.81163406E+001
  0.30772683E+000  0.34260748E+000  0.45242276E+000  0.59478578E+000  0.79086474E+000  0.88436466E+000  0.11852652E+001  0.18581419E+001  0.26126585E+001  0.43722011E+001  0.81163412E+001
  0.30772691E+000  0.34260764E+000  0.45242302E+000  0.59478593E+000  0.79043315E+000  0.88436554E+000  0.11852648E+001  0.18581442E+001  0.26126592E+001  0.43721965E+001  0.81163417E+001
  0.30772711E+000  0.34260784E+000  0.45242332E+000  0.59478634E+000  0.79043347E+000  0.88436660E+000  0.11852648E+001  0.18581467E+001  0.26126600E+001  0.43721921E+001  0.81163423E+001
  0.30772742E+000  0.34260808E+000  0.45242366E+000  0.59478699E+000  0.79043394E+000  0.88436783E+000  0.11852653E+001  0.18581493E+001  0.26126609E+001  0.43721880E+001  0.81163430E+001
  0.30772783E+000  0.34260836E+000  0.45242404E+000  0.59478784E+000  0.79043452E+000  0.88436921E+000  0.11852661E+001  0.18581520E+001  0.26126618E+001  0.43721840E+001  0.81163437E+001
  0.30772834E+000  0.34260868E+000  0.45242446E+000  0.59478890E+000  0.79043521E+000  0.88437073E+000  0.11852671E+001  0.18580931E+001  0.26126628E+001  0.43721802E+001  0.81163444E+001
  0.30772894E+000  0.34260904E+000  0.45242492E+000  0.59479012E+000  0.79043599E+000  0.88437238E+000  0.11852682E+001  0.18580962E+001  0.26126638E+001  0.43721767E+001  0.81163452E+001
  0.30772961E+000  0.34260943E+000  0.45242541E+000  0.59479151E+000  0.79043686E+000  0.88437416E+000  0.11852694E+001  0.18580905E+001  0.26126649E+001  0.43721734E+001  0.81163460E+001
  0.30773035E+000  0.34260986E+000  0.45242595E+000  0.59479305E+000  0.79043781E+000  0.88437605E+000  0.11852707E+001  0.18578994E+001  0.26126661E+001  0.43721704E+001  0.81163468E+001
  0.30773117E+000  0.34261032E+000  0.45242652E+000  0.59479473E+000  0.79043882E+000  0.88437805E+000  0.11852720E+001  0.18579016E+001  0.26126673E+001  0.43721676E+001  0.81163476E+001
  0.30773205E+000  0.34261081E+000  0.45242712E+000  0.59479655E+000  0.79045346E+000  0.88438015E+000  0.11852733E+001  0.18579040E+001  0.26126685E+001  0.43721651E+001  0.81163485E+001
  0.30773299E+000  0.34261134E+000  0.45242776E+000  0.59479849E+000  0.79045560E+000  0.88438235E+000  0.11852746E+001  0.18579064E+001  0.26126698E+001  0.43721629E+001  0.81163494E+001
  0.30773399E+000  0.34261190E+000  0.45242844E+000  0.59480056E+000  0.79045773E+000  0.88438464E+000  0.11852758E+001  0.18579090E+001  0.26126711E+001  0.43721609E+001  0.81163504E+001
  0.30773504E+000  0.34261248E+000  0.45242915E+000  0.59480273E+000  0.79045985E+000  0.88438701E+000  0.11852770E+001  0.18579116E+001  0.26126725E+001  0.43721593E+001  0.81163513E+001
  0.30773614E+000  0.34261310E+000  0.45242988E+000  0.59480500E+000  0.79046195E+000  0.88438947E+000  0.11852781E+001  0.18579144E+001  0.26126739E+001  0.43721579E+001  0.81163523E+001
  0.30773729E+000  0.34261374E+000  0.45243065E+000  0.59480738E+000  0.79046404E+000  0.88439200E+000  0.11852792E+001  0.18579172E+001  0.26126753E+001  0.43721568E+001  0.81163534E+001
  0.30773848E+000  0.34261441E+000  0.45243145E+000  0.59480985E+000  0.79046612E+000  0.88439460E+000  0.11852802E+001  0.18579201E+001  0.26126768E+001  0.43721560E+001  0.81163544E+001
  0.30773972E+000  0.34261510E+000  0.45243227E+000  0.59481241E+000  0.79046817E+000  0.88439726E+000  0.11852812E+001  0.18579231E+001  0.26126782E+001  0.43721555E+001  0.81163555E+001
  0.30774100E+000  0.34261582E+000  0.45243311E+000  0.59481505E+000  0.79047021E+000  0.88439998E+000  0.11852822E+001  0.18579262E+001  0.26126798E+001  0.43721554E+001  0.81163565E+001
  0.30774231E+000  0.34261655E+000  0.45243398E+000  0.59481775E+000  0.79047222E+000  0.88440275E+000  0.11853306E+001  0.18579294E+001  0.26126813E+001  0.43721555E+001  0.81163576E+001
  0.30774337E+000  0.34261731E+000  0.45243486E+000  0.59482052E+000  0.79047421E+000  0.88440556E+000  0.11853320E+001  0.18579326E+001  0.26126829E+001  0.43721559E+001  0.81163587E+001
  0.30774470E+000  0.34261809E+000  0.45243576E+000  0.59482335E+000  0.79047619E+000  0.88440841E+000  0.11853332E+001  0.18579358E+001  0.26126844E+001  0.43721566E+001  0.81163598E+001
  0.30774605E+000  0.34261888E+000  0.45243668E+000  0.59482622E+000  0.79047814E+000  0.88441129E+000  0.11853503E+001  0.18579391E+001  0.26126860E+001  0.43721575E+001  0.81163610E+001
  0.30774742E+000  0.34261969E+000  0.45243761E+000  0.59482914E+000  0.79048007E+000  0.88441420E+000  0.11853538E+001  0.18579425E+001  0.26126876E+001  0.43721587E+001  0.81163621E+001
  0.30774881E+000  0.34262051E+000  0.45243855E+000  0.59483209E+000  0.79048198E+000  0.88441712E+000  0.11853452E+001  0.18579458E+001  0.26126892E+001  0.43721602E+001  0.81163632E+001
  0.30775021E+000  0.34262134E+000  0.45250935E+000  0.59483507E+000  0.79048387E+000  0.88442006E+000  0.11852451E+001  0.18579493E+001  0.26126909E+001  0.43721619E+001  0.81163644E+001
  0.30775162E+000  0.34262218E+000  0.45251095E+000  0.59483807E+000  0.79048573E+000  0.88443625E+000  0.11851721E+001  0.18579527E+001  0.26126925E+001  0.43721638E+001  0.81163655E+001
  0.30775303E+000  0.34262303E+000  0.45251254E+000  0.59484108E+000  0.79048758E+000  0.88443926E+000  0.11851764E+001  0.18579562E+001  0.26126941E+001  0.43721659E+001  0.81163667E+001
  0.30775445E+000  0.34262388E+000  0.45251414E+000  0.59484411E+000  0.79048940E+000  0.88444226E+000  0.11851806E+001  0.18579596E+001  0.26126958E+001  0.43721682E+001  0.81163678E+001
  0.30775587E+000  0.34262474E+000  0.45251572E+000  0.59484713E+000  0.79049121E+000  0.88444525E+000  0.11851849E+001  0.18579631E+001  0.26126974E+001  0.43721707E+001  0.81163689E+001
  0.30775728E+000  0.34262559E+000  0.45251728E+000  0.59485016E+000  0.79049299E+000  0.88444821E+000  0.11851891E+001  0.18579666E+001  0.26126990E+001  0.43721733E+001  0.81163701E+001
  0.30775869E+000  0.34262644E+000  0.45251883E+000  0.59485317E+000  0.79049474E+000  0.88445115E+000  0.11851932E+001  0.18579701E+001  0.26127006E+001  0.43721761E+001  0.81163712E+001
  0.30776009E+000  0.34262729E+000  0.45252036E+000  0.59485616E+000  0.79049647E+000  0.88445405E+000  0.11851973E+001  0.18579736E+001  0.26127022E+001  0.43721790E+001  0.81163723E+001
  0.30776148E+000  0.34262813E+000  0.45252187E+000  0.59485912E+000  0.79049818E+000  0.88445691E+000  0.11852013E+001  0.18579770E+001  0.26127038E+001  0.43721820E+001  0.81163734E+001
  0.30776285E+000  0.34262896E+000  0.45252334E+000  0.59486206E+000  0.79049986E+000  0.88445972E+000  0.11852052E+001  0.18579805E+001  0.26127053E+001  0.43721852E+001  0.81163745E+001
  0.30776421E+000  0.34262977E+000  0.45252479E+000  0.59486495E+000  0.79050151E+000  0.88446248E+000  0.11852091E+001  0.18579839E+001  0.26127069E+001  0.43721884E+001  0.81163755E+001
  0.30776554E+000  0.34263058E+000  0.45252620E+000  0.59486780E+000  0.79050313E+000  0.88446518E+000  0.11852129E+001  0.18579873E+001  0.26127084E+001  0.43721917E+001  0.81163766E+001
  0.30776685E+000  0.34263136E+000  0.45252758E+000  0.59487059E+000  0.79050472E+000  0.88446782E+000  0.11852166E+001  0.18579907E+001  0.26127098E+001  0.43721950E+001  0.81163776E+001
  0.30776812E+000  0.34263213E+000  0.45252891E+000  0.59487332E+000  0.79050628E+000  0.88447038E+000  0.11852201E+001  0.18579940E+001  0.26127113E+001  0.43721985E+001  0.81163786E+001
  0.30776937E+000  0.34263288E+000  0.45253021E+000  0.59487599E+000  0.79050780E+000  0.88447288E+000  0.11852236E+001  0.18579973E+001  0.26127127E+001  0.43722020E+001  0.81163795E+001
  0.30777174E+000  0.34263361E+000  0.45253146E+000  0.59487859E+000  0.79050928E+000  0.88447529E+000  0.11852269E+001  0.18580005E+001  0.26127141E+001  0.43722055E+001  0.81163805E+001
  0.30777296E+000  0.34263431E+000  0.45253266E+000  0.59488110E+000  0.79051073E+000  0.88447762E+000  0.11852302E+001  0.18580036E+001  0.26127154E+001  0.43722091E+001  0.81163814E+001
  0.30777414E+000  0.34263499E+000  0.45253382E+000  0.59488354E+000  0.79051213E+000  0.88447987E+000  0.11852333E+001  0.18580067E+001  0.26127167E+001  0.43722127E+001  0.81163823E+001
  0.30777527E+000  0.34263565E+000  0.45253493E+000  0.59488589E+000  0.79051349E+000  0.88448203E+000  0.11852363E+001  0.18580097E+001  0.26127179E+001  0.43722163E+001  0.81163831E+001
  0.30777637E+000  0.34263628E+000  0.45253600E+000  0.59488815E+000  0.79051480E+000  0.88448410E+000  0.11852391E+001  0.18580127E+001  0.26127191E+001  0.43722200E+001  0.81163840E+001
  0.30777741E+000  0.34263688E+000  0.45253701E+000  0.59489031E+000  0.79051607E+000  0.88448608E+000  0.11852421E+001  0.18580155E+001  0.26127202E+001  0.43722237E+001  0.81163847E+001
  0.30777842E+000  0.34263746E+000  0.45253798E+000  0.59489238E+000  0.79051729E+000  0.88448796E+000  0.11852447E+001  0.18580183E+001  0.26127213E+001  0.43722274E+001  0.81163855E+001
  0.30777937E+000  0.34263801E+000  0.45253889E+000  0.59489436E+000  0.79051846E+000  0.88448976E+000  0.11852471E+001  0.18580210E+001  0.26127224E+001  0.43722311E+001  0.81163862E+001
  0.30778028E+000  0.34263853E+000  0.45253976E+000  0.59489624E+000  0.79051958E+000  0.88449146E+000  0.11852493E+001  0.18580235E+001  0.26127253E+001  0.43722348E+001  0.81163870E+001
  0.30778115E+000  0.34263902E+000  0.45254058E+000  0.59489803E+000  0.79052064E+000  0.88449307E+000  0.11852515E+001  0.18580260E+001  0.26127292E+001  0.43722386E+001  0.81163876E+001
  0.30778197E+000  0.34263949E+000  0.45254136E+000  0.59489972E+000  0.79052166E+000  0.88449459E+000  0.11852536E+001  0.18580284E+001  0.26127329E+001  0.43722423E+001  0.81163883E+001
  0.30778274E+000  0.34263994E+000  0.45254209E+000  0.59490131E+000  0.79052262E+000  0.88449603E+000  0.11852555E+001  0.18580306E+001  0.26127363E+001  0.43722460E+001  0.81163889E+001
  0.30778347E+000  0.34264035E+000  0.45254277E+000  0.59490282E+000  0.79052354E+000  0.88449738E+000  0.11852574E+001  0.18580328E+001  0.26127395E+001  0.43722498E+001  0.81163895E+001
  0.30778415E+000  0.34264074E+000  0.45254341E+000  0.59490423E+000  0.79052440E+000  0.88449864E+000  0.11852591E+001  0.18581018E+001  0.26127426E+001  0.43722535E+001  0.81163901E+001
  0.30778479E+000  0.34264111E+000  0.45254401E+000  0.59490556E+000  0.79052520E+000  0.88449983E+000  0.11852607E+001  0.18581023E+001  0.26127454E+001  0.43722572E+001  0.81163906E+001
  0.30778539E+000  0.34264145E+000  0.45254457E+000  0.59490680E+000  0.79052596E+000  0.88450093E+000  0.11852623E+001  0.18581028E+001  0.26127481E+001  0.43722608E+001  0.81163911E+001
  0.30778595E+000  0.34264177E+000  0.45254509E+000  0.59490796E+000  0.79052667E+000  0.88450196E+000  0.11852637E+001  0.18581032E+001  0.26127506E+001  0.43722645E+001  0.81163916E+001
  0.30778648E+000  0.34264207E+000  0.45254557E+000  0.59490904E+000  0.79052732E+000  0.88450291E+000  0.11852650E+001  0.18581036E+001  0.26127529E+001  0.43722681E+001  0.81163921E+001
  0.30778696E+000  0.34264234E+000  0.45254601E+000  0.59491005E+000  0.79052793E+000  0.88450380E+000  0.11852662E+001  0.18581039E+001  0.26127550E+001  0.43722717E+001  0.81163925E+001
  0.30778741E+000  0.34264260E+000  0.45254642E+000  0.59491098E+000  0.79052849E+000  0.88450462E+000  0.11852673E+001  0.18581043E+001  0.26127570E+001  0.43722753E+001  0.81163930E+001
  0.30778783E+000  0.34264283E+000  0.45254680E+000  0.59491184E+000  0.79052901E+000  0.88450538E+000  0.11852684E+001  0.18581046E+001  0.26127588E+001  0.43722788E+001  0.81163934E+001
  0.30778822E+000  0.34264305E+000  0.45254715E+000  0.59491264E+000  0.79052948E+000  0.88450607E+000  0.11852693E+001  0.18581048E+001  0.26127604E+001  0.43722823E+001  0.81163938E+001
  0.30778857E+000  0.34264324E+000  0.45254747E+000  0.59491337E+000  0.79052992E+000  0.88450671E+000  0.11852702E+001  0.18581051E+001  0.26127620E+001  0.43722857E+001  0.81163941E+001
  0.30778890E+000  0.34264342E+000  0.45254776E+000  0.59491405E+000  0.79053031E+000  0.88450729E+000  0.11852710E+001  0.18581053E+001  0.26127634E+001  0.43722890E+001  0.81163945E+001
  0.30778920E+000  0.34264359E+000  0.45254803E+000  0.59491466E+000  0.79053066E+000  0.88450782E+000  0.11852717E+001  0.18581055E+001  0.26127646E+001  0.43722923E+001  0.81163948E+001
  0.30778947E+000  0.34264374E+000  0.45254827E+000  0.59491523E+000  0.79053098E+000  0.88450830E+000  0.11852724E+001  0.18581056E+001  0.26127658E+001  0.43722955E+001  0.81163952E+001
  0.30778972E+000  0.34264387E+000  0.45254849E+000  0.59491574E+000  0.79053126E+000  0.88450874E+000  0.11852730E+001  0.18581058E+001  0.26127668E+001  0.43722987E+001  0.81163955E+001
  0.30778995E+000  0.34264399E+000  0.45254868E+000  0.59491621E+000  0.79053151E+000  0.88450913E+000  0.11852735E+001  0.18581059E+001  0.26127678E+001  0.43723018E+001  0.81163958E+001
  0.30779015E+000  0.34264410E+000  0.45254886E+000  0.59491663E+000  0.79053173E+000  0.88450949E+000  0.11852740E+001  0.18581060E+001  0.26127686E+001  0.43723048E+001  0.81163961E+001
  0.30779034E+000  0.34264420E+000  0.45254902E+000  0.59491702E+000  0.79053193E+000  0.88450980E+000  0.11852744E+001  0.18581061E+001  0.26127693E+001  0.43723077E+001  0.81163964E+001
  0.30779050E+000  0.34264428E+000  0.45254916E+000  0.59491736E+000  0.79053209E+000  0.88451009E+000  0.11852748E+001  0.18581061E+001  0.26127700E+001  0.43723105E+001  0.81163967E+001
  0.30779065E+000  0.34264436E+000  0.45254928E+000  0.59491767E+000  0.79053223E+000  0.88451033E+000  0.11852751E+001  0.18581062E+001  0.26127706E+001  0.43723132E+001  0.81163969E+001
  0.30779078E+000  0.34264442E+000  0.45254939E+000  0.59491794E+000  0.79053235E+000  0.88451055E+000  0.11852754E+001  0.18581062E+001  0.26127711E+001  0.43723158E+001  0.81163972E+001
  0.30779090E+000  0.34264448E+000  0.45254948E+000  0.59491818E+000  0.79053245E+000  0.88451074E+000  0.11852757E+001  0.18581062E+001  0.26127715E+001  0.43723183E+001  0.81163974E+001
  0.30779100E+000  0.34264453E+000  0.45254956E+000  0.59491840E+000  0.79053253E+000  0.88451090E+000  0.11852759E+001  0.18581062E+001  0.26127719E+001  0.43723207E+001  0.81163977E+001
  0.30779110E+000  0.34264457E+000  0.45254963E+000  0.59491859E+000  0.79053259E+000  0.88451104E+000  0.11852761E+001  0.18581062E+001  0.26127722E+001  0.43723230E+001  0.81163979E+001
  0.30779117E+000  0.34264460E+000  0.45254969E+000  0.59491875E+000  0.79053263E+000  0.88451116E+000  0.11852762E+001  0.18581061E+001  0.26127725E+001  0.43723252E+001  0.81163982E+001
  0.30779124E+000  0.34264463E+000  0.45254973E+000  0.59491889E+000  0.79053266E+000  0.88451126E+000  0.11852764E+001  0.18581061E+001  0.26127727E+001  0.43723272E+001  0.81163984E+001
  0.30779130E+000  0.34264465E+000  0.45254977E+000  0.59491901E+000  0.79053267E+000  0.88451134E+000  0.11852765E+001  0.18581060E+001  0.26127728E+001  0.43723291E+001  0.81163986E+001
  0.30779135E+000  0.34264466E+000  0.45254980E+000  0.59491911E+000  0.79053268E+000  0.88451140E+000  0.11852765E+001  0.18581060E+001  0.26127729E+001  0.43723308E+001  0.81163988E+001
  0.30779139E+000  0.34264467E+000  0.45254982E+000  0.59491919E+000  0.79053267E+000  0.88451144E+000  0.11852766E+001  0.18581059E+001  0.26127730E+001  0.43723324E+001  0.81163990E+001
  0.30779142E+000  0.34264468E+000  0.45254984E+000  0.59491926E+000  0.79053265E+000  0.88451147E+000  0.11852766E+001  0.18581058E+001  0.26127731E+001  0.43723339E+001  0.81163992E+001
  0.30779145E+000  0.34264468E+000  0.45254984E+000  0.59491931E+000  0.79053262E+000  0.88451149E+000  0.11852766E+001  0.18581057E+001  0.26127731E+001  0.43723352E+001  0.81163994E+001
  0.30779146E+000  0.34264468E+000  0.45254985E+000  0.59491935E+000  0.79053258E+000  0.88451150E+000  0.11852766E+001  0.18581056E+001  0.26127731E+001  0.43723364E+001  0.81163996E+001
  0.30779148E+000  0.34264467E+000  0.45254984E+000  0.59491938E+000  0.79053254E+000  0.88451149E+000  0.11852766E+001  0.18581055E+001  0.26127730E+001  0.43723374E+001  0.81163998E+001
  0.30779149E+000  0.34264466E+000  0.45254983E+000  0.59491939E+000  0.79053249E+000  0.88451148E+000  0.11852766E+001  0.18581054E+001  0.26127729E+001  0.43723382E+001  0.81164000E+001
  0.30779149E+000  0.34264465E+000  0.45254982E+000  0.59491940E+000  0.79053243E+000  0.88451146E+000  0.11852765E+001  0.18581053E+001  0.26127729E+001  0.43723388E+001  0.81164002E+001
  0.30779149E+000  0.34264464E+000  0.45254981E+000  0.59491940E+000  0.79053237E+000  0.88451143E+000  0.11852765E+001  0.18581052E+001  0.26127728E+001  0.43723393E+001  0.81164003E+001
  0.30779148E+000  0.34264462E+000  0.45254979E+000  0.59491938E+000  0.79053230E+000  0.88451139E+000  0.11852764E+001  0.18581050E+001  0.26127726E+001  0.43723396E+001  0.81164005E+001
  0.30779147E+000  0.34264461E+000  0.45254976E+000  0.59491937E+000  0.79053223E+000  0.88451135E+000  0.11852764E+001  0.18581049E+001  0.26127725E+001  0.43723398E+001  0.81164007E+001
  0.30779146E+000  0.34264459E+000  0.45254974E+000  0.59491934E+000  0.79053216E+000  0.88451130E+000  0.11852763E+001  0.18581048E+001  0.26127723E+001  0.43723398E+001  0.81164008E+001
  0.30779145E+000  0.34264457E+000  0.45254971E+000  0.59491931E+000  0.79053208E+000  0.88451125E+000  0.11852762E+001  0.18581047E+001  0.26127722E+001  0.43723395E+001  0.81164010E+001
  0.30779143E+000  0.34264455E+000  0.45254968E+000  0.59491928E+000  0.79053200E+000  0.88451119E+000  0.11852761E+001  0.18580264E+001  0.26127720E+001  0.43723392E+001  0.81164011E+001
  0.30779141E+000  0.34264452E+000  0.45254965E+000  0.59491924E+000  0.79053192E+000  0.88451113E+000  0.11852760E+001  0.18580008E+001  0.26127718E+001  0.43723386E+001  0.81164012E+001
  0.30779139E+000  0.34264450E+000  0.45254962E+000  0.59491919E+000  0.79053183E+000  0.88451106E+000  0.11852759E+001  0.18579753E+001  0.26127716E+001  0.43723378E+001  0.81164014E+001
  0.30779137E+000  0.34264448E+000  0.45254959E+000  0.59491915E+000  0.79053175E+000  0.88451100E+000  0.11852758E+001  0.18579497E+001  0.26127714E+001  0.43723369E+001  0.81164015E+001
  0.30779134E+000  0.34264445E+000  0.45254955E+000  0.59491910E+000  0.79053166E+000  0.88451093E+000  0.11852757E+001  0.18579243E+001  0.26127712E+001  0.43723358E+001  0.81164016E+001
  0.30779132E+000  0.34264443E+000  0.45254952E+000  0.59491905E+000  0.79053157E+000  0.88451086E+000  0.11852756E+001  0.18578990E+001  0.26127710E+001  0.43723345E+001  0.81164017E+001
  0.30779129E+000  0.34264440E+000  0.45254948E+000  0.59491899E+000  0.79053149E+000  0.88451079E+000  0.11852755E+001  0.18578738E+001  0.26127708E+001  0.43723331E+001  0.81164018E+001
  0.30779127E+000  0.34264437E+000  0.45254944E+000  0.59491894E+000  0.79053140E+000  0.88451072E+000  0.11852754E+001  0.18578487E+001  0.26127706E+001  0.43723315E+001  0.81164019E+001
  0.30779124E+000  0.34264435E+000  0.45254941E+000  0.59491888E+000  0.79053131E+000  0.88451065E+000  0.11852753E+001  0.18578239E+001  0.26127704E+001  0.43723297E+001  0.81164019E+001
  0.30779121E+000  0.34264432E+000  0.45254937E+000  0.59491883E+000  0.79053122E+000  0.88451058E+000  0.11852752E+001  0.18577993E+001  0.26127701E+001  0.43723278E+001  0.81164020E+001
  0.30779118E+000  0.34264430E+000  0.45254934E+000  0.59491877E+000  0.79053114E+000  0.88451051E+000  0.11852751E+001  0.18577750E+001  0.26127699E+001  0.43723257E+001  0.81164020E+001
  0.30779116E+000  0.34264427E+000  0.45254930E+000  0.59491871E+000  0.79053105E+000  0.88451044E+000  0.11852750E+001  0.18577509E+001  0.26127697E+001  0.43723234E+001  0.81164021E+001
  0.30779113E+000  0.34264425E+000  0.45254926E+000  0.59491865E+000  0.79053097E+000  0.88451036E+000  0.11852749E+001  0.18577271E+001  0.26127695E+001  0.43723210E+001  0.81164021E+001
  0.30779110E+000  0.34264422E+000  0.45254923E+000  0.59491859E+000  0.79053088E+000  0.88451030E+000  0.11852748E+001  0.18577036E+001  0.26127693E+001  0.43723185E+001  0.81164021E+001
  0.30779107E+000  0.34264420E+000  0.45254919E+000  0.59491854E+000  0.79053080E+000  0.88451023E+000  0.11852747E+001  0.18576804E+001  0.26127691E+001  0.43723159E+001  0.81164022E+001
  0.30779104E+000  0.34264418E+000  0.45254916E+000  0.59491848E+000  0.79053072E+000  0.88451016E+000  0.11852746E+001  0.18576575E+001  0.26127689E+001  0.43723131E+001  0.81164022E+001
  0.30779102E+000  0.34264415E+000  0.45254913E+000  0.59491842E+000  0.79053064E+000  0.88451009E+000  0.11852745E+001  0.18576350E+001  0.26127687E+001  0.43723101E+001  0.81164022E+001
  0.30779099E+000  0.34264413E+000  0.45254909E+000  0.59491837E+000  0.79053056E+000  0.88451003E+000  0.11852744E+001  0.18576128E+001  0.26127685E+001  0.43723071E+001  0.81164021E+001
  0.30779096E+000  0.34264411E+000  0.45254906E+000  0.59491831E+000  0.79053049E+000  0.88450997E+000  0.11852743E+001  0.18575910E+001  0.26127683E+001  0.43723040E+001  0.81164021E+001
  0.30779094E+000  0.34264409E+000  0.45254903E+000  0.59491826E+000  0.79053041E+000  0.88450990E+000  0.11852742E+001  0.18575631E+001  0.26127681E+001  0.43723008E+001  0.81164021E+001
  0.30779091E+000  0.34264407E+000  0.45254900E+000  0.59491821E+000  0.79053034E+000  0.88450985E+000  0.11852741E+001  0.18575356E+001  0.26127679E+001  0.43722974E+001  0.81164020E+001
  0.30779089E+000  0.34264405E+000  0.45254897E+000  0.59491816E+000  0.79053027E+000  0.88450979E+000  0.11852740E+001  0.18575342E+001  0.26127678E+001  0.43722940E+001  0.81164020E+001
  0.30779087E+000  0.34264403E+000  0.45254894E+000  0.59491811E+000  0.79053020E+000  0.88450973E+000  0.11852739E+001  0.18575329E+001  0.26127676E+001  0.43722905E+001  0.81164019E+001
  0.30779084E+000  0.34264401E+000  0.45254892E+000  0.59491806E+000  0.79053014E+000  0.88450968E+000  0.11852738E+001  0.18575316E+001  0.26127674E+001  0.43722870E+001  0.81164018E+001
  0.30779082E+000  0.34264399E+000  0.45254889E+000  0.59491802E+000  0.79053008E+000  0.88450963E+000  0.11852738E+001  0.18575303E+001  0.26127673E+001  0.43722834E+001  0.81164017E+001
  0.30779080E+000  0.34264397E+000  0.45254887E+000  0.59491797E+000  0.79053001E+000  0.88450958E+000  0.11852737E+001  0.18575291E+001  0.26127671E+001  0.43722797E+001  0.81164016E+001
  0.30779078E+000  0.34264396E+000  0.45254884E+000  0.59491793E+000  0.79052996E+000  0.88450953E+000  0.11852736E+001  0.18575279E+001  0.26127670E+001  0.43722760E+001  0.81164015E+001
  0.30779076E+000  0.34264394E+000  0.45254882E+000  0.59491789E+000  0.79052990E+000  0.88450949E+000  0.11852736E+001  0.18575267E+001  0.26127668E+001  0.43722722E+001  0.81164014E+001
  0.30779074E+000  0.34264393E+000  0.45254880E+000  0.59491785E+000  0.79052985E+000  0.88450944E+000  0.11852735E+001  0.18575255E+001  0.26127667E+001  0.43722684E+001  0.81164013E+001
  0.30779072E+000  0.34264391E+000  0.45254878E+000  0.59491781E+000  0.79052979E+000  0.88450940E+000  0.11852734E+001  0.18575244E+001  0.26127666E+001  0.43722646E+001  0.81164012E+001
  0.30779070E+000  0.34264390E+000  0.45254876E+000  0.59491778E+000  0.79052974E+000  0.88450936E+000  0.11852734E+001  0.18575232E+001  0.26127664E+001  0.43722608E+001  0.81164010E+001
  0.30779069E+000  0.34264389E+000  0.45254874E+000  0.59491774E+000  0.79052970E+000  0.88450933E+000  0.11852733E+001  0.18575222E+001  0.26127663E+001  0.43722570E+001  0.81164009E+001
  0.30779067E+000  0.34264388E+000  0.45254872E+000  0.59491771E+000  0.79052965E+000  0.88450929E+000  0.11852733E+001  0.18575211E+001  0.26127662E+001  0.43722531E+001  0.81164007E+001
  0.30779066E+000  0.34264387E+000  0.45254871E+000  0.59491768E+000  0.79052961E+000  0.88450926E+000  0.11852732E+001  0.18575201E+001  0.26127661E+001  0.43722493E+001  0.81164006E+001
  0.30779064E+000  0.34264386E+000  0.45254869E+000  0.59491765E+000  0.79052957E+000  0.88450923E+000  0.11852732E+001  0.18575190E+001  0.26127660E+001  0.43722454E+001  0.81164004E+001
  0.30779063E+000  0.34264385E+000  0.45254868E+000  0.59491762E+000  0.79052953E+000  0.88450920E+000  0.11852731E+001  0.18575180E+001  0.26127659E+001  0.43722416E+001  0.81164002E+001
  0.30779062E+000  0.34264384E+000  0.45254867E+000  0.59491760E+000  0.79052949E+000  0.88450918E+000  0.11852731E+001  0.18575171E+001  0.26127658E+001  0.43722378E+001  0.81164000E+001
  0.30779061E+000  0.34264383E+000  0.45254865E+000  0.59491757E+000  0.79052946E+000  0.88450915E+000  0.11852731E+001  0.18575161E+001  0.26127657E+001  0.43722340E+001  0.81163999E+001
  0.30779060E+000  0.34264382E+000  0.45254864E+000  0.59491755E+000  0.79052942E+000  0.88450913E+000  0.11852730E+001  0.18575152E+001  0.26127656E+001  0.43722302E+001  0.81163997E+001
  0.30779059E+000  0.34264381E+000  0.45254863E+000  0.59491753E+000  0.79052939E+000  0.88450911E+000  0.11852730E+001  0.18575143E+001  0.26127656E+001  0.43722265E+001  0.81163995E+001
  0.30779058E+000  0.34264381E+000  0.45254862E+000  0.59491751E+000  0.79052936E+000  0.88450909E+000  0.11852730E+001  0.18575134E+001  0.26127655E+001  0.43722228E+001  0.81163993E+001
  0.30779057E+000  0.34264380E+000  0.45254861E+000  0.59491749E+000  0.79052934E+000  0.88450907E+000  0.11852729E+001  0.18575126E+001  0.26127654E+001  0.43722191E+001  0.81163991E+001
  0.30779056E+000  0.34264379E+000  0.45254860E+000  0.59491748E+000  0.79052931E+000  0.88450905E+000  0.11852729E+001  0.18575118E+001  0.26127654E+001  0.43722155E+001  0.81163989E+001
  0.30779055E+000  0.34264379E+000  0.45254860E+000  0.59491746E+000  0.79052929E+000  0.88450904E+000  0.11852729E+001  0.18575110E+001  0.26127653E+001  0.43722119E+001  0.81163987E+001
  0.30779055E+000  0.34264378E+000  0.45254859E+000  0.59491745E+000  0.79052926E+000  0.88450902E+000  0.11852729E+001  0.18575102E+001  0.26127652E+001  0.43722083E+001  0.81163985E+001
  0.30779054E+000  0.34264378E+000  0.45254858E+000  0.59491744E+000  0.79052924E+000  0.88450901E+000  0.11852728E+001  0.18575094E+001  0.26127652E+001  0.43722048E+001  0.81163983E+001
  0.30779053E+000  0.34264378E+000  0.45254858E+000  0.59491742E+000  0.79052922E+000  0.88450900E+000  0.11852728E+001  0.18575087E+001  0.26127651E+001  0.43722014E+001  0.81163981E+001
  0.30779053E+000  0.34264377E+000  0.45254857E+000  0.59491741E+000  0.79052920E+000  0.88450899E+000  0.11852728E+001  0.18575080E+001  0.26127651E+001  0.43721980E+001  0.81163979E+001
  0.30779052E+000  0.34264377E+000  0.45254857E+000  0.59491740E+000  0.79052919E+000  0.88450898E+000  0.11852728E+001  0.18575073E+001  0.26127651E+001  0.43721947E+001  0.81163977E+001
  0.30779052E+000  0.34264377E+000  0.45254856E+000  0.59491739E+000  0.79052917E+000  0.88450897E+000  0.11852728E+001  0.18575066E+001  0.26127650E+001  0.43721914E+001  0.81163974E+001
  0.30779052E+000  0.34264376E+000  0.45254856E+000  0.59491739E+000  0.79052916E+000  0.88450896E+000  0.11852728E+001  0.18575059E+001  0.26127650E+001  0.43721882E+001  0.81163972E+001
  0.30779051E+000  0.34264376E+000  0.45254856E+000  0.59491738E+000  0.79052914E+000  0.88450895E+000  0.11852728E+001  0.18575053E+001  0.26127649E+001  0.43721850E+001  0.81163970E+001
  0.30779051E+000  0.34264376E+000  0.45254855E+000  0.59491737E+000  0.79052913E+000  0.88450895E+000  0.11852728E+001  0.18575047E+001  0.26127649E+001  0.43721819E+001  0.81163968E+001
  0.30779051E+000  0.34264376E+000  0.45254855E+000  0.59491737E+000  0.79052912E+000  0.88450894E+000  0.11852727E+001  0.18575041E+001  0.26127649E+001  0.43721789E+001  0.81163966E+001
  0.30779050E+000  0.34264376E+000  0.45254855E+000  0.59491736E+000  0.79052911E+000  0.88450894E+000  0.11852727E+001  0.18575035E+001  0.26127649E+001  0.43721759E+001  0.81163964E+001
  0.30779050E+000  0.34264375E+000  0.45254855E+000  0.59491736E+000  0.79052910E+000  0.88450893E+000  0.11852727E+001  0.18575029E+001  0.26127648E+001  0.43721730E+001  0.81163962E+001
  0.30779050E+000  0.34264375E+000  0.45254855E+000  0.59491736E+000  0.79052909E+000  0.88450893E+000  0.11852727E+001  0.18575024E+001  0.26127648E+001  0.43721701E+001  0.81163960E+001
  0.30779050E+000  0.34264375E+000  0.45254855E+000  0.59491735E+000  0.79052908E+000  0.88450893E+000  0.11852727E+001  0.18575019E+001  0.26127648E+001  0.43721673E+001  0.81163958E+001
  0.30779050E+000  0.34264375E+000  0.45254854E+000  0.59491735E+000  0.79052907E+000  0.88450893E+000  0.11852727E+001  0.18575014E+001  0.26127648E+001  0.43721646E+001  0.81163956E+001
  0.30779050E+000  0.34264375E+000  0.45254854E+000  0.59491735E+000  0.79052907E+000  0.88450892E+000  0.11852727E+001  0.18575009E+001  0.26127647E+001  0.43721619E+001  0.81163954E+001
  0.30779050E+000  0.34264375E+000  0.45254854E+000  0.59491734E+000  0.79052906E+000  0.88450892E+000  0.11852727E+001  0.18575004E+001  0.26127647E+001  0.43721593E+001  0.81163952E+001
  0.30779049E+000  0.34264375E+000  0.45254854E+000  0.59491734E+000  0.79052905E+000  0.88450892E+000  0.11852727E+001  0.18575000E+001  0.26127647E+001  0.43721568E+001  0.81163950E+001
  0.30779049E+000  0.34264375E+000  0.45254854E+000  0.59491734E+000  0.79052905E+000  0.88450892E+000  0.11852727E+001  0.18574995E+001  0.26127647E+001  0.43721543E+001  0.81163948E+001
  0.30779049E+000  0.34264375E+000  0.45254854E+000  0.59491734E+000  0.79052904E+000  0.88450892E+000  0.11852727E+001  0.18574991E+001  0.26127647E+001  0.43721519E+001  0.81163947E+001
  0.30779049E+000  0.34264375E+000  0.45254854E+000  0.59491734E+000  0.79052904E+000  0.88450892E+000  0.11852727E+001  0.18574987E+001  0.26127647E+001  0.43721495E+001  0.81163945E+001
  0.30779049E+000  0.34264375E+000  0.45254854E+000  0.59491734E+000  0.79052904E+000  0.88450892E+000  0.11852727E+001  0.18574984E+001  0.26127647E+001  0.43721472E+001  0.81163943E+001
  0.30779049E+000  0.34264375E+000  0.45254854E+000  0.59491734E+000  0.79052903E+000  0.88450892E+000  0.11852727E+001  0.18574980E+001  0.26127646E+001  0.43721450E+001  0.81163941E+001
  0.30779049E+000  0.34264375E+000  0.45254854E+000  0.59491734E+000  0.79052903E+000  0.88450892E+000  0.11852727E+001  0.18574976E+001  0.26127646E+001  0.43721428E+001  0.81163939E+001
  0.30779049E+000  0.34264375E+000  0.45254855E+000  0.59491734E+000  0.79052903E+000  0.88450892E+000  0.11852727E+001  0.18574973E+001  0.26127646E+001  0.43721407E+001  0.81163938E+001
  0.30779049E+000  0.34264375E+000  0.45254855E+000  0.59491733E+000  0.79052903E+000  0.88450893E+000  0.11852727E+001  0.18574970E+001  0.26127646E+001  0.43721386E+001  0.81163936E+001
