  0.00000000E+000  0.00000000E+000  0.00000000E+000  0.00000000E+000  0.42174581E-001  0.36748790E+000  0.69433515E+001  0.46552187E+002  0.11381362E+003  0.30126422E+003  0.59143845E+003
  0.00000000E+000  0.00000000E+000  0.00000000E+000  0.00000000E+000  0.42192703E-001  0.36750504E+000  0.69437992E+001  0.46554901E+002  0.11381685E+003  0.30126684E+003  0.59143986E+003
  0.00000000E+000  0.00000000E+000  0.00000000E+000  0.00000000E+000  0.42210841E-001  0.36752180E+000  0.69442197E+001  0.46557528E+002  0.11381995E+003  0.30126930E+003  0.59144117E+003
  0.00000000E+000  0.00000000E+000  0.00000000E+000  0.00000000E+000  0.42228215E-001  0.36753803E+000  0.69445970E+001  0.46559880E+002  0.11382274E+003  0.30127151E+003  0.59144234E+003
  0.00000000E+000  0.00000000E+000  0.00000000E+000  0.00000000E+000  0.42244691E-001  0.36755369E+000  0.69449281E+001  0.46561923E+002  0.11382518E+003  0.30127346E+003  0.59144338E+003
  0.00000000E+000  0.00000000E+000  0.00000000E+000  0.00000000E+000  0.42260257E-001  0.36756876E+000  0.69452177E+001  0.46563678E+002  0.11382729E+003  0.30127516E+003  0.59144429E+003
  0.00000000E+000  0.00000000E+000  0.00000000E+000  0.00000000E+000  0.42274861E-001  0.36758321E+000  0.69454709E+001  0.46565182E+002  0.11382910E+003  0.30127665E+003  0.59144508E+003
  0.00000000E+000  0.00000000E+000  0.00000000E+000  0.00000000E+000  0.42288340E-001  0.36759705E+000  0.69456938E+001  0.46566473E+002  0.11383067E+003  0.30127794E+003  0.59144576E+003
  0.00000000E+000  0.00000000E+000  0.00000000E+000  0.00000000E+000  0.42300467E-001  0.36761031E+000  0.69458913E+001  0.46567584E+002  0.11383202E+003  0.30127907E+003  0.59144636E+003
  0.00000000E+000  0.00000000E+000  0.00000000E+000  0.00000000E+000  0.42311244E-001  0.36762301E+000  0.69460672E+001  0.46568543E+002  0.11383320E+003  0.30128005E+003  0.59144688E+003
  0.00000000E+000  0.00000000E+000  0.00000000E+000  0.00000000E+000  0.42320646E-001  0.36763516E+000  0.69462247E+001  0.46569373E+002  0.11383422E+003  0.30128092E+003  0.59144734E+003
  0.00000000E+000  0.00000000E+000  0.00000000E+000  0.00000000E+000  0.42328790E-001  0.36764678E+000  0.69463665E+001  0.46570097E+002  0.11383513E+003  0.30128169E+003  0.59144774E+003
  0.00000000E+000  0.00000000E+000  0.00000000E+000  0.00000000E+000  0.42335858E-001  0.36765790E+000  0.69464946E+001  0.46570729E+002  0.11383592E+003  0.30128237E+003  0.59144809E+003
  0.00000000E+000  0.00000000E+000  0.00000000E+000  0.00000000E+000  0.42342042E-001  0.36766852E+000  0.69466110E+001  0.46571284E+002  0.11383663E+003  0.30128298E+003  0.59144840E+003
  0.00000000E+000  0.00000000E+000  0.00000000E+000  0.00000000E+000  0.42347512E-001  0.36767866E+000  0.69467173E+001  0.46571774E+002  0.11383726E+003  0.30128352E+003  0.59144867E+003
  0.00000000E+000  0.00000000E+000  0.00000000E+000  0.00000000E+000  0.42352410E-001  0.36768833E+000  0.69468149E+001  0.46572208E+002  0.11383783E+003  0.30128401E+003  0.59144892E+003
  0.00000000E+000  0.00000000E+000  0.00000000E+000  0.00000000E+000  0.42356845E-001  0.36769756E+000  0.69469048E+001  0.46572595E+002  0.11383834E+003  0.30128445E+003  0.59144914E+003
  0.00000000E+000  0.00000000E+000  0.00000000E+000  0.00000000E+000  0.42360902E-001  0.36770637E+000  0.69469882E+001  0.46572942E+002  0.11383881E+003  0.30128485E+003  0.59144934E+003
  0.00000000E+000  0.00000000E+000  0.00000000E+000  0.00000000E+000  0.42364642E-001  0.36771479E+000  0.69470657E+001  0.46573253E+002  0.11383923E+003  0.30128522E+003  0.59144951E+003
  0.00000000E+000  0.00000000E+000  0.00000000E+000  0.00000000E+000  0.42368111E-001  0.36772285E+000  0.69471382E+001  0.46573535E+002  0.11383962E+003  0.30128555E+003  0.59144968E+003
  0.00000000E+000  0.00000000E+000  0.00000000E+000  0.00000000E+000  0.42371345E-001  0.36773056E+000  0.69472062E+001  0.46573791E+002  0.11383998E+003  0.30128586E+003  0.59144983E+003
  0.00000000E+000  0.00000000E+000  0.00000000E+000  0.00000000E+000  0.42374368E-001  0.36773794E+000  0.69472702E+001  0.46574025E+002  0.11384031E+003  0.30128615E+003  0.59144996E+003
  0.00000000E+000  0.00000000E+000  0.00000000E+000  0.00000000E+000  0.42377199E-001  0.36774501E+000  0.69473306E+001  0.46574240E+002  0.11384062E+003  0.30128642E+003  0.59145009E+003
  0.00000000E+000  0.00000000E+000  0.00000000E+000  0.00000000E+000  0.42379853E-001  0.36775178E+000  0.69473878E+001  0.46574437E+002  0.11384091E+003  0.30128667E+003  0.59145021E+003
  0.00000000E+000  0.00000000E+000  0.00000000E+000  0.00000000E+000  0.42382340E-001  0.36775826E+000  0.69474421E+001  0.46574621E+002  0.11384118E+003  0.30128690E+003  0.59145033E+003
  0.00000000E+000  0.00000000E+000  0.00000000E+000  0.00000000E+000  0.42384667E-001  0.36776445E+000  0.69474936E+001  0.46574791E+002  0.11384143E+003  0.30128713E+003  0.59145043E+003
  0.00000000E+000  0.00000000E+000  0.00000000E+000  0.00000000E+000  0.42386841E-001  0.36777036E+000  0.69475426E+001  0.46574951E+002  0.11384167E+003  0.30128734E+003  0.59145054E+003
  0.00000000E+000  0.00000000E+000  0.00000000E+000  0.00000000E+000  0.42388865E-001  0.36777600E+000  0.69475891E+001  0.46575100E+002  0.11384190E+003  0.30128755E+003  0.59145064E+003
  0.00000000E+000  0.00000000E+000  0.00000000E+000  0.00000000E+000  0.42390741E-001  0.36778135E+000  0.69476333E+001  0.46575240E+002  0.11384212E+003  0.30128775E+003  0.59145073E+003
  0.00000000E+000  0.00000000E+000  0.00000000E+000  0.00000000E+000  0.42392469E-001  0.36778642E+000  0.69476751E+001  0.46575373E+002  0.11384233E+003  0.30128794E+003  0.59145083E+003
  0.00000000E+000  0.00000000E+000  0.00000000E+000  0.00000000E+000  0.42394050E-001  0.36779122E+000  0.69477146E+001  0.46575498E+002  0.11384252E+003  0.30128812E+003  0.59145092E+003
  0.00000000E+000  0.00000000E+000  0.00000000E+000  0.00000000E+000  0.42395482E-001  0.36779573E+000  0.69477517E+001  0.46575616E+002  0.11384271E+003  0.30128831E+003  0.59145101E+003
  0.00000000E+000  0.00000000E+000  0.00000000E+000  0.00000000E+000  0.42396761E-001  0.36779996E+000  0.69477864E+001  0.46575729E+002  0.11384289E+003  0.30128849E+003  0.59145110E+003
  0.00000000E+000  0.00000000E+000  0.00000000E+000  0.00000000E+000  0.42397884E-001  0.36780390E+000  0.69478187E+001  0.46575835E+002  0.11384306E+003  0.30128866E+003  0.59145120E+003
  0.00000000E+000  0.00000000E+000  0.00000000E+000  0.00000000E+000  0.42398845E-001  0.36780754E+000  0.69478483E+001  0.46575936E+002  0.11384323E+003  0.30128884E+003  0.59145129E+003
  0.00000000E+000  0.00000000E+000  0.00000000E+000  0.00000000E+000  0.42399639E-001  0.36781090E+000  0.69478753E+001  0.46576032E+002  0.11384339E+003  0.30128901E+003  0.59145138E+003
  0.00000000E+000  0.00000000E+000  0.00000000E+000  0.00000000E+000  0.42400258E-001  0.36781395E+000  0.69478995E+001  0.46576123E+002  0.11384354E+003  0.30128919E+003  0.59145148E+003
  0.00000000E+000  0.00000000E+000  0.00000000E+000  0.00000000E+000  0.42400692E-001  0.36781671E+000  0.69479209E+001  0.46576210E+002  0.11384369E+003  0.30128936E+003  0.59145158E+003
  0.00000000E+000  0.00000000E+000  0.00000000E+000  0.00000000E+000  0.42400932E-001  0.36781916E+000  0.69479392E+001  0.46576291E+002  0.11384383E+003  0.30128954E+003  0.59145167E+003
  0.00000000E+000  0.00000000E+000  0.00000000E+000  0.00000000E+000  0.42400966E-001  0.36782131E+000  0.69479545E+001  0.46576368E+002  0.11384397E+003  0.30128971E+003  0.59145178E+003
  0.00000000E+000  0.00000000E+000  0.00000000E+000  0.00000000E+000  0.42400782E-001  0.36782316E+000  0.69479665E+001  0.46576440E+002  0.11384410E+003  0.30128989E+003  0.59145188E+003
  0.00000000E+000  0.00000000E+000  0.00000000E+000  0.00000000E+000  0.42400367E-001  0.36782469E+000  0.69479753E+001  0.46576508E+002  0.11384423E+003  0.30129007E+003  0.59145199E+003
  0.00000000E+000  0.00000000E+000  0.00000000E+000  0.00000000E+000  0.42399704E-001  0.36782593E+000  0.69479808E+001  0.46576571E+002  0.11384436E+003  0.30129026E+003  0.59145210E+003
  0.00000000E+000  0.00000000E+000  0.00000000E+000  0.00000000E+000  0.42398780E-001  0.36782686E+000  0.69479830E+001  0.46576630E+002  0.11384448E+003  0.30129044E+003  0.59145222E+003
  0.00000000E+000  0.00000000E+000  0.00000000E+000  0.00000000E+000  0.42397579E-001  0.36782749E+000  0.69479818E+001  0.46576685E+002  0.11384460E+003  0.30129063E+003  0.59145234E+003
  0.00000000E+000  0.00000000E+000  0.00000000E+000  0.00000000E+000  0.42396086E-001  0.36782782E+000  0.69479772E+001  0.46576736E+002  0.11384472E+003  0.30129082E+003  0.59145246E+003
  0.00000000E+000  0.00000000E+000  0.00000000E+000  0.00000000E+000  0.42394285E-001  0.36782785E+000  0.69479693E+001  0.46576782E+002  0.11384483E+003  0.30129102E+003  0.59145259E+003
  0.00000000E+000  0.00000000E+000  0.00000000E+000  0.00000000E+000  0.42392161E-001  0.36782759E+000  0.69479580E+001  0.46576825E+002  0.11384494E+003  0.30129122E+003  0.59145273E+003
  0.00000000E+000  0.00000000E+000  0.00000000E+000  0.00000000E+000  0.42389703E-001  0.36782706E+000  0.69479435E+001  0.46576863E+002  0.11384505E+003  0.30129143E+003  0.59145287E+003
  0.00000000E+000  0.00000000E+000  0.00000000E+000  0.00000000E+000  0.42386897E-001  0.36782624E+000  0.69479257E+001  0.46576898E+002  0.11384516E+003  0.30129164E+003  0.59145302E+003
  0.00000000E+000  0.00000000E+000  0.00000000E+000  0.00000000E+000  0.42383736E-001  0.36782515E+000  0.69479048E+001  0.46576929E+002  0.11384527E+003  0.30129186E+003  0.59145318E+003
  0.00000000E+000  0.00000000E+000  0.00000000E+000  0.00000000E+000  0.42380212E-001  0.36782380E+000  0.69478808E+001  0.46576956E+002  0.11384538E+003  0.30129209E+003  0.59145334E+003
  0.00000000E+000  0.00000000E+000  0.00000000E+000  0.00000000E+000  0.42376321E-001  0.36782219E+000  0.69478537E+001  0.46576980E+002  0.11384550E+003  0.30129232E+003  0.59145351E+003
  0.00000000E+000  0.00000000E+000  0.00000000E+000  0.00000000E+000  0.42372062E-001  0.36782035E+000  0.69478237E+001  0.46577000E+002  0.11384561E+003  0.30129256E+003  0.59145369E+003
  0.00000000E+000  0.00000000E+000  0.00000000E+000  0.00000000E+000  0.42367439E-001  0.36781827E+000  0.69477907E+001  0.46577017E+002  0.11384572E+003  0.30129280E+003  0.59145388E+003
  0.00000000E+000  0.00000000E+000  0.00000000E+000  0.00000000E+000  0.42362459E-001  0.36781598E+000  0.69477550E+001  0.46577030E+002  0.11384584E+003  0.30129306E+003  0.59145408E+003
  0.00000000E+000  0.00000000E+000  0.00000000E+000  0.00000000E+000  0.42357131E-001  0.36781349E+000  0.69477164E+001  0.46577040E+002  0.11384596E+003  0.30129333E+003  0.59145428E+003
  0.00000000E+000  0.00000000E+000  0.00000000E+000  0.00000000E+000  0.42351470E-001  0.36781082E+000  0.69476752E+001  0.46577046E+002  0.11384608E+003  0.30129360E+003  0.59145450E+003
  0.00000000E+000  0.00000000E+000  0.00000000E+000  0.00000000E+000  0.42345494E-001  0.36780798E+000  0.69476313E+001  0.46577049E+002  0.11384620E+003  0.30129388E+003  0.59145473E+003
  0.00000000E+000  0.00000000E+000  0.00000000E+000  0.00000000E+000  0.42339227E-001  0.36780500E+000  0.69475850E+001  0.46577047E+002  0.11384633E+003  0.30129418E+003  0.59145497E+003
  0.00000000E+000  0.00000000E+000  0.00000000E+000  0.00000000E+000  0.42332692E-001  0.36780189E+000  0.69475362E+001  0.46577042E+002  0.11384646E+003  0.30129448E+003  0.59145523E+003
  0.00000000E+000  0.00000000E+000  0.00000000E+000  0.00000000E+000  0.42325920E-001  0.36779868E+000  0.69474852E+001  0.46577031E+002  0.11384660E+003  0.30129480E+003  0.59145549E+003
  0.00000000E+000  0.00000000E+000  0.00000000E+000  0.00000000E+000  0.42318943E-001  0.36779539E+000  0.69474320E+001  0.46577015E+002  0.11384673E+003  0.30129513E+003  0.59145577E+003
  0.00000000E+000  0.00000000E+000  0.00000000E+000  0.00000000E+000  0.42311796E-001  0.36779204E+000  0.69473767E+001  0.46576994E+002  0.11384688E+003  0.30129547E+003  0.59145607E+003
  0.00000000E+000  0.00000000E+000  0.00000000E+000  0.00000000E+000  0.42304515E-001  0.36778866E+000  0.69473195E+001  0.46576967E+002  0.11384702E+003  0.30129583E+003  0.59145637E+003
  0.00000000E+000  0.00000000E+000  0.00000000E+000  0.00000000E+000  0.42297140E-001  0.36778526E+000  0.69472605E+001  0.46576933E+002  0.11384717E+003  0.30129620E+003  0.59145670E+003
  0.00000000E+000  0.00000000E+000  0.00000000E+000  0.00000000E+000  0.42289712E-001  0.36778186E+000  0.69471998E+001  0.46576892E+002  0.11384733E+003  0.30129658E+003  0.59145704E+003
  0.00000000E+000  0.00000000E+000  0.00000000E+000  0.00000000E+000  0.42282270E-001  0.36777848E+000  0.69471377E+001  0.46576842E+002  0.11384748E+003  0.30129698E+003  0.59145740E+003
  0.00000000E+000  0.00000000E+000  0.00000000E+000  0.00000000E+000  0.42274857E-001  0.36777514E+000  0.69470741E+001  0.46576784E+002  0.11384764E+003  0.30129740E+003  0.59145777E+003
  0.00000000E+000  0.00000000E+000  0.00000000E+000  0.00000000E+000  0.42267512E-001  0.36777184E+000  0.69470094E+001  0.46576716E+002  0.11384780E+003  0.30129783E+003  0.59145817E+003
  0.00000000E+000  0.00000000E+000  0.00000000E+000  0.00000000E+000  0.42260276E-001  0.36776859E+000  0.69469436E+001  0.46576638E+002  0.11384796E+003  0.30129827E+003  0.59145858E+003
  0.00000000E+000  0.00000000E+000  0.00000000E+000  0.00000000E+000  0.42253187E-001  0.36776540E+000  0.69468768E+001  0.46576549E+002  0.11384812E+003  0.30129874E+003  0.59145902E+003
  0.00000000E+000  0.00000000E+000  0.00000000E+000  0.00000000E+000  0.42246280E-001  0.36776227E+000  0.69468092E+001  0.46576448E+002  0.11384828E+003  0.30129922E+003  0.59145947E+003
  0.00000000E+000  0.00000000E+000  0.00000000E+000  0.00000000E+000  0.42239588E-001  0.36775918E+000  0.69467411E+001  0.46576335E+002  0.11384844E+003  0.30129973E+003  0.59145995E+003
  0.00000000E+000  0.00000000E+000  0.00000000E+000  0.00000000E+000  0.42233144E-001  0.36775613E+000  0.69466724E+001  0.46576210E+002  0.11384860E+003  0.30130025E+003  0.59146045E+003
  0.00000000E+000  0.00000000E+000  0.00000000E+000  0.00000000E+000  0.42226972E-001  0.36775312E+000  0.69466034E+001  0.46576072E+002  0.11384875E+003  0.30130079E+003  0.59146098E+003
  0.00000000E+000  0.00000000E+000  0.00000000E+000  0.00000000E+000  0.42221097E-001  0.36775011E+000  0.69465342E+001  0.46575920E+002  0.11384889E+003  0.30130135E+003  0.59146153E+003
  0.00000000E+000  0.00000000E+000  0.00000000E+000  0.00000000E+000  0.42215539E-001  0.36774709E+000  0.69464650E+001  0.46575754E+002  0.11384903E+003  0.30130193E+003  0.59146210E+003
  0.00000000E+000  0.00000000E+000  0.00000000E+000  0.00000000E+000  0.42210311E-001  0.36774404E+000  0.69463960E+001  0.46575574E+002  0.11384916E+003  0.30130253E+003  0.59146270E+003
  0.00000000E+000  0.00000000E+000  0.00000000E+000  0.00000000E+000  0.42205427E-001  0.36774093E+000  0.69463273E+001  0.46575380E+002  0.11384928E+003  0.30130316E+003  0.59146334E+003
  0.00000000E+000  0.00000000E+000  0.00000000E+000  0.00000000E+000  0.42200892E-001  0.36773773E+000  0.69462592E+001  0.46575173E+002  0.11384939E+003  0.30130380E+003  0.59146399E+003
  0.00000000E+000  0.00000000E+000  0.00000000E+000  0.00000000E+000  0.42196711E-001  0.36773441E+000  0.69461918E+001  0.46574952E+002  0.11384949E+003  0.30130446E+003  0.59146468E+003
  0.00000000E+000  0.00000000E+000  0.00000000E+000  0.00000000E+000  0.42192882E-001  0.36773096E+000  0.69461252E+001  0.46574717E+002  0.11384958E+003  0.30130514E+003  0.59146540E+003
  0.00000000E+000  0.00000000E+000  0.00000000E+000  0.00000000E+000  0.42189401E-001  0.36772733E+000  0.69460598E+001  0.46574469E+002  0.11384966E+003  0.30130585E+003  0.59146616E+003
  0.00000000E+000  0.00000000E+000  0.00000000E+000  0.00000000E+000  0.42186262E-001  0.36772351E+000  0.69459955E+001  0.46574208E+002  0.11384972E+003  0.30130657E+003  0.59146694E+003
  0.00000000E+000  0.00000000E+000  0.00000000E+000  0.00000000E+000  0.42183453E-001  0.36771946E+000  0.69459327E+001  0.46573936E+002  0.11384977E+003  0.30130731E+003  0.59146776E+003
  0.00000000E+000  0.00000000E+000  0.00000000E+000  0.00000000E+000  0.42180963E-001  0.36771518E+000  0.69458714E+001  0.46573652E+002  0.11384980E+003  0.30130807E+003  0.59146861E+003
  0.00000000E+000  0.00000000E+000  0.00000000E+000  0.00000000E+000  0.42178775E-001  0.36771064E+000  0.69458117E+001  0.46573358E+002  0.11384982E+003  0.30130885E+003  0.59146950E+003
  0.00000000E+000  0.00000000E+000  0.00000000E+000  0.00000000E+000  0.42176874E-001  0.36770584E+000  0.69457539E+001  0.46573053E+002  0.11384982E+003  0.30130964E+003  0.59147042E+003
  0.00000000E+000  0.00000000E+000  0.00000000E+000  0.00000000E+000  0.42175242E-001  0.36770076E+000  0.69456979E+001  0.46572740E+002  0.11384981E+003  0.30131045E+003  0.59147138E+003
  0.00000000E+000  0.00000000E+000  0.00000000E+000  0.00000000E+000  0.42173858E-001  0.36769540E+000  0.69456439E+001  0.46572419E+002  0.11384978E+003  0.30131128E+003  0.59147238E+003
  0.00000000E+000  0.00000000E+000  0.00000000E+000  0.00000000E+000  0.42172704E-001  0.36768977E+000  0.69455919E+001  0.46572091E+002  0.11384974E+003  0.30131212E+003  0.59147342E+003
  0.00000000E+000  0.00000000E+000  0.00000000E+000  0.00000000E+000  0.42171761E-001  0.36768387E+000  0.69455420E+001  0.46571757E+002  0.11384968E+003  0.30131296E+003  0.59147450E+003
  0.00000000E+000  0.00000000E+000  0.00000000E+000  0.00000000E+000  0.42171007E-001  0.36767771E+000  0.69454942E+001  0.46571417E+002  0.11384960E+003  0.30131383E+003  0.59147561E+003
  0.00000000E+000  0.00000000E+000  0.00000000E+000  0.00000000E+000  0.42170424E-001  0.36767133E+000  0.69454485E+001  0.46571073E+002  0.11384951E+003  0.30131469E+003  0.59147677E+003
  0.00000000E+000  0.00000000E+000  0.00000000E+000  0.00000000E+000  0.42169992E-001  0.36766473E+000  0.69454048E+001  0.46570725E+002  0.11384940E+003  0.30131557E+003  0.59147796E+003
  0.00000000E+000  0.00000000E+000  0.00000000E+000  0.00000000E+000  0.42169695E-001  0.36765794E+000  0.69453633E+001  0.46570374E+002  0.11384928E+003  0.30131645E+003  0.59147920E+003
  0.00000000E+000  0.00000000E+000  0.00000000E+000  0.00000000E+000  0.42169514E-001  0.36765100E+000  0.69453237E+001  0.46570022E+002  0.11384915E+003  0.30131734E+003  0.59148048E+003
  0.00000000E+000  0.00000000E+000  0.00000000E+000  0.00000000E+000  0.42169433E-001  0.36764393E+000  0.69452860E+001  0.46569668E+002  0.11384899E+003  0.30131823E+003  0.59148180E+003
  0.00000000E+000  0.00000000E+000  0.00000000E+000  0.00000000E+000  0.42169439E-001  0.36763678E+000  0.69452502E+001  0.46569313E+002  0.11384883E+003  0.30131912E+003  0.59148316E+003
  0.00000000E+000  0.00000000E+000  0.00000000E+000  0.00000000E+000  0.42169516E-001  0.36762958E+000  0.69452161E+001  0.46568959E+002  0.11384864E+003  0.30132000E+003  0.59148456E+003
  0.00000000E+000  0.00000000E+000  0.00000000E+000  0.00000000E+000  0.42169652E-001  0.36762236E+000  0.69451836E+001  0.46568605E+002  0.11384845E+003  0.30132089E+003  0.59148600E+003
  0.00000000E+000  0.00000000E+000  0.00000000E+000  0.00000000E+000  0.42169837E-001  0.36761517E+000  0.69451527E+001  0.46568252E+002  0.11384823E+003  0.30132177E+003  0.59148747E+003
  0.00000000E+000  0.00000000E+000  0.00000000E+000  0.00000000E+000  0.42170059E-001  0.36760804E+000  0.69451231E+001  0.46567902E+002  0.11384801E+003  0.30132263E+003  0.59148899E+003
  0.00000000E+000  0.00000000E+000  0.00000000E+000  0.00000000E+000  0.42170310E-001  0.36760101E+000  0.69450947E+001  0.46567553E+002  0.11384776E+003  0.30132349E+003  0.59149055E+003
  0.00000000E+000  0.00000000E+000  0.00000000E+000  0.00000000E+000  0.42170583E-001  0.36759411E+000  0.69450674E+001  0.46567207E+002  0.11384751E+003  0.30132434E+003  0.59149214E+003
  0.00000000E+000  0.00000000E+000  0.00000000E+000  0.00000000E+000  0.42170869E-001  0.36758738E+000  0.69450410E+001  0.46566865E+002  0.11384724E+003  0.30132517E+003  0.59149376E+003
  0.00000000E+000  0.00000000E+000  0.00000000E+000  0.00000000E+000  0.42171165E-001  0.36758083E+000  0.69450154E+001  0.46566526E+002  0.11384695E+003  0.30132598E+003  0.59149542E+003
  0.00000000E+000  0.00000000E+000  0.00000000E+000  0.00000000E+000  0.42171463E-001  0.36757450E+000  0.69449903E+001  0.46566190E+002  0.11384665E+003  0.30132678E+003  0.59149711E+003
  0.00000000E+000  0.00000000E+000  0.00000000E+000  0.00000000E+000  0.42171761E-001  0.36756841E+000  0.69449657E+001  0.46565859E+002  0.11384634E+003  0.30132755E+003  0.59149884E+003
  0.00000000E+000  0.00000000E+000  0.00000000E+000  0.00000000E+000  0.42172055E-001  0.36756257E+000  0.69449413E+001  0.46565533E+002  0.11384601E+003  0.30132830E+003  0.59150058E+003
  0.00000000E+000  0.00000000E+000  0.00000000E+000  0.00000000E+000  0.42172341E-001  0.36755701E+000  0.69449170E+001  0.46565211E+002  0.11384567E+003  0.30132902E+003  0.59150236E+003
  0.00000000E+000  0.00000000E+000  0.00000000E+000  0.00000000E+000  0.42172618E-001  0.36755173E+000  0.69448926E+001  0.46564895E+002  0.11384532E+003  0.30132971E+003  0.59150415E+003
  0.00000000E+000  0.00000000E+000  0.00000000E+000  0.00000000E+000  0.42172884E-001  0.36754674E+000  0.69448681E+001  0.46564583E+002  0.11384495E+003  0.30133038E+003  0.59150597E+003
  0.00000000E+000  0.00000000E+000  0.00000000E+000  0.00000000E+000  0.42173138E-001  0.36754205E+000  0.69448432E+001  0.46564278E+002  0.11384457E+003  0.30133100E+003  0.59150780E+003
  0.00000000E+000  0.00000000E+000  0.00000000E+000  0.00000000E+000  0.42173378E-001  0.36753766E+000  0.69448179E+001  0.46563978E+002  0.11384418E+003  0.30133160E+003  0.59150964E+003
  0.00000000E+000  0.00000000E+000  0.00000000E+000  0.00000000E+000  0.42173604E-001  0.36753356E+000  0.69447920E+001  0.46563683E+002  0.11384378E+003  0.30133215E+003  0.59151150E+003
  0.00000000E+000  0.00000000E+000  0.00000000E+000  0.00000000E+000  0.42173816E-001  0.36752975E+000  0.69447654E+001  0.46563395E+002  0.11384337E+003  0.30133267E+003  0.59151335E+003
  0.00000000E+000  0.00000000E+000  0.00000000E+000  0.00000000E+000  0.42174014E-001  0.36752623E+000  0.69447381E+001  0.46563113E+002  0.11384294E+003  0.30133315E+003  0.59151522E+003
  0.00000000E+000  0.00000000E+000  0.00000000E+000  0.00000000E+000  0.42174197E-001  0.36752299E+000  0.69447100E+001  0.46562838E+002  0.11384251E+003  0.30133358E+003  0.59151708E+003
  0.00000000E+000  0.00000000E+000  0.00000000E+000  0.00000000E+000  0.42174366E-001  0.36752001E+000  0.69446811E+001  0.46562568E+002  0.11384207E+003  0.30133396E+003  0.59151893E+003
  0.00000000E+000  0.00000000E+000  0.00000000E+000  0.00000000E+000  0.42174522E-001  0.36751729E+000  0.69446514E+001  0.46562305E+002  0.11384162E+003  0.30133431E+003  0.59152077E+003
  0.00000000E+000  0.00000000E+000  0.00000000E+000  0.00000000E+000  0.42174663E-001  0.36751481E+000  0.69446208E+001  0.46562048E+002  0.11384116E+003  0.30133460E+003  0.59152260E+003
  0.00000000E+000  0.00000000E+000  0.00000000E+000  0.00000000E+000  0.42174792E-001  0.36751256E+000  0.69445893E+001  0.46561798E+002  0.11384070E+003  0.30133484E+003  0.59152440E+003
  0.00000000E+000  0.00000000E+000  0.00000000E+000  0.00000000E+000  0.42174909E-001  0.36751052E+000  0.69445571E+001  0.46561553E+002  0.11384023E+003  0.30133504E+003  0.59152619E+003
  0.00000000E+000  0.00000000E+000  0.00000000E+000  0.00000000E+000  0.42175013E-001  0.36750869E+000  0.69445241E+001  0.46561315E+002  0.11383976E+003  0.30133518E+003  0.59152794E+003
  0.00000000E+000  0.00000000E+000  0.00000000E+000  0.00000000E+000  0.42175107E-001  0.36750704E+000  0.69444905E+001  0.46561083E+002  0.11383928E+003  0.30133527E+003  0.59152966E+003
  0.00000000E+000  0.00000000E+000  0.00000000E+000  0.00000000E+000  0.42175190E-001  0.36750557E+000  0.69444562E+001  0.46560856E+002  0.11383879E+003  0.30133531E+003  0.59153134E+003
  0.00000000E+000  0.00000000E+000  0.00000000E+000  0.00000000E+000  0.42175263E-001  0.36750425E+000  0.69444214E+001  0.46560636E+002  0.11383831E+003  0.30133529E+003  0.59153298E+003
  0.00000000E+000  0.00000000E+000  0.00000000E+000  0.00000000E+000  0.42175326E-001  0.36750307E+000  0.69443862E+001  0.46560421E+002  0.11383782E+003  0.30133522E+003  0.59153457E+003
  0.00000000E+000  0.00000000E+000  0.00000000E+000  0.00000000E+000  0.42175381E-001  0.36750203E+000  0.69443507E+001  0.46560211E+002  0.11383733E+003  0.30133510E+003  0.59153611E+003
  0.00000000E+000  0.00000000E+000  0.00000000E+000  0.00000000E+000  0.42175428E-001  0.36750110E+000  0.69443149E+001  0.46560007E+002  0.11383684E+003  0.30133493E+003  0.59153759E+003
  0.00000000E+000  0.00000000E+000  0.00000000E+000  0.00000000E+000  0.42175467E-001  0.36750028E+000  0.69442791E+001  0.46559807E+002  0.11383634E+003  0.30133470E+003  0.59153901E+003
  0.00000000E+000  0.00000000E+000  0.00000000E+000  0.00000000E+000  0.42175498E-001  0.36749955E+000  0.69442433E+001  0.46559612E+002  0.11383585E+003  0.30133442E+003  0.59154036E+003
  0.00000000E+000  0.00000000E+000  0.00000000E+000  0.00000000E+000  0.42175524E-001  0.36749890E+000  0.69442077E+001  0.46559422E+002  0.11383536E+003  0.30133408E+003  0.59154165E+003
  0.00000000E+000  0.00000000E+000  0.00000000E+000  0.00000000E+000  0.42175543E-001  0.36749833E+000  0.69441723E+001  0.46559236E+002  0.11383488E+003  0.30133370E+003  0.59154286E+003
  0.00000000E+000  0.00000000E+000  0.00000000E+000  0.00000000E+000  0.42175557E-001  0.36749782E+000  0.69441373E+001  0.46559053E+002  0.11383439E+003  0.30133326E+003  0.59154399E+003
  0.00000000E+000  0.00000000E+000  0.00000000E+000  0.00000000E+000  0.42175565E-001  0.36749737E+000  0.69441028E+001  0.46558875E+002  0.11383391E+003  0.30133278E+003  0.59154504E+003
  0.00000000E+000  0.00000000E+000  0.00000000E+000  0.00000000E+000  0.42175569E-001  0.36749697E+000  0.69440688E+001  0.46558700E+002  0.11383343E+003  0.30133225E+003  0.59154601E+003
  0.00000000E+000  0.00000000E+000  0.00000000E+000  0.00000000E+000  0.42175569E-001  0.36749661E+000  0.69440355E+001  0.46558528E+002  0.11383295E+003  0.30133167E+003  0.59154688E+003
  0.00000000E+000  0.00000000E+000  0.00000000E+000  0.00000000E+000  0.42175564E-001  0.36749628E+000  0.69440030E+001  0.46558360E+002  0.11383248E+003  0.30133104E+003  0.59154767E+003
  0.00000000E+000  0.00000000E+000  0.00000000E+000  0.00000000E+000  0.42175556E-001  0.36749598E+000  0.69439713E+001  0.46558194E+002  0.11383202E+003  0.30133038E+003  0.59154837E+003
  0.00000000E+000  0.00000000E+000  0.00000000E+000  0.00000000E+000  0.42175545E-001  0.36749571E+000  0.69439405E+001  0.46558031E+002  0.11383156E+003  0.30132967E+003  0.59154897E+003
  0.00000000E+000  0.00000000E+000  0.00000000E+000  0.00000000E+000  0.42175531E-001  0.36749546E+000  0.69439106E+001  0.46557870E+002  0.11383110E+003  0.30132892E+003  0.59154948E+003
  0.00000000E+000  0.00000000E+000  0.00000000E+000  0.00000000E+000  0.42175515E-001  0.36749523E+000  0.69438817E+001  0.46557712E+002  0.11383065E+003  0.30132813E+003  0.59154988E+003
  0.00000000E+000  0.00000000E+000  0.00000000E+000  0.00000000E+000  0.42175496E-001  0.36749501E+000  0.69438538E+001  0.46557555E+002  0.11383021E+003  0.30132731E+003  0.59155019E+003
  0.00000000E+000  0.00000000E+000  0.00000000E+000  0.00000000E+000  0.42175475E-001  0.36749481E+000  0.69438270E+001  0.46557401E+002  0.11382977E+003  0.30132646E+003  0.59155040E+003
  0.00000000E+000  0.00000000E+000  0.00000000E+000  0.00000000E+000  0.42175452E-001  0.36749461E+000  0.69438013E+001  0.46557249E+002  0.11382934E+003  0.30132557E+003  0.59155052E+003
  0.00000000E+000  0.00000000E+000  0.00000000E+000  0.00000000E+000  0.42175428E-001  0.36749442E+000  0.69437766E+001  0.46557099E+002  0.11382892E+003  0.30132466E+003  0.59155053E+003
  0.00000000E+000  0.00000000E+000  0.00000000E+000  0.00000000E+000  0.42175403E-001  0.36749423E+000  0.69437531E+001  0.46556951E+002  0.11382850E+003  0.30132371E+003  0.59155044E+003
  0.00000000E+000  0.00000000E+000  0.00000000E+000  0.00000000E+000  0.42175377E-001  0.36749405E+000  0.69437306E+001  0.46556804E+002  0.11382809E+003  0.30132275E+003  0.59155025E+003
  0.00000000E+000  0.00000000E+000  0.00000000E+000  0.00000000E+000  0.42175349E-001  0.36749387E+000  0.69437092E+001  0.46556659E+002  0.11382768E+003  0.30132176E+003  0.59154997E+003
  0.00000000E+000  0.00000000E+000  0.00000000E+000  0.00000000E+000  0.42175321E-001  0.36749369E+000  0.69436888E+001  0.46556516E+002  0.11382729E+003  0.30132075E+003  0.59154959E+003
  0.00000000E+000  0.00000000E+000  0.00000000E+000  0.00000000E+000  0.42175293E-001  0.36749351E+000  0.69436695E+001  0.46556375E+002  0.11382689E+003  0.30131972E+003  0.59154911E+003
  0.00000000E+000  0.00000000E+000  0.00000000E+000  0.00000000E+000  0.42175264E-001  0.36749333E+000  0.69436512E+001  0.46556236E+002  0.11382651E+003  0.30131868E+003  0.59154854E+003
  0.00000000E+000  0.00000000E+000  0.00000000E+000  0.00000000E+000  0.42175235E-001  0.36749316E+000  0.69436339E+001  0.46556099E+002  0.11382613E+003  0.30131762E+003  0.59154788E+003
  0.00000000E+000  0.00000000E+000  0.00000000E+000  0.00000000E+000  0.42175206E-001  0.36749298E+000  0.69436175E+001  0.46555963E+002  0.11382576E+003  0.30131655E+003  0.59154714E+003
  0.00000000E+000  0.00000000E+000  0.00000000E+000  0.00000000E+000  0.42175177E-001  0.36749281E+000  0.69436020E+001  0.46555830E+002  0.11382540E+003  0.30131547E+003  0.59154631E+003
  0.00000000E+000  0.00000000E+000  0.00000000E+000  0.00000000E+000  0.42175148E-001  0.36749263E+000  0.69435874E+001  0.46555699E+002  0.11382504E+003  0.30131439E+003  0.59154539E+003
  0.00000000E+000  0.00000000E+000  0.00000000E+000  0.00000000E+000  0.42175120E-001  0.36749246E+000  0.69435737E+001  0.46555570E+002  0.11382470E+003  0.30131330E+003  0.59154440E+003
  0.00000000E+000  0.00000000E+000  0.00000000E+000  0.00000000E+000  0.42175092E-001  0.36749229E+000  0.69435607E+001  0.46555443E+002  0.11382435E+003  0.30131220E+003  0.59154333E+003
  0.00000000E+000  0.00000000E+000  0.00000000E+000  0.00000000E+000  0.42175064E-001  0.36749212E+000  0.69435485E+001  0.46555318E+002  0.11382402E+003  0.30131111E+003  0.59154219E+003
  0.00000000E+000  0.00000000E+000  0.00000000E+000  0.00000000E+000  0.42175037E-001  0.36749194E+000  0.69435370E+001  0.46555196E+002  0.11382369E+003  0.30131001E+003  0.59154098E+003
  0.00000000E+000  0.00000000E+000  0.00000000E+000  0.00000000E+000  0.42175010E-001  0.36749177E+000  0.69435262E+001  0.46555076E+002  0.11382336E+003  0.30130892E+003  0.59153970E+003
  0.00000000E+000  0.00000000E+000  0.00000000E+000  0.00000000E+000  0.42174985E-001  0.36749161E+000  0.69435160E+001  0.46554959E+002  0.11382304E+003  0.30130783E+003  0.59153836E+003
  0.00000000E+000  0.00000000E+000  0.00000000E+000  0.00000000E+000  0.42174960E-001  0.36749144E+000  0.69435064E+001  0.46554845E+002  0.11382273E+003  0.30130674E+003  0.59153697E+003
  0.00000000E+000  0.00000000E+000  0.00000000E+000  0.00000000E+000  0.42174935E-001  0.36749128E+000  0.69434974E+001  0.46554734E+002  0.11382243E+003  0.30130566E+003  0.59153552E+003
  0.00000000E+000  0.00000000E+000  0.00000000E+000  0.00000000E+000  0.42174912E-001  0.36749111E+000  0.69434890E+001  0.46554625E+002  0.11382213E+003  0.30130459E+003  0.59153403E+003
  0.00000000E+000  0.00000000E+000  0.00000000E+000  0.00000000E+000  0.42174889E-001  0.36749096E+000  0.69434810E+001  0.46554519E+002  0.11382184E+003  0.30130352E+003  0.59153248E+003
  0.00000000E+000  0.00000000E+000  0.00000000E+000  0.00000000E+000  0.42174868E-001  0.36749080E+000  0.69434735E+001  0.46554416E+002  0.11382155E+003  0.30130247E+003  0.59153090E+003
  0.00000000E+000  0.00000000E+000  0.00000000E+000  0.00000000E+000  0.42174847E-001  0.36749065E+000  0.69434664E+001  0.46554316E+002  0.11382127E+003  0.30130142E+003  0.59152928E+003
  0.00000000E+000  0.00000000E+000  0.00000000E+000  0.00000000E+000  0.42174827E-001  0.36749050E+000  0.69434598E+001  0.46554218E+002  0.11382100E+003  0.30130039E+003  0.59152763E+003
  0.00000000E+000  0.00000000E+000  0.00000000E+000  0.00000000E+000  0.42174808E-001  0.36749036E+000  0.69434535E+001  0.46554124E+002  0.11382073E+003  0.30129937E+003  0.59152594E+003
  0.00000000E+000  0.00000000E+000  0.00000000E+000  0.00000000E+000  0.42174790E-001  0.36749021E+000  0.69434476E+001  0.46554033E+002  0.11382047E+003  0.30129836E+003  0.59152423E+003
  0.00000000E+000  0.00000000E+000  0.00000000E+000  0.00000000E+000  0.42174773E-001  0.36749008E+000  0.69434421E+001  0.46553945E+002  0.11382021E+003  0.30129736E+003  0.59152250E+003
  0.00000000E+000  0.00000000E+000  0.00000000E+000  0.00000000E+000  0.42174757E-001  0.36748995E+000  0.69434368E+001  0.46553860E+002  0.11381997E+003  0.30129638E+003  0.59152075E+003
  0.00000000E+000  0.00000000E+000  0.00000000E+000  0.00000000E+000  0.42174741E-001  0.36748982E+000  0.69434319E+001  0.46553778E+002  0.11381972E+003  0.30129542E+003  0.59151899E+003
  0.00000000E+000  0.00000000E+000  0.00000000E+000  0.00000000E+000  0.42174727E-001  0.36748970E+000  0.69434272E+001  0.46553699E+002  0.11381949E+003  0.30129447E+003  0.59151721E+003
  0.00000000E+000  0.00000000E+000  0.00000000E+000  0.00000000E+000  0.42174713E-001  0.36748958E+000  0.69434228E+001  0.46553623E+002  0.11381925E+003  0.30129353E+003  0.59151543E+003
  0.00000000E+000  0.00000000E+000  0.00000000E+000  0.00000000E+000  0.42174701E-001  0.36748947E+000  0.69434186E+001  0.46553550E+002  0.11381903E+003  0.30129261E+003  0.59151364E+003
  0.00000000E+000  0.00000000E+000  0.00000000E+000  0.00000000E+000  0.42174689E-001  0.36748936E+000  0.69434147E+001  0.46553480E+002  0.11381881E+003  0.30129171E+003  0.59151184E+003
  0.00000000E+000  0.00000000E+000  0.00000000E+000  0.00000000E+000  0.42174678E-001  0.36748925E+000  0.69434110E+001  0.46553412E+002  0.11381860E+003  0.30129083E+003  0.59151005E+003
  0.00000000E+000  0.00000000E+000  0.00000000E+000  0.00000000E+000  0.42174667E-001  0.36748916E+000  0.69434074E+001  0.46553348E+002  0.11381839E+003  0.30128996E+003  0.59150827E+003
  0.00000000E+000  0.00000000E+000  0.00000000E+000  0.00000000E+000  0.42174658E-001  0.36748906E+000  0.69434041E+001  0.46553286E+002  0.11381819E+003  0.30128911E+003  0.59150648E+003
  0.00000000E+000  0.00000000E+000  0.00000000E+000  0.00000000E+000  0.42174649E-001  0.36748897E+000  0.69434009E+001  0.46553227E+002  0.11381799E+003  0.30128827E+003  0.59150471E+003
  0.00000000E+000  0.00000000E+000  0.00000000E+000  0.00000000E+000  0.42174641E-001  0.36748889E+000  0.69433979E+001  0.46553171E+002  0.11381781E+003  0.30128746E+003  0.59150295E+003
  0.00000000E+000  0.00000000E+000  0.00000000E+000  0.00000000E+000  0.42174633E-001  0.36748881E+000  0.69433951E+001  0.46553117E+002  0.11381762E+003  0.30128666E+003  0.59150120E+003
  0.00000000E+000  0.00000000E+000  0.00000000E+000  0.00000000E+000  0.42174626E-001  0.36748873E+000  0.69433924E+001  0.46553065E+002  0.11381744E+003  0.30128588E+003  0.59149946E+003
  0.00000000E+000  0.00000000E+000  0.00000000E+000  0.00000000E+000  0.42174620E-001  0.36748866E+000  0.69433899E+001  0.46553016E+002  0.11381727E+003  0.30128511E+003  0.59149775E+003
  0.00000000E+000  0.00000000E+000  0.00000000E+000  0.00000000E+000  0.42174614E-001  0.36748859E+000  0.69433875E+001  0.46552970E+002  0.11381711E+003  0.30128437E+003  0.59149605E+003
  0.00000000E+000  0.00000000E+000  0.00000000E+000  0.00000000E+000  0.42174609E-001  0.36748853E+000  0.69433852E+001  0.46552925E+002  0.11381695E+003  0.30128364E+003  0.59149437E+003
  0.00000000E+000  0.00000000E+000  0.00000000E+000  0.00000000E+000  0.42174604E-001  0.36748847E+000  0.69433830E+001  0.46552883E+002  0.11381679E+003  0.30128293E+003  0.59149271E+003
  0.00000000E+000  0.00000000E+000  0.00000000E+000  0.00000000E+000  0.42174600E-001  0.36748842E+000  0.69433810E+001  0.46552843E+002  0.11381664E+003  0.30128224E+003  0.59149107E+003
  0.00000000E+000  0.00000000E+000  0.00000000E+000  0.00000000E+000  0.42174596E-001  0.36748837E+000  0.69433790E+001  0.46552805E+002  0.11381650E+003  0.30128156E+003  0.59148946E+003
  0.00000000E+000  0.00000000E+000  0.00000000E+000  0.00000000E+000  0.42174593E-001  0.36748832E+000  0.69433772E+001  0.46552768E+002  0.11381636E+003  0.30128090E+003  0.59148787E+003
  0.00000000E+000  0.00000000E+000  0.00000000E+000  0.00000000E+000  0.42174590E-001  0.36748828E+000  0.69433755E+001  0.46552734E+002  0.11381622E+003  0.30128026E+003  0.59148631E+003
  0.00000000E+000  0.00000000E+000  0.00000000E+000  0.00000000E+000  0.42174587E-001  0.36748824E+000  0.69433739E+001  0.46552702E+002  0.11381610E+003  0.30127964E+003  0.59148478E+003
  0.00000000E+000  0.00000000E+000  0.00000000E+000  0.00000000E+000  0.42174585E-001  0.36748820E+000  0.69433723E+001  0.46552671E+002  0.11381597E+003  0.30127903E+003  0.59148327E+003
  0.00000000E+000  0.00000000E+000  0.00000000E+000  0.00000000E+000  0.42174583E-001  0.36748816E+000  0.69433709E+001  0.46552642E+002  0.11381585E+003  0.30127844E+003  0.59148179E+003
  0.00000000E+000  0.00000000E+000  0.00000000E+000  0.00000000E+000  0.42174581E-001  0.36748813E+000  0.69433695E+001  0.46552614E+002  0.11381574E+003  0.30127787E+003  0.59148034E+003
