  0.16206716E+000  0.21004338E+000  0.40970440E+000  0.61503273E+000  0.92858633E+000  0.10699450E+001  0.16007449E+001  0.35307381E+001  0.50808937E+001  0.86729632E+001  0.13815978E+002
  0.16136833E+000  0.20913004E+000  0.40786471E+000  0.61230931E+000  0.92550449E+000  0.10661284E+001  0.15936343E+001  0.35210257E+001  0.50779802E+001  0.86657672E+001  0.13813894E+002
  0.16084930E+000  0.20839364E+000  0.40629161E+000  0.61020165E+000  0.92324118E+000  0.10634809E+001  0.15872919E+001  0.35113171E+001  0.50732330E+001  0.86587797E+001  0.13812108E+002
  0.16025199E+000  0.20775392E+000  0.40500601E+000  0.60838695E+000  0.92155241E+000  0.10614215E+001  0.15824516E+001  0.35035678E+001  0.50709642E+001  0.86524793E+001  0.13810665E+002
  0.15981297E+000  0.20726657E+000  0.40398784E+000  0.60693655E+000  0.92017761E+000  0.10599670E+001  0.15783826E+001  0.34962368E+001  0.50649454E+001  0.86450490E+001  0.13809506E+002
  0.15942969E+000  0.20683455E+000  0.40316023E+000  0.60572918E+000  0.91906324E+000  0.10587576E+001  0.15752707E+001  0.34898204E+001  0.50598995E+001  0.86416631E+001  0.13808553E+002
  0.15913237E+000  0.20652459E+000  0.40245012E+000  0.60479013E+000  0.91816059E+000  0.10577614E+001  0.15724363E+001  0.34847378E+001  0.50550758E+001  0.86388756E+001  0.13807773E+002
  0.15887284E+000  0.20623783E+000  0.40189731E+000  0.60405684E+000  0.91719723E+000  0.10568933E+001  0.15702764E+001  0.34808997E+001  0.50512718E+001  0.86365585E+001  0.13807128E+002
  0.15865446E+000  0.20600305E+000  0.40141776E+000  0.60337984E+000  0.91651770E+000  0.10561620E+001  0.15684533E+001  0.34785764E+001  0.50480687E+001  0.86346293E+001  0.13806585E+002
  0.15847450E+000  0.20582141E+000  0.40101879E+000  0.60281123E+000  0.91597977E+000  0.10555688E+001  0.15668970E+001  0.34768535E+001  0.50454054E+001  0.86330284E+001  0.13806137E+002
  0.15827181E+000  0.20565677E+000  0.40069353E+000  0.60241260E+000  0.91552025E+000  0.10550237E+001  0.15656003E+001  0.34751079E+001  0.50431934E+001  0.86317003E+001  0.13805764E+002
  0.15818607E+000  0.20552131E+000  0.40041605E+000  0.60202477E+000  0.91518647E+000  0.10546559E+001  0.15647456E+001  0.34735792E+001  0.50413365E+001  0.86305327E+001  0.13805494E+002
  0.15807069E+000  0.20540977E+000  0.40018649E+000  0.60172961E+000  0.91485811E+000  0.10543213E+001  0.15638887E+001  0.34726126E+001  0.50397897E+001  0.86295438E+001  0.13805189E+002
  0.15799414E+000  0.20531757E+000  0.39999414E+000  0.60144608E+000  0.91462397E+000  0.10540276E+001  0.15637092E+001  0.34718023E+001  0.50384893E+001  0.86287308E+001  0.13804970E+002
  0.15792952E+000  0.20523976E+000  0.39982013E+000  0.60124239E+000  0.91440798E+000  0.10537388E+001  0.15632402E+001  0.34712147E+001  0.50375687E+001  0.86281926E+001  0.13804785E+002
  0.15784547E+000  0.20517413E+000  0.39968876E+000  0.60117425E+000  0.91421298E+000  0.10535689E+001  0.15628704E+001  0.34707739E+001  0.50364710E+001  0.86275631E+001  0.13804630E+002
  0.15777086E+000  0.20511831E+000  0.39957830E+000  0.60108418E+000  0.91405836E+000  0.10533881E+001  0.15624785E+001  0.34702777E+001  0.50357001E+001  0.86270646E+001  0.13804500E+002
  0.15776102E+000  0.20512443E+000  0.39948106E+000  0.60096775E+000  0.91393218E+000  0.10532298E+001  0.15622848E+001  0.34696678E+001  0.50350469E+001  0.86266792E+001  0.13804391E+002
  0.15772209E+000  0.20506502E+000  0.39939446E+000  0.60090225E+000  0.91378256E+000  0.10531300E+001  0.15620390E+001  0.34693296E+001  0.50346214E+001  0.86264221E+001  0.13804299E+002
  0.15765719E+000  0.20504269E+000  0.39933231E+000  0.60087136E+000  0.91365873E+000  0.10530126E+001  0.15619813E+001  0.34690445E+001  0.50340453E+001  0.86260685E+001  0.13804222E+002
  0.15764494E+000  0.20501865E+000  0.39927019E+000  0.60085465E+000  0.91366624E+000  0.10529300E+001  0.15616260E+001  0.34688070E+001  0.50336644E+001  0.86258407E+001  0.13804158E+002
  0.15763462E+000  0.20497257E+000  0.39922856E+000  0.60084110E+000  0.91359646E+000  0.10528608E+001  0.15614818E+001  0.34686079E+001  0.50333457E+001  0.86256530E+001  0.13804105E+002
  0.15762594E+000  0.20495932E+000  0.39918936E+000  0.60083023E+000  0.91353289E+000  0.10528031E+001  0.15613705E+001  0.34684414E+001  0.50330796E+001  0.86254963E+001  0.13804060E+002
  0.15761871E+000  0.20494814E+000  0.39912368E+000  0.60082172E+000  0.91348074E+000  0.10527638E+001  0.15612880E+001  0.34683035E+001  0.50328598E+001  0.86253668E+001  0.13804023E+002
  0.15757021E+000  0.20493862E+000  0.39910007E+000  0.60081508E+000  0.91343761E+000  0.10527157E+001  0.15612290E+001  0.34681886E+001  0.50326769E+001  0.86252590E+001  0.13803992E+002
  0.15756070E+000  0.20493060E+000  0.39908061E+000  0.60081007E+000  0.91340407E+000  0.10526830E+001  0.15611901E+001  0.34680936E+001  0.50325262E+001  0.86251702E+001  0.13803967E+002
  0.15755288E+000  0.20492384E+000  0.39906458E+000  0.60081420E+000  0.91339201E+000  0.10526561E+001  0.15611674E+001  0.34680152E+001  0.50324022E+001  0.86250971E+001  0.13803946E+002
  0.15754650E+000  0.20491816E+000  0.39905145E+000  0.60081955E+000  0.91338194E+000  0.10526341E+001  0.15611581E+001  0.34674386E+001  0.50323008E+001  0.86250373E+001  0.13803929E+002
  0.15754131E+000  0.20491341E+000  0.39904076E+000  0.60082588E+000  0.91337357E+000  0.10526162E+001  0.15611599E+001  0.34673967E+001  0.50322181E+001  0.86249886E+001  0.13803915E+002
  0.15753713E+000  0.20487811E+000  0.39903211E+000  0.60083305E+000  0.91336667E+000  0.10526017E+001  0.15611707E+001  0.34673662E+001  0.50321483E+001  0.86249493E+001  0.13803904E+002
  0.15753379E+000  0.20487521E+000  0.39902515E+000  0.60084090E+000  0.91336101E+000  0.10525902E+001  0.15614788E+001  0.34673453E+001  0.50320917E+001  0.86249177E+001  0.13803895E+002
  0.15753114E+000  0.20487306E+000  0.39901968E+000  0.60084933E+000  0.91329504E+000  0.10525810E+001  0.15614711E+001  0.34673326E+001  0.50320465E+001  0.86248927E+001  0.13803888E+002
  0.15752908E+000  0.20487153E+000  0.39901545E+000  0.60085823E+000  0.91328791E+000  0.10525765E+001  0.15614614E+001  0.34673267E+001  0.50320107E+001  0.86248731E+001  0.13803882E+002
  0.15752750E+000  0.20487051E+000  0.39901218E+000  0.60086752E+000  0.91328257E+000  0.10525685E+001  0.15613008E+001  0.34673266E+001  0.50319826E+001  0.86248580E+001  0.13803878E+002
  0.15752631E+000  0.20486990E+000  0.39900972E+000  0.60087711E+000  0.91327871E+000  0.10525644E+001  0.15613428E+001  0.34673314E+001  0.50319611E+001  0.86248468E+001  0.13803875E+002
  0.15752547E+000  0.20486962E+000  0.39900793E+000  0.60088695E+000  0.91327608E+000  0.10525616E+001  0.15613862E+001  0.34673404E+001  0.50319451E+001  0.86248387E+001  0.13803873E+002
  0.15752490E+000  0.20486961E+000  0.39900671E+000  0.60089698E+000  0.91327446E+000  0.10525597E+001  0.15615970E+001  0.34673528E+001  0.50319336E+001  0.86248332E+001  0.13803871E+002
  0.15752457E+000  0.20486984E+000  0.39900598E+000  0.60090717E+000  0.91327372E+000  0.10525587E+001  0.15616885E+001  0.34673682E+001  0.50319262E+001  0.86248300E+001  0.13803870E+002
  0.15752443E+000  0.20487024E+000  0.39900565E+000  0.60091745E+000  0.91327368E+000  0.10525584E+001  0.15616914E+001  0.34673862E+001  0.50319221E+001  0.86248288E+001  0.13803870E+002
  0.15752446E+000  0.20487080E+000  0.39900567E+000  0.60092780E+000  0.91327427E+000  0.10525587E+001  0.15616940E+001  0.34674065E+001  0.50319209E+001  0.86248292E+001  0.13803870E+002
  0.15752464E+000  0.20487147E+000  0.39900599E+000  0.60092951E+000  0.91327536E+000  0.10525595E+001  0.15616967E+001  0.34674285E+001  0.50319222E+001  0.86248310E+001  0.13803871E+002
  0.15752494E+000  0.20487225E+000  0.39900657E+000  0.60092996E+000  0.91327691E+000  0.10525608E+001  0.15617000E+001  0.34674522E+001  0.50319258E+001  0.86248341E+001  0.13803872E+002
  0.15752535E+000  0.20487312E+000  0.39900739E+000  0.60093051E+000  0.91327885E+000  0.10525626E+001  0.15617038E+001  0.34674773E+001  0.50319313E+001  0.86248382E+001  0.13803873E+002
  0.15752586E+000  0.20487407E+000  0.39900842E+000  0.60093118E+000  0.91328116E+000  0.10525647E+001  0.15617085E+001  0.34675035E+001  0.50319388E+001  0.86248435E+001  0.13803875E+002
  0.15752645E+000  0.20487509E+000  0.39900964E+000  0.60093197E+000  0.91328377E+000  0.10525672E+001  0.15617773E+001  0.34675307E+001  0.50319479E+001  0.86248496E+001  0.13803877E+002
  0.15752713E+000  0.20487617E+000  0.39901104E+000  0.60093288E+000  0.91328669E+000  0.10525700E+001  0.15617804E+001  0.34675588E+001  0.50319587E+001  0.86248566E+001  0.13803879E+002
  0.15752788E+000  0.20487731E+000  0.39901260E+000  0.60093390E+000  0.91328987E+000  0.10525731E+001  0.15617839E+001  0.34675874E+001  0.50319708E+001  0.86248644E+001  0.13803881E+002
  0.15752871E+000  0.20487850E+000  0.39901432E+000  0.60093505E+000  0.91329331E+000  0.10525765E+001  0.15617880E+001  0.34676166E+001  0.50319845E+001  0.86248730E+001  0.13803884E+002
  0.15752960E+000  0.20487974E+000  0.39901618E+000  0.60093632E+000  0.91329698E+000  0.10525802E+001  0.15617924E+001  0.34676461E+001  0.50319995E+001  0.86248823E+001  0.13803886E+002
  0.15753054E+000  0.20488102E+000  0.39901817E+000  0.60093771E+000  0.91330087E+000  0.10525841E+001  0.15617973E+001  0.34676759E+001  0.50320158E+001  0.86248922E+001  0.13803889E+002
  0.15753155E+000  0.20488235E+000  0.39902029E+000  0.60095814E+000  0.91335982E+000  0.10525882E+001  0.15618025E+001  0.34677058E+001  0.50320333E+001  0.86249028E+001  0.13803892E+002
  0.15753260E+000  0.20488371E+000  0.39902253E+000  0.60095908E+000  0.91336233E+000  0.10525926E+001  0.15618080E+001  0.34677356E+001  0.50320520E+001  0.86249140E+001  0.13803896E+002
  0.15753370E+000  0.20488511E+000  0.39902488E+000  0.60096014E+000  0.91336498E+000  0.10525972E+001  0.15618139E+001  0.34677653E+001  0.50320717E+001  0.86249257E+001  0.13803899E+002
  0.15753485E+000  0.20488655E+000  0.39902735E+000  0.60096132E+000  0.91336777E+000  0.10526020E+001  0.15618200E+001  0.34677949E+001  0.50320926E+001  0.86249380E+001  0.13803903E+002
  0.15753604E+000  0.20488802E+000  0.39902992E+000  0.60096262E+000  0.91337068E+000  0.10526070E+001  0.15618265E+001  0.34678242E+001  0.50321145E+001  0.86249507E+001  0.13803907E+002
  0.15753726E+000  0.20488952E+000  0.39903257E+000  0.60096402E+000  0.91337371E+000  0.10526122E+001  0.15618332E+001  0.34678532E+001  0.50321373E+001  0.86249640E+001  0.13803910E+002
  0.15753852E+000  0.20489104E+000  0.39903529E+000  0.60096553E+000  0.91337684E+000  0.10526175E+001  0.15620727E+001  0.34678819E+001  0.50321610E+001  0.86249776E+001  0.13803914E+002
  0.15753981E+000  0.20489259E+000  0.39903809E+000  0.60096714E+000  0.91338007E+000  0.10526229E+001  0.15620944E+001  0.34679101E+001  0.50321856E+001  0.86249916E+001  0.13803919E+002
  0.15754112E+000  0.20489415E+000  0.39904094E+000  0.60096884E+000  0.91338338E+000  0.10526285E+001  0.15621150E+001  0.34679411E+001  0.50322109E+001  0.86250059E+001  0.13803923E+002
  0.15754246E+000  0.20489574E+000  0.39904385E+000  0.60097061E+000  0.91338677E+000  0.10526342E+001  0.15621348E+001  0.34679601E+001  0.50322368E+001  0.86250206E+001  0.13803927E+002
  0.15754381E+000  0.20489733E+000  0.39904680E+000  0.60097246E+000  0.91339023E+000  0.10526400E+001  0.15621537E+001  0.34679790E+001  0.50322635E+001  0.86250355E+001  0.13803931E+002
  0.15754518E+000  0.20491133E+000  0.39904978E+000  0.60097438E+000  0.91339375E+000  0.10526459E+001  0.15621718E+001  0.34680015E+001  0.50322907E+001  0.86250507E+001  0.13803936E+002
  0.15754656E+000  0.20491266E+000  0.39905279E+000  0.60097634E+000  0.91339731E+000  0.10526519E+001  0.15621892E+001  0.34680239E+001  0.50323184E+001  0.86250660E+001  0.13803940E+002
  0.15754795E+000  0.20491401E+000  0.39905582E+000  0.60097836E+000  0.91340091E+000  0.10526579E+001  0.15622059E+001  0.34680462E+001  0.50323466E+001  0.86250816E+001  0.13803945E+002
  0.15754935E+000  0.20491537E+000  0.39905887E+000  0.60098040E+000  0.91340454E+000  0.10526639E+001  0.15622219E+001  0.34680683E+001  0.50323751E+001  0.86250972E+001  0.13803950E+002
  0.15755074E+000  0.20491675E+000  0.39906193E+000  0.60098247E+000  0.91340818E+000  0.10526700E+001  0.15622372E+001  0.34680903E+001  0.50324039E+001  0.86251129E+001  0.13803954E+002
  0.15755215E+000  0.20491814E+000  0.39906498E+000  0.60098456E+000  0.91341183E+000  0.10526761E+001  0.15622520E+001  0.34681122E+001  0.50324331E+001  0.86251287E+001  0.13803959E+002
  0.15755354E+000  0.20491953E+000  0.39906803E+000  0.60098665E+000  0.91341549E+000  0.10526822E+001  0.15622661E+001  0.34681339E+001  0.50324623E+001  0.86251445E+001  0.13803963E+002
  0.15755493E+000  0.20492093E+000  0.39907107E+000  0.60098875E+000  0.91341913E+000  0.10526883E+001  0.15622798E+001  0.34681554E+001  0.50324917E+001  0.86251603E+001  0.13803968E+002
  0.15755632E+000  0.20492232E+000  0.39907409E+000  0.60099083E+000  0.91342276E+000  0.10526944E+001  0.15622929E+001  0.34681767E+001  0.50325211E+001  0.86251761E+001  0.13803973E+002
  0.15755769E+000  0.20492371E+000  0.39907708E+000  0.60099289E+000  0.91342636E+000  0.10527004E+001  0.15623054E+001  0.34681978E+001  0.50325504E+001  0.86251918E+001  0.13803977E+002
  0.15755905E+000  0.20492509E+000  0.39908004E+000  0.60099492E+000  0.91342992E+000  0.10527064E+001  0.15623175E+001  0.34682186E+001  0.50325797E+001  0.86252074E+001  0.13803982E+002
  0.15756040E+000  0.20492646E+000  0.39908296E+000  0.60099692E+000  0.91343345E+000  0.10527127E+001  0.15623291E+001  0.34682391E+001  0.50326087E+001  0.86252228E+001  0.13803986E+002
  0.15756172E+000  0.20492781E+000  0.39908584E+000  0.60099888E+000  0.91343691E+000  0.10527193E+001  0.15623403E+001  0.34682593E+001  0.50326375E+001  0.86252380E+001  0.13803991E+002
  0.15756303E+000  0.20492915E+000  0.39908867E+000  0.60100079E+000  0.91344032E+000  0.10527257E+001  0.15623509E+001  0.34682791E+001  0.50326659E+001  0.86252530E+001  0.13803995E+002
  0.15756430E+000  0.20493046E+000  0.39909143E+000  0.60100264E+000  0.91344365E+000  0.10527321E+001  0.15623611E+001  0.34682985E+001  0.50326939E+001  0.86252678E+001  0.13803999E+002
  0.15756556E+000  0.20493175E+000  0.39909414E+000  0.60100443E+000  0.91344691E+000  0.10527383E+001  0.15623709E+001  0.34683175E+001  0.50327213E+001  0.86252822E+001  0.13804003E+002
  0.15756677E+000  0.20493301E+000  0.39909677E+000  0.60100615E+000  0.91345008E+000  0.10527444E+001  0.15623801E+001  0.34683359E+001  0.50327482E+001  0.86252963E+001  0.13804008E+002
  0.15756796E+000  0.20493423E+000  0.39909932E+000  0.60100779E+000  0.91345316E+000  0.10527503E+001  0.15623890E+001  0.34683539E+001  0.50327744E+001  0.86253101E+001  0.13804011E+002
  0.15756911E+000  0.20493542E+000  0.39910179E+000  0.60100936E+000  0.91345659E+000  0.10527561E+001  0.15623974E+001  0.34683712E+001  0.50327999E+001  0.86253234E+001  0.13804015E+002
  0.15757023E+000  0.20493658E+000  0.39910418E+000  0.60101086E+000  0.91346109E+000  0.10527625E+001  0.15624054E+001  0.34683879E+001  0.50328246E+001  0.86253364E+001  0.13804019E+002
  0.15757130E+000  0.20493769E+000  0.39910647E+000  0.60101227E+000  0.91346544E+000  0.10527670E+001  0.15624130E+001  0.34684040E+001  0.50328485E+001  0.86253489E+001  0.13804023E+002
  0.15757233E+000  0.20493876E+000  0.39910867E+000  0.60101359E+000  0.91346961E+000  0.10527722E+001  0.15624201E+001  0.34684194E+001  0.50328716E+001  0.86253610E+001  0.13804026E+002
  0.15757332E+000  0.20493979E+000  0.39911078E+000  0.60101483E+000  0.91347362E+000  0.10527772E+001  0.15624269E+001  0.34684341E+001  0.50328937E+001  0.86253726E+001  0.13804029E+002
  0.15757427E+000  0.20494078E+000  0.39911279E+000  0.60101599E+000  0.91347745E+000  0.10527820E+001  0.15624332E+001  0.34684481E+001  0.50329150E+001  0.86253837E+001  0.13804033E+002
  0.15757517E+000  0.20494172E+000  0.39911470E+000  0.60101707E+000  0.91348111E+000  0.10527866E+001  0.15624392E+001  0.34684613E+001  0.50329354E+001  0.86253944E+001  0.13804036E+002
  0.15757603E+000  0.20494262E+000  0.39911652E+000  0.60101807E+000  0.91348459E+000  0.10527909E+001  0.15624448E+001  0.34684737E+001  0.50329548E+001  0.86254045E+001  0.13804039E+002
  0.15757685E+000  0.20494347E+000  0.39911823E+000  0.60101899E+000  0.91348789E+000  0.10527848E+001  0.15624500E+001  0.34684854E+001  0.50329733E+001  0.86254142E+001  0.13804041E+002
  0.15757762E+000  0.20494427E+000  0.39911986E+000  0.60101983E+000  0.91349102E+000  0.10527882E+001  0.15624549E+001  0.34684964E+001  0.50329908E+001  0.86254234E+001  0.13804044E+002
  0.15757834E+000  0.20494503E+000  0.39912138E+000  0.60102060E+000  0.91349398E+000  0.10527914E+001  0.15624595E+001  0.34685066E+001  0.50330075E+001  0.86254321E+001  0.13804046E+002
  0.15757903E+000  0.20494575E+000  0.39912282E+000  0.60102130E+000  0.91349677E+000  0.10527944E+001  0.15624638E+001  0.34685160E+001  0.50330233E+001  0.86254403E+001  0.13804049E+002
  0.15757968E+000  0.20494643E+000  0.39912416E+000  0.60102194E+000  0.91349939E+000  0.10527973E+001  0.15624677E+001  0.34685247E+001  0.50330382E+001  0.86254481E+001  0.13804051E+002
  0.15758028E+000  0.20494706E+000  0.39912542E+000  0.60102251E+000  0.91350185E+000  0.10527999E+001  0.15624714E+001  0.34685327E+001  0.50330522E+001  0.86254555E+001  0.13804053E+002
  0.15758085E+000  0.20494765E+000  0.39912660E+000  0.60102303E+000  0.91350415E+000  0.10528024E+001  0.15624747E+001  0.34685401E+001  0.50330644E+001  0.86254624E+001  0.13804055E+002
  0.15758137E+000  0.20494820E+000  0.39912770E+000  0.60102350E+000  0.91350630E+000  0.10528048E+001  0.15624779E+001  0.34685467E+001  0.50330754E+001  0.86254689E+001  0.13804057E+002
  0.15761518E+000  0.20494872E+000  0.39912871E+000  0.60102391E+000  0.91350831E+000  0.10528069E+001  0.15624807E+001  0.34685527E+001  0.50330856E+001  0.86254750E+001  0.13804058E+002
  0.15761547E+000  0.20494920E+000  0.39912966E+000  0.60102428E+000  0.91351017E+000  0.10528090E+001  0.15624833E+001  0.34685581E+001  0.50330951E+001  0.86254807E+001  0.13804060E+002
  0.15761574E+000  0.20494964E+000  0.39913053E+000  0.60102460E+000  0.91351191E+000  0.10528108E+001  0.15624857E+001  0.34685629E+001  0.50331039E+001  0.86254860E+001  0.13804061E+002
  0.15761598E+000  0.20495006E+000  0.39913134E+000  0.60102488E+000  0.91351351E+000  0.10528126E+001  0.15624879E+001  0.34685671E+001  0.50331120E+001  0.86254910E+001  0.13804063E+002
  0.15761621E+000  0.20495044E+000  0.39913208E+000  0.60102513E+000  0.91351499E+000  0.10528142E+001  0.15624899E+001  0.34685708E+001  0.50331196E+001  0.86254957E+001  0.13804064E+002
  0.15761642E+000  0.20495079E+000  0.39913277E+000  0.60102534E+000  0.91351635E+000  0.10528157E+001  0.15624917E+001  0.34685739E+001  0.50331266E+001  0.86255001E+001  0.13804065E+002
  0.15761662E+000  0.20495111E+000  0.39913340E+000  0.60102553E+000  0.91351761E+000  0.10528170E+001  0.15624932E+001  0.34685766E+001  0.50331330E+001  0.86255041E+001  0.13804066E+002
  0.15761680E+000  0.20495140E+000  0.39913397E+000  0.60102575E+000  0.91351876E+000  0.10528183E+001  0.15624947E+001  0.34685788E+001  0.50331388E+001  0.86255079E+001  0.13804067E+002
  0.15761696E+000  0.20495167E+000  0.39913449E+000  0.60102596E+000  0.91351981E+000  0.10528194E+001  0.15624959E+001  0.34685806E+001  0.50331442E+001  0.86255113E+001  0.13804068E+002
  0.15761711E+000  0.20495191E+000  0.39913497E+000  0.60102614E+000  0.91352076E+000  0.10528204E+001  0.15624970E+001  0.34685819E+001  0.50331491E+001  0.86255146E+001  0.13804069E+002
  0.15761725E+000  0.20495213E+000  0.39913540E+000  0.60102630E+000  0.91352163E+000  0.10528214E+001  0.15624980E+001  0.34685829E+001  0.50331535E+001  0.86255175E+001  0.13804069E+002
  0.15761737E+000  0.20495233E+000  0.39913579E+000  0.60102642E+000  0.91352242E+000  0.10528222E+001  0.15624988E+001  0.34685835E+001  0.50331575E+001  0.86255203E+001  0.13804070E+002
  0.15761748E+000  0.20495251E+000  0.39913614E+000  0.60102653E+000  0.91352313E+000  0.10528230E+001  0.15624995E+001  0.34685837E+001  0.50331611E+001  0.86255228E+001  0.13804071E+002
  0.15761758E+000  0.20495267E+000  0.39913645E+000  0.60102661E+000  0.91352377E+000  0.10528237E+001  0.15625001E+001  0.34685836E+001  0.50331643E+001  0.86255252E+001  0.13804071E+002
  0.15761767E+000  0.20495281E+000  0.39913673E+000  0.60102668E+000  0.91352434E+000  0.10528243E+001  0.15625006E+001  0.34685832E+001  0.50331672E+001  0.86255273E+001  0.13804072E+002
  0.15761775E+000  0.20495294E+000  0.39913698E+000  0.60102672E+000  0.91352485E+000  0.10528248E+001  0.15625010E+001  0.34685825E+001  0.50331697E+001  0.86255292E+001  0.13804072E+002
  0.15761782E+000  0.20495305E+000  0.39913720E+000  0.60102675E+000  0.91352531E+000  0.10528253E+001  0.15625013E+001  0.34685814E+001  0.50331720E+001  0.86255310E+001  0.13804073E+002
  0.15761789E+000  0.20495314E+000  0.39913739E+000  0.60102677E+000  0.91352571E+000  0.10528258E+001  0.15625015E+001  0.34685801E+001  0.50331739E+001  0.86255327E+001  0.13804073E+002
  0.15761794E+000  0.20495323E+000  0.39913755E+000  0.60102677E+000  0.91352605E+000  0.10528261E+001  0.15625017E+001  0.34685786E+001  0.50331756E+001  0.86255341E+001  0.13804073E+002
  0.15761799E+000  0.20495330E+000  0.39913770E+000  0.60102676E+000  0.91352636E+000  0.10528265E+001  0.15625017E+001  0.34685768E+001  0.50331770E+001  0.86255355E+001  0.13804074E+002
  0.15761804E+000  0.20495336E+000  0.39913782E+000  0.60102674E+000  0.91352662E+000  0.10528267E+001  0.15625017E+001  0.34685748E+001  0.50331782E+001  0.86255367E+001  0.13804074E+002
  0.15761807E+000  0.20495341E+000  0.39913792E+000  0.60102671E+000  0.91352684E+000  0.10528270E+001  0.15625017E+001  0.34685725E+001  0.50331792E+001  0.86255377E+001  0.13804074E+002
  0.15761810E+000  0.20495345E+000  0.39913800E+000  0.60102667E+000  0.91352703E+000  0.10528272E+001  0.15625016E+001  0.34685701E+001  0.50331799E+001  0.86255387E+001  0.13804074E+002
  0.15761813E+000  0.20495348E+000  0.39913807E+000  0.60102662E+000  0.91352718E+000  0.10528273E+001  0.15625015E+001  0.34685674E+001  0.50331805E+001  0.86255395E+001  0.13804074E+002
  0.15761815E+000  0.20495351E+000  0.39913812E+000  0.60102656E+000  0.91352730E+000  0.10528275E+001  0.15625013E+001  0.34685646E+001  0.50331809E+001  0.86255403E+001  0.13804075E+002
  0.15761817E+000  0.20495353E+000  0.39913816E+000  0.60102650E+000  0.91352740E+000  0.10528276E+001  0.15625010E+001  0.34685615E+001  0.50331811E+001  0.86255409E+001  0.13804075E+002
  0.15761818E+000  0.20495354E+000  0.39913819E+000  0.60102643E+000  0.91352747E+000  0.10528277E+001  0.15625008E+001  0.34685583E+001  0.50331812E+001  0.86255415E+001  0.13804075E+002
  0.15761819E+000  0.20495355E+000  0.39913820E+000  0.60102636E+000  0.91352752E+000  0.10528277E+001  0.15625005E+001  0.34685573E+001  0.50331812E+001  0.86255419E+001  0.13804075E+002
  0.15761820E+000  0.20495355E+000  0.39913820E+000  0.60102628E+000  0.91352755E+000  0.10528277E+001  0.15625002E+001  0.34685568E+001  0.50331810E+001  0.86255423E+001  0.13804075E+002
  0.15761821E+000  0.20495354E+000  0.39913819E+000  0.60102620E+000  0.91352756E+000  0.10528278E+001  0.15624999E+001  0.34685562E+001  0.50331807E+001  0.86255426E+001  0.13804075E+002
  0.15761821E+000  0.20495353E+000  0.39913818E+000  0.60102611E+000  0.91352755E+000  0.10528277E+001  0.15624995E+001  0.34685555E+001  0.50331803E+001  0.86255428E+001  0.13804075E+002
  0.15761821E+000  0.20495352E+000  0.39913816E+000  0.60102602E+000  0.91352753E+000  0.10528277E+001  0.15624991E+001  0.34685548E+001  0.50331799E+001  0.86255430E+001  0.13804075E+002
  0.15761821E+000  0.20495351E+000  0.39913812E+000  0.60102593E+000  0.91352750E+000  0.10528277E+001  0.15624988E+001  0.34685540E+001  0.50331774E+001  0.86255431E+001  0.13804075E+002
  0.15761820E+000  0.20495349E+000  0.39913809E+000  0.60102583E+000  0.91352745E+000  0.10528276E+001  0.15624984E+001  0.34685532E+001  0.50331744E+001  0.86255431E+001  0.13804075E+002
  0.15761819E+000  0.20495347E+000  0.39913804E+000  0.60102573E+000  0.91352739E+000  0.10528276E+001  0.15624979E+001  0.34685524E+001  0.50331713E+001  0.86255431E+001  0.13804075E+002
  0.15761819E+000  0.20495345E+000  0.39913800E+000  0.60102563E+000  0.91352733E+000  0.10528275E+001  0.15624975E+001  0.34685514E+001  0.50331679E+001  0.86255430E+001  0.13804075E+002
  0.15761818E+000  0.20495342E+000  0.39913794E+000  0.60102553E+000  0.91352725E+000  0.10528274E+001  0.15624971E+001  0.34685505E+001  0.50331644E+001  0.86255428E+001  0.13804075E+002
  0.15761817E+000  0.20495340E+000  0.39913789E+000  0.60102543E+000  0.91352717E+000  0.10528273E+001  0.15624967E+001  0.34685495E+001  0.50331608E+001  0.86255426E+001  0.13804075E+002
  0.15761816E+000  0.20495337E+000  0.39913783E+000  0.60102532E+000  0.91352708E+000  0.10528272E+001  0.15624962E+001  0.34685486E+001  0.50331570E+001  0.86255424E+001  0.13804075E+002
  0.15761815E+000  0.20495334E+000  0.39913777E+000  0.60102521E+000  0.91352699E+000  0.10528271E+001  0.15624958E+001  0.34685476E+001  0.50331530E+001  0.86255421E+001  0.13804075E+002
  0.15761813E+000  0.20495331E+000  0.39913770E+000  0.60102511E+000  0.91352690E+000  0.10528270E+001  0.15624953E+001  0.34685465E+001  0.50331490E+001  0.86255417E+001  0.13804075E+002
  0.15761812E+000  0.20495328E+000  0.39913763E+000  0.60102500E+000  0.91352679E+000  0.10528269E+001  0.15624949E+001  0.34685455E+001  0.50331448E+001  0.86255414E+001  0.13804075E+002
  0.15761811E+000  0.20495325E+000  0.39913756E+000  0.60102489E+000  0.91352669E+000  0.10528268E+001  0.15624945E+001  0.34685444E+001  0.50331405E+001  0.86255409E+001  0.13804075E+002
  0.15761809E+000  0.20495322E+000  0.39913749E+000  0.60102478E+000  0.91352659E+000  0.10528267E+001  0.15624940E+001  0.34685434E+001  0.50331361E+001  0.86255405E+001  0.13804075E+002
  0.15761808E+000  0.20495319E+000  0.39913742E+000  0.60102467E+000  0.91352648E+000  0.10528266E+001  0.15624936E+001  0.34685423E+001  0.50331316E+001  0.86255400E+001  0.13804075E+002
  0.15761807E+000  0.20495316E+000  0.39913735E+000  0.60102456E+000  0.91352637E+000  0.10528265E+001  0.15624931E+001  0.34685413E+001  0.50331271E+001  0.86255394E+001  0.13804075E+002
  0.15761805E+000  0.20495313E+000  0.39913728E+000  0.60102445E+000  0.91352626E+000  0.10528264E+001  0.15624927E+001  0.34685402E+001  0.50331225E+001  0.86255389E+001  0.13804075E+002
  0.15761804E+000  0.20495310E+000  0.39913721E+000  0.60102434E+000  0.91352615E+000  0.10528262E+001  0.15624922E+001  0.34685392E+001  0.50331178E+001  0.86255383E+001  0.13804074E+002
  0.15761802E+000  0.20495307E+000  0.39913714E+000  0.60102423E+000  0.91352604E+000  0.10528261E+001  0.15624918E+001  0.34685381E+001  0.50331131E+001  0.86255376E+001  0.13804074E+002
  0.15761801E+000  0.20495304E+000  0.39913706E+000  0.60102413E+000  0.91352593E+000  0.10528260E+001  0.15624913E+001  0.34685371E+001  0.50331084E+001  0.86255370E+001  0.13804074E+002
  0.15761799E+000  0.20495301E+000  0.39913699E+000  0.60102402E+000  0.91352582E+000  0.10528259E+001  0.15624909E+001  0.34685361E+001  0.50331036E+001  0.86255363E+001  0.13804074E+002
  0.15761798E+000  0.20495298E+000  0.39913692E+000  0.60102392E+000  0.91352572E+000  0.10528258E+001  0.15624905E+001  0.34685351E+001  0.50330988E+001  0.86255356E+001  0.13804074E+002
  0.15761796E+000  0.20495295E+000  0.39913686E+000  0.60102381E+000  0.91352561E+000  0.10528257E+001  0.15624901E+001  0.34685341E+001  0.50330940E+001  0.86255349E+001  0.13804074E+002
  0.15761795E+000  0.20495292E+000  0.39913679E+000  0.60102371E+000  0.91352551E+000  0.10528256E+001  0.15624897E+001  0.34685331E+001  0.50330892E+001  0.86255342E+001  0.13804074E+002
  0.15761794E+000  0.20495289E+000  0.39913672E+000  0.60102362E+000  0.91352541E+000  0.10528255E+001  0.15624893E+001  0.34685321E+001  0.50330843E+001  0.86255334E+001  0.13804074E+002
  0.15761792E+000  0.20495287E+000  0.39913666E+000  0.60102352E+000  0.91352531E+000  0.10528253E+001  0.15624889E+001  0.34685312E+001  0.50330795E+001  0.86255326E+001  0.13804074E+002
  0.15761791E+000  0.20495284E+000  0.39913659E+000  0.60102342E+000  0.91352522E+000  0.10528252E+001  0.15624885E+001  0.34685302E+001  0.50330747E+001  0.86255319E+001  0.13804074E+002
  0.15761790E+000  0.20495282E+000  0.39913653E+000  0.60102333E+000  0.91352512E+000  0.10528251E+001  0.15624881E+001  0.34685293E+001  0.50330699E+001  0.86255311E+001  0.13804074E+002
  0.15761789E+000  0.20495279E+000  0.39913647E+000  0.60102324E+000  0.91352503E+000  0.10528251E+001  0.15624877E+001  0.34685284E+001  0.50330652E+001  0.86255303E+001  0.13804074E+002
  0.15761787E+000  0.20495277E+000  0.39913642E+000  0.60102315E+000  0.91352495E+000  0.10528250E+001  0.15624873E+001  0.34685276E+001  0.50330605E+001  0.86255295E+001  0.13804074E+002
  0.15761786E+000  0.20495275E+000  0.39913636E+000  0.60102307E+000  0.91352486E+000  0.10528249E+001  0.15624870E+001  0.34685267E+001  0.50330558E+001  0.86255287E+001  0.13804073E+002
  0.15761785E+000  0.20495272E+000  0.39913631E+000  0.60102299E+000  0.91352478E+000  0.10528248E+001  0.15624866E+001  0.34685259E+001  0.50330512E+001  0.86255279E+001  0.13804073E+002
  0.15761784E+000  0.20495270E+000  0.39913626E+000  0.60102291E+000  0.91352470E+000  0.10528247E+001  0.15624863E+001  0.34685251E+001  0.50330466E+001  0.86255270E+001  0.13804073E+002
  0.15761783E+000  0.20495268E+000  0.39913621E+000  0.60102283E+000  0.91352463E+000  0.10528246E+001  0.15624860E+001  0.34685243E+001  0.50330420E+001  0.86255262E+001  0.13804073E+002
  0.15761782E+000  0.20495266E+000  0.39913616E+000  0.60102276E+000  0.91352456E+000  0.10528245E+001  0.15624856E+001  0.34685235E+001  0.50330375E+001  0.86255254E+001  0.13804073E+002
  0.15761781E+000  0.20495265E+000  0.39913612E+000  0.60102269E+000  0.91352449E+000  0.10528245E+001  0.15624853E+001  0.34685228E+001  0.50330331E+001  0.86255246E+001  0.13804073E+002
  0.15761780E+000  0.20495263E+000  0.39913607E+000  0.60102262E+000  0.91352442E+000  0.10528244E+001  0.15624850E+001  0.34685220E+001  0.50330288E+001  0.86255238E+001  0.13804073E+002
  0.15761779E+000  0.20495261E+000  0.39913603E+000  0.60102256E+000  0.91352436E+000  0.10528243E+001  0.15624847E+001  0.34685213E+001  0.50330245E+001  0.86255230E+001  0.13804073E+002
  0.15761778E+000  0.20495260E+000  0.39913600E+000  0.60102249E+000  0.91352430E+000  0.10528243E+001  0.15624845E+001  0.34685206E+001  0.50330202E+001  0.86255222E+001  0.13804073E+002
  0.15761778E+000  0.20495258E+000  0.39913596E+000  0.60102243E+000  0.91352425E+000  0.10528242E+001  0.15624842E+001  0.34685200E+001  0.50330161E+001  0.86255214E+001  0.13804073E+002
  0.15761777E+000  0.20495257E+000  0.39913592E+000  0.60102238E+000  0.91352419E+000  0.10528242E+001  0.15624839E+001  0.34685193E+001  0.50330120E+001  0.86255206E+001  0.13804073E+002
  0.15761776E+000  0.20495255E+000  0.39913589E+000  0.60102232E+000  0.91352415E+000  0.10528241E+001  0.15624837E+001  0.34685187E+001  0.50330080E+001  0.86255198E+001  0.13804073E+002
  0.15761776E+000  0.20495254E+000  0.39913586E+000  0.60102227E+000  0.91352410E+000  0.10528241E+001  0.15624835E+001  0.34685181E+001  0.50330040E+001  0.86255191E+001  0.13804073E+002
  0.15761775E+000  0.20495253E+000  0.39913583E+000  0.60102222E+000  0.91352406E+000  0.10528240E+001  0.15624832E+001  0.34685175E+001  0.50330002E+001  0.86255183E+001  0.13804073E+002
  0.15761774E+000  0.20495252E+000  0.39913580E+000  0.60102218E+000  0.91352402E+000  0.10528240E+001  0.15624830E+001  0.34685169E+001  0.50329964E+001  0.86255176E+001  0.13804073E+002
  0.15761774E+000  0.20495251E+000  0.39913578E+000  0.60102213E+000  0.91352398E+000  0.10528239E+001  0.15624828E+001  0.34685164E+001  0.50329927E+001  0.86255168E+001  0.13804072E+002
  0.15761773E+000  0.20495250E+000  0.39913576E+000  0.60102209E+000  0.91352394E+000  0.10528239E+001  0.15624826E+001  0.34685159E+001  0.50329890E+001  0.86255161E+001  0.13804072E+002
  0.15761773E+000  0.20495249E+000  0.39913573E+000  0.60102205E+000  0.91352391E+000  0.10528239E+001  0.15624824E+001  0.34685153E+001  0.50329855E+001  0.86255154E+001  0.13804072E+002
  0.15761773E+000  0.20495248E+000  0.39913571E+000  0.60102201E+000  0.91352388E+000  0.10528238E+001  0.15624822E+001  0.34685148E+001  0.50329820E+001  0.86255147E+001  0.13804072E+002
  0.15761772E+000  0.20495248E+000  0.39913569E+000  0.60102198E+000  0.91352385E+000  0.10528238E+001  0.15624821E+001  0.34685144E+001  0.50329786E+001  0.86255140E+001  0.13804072E+002
  0.15761772E+000  0.20495247E+000  0.39913568E+000  0.60102195E+000  0.91352383E+000  0.10528238E+001  0.15624819E+001  0.34685139E+001  0.50329753E+001  0.86255133E+001  0.13804072E+002
  0.15761771E+000  0.20495246E+000  0.39913566E+000  0.60102192E+000  0.91352380E+000  0.10528238E+001  0.15624818E+001  0.34685135E+001  0.50329720E+001  0.86255127E+001  0.13804072E+002
  0.15761771E+000  0.20495246E+000  0.39913564E+000  0.60102189E+000  0.91352378E+000  0.10528237E+001  0.15624816E+001  0.34685130E+001  0.50329689E+001  0.86255120E+001  0.13804072E+002
  0.15761771E+000  0.20495245E+000  0.39913563E+000  0.60102186E+000  0.91352376E+000  0.10528237E+001  0.15624815E+001  0.34685126E+001  0.50329658E+001  0.86255114E+001  0.13804072E+002
  0.15761771E+000  0.20495245E+000  0.39913562E+000  0.60102183E+000  0.91352375E+000  0.10528237E+001  0.15624813E+001  0.34685122E+001  0.50329627E+001  0.86255107E+001  0.13804072E+002
  0.15761770E+000  0.20495244E+000  0.39913561E+000  0.60102181E+000  0.91352373E+000  0.10528237E+001  0.15624812E+001  0.34685118E+001  0.50329598E+001  0.86255101E+001  0.13804072E+002
  0.15761770E+000  0.20495244E+000  0.39913560E+000  0.60102179E+000  0.91352372E+000  0.10528237E+001  0.15624811E+001  0.34685114E+001  0.50329569E+001  0.86255095E+001  0.13804072E+002
  0.15761770E+000  0.20495243E+000  0.39913559E+000  0.60102177E+000  0.91352370E+000  0.10528237E+001  0.15624810E+001  0.34685111E+001  0.50329541E+001  0.86255090E+001  0.13804072E+002
  0.15761770E+000  0.20495243E+000  0.39913558E+000  0.60102175E+000  0.91352369E+000  0.10528237E+001  0.15624809E+001  0.34685107E+001  0.50329514E+001  0.86255084E+001  0.13804072E+002
  0.15761770E+000  0.20495243E+000  0.39913557E+000  0.60102173E+000  0.91352368E+000  0.10528236E+001  0.15624808E+001  0.34685104E+001  0.50329488E+001  0.86255078E+001  0.13804072E+002
  0.15761770E+000  0.20495242E+000  0.39913556E+000  0.60102171E+000  0.91352367E+000  0.10528236E+001  0.15624807E+001  0.34685101E+001  0.50329462E+001  0.86255073E+001  0.13804072E+002
  0.15761770E+000  0.20495242E+000  0.39913556E+000  0.60102170E+000  0.91352367E+000  0.10528236E+001  0.15624806E+001  0.34685098E+001  0.50329437E+001  0.86255068E+001  0.13804072E+002
  0.15761769E+000  0.20495242E+000  0.39913555E+000  0.60102168E+000  0.91352366E+000  0.10528236E+001  0.15624806E+001  0.34685095E+001  0.50329412E+001  0.86255062E+001  0.13804072E+002
  0.15761769E+000  0.20495242E+000  0.39913554E+000  0.60102167E+000  0.91352365E+000  0.10528236E+001  0.15624805E+001  0.34685092E+001  0.50329388E+001  0.86255057E+001  0.13804072E+002
  0.15761769E+000  0.20495242E+000  0.39913554E+000  0.60102165E+000  0.91352365E+000  0.10528236E+001  0.15624804E+001  0.34685089E+001  0.50329365E+001  0.86255053E+001  0.13804072E+002
  0.15761769E+000  0.20495241E+000  0.39913553E+000  0.60102164E+000  0.91352364E+000  0.10528236E+001  0.15624803E+001  0.34685087E+001  0.50329343E+001  0.86255048E+001  0.13804072E+002
  0.15761769E+000  0.20495241E+000  0.39913553E+000  0.60102163E+000  0.91352364E+000  0.10528236E+001  0.15624803E+001  0.34685084E+001  0.50329321E+001  0.86255043E+001  0.13804071E+002
  0.15761769E+000  0.20495241E+000  0.39913553E+000  0.60102162E+000  0.91352364E+000  0.10528236E+001  0.15624802E+001  0.34685082E+001  0.50329300E+001  0.86255039E+001  0.13804071E+002
  0.15761769E+000  0.20495241E+000  0.39913552E+000  0.60102161E+000  0.91352363E+000  0.10528236E+001  0.15624802E+001  0.34685079E+001  0.50329280E+001  0.86255034E+001  0.13804071E+002
  0.15761769E+000  0.20495241E+000  0.39913552E+000  0.60102160E+000  0.91352363E+000  0.10528236E+001  0.15624801E+001  0.34685077E+001  0.50329260E+001  0.86255030E+001  0.13804071E+002
  0.15761769E+000  0.20495241E+000  0.39913552E+000  0.60102159E+000  0.91352363E+000  0.10528236E+001  0.15624801E+001  0.34685075E+001  0.50329241E+001  0.86255026E+001  0.13804071E+002
  0.15761769E+000  0.20495241E+000  0.39913552E+000  0.60102158E+000  0.91352363E+000  0.10528236E+001  0.15624800E+001  0.34685073E+001  0.50329222E+001  0.86255022E+001  0.13804071E+002
  0.15761769E+000  0.20495241E+000  0.39913551E+000  0.60102158E+000  0.91352363E+000  0.10528236E+001  0.15624800E+001  0.34685071E+001  0.50329204E+001  0.86255018E+001  0.13804071E+002
  0.15761769E+000  0.20495240E+000  0.39913551E+000  0.60102157E+000  0.91352363E+000  0.10528236E+001  0.15624799E+001  0.34685069E+001  0.50329187E+001  0.86255014E+001  0.13804071E+002
  0.15761769E+000  0.20495240E+000  0.39913550E+000  0.60102155E+000  0.91352360E+000  0.10528236E+001  0.15624798E+001  0.34685067E+001  0.50329169E+001  0.86255010E+001  0.13804071E+002
