    0.07610368681738
    0.11966781931074
    0.17729777182631
    0.21168072597585
    0.24547841479687
    0.31323496987752
    0.33285339944737
    0.35499281708994
    0.40231746868724
    0.49314984100769
    0.51336448579289
    0.58878525354673
    0.68279278793059
    0.71078109428267
    0.87125614908752
    0.92582438755716
    0.98740468931714
    1.05308094449530
    1.11903717581400
    1.37168535900554
    1.42791200744871
    1.65589748488511
    1.89917309721891
    1.97702186924210
    2.42337978429520
    2.74644436041777
    2.92912141532639
    3.11257718404395
    3.97170570492825
    4.60584219933524
    5.49904271465194
    8.14728659802657
   12.81104846897844
