  0.30237416E+002
  0.30244389E+002
  0.30249525E+002
  0.30253442E+002
  0.30256487E+002
  0.30258889E+002
  0.30260801E+002
  0.30262337E+002
  0.30263577E+002
  0.30264584E+002
  0.30265407E+002
  0.30266084E+002
  0.30266644E+002
  0.30267113E+002
  0.30267508E+002
  0.30267845E+002
  0.30268136E+002
  0.30268390E+002
  0.30268617E+002
  0.30268822E+002
  0.30269011E+002
  0.30269189E+002
  0.30269359E+002
  0.30269524E+002
  0.30269687E+002
  0.30269850E+002
  0.30270014E+002
  0.30270182E+002
  0.30270354E+002
  0.30270531E+002
  0.30270714E+002
  0.30270903E+002
  0.30271100E+002
  0.30271304E+002
  0.30271515E+002
  0.30271734E+002
  0.30271960E+002
  0.30272194E+002
  0.30272436E+002
  0.30272685E+002
  0.30272941E+002
  0.30273203E+002
  0.30273473E+002
  0.30273748E+002
  0.30274030E+002
  0.30274317E+002
  0.30274608E+002
  0.30274904E+002
  0.30275204E+002
  0.30275507E+002
  0.30275813E+002
  0.30276121E+002
  0.30276430E+002
  0.30276739E+002
  0.30277049E+002
  0.30277357E+002
  0.30277664E+002
  0.30277968E+002
  0.30278268E+002
  0.30278565E+002
  0.30278856E+002
  0.30279141E+002
  0.30279420E+002
  0.30279691E+002
  0.30279953E+002
  0.30280206E+002
  0.30280449E+002
  0.30280681E+002
  0.30280902E+002
  0.30281111E+002
  0.30281306E+002
  0.30281489E+002
  0.30281657E+002
  0.30281810E+002
  0.30281949E+002
  0.30282071E+002
  0.30282178E+002
  0.30282268E+002
  0.30282341E+002
  0.30282397E+002
  0.30282435E+002
  0.30282456E+002
  0.30282458E+002
  0.30282443E+002
  0.30282409E+002
  0.30282356E+002
  0.30282285E+002
  0.30282196E+002
  0.30282089E+002
  0.30281964E+002
  0.30281820E+002
  0.30281659E+002
  0.30281480E+002
  0.30281285E+002
  0.30281073E+002
  0.30280844E+002
  0.30280600E+002
  0.30280340E+002
  0.30280066E+002
  0.30279777E+002
  0.30279474E+002
  0.30279158E+002
  0.30278829E+002
  0.30278488E+002
  0.30278136E+002
  0.30277772E+002
  0.30277398E+002
  0.30277013E+002
  0.30276620E+002
  0.30276217E+002
  0.30275806E+002
  0.30275386E+002
  0.30274960E+002
  0.30274526E+002
  0.30274086E+002
  0.30273639E+002
  0.30273187E+002
  0.30272730E+002
  0.30272267E+002
  0.30271800E+002
  0.30271329E+002
  0.30270855E+002
  0.30270376E+002
  0.30269895E+002
  0.30269411E+002
  0.30268925E+002
  0.30268436E+002
  0.30267946E+002
  0.30267455E+002
  0.30266962E+002
  0.30266468E+002
  0.30265974E+002
  0.30265479E+002
  0.30264985E+002
  0.30264490E+002
  0.30263996E+002
  0.30263503E+002
  0.30263011E+002
  0.30262520E+002
  0.30262031E+002
  0.30261543E+002
  0.30261058E+002
  0.30260575E+002
  0.30260094E+002
  0.30259616E+002
  0.30259141E+002
  0.30258669E+002
  0.30258200E+002
  0.30257735E+002
  0.30257273E+002
  0.30256816E+002
  0.30256363E+002
  0.30255914E+002
  0.30255469E+002
  0.30255029E+002
  0.30254594E+002
  0.30254164E+002
  0.30253739E+002
  0.30253319E+002
  0.30252905E+002
  0.30252496E+002
  0.30252092E+002
  0.30251695E+002
  0.30251303E+002
  0.30250917E+002
  0.30250538E+002
  0.30250164E+002
  0.30249797E+002
  0.30249435E+002
  0.30249081E+002
  0.30248732E+002
  0.30248390E+002
  0.30248054E+002
  0.30247725E+002
  0.30247402E+002
  0.30247086E+002
  0.30246776E+002
  0.30246473E+002
  0.30246176E+002
  0.30245886E+002
  0.30245602E+002
  0.30245325E+002
  0.30245054E+002
  0.30244790E+002
  0.30244532E+002
  0.30244281E+002
  0.30244035E+002
  0.30243796E+002
  0.30243563E+002
  0.30243337E+002
  0.30243116E+002
  0.30242902E+002
  0.30242693E+002
  0.30242490E+002
  0.30242293E+002
  0.30242102E+002
  0.30241916E+002
  0.30241736E+002
  0.30241562E+002
  0.30241393E+002
