  0.15286896E+001  0.10360849E+001  0.70171987E+001  0.11136771E+003
  0.15170172E+001  0.10393619E+001  0.70445300E+001  0.11137666E+003
  0.15209731E+001  0.10339746E+001  0.70428162E+001  0.11140035E+003
  0.15187731E+001  0.10319275E+001  0.70406679E+001  0.11142241E+003
  0.15145326E+001  0.10340293E+001  0.70430119E+001  0.11143439E+003
  0.15121481E+001  0.10345767E+001  0.70514838E+001  0.11143736E+003
  0.15094875E+001  0.10364163E+001  0.70542123E+001  0.11144310E+003
  0.15068521E+001  0.10330444E+001  0.70699625E+001  0.11143950E+003
  0.15051368E+001  0.10318529E+001  0.70843873E+001  0.11128550E+003
  0.15047941E+001  0.10321224E+001  0.70770721E+001  0.11144436E+003
  0.15035556E+001  0.10329990E+001  0.70791254E+001  0.11144596E+003
  0.15020356E+001  0.10331562E+001  0.70803400E+001  0.11144882E+003
  0.15014710E+001  0.10331980E+001  0.70786424E+001  0.11145328E+003
  0.15013517E+001  0.10307293E+001  0.70812991E+001  0.11145508E+003
  0.15003082E+001  0.10314100E+001  0.70815312E+001  0.11145680E+003
  0.14998261E+001  0.10316961E+001  0.70838714E+001  0.11145600E+003
  0.14998266E+001  0.10313385E+001  0.70842148E+001  0.11145718E+003
  0.14997808E+001  0.10306757E+001  0.70850291E+001  0.11145809E+003
  0.14984021E+001  0.10319150E+001  0.70947707E+001  0.11130768E+003
  0.14989687E+001  0.10312526E+001  0.70854840E+001  0.11145960E+003
  0.15006795E+001  0.10294874E+001  0.70856503E+001  0.11146024E+003
  0.15007040E+001  0.10294268E+001  0.70857659E+001  0.11146087E+003
  0.15005723E+001  0.10295475E+001  0.70879522E+001  0.11145938E+003
  0.15006065E+001  0.10295086E+001  0.70880729E+001  0.11145992E+003
  0.15006313E+001  0.10292966E+001  0.70883744E+001  0.11146046E+003
  0.15006551E+001  0.10293011E+001  0.70884583E+001  0.11146100E+003
  0.15005971E+001  0.10293923E+001  0.70885351E+001  0.11146155E+003
  0.15003649E+001  0.10296589E+001  0.70886084E+001  0.11146211E+003
  0.14992418E+001  0.10308198E+001  0.70886767E+001  0.11146269E+003
  0.14992650E+001  0.10307094E+001  0.70888682E+001  0.11146329E+003
  0.14992878E+001  0.10307270E+001  0.70887321E+001  0.11146412E+003
  0.14992795E+001  0.10306978E+001  0.70888687E+001  0.11146478E+003
  0.14993014E+001  0.10307178E+001  0.70889234E+001  0.11146547E+003
  0.14993228E+001  0.10307388E+001  0.70889762E+001  0.11146619E+003
  0.14993437E+001  0.10307607E+001  0.70890264E+001  0.11146694E+003
  0.14993640E+001  0.10307835E+001  0.70890739E+001  0.11146773E+003
  0.14993839E+001  0.10308069E+001  0.70891190E+001  0.11146854E+003
  0.14994032E+001  0.10308310E+001  0.70891618E+001  0.11146939E+003
  0.14994527E+001  0.10308249E+001  0.70892027E+001  0.11147028E+003
  0.14994710E+001  0.10308499E+001  0.70890556E+001  0.11147138E+003
  0.14994889E+001  0.10308751E+001  0.70871342E+001  0.11147428E+003
  0.14995062E+001  0.10309797E+001  0.70892390E+001  0.11147310E+003
  0.14995230E+001  0.10310053E+001  0.70892754E+001  0.11147410E+003
  0.15007090E+001  0.10298611E+001  0.70893111E+001  0.11147513E+003
  0.15007250E+001  0.10298864E+001  0.70893462E+001  0.11147618E+003
  0.15007406E+001  0.10299114E+001  0.70893810E+001  0.11147725E+003
  0.15007557E+001  0.10299362E+001  0.70894157E+001  0.11147834E+003
  0.15007704E+001  0.10299606E+001  0.70894504E+001  0.11147945E+003
  0.15007846E+001  0.10301130E+001  0.70893569E+001  0.11148058E+003
  0.15007985E+001  0.10301551E+001  0.70893735E+001  0.11148172E+003
  0.15009635E+001  0.10300266E+001  0.70894090E+001  0.11148287E+003
  0.15009765E+001  0.10300492E+001  0.70894451E+001  0.11148403E+003
  0.15009890E+001  0.10300713E+001  0.70894817E+001  0.11148519E+003
  0.15010011E+001  0.10300945E+001  0.70895173E+001  0.11148636E+003
  0.15011196E+001  0.10300086E+001  0.70895552E+001  0.11148752E+003
  0.15011308E+001  0.10300291E+001  0.70895936E+001  0.11148869E+003
  0.15011437E+001  0.10300468E+001  0.70896326E+001  0.11148985E+003
  0.15011539E+001  0.10300662E+001  0.70898746E+001  0.11149079E+003
  0.15011636E+001  0.10300851E+001  0.70899147E+001  0.11149192E+003
  0.15011728E+001  0.10301035E+001  0.70899552E+001  0.11149304E+003
  0.15012659E+001  0.10300370E+001  0.70899958E+001  0.11149414E+003
  0.15012739E+001  0.10300547E+001  0.70900365E+001  0.11149521E+003
  0.15012812E+001  0.10300721E+001  0.70900771E+001  0.11149626E+003
  0.15012879E+001  0.10300891E+001  0.70901174E+001  0.11149728E+003
  0.15012939E+001  0.10301059E+001  0.70901573E+001  0.11149827E+003
  0.15012991E+001  0.10301222E+001  0.70901966E+001  0.11149922E+003
  0.15013050E+001  0.10301367E+001  0.70902352E+001  0.11150013E+003
  0.15013088E+001  0.10301521E+001  0.70902729E+001  0.11150101E+003
  0.15013119E+001  0.10301682E+001  0.70903084E+001  0.11150183E+003
  0.15013141E+001  0.10301826E+001  0.70903438E+001  0.11150262E+003
  0.15013155E+001  0.10301963E+001  0.70903778E+001  0.11150335E+003
  0.15013161E+001  0.10302092E+001  0.70904104E+001  0.11150403E+003
  0.15013158E+001  0.10302214E+001  0.70904414E+001  0.11150466E+003
  0.15013147E+001  0.10302327E+001  0.70904708E+001  0.11150524E+003
  0.15013127E+001  0.10304583E+001  0.70902831E+001  0.11150575E+003
  0.15013186E+001  0.10304589E+001  0.70903091E+001  0.11150621E+003
  0.15013149E+001  0.10304670E+001  0.70903333E+001  0.11150661E+003
  0.15013104E+001  0.10304738E+001  0.70903557E+001  0.11150695E+003
  0.15013051E+001  0.10304793E+001  0.70903764E+001  0.11150722E+003
  0.15012990E+001  0.10304854E+001  0.70903934E+001  0.11150742E+003
  0.15013130E+001  0.10304704E+001  0.70904076E+001  0.11150756E+003
  0.15013062E+001  0.10304743E+001  0.70904200E+001  0.11150764E+003
  0.15012978E+001  0.10304775E+001  0.70904308E+001  0.11150764E+003
  0.15012888E+001  0.10304793E+001  0.70904401E+001  0.11150758E+003
  0.15012791E+001  0.10304890E+001  0.70904385E+001  0.11150744E+003
  0.15012688E+001  0.10304880E+001  0.70904447E+001  0.11150724E+003
  0.15012580E+001  0.10304858E+001  0.70904493E+001  0.11150696E+003
  0.15012467E+001  0.10304822E+001  0.70904525E+001  0.11150662E+003
  0.15012349E+001  0.10304774E+001  0.70904541E+001  0.11150620E+003
  0.15012228E+001  0.10304715E+001  0.70904543E+001  0.11150572E+003
  0.15012103E+001  0.10304645E+001  0.70904529E+001  0.11150517E+003
  0.15011975E+001  0.10304564E+001  0.70904501E+001  0.11150455E+003
  0.15011844E+001  0.10304474E+001  0.70904458E+001  0.11150386E+003
  0.15011712E+001  0.10304375E+001  0.70904400E+001  0.11150310E+003
  0.15011577E+001  0.10304268E+001  0.70904326E+001  0.11150229E+003
  0.15011442E+001  0.10304153E+001  0.70904238E+001  0.11150141E+003
  0.15011306E+001  0.10304031E+001  0.70904134E+001  0.11150047E+003
  0.15011169E+001  0.10303903E+001  0.70904016E+001  0.11149947E+003
  0.15011032E+001  0.10303769E+001  0.70903882E+001  0.11149841E+003
  0.15010896E+001  0.10303629E+001  0.70903732E+001  0.11149729E+003
  0.15010760E+001  0.10303489E+001  0.70903564E+001  0.11149613E+003
  0.15010624E+001  0.10303342E+001  0.70903384E+001  0.11149491E+003
  0.15010490E+001  0.10303190E+001  0.70903189E+001  0.11149364E+003
  0.15010357E+001  0.10303036E+001  0.70902979E+001  0.11149233E+003
  0.15010225E+001  0.10302880E+001  0.70902753E+001  0.11149097E+003
  0.15010095E+001  0.10302721E+001  0.70902512E+001  0.11148957E+003
  0.15009966E+001  0.10302561E+001  0.70902257E+001  0.11148813E+003
  0.15009838E+001  0.10302400E+001  0.70901986E+001  0.11148664E+003
  0.15009713E+001  0.10302238E+001  0.70901700E+001  0.11148513E+003
  0.15009589E+001  0.10302076E+001  0.70901400E+001  0.11148357E+003
  0.15009466E+001  0.10301914E+001  0.70901085E+001  0.11148199E+003
  0.15009346E+001  0.10301753E+001  0.70900755E+001  0.11148037E+003
  0.15009227E+001  0.10301593E+001  0.70900412E+001  0.11147873E+003
  0.15009110E+001  0.10301434E+001  0.70900055E+001  0.11147706E+003
  0.15008994E+001  0.10301277E+001  0.70899684E+001  0.11147536E+003
  0.15008880E+001  0.10301123E+001  0.70899301E+001  0.11147364E+003
  0.15008768E+001  0.10300970E+001  0.70898904E+001  0.11147190E+003
  0.15008657E+001  0.10300821E+001  0.70898496E+001  0.11147013E+003
  0.15008548E+001  0.10300674E+001  0.70898076E+001  0.11146835E+003
  0.15008440E+001  0.10300531E+001  0.70897644E+001  0.11146655E+003
  0.15008333E+001  0.10300391E+001  0.70897203E+001  0.11146474E+003
  0.15008228E+001  0.10300255E+001  0.70896751E+001  0.11146291E+003
  0.15008125E+001  0.10300123E+001  0.70896291E+001  0.11146107E+003
  0.15008022E+001  0.10299996E+001  0.70895824E+001  0.11145921E+003
  0.15007921E+001  0.10299873E+001  0.70895349E+001  0.11145734E+003
  0.15007822E+001  0.10299754E+001  0.70894868E+001  0.11145547E+003
  0.15007724E+001  0.10299640E+001  0.70894383E+001  0.11145358E+003
  0.15007628E+001  0.10299531E+001  0.70893894E+001  0.11145169E+003
  0.15007533E+001  0.10299426E+001  0.70893404E+001  0.11144980E+003
  0.15007440E+001  0.10299327E+001  0.70892912E+001  0.11144789E+003
  0.15007350E+001  0.10299232E+001  0.70892421E+001  0.11144599E+003
  0.15007261E+001  0.10299143E+001  0.70891933E+001  0.11144408E+003
  0.15007174E+001  0.10299058E+001  0.70891447E+001  0.11144216E+003
  0.15007090E+001  0.10298978E+001  0.70890967E+001  0.11144025E+003
  0.15007008E+001  0.10298903E+001  0.70890494E+001  0.11143833E+003
  0.15006928E+001  0.10298832E+001  0.70890028E+001  0.11143642E+003
  0.15006852E+001  0.10298766E+001  0.70889572E+001  0.11143451E+003
  0.15006778E+001  0.10298705E+001  0.70889128E+001  0.11143260E+003
  0.15006708E+001  0.10298648E+001  0.70888695E+001  0.11143069E+003
  0.15006641E+001  0.10298595E+001  0.70888277E+001  0.11142879E+003
  0.15006577E+001  0.10298546E+001  0.70887873E+001  0.11142689E+003
  0.15006517E+001  0.10298501E+001  0.70887486E+001  0.11142500E+003
  0.15006461E+001  0.10298460E+001  0.70887116E+001  0.11142311E+003
  0.15006409E+001  0.10298423E+001  0.70886765E+001  0.11142123E+003
  0.15006360E+001  0.10298389E+001  0.70886432E+001  0.11141936E+003
  0.15006316E+001  0.10298359E+001  0.70886120E+001  0.11141750E+003
  0.15006276E+001  0.10298331E+001  0.70885828E+001  0.11141564E+003
  0.15006240E+001  0.10298307E+001  0.70885558E+001  0.11141380E+003
  0.15006208E+001  0.10298286E+001  0.70885309E+001  0.11141197E+003
  0.15006180E+001  0.10298267E+001  0.70885082E+001  0.11141015E+003
  0.15006157E+001  0.10298252E+001  0.70884876E+001  0.11140835E+003
  0.15006138E+001  0.10298238E+001  0.70884693E+001  0.11140656E+003
  0.15006123E+001  0.10298227E+001  0.70884531E+001  0.11140478E+003
  0.15006112E+001  0.10298218E+001  0.70884391E+001  0.11140302E+003
  0.15006104E+001  0.10298212E+001  0.70884272E+001  0.11140127E+003
  0.15006101E+001  0.10298207E+001  0.70884173E+001  0.11139954E+003
  0.15006101E+001  0.10298204E+001  0.70884095E+001  0.11139783E+003
  0.15006105E+001  0.10298203E+001  0.70884036E+001  0.11139613E+003
  0.15006112E+001  0.10298204E+001  0.70883996E+001  0.11139446E+003
  0.15006122E+001  0.10298206E+001  0.70883974E+001  0.11139280E+003
  0.15006135E+001  0.10298210E+001  0.70883969E+001  0.11139117E+003
  0.15006151E+001  0.10298215E+001  0.70883980E+001  0.11138955E+003
  0.15006169E+001  0.10298221E+001  0.70884007E+001  0.11138795E+003
  0.15006190E+001  0.10298228E+001  0.70884048E+001  0.11138638E+003
  0.15006213E+001  0.10298237E+001  0.70884102E+001  0.11138483E+003
  0.15006238E+001  0.10298247E+001  0.70884168E+001  0.11138330E+003
  0.15006264E+001  0.10298257E+001  0.70884245E+001  0.11138179E+003
  0.15006292E+001  0.10298268E+001  0.70884333E+001  0.11138031E+003
  0.15006321E+001  0.10298281E+001  0.70884430E+001  0.11137885E+003
  0.15006351E+001  0.10298293E+001  0.70884534E+001  0.11137742E+003
  0.15006382E+001  0.10298307E+001  0.70884646E+001  0.11137601E+003
  0.15006414E+001  0.10298320E+001  0.70884764E+001  0.11137462E+003
  0.15006446E+001  0.10298335E+001  0.70884888E+001  0.11137326E+003
  0.15006479E+001  0.10298349E+001  0.70885016E+001  0.11137193E+003
  0.15006511E+001  0.10298364E+001  0.70885147E+001  0.11137062E+003
  0.15006543E+001  0.10298379E+001  0.70885281E+001  0.11136934E+003
  0.15006576E+001  0.10298395E+001  0.70885417E+001  0.11136808E+003
  0.15006608E+001  0.10298410E+001  0.70885554E+001  0.11136685E+003
  0.15006639E+001  0.10298426E+001  0.70885691E+001  0.11136564E+003
  0.15006670E+001  0.10298441E+001  0.70885829E+001  0.11136446E+003
  0.15006701E+001  0.10298456E+001  0.70885966E+001  0.11136331E+003
  0.15006730E+001  0.10298472E+001  0.70886101E+001  0.11136218E+003
  0.15006759E+001  0.10298487E+001  0.70886235E+001  0.11136108E+003
  0.15006787E+001  0.10298501E+001  0.70886367E+001  0.11136001E+003
  0.15006814E+001  0.10298516E+001  0.70886496E+001  0.11135896E+003
  0.15006840E+001  0.10298530E+001  0.70886622E+001  0.11135794E+003
  0.15006865E+001  0.10298544E+001  0.70886745E+001  0.11135694E+003
  0.15006889E+001  0.10298558E+001  0.70886864E+001  0.11135597E+003
  0.15006912E+001  0.10298571E+001  0.70886980E+001  0.11135502E+003
  0.15006934E+001  0.10298584E+001  0.70887092E+001  0.11135410E+003
  0.15006955E+001  0.10298596E+001  0.70887200E+001  0.11135320E+003
  0.15006975E+001  0.10298608E+001  0.70887304E+001  0.11135233E+003
  0.15006993E+001  0.10298620E+001  0.70887404E+001  0.11135148E+003
  0.15007011E+001  0.10298631E+001  0.70887499E+001  0.11135066E+003
  0.15007028E+001  0.10298641E+001  0.70887591E+001  0.11134986E+003
  0.15007043E+001  0.10298652E+001  0.70887677E+001  0.11134908E+003
  0.15007058E+001  0.10298661E+001  0.70887760E+001  0.11134833E+003
  0.15007071E+001  0.10298670E+001  0.70887838E+001  0.11134760E+003
  0.15007084E+001  0.10298679E+001  0.70887912E+001  0.11134689E+003
  0.15007096E+001  0.10298687E+001  0.70887982E+001  0.11134621E+003
