  0.36544153E-001  0.37207889E+000  0.31419242E+001  0.11739913E+003
  0.36597301E-001  0.37245413E+000  0.31417741E+001  0.11742675E+003
  0.36600542E-001  0.37280135E+000  0.31416357E+001  0.11744708E+003
  0.36608676E-001  0.37307779E+000  0.31415150E+001  0.11746258E+003
  0.36616304E-001  0.37329925E+000  0.31414136E+001  0.11747463E+003
  0.36622969E-001  0.37347787E+000  0.31413292E+001  0.11748414E+003
  0.36628874E-001  0.37361839E+000  0.31412637E+001  0.11749171E+003
  0.36634113E-001  0.37372574E+000  0.31412173E+001  0.11749778E+003
  0.36638710E-001  0.37380525E+000  0.31411884E+001  0.11750269E+003
  0.36642662E-001  0.37386143E+000  0.31411755E+001  0.11750667E+003
  0.36645972E-001  0.37389808E+000  0.31411772E+001  0.11750992E+003
  0.36648651E-001  0.37391837E+000  0.31411919E+001  0.11751259E+003
  0.36650729E-001  0.37392498E+000  0.31412183E+001  0.11751480E+003
  0.36652239E-001  0.37392013E+000  0.31412553E+001  0.11751664E+003
  0.36653235E-001  0.37390571E+000  0.31413017E+001  0.11751819E+003
  0.36653776E-001  0.37388328E+000  0.31413565E+001  0.11751950E+003
  0.36653922E-001  0.37385414E+000  0.31414188E+001  0.11752063E+003
  0.36653731E-001  0.37381944E+000  0.31414877E+001  0.11752162E+003
  0.36653259E-001  0.37378012E+000  0.31415624E+001  0.11752249E+003
  0.36652557E-001  0.37373700E+000  0.31416423E+001  0.11752327E+003
  0.36651675E-001  0.37369024E+000  0.31417271E+001  0.11752399E+003
  0.36650658E-001  0.37363983E+000  0.31418171E+001  0.11752466E+003
  0.36649553E-001  0.37358653E+000  0.31419112E+001  0.11752530E+003
  0.36649611E-001  0.37352976E+000  0.31420090E+001  0.11752592E+003
  0.36650238E-001  0.37347099E+000  0.31421095E+001  0.11752653E+003
  0.36650839E-001  0.37341232E+000  0.31422113E+001  0.11752714E+003
  0.36651431E-001  0.37335292E+000  0.31423151E+001  0.11752775E+003
  0.36652014E-001  0.37329316E+000  0.31424206E+001  0.11752838E+003
  0.36650968E-001  0.37323499E+000  0.31425274E+001  0.11752902E+003
  0.36649989E-001  0.37317698E+000  0.31426353E+001  0.11752968E+003
  0.36649084E-001  0.37311938E+000  0.31427441E+001  0.11753036E+003
  0.36645224E-001  0.37306543E+000  0.31428535E+001  0.11753106E+003
  0.36638538E-001  0.37301518E+000  0.31429634E+001  0.11753180E+003
  0.36632114E-001  0.37296571E+000  0.31430736E+001  0.11753256E+003
  0.36625952E-001  0.37291714E+000  0.31431839E+001  0.11753335E+003
  0.36620053E-001  0.37286959E+000  0.31432941E+001  0.11753417E+003
  0.36614417E-001  0.37282315E+000  0.31434041E+001  0.11753501E+003
  0.36609042E-001  0.37277791E+000  0.31435137E+001  0.11753589E+003
  0.36603924E-001  0.37273393E+000  0.31436226E+001  0.11753680E+003
  0.36599059E-001  0.37269126E+000  0.31437306E+001  0.11753773E+003
  0.36594445E-001  0.37264996E+000  0.31438376E+001  0.11753869E+003
  0.36590076E-001  0.37261006E+000  0.31439432E+001  0.11753968E+003
  0.36585948E-001  0.37257157E+000  0.31440472E+001  0.11754070E+003
  0.36582055E-001  0.37253454E+000  0.31441493E+001  0.11754174E+003
  0.36578393E-001  0.37249897E+000  0.31442493E+001  0.11754281E+003
  0.36574956E-001  0.37246488E+000  0.31443469E+001  0.11754389E+003
  0.36571739E-001  0.37243229E+000  0.31444417E+001  0.11754500E+003
  0.36568738E-001  0.37240119E+000  0.31445336E+001  0.11754613E+003
  0.36565948E-001  0.37237160E+000  0.31446224E+001  0.11754727E+003
  0.36563361E-001  0.37234353E+000  0.31447077E+001  0.11754843E+003
  0.36560974E-001  0.37231699E+000  0.31447895E+001  0.11754960E+003
  0.36558780E-001  0.37229198E+000  0.31448675E+001  0.11755078E+003
  0.36556773E-001  0.37226851E+000  0.31449417E+001  0.11755197E+003
  0.36554945E-001  0.37224659E+000  0.31450118E+001  0.11755316E+003
  0.36553290E-001  0.37222621E+000  0.31450778E+001  0.11755435E+003
  0.36551800E-001  0.37220670E+000  0.31451402E+001  0.11755554E+003
  0.36550465E-001  0.37218818E+000  0.31451989E+001  0.11755673E+003
  0.36549276E-001  0.37217078E+000  0.31452536E+001  0.11755791E+003
  0.36548224E-001  0.37215697E+000  0.31453018E+001  0.11755908E+003
  0.36547297E-001  0.37218798E+000  0.31453023E+001  0.11756024E+003
  0.36546485E-001  0.37221523E+000  0.31453036E+001  0.11756137E+003
  0.36545777E-001  0.37223884E+000  0.31453056E+001  0.11756249E+003
  0.36545161E-001  0.37225895E+000  0.31453080E+001  0.11756358E+003
  0.36544626E-001  0.37227568E+000  0.31453108E+001  0.11756465E+003
  0.36544162E-001  0.37228922E+000  0.31453139E+001  0.11756568E+003
  0.36543758E-001  0.37229972E+000  0.31453172E+001  0.11756668E+003
  0.36543404E-001  0.37230736E+000  0.31453204E+001  0.11756764E+003
  0.36543093E-001  0.37231234E+000  0.31453236E+001  0.11756856E+003
  0.36542815E-001  0.37231483E+000  0.31453267E+001  0.11756944E+003
  0.36542564E-001  0.37231501E+000  0.31453296E+001  0.11757027E+003
  0.36542335E-001  0.37231306E+000  0.31453323E+001  0.11757105E+003
  0.36542122E-001  0.37230914E+000  0.31453347E+001  0.11757178E+003
  0.36541921E-001  0.37230342E+000  0.31453369E+001  0.11757246E+003
  0.36541729E-001  0.37229604E+000  0.31453389E+001  0.11757308E+003
  0.36541545E-001  0.37228713E+000  0.31453407E+001  0.11757364E+003
  0.36541365E-001  0.37227683E+000  0.31453424E+001  0.11757414E+003
  0.36541190E-001  0.37226523E+000  0.31453438E+001  0.11757458E+003
  0.36541018E-001  0.37225244E+000  0.31453451E+001  0.11757495E+003
  0.36540849E-001  0.37223855E+000  0.31453462E+001  0.11757525E+003
  0.36540694E-001  0.37222363E+000  0.31453472E+001  0.11757549E+003
  0.36540563E-001  0.37220775E+000  0.31453479E+001  0.11757566E+003
  0.36540456E-001  0.37219098E+000  0.31453483E+001  0.11757576E+003
  0.36540374E-001  0.37217337E+000  0.31453484E+001  0.11757579E+003
  0.36540315E-001  0.37215498E+000  0.31453480E+001  0.11757574E+003
  0.36540278E-001  0.37213586E+000  0.31453471E+001  0.11757563E+003
  0.36540260E-001  0.37212389E+000  0.31453376E+001  0.11757544E+003
  0.36540257E-001  0.37212635E+000  0.31453122E+001  0.11757518E+003
  0.36540267E-001  0.37212824E+000  0.31452859E+001  0.11757485E+003
  0.36540286E-001  0.37212952E+000  0.31452585E+001  0.11757444E+003
  0.36540310E-001  0.37213018E+000  0.31452299E+001  0.11757397E+003
  0.36540336E-001  0.37213021E+000  0.31452001E+001  0.11757342E+003
  0.36540359E-001  0.37212961E+000  0.31451690E+001  0.11757281E+003
  0.36540378E-001  0.37212838E+000  0.31451365E+001  0.11757213E+003
  0.36540388E-001  0.37212654E+000  0.31451025E+001  0.11757138E+003
  0.36540387E-001  0.37212412E+000  0.31450669E+001  0.11757057E+003
  0.36540374E-001  0.37212113E+000  0.31450297E+001  0.11756970E+003
  0.36540348E-001  0.37211762E+000  0.31449908E+001  0.11756877E+003
  0.36540307E-001  0.37211364E+000  0.31449501E+001  0.11756777E+003
  0.36540253E-001  0.37210921E+000  0.31449076E+001  0.11756672E+003
  0.36540184E-001  0.37210440E+000  0.31448632E+001  0.11756561E+003
  0.36540103E-001  0.37209925E+000  0.31448169E+001  0.11756445E+003
  0.36540011E-001  0.37209382E+000  0.31447687E+001  0.11756324E+003
  0.36539910E-001  0.37208818E+000  0.31447186E+001  0.11756198E+003
  0.36539801E-001  0.37208236E+000  0.31446665E+001  0.11756068E+003
  0.36539687E-001  0.37207645E+000  0.31446126E+001  0.11755933E+003
  0.36539570E-001  0.37207048E+000  0.31445567E+001  0.11755794E+003
  0.36539452E-001  0.37206453E+000  0.31444989E+001  0.11755650E+003
  0.36539336E-001  0.37205864E+000  0.31444393E+001  0.11755503E+003
  0.36539224E-001  0.37205287E+000  0.31443779E+001  0.11755352E+003
  0.36539118E-001  0.37204726E+000  0.31443148E+001  0.11755198E+003
  0.36539020E-001  0.37204187E+000  0.31442500E+001  0.11755041E+003
  0.36538932E-001  0.37203674E+000  0.31441836E+001  0.11754880E+003
  0.36538855E-001  0.37203190E+000  0.31441157E+001  0.11754717E+003
  0.36538791E-001  0.37202738E+000  0.31440464E+001  0.11754551E+003
  0.36538741E-001  0.37202322E+000  0.31439759E+001  0.11754382E+003
  0.36538705E-001  0.37201943E+000  0.31439043E+001  0.11754211E+003
  0.36538684E-001  0.37201604E+000  0.31438316E+001  0.11754038E+003
  0.36538678E-001  0.37201306E+000  0.31437582E+001  0.11753862E+003
  0.36538688E-001  0.37201048E+000  0.31436841E+001  0.11753685E+003
  0.36538714E-001  0.37200833E+000  0.31436095E+001  0.11753506E+003
  0.36538755E-001  0.37200658E+000  0.31435346E+001  0.11753325E+003
  0.36538811E-001  0.37200525E+000  0.31434595E+001  0.11753143E+003
  0.36538881E-001  0.37200431E+000  0.31433846E+001  0.11752959E+003
  0.36538965E-001  0.37200376E+000  0.31433099E+001  0.11752774E+003
  0.36539061E-001  0.37200358E+000  0.31432357E+001  0.11752588E+003
  0.36539170E-001  0.37200375E+000  0.31431622E+001  0.11752401E+003
  0.36539289E-001  0.37200425E+000  0.31430895E+001  0.11752213E+003
  0.36539418E-001  0.37200506E+000  0.31430179E+001  0.11752024E+003
  0.36539556E-001  0.37200615E+000  0.31429475E+001  0.11751834E+003
  0.36539702E-001  0.37200749E+000  0.31428786E+001  0.11751644E+003
  0.36539854E-001  0.37200907E+000  0.31428112E+001  0.11751453E+003
  0.36540012E-001  0.37201085E+000  0.31427456E+001  0.11751261E+003
  0.36540174E-001  0.37201282E+000  0.31426819E+001  0.11751070E+003
  0.36540340E-001  0.37201494E+000  0.31426202E+001  0.11750878E+003
  0.36540508E-001  0.37201719E+000  0.31425606E+001  0.11750686E+003
  0.36540677E-001  0.37201954E+000  0.31425034E+001  0.11750494E+003
  0.36540847E-001  0.37202198E+000  0.31424484E+001  0.11750302E+003
  0.36541016E-001  0.37202449E+000  0.31423959E+001  0.11750110E+003
  0.36541184E-001  0.37202703E+000  0.31423459E+001  0.11749918E+003
  0.36541350E-001  0.37202960E+000  0.31422984E+001  0.11749727E+003
  0.36541514E-001  0.37203218E+000  0.31422535E+001  0.11749536E+003
  0.36541674E-001  0.37203475E+000  0.31422112E+001  0.11749346E+003
  0.36541831E-001  0.37203729E+000  0.31421714E+001  0.11749156E+003
  0.36541984E-001  0.37203979E+000  0.31421342E+001  0.11748967E+003
  0.36542132E-001  0.37204225E+000  0.31420996E+001  0.11748779E+003
  0.36542275E-001  0.37204465E+000  0.31420674E+001  0.11748592E+003
  0.36542413E-001  0.37204699E+000  0.31420377E+001  0.11748406E+003
  0.36542545E-001  0.37204925E+000  0.31420104E+001  0.11748221E+003
  0.36542672E-001  0.37205143E+000  0.31419854E+001  0.11748037E+003
  0.36542793E-001  0.37205353E+000  0.31419626E+001  0.11747855E+003
  0.36542909E-001  0.37205554E+000  0.31419420E+001  0.11747674E+003
  0.36543018E-001  0.37205746E+000  0.31419235E+001  0.11747494E+003
  0.36543122E-001  0.37205929E+000  0.31419069E+001  0.11747316E+003
  0.36543219E-001  0.37206102E+000  0.31418922E+001  0.11747139E+003
  0.36543312E-001  0.37206266E+000  0.31418793E+001  0.11746965E+003
  0.36543398E-001  0.37206420E+000  0.31418681E+001  0.11746791E+003
  0.36543479E-001  0.37206565E+000  0.31418584E+001  0.11746620E+003
  0.36543554E-001  0.37206701E+000  0.31418502E+001  0.11746451E+003
  0.36543624E-001  0.37206829E+000  0.31418433E+001  0.11746284E+003
  0.36543690E-001  0.37206947E+000  0.31418378E+001  0.11746118E+003
  0.36543750E-001  0.37207057E+000  0.31418333E+001  0.11745955E+003
  0.36543805E-001  0.37207159E+000  0.31418299E+001  0.11745794E+003
  0.36543856E-001  0.37207253E+000  0.31418275E+001  0.11745635E+003
  0.36543903E-001  0.37207339E+000  0.31418260E+001  0.11745478E+003
  0.36543946E-001  0.37207419E+000  0.31418253E+001  0.11745324E+003
  0.36543984E-001  0.37207491E+000  0.31418253E+001  0.11745172E+003
  0.36544019E-001  0.37207557E+000  0.31418258E+001  0.11745023E+003
  0.36544051E-001  0.37207617E+000  0.31418270E+001  0.11744875E+003
  0.36544079E-001  0.37207671E+000  0.31418286E+001  0.11744731E+003
  0.36544105E-001  0.37207720E+000  0.31418307E+001  0.11744588E+003
  0.36544127E-001  0.37207764E+000  0.31418331E+001  0.11744449E+003
  0.36544147E-001  0.37207802E+000  0.31418358E+001  0.11744312E+003
  0.36544164E-001  0.37207837E+000  0.31418387E+001  0.11744177E+003
  0.36544179E-001  0.37207867E+000  0.31418419E+001  0.11744045E+003
  0.36544192E-001  0.37207894E+000  0.31418452E+001  0.11743915E+003
  0.36544203E-001  0.37207917E+000  0.31418486E+001  0.11743789E+003
  0.36544212E-001  0.37207936E+000  0.31418521E+001  0.11743664E+003
  0.36544220E-001  0.37207953E+000  0.31418556E+001  0.11743543E+003
  0.36544226E-001  0.37207967E+000  0.31418591E+001  0.11743424E+003
  0.36544231E-001  0.37207979E+000  0.31418627E+001  0.11743307E+003
  0.36544234E-001  0.37207988E+000  0.31418662E+001  0.11743193E+003
  0.36544237E-001  0.37207996E+000  0.31418696E+001  0.11743082E+003
  0.36544238E-001  0.37208001E+000  0.31418730E+001  0.11742973E+003
  0.36544239E-001  0.37208005E+000  0.31418763E+001  0.11742867E+003
  0.36544239E-001  0.37208008E+000  0.31418794E+001  0.11742764E+003
  0.36544239E-001  0.37208009E+000  0.31418825E+001  0.11742663E+003
  0.36544237E-001  0.37208010E+000  0.31418855E+001  0.11742565E+003
  0.36544236E-001  0.37208009E+000  0.31418883E+001  0.11742469E+003
  0.36544233E-001  0.37208007E+000  0.31418910E+001  0.11742375E+003
  0.36544231E-001  0.37208005E+000  0.31418936E+001  0.11742284E+003
  0.36544228E-001  0.37208002E+000  0.31418960E+001  0.11742196E+003
  0.36544225E-001  0.37207998E+000  0.31418983E+001  0.11742110E+003
  0.36544222E-001  0.37207995E+000  0.31419005E+001  0.11742026E+003
  0.36544219E-001  0.37207990E+000  0.31419025E+001  0.11741945E+003
  0.36544216E-001  0.37207986E+000  0.31419045E+001  0.11741866E+003
  0.36544212E-001  0.37207981E+000  0.31419062E+001  0.11741789E+003
  0.36544209E-001  0.37207977E+000  0.31419079E+001  0.11741715E+003
  0.36544206E-001  0.37207972E+000  0.31419094E+001  0.11741643E+003
  0.36544204E-001  0.37207968E+000  0.31419109E+001  0.11741573E+003
  0.36544201E-001  0.37207963E+000  0.31419122E+001  0.11741505E+003
