  0.15876857E+001
  0.15829541E+001
  0.15794063E+001
  0.15766990E+001
  0.15746262E+001
  0.15730476E+001
  0.15718618E+001
  0.15709915E+001
  0.15703773E+001
  0.15699716E+001
  0.15697363E+001
  0.15696406E+001
  0.15696590E+001
  0.15697710E+001
  0.15699596E+001
  0.15702105E+001
  0.15705124E+001
  0.15708559E+001
  0.15712333E+001
  0.15716382E+001
  0.15720652E+001
  0.15725099E+001
  0.15729687E+001
  0.15734385E+001
  0.15739167E+001
  0.15744011E+001
  0.15748899E+001
  0.15753815E+001
  0.15758745E+001
  0.15763679E+001
  0.15768605E+001
  0.15773515E+001
  0.15778402E+001
  0.15783257E+001
  0.15788074E+001
  0.15792846E+001
  0.15797569E+001
  0.15802235E+001
  0.15806840E+001
  0.15811378E+001
  0.15815843E+001
  0.15820229E+001
  0.15824532E+001
  0.15828744E+001
  0.15832862E+001
  0.15836879E+001
  0.15840789E+001
  0.15844587E+001
  0.15848268E+001
  0.15851825E+001
  0.15855256E+001
  0.15858553E+001
  0.15861714E+001
  0.15864734E+001
  0.15867609E+001
  0.15870336E+001
  0.15872913E+001
  0.15875338E+001
  0.15877608E+001
  0.15879722E+001
  0.15881681E+001
  0.15883484E+001
  0.15885132E+001
  0.15886626E+001
  0.15887967E+001
  0.15889159E+001
  0.15890204E+001
  0.15891105E+001
  0.15891866E+001
  0.15892492E+001
  0.15892986E+001
  0.15893356E+001
  0.15893605E+001
  0.15893740E+001
  0.15893767E+001
  0.15893693E+001
  0.15893525E+001
  0.15893270E+001
  0.15892936E+001
  0.15892531E+001
  0.15892061E+001
  0.15891536E+001
  0.15890963E+001
  0.15890349E+001
  0.15889702E+001
  0.15889030E+001
  0.15888339E+001
  0.15887637E+001
  0.15886930E+001
  0.15886223E+001
  0.15885521E+001
  0.15884831E+001
  0.15884156E+001
  0.15883499E+001
  0.15882865E+001
  0.15882255E+001
  0.15881672E+001
  0.15881117E+001
  0.15880592E+001
  0.15880097E+001
  0.15879633E+001
  0.15879200E+001
  0.15878798E+001
  0.15878425E+001
  0.15878082E+001
  0.15877768E+001
  0.15877481E+001
  0.15877220E+001
  0.15876984E+001
  0.15876772E+001
  0.15876582E+001
  0.15876413E+001
  0.15876264E+001
  0.15876133E+001
  0.15876019E+001
  0.15875921E+001
  0.15875838E+001
  0.15875768E+001
  0.15875710E+001
  0.15875664E+001
  0.15875628E+001
  0.15875601E+001
  0.15875583E+001
  0.15875572E+001
  0.15875568E+001
  0.15875571E+001
  0.15875579E+001
  0.15875592E+001
  0.15875609E+001
  0.15875630E+001
  0.15875654E+001
  0.15875682E+001
  0.15875712E+001
  0.15875744E+001
  0.15875777E+001
  0.15875813E+001
  0.15875849E+001
  0.15875886E+001
  0.15875924E+001
  0.15875963E+001
  0.15876002E+001
  0.15876041E+001
  0.15876080E+001
  0.15876118E+001
  0.15876157E+001
  0.15876195E+001
  0.15876232E+001
  0.15876269E+001
  0.15876305E+001
  0.15876340E+001
  0.15876374E+001
  0.15876407E+001
  0.15876439E+001
  0.15876471E+001
  0.15876501E+001
  0.15876530E+001
  0.15876558E+001
  0.15876585E+001
  0.15876611E+001
  0.15876635E+001
  0.15876659E+001
  0.15876681E+001
  0.15876702E+001
  0.15876722E+001
  0.15876741E+001
  0.15876759E+001
  0.15876776E+001
  0.15876791E+001
  0.15876806E+001
  0.15876820E+001
  0.15876832E+001
  0.15876844E+001
  0.15876855E+001
  0.15876865E+001
  0.15876874E+001
  0.15876883E+001
  0.15876890E+001
  0.15876897E+001
  0.15876903E+001
  0.15876909E+001
  0.15876914E+001
  0.15876918E+001
  0.15876922E+001
  0.15876925E+001
  0.15876928E+001
  0.15876930E+001
  0.15876932E+001
  0.15876933E+001
  0.15876934E+001
  0.15876935E+001
  0.15876936E+001
  0.15876936E+001
  0.15876936E+001
  0.15876935E+001
  0.15876935E+001
  0.15876934E+001
  0.15876933E+001
  0.15876932E+001
  0.15876931E+001
  0.15876929E+001
