  0.12036416E+001  0.55114446E+000  0.86774431E+000  0.37282128E+001
  0.11869991E+001  0.54461647E+000  0.88325606E+000  0.37169451E+001
  0.11776507E+001  0.54350603E+000  0.88505997E+000  0.37114088E+001
  0.11653782E+001  0.54997055E+000  0.88032318E+000  0.37111246E+001
  0.11430334E+001  0.56286627E+000  0.88402330E+000  0.37085825E+001
  0.11288470E+001  0.57027067E+000  0.88615017E+000  0.37069231E+001
  0.11125979E+001  0.57999396E+000  0.88380696E+000  0.37110486E+001
  0.11065644E+001  0.56809797E+000  0.90019199E+000  0.37091121E+001
  0.11045693E+001  0.56686464E+000  0.90242468E+000  0.37036875E+001
  0.10999671E+001  0.56964188E+000  0.90215153E+000  0.37081262E+001
  0.10923639E+001  0.57610854E+000  0.89912408E+000  0.37113493E+001
  0.10913430E+001  0.57207172E+000  0.90358919E+000  0.37115589E+001
  0.10906405E+001  0.57178143E+000  0.90182084E+000  0.37143938E+001
  0.10901030E+001  0.57034178E+000  0.90371763E+000  0.37149222E+001
  0.10873543E+001  0.56999681E+000  0.90673352E+000  0.37157540E+001
  0.10872244E+001  0.57013445E+000  0.90684350E+000  0.37166400E+001
  0.10872926E+001  0.56984957E+000  0.90734387E+000  0.37175640E+001
  0.10870538E+001  0.56822080E+000  0.90967432E+000  0.37184753E+001
  0.10824772E+001  0.57269278E+000  0.91116595E+000  0.37147852E+001
  0.10826915E+001  0.57283285E+000  0.91059799E+000  0.37204309E+001
  0.10829872E+001  0.57293149E+000  0.91088882E+000  0.37214535E+001
  0.10833409E+001  0.57304990E+000  0.91113653E+000  0.37225127E+001
  0.10835389E+001  0.57335017E+000  0.91139363E+000  0.37235926E+001
  0.10839218E+001  0.57351141E+000  0.91166688E+000  0.37246544E+001
  0.10843381E+001  0.57327110E+000  0.91233865E+000  0.37257195E+001
  0.10847667E+001  0.57340829E+000  0.91264565E+000  0.37267844E+001
  0.10850150E+001  0.57375064E+000  0.91294807E+000  0.37278464E+001
  0.10846746E+001  0.57469674E+000  0.91325166E+000  0.37289034E+001
  0.10794157E+001  0.58057733E+000  0.91355213E+000  0.37299535E+001
  0.10798787E+001  0.58058068E+000  0.91401756E+000  0.37309950E+001
  0.10803460E+001  0.58074698E+000  0.91414425E+000  0.37322053E+001
  0.10808015E+001  0.58033018E+000  0.91504863E+000  0.37332263E+001
  0.10812733E+001  0.58049625E+000  0.91535591E+000  0.37342356E+001
  0.10817457E+001  0.58066184E+000  0.91566330E+000  0.37352322E+001
  0.10822174E+001  0.58082665E+000  0.91597033E+000  0.37362155E+001
  0.10826875E+001  0.58099040E+000  0.91627656E+000  0.37371846E+001
  0.10831548E+001  0.58115285E+000  0.91658160E+000  0.37381388E+001
  0.10836183E+001  0.58131374E+000  0.91688508E+000  0.37390775E+001
  0.10840919E+001  0.58145810E+000  0.91718669E+000  0.37399999E+001
  0.10845452E+001  0.58161528E+000  0.91748687E+000  0.37409043E+001
  0.10849918E+001  0.58177014E+000  0.91779274E+000  0.37417829E+001
  0.10854309E+001  0.58252432E+000  0.91747534E+000  0.37426616E+001
  0.10858616E+001  0.58267451E+000  0.91776597E+000  0.37435110E+001
  0.10920090E+001  0.57709586E+000  0.91805325E+000  0.37443401E+001
  0.10924209E+001  0.57723941E+000  0.91833689E+000  0.37451481E+001
  0.10928217E+001  0.57737965E+000  0.91861659E+000  0.37459339E+001
  0.10932107E+001  0.57751634E+000  0.91889205E+000  0.37466969E+001
  0.10935871E+001  0.57764928E+000  0.91916297E+000  0.37474359E+001
  0.10939500E+001  0.57794316E+000  0.91926412E+000  0.37481502E+001
  0.10942989E+001  0.57807196E+000  0.91952097E+000  0.37488389E+001
  0.10947682E+001  0.57805738E+000  0.91977602E+000  0.37495011E+001
  0.10950869E+001  0.57817345E+000  0.92002516E+000  0.37501363E+001
  0.10953898E+001  0.57828476E+000  0.92026805E+000  0.37507435E+001
  0.10956763E+001  0.57839291E+000  0.92050252E+000  0.37513223E+001
  0.10965984E+001  0.57784180E+000  0.92073174E+000  0.37518721E+001
  0.10968516E+001  0.57794277E+000  0.92094816E+000  0.37523925E+001
  0.10970887E+001  0.57803182E+000  0.92116216E+000  0.37528831E+001
  0.10973072E+001  0.57811668E+000  0.92155071E+000  0.37531609E+001
  0.10975083E+001  0.57819607E+000  0.92174807E+000  0.37535911E+001
  0.10977086E+001  0.57825334E+000  0.92193642E+000  0.37539910E+001
  0.10980734E+001  0.57812331E+000  0.92211540E+000  0.37543608E+001
  0.10982229E+001  0.57818601E+000  0.92228462E+000  0.37547005E+001
  0.10983558E+001  0.57824323E+000  0.92244375E+000  0.37550104E+001
  0.10984724E+001  0.57829501E+000  0.92259247E+000  0.37552909E+001
  0.10985731E+001  0.57834143E+000  0.92273049E+000  0.37555424E+001
  0.10986587E+001  0.57838257E+000  0.92285757E+000  0.37557653E+001
  0.10987296E+001  0.57841859E+000  0.92297353E+000  0.37559603E+001
  0.10987865E+001  0.57844957E+000  0.92307823E+000  0.37561281E+001
  0.10988303E+001  0.57849726E+000  0.92315001E+000  0.37562693E+001
  0.10988616E+001  0.57851892E+000  0.92323179E+000  0.37563848E+001
  0.10988812E+001  0.57853585E+000  0.92330255E+000  0.37564754E+001
  0.10988900E+001  0.57855972E+000  0.92335095E+000  0.37565420E+001
  0.10988888E+001  0.57856830E+000  0.92339967E+000  0.37565856E+001
  0.10988784E+001  0.57857305E+000  0.92343779E+000  0.37566071E+001
  0.10988596E+001  0.57897660E+000  0.92306330E+000  0.37566077E+001
  0.10988388E+001  0.57896898E+000  0.92308133E+000  0.37565886E+001
  0.10988057E+001  0.57896386E+000  0.92309009E+000  0.37565508E+001
  0.10987668E+001  0.57895596E+000  0.92309014E+000  0.37564957E+001
  0.10987226E+001  0.57894557E+000  0.92308209E+000  0.37564247E+001
  0.10986741E+001  0.57893307E+000  0.92306655E+000  0.37563391E+001
  0.10986219E+001  0.57891862E+000  0.92304424E+000  0.37562403E+001
  0.10985683E+001  0.57890102E+000  0.92301587E+000  0.37561298E+001
  0.10985106E+001  0.57888364E+000  0.92298217E+000  0.37560091E+001
  0.10984513E+001  0.57886514E+000  0.92294385E+000  0.37558797E+001
  0.10983908E+001  0.57886986E+000  0.92287752E+000  0.37557432E+001
  0.10983296E+001  0.57884981E+000  0.92283208E+000  0.37556009E+001
  0.10982684E+001  0.57882934E+000  0.92278410E+000  0.37554544E+001
  0.10982074E+001  0.57880863E+000  0.92273421E+000  0.37553051E+001
  0.10981472E+001  0.57878786E+000  0.92268300E+000  0.37551543E+001
  0.10980880E+001  0.57876722E+000  0.92263103E+000  0.37550032E+001
  0.10980303E+001  0.57874684E+000  0.92257882E+000  0.37548531E+001
  0.10979743E+001  0.57872685E+000  0.92252682E+000  0.37547049E+001
  0.10979202E+001  0.57870737E+000  0.92247545E+000  0.37545597E+001
  0.10978683E+001  0.57868848E+000  0.92242508E+000  0.37544183E+001
  0.10978186E+001  0.57867027E+000  0.92237600E+000  0.37542814E+001
  0.10977714E+001  0.57865279E+000  0.92232850E+000  0.37541496E+001
  0.10977268E+001  0.57863609E+000  0.92228278E+000  0.37540234E+001
  0.10976847E+001  0.57862020E+000  0.92223902E+000  0.37539033E+001
  0.10976453E+001  0.57860515E+000  0.92219736E+000  0.37537894E+001
  0.10976085E+001  0.57859093E+000  0.92215788E+000  0.37536820E+001
  0.10975743E+001  0.57857797E+000  0.92212023E+000  0.37535812E+001
  0.10975428E+001  0.57856543E+000  0.92208528E+000  0.37534871E+001
  0.10975138E+001  0.57855369E+000  0.92205261E+000  0.37533995E+001
  0.10974873E+001  0.57854275E+000  0.92202220E+000  0.37533184E+001
  0.10974632E+001  0.57853257E+000  0.92199400E+000  0.37532436E+001
  0.10974415E+001  0.57852313E+000  0.92196795E+000  0.37531750E+001
  0.10974220E+001  0.57851440E+000  0.92194399E+000  0.37531124E+001
  0.10974046E+001  0.57850633E+000  0.92192202E+000  0.37530554E+001
  0.10973892E+001  0.57849890E+000  0.92190196E+000  0.37530039E+001
  0.10973758E+001  0.57849207E+000  0.92188370E+000  0.37529576E+001
  0.10973641E+001  0.57848582E+000  0.92186714E+000  0.37529161E+001
  0.10973542E+001  0.57848010E+000  0.92185218E+000  0.37528791E+001
  0.10973459E+001  0.57847488E+000  0.92183871E+000  0.37528465E+001
  0.10973390E+001  0.57847015E+000  0.92182663E+000  0.37528178E+001
  0.10973335E+001  0.57846586E+000  0.92181583E+000  0.37527929E+001
  0.10973293E+001  0.57846199E+000  0.92180622E+000  0.37527714E+001
  0.10973263E+001  0.57845853E+000  0.92179769E+000  0.37527531E+001
  0.10973243E+001  0.57845544E+000  0.92179016E+000  0.37527377E+001
  0.10973233E+001  0.57845271E+000  0.92178354E+000  0.37527250E+001
  0.10973231E+001  0.57845032E+000  0.92177775E+000  0.37527148E+001
  0.10973238E+001  0.57844825E+000  0.92177271E+000  0.37527068E+001
  0.10973252E+001  0.57844648E+000  0.92176835E+000  0.37527009E+001
  0.10973273E+001  0.57844500E+000  0.92176461E+000  0.37526967E+001
  0.10973299E+001  0.57844380E+000  0.92176141E+000  0.37526943E+001
  0.10973329E+001  0.57844285E+000  0.92175872E+000  0.37526933E+001
  0.10973365E+001  0.57844216E+000  0.92175647E+000  0.37526937E+001
  0.10973404E+001  0.57844170E+000  0.92175462E+000  0.37526953E+001
  0.10973446E+001  0.57844147E+000  0.92175312E+000  0.37526980E+001
  0.10973491E+001  0.57844144E+000  0.92175194E+000  0.37527016E+001
  0.10973538E+001  0.57844162E+000  0.92175105E+000  0.37527060E+001
  0.10973586E+001  0.57844199E+000  0.92175041E+000  0.37527112E+001
  0.10973636E+001  0.57844254E+000  0.92174999E+000  0.37527170E+001
  0.10973687E+001  0.57844325E+000  0.92174977E+000  0.37527234E+001
  0.10973739E+001  0.57844412E+000  0.92174973E+000  0.37527302E+001
  0.10973790E+001  0.57844513E+000  0.92174985E+000  0.37527374E+001
  0.10973842E+001  0.57844627E+000  0.92175011E+000  0.37527449E+001
  0.10973893E+001  0.57844753E+000  0.92175049E+000  0.37527527E+001
  0.10973944E+001  0.57844890E+000  0.92175098E+000  0.37527607E+001
  0.10973994E+001  0.57845036E+000  0.92175157E+000  0.37527689E+001
  0.10974043E+001  0.57845191E+000  0.92175225E+000  0.37527772E+001
  0.10974091E+001  0.57845353E+000  0.92175300E+000  0.37527855E+001
  0.10974138E+001  0.57845521E+000  0.92175382E+000  0.37527939E+001
  0.10974184E+001  0.57845694E+000  0.92175471E+000  0.37528023E+001
  0.10974228E+001  0.57845871E+000  0.92175564E+000  0.37528106E+001
  0.10974271E+001  0.57846051E+000  0.92175662E+000  0.37528189E+001
  0.10974312E+001  0.57846233E+000  0.92175763E+000  0.37528271E+001
  0.10974352E+001  0.57846416E+000  0.92175868E+000  0.37528352E+001
  0.10974390E+001  0.57846599E+000  0.92175975E+000  0.37528432E+001
  0.10974427E+001  0.57846782E+000  0.92176085E+000  0.37528510E+001
  0.10974462E+001  0.57846963E+000  0.92176196E+000  0.37528586E+001
  0.10974495E+001  0.57847141E+000  0.92176309E+000  0.37528661E+001
  0.10974526E+001  0.57847317E+000  0.92176422E+000  0.37528733E+001
  0.10974556E+001  0.57847490E+000  0.92176535E+000  0.37528804E+001
  0.10974585E+001  0.57847658E+000  0.92176649E+000  0.37528872E+001
  0.10974611E+001  0.57847822E+000  0.92176762E+000  0.37528939E+001
  0.10974637E+001  0.57847981E+000  0.92176874E+000  0.37529003E+001
  0.10974660E+001  0.57848136E+000  0.92176985E+000  0.37529064E+001
  0.10974683E+001  0.57848284E+000  0.92177095E+000  0.37529124E+001
  0.10974703E+001  0.57848428E+000  0.92177203E+000  0.37529181E+001
  0.10974723E+001  0.57848565E+000  0.92177309E+000  0.37529235E+001
  0.10974741E+001  0.57848696E+000  0.92177413E+000  0.37529287E+001
  0.10974758E+001  0.57848821E+000  0.92177514E+000  0.37529337E+001
  0.10974774E+001  0.57848941E+000  0.92177613E+000  0.37529384E+001
  0.10974788E+001  0.57849054E+000  0.92177709E+000  0.37529429E+001
  0.10974802E+001  0.57849161E+000  0.92177802E+000  0.37529471E+001
  0.10974814E+001  0.57849262E+000  0.92177892E+000  0.37529511E+001
  0.10974825E+001  0.57849357E+000  0.92177979E+000  0.37529548E+001
  0.10974836E+001  0.57849446E+000  0.92178062E+000  0.37529583E+001
  0.10974845E+001  0.57849530E+000  0.92178142E+000  0.37529616E+001
  0.10974854E+001  0.57849608E+000  0.92178219E+000  0.37529647E+001
  0.10974862E+001  0.57849680E+000  0.92178291E+000  0.37529675E+001
  0.10974869E+001  0.57849748E+000  0.92178361E+000  0.37529702E+001
  0.10974875E+001  0.57849810E+000  0.92178427E+000  0.37529726E+001
  0.10974881E+001  0.57849868E+000  0.92178490E+000  0.37529748E+001
  0.10974886E+001  0.57849921E+000  0.92178549E+000  0.37529768E+001
  0.10974891E+001  0.57849970E+000  0.92178604E+000  0.37529787E+001
  0.10974895E+001  0.57850015E+000  0.92178657E+000  0.37529804E+001
  0.10974899E+001  0.57850056E+000  0.92178706E+000  0.37529818E+001
  0.10974902E+001  0.57850093E+000  0.92178752E+000  0.37529832E+001
  0.10974905E+001  0.57850127E+000  0.92178795E+000  0.37529843E+001
  0.10974907E+001  0.57850157E+000  0.92178835E+000  0.37529854E+001
  0.10974909E+001  0.57850184E+000  0.92178872E+000  0.37529862E+001
  0.10974911E+001  0.57850209E+000  0.92178906E+000  0.37529870E+001
  0.10974912E+001  0.57850231E+000  0.92178938E+000  0.37529876E+001
  0.10974913E+001  0.57850250E+000  0.92178967E+000  0.37529881E+001
  0.10974914E+001  0.57850267E+000  0.92178994E+000  0.37529885E+001
  0.10974915E+001  0.57850283E+000  0.92179019E+000  0.37529887E+001
  0.10974916E+001  0.57850296E+000  0.92179041E+000  0.37529889E+001
  0.10974916E+001  0.57850307E+000  0.92179062E+000  0.37529890E+001
  0.10974916E+001  0.57850317E+000  0.92179081E+000  0.37529890E+001
  0.10974916E+001  0.57850325E+000  0.92179097E+000  0.37529889E+001
  0.10974916E+001  0.57850332E+000  0.92179112E+000  0.37529887E+001
  0.10974916E+001  0.57850338E+000  0.92179126E+000  0.37529885E+001
  0.10974916E+001  0.57850343E+000  0.92179138E+000  0.37529882E+001
  0.10974916E+001  0.57850347E+000  0.92179149E+000  0.37529879E+001
  0.10974916E+001  0.57850349E+000  0.92179158E+000  0.37529875E+001
  0.10974915E+001  0.57850351E+000  0.92179166E+000  0.37529870E+001
  0.10974915E+001  0.57850352E+000  0.92179172E+000  0.37529865E+001
  0.10974914E+001  0.57850352E+000  0.92179177E+000  0.37529860E+001
  0.10974914E+001  0.57850351E+000  0.92179181E+000  0.37529854E+001
