 -0.15576191E+000  0.23181266E+000  0.22812896E+001  0.39934029E+001
 -0.15627759E+000  0.22982100E+000  0.22768547E+001  0.39814186E+001
 -0.15662445E+000  0.22816704E+000  0.22732205E+001  0.39728625E+001
 -0.15688316E+000  0.22684912E+000  0.22702624E+001  0.39665682E+001
 -0.15706999E+000  0.22581079E+000  0.22678796E+001  0.39618851E+001
 -0.15719977E+000  0.22500560E+000  0.22659847E+001  0.39584005E+001
 -0.15728523E+000  0.22439630E+000  0.22645012E+001  0.39558352E+001
 -0.15733627E+000  0.22395037E+000  0.22633633E+001  0.39539890E+001
 -0.15736042E+000  0.22364050E+000  0.22625171E+001  0.39527127E+001
 -0.15736334E+000  0.22344365E+000  0.22619160E+001  0.39518904E+001
 -0.15734941E+000  0.22334077E+000  0.22615222E+001  0.39514323E+001
 -0.15732206E+000  0.22331582E+000  0.22613025E+001  0.39512667E+001
 -0.15728399E+000  0.22335539E+000  0.22612286E+001  0.39513366E+001
 -0.15723666E+000  0.22344822E+000  0.22612767E+001  0.39515964E+001
 -0.15718163E+000  0.22358490E+000  0.22614265E+001  0.39520089E+001
 -0.15712117E+000  0.22375756E+000  0.22616615E+001  0.39525445E+001
 -0.15705693E+000  0.22395962E+000  0.22619680E+001  0.39531795E+001
 -0.15699015E+000  0.22418554E+000  0.22623341E+001  0.39538948E+001
 -0.15692177E+000  0.22443065E+000  0.22627502E+001  0.39546747E+001
 -0.15685254E+000  0.22469106E+000  0.22632082E+001  0.39555065E+001
 -0.15678306E+000  0.22496404E+000  0.22637007E+001  0.39563795E+001
 -0.15671372E+000  0.22524747E+000  0.22642213E+001  0.39572850E+001
 -0.15664482E+000  0.22553874E+000  0.22647655E+001  0.39582160E+001
 -0.15657764E+000  0.22583659E+000  0.22653292E+001  0.39591664E+001
 -0.15651200E+000  0.22613865E+000  0.22659092E+001  0.39601315E+001
 -0.15644764E+000  0.22644279E+000  0.22665026E+001  0.39611073E+001
 -0.15638479E+000  0.22674764E+000  0.22671069E+001  0.39620904E+001
 -0.15632360E+000  0.22705198E+000  0.22677199E+001  0.39630782E+001
 -0.15626199E+000  0.22735255E+000  0.22683396E+001  0.39640685E+001
 -0.15620237E+000  0.22765076E+000  0.22689643E+001  0.39650593E+001
 -0.15614482E+000  0.22794582E+000  0.22695924E+001  0.39660491E+001
 -0.15608630E+000  0.22823395E+000  0.22702223E+001  0.39670367E+001
 -0.15602699E+000  0.22851469E+000  0.22708526E+001  0.39680209E+001
 -0.15597006E+000  0.22879063E+000  0.22714819E+001  0.39690006E+001
 -0.15591552E+000  0.22906131E+000  0.22721090E+001  0.39699752E+001
 -0.15586338E+000  0.22932631E+000  0.22727326E+001  0.39709436E+001
 -0.15581364E+000  0.22958523E+000  0.22733514E+001  0.39719050E+001
 -0.15576628E+000  0.22983773E+000  0.22739644E+001  0.39728588E+001
 -0.15572130E+000  0.23008349E+000  0.22745704E+001  0.39738041E+001
 -0.15567867E+000  0.23032222E+000  0.22751682E+001  0.39747399E+001
 -0.15563836E+000  0.23055364E+000  0.22757569E+001  0.39756654E+001
 -0.15560036E+000  0.23077750E+000  0.22763354E+001  0.39765797E+001
 -0.15556464E+000  0.23099356E+000  0.22769026E+001  0.39774816E+001
 -0.15553117E+000  0.23120159E+000  0.22774578E+001  0.39783701E+001
 -0.15549993E+000  0.23140137E+000  0.22779998E+001  0.39792440E+001
 -0.15547088E+000  0.23159270E+000  0.22785279E+001  0.39801022E+001
 -0.15544401E+000  0.23177541E+000  0.22790413E+001  0.39809433E+001
 -0.15541929E+000  0.23194931E+000  0.22795389E+001  0.39817663E+001
 -0.15539668E+000  0.23211424E+000  0.22800202E+001  0.39825697E+001
 -0.15537616E+000  0.23227007E+000  0.22804843E+001  0.39833525E+001
 -0.15535770E+000  0.23241668E+000  0.22809306E+001  0.39841132E+001
 -0.15534125E+000  0.23255397E+000  0.22813583E+001  0.39848508E+001
 -0.15532679E+000  0.23268187E+000  0.22817669E+001  0.39855641E+001
 -0.15531426E+000  0.23280035E+000  0.22821559E+001  0.39862520E+001
 -0.15530363E+000  0.23290943E+000  0.22825248E+001  0.39869135E+001
 -0.15529483E+000  0.23300986E+000  0.22828724E+001  0.39875476E+001
 -0.15528782E+000  0.23310159E+000  0.22831987E+001  0.39881534E+001
 -0.15528252E+000  0.23318459E+000  0.22835034E+001  0.39887301E+001
 -0.15527888E+000  0.23325653E+000  0.22837889E+001  0.39892770E+001
 -0.15527682E+000  0.23327654E+000  0.22840963E+001  0.39897934E+001
 -0.15527625E+000  0.23329319E+000  0.22843771E+001  0.39902789E+001
 -0.15527711E+000  0.23330660E+000  0.22846318E+001  0.39907329E+001
 -0.15527930E+000  0.23331693E+000  0.22848605E+001  0.39911551E+001
 -0.15528274E+000  0.23332434E+000  0.22850639E+001  0.39915452E+001
 -0.15528734E+000  0.23332899E+000  0.22852425E+001  0.39919032E+001
 -0.15529301E+000  0.23333107E+000  0.22853970E+001  0.39922291E+001
 -0.15529966E+000  0.23333078E+000  0.22855281E+001  0.39925228E+001
 -0.15530720E+000  0.23332830E+000  0.22856366E+001  0.39927847E+001
 -0.15531556E+000  0.23332385E+000  0.22857235E+001  0.39930151E+001
 -0.15532464E+000  0.23331761E+000  0.22857897E+001  0.39932145E+001
 -0.15533437E+000  0.23330980E+000  0.22858361E+001  0.39933835E+001
 -0.15534467E+000  0.23330060E+000  0.22858638E+001  0.39935230E+001
 -0.15535547E+000  0.23329023E+000  0.22858738E+001  0.39936338E+001
 -0.15536670E+000  0.23327885E+000  0.22858672E+001  0.39937169E+001
 -0.15537829E+000  0.23326664E+000  0.22858452E+001  0.39937737E+001
 -0.15539020E+000  0.23325378E+000  0.22858087E+001  0.39938054E+001
 -0.15540235E+000  0.23324041E+000  0.22857589E+001  0.39938135E+001
 -0.15541470E+000  0.23322667E+000  0.22856970E+001  0.39937997E+001
 -0.15542720E+000  0.23321270E+000  0.22856240E+001  0.39937655E+001
 -0.15543974E+000  0.23319861E+000  0.22855410E+001  0.39937129E+001
 -0.15545228E+000  0.23318451E+000  0.22854492E+001  0.39936437E+001
 -0.15546481E+000  0.23317048E+000  0.22853496E+001  0.39935597E+001
 -0.15547729E+000  0.23315660E+000  0.22852433E+001  0.39934630E+001
 -0.15548970E+000  0.23314294E+000  0.22851314E+001  0.39933554E+001
 -0.15550200E+000  0.23312957E+000  0.22850147E+001  0.39932390E+001
 -0.15551416E+000  0.23310872E+000  0.22849022E+001  0.39931157E+001
 -0.15552613E+000  0.23307322E+000  0.22848020E+001  0.39929872E+001
 -0.15553789E+000  0.23303809E+000  0.22846998E+001  0.39928553E+001
 -0.15554941E+000  0.23300342E+000  0.22845965E+001  0.39927218E+001
 -0.15556066E+000  0.23296929E+000  0.22844928E+001  0.39925881E+001
 -0.15557161E+000  0.23293575E+000  0.22843892E+001  0.39924557E+001
 -0.15558224E+000  0.23290285E+000  0.22842864E+001  0.39923259E+001
 -0.15559253E+000  0.23287063E+000  0.22841848E+001  0.39921999E+001
 -0.15560246E+000  0.23283909E+000  0.22840850E+001  0.39920786E+001
 -0.15561203E+000  0.23280825E+000  0.22839872E+001  0.39919629E+001
 -0.15562123E+000  0.23277811E+000  0.22838919E+001  0.39918536E+001
 -0.15563004E+000  0.23274865E+000  0.22837993E+001  0.39917512E+001
 -0.15563847E+000  0.23271986E+000  0.22837096E+001  0.39916562E+001
 -0.15564651E+000  0.23269171E+000  0.22836230E+001  0.39915690E+001
 -0.15565417E+000  0.23266417E+000  0.22835397E+001  0.39914897E+001
 -0.15566146E+000  0.23263720E+000  0.22834597E+001  0.39914184E+001
 -0.15566838E+000  0.23261076E+000  0.22833830E+001  0.39913552E+001
 -0.15567494E+000  0.23258483E+000  0.22833098E+001  0.39912999E+001
 -0.15568115E+000  0.23255935E+000  0.22832399E+001  0.39912526E+001
 -0.15568703E+000  0.23253429E+000  0.22831733E+001  0.39912129E+001
 -0.15569258E+000  0.23250962E+000  0.22831099E+001  0.39911806E+001
 -0.15569781E+000  0.23248530E+000  0.22830498E+001  0.39911555E+001
 -0.15570275E+000  0.23246129E+000  0.22829926E+001  0.39911372E+001
 -0.15570741E+000  0.23243758E+000  0.22829384E+001  0.39911254E+001
 -0.15571179E+000  0.23241414E+000  0.22828870E+001  0.39911198E+001
 -0.15571591E+000  0.23239096E+000  0.22828383E+001  0.39911199E+001
 -0.15571979E+000  0.23236802E+000  0.22827920E+001  0.39911254E+001
 -0.15572343E+000  0.23234531E+000  0.22827481E+001  0.39911360E+001
 -0.15572684E+000  0.23232284E+000  0.22827064E+001  0.39911512E+001
 -0.15573005E+000  0.23230061E+000  0.22826667E+001  0.39911709E+001
 -0.15573306E+000  0.23227862E+000  0.22826289E+001  0.39911945E+001
 -0.15573588E+000  0.23225689E+000  0.22825928E+001  0.39912218E+001
 -0.15573851E+000  0.23223544E+000  0.22825582E+001  0.39912525E+001
 -0.15574098E+000  0.23221429E+000  0.22825249E+001  0.39912863E+001
 -0.15574328E+000  0.23219346E+000  0.22824929E+001  0.39913230E+001
 -0.15574543E+000  0.23217297E+000  0.22824620E+001  0.39913621E+001
 -0.15574744E+000  0.23215286E+000  0.22824319E+001  0.39914036E+001
 -0.15574930E+000  0.23213315E+000  0.22824027E+001  0.39914471E+001
 -0.15575104E+000  0.23211387E+000  0.22823741E+001  0.39914925E+001
 -0.15575265E+000  0.23209504E+000  0.22823460E+001  0.39915395E+001
 -0.15575414E+000  0.23207671E+000  0.22823184E+001  0.39915879E+001
 -0.15575552E+000  0.23205889E+000  0.22822911E+001  0.39916376E+001
 -0.15575679E+000  0.23204160E+000  0.22822640E+001  0.39916884E+001
 -0.15575796E+000  0.23202488E+000  0.22822371E+001  0.39917400E+001
 -0.15575903E+000  0.23200875E+000  0.22822103E+001  0.39917925E+001
 -0.15576001E+000  0.23199322E+000  0.22821836E+001  0.39918455E+001
 -0.15576091E+000  0.23197831E+000  0.22821569E+001  0.39918989E+001
 -0.15576172E+000  0.23196403E+000  0.22821301E+001  0.39919527E+001
 -0.15576245E+000  0.23195040E+000  0.22821033E+001  0.39920067E+001
 -0.15576311E+000  0.23193742E+000  0.22820765E+001  0.39920607E+001
 -0.15576371E+000  0.23192509E+000  0.22820496E+001  0.39921146E+001
 -0.15576423E+000  0.23191341E+000  0.22820227E+001  0.39921683E+001
 -0.15576470E+000  0.23190240E+000  0.22819957E+001  0.39922216E+001
 -0.15576510E+000  0.23189202E+000  0.22819688E+001  0.39922746E+001
 -0.15576545E+000  0.23188229E+000  0.22819419E+001  0.39923270E+001
 -0.15576575E+000  0.23187319E+000  0.22819151E+001  0.39923787E+001
 -0.15576601E+000  0.23186471E+000  0.22818884E+001  0.39924297E+001
 -0.15576622E+000  0.23185684E+000  0.22818619E+001  0.39924799E+001
 -0.15576638E+000  0.23184955E+000  0.22818356E+001  0.39925291E+001
 -0.15576651E+000  0.23184283E+000  0.22818096E+001  0.39925773E+001
 -0.15576661E+000  0.23183666E+000  0.22817839E+001  0.39926244E+001
 -0.15576667E+000  0.23183102E+000  0.22817586E+001  0.39926704E+001
 -0.15576671E+000  0.23182588E+000  0.22817337E+001  0.39927151E+001
 -0.15576671E+000  0.23182123E+000  0.22817093E+001  0.39927585E+001
 -0.15576670E+000  0.23181704E+000  0.22816854E+001  0.39928006E+001
 -0.15576666E+000  0.23181328E+000  0.22816621E+001  0.39928414E+001
 -0.15576660E+000  0.23180994E+000  0.22816394E+001  0.39928807E+001
 -0.15576652E+000  0.23180698E+000  0.22816173E+001  0.39929185E+001
 -0.15576643E+000  0.23180439E+000  0.22815960E+001  0.39929549E+001
 -0.15576633E+000  0.23180215E+000  0.22815753E+001  0.39929897E+001
 -0.15576621E+000  0.23180021E+000  0.22815554E+001  0.39930231E+001
 -0.15576609E+000  0.23179858E+000  0.22815363E+001  0.39930549E+001
 -0.15576595E+000  0.23179721E+000  0.22815180E+001  0.39930852E+001
 -0.15576581E+000  0.23179610E+000  0.22815004E+001  0.39931140E+001
 -0.15576567E+000  0.23179521E+000  0.22814837E+001  0.39931414E+001
 -0.15576552E+000  0.23179453E+000  0.22814677E+001  0.39931672E+001
 -0.15576537E+000  0.23179405E+000  0.22814526E+001  0.39931916E+001
 -0.15576522E+000  0.23179373E+000  0.22814383E+001  0.39932145E+001
 -0.15576506E+000  0.23179357E+000  0.22814248E+001  0.39932361E+001
 -0.15576491E+000  0.23179355E+000  0.22814120E+001  0.39932562E+001
 -0.15576476E+000  0.23179365E+000  0.22814000E+001  0.39932751E+001
 -0.15576461E+000  0.23179385E+000  0.22813888E+001  0.39932927E+001
 -0.15576446E+000  0.23179415E+000  0.22813784E+001  0.39933090E+001
 -0.15576431E+000  0.23179453E+000  0.22813686E+001  0.39933241E+001
 -0.15576417E+000  0.23179498E+000  0.22813595E+001  0.39933380E+001
 -0.15576403E+000  0.23179549E+000  0.22813511E+001  0.39933509E+001
 -0.15576390E+000  0.23179604E+000  0.22813434E+001  0.39933627E+001
 -0.15576377E+000  0.23179663E+000  0.22813362E+001  0.39933734E+001
 -0.15576365E+000  0.23179725E+000  0.22813297E+001  0.39933833E+001
 -0.15576353E+000  0.23179789E+000  0.22813237E+001  0.39933922E+001
 -0.15576342E+000  0.23179855E+000  0.22813182E+001  0.39934002E+001
 -0.15576331E+000  0.23179922E+000  0.22813133E+001  0.39934074E+001
 -0.15576321E+000  0.23179989E+000  0.22813088E+001  0.39934139E+001
 -0.15576311E+000  0.23180056E+000  0.22813047E+001  0.39934197E+001
 -0.15576302E+000  0.23180122E+000  0.22813011E+001  0.39934247E+001
 -0.15576293E+000  0.23180188E+000  0.22812979E+001  0.39934292E+001
 -0.15576285E+000  0.23180252E+000  0.22812950E+001  0.39934331E+001
 -0.15576277E+000  0.23180314E+000  0.22812924E+001  0.39934364E+001
 -0.15576270E+000  0.23180375E+000  0.22812902E+001  0.39934393E+001
 -0.15576263E+000  0.23180433E+000  0.22812883E+001  0.39934416E+001
 -0.15576257E+000  0.23180490E+000  0.22812866E+001  0.39934436E+001
 -0.15576251E+000  0.23180544E+000  0.22812852E+001  0.39934452E+001
 -0.15576246E+000  0.23180596E+000  0.22812839E+001  0.39934464E+001
 -0.15576241E+000  0.23180645E+000  0.22812829E+001  0.39934473E+001
 -0.15576236E+000  0.23180692E+000  0.22812821E+001  0.39934479E+001
 -0.15576232E+000  0.23180736E+000  0.22812814E+001  0.39934483E+001
 -0.15576228E+000  0.23180778E+000  0.22812809E+001  0.39934484E+001
 -0.15576225E+000  0.23180817E+000  0.22812805E+001  0.39934484E+001
 -0.15576222E+000  0.23180854E+000  0.22812802E+001  0.39934481E+001
 -0.15576219E+000  0.23180889E+000  0.22812801E+001  0.39934477E+001
 -0.15576216E+000  0.23180920E+000  0.22812800E+001  0.39934471E+001
 -0.15576214E+000  0.23180950E+000  0.22812799E+001  0.39934464E+001
 -0.15576213E+000  0.23180976E+000  0.22812800E+001  0.39934456E+001
 -0.15576211E+000  0.23181000E+000  0.22812801E+001  0.39934447E+001
 -0.15576210E+000  0.23181021E+000  0.22812802E+001  0.39934438E+001
