 -0.50351565E-001
 -0.50549099E-001
 -0.50698152E-001
 -0.50806907E-001
 -0.50884772E-001
 -0.50939200E-001
 -0.50975122E-001
 -0.50996257E-001
 -0.51005621E-001
 -0.51005671E-001
 -0.50998375E-001
 -0.50985336E-001
 -0.50967855E-001
 -0.50946772E-001
 -0.50922864E-001
 -0.50897012E-001
 -0.50869874E-001
 -0.50841951E-001
 -0.50813628E-001
 -0.50785203E-001
 -0.50756911E-001
 -0.50728993E-001
 -0.50701600E-001
 -0.50674805E-001
 -0.50648674E-001
 -0.50623267E-001
 -0.50598632E-001
 -0.50574811E-001
 -0.50551837E-001
 -0.50529732E-001
 -0.50508510E-001
 -0.50488180E-001
 -0.50468746E-001
 -0.50450206E-001
 -0.50432556E-001
 -0.50415787E-001
 -0.50399886E-001
 -0.50384839E-001
 -0.50370631E-001
 -0.50357244E-001
 -0.50344658E-001
 -0.50332856E-001
 -0.50321816E-001
 -0.50311521E-001
 -0.50301950E-001
 -0.50293086E-001
 -0.50284912E-001
 -0.50277409E-001
 -0.50270559E-001
 -0.50264346E-001
 -0.50258754E-001
 -0.50253765E-001
 -0.50249364E-001
 -0.50245532E-001
 -0.50242253E-001
 -0.50239508E-001
 -0.50237278E-001
 -0.50235542E-001
 -0.50234280E-001
 -0.50233470E-001
 -0.50233088E-001
 -0.50233111E-001
 -0.50233514E-001
 -0.50234272E-001
 -0.50235360E-001
 -0.50236751E-001
 -0.50238421E-001
 -0.50240344E-001
 -0.50242495E-001
 -0.50244851E-001
 -0.50247388E-001
 -0.50250084E-001
 -0.50252918E-001
 -0.50255870E-001
 -0.50258921E-001
 -0.50262054E-001
 -0.50265253E-001
 -0.50268500E-001
 -0.50271783E-001
 -0.50275096E-001
 -0.50278423E-001
 -0.50281744E-001
 -0.50285046E-001
 -0.50288319E-001
 -0.50291550E-001
 -0.50294731E-001
 -0.50297850E-001
 -0.50300899E-001
 -0.50303870E-001
 -0.50306755E-001
 -0.50309546E-001
 -0.50312239E-001
 -0.50314828E-001
 -0.50317309E-001
 -0.50319679E-001
 -0.50321936E-001
 -0.50324079E-001
 -0.50326108E-001
 -0.50328024E-001
 -0.50329827E-001
 -0.50331521E-001
 -0.50333108E-001
 -0.50334591E-001
 -0.50335973E-001
 -0.50337260E-001
 -0.50338454E-001
 -0.50339560E-001
 -0.50340584E-001
 -0.50341529E-001
 -0.50342400E-001
 -0.50343202E-001
 -0.50343938E-001
 -0.50344614E-001
 -0.50345234E-001
 -0.50345801E-001
 -0.50346320E-001
 -0.50346793E-001
 -0.50347226E-001
 -0.50347620E-001
 -0.50347979E-001
 -0.50348306E-001
 -0.50348604E-001
 -0.50348875E-001
 -0.50349121E-001
 -0.50349345E-001
 -0.50349548E-001
 -0.50349733E-001
 -0.50349902E-001
 -0.50350055E-001
 -0.50350194E-001
 -0.50350320E-001
 -0.50350435E-001
 -0.50350540E-001
 -0.50350636E-001
 -0.50350723E-001
 -0.50350803E-001
 -0.50350875E-001
 -0.50350942E-001
 -0.50351003E-001
 -0.50351058E-001
 -0.50351109E-001
 -0.50351156E-001
 -0.50351199E-001
 -0.50351238E-001
 -0.50351274E-001
 -0.50351307E-001
 -0.50351337E-001
 -0.50351365E-001
 -0.50351390E-001
 -0.50351414E-001
 -0.50351435E-001
 -0.50351455E-001
 -0.50351472E-001
 -0.50351489E-001
 -0.50351503E-001
 -0.50351517E-001
 -0.50351529E-001
 -0.50351540E-001
 -0.50351550E-001
 -0.50351559E-001
 -0.50351566E-001
 -0.50351573E-001
 -0.50351580E-001
 -0.50351585E-001
 -0.50351590E-001
 -0.50351594E-001
 -0.50351597E-001
 -0.50351600E-001
 -0.50351603E-001
 -0.50351605E-001
 -0.50351606E-001
 -0.50351608E-001
 -0.50351609E-001
 -0.50351609E-001
 -0.50351610E-001
 -0.50351610E-001
 -0.50351610E-001
 -0.50351610E-001
 -0.50351610E-001
 -0.50351609E-001
 -0.50351609E-001
 -0.50351608E-001
 -0.50351608E-001
 -0.50351607E-001
 -0.50351606E-001
 -0.50351606E-001
 -0.50351605E-001
 -0.50351604E-001
 -0.50351603E-001
 -0.50351602E-001
 -0.50351601E-001
 -0.50351600E-001
 -0.50351600E-001
 -0.50351599E-001
 -0.50351598E-001
 -0.50351598E-001
 -0.50351598E-001
 -0.50351598E-001
 -0.50351600E-001
 -0.50351601E-001
