  0.16380372E+001
  0.16335032E+001
  0.16301044E+001
  0.16275059E+001
  0.16255110E+001
  0.16239868E+001
  0.16228369E+001
  0.16219878E+001
  0.16213830E+001
  0.16209772E+001
  0.16207347E+001
  0.16206259E+001
  0.16206269E+001
  0.16207178E+001
  0.16208824E+001
  0.16211075E+001
  0.16213823E+001
  0.16216979E+001
  0.16220470E+001
  0.16224234E+001
  0.16228221E+001
  0.16232389E+001
  0.16236703E+001
  0.16241133E+001
  0.16245654E+001
  0.16250244E+001
  0.16254885E+001
  0.16259563E+001
  0.16264264E+001
  0.16268976E+001
  0.16273690E+001
  0.16278397E+001
  0.16283089E+001
  0.16287759E+001
  0.16292399E+001
  0.16297004E+001
  0.16301568E+001
  0.16306084E+001
  0.16310547E+001
  0.16314950E+001
  0.16319289E+001
  0.16323558E+001
  0.16327750E+001
  0.16331860E+001
  0.16335881E+001
  0.16339809E+001
  0.16343638E+001
  0.16347361E+001
  0.16350973E+001
  0.16354469E+001
  0.16357843E+001
  0.16361091E+001
  0.16364208E+001
  0.16367189E+001
  0.16370032E+001
  0.16372731E+001
  0.16375286E+001
  0.16377693E+001
  0.16379950E+001
  0.16382057E+001
  0.16384012E+001
  0.16385815E+001
  0.16387467E+001
  0.16388968E+001
  0.16390321E+001
  0.16391527E+001
  0.16392588E+001
  0.16393508E+001
  0.16394291E+001
  0.16394940E+001
  0.16395460E+001
  0.16395856E+001
  0.16396134E+001
  0.16396298E+001
  0.16396356E+001
  0.16396314E+001
  0.16396178E+001
  0.16395955E+001
  0.16395654E+001
  0.16395282E+001
  0.16394846E+001
  0.16394354E+001
  0.16393813E+001
  0.16393232E+001
  0.16392618E+001
  0.16391977E+001
  0.16391318E+001
  0.16390646E+001
  0.16389968E+001
  0.16389290E+001
  0.16388617E+001
  0.16387953E+001
  0.16387304E+001
  0.16386672E+001
  0.16386061E+001
  0.16385474E+001
  0.16384912E+001
  0.16384378E+001
  0.16383872E+001
  0.16383395E+001
  0.16382948E+001
  0.16382531E+001
  0.16382144E+001
  0.16381785E+001
  0.16381455E+001
  0.16381152E+001
  0.16380876E+001
  0.16380626E+001
  0.16380399E+001
  0.16380196E+001
  0.16380014E+001
  0.16379852E+001
  0.16379710E+001
  0.16379585E+001
  0.16379477E+001
  0.16379384E+001
  0.16379306E+001
  0.16379240E+001
  0.16379186E+001
  0.16379144E+001
  0.16379111E+001
  0.16379087E+001
  0.16379072E+001
  0.16379063E+001
  0.16379062E+001
  0.16379066E+001
  0.16379076E+001
  0.16379091E+001
  0.16379110E+001
  0.16379132E+001
  0.16379158E+001
  0.16379186E+001
  0.16379217E+001
  0.16379250E+001
  0.16379285E+001
  0.16379321E+001
  0.16379358E+001
  0.16379396E+001
  0.16379434E+001
  0.16379474E+001
  0.16379513E+001
  0.16379552E+001
  0.16379592E+001
  0.16379631E+001
  0.16379669E+001
  0.16379708E+001
  0.16379745E+001
  0.16379782E+001
  0.16379818E+001
  0.16379854E+001
  0.16379888E+001
  0.16379922E+001
  0.16379954E+001
  0.16379986E+001
  0.16380016E+001
  0.16380045E+001
  0.16380073E+001
  0.16380100E+001
  0.16380126E+001
  0.16380151E+001
  0.16380174E+001
  0.16380197E+001
  0.16380218E+001
  0.16380238E+001
  0.16380257E+001
  0.16380275E+001
  0.16380292E+001
  0.16380307E+001
  0.16380322E+001
  0.16380336E+001
  0.16380348E+001
  0.16380360E+001
  0.16380371E+001
  0.16380381E+001
  0.16380390E+001
  0.16380399E+001
  0.16380406E+001
  0.16380413E+001
  0.16380419E+001
  0.16380425E+001
  0.16380430E+001
  0.16380434E+001
  0.16380438E+001
  0.16380441E+001
  0.16380444E+001
  0.16380446E+001
  0.16380448E+001
  0.16380449E+001
  0.16380451E+001
  0.16380451E+001
  0.16380452E+001
  0.16380452E+001
  0.16380452E+001
  0.16380451E+001
  0.16380451E+001
  0.16380450E+001
  0.16380449E+001
  0.16380448E+001
  0.16380447E+001
  0.16380445E+001
