  0.12559513E+001
  0.12547957E+001
  0.12541064E+001
  0.12536200E+001
  0.12532529E+001
  0.12529664E+001
  0.12527408E+001
  0.12525610E+001
  0.12524177E+001
  0.12523032E+001
  0.12522124E+001
  0.12521414E+001
  0.12520863E+001
  0.12520445E+001
  0.12520143E+001
  0.12519935E+001
  0.12519805E+001
  0.12519739E+001
  0.12519727E+001
  0.12519758E+001
  0.12519826E+001
  0.12519926E+001
  0.12520050E+001
  0.12520196E+001
  0.12520360E+001
  0.12520538E+001
  0.12520728E+001
  0.12520927E+001
  0.12521134E+001
  0.12521346E+001
  0.12521563E+001
  0.12521782E+001
  0.12522003E+001
  0.12522225E+001
  0.12522448E+001
  0.12522669E+001
  0.12522890E+001
  0.12523109E+001
  0.12523326E+001
  0.12523541E+001
  0.12523753E+001
  0.12523962E+001
  0.12524168E+001
  0.12524370E+001
  0.12524569E+001
  0.12524764E+001
  0.12524954E+001
  0.12525141E+001
  0.12525323E+001
  0.12525500E+001
  0.12525672E+001
  0.12525839E+001
  0.12526001E+001
  0.12526158E+001
  0.12526309E+001
  0.12526454E+001
  0.12526593E+001
  0.12526727E+001
  0.12526854E+001
  0.12526975E+001
  0.12527090E+001
  0.12527199E+001
  0.12527301E+001
  0.12527397E+001
  0.12527487E+001
  0.12527570E+001
  0.12527648E+001
  0.12527719E+001
  0.12527784E+001
  0.12527842E+001
  0.12527895E+001
  0.12527943E+001
  0.12527984E+001
  0.12528020E+001
  0.12528051E+001
  0.12528076E+001
  0.12528096E+001
  0.12528111E+001
  0.12528122E+001
  0.12528128E+001
  0.12528130E+001
  0.12528127E+001
  0.12528121E+001
  0.12528110E+001
  0.12528097E+001
  0.12528080E+001
  0.12528059E+001
  0.12528036E+001
  0.12528010E+001
  0.12527982E+001
  0.12527952E+001
  0.12527919E+001
  0.12527885E+001
  0.12527849E+001
  0.12527811E+001
  0.12527772E+001
  0.12527732E+001
  0.12527690E+001
  0.12527648E+001
  0.12527605E+001
  0.12527561E+001
  0.12527517E+001
  0.12527471E+001
  0.12527425E+001
  0.12527379E+001
  0.12527332E+001
  0.12527285E+001
  0.12527238E+001
  0.12527190E+001
  0.12527141E+001
  0.12527093E+001
  0.12527044E+001
  0.12526994E+001
  0.12526945E+001
  0.12526895E+001
  0.12526845E+001
  0.12526795E+001
  0.12526744E+001
  0.12526693E+001
  0.12526642E+001
  0.12526591E+001
  0.12526539E+001
  0.12526487E+001
  0.12526435E+001
  0.12526383E+001
  0.12526330E+001
  0.12526278E+001
  0.12526225E+001
  0.12526172E+001
  0.12526119E+001
  0.12526065E+001
  0.12526012E+001
  0.12525958E+001
  0.12525905E+001
  0.12525851E+001
  0.12525797E+001
  0.12525743E+001
  0.12525689E+001
  0.12525635E+001
  0.12525581E+001
  0.12525527E+001
  0.12525473E+001
  0.12525419E+001
  0.12525365E+001
  0.12525311E+001
  0.12525258E+001
  0.12525204E+001
  0.12525151E+001
  0.12525097E+001
  0.12525044E+001
  0.12524992E+001
  0.12524939E+001
  0.12524887E+001
  0.12524835E+001
  0.12524783E+001
  0.12524732E+001
  0.12524681E+001
  0.12524630E+001
  0.12524580E+001
  0.12524530E+001
  0.12524481E+001
  0.12524432E+001
  0.12524384E+001
  0.12524336E+001
  0.12524288E+001
  0.12524241E+001
  0.12524195E+001
  0.12524149E+001
  0.12524104E+001
  0.12524059E+001
  0.12524015E+001
  0.12523972E+001
  0.12523929E+001
  0.12523887E+001
  0.12523846E+001
  0.12523805E+001
  0.12523765E+001
  0.12523726E+001
  0.12523687E+001
  0.12523649E+001
  0.12523612E+001
  0.12523575E+001
  0.12523539E+001
  0.12523504E+001
  0.12523470E+001
  0.12523436E+001
  0.12523403E+001
  0.12523371E+001
  0.12523339E+001
  0.12523309E+001
  0.12523279E+001
  0.12523249E+001
  0.12523221E+001
  0.12523193E+001
  0.12523166E+001
  0.12523139E+001
  0.12523113E+001
  0.12523088E+001
  0.12523064E+001
  0.12523040E+001
