  0.60185057E+000
  0.60355781E+000
  0.60440269E+000
  0.60447868E+000
  0.60423160E+000
  0.60394930E+000
  0.60366700E+000
  0.60339389E+000
  0.60313189E+000
  0.60287948E+000
  0.60263861E+000
  0.60240751E+000
  0.60218855E+000
  0.60194528E+000
  0.60166260E+000
  0.60137276E+000
  0.60109296E+000
  0.60083155E+000
  0.60059187E+000
  0.60037455E+000
  0.60017883E+000
  0.60001336E+000
  0.59987757E+000
  0.59976235E+000
  0.59966205E+000
  0.59957315E+000
  0.59949342E+000
  0.59942143E+000
  0.59935640E+000
  0.59929754E+000
  0.59924427E+000
  0.59919614E+000
  0.59915280E+000
  0.59911393E+000
  0.59907924E+000
  0.59904847E+000
  0.59902133E+000
  0.59899759E+000
  0.59897699E+000
  0.59895928E+000
  0.59894422E+000
  0.59893157E+000
  0.59892110E+000
  0.59891259E+000
  0.59890583E+000
  0.59890067E+000
  0.59889696E+000
  0.59889447E+000
  0.59889305E+000
  0.59889253E+000
  0.59889279E+000
  0.59889371E+000
  0.59889520E+000
  0.59889716E+000
  0.59889953E+000
  0.59890222E+000
  0.59890519E+000
  0.59890839E+000
  0.59891176E+000
  0.59891527E+000
  0.59891889E+000
  0.59892259E+000
  0.59892634E+000
  0.59893011E+000
  0.59893390E+000
  0.59893767E+000
  0.59894142E+000
  0.59894513E+000
  0.59894880E+000
  0.59895241E+000
  0.59895596E+000
  0.59895944E+000
  0.59896286E+000
  0.59896622E+000
  0.59896951E+000
  0.59897275E+000
  0.59897593E+000
  0.59897906E+000
  0.59898214E+000
  0.59898704E+000
  0.59899296E+000
  0.59899892E+000
  0.59900476E+000
  0.59901047E+000
  0.59901603E+000
  0.59902144E+000
  0.59902670E+000
  0.59903179E+000
  0.59903671E+000
  0.59904144E+000
  0.59904599E+000
  0.59905035E+000
  0.59905450E+000
  0.59905845E+000
  0.59906219E+000
  0.59906572E+000
  0.59906903E+000
  0.59907213E+000
  0.59907501E+000
  0.59907769E+000
  0.59908017E+000
  0.59908245E+000
  0.59908453E+000
  0.59908643E+000
  0.59908815E+000
  0.59908970E+000
  0.59909109E+000
  0.59909233E+000
  0.59909343E+000
  0.59909438E+000
  0.59909522E+000
  0.59909593E+000
  0.59909653E+000
  0.59909703E+000
  0.59909744E+000
  0.59909776E+000
  0.59909800E+000
  0.59909817E+000
  0.59909827E+000
  0.59909831E+000
  0.59909829E+000
  0.59909822E+000
  0.59909811E+000
  0.59909796E+000
  0.59909777E+000
  0.59909755E+000
  0.59909731E+000
  0.59909703E+000
  0.59909674E+000
  0.59909643E+000
  0.59909610E+000
  0.59909577E+000
  0.59909542E+000
  0.59909506E+000
  0.59909470E+000
  0.59909434E+000
  0.59909397E+000
  0.59909360E+000
  0.59909324E+000
  0.59909288E+000
  0.59909252E+000
  0.59909217E+000
  0.59909183E+000
  0.59909149E+000
  0.59909116E+000
  0.59909084E+000
  0.59909054E+000
  0.59909024E+000
  0.59908995E+000
  0.59908968E+000
  0.59908942E+000
  0.59908917E+000
  0.59908893E+000
  0.59908871E+000
  0.59908850E+000
  0.59908830E+000
  0.59908811E+000
  0.59908794E+000
  0.59908778E+000
  0.59908763E+000
  0.59908749E+000
  0.59908737E+000
  0.59908725E+000
  0.59908715E+000
  0.59908706E+000
  0.59908697E+000
  0.59908690E+000
  0.59908684E+000
  0.59908678E+000
  0.59908674E+000
  0.59908670E+000
  0.59908667E+000
  0.59908664E+000
  0.59908662E+000
  0.59908661E+000
  0.59908660E+000
  0.59908660E+000
  0.59908660E+000
  0.59908661E+000
  0.59908662E+000
  0.59908663E+000
  0.59908665E+000
  0.59908667E+000
  0.59908669E+000
  0.59908671E+000
  0.59908673E+000
  0.59908676E+000
  0.59908678E+000
  0.59908681E+000
  0.59908684E+000
  0.59908687E+000
  0.59908689E+000
  0.59908692E+000
  0.59908695E+000
  0.59908698E+000
  0.59908701E+000
  0.59908703E+000
  0.59908706E+000
  0.59908709E+000
  0.59908712E+000
