  0.67020464E+000  0.85211599E+000  0.97549999E+000  0.25259851E+001
  0.66866432E+000  0.85141982E+000  0.97561089E+000  0.25234882E+001
  0.66774600E+000  0.85118318E+000  0.97537639E+000  0.25221202E+001
  0.66653072E+000  0.85158392E+000  0.97497576E+000  0.25213897E+001
  0.66449047E+000  0.85268643E+000  0.97506050E+000  0.25207744E+001
  0.66330410E+000  0.85317283E+000  0.97503612E+000  0.25203527E+001
  0.66203530E+000  0.85380214E+000  0.97495509E+000  0.25201709E+001
  0.66153931E+000  0.85310238E+000  0.97570646E+000  0.25198963E+001
  0.66131806E+000  0.85290478E+000  0.97544811E+000  0.25178179E+001
  0.66099865E+000  0.85293722E+000  0.97569812E+000  0.25195790E+001
  0.66033475E+000  0.85341131E+000  0.97549933E+000  0.25196044E+001
  0.66019891E+000  0.85318077E+000  0.97565753E+000  0.25195289E+001
  0.66009210E+000  0.85313919E+000  0.97553494E+000  0.25195795E+001
  0.66002419E+000  0.85302411E+000  0.97558395E+000  0.25195459E+001
  0.65985263E+000  0.85292911E+000  0.97574356E+000  0.25195321E+001
  0.65980728E+000  0.85290867E+000  0.97572625E+000  0.25195322E+001
  0.65978204E+000  0.85288081E+000  0.97572167E+000  0.25195379E+001
  0.65975438E+000  0.85278839E+000  0.97580384E+000  0.25195494E+001
  0.65942773E+000  0.85308374E+000  0.97554753E+000  0.25177348E+001
  0.65942888E+000  0.85307058E+000  0.97581418E+000  0.25195899E+001
  0.65943435E+000  0.85306192E+000  0.97581792E+000  0.25196167E+001
  0.65944146E+000  0.85305439E+000  0.97582743E+000  0.25196473E+001
  0.65944759E+000  0.85305246E+000  0.97583758E+000  0.25196828E+001
  0.65946074E+000  0.85305380E+000  0.97584638E+000  0.25197179E+001
  0.65947677E+000  0.85304455E+000  0.97586825E+000  0.25197547E+001
  0.65949484E+000  0.85304570E+000  0.97588219E+000  0.25197928E+001
  0.65950192E+000  0.85306277E+000  0.97589492E+000  0.25198318E+001
  0.65949404E+000  0.85309660E+000  0.97590890E+000  0.25198716E+001
  0.65909915E+000  0.85351978E+000  0.97592302E+000  0.25199119E+001
  0.65912252E+000  0.85352215E+000  0.97594164E+000  0.25199524E+001
  0.65914665E+000  0.85352891E+000  0.97595226E+000  0.25199975E+001
  0.65917058E+000  0.85351901E+000  0.97598526E+000  0.25200383E+001
  0.65919575E+000  0.85352621E+000  0.97600072E+000  0.25200789E+001
  0.65922123E+000  0.85353354E+000  0.97601628E+000  0.25201194E+001
  0.65924691E+000  0.85354095E+000  0.97603187E+000  0.25201596E+001
  0.65927268E+000  0.85354839E+000  0.97604742E+000  0.25201996E+001
  0.65929843E+000  0.85355584E+000  0.97606288E+000  0.25202392E+001
  0.65932410E+000  0.85356325E+000  0.97607822E+000  0.25202784E+001
  0.65935040E+000  0.85356981E+000  0.97609339E+000  0.25203172E+001
  0.65937564E+000  0.85357716E+000  0.97610832E+000  0.25203555E+001
  0.65940058E+000  0.85358436E+000  0.97612306E+000  0.25203935E+001
  0.65942514E+000  0.85360930E+000  0.97611987E+000  0.25204308E+001
  0.65944928E+000  0.85361631E+000  0.97613421E+000  0.25204676E+001
  0.65989112E+000  0.85320502E+000  0.97614831E+000  0.25205039E+001
  0.65991430E+000  0.85321173E+000  0.97616218E+000  0.25205396E+001
  0.65993690E+000  0.85321830E+000  0.97617580E+000  0.25205747E+001
  0.65995888E+000  0.85322474E+000  0.97618918E+000  0.25206092E+001
  0.65998019E+000  0.85323104E+000  0.97620230E+000  0.25206430E+001
  0.66000079E+000  0.85324129E+000  0.97621108E+000  0.25206762E+001
  0.66002065E+000  0.85324755E+000  0.97622344E+000  0.25207086E+001
  0.66004836E+000  0.85324478E+000  0.97623579E+000  0.25207402E+001
  0.66006665E+000  0.85325047E+000  0.97624787E+000  0.25207710E+001
  0.66008409E+000  0.85325600E+000  0.97625967E+000  0.25208011E+001
  0.66010069E+000  0.85326141E+000  0.97627115E+000  0.25208302E+001
  0.66013695E+000  0.85324606E+000  0.97628239E+000  0.25208584E+001
  0.66015180E+000  0.85325165E+000  0.97629274E+000  0.25208857E+001
  0.66016463E+000  0.85325759E+000  0.97630337E+000  0.25209121E+001
  0.66017768E+000  0.85326222E+000  0.97631818E+000  0.25209330E+001
  0.66018984E+000  0.85326666E+000  0.97632818E+000  0.25209573E+001
  0.66020151E+000  0.85327049E+000  0.97633784E+000  0.25209806E+001
  0.66022498E+000  0.85326144E+000  0.97634716E+000  0.25210028E+001
  0.66023449E+000  0.85326529E+000  0.97635611E+000  0.25210240E+001
  0.66024315E+000  0.85326894E+000  0.97636469E+000  0.25210440E+001
  0.66025099E+000  0.85327239E+000  0.97637289E+000  0.25210630E+001
  0.66025802E+000  0.85327564E+000  0.97638069E+000  0.25210808E+001
  0.66026428E+000  0.85327869E+000  0.97638810E+000  0.25210974E+001
  0.66026981E+000  0.85328154E+000  0.97639509E+000  0.25211129E+001
  0.66027464E+000  0.85328419E+000  0.97640167E+000  0.25211273E+001
  0.66027880E+000  0.85328926E+000  0.97640522E+000  0.25211404E+001
  0.66028235E+000  0.85329155E+000  0.97641093E+000  0.25211524E+001
  0.66028531E+000  0.85329364E+000  0.97641623E+000  0.25211633E+001
  0.66028772E+000  0.85329588E+000  0.97642077E+000  0.25211730E+001
  0.66028964E+000  0.85329761E+000  0.97642521E+000  0.25211815E+001
  0.66029109E+000  0.85329917E+000  0.97642924E+000  0.25211888E+001
  0.66029212E+000  0.85331264E+000  0.97642078E+000  0.25211950E+001
  0.66029296E+000  0.85331369E+000  0.97642398E+000  0.25212000E+001
  0.66029325E+000  0.85331479E+000  0.97642678E+000  0.25212040E+001
  0.66029322E+000  0.85331575E+000  0.97642920E+000  0.25212067E+001
  0.66029291E+000  0.85331658E+000  0.97643124E+000  0.25212084E+001
  0.66029235E+000  0.85331731E+000  0.97643288E+000  0.25212090E+001
  0.66029162E+000  0.85331790E+000  0.97643416E+000  0.25212085E+001
  0.66029067E+000  0.85331841E+000  0.97643511E+000  0.25212070E+001
  0.66028952E+000  0.85331886E+000  0.97643576E+000  0.25212044E+001
  0.66028824E+000  0.85331921E+000  0.97643612E+000  0.25212009E+001
  0.66028683E+000  0.85332532E+000  0.97643039E+000  0.25211964E+001
  0.66028532E+000  0.85332552E+000  0.97643024E+000  0.25211910E+001
  0.66028374E+000  0.85332565E+000  0.97642987E+000  0.25211848E+001
  0.66028211E+000  0.85332572E+000  0.97642930E+000  0.25211777E+001
  0.66028043E+000  0.85332573E+000  0.97642854E+000  0.25211698E+001
  0.66027873E+000  0.85332570E+000  0.97642762E+000  0.25211611E+001
  0.66027702E+000  0.85332562E+000  0.97642655E+000  0.25211518E+001
  0.66027532E+000  0.85332551E+000  0.97642534E+000  0.25211418E+001
  0.66027364E+000  0.85332536E+000  0.97642402E+000  0.25211312E+001
  0.66027198E+000  0.85332518E+000  0.97642261E+000  0.25211200E+001
  0.66027036E+000  0.85332497E+000  0.97642110E+000  0.25211083E+001
  0.66026878E+000  0.85332475E+000  0.97641952E+000  0.25210961E+001
  0.66026726E+000  0.85332451E+000  0.97641788E+000  0.25210834E+001
  0.66026579E+000  0.85332425E+000  0.97641618E+000  0.25210703E+001
  0.66026438E+000  0.85332397E+000  0.97641445E+000  0.25210568E+001
  0.66026304E+000  0.85332369E+000  0.97641267E+000  0.25210429E+001
  0.66026176E+000  0.85332340E+000  0.97641086E+000  0.25210287E+001
  0.66026056E+000  0.85332310E+000  0.97640903E+000  0.25210142E+001
  0.66025942E+000  0.85332279E+000  0.97640718E+000  0.25209994E+001
  0.66025835E+000  0.85332247E+000  0.97640532E+000  0.25209844E+001
  0.66025734E+000  0.85332215E+000  0.97640345E+000  0.25209690E+001
  0.66025641E+000  0.85332182E+000  0.97640157E+000  0.25209535E+001
  0.66025554E+000  0.85332150E+000  0.97639969E+000  0.25209377E+001
  0.66025473E+000  0.85332116E+000  0.97639780E+000  0.25209217E+001
  0.66025398E+000  0.85332083E+000  0.97639590E+000  0.25209054E+001
  0.66025329E+000  0.85332050E+000  0.97639401E+000  0.25208890E+001
  0.66025265E+000  0.85332017E+000  0.97639211E+000  0.25208725E+001
  0.66025207E+000  0.85331983E+000  0.97639022E+000  0.25208557E+001
  0.66025154E+000  0.85331950E+000  0.97638832E+000  0.25208387E+001
  0.66025105E+000  0.85331917E+000  0.97638643E+000  0.25208216E+001
  0.66025060E+000  0.85331884E+000  0.97638454E+000  0.25208044E+001
  0.66025019E+000  0.85331851E+000  0.97638265E+000  0.25207870E+001
  0.66024983E+000  0.85331819E+000  0.97638077E+000  0.25207694E+001
  0.66024949E+000  0.85331787E+000  0.97637889E+000  0.25207517E+001
  0.66024919E+000  0.85331756E+000  0.97637701E+000  0.25207338E+001
  0.66024891E+000  0.85331725E+000  0.97637514E+000  0.25207158E+001
  0.66024866E+000  0.85331694E+000  0.97637328E+000  0.25206977E+001
  0.66024843E+000  0.85331665E+000  0.97637142E+000  0.25206794E+001
  0.66024823E+000  0.85331636E+000  0.97636957E+000  0.25206611E+001
  0.66024804E+000  0.85331607E+000  0.97636772E+000  0.25206426E+001
  0.66024787E+000  0.85331580E+000  0.97636589E+000  0.25206239E+001
  0.66024771E+000  0.85331553E+000  0.97636406E+000  0.25206052E+001
  0.66024757E+000  0.85331527E+000  0.97636225E+000  0.25205863E+001
  0.66024744E+000  0.85331502E+000  0.97636045E+000  0.25205674E+001
  0.66024731E+000  0.85331477E+000  0.97635867E+000  0.25205483E+001
  0.66024720E+000  0.85331454E+000  0.97635690E+000  0.25205292E+001
  0.66024709E+000  0.85331431E+000  0.97635514E+000  0.25205099E+001
  0.66024698E+000  0.85331410E+000  0.97635341E+000  0.25204906E+001
  0.66024688E+000  0.85331389E+000  0.97635169E+000  0.25204712E+001
  0.66024679E+000  0.85331369E+000  0.97634999E+000  0.25204517E+001
  0.66024669E+000  0.85331350E+000  0.97634831E+000  0.25204321E+001
  0.66024660E+000  0.85331332E+000  0.97634666E+000  0.25204125E+001
  0.66024651E+000  0.85331315E+000  0.97634503E+000  0.25203928E+001
  0.66024642E+000  0.85331298E+000  0.97634343E+000  0.25203731E+001
  0.66024633E+000  0.85331282E+000  0.97634185E+000  0.25203533E+001
  0.66024624E+000  0.85331267E+000  0.97634030E+000  0.25203335E+001
  0.66024616E+000  0.85331253E+000  0.97633878E+000  0.25203136E+001
  0.66024607E+000  0.85331240E+000  0.97633728E+000  0.25202937E+001
  0.66024598E+000  0.85331227E+000  0.97633582E+000  0.25202738E+001
  0.66024589E+000  0.85331215E+000  0.97633440E+000  0.25202539E+001
  0.66024580E+000  0.85331203E+000  0.97633300E+000  0.25202340E+001
  0.66024571E+000  0.85331192E+000  0.97633164E+000  0.25202141E+001
  0.66024562E+000  0.85331181E+000  0.97633031E+000  0.25201942E+001
  0.66024552E+000  0.85331171E+000  0.97632902E+000  0.25201743E+001
  0.66024543E+000  0.85331162E+000  0.97632776E+000  0.25201545E+001
  0.66024534E+000  0.85331153E+000  0.97632655E+000  0.25201347E+001
  0.66024525E+000  0.85331144E+000  0.97632536E+000  0.25201149E+001
  0.66024516E+000  0.85331136E+000  0.97632422E+000  0.25200952E+001
  0.66024507E+000  0.85331128E+000  0.97632311E+000  0.25200756E+001
  0.66024499E+000  0.85331121E+000  0.97632204E+000  0.25200560E+001
  0.66024490E+000  0.85331114E+000  0.97632101E+000  0.25200366E+001
  0.66024481E+000  0.85331107E+000  0.97632001E+000  0.25200172E+001
  0.66024473E+000  0.85331101E+000  0.97631906E+000  0.25199979E+001
  0.66024465E+000  0.85331095E+000  0.97631814E+000  0.25199787E+001
  0.66024457E+000  0.85331089E+000  0.97631726E+000  0.25199596E+001
  0.66024449E+000  0.85331083E+000  0.97631641E+000  0.25199407E+001
  0.66024441E+000  0.85331078E+000  0.97631560E+000  0.25199219E+001
  0.66024434E+000  0.85331073E+000  0.97631483E+000  0.25199032E+001
  0.66024427E+000  0.85331068E+000  0.97631410E+000  0.25198847E+001
  0.66024420E+000  0.85331063E+000  0.97631339E+000  0.25198663E+001
  0.66024413E+000  0.85331059E+000  0.97631273E+000  0.25198481E+001
  0.66024407E+000  0.85331055E+000  0.97631209E+000  0.25198301E+001
  0.66024401E+000  0.85331051E+000  0.97631149E+000  0.25198123E+001
  0.66024395E+000  0.85331047E+000  0.97631092E+000  0.25197946E+001
  0.66024389E+000  0.85331043E+000  0.97631038E+000  0.25197772E+001
  0.66024384E+000  0.85331040E+000  0.97630987E+000  0.25197600E+001
  0.66024379E+000  0.85331037E+000  0.97630939E+000  0.25197429E+001
  0.66024374E+000  0.85331034E+000  0.97630894E+000  0.25197261E+001
  0.66024370E+000  0.85331031E+000  0.97630852E+000  0.25197095E+001
  0.66024366E+000  0.85331028E+000  0.97630812E+000  0.25196931E+001
  0.66024362E+000  0.85331026E+000  0.97630775E+000  0.25196770E+001
  0.66024358E+000  0.85331023E+000  0.97630740E+000  0.25196611E+001
  0.66024355E+000  0.85331021E+000  0.97630707E+000  0.25196455E+001
  0.66024351E+000  0.85331019E+000  0.97630677E+000  0.25196301E+001
  0.66024348E+000  0.85331017E+000  0.97630649E+000  0.25196149E+001
  0.66024346E+000  0.85331015E+000  0.97630622E+000  0.25196000E+001
  0.66024343E+000  0.85331013E+000  0.97630598E+000  0.25195854E+001
  0.66024341E+000  0.85331012E+000  0.97630575E+000  0.25195711E+001
  0.66024338E+000  0.85331010E+000  0.97630554E+000  0.25195570E+001
  0.66024336E+000  0.85331009E+000  0.97630535E+000  0.25195431E+001
  0.66024335E+000  0.85331008E+000  0.97630518E+000  0.25195296E+001
  0.66024333E+000  0.85331006E+000  0.97630501E+000  0.25195163E+001
  0.66024331E+000  0.85331005E+000  0.97630486E+000  0.25195033E+001
  0.66024330E+000  0.85331004E+000  0.97630473E+000  0.25194906E+001
  0.66024329E+000  0.85331003E+000  0.97630460E+000  0.25194781E+001
  0.66024328E+000  0.85331003E+000  0.97630449E+000  0.25194660E+001
  0.66024327E+000  0.85331002E+000  0.97630439E+000  0.25194541E+001
  0.66024326E+000  0.85331001E+000  0.97630429E+000  0.25194425E+001
  0.66024325E+000  0.85331001E+000  0.97630421E+000  0.25194311E+001
  0.66024324E+000  0.85331000E+000  0.97630413E+000  0.25194201E+001
  0.66024324E+000  0.85330999E+000  0.97630407E+000  0.25194093E+001
  0.66024323E+000  0.85330999E+000  0.97630400E+000  0.25193988E+001
  0.66024323E+000  0.85330999E+000  0.97630395E+000  0.25193885E+001
  0.66024323E+000  0.85330998E+000  0.97630390E+000  0.25193786E+001
  0.66024322E+000  0.85330998E+000  0.97630386E+000  0.25193689E+001
  0.66024321E+000  0.85330997E+000  0.97630381E+000  0.25193594E+001
