  0.70264015E+000  0.85540110E+000  0.10420969E+001  0.24236675E+001
  0.70232976E+000  0.85505596E+000  0.10409214E+001  0.24208762E+001
  0.70218357E+000  0.85465269E+000  0.10400668E+001  0.24195227E+001
  0.70195597E+000  0.85442265E+000  0.10393808E+001  0.24187207E+001
  0.70175727E+000  0.85423881E+000  0.10388179E+001  0.24181977E+001
  0.70159507E+000  0.85410207E+000  0.10383321E+001  0.24178365E+001
  0.70146408E+000  0.85399088E+000  0.10379271E+001  0.24175814E+001
  0.70135899E+000  0.85389154E+000  0.10375956E+001  0.24173983E+001
  0.70127529E+000  0.85380228E+000  0.10373262E+001  0.24172675E+001
  0.70120936E+000  0.85372083E+000  0.10371077E+001  0.24171751E+001
  0.70115835E+000  0.85364581E+000  0.10369331E+001  0.24171125E+001
  0.70111997E+000  0.85357635E+000  0.10367959E+001  0.24170739E+001
  0.70109027E+000  0.85351163E+000  0.10366909E+001  0.24170529E+001
  0.70106906E+000  0.85345089E+000  0.10366123E+001  0.24170459E+001
  0.70105767E+000  0.85339353E+000  0.10365557E+001  0.24170505E+001
  0.70105396E+000  0.85333904E+000  0.10365178E+001  0.24170636E+001
  0.70105642E+000  0.85328700E+000  0.10364956E+001  0.24170833E+001
  0.70106384E+000  0.85323709E+000  0.10364868E+001  0.24171083E+001
  0.70107530E+000  0.85318905E+000  0.10364893E+001  0.24171373E+001
  0.70109005E+000  0.85314268E+000  0.10365014E+001  0.24171695E+001
  0.70110747E+000  0.85309771E+000  0.10365216E+001  0.24172041E+001
  0.70112691E+000  0.85305384E+000  0.10365491E+001  0.24172407E+001
  0.70114795E+000  0.85301109E+000  0.10365826E+001  0.24172787E+001
  0.70114878E+000  0.85299103E+000  0.10366212E+001  0.24173177E+001
  0.70114025E+000  0.85298478E+000  0.10366617E+001  0.24173575E+001
  0.70113310E+000  0.85298971E+000  0.10366951E+001  0.24173976E+001
  0.70112715E+000  0.85299542E+000  0.10367309E+001  0.24174379E+001
  0.70112242E+000  0.85300167E+000  0.10367687E+001  0.24174783E+001
  0.70113631E+000  0.85299087E+000  0.10368080E+001  0.24175186E+001
  0.70115054E+000  0.85298111E+000  0.10368484E+001  0.24175587E+001
  0.70116501E+000  0.85297236E+000  0.10368894E+001  0.24175985E+001
  0.70118288E+000  0.85296131E+000  0.10369309E+001  0.24176380E+001
  0.70120392E+000  0.85294809E+000  0.10369724E+001  0.24176772E+001
  0.70122469E+000  0.85293601E+000  0.10370138E+001  0.24177159E+001
  0.70124514E+000  0.85292504E+000  0.10370549E+001  0.24177543E+001
  0.70126520E+000  0.85291513E+000  0.10370956E+001  0.24177922E+001
  0.70128483E+000  0.85290624E+000  0.10371356E+001  0.24178296E+001
  0.70130400E+000  0.85289832E+000  0.10371750E+001  0.24178667E+001
  0.70132265E+000  0.85289132E+000  0.10372136E+001  0.24179032E+001
  0.70134078E+000  0.85288519E+000  0.10372514E+001  0.24179393E+001
  0.70135833E+000  0.85287988E+000  0.10372884E+001  0.24179749E+001
  0.70137530E+000  0.85287534E+000  0.10373245E+001  0.24180099E+001
  0.70139167E+000  0.85287151E+000  0.10373599E+001  0.24180443E+001
  0.70140740E+000  0.85286837E+000  0.10373944E+001  0.24180782E+001
  0.70142249E+000  0.85286585E+000  0.10374281E+001  0.24181114E+001
  0.70143692E+000  0.85286393E+000  0.10374610E+001  0.24181438E+001
  0.70145067E+000  0.85286257E+000  0.10374932E+001  0.24181756E+001
  0.70146374E+000  0.85286173E+000  0.10375245E+001  0.24182066E+001
  0.70147612E+000  0.85286140E+000  0.10375550E+001  0.24182368E+001
  0.70148779E+000  0.85286153E+000  0.10375847E+001  0.24182662E+001
  0.70149875E+000  0.85286211E+000  0.10376136E+001  0.24182947E+001
  0.70150900E+000  0.85286311E+000  0.10376415E+001  0.24183224E+001
  0.70151854E+000  0.85286451E+000  0.10376686E+001  0.24183491E+001
  0.70152737E+000  0.85286628E+000  0.10376948E+001  0.24183750E+001
  0.70153550E+000  0.85286839E+000  0.10377200E+001  0.24183999E+001
  0.70154293E+000  0.85287068E+000  0.10377443E+001  0.24184240E+001
  0.70154969E+000  0.85287315E+000  0.10377678E+001  0.24184470E+001
  0.70155578E+000  0.85287580E+000  0.10377903E+001  0.24184692E+001
  0.70156124E+000  0.85287886E+000  0.10378115E+001  0.24184904E+001
  0.70156607E+000  0.85288661E+000  0.10378272E+001  0.24185106E+001
  0.70157030E+000  0.85289397E+000  0.10378424E+001  0.24185298E+001
  0.70157397E+000  0.85290093E+000  0.10378570E+001  0.24185480E+001
  0.70157710E+000  0.85290750E+000  0.10378710E+001  0.24185652E+001
  0.70157971E+000  0.85291366E+000  0.10378844E+001  0.24185814E+001
  0.70158184E+000  0.85291942E+000  0.10378972E+001  0.24185966E+001
  0.70158352E+000  0.85292480E+000  0.10379094E+001  0.24186107E+001
  0.70158478E+000  0.85292979E+000  0.10379210E+001  0.24186238E+001
  0.70158564E+000  0.85293442E+000  0.10379319E+001  0.24186358E+001
  0.70158612E+000  0.85293870E+000  0.10379421E+001  0.24186468E+001
  0.70158625E+000  0.85294266E+000  0.10379517E+001  0.24186567E+001
  0.70158605E+000  0.85294631E+000  0.10379606E+001  0.24186655E+001
  0.70158554E+000  0.85294970E+000  0.10379689E+001  0.24186732E+001
  0.70158474E+000  0.85295284E+000  0.10379765E+001  0.24186799E+001
  0.70158366E+000  0.85295577E+000  0.10379834E+001  0.24186855E+001
  0.70158231E+000  0.85295851E+000  0.10379897E+001  0.24186900E+001
  0.70158071E+000  0.85296111E+000  0.10379953E+001  0.24186935E+001
  0.70157887E+000  0.85296359E+000  0.10380003E+001  0.24186960E+001
  0.70157680E+000  0.85296597E+000  0.10380047E+001  0.24186974E+001
  0.70157451E+000  0.85296828E+000  0.10380084E+001  0.24186979E+001
  0.70157200E+000  0.85297054E+000  0.10380116E+001  0.24186974E+001
  0.70156928E+000  0.85297278E+000  0.10380142E+001  0.24186959E+001
  0.70156638E+000  0.85297499E+000  0.10380162E+001  0.24186936E+001
  0.70156331E+000  0.85297721E+000  0.10380177E+001  0.24186903E+001
  0.70156007E+000  0.85297943E+000  0.10380187E+001  0.24186862E+001
  0.70155669E+000  0.85298165E+000  0.10380193E+001  0.24186813E+001
  0.70155317E+000  0.85298470E+000  0.10380186E+001  0.24186756E+001
  0.70154954E+000  0.85298931E+000  0.10380159E+001  0.24186692E+001
  0.70154580E+000  0.85299393E+000  0.10380129E+001  0.24186621E+001
  0.70154198E+000  0.85299854E+000  0.10380095E+001  0.24186544E+001
  0.70153809E+000  0.85300313E+000  0.10380059E+001  0.24186461E+001
  0.70153416E+000  0.85300768E+000  0.10380020E+001  0.24186372E+001
  0.70153019E+000  0.85301218E+000  0.10379978E+001  0.24186277E+001
  0.70152620E+000  0.85301661E+000  0.10379935E+001  0.24186178E+001
  0.70152222E+000  0.85302096E+000  0.10379891E+001  0.24186075E+001
  0.70151825E+000  0.85302521E+000  0.10379845E+001  0.24185967E+001
  0.70151431E+000  0.85302936E+000  0.10379798E+001  0.24185856E+001
  0.70151041E+000  0.85303339E+000  0.10379751E+001  0.24185742E+001
  0.70150656E+000  0.85303729E+000  0.10379703E+001  0.24185624E+001
  0.70150278E+000  0.85304106E+000  0.10379654E+001  0.24185503E+001
  0.70149907E+000  0.85304468E+000  0.10379606E+001  0.24185380E+001
  0.70149544E+000  0.85304815E+000  0.10379558E+001  0.24185254E+001
  0.70149190E+000  0.85305146E+000  0.10379510E+001  0.24185126E+001
  0.70148844E+000  0.85305462E+000  0.10379462E+001  0.24184996E+001
  0.70148509E+000  0.85305761E+000  0.10379414E+001  0.24184864E+001
  0.70148183E+000  0.85306044E+000  0.10379367E+001  0.24184730E+001
  0.70147867E+000  0.85306310E+000  0.10379321E+001  0.24184594E+001
  0.70147562E+000  0.85306559E+000  0.10379275E+001  0.24184457E+001
  0.70147268E+000  0.85306792E+000  0.10379229E+001  0.24184318E+001
  0.70146984E+000  0.85307009E+000  0.10379184E+001  0.24184178E+001
  0.70146711E+000  0.85307209E+000  0.10379140E+001  0.24184036E+001
  0.70146449E+000  0.85307392E+000  0.10379097E+001  0.24183893E+001
  0.70146197E+000  0.85307560E+000  0.10379054E+001  0.24183749E+001
  0.70145956E+000  0.85307713E+000  0.10379011E+001  0.24183603E+001
  0.70145725E+000  0.85307850E+000  0.10378970E+001  0.24183456E+001
  0.70145505E+000  0.85307973E+000  0.10378928E+001  0.24183307E+001
  0.70145294E+000  0.85308081E+000  0.10378888E+001  0.24183158E+001
  0.70145094E+000  0.85308175E+000  0.10378848E+001  0.24183007E+001
  0.70144904E+000  0.85308256E+000  0.10378808E+001  0.24182855E+001
  0.70144724E+000  0.85308325E+000  0.10378769E+001  0.24182702E+001
  0.70144552E+000  0.85308381E+000  0.10378730E+001  0.24182548E+001
  0.70144391E+000  0.85308426E+000  0.10378692E+001  0.24182392E+001
  0.70144238E+000  0.85308460E+000  0.10378654E+001  0.24182236E+001
  0.70144094E+000  0.85308484E+000  0.10378616E+001  0.24182078E+001
  0.70143958E+000  0.85308498E+000  0.10378578E+001  0.24181920E+001
  0.70143831E+000  0.85308504E+000  0.10378541E+001  0.24181760E+001
  0.70143712E+000  0.85308501E+000  0.10378504E+001  0.24181600E+001
  0.70143600E+000  0.85308490E+000  0.10378467E+001  0.24181438E+001
  0.70143496E+000  0.85308473E+000  0.10378431E+001  0.24181275E+001
  0.70143400E+000  0.85308449E+000  0.10378394E+001  0.24181112E+001
  0.70143310E+000  0.85308420E+000  0.10378358E+001  0.24180947E+001
  0.70143227E+000  0.85308385E+000  0.10378322E+001  0.24180782E+001
  0.70143150E+000  0.85308346E+000  0.10378286E+001  0.24180616E+001
  0.70143080E+000  0.85308303E+000  0.10378250E+001  0.24180448E+001
  0.70143015E+000  0.85308257E+000  0.10378214E+001  0.24180280E+001
  0.70142957E+000  0.85308208E+000  0.10378179E+001  0.24180111E+001
  0.70142903E+000  0.85308156E+000  0.10378143E+001  0.24179941E+001
  0.70142854E+000  0.85308103E+000  0.10378108E+001  0.24179771E+001
  0.70142811E+000  0.85308048E+000  0.10378074E+001  0.24179599E+001
  0.70142772E+000  0.85307992E+000  0.10378039E+001  0.24179427E+001
  0.70142737E+000  0.85307936E+000  0.10378006E+001  0.24179254E+001
  0.70142706E+000  0.85307879E+000  0.10377972E+001  0.24179080E+001
  0.70142679E+000  0.85307822E+000  0.10377939E+001  0.24178905E+001
  0.70142655E+000  0.85307766E+000  0.10377906E+001  0.24178730E+001
  0.70142635E+000  0.85307710E+000  0.10377874E+001  0.24178554E+001
  0.70142618E+000  0.85307655E+000  0.10377843E+001  0.24178378E+001
  0.70142604E+000  0.85307601E+000  0.10377812E+001  0.24178201E+001
  0.70142592E+000  0.85307548E+000  0.10377782E+001  0.24178023E+001
  0.70142583E+000  0.85307496E+000  0.10377753E+001  0.24177845E+001
  0.70142576E+000  0.85307446E+000  0.10377724E+001  0.24177666E+001
  0.70142571E+000  0.85307398E+000  0.10377697E+001  0.24177487E+001
  0.70142568E+000  0.85307352E+000  0.10377670E+001  0.24177308E+001
  0.70142567E+000  0.85307307E+000  0.10377644E+001  0.24177128E+001
  0.70142567E+000  0.85307264E+000  0.10377619E+001  0.24176949E+001
  0.70142569E+000  0.85307223E+000  0.10377594E+001  0.24176769E+001
  0.70142571E+000  0.85307183E+000  0.10377571E+001  0.24176589E+001
  0.70142575E+000  0.85307146E+000  0.10377549E+001  0.24176409E+001
  0.70142580E+000  0.85307111E+000  0.10377528E+001  0.24176230E+001
  0.70142586E+000  0.85307077E+000  0.10377507E+001  0.24176051E+001
  0.70142592E+000  0.85307046E+000  0.10377488E+001  0.24175872E+001
  0.70142599E+000  0.85307016E+000  0.10377469E+001  0.24175693E+001
  0.70142606E+000  0.85306988E+000  0.10377452E+001  0.24175515E+001
  0.70142614E+000  0.85306962E+000  0.10377435E+001  0.24175338E+001
  0.70142622E+000  0.85306938E+000  0.10377420E+001  0.24175162E+001
  0.70142630E+000  0.85306915E+000  0.10377405E+001  0.24174986E+001
  0.70142639E+000  0.85306894E+000  0.10377391E+001  0.24174811E+001
  0.70142647E+000  0.85306875E+000  0.10377378E+001  0.24174638E+001
  0.70142656E+000  0.85306856E+000  0.10377366E+001  0.24174465E+001
  0.70142664E+000  0.85306840E+000  0.10377355E+001  0.24174294E+001
  0.70142673E+000  0.85306825E+000  0.10377344E+001  0.24174125E+001
  0.70142681E+000  0.85306811E+000  0.10377335E+001  0.24173957E+001
  0.70142689E+000  0.85306798E+000  0.10377326E+001  0.24173790E+001
  0.70142697E+000  0.85306786E+000  0.10377318E+001  0.24173625E+001
  0.70142705E+000  0.85306776E+000  0.10377310E+001  0.24173462E+001
  0.70142713E+000  0.85306767E+000  0.10377303E+001  0.24173301E+001
  0.70142720E+000  0.85306758E+000  0.10377297E+001  0.24173142E+001
  0.70142727E+000  0.85306751E+000  0.10377291E+001  0.24172984E+001
  0.70142734E+000  0.85306744E+000  0.10377286E+001  0.24172829E+001
  0.70142740E+000  0.85306738E+000  0.10377281E+001  0.24172676E+001
  0.70142746E+000  0.85306733E+000  0.10377277E+001  0.24172526E+001
  0.70142752E+000  0.85306728E+000  0.10377273E+001  0.24172377E+001
  0.70142758E+000  0.85306724E+000  0.10377270E+001  0.24172231E+001
  0.70142763E+000  0.85306721E+000  0.10377267E+001  0.24172088E+001
  0.70142768E+000  0.85306718E+000  0.10377264E+001  0.24171947E+001
  0.70142773E+000  0.85306715E+000  0.10377262E+001  0.24171809E+001
  0.70142777E+000  0.85306713E+000  0.10377260E+001  0.24171673E+001
  0.70142781E+000  0.85306712E+000  0.10377258E+001  0.24171540E+001
  0.70142785E+000  0.85306710E+000  0.10377257E+001  0.24171409E+001
  0.70142788E+000  0.85306709E+000  0.10377256E+001  0.24171281E+001
  0.70142792E+000  0.85306709E+000  0.10377255E+001  0.24171156E+001
  0.70142795E+000  0.85306708E+000  0.10377254E+001  0.24171033E+001
  0.70142797E+000  0.85306708E+000  0.10377253E+001  0.24170914E+001
  0.70142800E+000  0.85306708E+000  0.10377253E+001  0.24170797E+001
  0.70142802E+000  0.85306708E+000  0.10377252E+001  0.24170682E+001
  0.70142804E+000  0.85306708E+000  0.10377252E+001  0.24170571E+001
  0.70142806E+000  0.85306709E+000  0.10377252E+001  0.24170462E+001
  0.70142808E+000  0.85306709E+000  0.10377252E+001  0.24170356E+001
  0.70142810E+000  0.85306710E+000  0.10377252E+001  0.24170253E+001
  0.70142811E+000  0.85306711E+000  0.10377252E+001  0.24170152E+001
  0.70142812E+000  0.85306712E+000  0.10377252E+001  0.24170055E+001
  0.70142813E+000  0.85306711E+000  0.10377252E+001  0.24169959E+001
