  0.11411132E+001
  0.11419763E+001
  0.11425460E+001
  0.11429868E+001
  0.11433434E+001
  0.11436370E+001
  0.11438778E+001
  0.11440764E+001
  0.11442394E+001
  0.11443736E+001
  0.11444831E+001
  0.11445713E+001
  0.11446424E+001
  0.11446989E+001
  0.11447421E+001
  0.11447746E+001
  0.11447979E+001
  0.11448137E+001
  0.11448232E+001
  0.11448273E+001
  0.11448270E+001
  0.11448229E+001
  0.11448156E+001
  0.11448057E+001
  0.11447935E+001
  0.11447794E+001
  0.11447638E+001
  0.11447469E+001
  0.11447290E+001
  0.11447104E+001
  0.11446911E+001
  0.11446713E+001
  0.11446512E+001
  0.11446310E+001
  0.11446106E+001
  0.11445902E+001
  0.11445699E+001
  0.11445497E+001
  0.11445297E+001
  0.11445099E+001
  0.11444904E+001
  0.11444712E+001
  0.11444523E+001
  0.11444339E+001
  0.11444158E+001
  0.11443981E+001
  0.11443808E+001
  0.11443640E+001
  0.11443477E+001
  0.11443318E+001
  0.11443165E+001
  0.11443017E+001
  0.11442874E+001
  0.11442736E+001
  0.11442604E+001
  0.11442478E+001
  0.11442357E+001
  0.11442242E+001
  0.11442132E+001
  0.11442029E+001
  0.11441930E+001
  0.11441838E+001
  0.11441751E+001
  0.11441670E+001
  0.11441594E+001
  0.11441523E+001
  0.11441458E+001
  0.11441398E+001
  0.11441342E+001
  0.11441292E+001
  0.11441246E+001
  0.11441205E+001
  0.11441168E+001
  0.11441135E+001
  0.11441106E+001
  0.11441081E+001
  0.11441059E+001
  0.11441041E+001
  0.11441027E+001
  0.11441015E+001
  0.11441006E+001
  0.11441001E+001
  0.11440997E+001
  0.11440996E+001
  0.11440997E+001
  0.11441001E+001
  0.11441006E+001
  0.11441013E+001
  0.11441021E+001
  0.11441031E+001
  0.11441042E+001
  0.11441054E+001
  0.11441067E+001
  0.11441080E+001
  0.11441094E+001
  0.11441109E+001
  0.11441124E+001
  0.11441140E+001
  0.11441156E+001
  0.11441172E+001
  0.11441188E+001
  0.11441204E+001
  0.11441221E+001
  0.11441237E+001
  0.11441253E+001
  0.11441270E+001
  0.11441286E+001
  0.11441302E+001
  0.11441318E+001
  0.11441333E+001
  0.11441349E+001
  0.11441365E+001
  0.11441380E+001
  0.11441395E+001
  0.11441410E+001
  0.11441425E+001
  0.11441440E+001
  0.11441455E+001
  0.11441469E+001
  0.11441484E+001
  0.11441498E+001
  0.11441512E+001
  0.11441526E+001
  0.11441540E+001
  0.11441553E+001
  0.11441567E+001
  0.11441580E+001
  0.11441593E+001
  0.11441606E+001
  0.11441618E+001
  0.11441631E+001
  0.11441643E+001
  0.11441656E+001
  0.11441668E+001
  0.11441679E+001
  0.11441691E+001
  0.11441703E+001
  0.11441714E+001
  0.11441725E+001
  0.11441736E+001
  0.11441747E+001
  0.11441757E+001
  0.11441767E+001
  0.11441777E+001
  0.11441787E+001
  0.11441797E+001
  0.11441806E+001
  0.11441816E+001
  0.11441825E+001
  0.11441833E+001
  0.11441842E+001
  0.11441850E+001
  0.11441859E+001
  0.11441867E+001
  0.11441874E+001
  0.11441882E+001
  0.11441889E+001
  0.11441896E+001
  0.11441903E+001
  0.11441910E+001
  0.11441916E+001
  0.11441923E+001
  0.11441929E+001
  0.11441935E+001
  0.11441940E+001
  0.11441946E+001
  0.11441951E+001
  0.11441956E+001
  0.11441961E+001
  0.11441966E+001
  0.11441971E+001
  0.11441975E+001
  0.11441979E+001
  0.11441983E+001
  0.11441987E+001
  0.11441991E+001
  0.11441995E+001
  0.11441998E+001
  0.11442002E+001
  0.11442005E+001
  0.11442008E+001
  0.11442011E+001
  0.11442013E+001
  0.11442016E+001
  0.11442019E+001
  0.11442021E+001
  0.11442023E+001
  0.11442026E+001
  0.11442028E+001
  0.11442030E+001
  0.11442032E+001
  0.11442034E+001
  0.11442035E+001
  0.11442037E+001
  0.11442039E+001
  0.11442040E+001
  0.11442042E+001
  0.11442043E+001
  0.11442044E+001
  0.11442046E+001
