  0.17841516E+001
  0.17824151E+001
  0.17812691E+001
  0.17804743E+001
  0.17799301E+001
  0.17795357E+001
  0.17792541E+001
  0.17790493E+001
  0.17788898E+001
  0.17787762E+001
  0.17786901E+001
  0.17786236E+001
  0.17785746E+001
  0.17785362E+001
  0.17785036E+001
  0.17784774E+001
  0.17784554E+001
  0.17784350E+001
  0.17784176E+001
  0.17784011E+001
  0.17783861E+001
  0.17783713E+001
  0.17783566E+001
  0.17783421E+001
  0.17783271E+001
  0.17783118E+001
  0.17782960E+001
  0.17782797E+001
  0.17782629E+001
  0.17782455E+001
  0.17782276E+001
  0.17782091E+001
  0.17781903E+001
  0.17781710E+001
  0.17781513E+001
  0.17781313E+001
  0.17781111E+001
  0.17780906E+001
  0.17780700E+001
  0.17780493E+001
  0.17780285E+001
  0.17780077E+001
  0.17779868E+001
  0.17779661E+001
  0.17779454E+001
  0.17779249E+001
  0.17779045E+001
  0.17778842E+001
  0.17778642E+001
  0.17778443E+001
  0.17778247E+001
  0.17778053E+001
  0.17777861E+001
  0.17777673E+001
  0.17777487E+001
  0.17777304E+001
  0.17777124E+001
  0.17776947E+001
  0.17776773E+001
  0.17776602E+001
  0.17776434E+001
  0.17776269E+001
  0.17776108E+001
  0.17775950E+001
  0.17775794E+001
  0.17775643E+001
  0.17775494E+001
  0.17775348E+001
  0.17775206E+001
  0.17775066E+001
  0.17774930E+001
  0.17774796E+001
  0.17774665E+001
  0.17774538E+001
  0.17774412E+001
  0.17774290E+001
  0.17774170E+001
  0.17774052E+001
  0.17773937E+001
  0.17773825E+001
  0.17773714E+001
  0.17773606E+001
  0.17773500E+001
  0.17773396E+001
  0.17773294E+001
  0.17773194E+001
  0.17773096E+001
  0.17772999E+001
  0.17772904E+001
  0.17772811E+001
  0.17772719E+001
  0.17772628E+001
  0.17772539E+001
  0.17772451E+001
  0.17772363E+001
  0.17772277E+001
  0.17772191E+001
  0.17772106E+001
  0.17772022E+001
  0.17771938E+001
  0.17771855E+001
  0.17771772E+001
  0.17771689E+001
  0.17771606E+001
  0.17771524E+001
  0.17771441E+001
  0.17771359E+001
  0.17771276E+001
  0.17771194E+001
  0.17771111E+001
  0.17771029E+001
  0.17770946E+001
  0.17770863E+001
  0.17770780E+001
  0.17770696E+001
  0.17770613E+001
  0.17770529E+001
  0.17770445E+001
  0.17770360E+001
  0.17770276E+001
  0.17770191E+001
  0.17770106E+001
  0.17770021E+001
  0.17769935E+001
  0.17769849E+001
  0.17769764E+001
  0.17769677E+001
  0.17769591E+001
  0.17769505E+001
  0.17769418E+001
  0.17769332E+001
  0.17769245E+001
  0.17769158E+001
  0.17769072E+001
  0.17768985E+001
  0.17768898E+001
  0.17768812E+001
  0.17768725E+001
  0.17768639E+001
  0.17768553E+001
  0.17768467E+001
  0.17768381E+001
  0.17768296E+001
  0.17768210E+001
  0.17768125E+001
  0.17768041E+001
  0.17767957E+001
  0.17767873E+001
  0.17767790E+001
  0.17767707E+001
  0.17767625E+001
  0.17767543E+001
  0.17767462E+001
  0.17767382E+001
  0.17767302E+001
  0.17767223E+001
  0.17767145E+001
  0.17767067E+001
  0.17766990E+001
  0.17766914E+001
  0.17766839E+001
  0.17766765E+001
  0.17766692E+001
  0.17766619E+001
  0.17766548E+001
  0.17766477E+001
  0.17766407E+001
  0.17766339E+001
  0.17766271E+001
  0.17766205E+001
  0.17766139E+001
  0.17766075E+001
  0.17766011E+001
  0.17765949E+001
  0.17765888E+001
  0.17765828E+001
  0.17765769E+001
  0.17765711E+001
  0.17765654E+001
  0.17765599E+001
  0.17765544E+001
  0.17765491E+001
  0.17765439E+001
  0.17765388E+001
  0.17765338E+001
  0.17765290E+001
  0.17765242E+001
  0.17765196E+001
  0.17765151E+001
  0.17765107E+001
  0.17765064E+001
  0.17765022E+001
  0.17764981E+001
  0.17764942E+001
  0.17764903E+001
  0.17764866E+001
  0.17764829E+001
  0.17764794E+001
  0.17764760E+001
  0.17764726E+001
