 -0.11921776E+000  0.60389155E+000  0.54232138E+001  0.12139254E+003
 -0.11968028E+000  0.60227512E+000  0.54186289E+001  0.12140817E+003
 -0.12002391E+000  0.60096839E+000  0.54148562E+001  0.12141994E+003
 -0.12027448E+000  0.59992691E+000  0.54117774E+001  0.12142915E+003
 -0.12045368E+000  0.59911003E+000  0.54092931E+001  0.12143652E+003
 -0.12057680E+000  0.59848348E+000  0.54073139E+001  0.12144254E+003
 -0.12065635E+000  0.59801470E+000  0.54057649E+001  0.12144754E+003
 -0.12070216E+000  0.59767611E+000  0.54045806E+001  0.12145177E+003
 -0.12072171E+000  0.59744575E+000  0.54037055E+001  0.12145540E+003
 -0.12072068E+000  0.59730508E+000  0.54030916E+001  0.12145856E+003
 -0.12070344E+000  0.59723884E+000  0.54026994E+001  0.12146135E+003
 -0.12067341E+000  0.59723419E+000  0.54024944E+001  0.12146386E+003
 -0.12063327E+000  0.59728036E+000  0.54024469E+001  0.12146613E+003
 -0.12058442E+000  0.59736835E+000  0.54025319E+001  0.12146823E+003
 -0.12052840E+000  0.59749061E+000  0.54027282E+001  0.12147019E+003
 -0.12046740E+000  0.59764084E+000  0.54030180E+001  0.12147204E+003
 -0.12040301E+000  0.59781376E+000  0.54033867E+001  0.12147381E+003
 -0.12033642E+000  0.59800497E+000  0.54038218E+001  0.12147551E+003
 -0.12026851E+000  0.59821077E+000  0.54043126E+001  0.12147716E+003
 -0.12019999E+000  0.59842806E+000  0.54048505E+001  0.12147878E+003
 -0.12013139E+000  0.59865428E+000  0.54054278E+001  0.12148037E+003
 -0.12006306E+000  0.59888730E+000  0.54060384E+001  0.12148195E+003
 -0.11999526E+000  0.59912527E+000  0.54066767E+001  0.12148352E+003
 -0.11992803E+000  0.59936636E+000  0.54073382E+001  0.12148509E+003
 -0.11986176E+000  0.59960964E+000  0.54080188E+001  0.12148666E+003
 -0.11979680E+000  0.59985512E+000  0.54087139E+001  0.12148825E+003
 -0.11973336E+000  0.60010057E+000  0.54094220E+001  0.12148984E+003
 -0.11967159E+000  0.60034515E+000  0.54101404E+001  0.12149145E+003
 -0.11961103E+000  0.60058754E+000  0.54108670E+001  0.12149308E+003
 -0.11955238E+000  0.60082774E+000  0.54115997E+001  0.12149473E+003
 -0.11949573E+000  0.60106520E+000  0.54123365E+001  0.12149641E+003
 -0.11944108E+000  0.60129938E+000  0.54130758E+001  0.12149810E+003
 -0.11938845E+000  0.60152987E+000  0.54138160E+001  0.12149982E+003
 -0.11933794E+000  0.60175634E+000  0.54145555E+001  0.12150156E+003
 -0.11928957E+000  0.60197845E+000  0.54152929E+001  0.12150332E+003
 -0.11924333E+000  0.60219589E+000  0.54160267E+001  0.12150511E+003
 -0.11919922E+000  0.60240838E+000  0.54167555E+001  0.12150692E+003
 -0.11915724E+000  0.60261564E+000  0.54174781E+001  0.12150875E+003
 -0.11911738E+000  0.60281742E+000  0.54181929E+001  0.12151060E+003
 -0.11907961E+000  0.60301348E+000  0.54188989E+001  0.12151247E+003
 -0.11904391E+000  0.60320360E+000  0.54195945E+001  0.12151436E+003
 -0.11901028E+000  0.60338756E+000  0.54202786E+001  0.12151626E+003
 -0.11897869E+000  0.60356513E+000  0.54209499E+001  0.12151818E+003
 -0.11894911E+000  0.60373613E+000  0.54216071E+001  0.12152011E+003
 -0.11892153E+000  0.60390034E+000  0.54222491E+001  0.12152205E+003
 -0.11889593E+000  0.60405759E+000  0.54228748E+001  0.12152400E+003
 -0.11887227E+000  0.60420770E+000  0.54234830E+001  0.12152595E+003
 -0.11885055E+000  0.60435050E+000  0.54240726E+001  0.12152789E+003
 -0.11883073E+000  0.60448584E+000  0.54246426E+001  0.12152984E+003
 -0.11881280E+000  0.60461360E+000  0.54251920E+001  0.12153178E+003
 -0.11879672E+000  0.60473366E+000  0.54257201E+001  0.12153371E+003
 -0.11878247E+000  0.60484595E+000  0.54262258E+001  0.12153563E+003
 -0.11877001E+000  0.60495038E+000  0.54267086E+001  0.12153753E+003
 -0.11875931E+000  0.60504695E+000  0.54271677E+001  0.12153941E+003
 -0.11875034E+000  0.60513564E+000  0.54276025E+001  0.12154127E+003
 -0.11874303E+000  0.60521656E+000  0.54280126E+001  0.12154309E+003
 -0.11873735E+000  0.60528977E+000  0.54283975E+001  0.12154488E+003
 -0.11873325E+000  0.60535537E+000  0.54287570E+001  0.12154664E+003
 -0.11873066E+000  0.60541350E+000  0.54290908E+001  0.12154836E+003
 -0.11872952E+000  0.60546452E+000  0.54293986E+001  0.12155003E+003
 -0.11872977E+000  0.60550842E+000  0.54296808E+001  0.12155165E+003
 -0.11873133E+000  0.60554545E+000  0.54299373E+001  0.12155322E+003
 -0.11873414E+000  0.60557588E+000  0.54301686E+001  0.12155474E+003
 -0.11873811E+000  0.60560002E+000  0.54303748E+001  0.12155619E+003
 -0.11874318E+000  0.60561821E+000  0.54305565E+001  0.12155758E+003
 -0.11874925E+000  0.60563079E+000  0.54307142E+001  0.12155891E+003
 -0.11875625E+000  0.60563814E+000  0.54308485E+001  0.12156016E+003
 -0.11876411E+000  0.60564064E+000  0.54309603E+001  0.12156135E+003
 -0.11877274E+000  0.60563867E+000  0.54310502E+001  0.12156245E+003
 -0.11878207E+000  0.60563262E+000  0.54311192E+001  0.12156349E+003
 -0.11879203E+000  0.60562285E+000  0.54311683E+001  0.12156444E+003
 -0.11880255E+000  0.60560975E+000  0.54311985E+001  0.12156531E+003
 -0.11881355E+000  0.60559365E+000  0.54312107E+001  0.12156609E+003
 -0.11882497E+000  0.60557489E+000  0.54312062E+001  0.12156680E+003
 -0.11883675E+000  0.60555378E+000  0.54311859E+001  0.12156741E+003
 -0.11884883E+000  0.60553061E+000  0.54311511E+001  0.12156794E+003
 -0.11886116E+000  0.60550564E+000  0.54311027E+001  0.12156839E+003
 -0.11887369E+000  0.60547911E+000  0.54310421E+001  0.12156875E+003
 -0.11888635E+000  0.60545125E+000  0.54309702E+001  0.12156902E+003
 -0.11889905E+000  0.60542224E+000  0.54308882E+001  0.12156920E+003
 -0.11891172E+000  0.60539226E+000  0.54307971E+001  0.12156930E+003
 -0.11892435E+000  0.60536146E+000  0.54306979E+001  0.12156932E+003
 -0.11893692E+000  0.60532997E+000  0.54305917E+001  0.12156925E+003
 -0.11894939E+000  0.60529793E+000  0.54304794E+001  0.12156910E+003
 -0.11896172E+000  0.60526543E+000  0.54303618E+001  0.12156886E+003
 -0.11897390E+000  0.60523261E+000  0.54302399E+001  0.12156855E+003
 -0.11898587E+000  0.60519957E+000  0.54301142E+001  0.12156816E+003
 -0.11899763E+000  0.60516633E+000  0.54299857E+001  0.12156770E+003
 -0.11900913E+000  0.60513294E+000  0.54298550E+001  0.12156716E+003
 -0.11902035E+000  0.60509947E+000  0.54297227E+001  0.12156656E+003
 -0.11903127E+000  0.60506596E+000  0.54295894E+001  0.12156588E+003
 -0.11904188E+000  0.60503246E+000  0.54294554E+001  0.12156514E+003
 -0.11905215E+000  0.60499901E+000  0.54293213E+001  0.12156433E+003
 -0.11906208E+000  0.60496563E+000  0.54291875E+001  0.12156346E+003
 -0.11907165E+000  0.60493237E+000  0.54290541E+001  0.12156254E+003
 -0.11908085E+000  0.60489924E+000  0.54289216E+001  0.12156155E+003
 -0.11908969E+000  0.60486628E+000  0.54287900E+001  0.12156052E+003
 -0.11909816E+000  0.60483350E+000  0.54286597E+001  0.12155943E+003
 -0.11910626E+000  0.60480092E+000  0.54285306E+001  0.12155829E+003
 -0.11911399E+000  0.60476856E+000  0.54284029E+001  0.12155710E+003
 -0.11912136E+000  0.60473645E+000  0.54282766E+001  0.12155587E+003
 -0.11912837E+000  0.60470459E+000  0.54281517E+001  0.12155460E+003
 -0.11913503E+000  0.60467300E+000  0.54280284E+001  0.12155328E+003
 -0.11914135E+000  0.60464171E+000  0.54279064E+001  0.12155193E+003
 -0.11914734E+000  0.60461074E+000  0.54277859E+001  0.12155054E+003
 -0.11915301E+000  0.60458010E+000  0.54276666E+001  0.12154912E+003
 -0.11915836E+000  0.60454982E+000  0.54275487E+001  0.12154766E+003
 -0.11916342E+000  0.60451993E+000  0.54274319E+001  0.12154617E+003
 -0.11916818E+000  0.60449045E+000  0.54273163E+001  0.12154465E+003
 -0.11917267E+000  0.60446141E+000  0.54272018E+001  0.12154310E+003
 -0.11917689E+000  0.60443283E+000  0.54270882E+001  0.12154153E+003
 -0.11918085E+000  0.60440476E+000  0.54269756E+001  0.12153993E+003
 -0.11918457E+000  0.60437721E+000  0.54268638E+001  0.12153830E+003
 -0.11918805E+000  0.60435022E+000  0.54267528E+001  0.12153666E+003
 -0.11919131E+000  0.60432383E+000  0.54266426E+001  0.12153499E+003
 -0.11919435E+000  0.60429805E+000  0.54265332E+001  0.12153330E+003
 -0.11919719E+000  0.60427294E+000  0.54264244E+001  0.12153160E+003
 -0.11919983E+000  0.60424850E+000  0.54263164E+001  0.12152988E+003
 -0.11920229E+000  0.60422478E+000  0.54262090E+001  0.12152814E+003
 -0.11920457E+000  0.60420179E+000  0.54261024E+001  0.12152638E+003
 -0.11920668E+000  0.60417956E+000  0.54259965E+001  0.12152461E+003
 -0.11920863E+000  0.60415811E+000  0.54258915E+001  0.12152283E+003
 -0.11921042E+000  0.60413746E+000  0.54257873E+001  0.12152104E+003
 -0.11921207E+000  0.60411763E+000  0.54256840E+001  0.12151924E+003
 -0.11921359E+000  0.60409863E+000  0.54255818E+001  0.12151742E+003
 -0.11921497E+000  0.60408046E+000  0.54254806E+001  0.12151560E+003
 -0.11921623E+000  0.60406314E+000  0.54253806E+001  0.12151376E+003
 -0.11921737E+000  0.60404666E+000  0.54252819E+001  0.12151193E+003
 -0.11921840E+000  0.60403103E+000  0.54251847E+001  0.12151008E+003
 -0.11921933E+000  0.60401624E+000  0.54250889E+001  0.12150823E+003
 -0.11922016E+000  0.60400229E+000  0.54249948E+001  0.12150637E+003
 -0.11922090E+000  0.60398916E+000  0.54249025E+001  0.12150451E+003
 -0.11922155E+000  0.60397685E+000  0.54248120E+001  0.12150265E+003
 -0.11922211E+000  0.60396533E+000  0.54247235E+001  0.12150078E+003
 -0.11922261E+000  0.60395460E+000  0.54246371E+001  0.12149892E+003
 -0.11922303E+000  0.60394463E+000  0.54245529E+001  0.12149705E+003
 -0.11922338E+000  0.60393540E+000  0.54244711E+001  0.12149518E+003
 -0.11922368E+000  0.60392688E+000  0.54243916E+001  0.12149332E+003
 -0.11922392E+000  0.60391906E+000  0.54243147E+001  0.12149146E+003
 -0.11922410E+000  0.60391190E+000  0.54242403E+001  0.12148960E+003
 -0.11922424E+000  0.60390537E+000  0.54241686E+001  0.12148774E+003
 -0.11922433E+000  0.60389946E+000  0.54240996E+001  0.12148589E+003
 -0.11922438E+000  0.60389413E+000  0.54240333E+001  0.12148404E+003
 -0.11922440E+000  0.60388934E+000  0.54239698E+001  0.12148220E+003
 -0.11922438E+000  0.60388508E+000  0.54239091E+001  0.12148037E+003
 -0.11922433E+000  0.60388131E+000  0.54238513E+001  0.12147855E+003
 -0.11922426E+000  0.60387801E+000  0.54237963E+001  0.12147673E+003
 -0.11922416E+000  0.60387513E+000  0.54237440E+001  0.12147493E+003
 -0.11922404E+000  0.60387266E+000  0.54236946E+001  0.12147313E+003
 -0.11922390E+000  0.60387057E+000  0.54236480E+001  0.12147135E+003
 -0.11922375E+000  0.60386882E+000  0.54236041E+001  0.12146958E+003
 -0.11922358E+000  0.60386740E+000  0.54235629E+001  0.12146782E+003
 -0.11922340E+000  0.60386627E+000  0.54235243E+001  0.12146608E+003
 -0.11922321E+000  0.60386541E+000  0.54234882E+001  0.12146435E+003
 -0.11922302E+000  0.60386480E+000  0.54234547E+001  0.12146264E+003
 -0.11922282E+000  0.60386442E+000  0.54234235E+001  0.12146094E+003
 -0.11922261E+000  0.60386423E+000  0.54233947E+001  0.12145926E+003
 -0.11922240E+000  0.60386423E+000  0.54233682E+001  0.12145759E+003
 -0.11922219E+000  0.60386438E+000  0.54233438E+001  0.12145595E+003
 -0.11922198E+000  0.60386468E+000  0.54233214E+001  0.12145432E+003
 -0.11922177E+000  0.60386510E+000  0.54233011E+001  0.12145272E+003
 -0.11922156E+000  0.60386564E+000  0.54232826E+001  0.12145113E+003
 -0.11922136E+000  0.60386626E+000  0.54232658E+001  0.12144956E+003
 -0.11922116E+000  0.60386697E+000  0.54232508E+001  0.12144802E+003
 -0.11922096E+000  0.60386774E+000  0.54232373E+001  0.12144650E+003
 -0.11922077E+000  0.60386856E+000  0.54232253E+001  0.12144500E+003
 -0.11922059E+000  0.60386943E+000  0.54232147E+001  0.12144352E+003
 -0.11922041E+000  0.60387032E+000  0.54232054E+001  0.12144206E+003
 -0.11922023E+000  0.60387124E+000  0.54231972E+001  0.12144063E+003
 -0.11922007E+000  0.60387218E+000  0.54231902E+001  0.12143922E+003
 -0.11921991E+000  0.60387312E+000  0.54231842E+001  0.12143784E+003
 -0.11921975E+000  0.60387406E+000  0.54231792E+001  0.12143648E+003
 -0.11921961E+000  0.60387500E+000  0.54231750E+001  0.12143514E+003
 -0.11921947E+000  0.60387592E+000  0.54231716E+001  0.12143383E+003
 -0.11921934E+000  0.60387683E+000  0.54231689E+001  0.12143255E+003
 -0.11921921E+000  0.60387772E+000  0.54231668E+001  0.12143129E+003
 -0.11921910E+000  0.60387858E+000  0.54231653E+001  0.12143005E+003
 -0.11921899E+000  0.60387942E+000  0.54231644E+001  0.12142884E+003
 -0.11921888E+000  0.60388023E+000  0.54231639E+001  0.12142766E+003
 -0.11921879E+000  0.60388101E+000  0.54231638E+001  0.12142650E+003
 -0.11921869E+000  0.60388176E+000  0.54231640E+001  0.12142536E+003
 -0.11921861E+000  0.60388248E+000  0.54231646E+001  0.12142425E+003
 -0.11921853E+000  0.60388316E+000  0.54231654E+001  0.12142317E+003
 -0.11921846E+000  0.60388380E+000  0.54231665E+001  0.12142211E+003
 -0.11921839E+000  0.60388441E+000  0.54231677E+001  0.12142108E+003
 -0.11921833E+000  0.60388499E+000  0.54231691E+001  0.12142007E+003
 -0.11921827E+000  0.60388554E+000  0.54231706E+001  0.12141909E+003
 -0.11921822E+000  0.60388605E+000  0.54231722E+001  0.12141813E+003
 -0.11921818E+000  0.60388652E+000  0.54231739E+001  0.12141720E+003
 -0.11921813E+000  0.60388697E+000  0.54231757E+001  0.12141629E+003
 -0.11921809E+000  0.60388738E+000  0.54231775E+001  0.12141541E+003
 -0.11921806E+000  0.60388777E+000  0.54231792E+001  0.12141455E+003
 -0.11921803E+000  0.60388812E+000  0.54231810E+001  0.12141371E+003
 -0.11921800E+000  0.60388845E+000  0.54231828E+001  0.12141290E+003
 -0.11921797E+000  0.60388875E+000  0.54231845E+001  0.12141211E+003
 -0.11921795E+000  0.60388902E+000  0.54231862E+001  0.12141134E+003
 -0.11921793E+000  0.60388927E+000  0.54231879E+001  0.12141059E+003
 -0.11921792E+000  0.60388949E+000  0.54231894E+001  0.12140987E+003
 -0.11921791E+000  0.60388967E+000  0.54231909E+001  0.12140917E+003
 -0.11921790E+000  0.60388984E+000  0.54231924E+001  0.12140849E+003
