  0.61625867E+000  0.10055018E+001  0.12342839E+001  0.42805625E+001
  0.61716866E+000  0.10061246E+001  0.12349321E+001  0.42714358E+001
  0.61796330E+000  0.10066305E+001  0.12352865E+001  0.42651968E+001
  0.61864558E+000  0.10070555E+001  0.12355825E+001  0.42606141E+001
  0.61922601E+000  0.10074175E+001  0.12358555E+001  0.42572219E+001
  0.61971147E+000  0.10077281E+001  0.12361000E+001  0.42546036E+001
  0.62011998E+000  0.10079907E+001  0.12363177E+001  0.42525887E+001
  0.62046492E+000  0.10082097E+001  0.12365096E+001  0.42510136E+001
  0.62075524E+000  0.10083910E+001  0.12362157E+001  0.42459390E+001
  0.62100104E+000  0.10085432E+001  0.12368199E+001  0.42487412E+001
  0.62120838E+000  0.10086710E+001  0.12369421E+001  0.42479394E+001
  0.62138289E+000  0.10087779E+001  0.12370452E+001  0.42472889E+001
  0.62153000E+000  0.10088693E+001  0.12371320E+001  0.42467678E+001
  0.62165352E+000  0.10089468E+001  0.12372037E+001  0.42463411E+001
  0.62175685E+000  0.10090091E+001  0.12372621E+001  0.42459870E+001
  0.62184301E+000  0.10090594E+001  0.12373095E+001  0.42456981E+001
  0.62191461E+000  0.10090997E+001  0.12373473E+001  0.42454604E+001
  0.62197364E+000  0.10091315E+001  0.12373765E+001  0.42452587E+001
  0.62202210E+000  0.10091564E+001  0.12369548E+001  0.42414520E+001
  0.62206127E+000  0.10091755E+001  0.12374150E+001  0.42449533E+001
  0.62209275E+000  0.10091896E+001  0.12374261E+001  0.42448363E+001
  0.62211759E+000  0.10091995E+001  0.12374327E+001  0.42447358E+001
  0.62213677E+000  0.10092059E+001  0.12374356E+001  0.42446486E+001
  0.62215114E+000  0.10092092E+001  0.12374352E+001  0.42445732E+001
  0.62216138E+000  0.10092098E+001  0.12374321E+001  0.42445056E+001
  0.62216811E+000  0.10092082E+001  0.12374266E+001  0.42444448E+001
  0.62217186E+000  0.10092047E+001  0.12374192E+001  0.42443889E+001
  0.62217309E+000  0.10091996E+001  0.12374100E+001  0.42443367E+001
  0.62217215E+000  0.10091932E+001  0.12373996E+001  0.42442871E+001
  0.62216944E+000  0.10091857E+001  0.12373879E+001  0.42442393E+001
  0.62216525E+000  0.10091774E+001  0.12373754E+001  0.42441926E+001
  0.62215986E+000  0.10091684E+001  0.12373621E+001  0.42441467E+001
  0.62215346E+000  0.10091589E+001  0.12373483E+001  0.42441009E+001
  0.62214627E+000  0.10091490E+001  0.12373341E+001  0.42440551E+001
  0.62213844E+000  0.10091387E+001  0.12373196E+001  0.42440090E+001
  0.62213012E+000  0.10091283E+001  0.12373049E+001  0.42439624E+001
  0.62212143E+000  0.10091178E+001  0.12372901E+001  0.42439154E+001
  0.62211249E+000  0.10091072E+001  0.12372753E+001  0.42438680E+001
  0.62210337E+000  0.10090966E+001  0.12372606E+001  0.42438199E+001
  0.62209415E+000  0.10090861E+001  0.12372459E+001  0.42437714E+001
  0.62208490E+000  0.10090757E+001  0.12372315E+001  0.42437223E+001
  0.62207568E+000  0.10090655E+001  0.12372171E+001  0.42436728E+001
  0.62206653E+000  0.10090554E+001  0.12372030E+001  0.42436230E+001
  0.62205748E+000  0.10090455E+001  0.12371892E+001  0.42435728E+001
  0.62204856E+000  0.10090358E+001  0.12371755E+001  0.42435223E+001
  0.62203981E+000  0.10090264E+001  0.12371622E+001  0.42434717E+001
  0.62203125E+000  0.10090172E+001  0.12371491E+001  0.42434209E+001
  0.62202290E+000  0.10090082E+001  0.12371363E+001  0.42433700E+001
  0.62201478E+000  0.10089996E+001  0.12371238E+001  0.42433191E+001
  0.62200690E+000  0.10089912E+001  0.12371115E+001  0.42432682E+001
  0.62199927E+000  0.10089831E+001  0.12370996E+001  0.42432173E+001
  0.62199190E+000  0.10089753E+001  0.12370880E+001  0.42431665E+001
  0.62198480E+000  0.10089678E+001  0.12370767E+001  0.42431158E+001
  0.62197798E+000  0.10089607E+001  0.12370657E+001  0.42430653E+001
  0.62197143E+000  0.10089539E+001  0.12370550E+001  0.42430150E+001
  0.62196517E+000  0.10089474E+001  0.12370447E+001  0.42429649E+001
  0.62195918E+000  0.10089412E+001  0.12370346E+001  0.42429150E+001
  0.62195348E+000  0.10089354E+001  0.12370249E+001  0.42428654E+001
  0.62194805E+000  0.10089299E+001  0.12370155E+001  0.42428161E+001
  0.62194290E+000  0.10089248E+001  0.12370065E+001  0.42427671E+001
  0.62193803E+000  0.10089200E+001  0.12369977E+001  0.42427184E+001
  0.62193342E+000  0.10089156E+001  0.12369893E+001  0.42426700E+001
  0.62192907E+000  0.10089114E+001  0.12369812E+001  0.42426220E+001
  0.62192497E+000  0.10089076E+001  0.12369734E+001  0.42425744E+001
  0.62192112E+000  0.10089041E+001  0.12369659E+001  0.42425272E+001
  0.62191750E+000  0.10089010E+001  0.12369587E+001  0.42424804E+001
  0.62191411E+000  0.10088981E+001  0.12369519E+001  0.42424340E+001
  0.62191092E+000  0.10088955E+001  0.12369453E+001  0.42423881E+001
  0.62190794E+000  0.10088931E+001  0.12369390E+001  0.42423428E+001
  0.62190515E+000  0.10088910E+001  0.12369330E+001  0.42422979E+001
  0.62190253E+000  0.10088892E+001  0.12369272E+001  0.42422535E+001
  0.62190008E+000  0.10088875E+001  0.12369217E+001  0.42422097E+001
  0.62189778E+000  0.10088861E+001  0.12369165E+001  0.42421664E+001
  0.62189563E+000  0.10088848E+001  0.12369115E+001  0.42421236E+001
  0.62189361E+000  0.10088837E+001  0.12369068E+001  0.42420814E+001
  0.62189171E+000  0.10088828E+001  0.12369022E+001  0.42420398E+001
  0.62188992E+000  0.10088819E+001  0.12368979E+001  0.42419987E+001
  0.62188823E+000  0.10088812E+001  0.12368938E+001  0.42419582E+001
  0.62188663E+000  0.10088806E+001  0.12368898E+001  0.42419184E+001
  0.62188512E+000  0.10088802E+001  0.12368861E+001  0.42418791E+001
  0.62188368E+000  0.10088797E+001  0.12368825E+001  0.42418403E+001
  0.62188232E+000  0.10088794E+001  0.12368791E+001  0.42418022E+001
  0.62188101E+000  0.10088791E+001  0.12368758E+001  0.42417647E+001
  0.62187977E+000  0.10088788E+001  0.12368726E+001  0.42417278E+001
  0.62187857E+000  0.10088786E+001  0.12368696E+001  0.42416914E+001
  0.62187742E+000  0.10088784E+001  0.12368667E+001  0.42416557E+001
  0.62187632E+000  0.10088783E+001  0.12368638E+001  0.42416205E+001
  0.62187525E+000  0.10088781E+001  0.12368611E+001  0.42415858E+001
  0.62187421E+000  0.10088780E+001  0.12368584E+001  0.42415517E+001
  0.62187321E+000  0.10088779E+001  0.12368558E+001  0.42415181E+001
  0.62187223E+000  0.10088778E+001  0.12368532E+001  0.42414850E+001
  0.62187127E+000  0.10088777E+001  0.12368506E+001  0.42414523E+001
  0.62187034E+000  0.10088775E+001  0.12368481E+001  0.42414202E+001
  0.62186942E+000  0.10088774E+001  0.12368456E+001  0.42413884E+001
  0.62186851E+000  0.10088773E+001  0.12368431E+001  0.42413570E+001
  0.62186762E+000  0.10088771E+001  0.12368406E+001  0.42413260E+001
  0.62186674E+000  0.10088769E+001  0.12368381E+001  0.42412953E+001
  0.62186586E+000  0.10088767E+001  0.12368356E+001  0.42412649E+001
  0.62186500E+000  0.10088765E+001  0.12368331E+001  0.42412347E+001
  0.62186413E+000  0.10088763E+001  0.12368305E+001  0.42412048E+001
  0.62186328E+000  0.10088761E+001  0.12368279E+001  0.42411751E+001
  0.62186243E+000  0.10088758E+001  0.12368253E+001  0.42411456E+001
  0.62186158E+000  0.10088755E+001  0.12368226E+001  0.42411163E+001
  0.62186073E+000  0.10088752E+001  0.12368199E+001  0.42410871E+001
  0.62185988E+000  0.10088749E+001  0.12368172E+001  0.42410580E+001
  0.62185904E+000  0.10088745E+001  0.12368145E+001  0.42410289E+001
  0.62185820E+000  0.10088742E+001  0.12368117E+001  0.42410000E+001
  0.62185736E+000  0.10088738E+001  0.12368089E+001  0.42409711E+001
  0.62185652E+000  0.10088734E+001  0.12368060E+001  0.42409422E+001
  0.62185569E+000  0.10088730E+001  0.12368031E+001  0.42409133E+001
  0.62185486E+000  0.10088725E+001  0.12368002E+001  0.42408844E+001
  0.62185403E+000  0.10088721E+001  0.12367973E+001  0.42408555E+001
  0.62185320E+000  0.10088716E+001  0.12367943E+001  0.42408265E+001
  0.62185238E+000  0.10088711E+001  0.12367914E+001  0.42407975E+001
  0.62185157E+000  0.10088707E+001  0.12367884E+001  0.42407685E+001
  0.62185076E+000  0.10088702E+001  0.12367854E+001  0.42407393E+001
  0.62184995E+000  0.10088697E+001  0.12367823E+001  0.42407101E+001
  0.62184915E+000  0.10088692E+001  0.12367793E+001  0.42406808E+001
  0.62184836E+000  0.10088686E+001  0.12367763E+001  0.42406514E+001
  0.62184757E+000  0.10088681E+001  0.12367732E+001  0.42406219E+001
  0.62184679E+000  0.10088676E+001  0.12367702E+001  0.42405923E+001
  0.62184602E+000  0.10088671E+001  0.12367672E+001  0.42405626E+001
  0.62184526E+000  0.10088665E+001  0.12367642E+001  0.42405328E+001
  0.62184451E+000  0.10088660E+001  0.12367612E+001  0.42405029E+001
  0.62184376E+000  0.10088655E+001  0.12367582E+001  0.42404728E+001
  0.62184303E+000  0.10088650E+001  0.12367552E+001  0.42404427E+001
  0.62184231E+000  0.10088645E+001  0.12367523E+001  0.42404124E+001
  0.62184159E+000  0.10088640E+001  0.12367494E+001  0.42403821E+001
  0.62184089E+000  0.10088634E+001  0.12367465E+001  0.42403516E+001
  0.62184020E+000  0.10088629E+001  0.12367436E+001  0.42403211E+001
  0.62183952E+000  0.10088625E+001  0.12367408E+001  0.42402905E+001
  0.62183885E+000  0.10088620E+001  0.12367380E+001  0.42402598E+001
  0.62183820E+000  0.10088615E+001  0.12367353E+001  0.42402290E+001
  0.62183756E+000  0.10088610E+001  0.12367325E+001  0.42401981E+001
  0.62183693E+000  0.10088606E+001  0.12367299E+001  0.42401672E+001
  0.62183631E+000  0.10088601E+001  0.12367272E+001  0.42401362E+001
  0.62183570E+000  0.10088597E+001  0.12367247E+001  0.42401052E+001
  0.62183511E+000  0.10088593E+001  0.12367221E+001  0.42400741E+001
  0.62183454E+000  0.10088589E+001  0.12367197E+001  0.42400430E+001
  0.62183397E+000  0.10088585E+001  0.12367172E+001  0.42400119E+001
  0.62183343E+000  0.10088581E+001  0.12367149E+001  0.42399808E+001
  0.62183289E+000  0.10088577E+001  0.12367126E+001  0.42399498E+001
  0.62183237E+000  0.10088574E+001  0.12367103E+001  0.42399187E+001
  0.62183186E+000  0.10088570E+001  0.12367081E+001  0.42398877E+001
  0.62183137E+000  0.10088567E+001  0.12367060E+001  0.42398567E+001
  0.62183090E+000  0.10088564E+001  0.12367039E+001  0.42398257E+001
  0.62183043E+000  0.10088561E+001  0.12367019E+001  0.42397949E+001
  0.62182999E+000  0.10088558E+001  0.12366999E+001  0.42397641E+001
  0.62182956E+000  0.10088555E+001  0.12366980E+001  0.42397334E+001
  0.62182914E+000  0.10088552E+001  0.12366962E+001  0.42397028E+001
  0.62182874E+000  0.10088550E+001  0.12366944E+001  0.42396724E+001
  0.62182835E+000  0.10088547E+001  0.12366927E+001  0.42396421E+001
  0.62182798E+000  0.10088545E+001  0.12366911E+001  0.42396119E+001
  0.62182762E+000  0.10088543E+001  0.12366895E+001  0.42395819E+001
  0.62182727E+000  0.10088541E+001  0.12366880E+001  0.42395521E+001
  0.62182694E+000  0.10088539E+001  0.12366865E+001  0.42395224E+001
  0.62182663E+000  0.10088537E+001  0.12366851E+001  0.42394930E+001
  0.62182633E+000  0.10088535E+001  0.12366838E+001  0.42394638E+001
  0.62182604E+000  0.10088533E+001  0.12366825E+001  0.42394348E+001
  0.62182577E+000  0.10088532E+001  0.12366813E+001  0.42394061E+001
  0.62182551E+000  0.10088530E+001  0.12366801E+001  0.42393776E+001
  0.62182526E+000  0.10088529E+001  0.12366790E+001  0.42393493E+001
  0.62182503E+000  0.10088528E+001  0.12366780E+001  0.42393214E+001
  0.62182481E+000  0.10088526E+001  0.12366770E+001  0.42392937E+001
  0.62182460E+000  0.10088525E+001  0.12366760E+001  0.42392664E+001
  0.62182440E+000  0.10088524E+001  0.12366751E+001  0.42392394E+001
  0.62182421E+000  0.10088523E+001  0.12366743E+001  0.42392127E+001
  0.62182404E+000  0.10088522E+001  0.12366735E+001  0.42391863E+001
  0.62182388E+000  0.10088521E+001  0.12366727E+001  0.42391602E+001
  0.62182372E+000  0.10088520E+001  0.12366720E+001  0.42391346E+001
  0.62182358E+000  0.10088520E+001  0.12366713E+001  0.42391092E+001
  0.62182345E+000  0.10088519E+001  0.12366707E+001  0.42390843E+001
  0.62182332E+000  0.10088518E+001  0.12366701E+001  0.42390597E+001
  0.62182321E+000  0.10088518E+001  0.12366696E+001  0.42390355E+001
  0.62182310E+000  0.10088517E+001  0.12366690E+001  0.42390117E+001
  0.62182300E+000  0.10088517E+001  0.12366686E+001  0.42389883E+001
  0.62182291E+000  0.10088516E+001  0.12366681E+001  0.42389654E+001
  0.62182282E+000  0.10088516E+001  0.12366677E+001  0.42389428E+001
  0.62182275E+000  0.10088515E+001  0.12366673E+001  0.42389206E+001
  0.62182268E+000  0.10088515E+001  0.12366669E+001  0.42388989E+001
  0.62182261E+000  0.10088515E+001  0.12366666E+001  0.42388776E+001
  0.62182255E+000  0.10088514E+001  0.12366663E+001  0.42388567E+001
  0.62182250E+000  0.10088514E+001  0.12366660E+001  0.42388362E+001
  0.62182245E+000  0.10088514E+001  0.12366658E+001  0.42388162E+001
  0.62182241E+000  0.10088514E+001  0.12366655E+001  0.42387966E+001
  0.62182237E+000  0.10088513E+001  0.12366653E+001  0.42387774E+001
  0.62182233E+000  0.10088513E+001  0.12366651E+001  0.42387587E+001
  0.62182230E+000  0.10088513E+001  0.12366649E+001  0.42387404E+001
  0.62182227E+000  0.10088513E+001  0.12366647E+001  0.42387225E+001
  0.62182225E+000  0.10088513E+001  0.12366646E+001  0.42387051E+001
  0.62182223E+000  0.10088513E+001  0.12366645E+001  0.42386881E+001
  0.62182221E+000  0.10088512E+001  0.12366643E+001  0.42386715E+001
  0.62182219E+000  0.10088512E+001  0.12366642E+001  0.42386554E+001
  0.62182218E+000  0.10088512E+001  0.12366641E+001  0.42386396E+001
  0.62182217E+000  0.10088512E+001  0.12366640E+001  0.42386243E+001
  0.62182216E+000  0.10088512E+001  0.12366639E+001  0.42386095E+001
  0.62182215E+000  0.10088512E+001  0.12366639E+001  0.42385950E+001
  0.62182214E+000  0.10088512E+001  0.12366638E+001  0.42385809E+001
  0.62182213E+000  0.10088512E+001  0.12366637E+001  0.42385673E+001
  0.62182213E+000  0.10088512E+001  0.12366637E+001  0.42385541E+001
