  0.63470746E+000
  0.63518751E+000
  0.63550437E+000
  0.63574959E+000
  0.63594791E+000
  0.63611123E+000
  0.63624517E+000
  0.63635562E+000
  0.63644629E+000
  0.63652091E+000
  0.63658182E+000
  0.63663092E+000
  0.63667045E+000
  0.63670185E+000
  0.63672591E+000
  0.63674395E+000
  0.63675695E+000
  0.63676574E+000
  0.63677100E+000
  0.63677331E+000
  0.63677312E+000
  0.63677085E+000
  0.63676680E+000
  0.63676126E+000
  0.63675448E+000
  0.63674665E+000
  0.63673796E+000
  0.63672858E+000
  0.63671863E+000
  0.63670824E+000
  0.63669751E+000
  0.63668652E+000
  0.63667536E+000
  0.63666408E+000
  0.63665275E+000
  0.63664141E+000
  0.63663011E+000
  0.63661888E+000
  0.63660775E+000
  0.63659675E+000
  0.63658590E+000
  0.63657522E+000
  0.63656473E+000
  0.63655444E+000
  0.63654438E+000
  0.63653454E+000
  0.63652494E+000
  0.63651559E+000
  0.63650651E+000
  0.63649770E+000
  0.63648917E+000
  0.63648092E+000
  0.63647297E+000
  0.63646532E+000
  0.63645798E+000
  0.63645095E+000
  0.63644423E+000
  0.63643782E+000
  0.63643173E+000
  0.63642596E+000
  0.63642050E+000
  0.63641536E+000
  0.63641053E+000
  0.63640600E+000
  0.63640178E+000
  0.63639786E+000
  0.63639422E+000
  0.63639087E+000
  0.63638780E+000
  0.63638499E+000
  0.63638244E+000
  0.63638014E+000
  0.63637808E+000
  0.63637625E+000
  0.63637464E+000
  0.63637325E+000
  0.63637205E+000
  0.63637105E+000
  0.63637023E+000
  0.63636959E+000
  0.63636911E+000
  0.63636878E+000
  0.63636859E+000
  0.63636854E+000
  0.63636861E+000
  0.63636879E+000
  0.63636908E+000
  0.63636946E+000
  0.63636993E+000
  0.63637047E+000
  0.63637107E+000
  0.63637174E+000
  0.63637245E+000
  0.63637321E+000
  0.63637400E+000
  0.63637483E+000
  0.63637567E+000
  0.63637654E+000
  0.63637742E+000
  0.63637832E+000
  0.63637922E+000
  0.63638012E+000
  0.63638103E+000
  0.63638194E+000
  0.63638284E+000
  0.63638374E+000
  0.63638464E+000
  0.63638553E+000
  0.63638642E+000
  0.63638730E+000
  0.63638817E+000
  0.63638904E+000
  0.63638989E+000
  0.63639074E+000
  0.63639158E+000
  0.63639241E+000
  0.63639324E+000
  0.63639405E+000
  0.63639486E+000
  0.63639566E+000
  0.63639645E+000
  0.63639723E+000
  0.63639800E+000
  0.63639876E+000
  0.63639952E+000
  0.63640026E+000
  0.63640100E+000
  0.63640173E+000
  0.63640244E+000
  0.63640315E+000
  0.63640385E+000
  0.63640454E+000
  0.63640522E+000
  0.63640589E+000
  0.63640654E+000
  0.63640719E+000
  0.63640783E+000
  0.63640846E+000
  0.63640907E+000
  0.63640968E+000
  0.63641027E+000
  0.63641086E+000
  0.63641143E+000
  0.63641199E+000
  0.63641254E+000
  0.63641307E+000
  0.63641360E+000
  0.63641411E+000
  0.63641462E+000
  0.63641511E+000
  0.63641558E+000
  0.63641605E+000
  0.63641651E+000
  0.63641695E+000
  0.63641738E+000
  0.63641780E+000
  0.63641821E+000
  0.63641860E+000
  0.63641899E+000
  0.63641936E+000
  0.63641972E+000
  0.63642007E+000
  0.63642041E+000
  0.63642074E+000
  0.63642106E+000
  0.63642136E+000
  0.63642166E+000
  0.63642194E+000
  0.63642222E+000
  0.63642248E+000
  0.63642274E+000
  0.63642298E+000
  0.63642322E+000
  0.63642345E+000
  0.63642367E+000
  0.63642388E+000
  0.63642408E+000
  0.63642427E+000
  0.63642446E+000
  0.63642463E+000
  0.63642480E+000
  0.63642497E+000
  0.63642512E+000
  0.63642527E+000
  0.63642541E+000
  0.63642555E+000
  0.63642568E+000
  0.63642580E+000
  0.63642592E+000
  0.63642603E+000
  0.63642614E+000
  0.63642624E+000
  0.63642634E+000
  0.63642643E+000
  0.63642652E+000
  0.63642660E+000
  0.63642668E+000
  0.63642676E+000
  0.63642683E+000
  0.63642691E+000
