  0.90312708E+000
  0.90373122E+000
  0.90413000E+000
  0.90443861E+000
  0.90468819E+000
  0.90489373E+000
  0.90506229E+000
  0.90520129E+000
  0.90531540E+000
  0.90540931E+000
  0.90548596E+000
  0.90554776E+000
  0.90559751E+000
  0.90563702E+000
  0.90566731E+000
  0.90569000E+000
  0.90570636E+000
  0.90571743E+000
  0.90572404E+000
  0.90572695E+000
  0.90572672E+000
  0.90572385E+000
  0.90571876E+000
  0.90571180E+000
  0.90570325E+000
  0.90569340E+000
  0.90568247E+000
  0.90567066E+000
  0.90565814E+000
  0.90564506E+000
  0.90563155E+000
  0.90561773E+000
  0.90560368E+000
  0.90558949E+000
  0.90557523E+000
  0.90556096E+000
  0.90554674E+000
  0.90553261E+000
  0.90551860E+000
  0.90550476E+000
  0.90549110E+000
  0.90547766E+000
  0.90546446E+000
  0.90545151E+000
  0.90543884E+000
  0.90542646E+000
  0.90541438E+000
  0.90540262E+000
  0.90539119E+000
  0.90538010E+000
  0.90536936E+000
  0.90535898E+000
  0.90534898E+000
  0.90533935E+000
  0.90533011E+000
  0.90532126E+000
  0.90531280E+000
  0.90530474E+000
  0.90529708E+000
  0.90528981E+000
  0.90528295E+000
  0.90527647E+000
  0.90527039E+000
  0.90526470E+000
  0.90525939E+000
  0.90525445E+000
  0.90524987E+000
  0.90524566E+000
  0.90524179E+000
  0.90523825E+000
  0.90523504E+000
  0.90523215E+000
  0.90522956E+000
  0.90522725E+000
  0.90522523E+000
  0.90522347E+000
  0.90522197E+000
  0.90522071E+000
  0.90521968E+000
  0.90521887E+000
  0.90521826E+000
  0.90521785E+000
  0.90521762E+000
  0.90521755E+000
  0.90521764E+000
  0.90521787E+000
  0.90521823E+000
  0.90521871E+000
  0.90521930E+000
  0.90521998E+000
  0.90522074E+000
  0.90522157E+000
  0.90522247E+000
  0.90522343E+000
  0.90522443E+000
  0.90522546E+000
  0.90522653E+000
  0.90522762E+000
  0.90522873E+000
  0.90522985E+000
  0.90523099E+000
  0.90523213E+000
  0.90523327E+000
  0.90523441E+000
  0.90523555E+000
  0.90523669E+000
  0.90523781E+000
  0.90523894E+000
  0.90524005E+000
  0.90524116E+000
  0.90524226E+000
  0.90524335E+000
  0.90524442E+000
  0.90524549E+000
  0.90524655E+000
  0.90524760E+000
  0.90524863E+000
  0.90524966E+000
  0.90525068E+000
  0.90525168E+000
  0.90525267E+000
  0.90525366E+000
  0.90525463E+000
  0.90525559E+000
  0.90525654E+000
  0.90525748E+000
  0.90525840E+000
  0.90525932E+000
  0.90526022E+000
  0.90526111E+000
  0.90526199E+000
  0.90526286E+000
  0.90526371E+000
  0.90526455E+000
  0.90526538E+000
  0.90526619E+000
  0.90526700E+000
  0.90526779E+000
  0.90526856E+000
  0.90526932E+000
  0.90527007E+000
  0.90527081E+000
  0.90527152E+000
  0.90527223E+000
  0.90527292E+000
  0.90527360E+000
  0.90527426E+000
  0.90527491E+000
  0.90527554E+000
  0.90527616E+000
  0.90527676E+000
  0.90527734E+000
  0.90527792E+000
  0.90527847E+000
  0.90527902E+000
  0.90527955E+000
  0.90528006E+000
  0.90528056E+000
  0.90528104E+000
  0.90528151E+000
  0.90528196E+000
  0.90528240E+000
  0.90528283E+000
  0.90528324E+000
  0.90528364E+000
  0.90528403E+000
  0.90528440E+000
  0.90528476E+000
  0.90528511E+000
  0.90528544E+000
  0.90528576E+000
  0.90528607E+000
  0.90528637E+000
  0.90528665E+000
  0.90528693E+000
  0.90528719E+000
  0.90528745E+000
  0.90528769E+000
  0.90528792E+000
  0.90528815E+000
  0.90528836E+000
  0.90528856E+000
  0.90528876E+000
  0.90528895E+000
  0.90528913E+000
  0.90528930E+000
  0.90528946E+000
  0.90528962E+000
  0.90528977E+000
  0.90528991E+000
  0.90529004E+000
  0.90529017E+000
  0.90529029E+000
  0.90529041E+000
  0.90529052E+000
  0.90529062E+000
  0.90529072E+000
  0.90529082E+000
  0.90529091E+000
  0.90529101E+000
