  0.31825102E+002
  0.31827344E+002
  0.31828931E+002
  0.31830141E+002
  0.31831113E+002
  0.31831937E+002
  0.31832663E+002
  0.31833328E+002
  0.31833955E+002
  0.31834556E+002
  0.31835143E+002
  0.31835724E+002
  0.31836303E+002
  0.31836884E+002
  0.31837467E+002
  0.31838055E+002
  0.31838648E+002
  0.31839246E+002
  0.31839850E+002
  0.31840460E+002
  0.31841076E+002
  0.31841699E+002
  0.31842327E+002
  0.31842962E+002
  0.31843603E+002
  0.31844251E+002
  0.31844904E+002
  0.31845563E+002
  0.31846228E+002
  0.31846899E+002
  0.31847574E+002
  0.31848255E+002
  0.31848940E+002
  0.31849629E+002
  0.31850322E+002
  0.31851018E+002
  0.31851717E+002
  0.31852418E+002
  0.31853120E+002
  0.31853822E+002
  0.31854525E+002
  0.31855226E+002
  0.31855926E+002
  0.31856623E+002
  0.31857316E+002
  0.31858004E+002
  0.31858687E+002
  0.31859363E+002
  0.31860031E+002
  0.31860690E+002
  0.31861339E+002
  0.31861976E+002
  0.31862601E+002
  0.31863213E+002
  0.31863810E+002
  0.31864391E+002
  0.31864955E+002
  0.31865501E+002
  0.31866029E+002
  0.31866537E+002
  0.31867024E+002
  0.31867490E+002
  0.31867933E+002
  0.31868353E+002
  0.31868750E+002
  0.31869122E+002
  0.31869470E+002
  0.31869792E+002
  0.31870089E+002
  0.31870360E+002
  0.31870605E+002
  0.31870824E+002
  0.31871017E+002
  0.31871184E+002
  0.31871325E+002
  0.31871441E+002
  0.31871530E+002
  0.31871595E+002
  0.31871635E+002
  0.31871650E+002
  0.31871641E+002
  0.31871609E+002
  0.31871555E+002
  0.31871477E+002
  0.31871379E+002
  0.31871259E+002
  0.31871119E+002
  0.31870960E+002
  0.31870782E+002
  0.31870586E+002
  0.31870372E+002
  0.31870142E+002
  0.31869896E+002
  0.31869635E+002
  0.31869359E+002
  0.31869070E+002
  0.31868767E+002
  0.31868452E+002
  0.31868125E+002
  0.31867786E+002
  0.31867437E+002
  0.31867078E+002
  0.31866709E+002
  0.31866331E+002
  0.31865944E+002
  0.31865549E+002
  0.31865146E+002
  0.31864735E+002
  0.31864318E+002
  0.31863894E+002
  0.31863464E+002
  0.31863028E+002
  0.31862586E+002
  0.31862139E+002
  0.31861688E+002
  0.31861231E+002
  0.31860771E+002
  0.31860306E+002
  0.31859838E+002
  0.31859367E+002
  0.31858892E+002
  0.31858415E+002
  0.31857935E+002
  0.31857452E+002
  0.31856968E+002
  0.31856482E+002
  0.31855994E+002
  0.31855505E+002
  0.31855016E+002
  0.31854525E+002
  0.31854034E+002
  0.31853542E+002
  0.31853050E+002
  0.31852559E+002
  0.31852068E+002
  0.31851578E+002
  0.31851088E+002
  0.31850600E+002
  0.31850113E+002
  0.31849627E+002
  0.31849144E+002
  0.31848662E+002
  0.31848183E+002
  0.31847706E+002
  0.31847231E+002
  0.31846760E+002
  0.31846292E+002
  0.31845827E+002
  0.31845365E+002
  0.31844907E+002
  0.31844453E+002
  0.31844003E+002
  0.31843557E+002
  0.31843116E+002
  0.31842679E+002
  0.31842247E+002
  0.31841820E+002
  0.31841397E+002
  0.31840980E+002
  0.31840568E+002
  0.31840162E+002
  0.31839761E+002
  0.31839365E+002
  0.31838975E+002
  0.31838592E+002
  0.31838214E+002
  0.31837842E+002
  0.31837476E+002
  0.31837116E+002
  0.31836762E+002
  0.31836415E+002
  0.31836074E+002
  0.31835740E+002
  0.31835411E+002
  0.31835089E+002
  0.31834774E+002
  0.31834465E+002
  0.31834163E+002
  0.31833866E+002
  0.31833577E+002
  0.31833294E+002
  0.31833017E+002
  0.31832747E+002
  0.31832483E+002
  0.31832225E+002
  0.31831974E+002
  0.31831728E+002
  0.31831490E+002
  0.31831257E+002
  0.31831030E+002
  0.31830810E+002
  0.31830595E+002
  0.31830387E+002
  0.31830184E+002
  0.31829987E+002
  0.31829795E+002
  0.31829610E+002
  0.31829430E+002
  0.31829255E+002
  0.31829086E+002
