  0.26138386E+000
  0.29006433E+000
  0.29175860E+000
  0.29027521E+000
  0.28804282E+000
  0.28477814E+000
  0.28116229E+000
  0.27771423E+000
  0.27465338E+000
  0.27205523E+000
  0.26991345E+000
  0.26815365E+000
  0.26674002E+000
  0.26565795E+000
  0.26482889E+000
  0.26418212E+000
  0.26367151E+000
  0.26326430E+000
  0.26293668E+000
  0.26267136E+000
  0.26245537E+000
  0.26220297E+000
  0.26188350E+000
  0.26153347E+000
  0.26117929E+000
  0.26083907E+000
  0.26052457E+000
  0.26024261E+000
  0.25999558E+000
  0.25978492E+000
  0.25960984E+000
  0.25946816E+000
  0.25935699E+000
  0.25927311E+000
  0.25921315E+000
  0.25917385E+000
  0.25915214E+000
  0.25914519E+000
  0.25915051E+000
  0.25916587E+000
  0.25918941E+000
  0.25921953E+000
  0.25925489E+000
  0.25929443E+000
  0.25933727E+000
  0.25938255E+000
  0.25942966E+000
  0.25947841E+000
  0.25952854E+000
  0.25957985E+000
  0.25963220E+000
  0.25968547E+000
  0.25973958E+000
  0.25979446E+000
  0.25985007E+000
  0.25990637E+000
  0.25996331E+000
  0.26002085E+000
  0.26007893E+000
  0.26013750E+000
  0.26019649E+000
  0.26025583E+000
  0.26031544E+000
  0.26037523E+000
  0.26043513E+000
  0.26049504E+000
  0.26055488E+000
  0.26061455E+000
  0.26067398E+000
  0.26073308E+000
  0.26079178E+000
  0.26085000E+000
  0.26090767E+000
  0.26096472E+000
  0.26102110E+000
  0.26107673E+000
  0.26113155E+000
  0.26118550E+000
  0.26123849E+000
  0.26126796E+000
  0.26127918E+000
  0.26128427E+000
  0.26128738E+000
  0.26128990E+000
  0.26129228E+000
  0.26129464E+000
  0.26129701E+000
  0.26129939E+000
  0.26130177E+000
  0.26130413E+000
  0.26130647E+000
  0.26130877E+000
  0.26131103E+000
  0.26131323E+000
  0.26131537E+000
  0.26131746E+000
  0.26131948E+000
  0.26132144E+000
  0.26132334E+000
  0.26132518E+000
  0.26132697E+000
  0.26132870E+000
  0.26133037E+000
  0.26133200E+000
  0.26133359E+000
  0.26133514E+000
  0.26133665E+000
  0.26133812E+000
  0.26133957E+000
  0.26134099E+000
  0.26134239E+000
  0.26134376E+000
  0.26134512E+000
  0.26134645E+000
  0.26134777E+000
  0.26134907E+000
  0.26135035E+000
  0.26135161E+000
  0.26135286E+000
  0.26135409E+000
  0.26135530E+000
  0.26135649E+000
  0.26135766E+000
  0.26135881E+000
  0.26135994E+000
  0.26136104E+000
  0.26136212E+000
  0.26136317E+000
  0.26136420E+000
  0.26136520E+000
  0.26136616E+000
  0.26136710E+000
  0.26136801E+000
  0.26136889E+000
  0.26136974E+000
  0.26137056E+000
  0.26137134E+000
  0.26137210E+000
  0.26137282E+000
  0.26137351E+000
  0.26137417E+000
  0.26137480E+000
  0.26137540E+000
  0.26137596E+000
  0.26137651E+000
  0.26137702E+000
  0.26137750E+000
  0.26137796E+000
  0.26137839E+000
  0.26137880E+000
  0.26137919E+000
  0.26137955E+000
  0.26137989E+000
  0.26138021E+000
  0.26138051E+000
  0.26138078E+000
  0.26138104E+000
  0.26138129E+000
  0.26138151E+000
  0.26138173E+000
  0.26138192E+000
  0.26138210E+000
  0.26138227E+000
  0.26138243E+000
  0.26138257E+000
  0.26138270E+000
  0.26138283E+000
  0.26138294E+000
  0.26138304E+000
  0.26138314E+000
  0.26138322E+000
  0.26138330E+000
  0.26138338E+000
  0.26138344E+000
  0.26138350E+000
  0.26138355E+000
  0.26138360E+000
  0.26138364E+000
  0.26138368E+000
  0.26138372E+000
  0.26138375E+000
  0.26138378E+000
  0.26138380E+000
  0.26138382E+000
  0.26138384E+000
  0.26138386E+000
  0.26138387E+000
  0.26138388E+000
  0.26138389E+000
  0.26138390E+000
  0.26138391E+000
  0.26138391E+000
  0.26138392E+000
  0.26138392E+000
  0.26138392E+000
  0.26138392E+000
  0.26138393E+000
  0.26138393E+000
  0.26138394E+000
  0.26138395E+000
