  0.53182286E-005
  0.58915494E-005
  0.61687689E-005
  0.64041259E-005
  0.65183565E-005
  0.64588350E-005
  0.63138341E-005
  0.61421266E-005
  0.59765133E-005
  0.58317977E-005
  0.57122270E-005
  0.56166515E-005
  0.55417089E-005
  0.54835463E-005
  0.54385823E-005
  0.54038038E-005
  0.53768232E-005
  0.53558075E-005
  0.53393676E-005
  0.53264658E-005
  0.53163220E-005
  0.53083503E-005
  0.53021044E-005
  0.52972408E-005
  0.52934930E-005
  0.52906503E-005
  0.52885443E-005
  0.52870390E-005
  0.52860232E-005
  0.52854052E-005
  0.52851092E-005
  0.52850715E-005
  0.52852393E-005
  0.52855683E-005
  0.52860212E-005
  0.52865674E-005
  0.52871812E-005
  0.52878416E-005
  0.52885319E-005
  0.52892383E-005
  0.52899505E-005
  0.52906602E-005
  0.52913615E-005
  0.52920503E-005
  0.52927238E-005
  0.52933807E-005
  0.52940203E-005
  0.52946427E-005
  0.52952485E-005
  0.52958389E-005
  0.52964151E-005
  0.52969783E-005
  0.52975300E-005
  0.52980714E-005
  0.52986039E-005
  0.52991288E-005
  0.52996471E-005
  0.53001599E-005
  0.53006680E-005
  0.53011721E-005
  0.53016728E-005
  0.53021707E-005
  0.53026661E-005
  0.53031593E-005
  0.53036505E-005
  0.53041398E-005
  0.53046273E-005
  0.53051130E-005
  0.53055968E-005
  0.53060784E-005
  0.53065578E-005
  0.53070346E-005
  0.53075085E-005
  0.53079791E-005
  0.53084459E-005
  0.53089085E-005
  0.53093661E-005
  0.53098182E-005
  0.53102642E-005
  0.53107032E-005
  0.53111345E-005
  0.53115574E-005
  0.53119711E-005
  0.53123748E-005
  0.53127678E-005
  0.53131495E-005
  0.53135191E-005
  0.53138762E-005
  0.53142202E-005
  0.53145507E-005
  0.53148674E-005
  0.53151702E-005
  0.53154587E-005
  0.53157330E-005
  0.53159931E-005
  0.53162391E-005
  0.53164710E-005
  0.53166892E-005
  0.53168939E-005
  0.53170855E-005
  0.53172642E-005
  0.53174306E-005
  0.53175849E-005
  0.53177278E-005
  0.53178595E-005
  0.53179806E-005
  0.53180916E-005
  0.53181930E-005
  0.53182851E-005
  0.53183686E-005
  0.53184439E-005
  0.53185113E-005
  0.53185715E-005
  0.53186247E-005
  0.53186715E-005
  0.53187122E-005
  0.53187473E-005
  0.53187771E-005
  0.53188021E-005
  0.53188224E-005
  0.53188386E-005
  0.53188508E-005
  0.53188595E-005
  0.53188648E-005
  0.53188672E-005
  0.53188667E-005
  0.53188638E-005
  0.53188586E-005
  0.53188514E-005
  0.53188423E-005
  0.53188316E-005
  0.53188194E-005
  0.53188060E-005
  0.53187914E-005
  0.53187759E-005
  0.53187597E-005
  0.53187427E-005
  0.53187252E-005
  0.53187073E-005
  0.53186891E-005
  0.53186706E-005
  0.53186521E-005
  0.53186335E-005
  0.53186150E-005
  0.53185966E-005
  0.53185784E-005
  0.53185605E-005
  0.53185429E-005
  0.53185256E-005
  0.53185087E-005
  0.53184923E-005
  0.53184763E-005
  0.53184609E-005
  0.53184459E-005
  0.53184315E-005
  0.53184177E-005
  0.53184044E-005
  0.53183917E-005
  0.53183796E-005
  0.53183680E-005
  0.53183570E-005
  0.53183466E-005
  0.53183368E-005
  0.53183275E-005
  0.53183188E-005
  0.53183106E-005
  0.53183029E-005
  0.53182958E-005
  0.53182891E-005
  0.53182829E-005
  0.53182772E-005
  0.53182719E-005
  0.53182670E-005
  0.53182625E-005
  0.53182584E-005
  0.53182547E-005
  0.53182513E-005
  0.53182482E-005
  0.53182455E-005
  0.53182430E-005
  0.53182408E-005
  0.53182388E-005
  0.53182371E-005
  0.53182355E-005
  0.53182342E-005
  0.53182330E-005
  0.53182321E-005
  0.53182312E-005
  0.53182305E-005
  0.53182299E-005
  0.53182294E-005
  0.53182291E-005
  0.53182288E-005
  0.53182286E-005
  0.53182285E-005
  0.53182284E-005
  0.53182285E-005
  0.53182286E-005
  0.53182289E-005
  0.53182293E-005
