  0.21475755E+000
  0.23841157E+000
  0.23767539E+000
  0.23412855E+000
  0.23089468E+000
  0.22815184E+000
  0.22580725E+000
  0.22386459E+000
  0.22225572E+000
  0.22092632E+000
  0.21983285E+000
  0.21891099E+000
  0.21815441E+000
  0.21758225E+000
  0.21714741E+000
  0.21680555E+000
  0.21653149E+000
  0.21630852E+000
  0.21612504E+000
  0.21597283E+000
  0.21584578E+000
  0.21566327E+000
  0.21539856E+000
  0.21509117E+000
  0.21476984E+000
  0.21445455E+000
  0.21415851E+000
  0.21388975E+000
  0.21365163E+000
  0.21344639E+000
  0.21327389E+000
  0.21313254E+000
  0.21301991E+000
  0.21293314E+000
  0.21286921E+000
  0.21282513E+000
  0.21279803E+000
  0.21278529E+000
  0.21278456E+000
  0.21279373E+000
  0.21281103E+000
  0.21283492E+000
  0.21286414E+000
  0.21289763E+000
  0.21293457E+000
  0.21297409E+000
  0.21301559E+000
  0.21305888E+000
  0.21310370E+000
  0.21314984E+000
  0.21319714E+000
  0.21324547E+000
  0.21329474E+000
  0.21334488E+000
  0.21339582E+000
  0.21344752E+000
  0.21349991E+000
  0.21355295E+000
  0.21360658E+000
  0.21366073E+000
  0.21371533E+000
  0.21377030E+000
  0.21382557E+000
  0.21388104E+000
  0.21393663E+000
  0.21399225E+000
  0.21404781E+000
  0.21410323E+000
  0.21415842E+000
  0.21421330E+000
  0.21426779E+000
  0.21432183E+000
  0.21437534E+000
  0.21442828E+000
  0.21448056E+000
  0.21453214E+000
  0.21458294E+000
  0.21463292E+000
  0.21468201E+000
  0.21470763E+000
  0.21471507E+000
  0.21471645E+000
  0.21471594E+000
  0.21471492E+000
  0.21471385E+000
  0.21471286E+000
  0.21471199E+000
  0.21471124E+000
  0.21471060E+000
  0.21471007E+000
  0.21470963E+000
  0.21470928E+000
  0.21470900E+000
  0.21470880E+000
  0.21470867E+000
  0.21470859E+000
  0.21470858E+000
  0.21470863E+000
  0.21470874E+000
  0.21470890E+000
  0.21470911E+000
  0.21470938E+000
  0.21470971E+000
  0.21471009E+000
  0.21471052E+000
  0.21471100E+000
  0.21471154E+000
  0.21471213E+000
  0.21471277E+000
  0.21471346E+000
  0.21471419E+000
  0.21471498E+000
  0.21471580E+000
  0.21471667E+000
  0.21471758E+000
  0.21471852E+000
  0.21471949E+000
  0.21472050E+000
  0.21472152E+000
  0.21472257E+000
  0.21472364E+000
  0.21472473E+000
  0.21472582E+000
  0.21472692E+000
  0.21472803E+000
  0.21472914E+000
  0.21473024E+000
  0.21473134E+000
  0.21473243E+000
  0.21473351E+000
  0.21473457E+000
  0.21473562E+000
  0.21473664E+000
  0.21473765E+000
  0.21473863E+000
  0.21473959E+000
  0.21474053E+000
  0.21474143E+000
  0.21474231E+000
  0.21474316E+000
  0.21474398E+000
  0.21474478E+000
  0.21474554E+000
  0.21474627E+000
  0.21474697E+000
  0.21474764E+000
  0.21474829E+000
  0.21474890E+000
  0.21474948E+000
  0.21475004E+000
  0.21475057E+000
  0.21475107E+000
  0.21475154E+000
  0.21475199E+000
  0.21475242E+000
  0.21475282E+000
  0.21475320E+000
  0.21475355E+000
  0.21475388E+000
  0.21475420E+000
  0.21475449E+000
  0.21475476E+000
  0.21475502E+000
  0.21475525E+000
  0.21475547E+000
  0.21475568E+000
  0.21475587E+000
  0.21475604E+000
  0.21475620E+000
  0.21475635E+000
  0.21475649E+000
  0.21475662E+000
  0.21475673E+000
  0.21475683E+000
  0.21475693E+000
  0.21475702E+000
  0.21475709E+000
  0.21475716E+000
  0.21475723E+000
  0.21475728E+000
  0.21475733E+000
  0.21475738E+000
  0.21475742E+000
  0.21475745E+000
  0.21475748E+000
  0.21475751E+000
  0.21475753E+000
  0.21475755E+000
  0.21475757E+000
  0.21475758E+000
  0.21475759E+000
  0.21475760E+000
  0.21475761E+000
  0.21475761E+000
  0.21475762E+000
  0.21475762E+000
  0.21475762E+000
  0.21475762E+000
  0.21475763E+000
  0.21475764E+000
