  0.14115454E+000
  0.14414356E+000
  0.14591427E+000
  0.14668777E+000
  0.14690888E+000
  0.14688860E+000
  0.14673859E+000
  0.14650591E+000
  0.14622555E+000
  0.14592394E+000
  0.14561512E+000
  0.14530849E+000
  0.14500965E+000
  0.14469710E+000
  0.14436548E+000
  0.14403816E+000
  0.14372716E+000
  0.14343806E+000
  0.14317278E+000
  0.14293125E+000
  0.14271235E+000
  0.14252086E+000
  0.14235568E+000
  0.14221036E+000
  0.14208070E+000
  0.14196389E+000
  0.14185798E+000
  0.14176158E+000
  0.14167394E+000
  0.14159403E+000
  0.14152105E+000
  0.14145435E+000
  0.14139339E+000
  0.14133771E+000
  0.14128690E+000
  0.14124059E+000
  0.14119846E+000
  0.14116019E+000
  0.14112550E+000
  0.14109412E+000
  0.14106581E+000
  0.14104033E+000
  0.14101746E+000
  0.14099702E+000
  0.14097880E+000
  0.14096270E+000
  0.14094863E+000
  0.14093636E+000
  0.14092571E+000
  0.14091657E+000
  0.14090879E+000
  0.14090229E+000
  0.14089695E+000
  0.14089270E+000
  0.14088946E+000
  0.14088714E+000
  0.14088568E+000
  0.14088503E+000
  0.14088510E+000
  0.14088586E+000
  0.14088724E+000
  0.14088920E+000
  0.14089168E+000
  0.14089464E+000
  0.14089803E+000
  0.14090181E+000
  0.14090595E+000
  0.14091040E+000
  0.14091512E+000
  0.14092010E+000
  0.14092529E+000
  0.14093067E+000
  0.14093622E+000
  0.14094192E+000
  0.14094774E+000
  0.14095366E+000
  0.14095966E+000
  0.14096573E+000
  0.14097185E+000
  0.14097916E+000
  0.14098714E+000
  0.14099515E+000
  0.14100309E+000
  0.14101092E+000
  0.14101863E+000
  0.14102619E+000
  0.14103358E+000
  0.14104078E+000
  0.14104778E+000
  0.14105456E+000
  0.14106110E+000
  0.14106739E+000
  0.14107342E+000
  0.14107919E+000
  0.14108469E+000
  0.14108991E+000
  0.14109485E+000
  0.14109952E+000
  0.14110391E+000
  0.14110804E+000
  0.14111190E+000
  0.14111551E+000
  0.14111887E+000
  0.14112199E+000
  0.14112488E+000
  0.14112756E+000
  0.14113003E+000
  0.14113230E+000
  0.14113439E+000
  0.14113630E+000
  0.14113805E+000
  0.14113964E+000
  0.14114110E+000
  0.14114242E+000
  0.14114362E+000
  0.14114470E+000
  0.14114568E+000
  0.14114656E+000
  0.14114736E+000
  0.14114807E+000
  0.14114871E+000
  0.14114928E+000
  0.14114979E+000
  0.14115024E+000
  0.14115064E+000
  0.14115100E+000
  0.14115131E+000
  0.14115159E+000
  0.14115184E+000
  0.14115205E+000
  0.14115224E+000
  0.14115241E+000
  0.14115256E+000
  0.14115269E+000
  0.14115280E+000
  0.14115290E+000
  0.14115299E+000
  0.14115307E+000
  0.14115314E+000
  0.14115320E+000
  0.14115325E+000
  0.14115330E+000
  0.14115335E+000
  0.14115339E+000
  0.14115343E+000
  0.14115347E+000
  0.14115350E+000
  0.14115354E+000
  0.14115357E+000
  0.14115360E+000
  0.14115363E+000
  0.14115366E+000
  0.14115369E+000
  0.14115372E+000
  0.14115375E+000
  0.14115378E+000
  0.14115381E+000
  0.14115383E+000
  0.14115386E+000
  0.14115389E+000
  0.14115392E+000
  0.14115394E+000
  0.14115397E+000
  0.14115400E+000
  0.14115402E+000
  0.14115405E+000
  0.14115407E+000
  0.14115410E+000
  0.14115412E+000
  0.14115414E+000
  0.14115417E+000
  0.14115419E+000
  0.14115421E+000
  0.14115423E+000
  0.14115425E+000
  0.14115427E+000
  0.14115429E+000
  0.14115431E+000
  0.14115433E+000
  0.14115435E+000
  0.14115436E+000
  0.14115438E+000
  0.14115439E+000
  0.14115441E+000
  0.14115442E+000
  0.14115443E+000
  0.14115445E+000
  0.14115446E+000
  0.14115447E+000
  0.14115448E+000
  0.14115449E+000
  0.14115450E+000
  0.14115451E+000
  0.14115451E+000
  0.14115452E+000
  0.14115453E+000
  0.14115454E+000
  0.14115455E+000
  0.14115456E+000
  0.14115458E+000
