  0.46626308E-001
  0.51652762E-001
  0.54083218E-001
  0.56146656E-001
  0.57148145E-001
  0.56626304E-001
  0.55355044E-001
  0.53849638E-001
  0.52397663E-001
  0.51128904E-001
  0.50080596E-001
  0.49242661E-001
  0.48585619E-001
  0.48075692E-001
  0.47681481E-001
  0.47376568E-001
  0.47140023E-001
  0.46955773E-001
  0.46811639E-001
  0.46698526E-001
  0.46609593E-001
  0.46539703E-001
  0.46484943E-001
  0.46442302E-001
  0.46409445E-001
  0.46384522E-001
  0.46366058E-001
  0.46352861E-001
  0.46343955E-001
  0.46338537E-001
  0.46335942E-001
  0.46335611E-001
  0.46337083E-001
  0.46339967E-001
  0.46343938E-001
  0.46348726E-001
  0.46354107E-001
  0.46359898E-001
  0.46365949E-001
  0.46372143E-001
  0.46378387E-001
  0.46384609E-001
  0.46390757E-001
  0.46396796E-001
  0.46402701E-001
  0.46408460E-001
  0.46414068E-001
  0.46419524E-001
  0.46424836E-001
  0.46430012E-001
  0.46435064E-001
  0.46440002E-001
  0.46444838E-001
  0.46449585E-001
  0.46454253E-001
  0.46458855E-001
  0.46463399E-001
  0.46467895E-001
  0.46472350E-001
  0.46476769E-001
  0.46481159E-001
  0.46485524E-001
  0.46489867E-001
  0.46494192E-001
  0.46498498E-001
  0.46502788E-001
  0.46507062E-001
  0.46511321E-001
  0.46515562E-001
  0.46519785E-001
  0.46523987E-001
  0.46528168E-001
  0.46532322E-001
  0.46536448E-001
  0.46540541E-001
  0.46544596E-001
  0.46548608E-001
  0.46552572E-001
  0.46556482E-001
  0.46560331E-001
  0.46564113E-001
  0.46567820E-001
  0.46571447E-001
  0.46574987E-001
  0.46578432E-001
  0.46581778E-001
  0.46585019E-001
  0.46588149E-001
  0.46591165E-001
  0.46594063E-001
  0.46596840E-001
  0.46599494E-001
  0.46602024E-001
  0.46604429E-001
  0.46606709E-001
  0.46608866E-001
  0.46610899E-001
  0.46612812E-001
  0.46614607E-001
  0.46616286E-001
  0.46617854E-001
  0.46619312E-001
  0.46620665E-001
  0.46621917E-001
  0.46623072E-001
  0.46624134E-001
  0.46625108E-001
  0.46625996E-001
  0.46626804E-001
  0.46627536E-001
  0.46628196E-001
  0.46628787E-001
  0.46629314E-001
  0.46629781E-001
  0.46630191E-001
  0.46630549E-001
  0.46630856E-001
  0.46631118E-001
  0.46631336E-001
  0.46631514E-001
  0.46631656E-001
  0.46631763E-001
  0.46631839E-001
  0.46631886E-001
  0.46631907E-001
  0.46631903E-001
  0.46631877E-001
  0.46631832E-001
  0.46631768E-001
  0.46631689E-001
  0.46631595E-001
  0.46631488E-001
  0.46631370E-001
  0.46631243E-001
  0.46631107E-001
  0.46630964E-001
  0.46630816E-001
  0.46630662E-001
  0.46630505E-001
  0.46630345E-001
  0.46630184E-001
  0.46630021E-001
  0.46629858E-001
  0.46629696E-001
  0.46629535E-001
  0.46629375E-001
  0.46629218E-001
  0.46629064E-001
  0.46628912E-001
  0.46628764E-001
  0.46628620E-001
  0.46628480E-001
  0.46628345E-001
  0.46628214E-001
  0.46628088E-001
  0.46627966E-001
  0.46627850E-001
  0.46627738E-001
  0.46627632E-001
  0.46627531E-001
  0.46627434E-001
  0.46627343E-001
  0.46627257E-001
  0.46627176E-001
  0.46627099E-001
  0.46627027E-001
  0.46626960E-001
  0.46626897E-001
  0.46626839E-001
  0.46626785E-001
  0.46626734E-001
  0.46626688E-001
  0.46626645E-001
  0.46626606E-001
  0.46626570E-001
  0.46626537E-001
  0.46626508E-001
  0.46626481E-001
  0.46626456E-001
  0.46626435E-001
  0.46626415E-001
  0.46626398E-001
  0.46626382E-001
  0.46626369E-001
  0.46626357E-001
  0.46626347E-001
  0.46626339E-001
  0.46626331E-001
  0.46626325E-001
  0.46626320E-001
  0.46626316E-001
  0.46626313E-001
  0.46626310E-001
  0.46626308E-001
  0.46626307E-001
  0.46626307E-001
  0.46626307E-001
  0.46626308E-001
  0.46626311E-001
  0.46626314E-001
