  0.35738528E+000
  0.35730498E+000
  0.35726987E+000
  0.35726394E+000
  0.35727250E+000
  0.35728479E+000
  0.35729897E+000
  0.35731309E+000
  0.35732694E+000
  0.35733894E+000
  0.35735094E+000
  0.35736221E+000
  0.35737206E+000
  0.35738052E+000
  0.35738700E+000
  0.35739282E+000
  0.35739814E+000
  0.35740256E+000
  0.35740668E+000
  0.35740991E+000
  0.35741290E+000
  0.35741524E+000
  0.35741750E+000
  0.35741995E+000
  0.35742142E+000
  0.35742269E+000
  0.35742382E+000
  0.35742496E+000
  0.35742584E+000
  0.35742663E+000
  0.35742743E+000
  0.35742799E+000
  0.35742860E+000
  0.35742919E+000
  0.35742956E+000
  0.35743014E+000
  0.35743066E+000
  0.35743091E+000
  0.35743111E+000
  0.35743176E+000
  0.35743243E+000
  0.35743331E+000
  0.35743398E+000
  0.35743479E+000
  0.35743551E+000
  0.35743631E+000
  0.35743692E+000
  0.35743783E+000
  0.35743977E+000
  0.35744045E+000
  0.35744032E+000
  0.35744119E+000
  0.35744214E+000
  0.35744269E+000
  0.35744365E+000
  0.35744467E+000
  0.35744581E+000
  0.35744659E+000
  0.35744765E+000
  0.35744840E+000
  0.35744924E+000
  0.35745006E+000
  0.35745085E+000
  0.35745173E+000
  0.35745236E+000
  0.35745305E+000
  0.35745365E+000
  0.35745495E+000
  0.35745539E+000
  0.35745598E+000
  0.35745685E+000
  0.35745721E+000
  0.35745729E+000
  0.35745759E+000
  0.35745780E+000
  0.35745744E+000
  0.35745752E+000
  0.35745743E+000
  0.35745718E+000
  0.35745704E+000
  0.35745673E+000
  0.35745680E+000
  0.35745634E+000
  0.35745591E+000
  0.35745548E+000
  0.35745478E+000
  0.35745309E+000
  0.35745232E+000
  0.35745132E+000
  0.35745043E+000
  0.35744953E+000
  0.35744863E+000
  0.35744763E+000
  0.35744659E+000
  0.35744533E+000
  0.35744424E+000
  0.35744290E+000
  0.35744176E+000
  0.35744058E+000
  0.35743903E+000
  0.35743775E+000
  0.35743640E+000
  0.35743506E+000
  0.35743367E+000
  0.35743230E+000
  0.35743081E+000
  0.35742937E+000
  0.35742789E+000
  0.35742638E+000
  0.35742487E+000
  0.35742322E+000
  0.35742166E+000
  0.35741933E+000
  0.35741773E+000
  0.35741610E+000
  0.35741457E+000
  0.35741291E+000
  0.35741111E+000
  0.35740942E+000
  0.35740770E+000
  0.35740597E+000
  0.35740421E+000
  0.35740244E+000
  0.35740065E+000
  0.35739884E+000
  0.35739701E+000
  0.35739516E+000
  0.35739330E+000
  0.35739142E+000
  0.35738952E+000
  0.35738760E+000
  0.35738566E+000
  0.35738371E+000
  0.35738175E+000
  0.35737977E+000
  0.35737778E+000
  0.35737577E+000
  0.35737374E+000
  0.35737171E+000
  0.35736966E+000
  0.35736760E+000
  0.35736553E+000
  0.35736345E+000
  0.35736136E+000
  0.35735927E+000
  0.35735716E+000
  0.35735503E+000
  0.35735291E+000
  0.35735078E+000
  0.35734866E+000
  0.35734650E+000
  0.35734512E+000
  0.35734299E+000
  0.35734086E+000
  0.35733872E+000
  0.35733659E+000
  0.35733446E+000
  0.35733234E+000
  0.35733022E+000
  0.35732812E+000
  0.35732601E+000
  0.35732392E+000
  0.35732184E+000
  0.35731977E+000
  0.35731771E+000
  0.35731569E+000
  0.35731366E+000
  0.35731164E+000
  0.35730965E+000
  0.35730767E+000
  0.35730572E+000
  0.35730378E+000
  0.35730187E+000
  0.35729997E+000
  0.35729810E+000
  0.35729625E+000
  0.35729443E+000
  0.35729263E+000
  0.35729086E+000
  0.35728912E+000
  0.35728740E+000
  0.35728571E+000
  0.35728405E+000
  0.35728242E+000
  0.35728081E+000
  0.35727924E+000
  0.35727769E+000
  0.35727618E+000
  0.35727470E+000
  0.35727324E+000
  0.35727182E+000
  0.35727043E+000
  0.35726907E+000
  0.35726775E+000
  0.35726645E+000
  0.35726519E+000
  0.35726395E+000
  0.35726275E+000
  0.35726158E+000
  0.35726044E+000
