  0.46415178E+000
  0.46329509E+000
  0.46266848E+000
  0.46218374E+000
  0.46180163E+000
  0.46149040E+000
  0.46124379E+000
  0.46103933E+000
  0.46087220E+000
  0.46073754E+000
  0.46062332E+000
  0.46053116E+000
  0.46045651E+000
  0.46039230E+000
  0.46033874E+000
  0.46029526E+000
  0.46026012E+000
  0.46023001E+000
  0.46020649E+000
  0.46018596E+000
  0.46017089E+000
  0.46015814E+000
  0.46014740E+000
  0.46013860E+000
  0.46013148E+000
  0.46012783E+000
  0.46012473E+000
  0.46012159E+000
  0.46011970E+000
  0.46011851E+000
  0.46011775E+000
  0.46011753E+000
  0.46011720E+000
  0.46011756E+000
  0.46011802E+000
  0.46011797E+000
  0.46011828E+000
  0.46011875E+000
  0.46011961E+000
  0.46012008E+000
  0.46012046E+000
  0.46012102E+000
  0.46012162E+000
  0.46012132E+000
  0.46012173E+000
  0.46012179E+000
  0.46012147E+000
  0.46012129E+000
  0.46012107E+000
  0.46012078E+000
  0.46012036E+000
  0.46011949E+000
  0.46011901E+000
  0.46011847E+000
  0.46011840E+000
  0.46011639E+000
  0.46011562E+000
  0.46011456E+000
  0.46011442E+000
  0.46011322E+000
  0.46011165E+000
  0.46011041E+000
  0.46010925E+000
  0.46010793E+000
  0.46010678E+000
  0.46010469E+000
  0.46010277E+000
  0.46010114E+000
  0.46009933E+000
  0.46009733E+000
  0.46009554E+000
  0.46009404E+000
  0.46009222E+000
  0.46009022E+000
  0.46008848E+000
  0.46008511E+000
  0.46008332E+000
  0.46008124E+000
  0.46007935E+000
  0.46007745E+000
  0.46007550E+000
  0.46007369E+000
  0.46007175E+000
  0.46007018E+000
  0.46006826E+000
  0.46006651E+000
  0.46006452E+000
  0.46006282E+000
  0.46006117E+000
  0.46005945E+000
  0.46005786E+000
  0.46005611E+000
  0.46005433E+000
  0.46005278E+000
  0.46005103E+000
  0.46004934E+000
  0.46004789E+000
  0.46004578E+000
  0.46004418E+000
  0.46004266E+000
  0.46004113E+000
  0.46003970E+000
  0.46003827E+000
  0.46003688E+000
  0.46003551E+000
  0.46003412E+000
  0.46003271E+000
  0.46003127E+000
  0.46002994E+000
  0.46002855E+000
  0.46002711E+000
  0.46002573E+000
  0.46002428E+000
  0.46002284E+000
  0.46002149E+000
  0.46002014E+000
  0.46001877E+000
  0.46001741E+000
  0.46001601E+000
  0.46001464E+000
  0.46001326E+000
  0.46001178E+000
  0.46001033E+000
  0.46000888E+000
  0.46000742E+000
  0.46000595E+000
  0.46000445E+000
  0.46000295E+000
  0.46000143E+000
  0.45999990E+000
  0.45999839E+000
  0.45999682E+000
  0.45999523E+000
  0.45999364E+000
  0.45999203E+000
  0.45999040E+000
  0.45998876E+000
  0.45998708E+000
  0.45998541E+000
  0.45998370E+000
  0.45998201E+000
  0.45998030E+000
  0.45997859E+000
  0.45997687E+000
  0.45997514E+000
  0.45997340E+000
  0.45997165E+000
  0.45996988E+000
  0.45996812E+000
  0.45996636E+000
  0.45996461E+000
  0.45996284E+000
  0.45996106E+000
  0.45995929E+000
  0.45995752E+000
  0.45995575E+000
  0.45995401E+000
  0.45995226E+000
  0.45995050E+000
  0.45994879E+000
  0.45994703E+000
  0.45994532E+000
  0.45994360E+000
  0.45994187E+000
  0.45994017E+000
  0.45993847E+000
  0.45993680E+000
  0.45993511E+000
  0.45993349E+000
  0.45993186E+000
  0.45993025E+000
  0.45992865E+000
  0.45992708E+000
  0.45992552E+000
  0.45992398E+000
  0.45992246E+000
  0.45992096E+000
  0.45991949E+000
  0.45991803E+000
  0.45991661E+000
  0.45991520E+000
  0.45991382E+000
  0.45991245E+000
  0.45991112E+000
  0.45990982E+000
  0.45990854E+000
  0.45990729E+000
  0.45990606E+000
  0.45990486E+000
  0.45990368E+000
  0.45990253E+000
  0.45990141E+000
  0.45990032E+000
  0.45989925E+000
  0.45989821E+000
  0.45989719E+000
  0.45989620E+000
  0.45989524E+000
  0.45989431E+000
  0.45989339E+000
