  0.88682554E+000
  0.88688785E+000
  0.88693755E+000
  0.88697662E+000
  0.88700716E+000
  0.88703085E+000
  0.88704895E+000
  0.88706246E+000
  0.88707219E+000
  0.88707881E+000
  0.88708284E+000
  0.88708472E+000
  0.88708483E+000
  0.88708346E+000
  0.88708087E+000
  0.88707728E+000
  0.88707287E+000
  0.88706779E+000
  0.88706216E+000
  0.88705608E+000
  0.88704964E+000
  0.88704290E+000
  0.88703593E+000
  0.88702878E+000
  0.88702149E+000
  0.88701409E+000
  0.88700663E+000
  0.88699911E+000
  0.88699158E+000
  0.88698405E+000
  0.88697653E+000
  0.88696905E+000
  0.88696162E+000
  0.88695425E+000
  0.88694695E+000
  0.88693974E+000
  0.88693263E+000
  0.88692563E+000
  0.88691874E+000
  0.88691199E+000
  0.88690536E+000
  0.88689889E+000
  0.88689257E+000
  0.88688641E+000
  0.88688043E+000
  0.88687463E+000
  0.88686901E+000
  0.88686360E+000
  0.88685839E+000
  0.88685340E+000
  0.88684863E+000
  0.88684408E+000
  0.88683977E+000
  0.88683569E+000
  0.88683185E+000
  0.88682826E+000
  0.88682492E+000
  0.88682182E+000
  0.88681897E+000
  0.88681636E+000
  0.88681400E+000
  0.88681189E+000
  0.88681001E+000
  0.88680836E+000
  0.88680694E+000
  0.88680574E+000
  0.88680475E+000
  0.88680397E+000
  0.88680339E+000
  0.88680299E+000
  0.88680277E+000
  0.88680272E+000
  0.88680283E+000
  0.88680308E+000
  0.88680348E+000
  0.88680400E+000
  0.88680464E+000
  0.88680539E+000
  0.88680624E+000
  0.88680718E+000
  0.88680820E+000
  0.88680929E+000
  0.88681044E+000
  0.88681164E+000
  0.88681289E+000
  0.88681418E+000
  0.88681550E+000
  0.88681685E+000
  0.88681821E+000
  0.88681959E+000
  0.88682097E+000
  0.88682236E+000
  0.88682375E+000
  0.88682513E+000
  0.88682650E+000
  0.88682786E+000
  0.88682920E+000
  0.88683053E+000
  0.88683184E+000
  0.88683313E+000
  0.88683439E+000
  0.88683564E+000
  0.88683686E+000
  0.88683805E+000
  0.88683922E+000
  0.88684037E+000
  0.88684149E+000
  0.88684258E+000
  0.88684364E+000
  0.88684468E+000
  0.88684569E+000
  0.88684668E+000
  0.88684764E+000
  0.88684857E+000
  0.88684947E+000
  0.88685034E+000
  0.88685119E+000
  0.88685201E+000
  0.88685279E+000
  0.88685355E+000
  0.88685428E+000
  0.88685498E+000
  0.88685565E+000
  0.88685628E+000
  0.88685689E+000
  0.88685746E+000
  0.88685800E+000
  0.88685851E+000
  0.88685898E+000
  0.88685942E+000
  0.88685983E+000
  0.88686021E+000
  0.88686055E+000
  0.88686085E+000
  0.88686113E+000
  0.88686137E+000
  0.88686157E+000
  0.88686174E+000
  0.88686187E+000
  0.88686198E+000
  0.88686204E+000
  0.88686208E+000
  0.88686208E+000
  0.88686205E+000
  0.88686199E+000
  0.88686189E+000
  0.88686177E+000
  0.88686162E+000
  0.88686143E+000
  0.88686122E+000
  0.88686098E+000
  0.88686071E+000
  0.88686042E+000
  0.88686010E+000
  0.88685976E+000
  0.88685940E+000
  0.88685901E+000
  0.88685860E+000
  0.88685818E+000
  0.88685773E+000
  0.88685727E+000
  0.88685680E+000
  0.88685630E+000
  0.88685580E+000
  0.88685528E+000
  0.88685475E+000
  0.88685421E+000
  0.88685366E+000
  0.88685311E+000
  0.88685254E+000
  0.88685197E+000
  0.88685140E+000
  0.88685082E+000
  0.88685024E+000
  0.88684966E+000
  0.88684907E+000
  0.88684849E+000
  0.88684791E+000
  0.88684733E+000
  0.88684675E+000
  0.88684617E+000
  0.88684560E+000
  0.88684503E+000
  0.88684447E+000
  0.88684392E+000
  0.88684337E+000
  0.88684282E+000
  0.88684229E+000
  0.88684176E+000
  0.88684124E+000
  0.88684073E+000
  0.88684023E+000
  0.88683973E+000
  0.88683925E+000
  0.88683877E+000
  0.88683831E+000
  0.88683785E+000
  0.88683741E+000
  0.88683697E+000
  0.88683655E+000
