  0.81427371E+000
  0.81427653E+000
  0.81427803E+000
  0.81427870E+000
  0.81427887E+000
  0.81427876E+000
  0.81427850E+000
  0.81427815E+000
  0.81427779E+000
  0.81427742E+000
  0.81427709E+000
  0.81427679E+000
  0.81427653E+000
  0.81427632E+000
  0.81427616E+000
  0.81427604E+000
  0.81427596E+000
  0.81427591E+000
  0.81427590E+000
  0.81427592E+000
  0.81427596E+000
  0.81427603E+000
  0.81427612E+000
  0.81427622E+000
  0.81427634E+000
  0.81427647E+000
  0.81427662E+000
  0.81427676E+000
  0.81427692E+000
  0.81427708E+000
  0.81427723E+000
  0.81427739E+000
  0.81427754E+000
  0.81427769E+000
  0.81427783E+000
  0.81427797E+000
  0.81427809E+000
  0.81427821E+000
  0.81427831E+000
  0.81427839E+000
  0.81427847E+000
  0.81427852E+000
  0.81427856E+000
  0.81427859E+000
  0.81427860E+000
  0.81427859E+000
  0.81427856E+000
  0.81427852E+000
  0.81427846E+000
  0.81427838E+000
  0.81427828E+000
  0.81427818E+000
  0.81427805E+000
  0.81427792E+000
  0.81427777E+000
  0.81427761E+000
  0.81427744E+000
  0.81427727E+000
  0.81427709E+000
  0.81427690E+000
  0.81427671E+000
  0.81427652E+000
  0.81427634E+000
  0.81427615E+000
  0.81427597E+000
  0.81427580E+000
  0.81427563E+000
  0.81427548E+000
  0.81427533E+000
  0.81427520E+000
  0.81427508E+000
  0.81427498E+000
  0.81427490E+000
  0.81427483E+000
  0.81427479E+000
  0.81427477E+000
  0.81427477E+000
  0.81427479E+000
  0.81427484E+000
  0.81427491E+000
  0.81427501E+000
  0.81427514E+000
  0.81427529E+000
  0.81427548E+000
  0.81427569E+000
  0.81427594E+000
  0.81427621E+000
  0.81427652E+000
  0.81427685E+000
  0.81427722E+000
  0.81427762E+000
  0.81427805E+000
  0.81427851E+000
  0.81427900E+000
  0.81427952E+000
  0.81428006E+000
  0.81428063E+000
  0.81428123E+000
  0.81428185E+000
  0.81428249E+000
  0.81428315E+000
  0.81428383E+000
  0.81428453E+000
  0.81428524E+000
  0.81428597E+000
  0.81428671E+000
  0.81428745E+000
  0.81428821E+000
  0.81428897E+000
  0.81428973E+000
  0.81429049E+000
  0.81429126E+000
  0.81429202E+000
  0.81429277E+000
  0.81429353E+000
  0.81429427E+000
  0.81429500E+000
  0.81429572E+000
  0.81429643E+000
  0.81429713E+000
  0.81429781E+000
  0.81429847E+000
  0.81429911E+000
  0.81429973E+000
  0.81430033E+000
  0.81430091E+000
  0.81430146E+000
  0.81430199E+000
  0.81430250E+000
  0.81430298E+000
  0.81430343E+000
  0.81430385E+000
  0.81430424E+000
  0.81430460E+000
  0.81430494E+000
  0.81430524E+000
  0.81430551E+000
  0.81430575E+000
  0.81430596E+000
  0.81430614E+000
  0.81430629E+000
  0.81430641E+000
  0.81430649E+000
  0.81430655E+000
  0.81430657E+000
  0.81430657E+000
  0.81430653E+000
  0.81430646E+000
  0.81430637E+000
  0.81430625E+000
  0.81430610E+000
  0.81430592E+000
  0.81430572E+000
  0.81430549E+000
  0.81430524E+000
  0.81430497E+000
  0.81430467E+000
  0.81430435E+000
  0.81430401E+000
  0.81430365E+000
  0.81430327E+000
  0.81430288E+000
  0.81430247E+000
  0.81430204E+000
  0.81430160E+000
  0.81430115E+000
  0.81430068E+000
  0.81430021E+000
  0.81429972E+000
  0.81429923E+000
  0.81429873E+000
  0.81429822E+000
  0.81429771E+000
  0.81429719E+000
  0.81429666E+000
  0.81429614E+000
  0.81429561E+000
  0.81429508E+000
  0.81429456E+000
  0.81429403E+000
  0.81429350E+000
  0.81429298E+000
  0.81429245E+000
  0.81429194E+000
  0.81429142E+000
  0.81429091E+000
  0.81429041E+000
  0.81428991E+000
  0.81428941E+000
  0.81428893E+000
  0.81428845E+000
  0.81428797E+000
  0.81428751E+000
  0.81428705E+000
  0.81428660E+000
  0.81428616E+000
  0.81428573E+000
  0.81428531E+000
  0.81428489E+000
  0.81428449E+000
