  0.86193873E+000
  0.86284188E+000
  0.86340885E+000
  0.86377864E+000
  0.86401959E+000
  0.86417195E+000
  0.86426096E+000
  0.86430349E+000
  0.86431148E+000
  0.86429369E+000
  0.86425656E+000
  0.86420498E+000
  0.86414264E+000
  0.86407208E+000
  0.86399549E+000
  0.86391502E+000
  0.86383222E+000
  0.86374821E+000
  0.86366381E+000
  0.86357965E+000
  0.86349621E+000
  0.86341388E+000
  0.86333292E+000
  0.86325352E+000
  0.86317584E+000
  0.86310002E+000
  0.86302614E+000
  0.86295429E+000
  0.86288454E+000
  0.86281690E+000
  0.86275142E+000
  0.86268810E+000
  0.86262695E+000
  0.86256797E+000
  0.86251115E+000
  0.86245647E+000
  0.86240394E+000
  0.86235353E+000
  0.86230522E+000
  0.86225901E+000
  0.86221486E+000
  0.86217277E+000
  0.86213271E+000
  0.86209467E+000
  0.86205862E+000
  0.86202456E+000
  0.86199246E+000
  0.86196229E+000
  0.86193405E+000
  0.86190770E+000
  0.86188321E+000
  0.86186056E+000
  0.86183971E+000
  0.86182062E+000
  0.86180325E+000
  0.86178754E+000
  0.86177345E+000
  0.86176093E+000
  0.86174991E+000
  0.86174033E+000
  0.86173213E+000
  0.86172524E+000
  0.86171960E+000
  0.86171512E+000
  0.86171175E+000
  0.86170942E+000
  0.86170806E+000
  0.86170761E+000
  0.86170801E+000
  0.86170920E+000
  0.86171114E+000
  0.86171377E+000
  0.86171704E+000
  0.86172093E+000
  0.86172538E+000
  0.86173035E+000
  0.86173582E+000
  0.86174174E+000
  0.86174808E+000
  0.86175478E+000
  0.86176180E+000
  0.86176911E+000
  0.86177665E+000
  0.86178439E+000
  0.86179227E+000
  0.86180026E+000
  0.86180829E+000
  0.86181632E+000
  0.86182430E+000
  0.86183219E+000
  0.86183995E+000
  0.86184753E+000
  0.86185490E+000
  0.86186203E+000
  0.86186889E+000
  0.86187547E+000
  0.86188174E+000
  0.86188768E+000
  0.86189330E+000
  0.86189858E+000
  0.86190353E+000
  0.86190815E+000
  0.86191243E+000
  0.86191640E+000
  0.86192005E+000
  0.86192340E+000
  0.86192646E+000
  0.86192925E+000
  0.86193177E+000
  0.86193405E+000
  0.86193609E+000
  0.86193791E+000
  0.86193953E+000
  0.86194096E+000
  0.86194221E+000
  0.86194330E+000
  0.86194424E+000
  0.86194504E+000
  0.86194571E+000
  0.86194626E+000
  0.86194672E+000
  0.86194707E+000
  0.86194734E+000
  0.86194753E+000
  0.86194765E+000
  0.86194770E+000
  0.86194770E+000
  0.86194765E+000
  0.86194755E+000
  0.86194742E+000
  0.86194725E+000
  0.86194705E+000
  0.86194683E+000
  0.86194658E+000
  0.86194632E+000
  0.86194604E+000
  0.86194575E+000
  0.86194545E+000
  0.86194514E+000
  0.86194482E+000
  0.86194450E+000
  0.86194419E+000
  0.86194387E+000
  0.86194355E+000
  0.86194324E+000
  0.86194293E+000
  0.86194262E+000
  0.86194232E+000
  0.86194203E+000
  0.86194175E+000
  0.86194147E+000
  0.86194120E+000
  0.86194094E+000
  0.86194069E+000
  0.86194045E+000
  0.86194023E+000
  0.86194001E+000
  0.86193980E+000
  0.86193960E+000
  0.86193941E+000
  0.86193923E+000
  0.86193906E+000
  0.86193891E+000
  0.86193876E+000
  0.86193862E+000
  0.86193849E+000
  0.86193837E+000
  0.86193826E+000
  0.86193816E+000
  0.86193807E+000
  0.86193798E+000
  0.86193791E+000
  0.86193784E+000
  0.86193778E+000
  0.86193772E+000
  0.86193768E+000
  0.86193763E+000
  0.86193760E+000
  0.86193757E+000
  0.86193755E+000
  0.86193753E+000
  0.86193751E+000
  0.86193750E+000
  0.86193750E+000
  0.86193750E+000
  0.86193750E+000
  0.86193750E+000
  0.86193751E+000
  0.86193752E+000
  0.86193753E+000
  0.86193755E+000
  0.86193757E+000
  0.86193759E+000
  0.86193761E+000
  0.86193763E+000
  0.86193765E+000
  0.86193768E+000
  0.86193771E+000
  0.86193774E+000
  0.86193777E+000
