  0.30967133E+000  0.34472489E+000  0.45515924E+000  0.59491735E+000  0.79395892E+000  0.88731358E+000  0.11853021E+001  0.18665979E+001  0.26169750E+001  0.43843100E+001  0.81326219E+001
  0.30940213E+000  0.34440435E+000  0.45472099E+000  0.59491735E+000  0.79280077E+000  0.88662740E+000  0.11851759E+001  0.18649524E+001  0.26162885E+001  0.43769503E+001  0.81279209E+001
  0.30916477E+000  0.34413099E+000  0.45436801E+000  0.59491735E+000  0.79233044E+000  0.88598561E+000  0.11849172E+001  0.18635572E+001  0.26157270E+001  0.43760316E+001  0.81225914E+001
  0.30894943E+000  0.34389829E+000  0.45404224E+000  0.59491735E+000  0.79191826E+000  0.88544584E+000  0.11850107E+001  0.18623309E+001  0.26151134E+001  0.43753698E+001  0.81215826E+001
  0.30878171E+000  0.34366508E+000  0.45373035E+000  0.59491735E+000  0.79156531E+000  0.88527037E+000  0.11850829E+001  0.18613241E+001  0.26148020E+001  0.43744734E+001  0.81203607E+001
  0.30862971E+000  0.34350892E+000  0.45356065E+000  0.59491735E+000  0.79124991E+000  0.88512710E+000  0.11851086E+001  0.18604586E+001  0.26144950E+001  0.43742026E+001  0.81195442E+001
  0.30849955E+000  0.34336678E+000  0.45336150E+000  0.59491735E+000  0.79098156E+000  0.88496624E+000  0.11851056E+001  0.18597114E+001  0.26140147E+001  0.43736580E+001  0.81188050E+001
  0.30838833E+000  0.34315998E+000  0.45322318E+000  0.59491735E+000  0.79075276E+000  0.88488959E+000  0.11847268E+001  0.18590988E+001  0.26136378E+001  0.43733500E+001  0.81225034E+001
  0.30829354E+000  0.34306779E+000  0.45306389E+000  0.59491735E+000  0.79055802E+000  0.88481539E+000  0.11846260E+001  0.18585784E+001  0.26136294E+001  0.43728606E+001  0.81209213E+001
  0.30821257E+000  0.34298976E+000  0.45296380E+000  0.59490682E+000  0.79013953E+000  0.88473348E+000  0.11846340E+001  0.18581318E+001  0.26133928E+001  0.43725433E+001  0.81216902E+001
  0.30814357E+000  0.34292371E+000  0.45282693E+000  0.59491735E+000  0.78990652E+000  0.88467888E+000  0.11846595E+001  0.18577614E+001  0.26132347E+001  0.43724866E+001  0.81205922E+001
  0.30808478E+000  0.34286784E+000  0.45277378E+000  0.59491735E+000  0.79014725E+000  0.88463213E+000  0.11846698E+001  0.18574470E+001  0.26130061E+001  0.43722576E+001  0.81197221E+001
  0.30803468E+000  0.34282061E+000  0.45270829E+000  0.59491735E+000  0.79003830E+000  0.88457706E+000  0.11847009E+001  0.18571712E+001  0.26129157E+001  0.43720763E+001  0.81190258E+001
  0.30799159E+000  0.34278075E+000  0.45264114E+000  0.59491735E+000  0.78995598E+000  0.88454706E+000  0.11846817E+001  0.18569496E+001  0.26129901E+001  0.43719405E+001  0.81184639E+001
  0.30795582E+000  0.34274714E+000  0.45259792E+000  0.59491735E+000  0.78988731E+000  0.88449081E+000  0.11845513E+001  0.18567634E+001  0.26128304E+001  0.43717971E+001  0.81180076E+001
  0.30792502E+000  0.34271889E+000  0.45249164E+000  0.59491735E+000  0.78983023E+000  0.88445316E+000  0.11844376E+001  0.18565913E+001  0.26127164E+001  0.43717255E+001  0.81176351E+001
  0.30789888E+000  0.34269519E+000  0.45246573E+000  0.59491735E+000  0.78978299E+000  0.88442586E+000  0.11843432E+001  0.18564629E+001  0.26126691E+001  0.43716258E+001  0.81173300E+001
  0.30787675E+000  0.34267541E+000  0.45244421E+000  0.59491735E+000  0.78974406E+000  0.88440351E+000  0.11842984E+001  0.18563547E+001  0.26126293E+001  0.43715471E+001  0.81170796E+001
  0.30785239E+000  0.34256080E+000  0.45242646E+000  0.59491735E+000  0.78971216E+000  0.88438537E+000  0.11843641E+001  0.18562550E+001  0.26125960E+001  0.43714850E+001  0.81170041E+001
  0.30784219E+000  0.34254767E+000  0.45241193E+000  0.59491735E+000  0.78968618E+000  0.88437082E+000  0.11847677E+001  0.18561808E+001  0.26125683E+001  0.43714443E+001  0.81169480E+001
  0.30782401E+000  0.34253701E+000  0.45240016E+000  0.59491735E+000  0.78966519E+000  0.88435931E+000  0.11847412E+001  0.18561212E+001  0.26125454E+001  0.43714001E+001  0.81169000E+001
  0.30781769E+000  0.34252847E+000  0.45239075E+000  0.59491735E+000  0.78964839E+000  0.88435040E+000  0.11847255E+001  0.18560738E+001  0.26125267E+001  0.43717660E+001  0.81168591E+001
  0.30780835E+000  0.34252174E+000  0.45238337E+000  0.59491735E+000  0.78963508E+000  0.88434369E+000  0.11847757E+001  0.18560364E+001  0.26125116E+001  0.43721944E+001  0.81168244E+001
  0.30779659E+000  0.34251655E+000  0.45237773E+000  0.59491735E+000  0.78962469E+000  0.88433886E+000  0.11847677E+001  0.18560074E+001  0.26124996E+001  0.43756146E+001  0.81167952E+001
  0.30779040E+000  0.34251269E+000  0.45237357E+000  0.59491735E+000  0.78961697E+000  0.88438251E+000  0.11847792E+001  0.18559826E+001  0.26124902E+001  0.43788428E+001  0.81167707E+001
  0.30778534E+000  0.34250995E+000  0.45237069E+000  0.59491735E+000  0.78961163E+000  0.88437747E+000  0.11847844E+001  0.18559672E+001  0.26124831E+001  0.43798619E+001  0.81167503E+001
  0.30778123E+000  0.34250818E+000  0.45236889E+000  0.59491735E+000  0.78960752E+000  0.88437403E+000  0.11847830E+001  0.18559575E+001  0.26124780E+001  0.43821445E+001  0.81167334E+001
  0.30777794E+000  0.34250722E+000  0.45236801E+000  0.59491735E+000  0.78960449E+000  0.88437193E+000  0.11847836E+001  0.18559526E+001  0.26124746E+001  0.43821795E+001  0.81167194E+001
  0.30777824E+000  0.34250695E+000  0.45236792E+000  0.59491735E+000  0.78960239E+000  0.88437097E+000  0.11847854E+001  0.18559519E+001  0.26124726E+001  0.43822129E+001  0.81167080E+001
  0.30777605E+000  0.34250726E+000  0.45236850E+000  0.59491735E+000  0.78960108E+000  0.88437093E+000  0.11847877E+001  0.18561617E+001  0.26124718E+001  0.43822439E+001  0.81166985E+001
  0.30777436E+000  0.34250806E+000  0.45236963E+000  0.59491735E+000  0.78960046E+000  0.88437168E+000  0.11847891E+001  0.18564345E+001  0.26124720E+001  0.43822721E+001  0.81166909E+001
  0.30777068E+000  0.34250927E+000  0.45237125E+000  0.59491735E+000  0.78960042E+000  0.88437307E+000  0.11847895E+001  0.18564466E+001  0.26124732E+001  0.43822976E+001  0.81166846E+001
  0.30776991E+000  0.34251082E+000  0.45237325E+000  0.59491735E+000  0.78960086E+000  0.88437499E+000  0.11847898E+001  0.18564624E+001  0.26124750E+001  0.43823205E+001  0.81166795E+001
  0.30776942E+000  0.34251265E+000  0.45237559E+000  0.59491735E+000  0.78997066E+000  0.88437733E+000  0.11847900E+001  0.18564818E+001  0.26124775E+001  0.43823411E+001  0.81166753E+001
  0.30776916E+000  0.34251470E+000  0.45237820E+000  0.59491735E+000  0.79026006E+000  0.88438002E+000  0.11847901E+001  0.18565050E+001  0.26124805E+001  0.43823596E+001  0.81166719E+001
  0.30776909E+000  0.34251695E+000  0.45238103E+000  0.59491735E+000  0.79028617E+000  0.88435471E+000  0.11847901E+001  0.18568527E+001  0.26124840E+001  0.43823764E+001  0.81166690E+001
  0.30776917E+000  0.34251934E+000  0.45238405E+000  0.59491735E+000  0.79030245E+000  0.88435870E+000  0.11847902E+001  0.18568844E+001  0.26124878E+001  0.43823918E+001  0.81166665E+001
  0.30776938E+000  0.34252185E+000  0.45238722E+000  0.59491735E+000  0.79031816E+000  0.88436282E+000  0.11847901E+001  0.18569148E+001  0.26124919E+001  0.43824060E+001  0.81166643E+001
  0.30776968E+000  0.34252445E+000  0.45239050E+000  0.59491735E+000  0.79033365E+000  0.88436702E+000  0.11847901E+001  0.18569435E+001  0.26124963E+001  0.43824193E+001  0.81166624E+001
  0.30777005E+000  0.34252713E+000  0.45239389E+000  0.59491735E+000  0.79038095E+000  0.88437130E+000  0.11847904E+001  0.18569706E+001  0.26125009E+001  0.43824318E+001  0.81166606E+001
  0.30777049E+000  0.34252986E+000  0.45239735E+000  0.59491735E+000  0.79038678E+000  0.88437563E+000  0.11847996E+001  0.18569958E+001  0.26125057E+001  0.43824439E+001  0.81166589E+001
  0.30777097E+000  0.34253264E+000  0.45240087E+000  0.59491735E+000  0.79039254E+000  0.88437999E+000  0.11848105E+001  0.18570191E+001  0.26125107E+001  0.43824555E+001  0.81166572E+001
  0.30777147E+000  0.34253544E+000  0.45240443E+000  0.59491735E+000  0.79039821E+000  0.88438437E+000  0.11849346E+001  0.18570454E+001  0.26125157E+001  0.43824668E+001  0.81166555E+001
  0.30777201E+000  0.34253827E+000  0.45240803E+000  0.59491735E+000  0.79040379E+000  0.88438876E+000  0.11852623E+001  0.18571637E+001  0.26125209E+001  0.43824780E+001  0.81166538E+001
  0.30777255E+000  0.34254110E+000  0.45241166E+000  0.59491735E+000  0.79040928E+000  0.88439315E+000  0.11852784E+001  0.18575049E+001  0.26125262E+001  0.43835130E+001  0.81166520E+001
  0.30777311E+000  0.34254395E+000  0.45241530E+000  0.59491735E+000  0.79041467E+000  0.88439753E+000  0.11852966E+001  0.18575912E+001  0.26125316E+001  0.43835227E+001  0.81166501E+001
  0.30777368E+000  0.34254679E+000  0.45241895E+000  0.59491735E+000  0.79041996E+000  0.88440191E+000  0.11853163E+001  0.18576058E+001  0.26125370E+001  0.43835359E+001  0.81166482E+001
  0.30777424E+000  0.34254963E+000  0.45242261E+000  0.59491735E+000  0.79042515E+000  0.88440627E+000  0.11853373E+001  0.18576211E+001  0.26125426E+001  0.43835526E+001  0.81166462E+001
  0.30777512E+000  0.34255246E+000  0.45242626E+000  0.59482811E+000  0.79043022E+000  0.88441062E+000  0.11854854E+001  0.18576371E+001  0.26125482E+001  0.43835729E+001  0.81166440E+001
  0.30777537E+000  0.34255527E+000  0.45242991E+000  0.59482816E+000  0.79043519E+000  0.88441494E+000  0.11854958E+001  0.18576538E+001  0.26125538E+001  0.43835968E+001  0.81166418E+001
  0.30777594E+000  0.34255807E+000  0.45243355E+000  0.59491735E+000  0.79044003E+000  0.88441924E+000  0.11855080E+001  0.18576711E+001  0.26125595E+001  0.43836245E+001  0.81166395E+001
  0.30777649E+000  0.34256086E+000  0.45243717E+000  0.59491735E+000  0.79044475E+000  0.88442351E+000  0.11855201E+001  0.18576891E+001  0.26125652E+001  0.43836560E+001  0.81166371E+001
  0.30777245E+000  0.34256362E+000  0.45244078E+000  0.59491735E+000  0.79044934E+000  0.88440916E+000  0.11855322E+001  0.18577077E+001  0.26125709E+001  0.43836913E+001  0.81166346E+001
  0.30777301E+000  0.34256635E+000  0.45244436E+000  0.59491735E+000  0.79045380E+000  0.88441375E+000  0.11855442E+001  0.18577269E+001  0.26125766E+001  0.43862586E+001  0.81166320E+001
  0.30777357E+000  0.34256905E+000  0.45244791E+000  0.59491735E+000  0.79045812E+000  0.88441830E+000  0.11855469E+001  0.18577555E+001  0.26125824E+001  0.43865153E+001  0.81166294E+001
  0.30777412E+000  0.34257173E+000  0.45245144E+000  0.59491735E+000  0.79046230E+000  0.88442279E+000  0.11855354E+001  0.18577728E+001  0.26125882E+001  0.43874288E+001  0.81166266E+001
  0.30777465E+000  0.34257437E+000  0.45245493E+000  0.59491735E+000  0.79046634E+000  0.88442723E+000  0.11855414E+001  0.18577887E+001  0.26125939E+001  0.43880928E+001  0.81166238E+001
  0.30777518E+000  0.34257697E+000  0.45245839E+000  0.59491735E+000  0.79047022E+000  0.88443161E+000  0.11855473E+001  0.18578032E+001  0.26125997E+001  0.43881209E+001  0.81166209E+001
  0.30777569E+000  0.34257953E+000  0.45246181E+000  0.59491735E+000  0.79047396E+000  0.88443593E+000  0.11854789E+001  0.18578426E+001  0.26126054E+001  0.43881499E+001  0.81166180E+001
  0.30777620E+000  0.34258206E+000  0.45246518E+000  0.59491735E+000  0.79047754E+000  0.88444020E+000  0.11854866E+001  0.18578543E+001  0.26126111E+001  0.43881797E+001  0.81166149E+001
  0.30777669E+000  0.34258453E+000  0.45246851E+000  0.59491735E+000  0.79048097E+000  0.88444440E+000  0.11854950E+001  0.18578665E+001  0.26126168E+001  0.43882102E+001  0.81166119E+001
  0.30777717E+000  0.34258697E+000  0.45247178E+000  0.59491735E+000  0.79048424E+000  0.88444854E+000  0.11855021E+001  0.18578793E+001  0.26126224E+001  0.43882413E+001  0.81166088E+001
  0.30777764E+000  0.34258935E+000  0.45247501E+000  0.59491735E+000  0.79048735E+000  0.88445261E+000  0.11855091E+001  0.18578926E+001  0.26126279E+001  0.43882730E+001  0.81166056E+001
  0.30778156E+000  0.34259168E+000  0.45247819E+000  0.59491735E+000  0.79049031E+000  0.88445663E+000  0.11855173E+001  0.18579069E+001  0.26126334E+001  0.43883052E+001  0.81166024E+001
  0.30778193E+000  0.34259397E+000  0.45248130E+000  0.59491735E+000  0.79049311E+000  0.88446057E+000  0.11855255E+001  0.18579276E+001  0.26126388E+001  0.43883378E+001  0.81165992E+001
  0.30778230E+000  0.34259620E+000  0.45248437E+000  0.59491735E+000  0.79049576E+000  0.88445075E+000  0.11855336E+001  0.18579479E+001  0.26126441E+001  0.43883706E+001  0.81165960E+001
  0.30778265E+000  0.34259839E+000  0.45248737E+000  0.59491735E+000  0.79049826E+000  0.88445460E+000  0.11855415E+001  0.18579677E+001  0.26126493E+001  0.43884037E+001  0.81165928E+001
  0.30778300E+000  0.34260052E+000  0.45249032E+000  0.59482837E+000  0.79050061E+000  0.88445837E+000  0.11855430E+001  0.18579870E+001  0.26126544E+001  0.43884368E+001  0.81165896E+001
  0.30778333E+000  0.34260260E+000  0.45249321E+000  0.59482836E+000  0.79050282E+000  0.88446206E+000  0.11854842E+001  0.18580356E+001  0.26126595E+001  0.43884699E+001  0.81165864E+001
  0.30778366E+000  0.34260463E+000  0.45249605E+000  0.59482835E+000  0.79050489E+000  0.88446568E+000  0.11854905E+001  0.18580489E+001  0.26126644E+001  0.43885029E+001  0.81165832E+001
  0.30778398E+000  0.34260661E+000  0.45249882E+000  0.59482834E+000  0.79050683E+000  0.88446921E+000  0.11854966E+001  0.18580622E+001  0.26126692E+001  0.43885357E+001  0.81165800E+001
  0.30778428E+000  0.34260853E+000  0.45250153E+000  0.59482833E+000  0.79050864E+000  0.88447267E+000  0.11855027E+001  0.18580754E+001  0.26126738E+001  0.43885681E+001  0.81165769E+001
  0.30778458E+000  0.34261041E+000  0.45242962E+000  0.59491735E+000  0.79051032E+000  0.88447605E+000  0.11855088E+001  0.18580886E+001  0.26126784E+001  0.43885999E+001  0.81165738E+001
  0.30778488E+000  0.34261224E+000  0.45243161E+000  0.59491735E+000  0.79051188E+000  0.88447935E+000  0.11855147E+001  0.18581015E+001  0.26126828E+001  0.43886312E+001  0.81165708E+001
  0.30778516E+000  0.34261402E+000  0.45243354E+000  0.59491735E+000  0.79051332E+000  0.88448257E+000  0.11855207E+001  0.18581143E+001  0.26126871E+001  0.43886617E+001  0.81165679E+001
  0.30778544E+000  0.34261575E+000  0.45243543E+000  0.59491735E+000  0.79051465E+000  0.88448571E+000  0.11855271E+001  0.18581268E+001  0.26126912E+001  0.43886912E+001  0.81165650E+001
  0.30778570E+000  0.34261743E+000  0.45243726E+000  0.59491735E+000  0.79051597E+000  0.88448877E+000  0.11855323E+001  0.18581391E+001  0.26126952E+001  0.43887198E+001  0.81165622E+001
  0.30778596E+000  0.34261906E+000  0.45243904E+000  0.59491735E+000  0.79051742E+000  0.88449174E+000  0.11855380E+001  0.18581511E+001  0.26126991E+001  0.43888250E+001  0.81165595E+001
  0.30778622E+000  0.34262064E+000  0.45244077E+000  0.59491735E+000  0.79051877E+000  0.88448131E+000  0.11855437E+001  0.18581650E+001  0.26127028E+001  0.43888413E+001  0.81165568E+001
  0.30778646E+000  0.34262217E+000  0.45244245E+000  0.59491735E+000  0.79052003E+000  0.88448408E+000  0.11855192E+001  0.18581784E+001  0.26127064E+001  0.43888577E+001  0.81165543E+001
  0.30778670E+000  0.34262365E+000  0.45244407E+000  0.59491735E+000  0.79052119E+000  0.88448675E+000  0.11855233E+001  0.18581912E+001  0.26127098E+001  0.43888739E+001  0.81165519E+001
  0.30778693E+000  0.34262508E+000  0.45244564E+000  0.59491735E+000  0.79052227E+000  0.88448933E+000  0.11855274E+001  0.18582035E+001  0.26127131E+001  0.43888898E+001  0.81165495E+001
  0.30778716E+000  0.34262646E+000  0.45244715E+000  0.59491735E+000  0.79052326E+000  0.88449182E+000  0.11855314E+001  0.18582153E+001  0.26127162E+001  0.43889053E+001  0.81165473E+001
  0.30778738E+000  0.34262778E+000  0.45244861E+000  0.59491735E+000  0.79052417E+000  0.88449420E+000  0.11855353E+001  0.18582266E+001  0.26127192E+001  0.43889286E+001  0.81165451E+001
  0.30778759E+000  0.34262904E+000  0.45245000E+000  0.59491735E+000  0.79052501E+000  0.88449649E+000  0.11855391E+001  0.18582373E+001  0.26127220E+001  0.43889427E+001  0.81165430E+001
  0.30778779E+000  0.34263025E+000  0.45253145E+000  0.59491735E+000  0.79052578E+000  0.88449868E+000  0.11855428E+001  0.18582475E+001  0.26127247E+001  0.43889562E+001  0.81165411E+001
  0.30778798E+000  0.34263141E+000  0.45253279E+000  0.59491735E+000  0.79052647E+000  0.88450077E+000  0.11854797E+001  0.18582571E+001  0.26127272E+001  0.43889690E+001  0.81165392E+001
  0.30778817E+000  0.34263250E+000  0.45253408E+000  0.59491735E+000  0.79052710E+000  0.88450277E+000  0.11854814E+001  0.18582662E+001  0.26127296E+001  0.43889810E+001  0.81165374E+001
  0.30778835E+000  0.34263355E+000  0.45253530E+000  0.59491735E+000  0.79052813E+000  0.88450466E+000  0.11854830E+001  0.18582748E+001  0.26127318E+001  0.43889921E+001  0.81165357E+001
  0.30778852E+000  0.34263453E+000  0.45253646E+000  0.59491735E+000  0.79052948E+000  0.88450645E+000  0.11854845E+001  0.18582828E+001  0.26127339E+001  0.43890022E+001  0.81165341E+001
  0.30778868E+000  0.34263546E+000  0.45253755E+000  0.59491735E+000  0.79053074E+000  0.88450814E+000  0.11854859E+001  0.18582903E+001  0.26127359E+001  0.43890114E+001  0.81165326E+001
  0.30778884E+000  0.34263634E+000  0.45253859E+000  0.59491735E+000  0.79053191E+000  0.88450973E+000  0.11854873E+001  0.18582973E+001  0.26127377E+001  0.43890195E+001  0.81165311E+001
  0.30778898E+000  0.34263716E+000  0.45253956E+000  0.59491735E+000  0.79053300E+000  0.88451123E+000  0.11854886E+001  0.18583038E+001  0.26127423E+001  0.43890265E+001  0.81165298E+001
  0.30778912E+000  0.34263793E+000  0.45254048E+000  0.59491735E+000  0.79053401E+000  0.88451264E+000  0.11854898E+001  0.18583365E+001  0.26127467E+001  0.43890325E+001  0.81165284E+001
  0.30778925E+000  0.34263864E+000  0.45254134E+000  0.59491735E+000  0.79053493E+000  0.88451395E+000  0.11854909E+001  0.18583411E+001  0.26127508E+001  0.43890372E+001  0.81165272E+001
  0.30778938E+000  0.34263931E+000  0.45254214E+000  0.59491735E+000  0.79053578E+000  0.88451518E+000  0.11854920E+001  0.18583454E+001  0.26127545E+001  0.43890409E+001  0.81165260E+001
  0.30778949E+000  0.34263993E+000  0.45254288E+000  0.59491735E+000  0.79053656E+000  0.88451632E+000  0.11854930E+001  0.18583492E+001  0.26127580E+001  0.43890435E+001  0.81165249E+001
  0.30778960E+000  0.34264050E+000  0.45254357E+000  0.59491735E+000  0.79053726E+000  0.88451737E+000  0.11854939E+001  0.18583527E+001  0.26127613E+001  0.43890848E+001  0.81165238E+001
  0.30778970E+000  0.34264103E+000  0.45254421E+000  0.59491735E+000  0.79053790E+000  0.88451835E+000  0.11854947E+001  0.18583559E+001  0.26127643E+001  0.43890835E+001  0.81165228E+001
  0.30778979E+000  0.34264152E+000  0.45254481E+000  0.59491735E+000  0.79053847E+000  0.88451925E+000  0.11854955E+001  0.18583587E+001  0.26127670E+001  0.43890846E+001  0.81165218E+001
  0.30778987E+000  0.34264196E+000  0.45254535E+000  0.59491735E+000  0.79053897E+000  0.88452008E+000  0.11854962E+001  0.18583612E+001  0.26127695E+001  0.43890855E+001  0.81165209E+001
  0.30778995E+000  0.34264237E+000  0.45254585E+000  0.59491735E+000  0.79053942E+000  0.88452084E+000  0.11854968E+001  0.18583634E+001  0.26127717E+001  0.43890864E+001  0.81165200E+001
  0.30779003E+000  0.34264274E+000  0.45254631E+000  0.59491735E+000  0.79053981E+000  0.88452153E+000  0.11854974E+001  0.18583653E+001  0.26127738E+001  0.43890872E+001  0.81165191E+001
  0.30779009E+000  0.34264308E+000  0.45254673E+000  0.59491735E+000  0.79054014E+000  0.88452216E+000  0.11854979E+001  0.18583669E+001  0.26127756E+001  0.43890879E+001  0.81165183E+001
  0.30779016E+000  0.34264339E+000  0.45254711E+000  0.59491735E+000  0.79054042E+000  0.88450908E+000  0.11854984E+001  0.18583684E+001  0.26127773E+001  0.43890886E+001  0.81165174E+001
  0.30779021E+000  0.34264366E+000  0.45254746E+000  0.59491735E+000  0.79054066E+000  0.88450957E+000  0.11854988E+001  0.18583696E+001  0.26127788E+001  0.43890892E+001  0.81165167E+001
  0.30779026E+000  0.34264391E+000  0.45254778E+000  0.59491735E+000  0.79054085E+000  0.88451002E+000  0.11854992E+001  0.18583706E+001  0.26127801E+001  0.43890897E+001  0.81165159E+001
  0.30779031E+000  0.34264413E+000  0.45254806E+000  0.59491735E+000  0.79054099E+000  0.88451041E+000  0.11854995E+001  0.18583714E+001  0.26127812E+001  0.43890902E+001  0.81165152E+001
  0.30779035E+000  0.34264432E+000  0.45254832E+000  0.59491735E+000  0.79054110E+000  0.88451076E+000  0.11854997E+001  0.18583721E+001  0.26127822E+001  0.43890906E+001  0.81165144E+001
  0.30779039E+000  0.34264450E+000  0.45254855E+000  0.59491735E+000  0.79054116E+000  0.88451107E+000  0.11854999E+001  0.18583726E+001  0.26127831E+001  0.43890910E+001  0.81165137E+001
  0.30779042E+000  0.34264465E+000  0.45254875E+000  0.59491735E+000  0.79054120E+000  0.88451134E+000  0.11855001E+001  0.18583729E+001  0.26127838E+001  0.43890913E+001  0.81165130E+001
  0.30779045E+000  0.34264478E+000  0.45254893E+000  0.59491735E+000  0.79054120E+000  0.88451157E+000  0.11855002E+001  0.18583731E+001  0.26127845E+001  0.43890916E+001  0.81165123E+001
  0.30779048E+000  0.34264490E+000  0.45254909E+000  0.59491735E+000  0.79054117E+000  0.88451177E+000  0.11855004E+001  0.18583733E+001  0.26127850E+001  0.43868337E+001  0.81165116E+001
  0.30779051E+000  0.34264499E+000  0.45254923E+000  0.59491735E+000  0.79054111E+000  0.88451194E+000  0.11855004E+001  0.18582770E+001  0.26127854E+001  0.43866810E+001  0.81165109E+001
  0.30779053E+000  0.34264507E+000  0.45254935E+000  0.59491735E+000  0.79054103E+000  0.88451208E+000  0.11854713E+001  0.18582648E+001  0.26127857E+001  0.43844145E+001  0.81165102E+001
  0.30779055E+000  0.34264514E+000  0.45254945E+000  0.59491735E+000  0.79054092E+000  0.88451220E+000  0.11854456E+001  0.18582526E+001  0.26127859E+001  0.43844124E+001  0.81165095E+001
  0.30779056E+000  0.34264520E+000  0.45254954E+000  0.59491735E+000  0.79054079E+000  0.88451229E+000  0.11854357E+001  0.18581281E+001  0.26127860E+001  0.43844102E+001  0.81165088E+001
  0.30779058E+000  0.34264524E+000  0.45254962E+000  0.59491735E+000  0.79054064E+000  0.88451236E+000  0.11854261E+001  0.18581276E+001  0.26127861E+001  0.43844077E+001  0.81165081E+001
  0.30779059E+000  0.34264527E+000  0.45254968E+000  0.59491735E+000  0.79054048E+000  0.88451241E+000  0.11854168E+001  0.18581274E+001  0.26127861E+001  0.43844050E+001  0.81165073E+001
  0.30779060E+000  0.34264529E+000  0.45254973E+000  0.59491735E+000  0.79054029E+000  0.88451244E+000  0.11854077E+001  0.18581271E+001  0.26127861E+001  0.43844023E+001  0.81165066E+001
  0.30779061E+000  0.34264531E+000  0.45254977E+000  0.59491735E+000  0.79054010E+000  0.88451245E+000  0.11853990E+001  0.18581268E+001  0.26127859E+001  0.43826732E+001  0.81165059E+001
  0.30779062E+000  0.34264531E+000  0.45254980E+000  0.59491735E+000  0.79053989E+000  0.88451245E+000  0.11853905E+001  0.18581264E+001  0.26127858E+001  0.43826636E+001  0.81165051E+001
  0.30779063E+000  0.34264531E+000  0.45254982E+000  0.59491735E+000  0.79053967E+000  0.88451243E+000  0.11853822E+001  0.18581260E+001  0.26127856E+001  0.43826538E+001  0.81165043E+001
  0.30779063E+000  0.34264530E+000  0.45254984E+000  0.59491735E+000  0.79053943E+000  0.88451241E+000  0.11853742E+001  0.18581256E+001  0.26127853E+001  0.43826439E+001  0.81165035E+001
  0.30779063E+000  0.34264529E+000  0.45254984E+000  0.59491735E+000  0.79053919E+000  0.88451237E+000  0.11853573E+001  0.18581251E+001  0.26127850E+001  0.43826337E+001  0.81165027E+001
  0.30779064E+000  0.34264527E+000  0.45254984E+000  0.59491735E+000  0.79053895E+000  0.88451232E+000  0.11853449E+001  0.18581246E+001  0.26127847E+001  0.43826235E+001  0.81165018E+001
  0.30779064E+000  0.34264525E+000  0.45254984E+000  0.59491735E+000  0.79053869E+000  0.88451226E+000  0.11853329E+001  0.18581241E+001  0.26127844E+001  0.43826131E+001  0.81165009E+001
  0.30779064E+000  0.34264522E+000  0.45254983E+000  0.59491735E+000  0.79053843E+000  0.88451220E+000  0.11852784E+001  0.18581236E+001  0.26127840E+001  0.43826025E+001  0.81165000E+001
  0.30779064E+000  0.34264519E+000  0.45254981E+000  0.59491735E+000  0.79053817E+000  0.88451213E+000  0.11852783E+001  0.18581231E+001  0.26127836E+001  0.43825919E+001  0.81164991E+001
  0.30779064E+000  0.34264515E+000  0.45254979E+000  0.59491735E+000  0.79053790E+000  0.88451205E+000  0.11852782E+001  0.18581225E+001  0.26127832E+001  0.43825811E+001  0.81164982E+001
  0.30779064E+000  0.34264512E+000  0.45254977E+000  0.59491735E+000  0.79053763E+000  0.88451197E+000  0.11852781E+001  0.18581220E+001  0.26127827E+001  0.43825702E+001  0.81164972E+001
  0.30779064E+000  0.34264508E+000  0.45254975E+000  0.59491735E+000  0.79053735E+000  0.88451188E+000  0.11852780E+001  0.18581214E+001  0.26127823E+001  0.43825592E+001  0.81164962E+001
  0.30779063E+000  0.34264504E+000  0.45254972E+000  0.59491735E+000  0.79053708E+000  0.88451179E+000  0.11852779E+001  0.18581208E+001  0.26127818E+001  0.43825482E+001  0.81164952E+001
  0.30779063E+000  0.34264500E+000  0.45254969E+000  0.59491735E+000  0.79053681E+000  0.88451170E+000  0.11852777E+001  0.18581202E+001  0.26127814E+001  0.43825370E+001  0.81164941E+001
  0.30779063E+000  0.34264495E+000  0.45254966E+000  0.59491735E+000  0.79053653E+000  0.88451161E+000  0.11852776E+001  0.18581197E+001  0.26127809E+001  0.43825258E+001  0.81164931E+001
  0.30779063E+000  0.34264491E+000  0.45254962E+000  0.59491735E+000  0.79053626E+000  0.88451151E+000  0.11852774E+001  0.18581191E+001  0.26127804E+001  0.43825146E+001  0.81164920E+001
  0.30779062E+000  0.34264486E+000  0.45254959E+000  0.59491735E+000  0.79053599E+000  0.88451142E+000  0.11852773E+001  0.18581185E+001  0.26127799E+001  0.43825032E+001  0.81164908E+001
  0.30779062E+000  0.34264482E+000  0.45254955E+000  0.59491735E+000  0.79053572E+000  0.88451132E+000  0.11852771E+001  0.18581179E+001  0.26127795E+001  0.43824919E+001  0.81164897E+001
  0.30779062E+000  0.34264478E+000  0.45254952E+000  0.59491735E+000  0.79053545E+000  0.88451122E+000  0.11852769E+001  0.18581174E+001  0.26127790E+001  0.43824805E+001  0.81164885E+001
  0.30779061E+000  0.34264473E+000  0.45254948E+000  0.59491735E+000  0.79053519E+000  0.88451112E+000  0.11852768E+001  0.18581168E+001  0.26127785E+001  0.43824691E+001  0.81164873E+001
  0.30779061E+000  0.34264469E+000  0.45254944E+000  0.59491735E+000  0.79053493E+000  0.88451102E+000  0.11852766E+001  0.18581162E+001  0.26127780E+001  0.43824577E+001  0.81164861E+001
  0.30779060E+000  0.34264464E+000  0.45254940E+000  0.59491735E+000  0.79053467E+000  0.88451093E+000  0.11852765E+001  0.18581157E+001  0.26127775E+001  0.43824463E+001  0.81164848E+001
  0.30779060E+000  0.34264460E+000  0.45254937E+000  0.59491735E+000  0.79053442E+000  0.88451083E+000  0.11852763E+001  0.18581151E+001  0.26127771E+001  0.43824349E+001  0.81164835E+001
  0.30779060E+000  0.34264456E+000  0.45254933E+000  0.59491735E+000  0.79053417E+000  0.88451074E+000  0.11852761E+001  0.18581146E+001  0.26127766E+001  0.43824236E+001  0.81164822E+001
  0.30779059E+000  0.34264451E+000  0.45254929E+000  0.59491735E+000  0.79053393E+000  0.88451065E+000  0.11852760E+001  0.18581141E+001  0.26127762E+001  0.43824122E+001  0.81164809E+001
  0.30779059E+000  0.34264447E+000  0.45254926E+000  0.59491735E+000  0.79053369E+000  0.88451056E+000  0.11852758E+001  0.18581135E+001  0.26127757E+001  0.43824009E+001  0.81164795E+001
  0.30779058E+000  0.34264443E+000  0.45254922E+000  0.59491735E+000  0.79053346E+000  0.88451047E+000  0.11852757E+001  0.18581130E+001  0.26127753E+001  0.43823897E+001  0.81164782E+001
  0.30779058E+000  0.34264439E+000  0.45254919E+000  0.59491735E+000  0.79053324E+000  0.88451038E+000  0.11852755E+001  0.18581125E+001  0.26127748E+001  0.43823785E+001  0.81164768E+001
  0.30779058E+000  0.34264436E+000  0.45254915E+000  0.59491735E+000  0.79053302E+000  0.88451030E+000  0.11852754E+001  0.18581120E+001  0.26127744E+001  0.43823674E+001  0.81164754E+001
  0.30779057E+000  0.34264432E+000  0.45254912E+000  0.59491735E+000  0.79053280E+000  0.88451022E+000  0.11852752E+001  0.18581116E+001  0.26127740E+001  0.43823563E+001  0.81164740E+001
  0.30779057E+000  0.34264429E+000  0.45254909E+000  0.59491735E+000  0.79053260E+000  0.88451014E+000  0.11852751E+001  0.18581111E+001  0.26127736E+001  0.43823453E+001  0.81164725E+001
  0.30779056E+000  0.34264425E+000  0.45254906E+000  0.59491735E+000  0.79053240E+000  0.88451006E+000  0.11852750E+001  0.18581107E+001  0.26127732E+001  0.43823345E+001  0.81164711E+001
  0.30779056E+000  0.34264422E+000  0.45254903E+000  0.59491735E+000  0.79053220E+000  0.88450999E+000  0.11852748E+001  0.18581102E+001  0.26127728E+001  0.43823237E+001  0.81164696E+001
  0.30779056E+000  0.34264419E+000  0.45254900E+000  0.59491735E+000  0.79053201E+000  0.88450992E+000  0.11852747E+001  0.18581098E+001  0.26127725E+001  0.43823130E+001  0.81164681E+001
  0.30779055E+000  0.34264416E+000  0.45254897E+000  0.59491735E+000  0.79053183E+000  0.88450985E+000  0.11852746E+001  0.18581094E+001  0.26127721E+001  0.43823025E+001  0.81164666E+001
  0.30779055E+000  0.34264413E+000  0.45254894E+000  0.59491735E+000  0.79053166E+000  0.88450979E+000  0.11852745E+001  0.18581090E+001  0.26127718E+001  0.43806074E+001  0.81164651E+001
  0.30779055E+000  0.34264410E+000  0.45254892E+000  0.59491735E+000  0.79053149E+000  0.88450973E+000  0.11852743E+001  0.18581086E+001  0.26127714E+001  0.43804728E+001  0.81164636E+001
  0.30779054E+000  0.34264408E+000  0.45254889E+000  0.59491735E+000  0.79053133E+000  0.88450967E+000  0.11852742E+001  0.18581082E+001  0.26127711E+001  0.43803400E+001  0.81164621E+001
  0.30779054E+000  0.34264405E+000  0.45254887E+000  0.59491735E+000  0.79053118E+000  0.88450961E+000  0.11852741E+001  0.18581078E+001  0.26127708E+001  0.43802089E+001  0.81164606E+001
  0.30779054E+000  0.34264403E+000  0.45254885E+000  0.59491735E+000  0.79053103E+000  0.88450956E+000  0.11852740E+001  0.18581075E+001  0.26127705E+001  0.43800797E+001  0.81164591E+001
  0.30779054E+000  0.34264401E+000  0.45254882E+000  0.59491735E+000  0.79053089E+000  0.88450951E+000  0.11852739E+001  0.18581072E+001  0.26127702E+001  0.43799103E+001  0.81164576E+001
  0.30779053E+000  0.34264398E+000  0.45254880E+000  0.59491735E+000  0.79053076E+000  0.88450946E+000  0.11852739E+001  0.18581068E+001  0.26127699E+001  0.43796123E+001  0.81164561E+001
  0.30779053E+000  0.34264397E+000  0.45254878E+000  0.59491735E+000  0.79053063E+000  0.88450942E+000  0.11852738E+001  0.18581065E+001  0.26127696E+001  0.43793191E+001  0.81164546E+001
  0.30779053E+000  0.34264395E+000  0.45254877E+000  0.59491735E+000  0.79053051E+000  0.88450938E+000  0.11852737E+001  0.18581062E+001  0.26127694E+001  0.43790841E+001  0.81164530E+001
  0.30779053E+000  0.34264393E+000  0.45254875E+000  0.59491735E+000  0.79053039E+000  0.88450934E+000  0.11852736E+001  0.18581059E+001  0.26127691E+001  0.43790566E+001  0.81164515E+001
  0.30779052E+000  0.34264391E+000  0.45254873E+000  0.59491735E+000  0.79053029E+000  0.88450930E+000  0.11852735E+001  0.18581056E+001  0.26127689E+001  0.43789724E+001  0.81164500E+001
  0.30779052E+000  0.34264390E+000  0.45254872E+000  0.59491735E+000  0.79053018E+000  0.88450927E+000  0.11852735E+001  0.18581054E+001  0.26127687E+001  0.43787712E+001  0.81164485E+001
  0.30779052E+000  0.34264388E+000  0.45254870E+000  0.59491735E+000  0.79053009E+000  0.88450923E+000  0.11852734E+001  0.18581051E+001  0.26127685E+001  0.43785738E+001  0.81164470E+001
  0.30779052E+000  0.34264387E+000  0.45254869E+000  0.59491735E+000  0.79053000E+000  0.88450920E+000  0.11852734E+001  0.18581049E+001  0.26127683E+001  0.43783802E+001  0.81164456E+001
  0.30779052E+000  0.34264386E+000  0.45254868E+000  0.59491735E+000  0.79052991E+000  0.88450918E+000  0.11852733E+001  0.18581046E+001  0.26127681E+001  0.43781904E+001  0.81164441E+001
  0.30779051E+000  0.34264385E+000  0.45254867E+000  0.59491735E+000  0.79052983E+000  0.88450915E+000  0.11852733E+001  0.18581044E+001  0.26127679E+001  0.43780046E+001  0.81164426E+001
  0.30779051E+000  0.34264384E+000  0.45254865E+000  0.59491735E+000  0.79052975E+000  0.88450913E+000  0.11852732E+001  0.18581042E+001  0.26127677E+001  0.43778226E+001  0.81164412E+001
  0.30779051E+000  0.34264383E+000  0.45254864E+000  0.59491735E+000  0.79052968E+000  0.88450911E+000  0.11852732E+001  0.18581040E+001  0.26127675E+001  0.43776445E+001  0.81164398E+001
  0.30779051E+000  0.34264382E+000  0.45254864E+000  0.59491735E+000  0.79052962E+000  0.88450909E+000  0.11852731E+001  0.18579989E+001  0.26127674E+001  0.43771839E+001  0.81164384E+001
  0.30779051E+000  0.34264381E+000  0.45254863E+000  0.59491735E+000  0.79052956E+000  0.88450907E+000  0.11852731E+001  0.18579448E+001  0.26127672E+001  0.43758189E+001  0.81164370E+001
  0.30779051E+000  0.34264381E+000  0.45254862E+000  0.59491735E+000  0.79052950E+000  0.88450905E+000  0.11852730E+001  0.18578924E+001  0.26127671E+001  0.43757873E+001  0.81164356E+001
  0.30779051E+000  0.34264380E+000  0.45254861E+000  0.59491735E+000  0.79052945E+000  0.88450904E+000  0.11852730E+001  0.18578417E+001  0.26127669E+001  0.43757061E+001  0.81164342E+001
  0.30779051E+000  0.34264379E+000  0.45254861E+000  0.59491735E+000  0.79052940E+000  0.88450902E+000  0.11852730E+001  0.18577928E+001  0.26127668E+001  0.43756170E+001  0.81164329E+001
  0.30779051E+000  0.34264379E+000  0.45254860E+000  0.59491735E+000  0.79052936E+000  0.88450901E+000  0.11852730E+001  0.18577455E+001  0.26127667E+001  0.43755300E+001  0.81164315E+001
  0.30779050E+000  0.34264378E+000  0.45254859E+000  0.59491735E+000  0.79052932E+000  0.88450900E+000  0.11852729E+001  0.18576998E+001  0.26127666E+001  0.43754452E+001  0.81164302E+001
  0.30779050E+000  0.34264378E+000  0.45254859E+000  0.59491735E+000  0.79052928E+000  0.88450899E+000  0.11852729E+001  0.18576558E+001  0.26127665E+001  0.43753625E+001  0.81164290E+001
  0.30779050E+000  0.34264377E+000  0.45254858E+000  0.59491735E+000  0.79052924E+000  0.88450898E+000  0.11852729E+001  0.18576133E+001  0.26127663E+001  0.43752819E+001  0.81164277E+001
  0.30779050E+000  0.34264377E+000  0.45254858E+000  0.59491735E+000  0.79052921E+000  0.88450897E+000  0.11852729E+001  0.18575669E+001  0.26127662E+001  0.43752035E+001  0.81164265E+001
  0.30779050E+000  0.34264377E+000  0.45254858E+000  0.59491735E+000  0.79052918E+000  0.88450896E+000  0.11852729E+001  0.18575333E+001  0.26127661E+001  0.43751271E+001  0.81164252E+001
  0.30779050E+000  0.34264377E+000  0.45254857E+000  0.59491735E+000  0.79052916E+000  0.88450896E+000  0.11852728E+001  0.18575310E+001  0.26127661E+001  0.43750528E+001  0.81164241E+001
  0.30779050E+000  0.34264376E+000  0.45254857E+000  0.59491735E+000  0.79052914E+000  0.88450895E+000  0.11852728E+001  0.18575288E+001  0.26127660E+001  0.43749806E+001  0.81164229E+001
  0.30779050E+000  0.34264376E+000  0.45254857E+000  0.59491735E+000  0.79052911E+000  0.88450895E+000  0.11852728E+001  0.18575267E+001  0.26127659E+001  0.43749104E+001  0.81164217E+001
  0.30779050E+000  0.34264376E+000  0.45254857E+000  0.59491735E+000  0.79052910E+000  0.88450894E+000  0.11852728E+001  0.18575247E+001  0.26127658E+001  0.43748421E+001  0.81164206E+001
  0.30779050E+000  0.34264376E+000  0.45254856E+000  0.59491735E+000  0.79052908E+000  0.88450894E+000  0.11852728E+001  0.18575228E+001  0.26127657E+001  0.43747759E+001  0.81164195E+001
  0.30779050E+000  0.34264376E+000  0.45254856E+000  0.59491735E+000  0.79052906E+000  0.88450894E+000  0.11852728E+001  0.18575209E+001  0.26127657E+001  0.43747116E+001  0.81164184E+001
  0.30779050E+000  0.34264376E+000  0.45254856E+000  0.59491735E+000  0.79052905E+000  0.88450894E+000  0.11852728E+001  0.18575192E+001  0.26127656E+001  0.43723648E+001  0.81164174E+001
  0.30779050E+000  0.34264376E+000  0.45254856E+000  0.59491735E+000  0.79052904E+000  0.88450893E+000  0.11852728E+001  0.18575175E+001  0.26127655E+001  0.43723531E+001  0.81164164E+001
  0.30779050E+000  0.34264376E+000  0.45254856E+000  0.59491735E+000  0.79052903E+000  0.88450893E+000  0.11852728E+001  0.18575159E+001  0.26127655E+001  0.43723418E+001  0.81164154E+001
  0.30779050E+000  0.34264375E+000  0.45254856E+000  0.59491735E+000  0.79052902E+000  0.88450893E+000  0.11852728E+001  0.18575143E+001  0.26127654E+001  0.43723309E+001  0.81164144E+001
  0.30779050E+000  0.34264375E+000  0.45254856E+000  0.59491735E+000  0.79052901E+000  0.88450893E+000  0.11852728E+001  0.18575129E+001  0.26127654E+001  0.43723202E+001  0.81164134E+001
  0.30779050E+000  0.34264376E+000  0.45254856E+000  0.59491735E+000  0.79052901E+000  0.88450893E+000  0.11852728E+001  0.18575115E+001  0.26127653E+001  0.43723100E+001  0.81164125E+001
  0.30779050E+000  0.34264376E+000  0.45254856E+000  0.59491735E+000  0.79052900E+000  0.88450893E+000  0.11852728E+001  0.18575102E+001  0.26127653E+001  0.43723000E+001  0.81164116E+001
  0.30779050E+000  0.34264376E+000  0.45254856E+000  0.59491735E+000  0.79052899E+000  0.88450893E+000  0.11852728E+001  0.18575089E+001  0.26127652E+001  0.43722904E+001  0.81164107E+001
  0.30779050E+000  0.34264375E+000  0.45254855E+000  0.59491735E+000  0.79052898E+000  0.88450893E+000  0.11852728E+001  0.18575077E+001  0.26127652E+001  0.43722811E+001  0.81164098E+001
  0.30779050E+000  0.34264375E+000  0.45254855E+000  0.59491735E+000  0.79052897E+000  0.88450893E+000  0.11852727E+001  0.18575065E+001  0.26127651E+001  0.43722721E+001  0.81164090E+001
