 -0.82433473E+000 -0.64308161E+000 -0.27719921E+000 -0.66076871E-004  0.84371337E-001  0.17428241E+001  0.12063646E+002  0.59173118E+002  0.13400207E+003  0.34790471E+003  0.65682841E+003
 -0.82503689E+000 -0.64455131E+000 -0.27779883E+000 -0.69274909E-004  0.81483395E-001  0.17397886E+001  0.12056516E+002  0.59172825E+002  0.13400016E+003  0.34789991E+003  0.65680879E+003
 -0.82554229E+000 -0.64569165E+000 -0.27827329E+000 -0.70815243E-004  0.77151553E-001  0.17372941E+001  0.12050477E+002  0.59172794E+002  0.13399979E+003  0.34789857E+003  0.65679706E+003
 -0.82589100E+000 -0.64655417E+000 -0.27864324E+000 -0.71610680E-004  0.76875819E-001  0.17352685E+001  0.12045459E+002  0.59172805E+002  0.13399980E+003  0.34789864E+003  0.65679477E+003
 -0.82611729E+000 -0.64718478E+000 -0.27892648E+000 -0.71864344E-004  0.76855277E-001  0.17336430E+001  0.12041349E+002  0.59172826E+002  0.13399993E+003  0.34789911E+003  0.65679581E+003
 -0.82625015E+000 -0.64762424E+000 -0.27913801E+000 -0.71706187E-004  0.76841235E-001  0.17298837E+001  0.12038031E+002  0.59172854E+002  0.13400010E+003  0.34789965E+003  0.65679857E+003
 -0.82631178E+000 -0.64790787E+000 -0.27929028E+000 -0.71328190E-004  0.76832297E-001  0.17260575E+001  0.12035396E+002  0.59172882E+002  0.13400030E+003  0.34790021E+003  0.65680282E+003
 -0.82631989E+000 -0.64806582E+000 -0.27939357E+000 -0.70853281E-004  0.76827322E-001  0.17231640E+001  0.12033349E+002  0.59172910E+002  0.13400049E+003  0.34790075E+003  0.65680739E+003
 -0.82628825E+000 -0.64812319E+000 -0.27945639E+000 -0.70358673E-004  0.76825400E-001  0.17210580E+001  0.12031806E+002  0.59172936E+002  0.13400068E+003  0.34790125E+003  0.65681127E+003
 -0.82622739E+000 -0.64810058E+000 -0.27948579E+000 -0.69888612E-004  0.76825815E-001  0.17196149E+001  0.12030692E+002  0.59172960E+002  0.13400085E+003  0.34790171E+003  0.65681449E+003
 -0.82614559E+000 -0.64801511E+000 -0.27948766E+000 -0.69464320E-004  0.76828005E-001  0.17187303E+001  0.12029946E+002  0.59172982E+002  0.13400101E+003  0.34790213E+003  0.65681712E+003
 -0.82604912E+000 -0.64788066E+000 -0.27946693E+000 -0.69092023E-004  0.76831528E-001  0.17183153E+001  0.12029513E+002  0.59173002E+002  0.13400116E+003  0.34790252E+003  0.65681928E+003
 -0.82594272E+000 -0.64770848E+000 -0.27942768E+000 -0.68769489E-004  0.76836042E-001  0.17182957E+001  0.12029347E+002  0.59173020E+002  0.13400129E+003  0.34790287E+003  0.65682105E+003
 -0.82583005E+000 -0.64750776E+000 -0.27937338E+000 -0.68490683E-004  0.76841282E-001  0.17186089E+001  0.12029410E+002  0.59173036E+002  0.13400142E+003  0.34790318E+003  0.65682250E+003
 -0.82571379E+000 -0.64728583E+000 -0.27930691E+000 -0.68248422E-004  0.76847044E-001  0.17192024E+001  0.12029667E+002  0.59173050E+002  0.13400153E+003  0.34790346E+003  0.65682369E+003
 -0.82559594E+000 -0.64704857E+000 -0.27923067E+000 -0.68035888E-004  0.76853172E-001  0.17200318E+001  0.12030089E+002  0.59173062E+002  0.13400163E+003  0.34790370E+003  0.65682468E+003
 -0.82547798E+000 -0.64680071E+000 -0.27914670E+000 -0.67847325E-004  0.76859545E-001  0.17210599E+001  0.12030652E+002  0.59173073E+002  0.13400171E+003  0.34790392E+003  0.65682549E+003
 -0.82536100E+000 -0.64654599E+000 -0.27905669E+000 -0.67678145E-004  0.76866071E-001  0.17222548E+001  0.12031334E+002  0.59173082E+002  0.13400179E+003  0.34790410E+003  0.65682617E+003
 -0.82524573E+000 -0.64628739E+000 -0.27896208E+000 -0.67524786E-004  0.76872680E-001  0.17235891E+001  0.12032118E+002  0.59173090E+002  0.13400186E+003  0.34790427E+003  0.65682674E+003
 -0.82513271E+000 -0.64602729E+000 -0.27886411E+000 -0.67384564E-004  0.76879319E-001  0.17250398E+001  0.12032987E+002  0.59173097E+002  0.13400191E+003  0.34790441E+003  0.65682721E+003
 -0.82502229E+000 -0.64576754E+000 -0.27876379E+000 -0.67255449E-004  0.76885947E-001  0.17265926E+001  0.12033928E+002  0.59173103E+002  0.13400196E+003  0.34790453E+003  0.65682760E+003
 -0.82491469E+000 -0.64550960E+000 -0.27866202E+000 -0.67135915E-004  0.76892530E-001  0.17282370E+001  0.12034930E+002  0.59173109E+002  0.13400200E+003  0.34790463E+003  0.65682793E+003
 -0.82481004E+000 -0.64525456E+000 -0.27855953E+000 -0.67024794E-004  0.76899046E-001  0.17299551E+001  0.12035983E+002  0.59173113E+002  0.13400204E+003  0.34790472E+003  0.65682820E+003
 -0.82470839E+000 -0.64500328E+000 -0.27845695E+000 -0.66921179E-004  0.77276840E-001  0.17317313E+001  0.12037079E+002  0.59173117E+002  0.13400207E+003  0.34790479E+003  0.65682842E+003
 -0.82460973E+000 -0.64475635E+000 -0.27835484E+000 -0.66824362E-004  0.77835026E-001  0.17333145E+001  0.12038211E+002  0.59173120E+002  0.13400209E+003  0.34790485E+003  0.65682861E+003
 -0.82451400E+000 -0.64451423E+000 -0.27825365E+000 -0.66733772E-004  0.78384105E-001  0.17337994E+001  0.12039372E+002  0.59173123E+002  0.13400212E+003  0.34790490E+003  0.65682876E+003
 -0.82442113E+000 -0.64427721E+000 -0.27815379E+000 -0.66648942E-004  0.78923060E-001  0.17342902E+001  0.12040559E+002  0.59173125E+002  0.13400213E+003  0.34790495E+003  0.65682889E+003
 -0.82433100E+000 -0.64404549E+000 -0.27805560E+000 -0.66569481E-004  0.79459117E-001  0.17347843E+001  0.12041766E+002  0.59173127E+002  0.13400215E+003  0.34790498E+003  0.65682899E+003
 -0.82424352E+000 -0.64381920E+000 -0.27795938E+000 -0.66495059E-004  0.80805124E-001  0.17352796E+001  0.12042991E+002  0.59173128E+002  0.13400216E+003  0.34790501E+003  0.65682907E+003
 -0.82415855E+000 -0.64359841E+000 -0.27786541E+000 -0.66425386E-004  0.82114458E-001  0.17357742E+001  0.12044231E+002  0.59173130E+002  0.13400217E+003  0.34790504E+003  0.65682914E+003
 -0.82407599E+000 -0.64338313E+000 -0.27777390E+000 -0.66360210E-004  0.83386661E-001  0.17362665E+001  0.12045482E+002  0.59173131E+002  0.13400218E+003  0.34790506E+003  0.65682919E+003
 -0.82399571E+000 -0.64317338E+000 -0.27768505E+000 -0.66299300E-004  0.84036949E-001  0.17367549E+001  0.12046743E+002  0.59173132E+002  0.13400218E+003  0.34790507E+003  0.65682923E+003
 -0.82391762E+000 -0.64296915E+000 -0.27759904E+000 -0.66242450E-004  0.84091219E-001  0.17372381E+001  0.12048011E+002  0.59173132E+002  0.13400219E+003  0.34790509E+003  0.65682927E+003
 -0.82384162E+000 -0.64277044E+000 -0.27751602E+000 -0.66189467E-004  0.84143837E-001  0.17377150E+001  0.12049285E+002  0.59173133E+002  0.13400219E+003  0.34790510E+003  0.65682929E+003
 -0.82376763E+000 -0.64257727E+000 -0.27743611E+000 -0.66140172E-004  0.84194775E-001  0.17381847E+001  0.12050564E+002  0.59173133E+002  0.13400220E+003  0.34790510E+003  0.65682931E+003
 -0.82369558E+000 -0.64238965E+000 -0.27735942E+000 -0.66094394E-004  0.84244011E-001  0.17386462E+001  0.12051844E+002  0.59173134E+002  0.13400220E+003  0.34790511E+003  0.65682932E+003
 -0.82362542E+000 -0.64220764E+000 -0.27728605E+000 -0.66051972E-004  0.84291526E-001  0.17390989E+001  0.12053126E+002  0.59173134E+002  0.13400220E+003  0.34790512E+003  0.65682933E+003
 -0.82355714E+000 -0.64203131E+000 -0.27721606E+000 -0.66012748E-004  0.84337302E-001  0.17395420E+001  0.12054405E+002  0.59173134E+002  0.13400220E+003  0.34790512E+003  0.65682934E+003
 -0.82349071E+000 -0.64186078E+000 -0.27714953E+000 -0.65976573E-004  0.84381324E-001  0.17399750E+001  0.12055681E+002  0.59173135E+002  0.13400220E+003  0.34790512E+003  0.65682934E+003
 -0.82342617E+000 -0.64169617E+000 -0.27708649E+000 -0.65943301E-004  0.84423578E-001  0.17403974E+001  0.12056951E+002  0.59173135E+002  0.13400220E+003  0.34790512E+003  0.65682935E+003
 -0.82336355E+000 -0.64153767E+000 -0.27702698E+000 -0.65912792E-004  0.84464051E-001  0.17408087E+001  0.12058212E+002  0.59173135E+002  0.13400220E+003  0.34790513E+003  0.65682935E+003
 -0.82330291E+000 -0.64138545E+000 -0.27697101E+000 -0.65884907E-004  0.84502730E-001  0.17412084E+001  0.12059462E+002  0.59173135E+002  0.13400220E+003  0.34790513E+003  0.65682935E+003
 -0.82324435E+000 -0.64123976E+000 -0.27691860E+000 -0.65859515E-004  0.84539602E-001  0.17415961E+001  0.12060699E+002  0.59173135E+002  0.13400220E+003  0.34790513E+003  0.65682935E+003
 -0.82318798E+000 -0.64110084E+000 -0.27686973E+000 -0.65836488E-004  0.84574656E-001  0.17419714E+001  0.12061918E+002  0.59173135E+002  0.13400220E+003  0.34790513E+003  0.65682934E+003
 -0.82313394E+000 -0.64096894E+000 -0.27682440E+000 -0.65815705E-004  0.84607880E-001  0.17423339E+001  0.12063119E+002  0.59173136E+002  0.13400220E+003  0.34790513E+003  0.65682934E+003
 -0.82308237E+000 -0.64084435E+000 -0.27678258E+000 -0.65797046E-004  0.84639266E-001  0.17426831E+001  0.12064297E+002  0.59173136E+002  0.13400220E+003  0.34790513E+003  0.65682934E+003
 -0.82303345E+000 -0.64072734E+000 -0.27674423E+000 -0.65780402E-004  0.84668804E-001  0.17430186E+001  0.12065451E+002  0.59173136E+002  0.13400220E+003  0.34790513E+003  0.65682934E+003
 -0.82298736E+000 -0.64061818E+000 -0.27670931E+000 -0.65765664E-004  0.84696491E-001  0.17433399E+001  0.12066578E+002  0.59173136E+002  0.13400220E+003  0.34790513E+003  0.65682934E+003
 -0.82294429E+000 -0.64051713E+000 -0.27667775E+000 -0.65752732E-004  0.84722325E-001  0.17436468E+001  0.12067675E+002  0.59173136E+002  0.13400220E+003  0.34790513E+003  0.65682934E+003
 -0.82290444E+000 -0.64042445E+000 -0.27664950E+000 -0.65741510E-004  0.84746310E-001  0.17439387E+001  0.12068741E+002  0.59173136E+002  0.13400220E+003  0.34790514E+003  0.65682933E+003
 -0.82286799E+000 -0.64034035E+000 -0.27662448E+000 -0.65731907E-004  0.84768456E-001  0.17442153E+001  0.12069774E+002  0.59173136E+002  0.13400220E+003  0.34790514E+003  0.65682933E+003
 -0.82283512E+000 -0.64026501E+000 -0.27660260E+000 -0.65723837E-004  0.84788779E-001  0.17444762E+001  0.12070773E+002  0.59173136E+002  0.13400220E+003  0.34790514E+003  0.65682933E+003
 -0.82280601E+000 -0.64019858E+000 -0.27658377E+000 -0.65717218E-004  0.84807303E-001  0.17447213E+001  0.12071737E+002  0.59173137E+002  0.13400220E+003  0.34790514E+003  0.65682933E+003
 -0.82278080E+000 -0.64014117E+000 -0.27656789E+000 -0.65711969E-004  0.84824061E-001  0.17449501E+001  0.12072663E+002  0.59173137E+002  0.13400220E+003  0.34790514E+003  0.65682933E+003
 -0.82275962E+000 -0.64009284E+000 -0.27655485E+000 -0.65708018E-004  0.84839094E-001  0.17451626E+001  0.12073552E+002  0.59173137E+002  0.13400220E+003  0.34790514E+003  0.65682933E+003
 -0.82274256E+000 -0.64005358E+000 -0.27654454E+000 -0.65705290E-004  0.84852451E-001  0.17453606E+001  0.12074403E+002  0.59173137E+002  0.13400220E+003  0.34790514E+003  0.65682933E+003
 -0.82272969E+000 -0.64002336E+000 -0.27653683E+000 -0.65703717E-004  0.84864189E-001  0.17455439E+001  0.12075215E+002  0.59173137E+002  0.13400220E+003  0.34790514E+003  0.65682933E+003
 -0.82272104E+000 -0.64000208E+000 -0.27653161E+000 -0.65703229E-004  0.84874374E-001  0.17457120E+001  0.12075987E+002  0.59173137E+002  0.13400220E+003  0.34790515E+003  0.65682933E+003
 -0.82271660E+000 -0.63998957E+000 -0.27652873E+000 -0.65703759E-004  0.84883075E-001  0.17458593E+001  0.12076719E+002  0.59173137E+002  0.13400220E+003  0.34790515E+003  0.65682933E+003
 -0.82271633E+000 -0.63998563E+000 -0.27652807E+000 -0.65705242E-004  0.84890367E-001  0.17458907E+001  0.12077411E+002  0.59173137E+002  0.13400220E+003  0.34790515E+003  0.65682933E+003
 -0.82272014E+000 -0.63999001E+000 -0.27652948E+000 -0.65707612E-004  0.84896326E-001  0.17459186E+001  0.12078061E+002  0.59173137E+002  0.13400220E+003  0.34790515E+003  0.65682933E+003
 -0.82272793E+000 -0.64000239E+000 -0.27653284E+000 -0.65710806E-004  0.84901031E-001  0.17459431E+001  0.12078670E+002  0.59173138E+002  0.13400220E+003  0.34790515E+003  0.65682933E+003
 -0.82273955E+000 -0.64002243E+000 -0.27653800E+000 -0.65714760E-004  0.84904555E-001  0.17459642E+001  0.12079237E+002  0.59173138E+002  0.13400220E+003  0.34790516E+003  0.65682933E+003
 -0.82275481E+000 -0.64004973E+000 -0.27654482E+000 -0.65719412E-004  0.84906971E-001  0.17459820E+001  0.12079762E+002  0.59173138E+002  0.13400220E+003  0.34790516E+003  0.65682933E+003
 -0.82277352E+000 -0.64008389E+000 -0.27655316E+000 -0.65724702E-004  0.84908343E-001  0.17459966E+001  0.12080244E+002  0.59173138E+002  0.13400220E+003  0.34790516E+003  0.65682934E+003
 -0.82279544E+000 -0.64012445E+000 -0.27656289E+000 -0.65730570E-004  0.84908730E-001  0.17460081E+001  0.12080684E+002  0.59173138E+002  0.13400220E+003  0.34790516E+003  0.65682934E+003
 -0.82282036E+000 -0.64017094E+000 -0.27657387E+000 -0.65736959E-004  0.84908182E-001  0.17460168E+001  0.12081082E+002  0.59173138E+002  0.13400220E+003  0.34790516E+003  0.65682934E+003
 -0.82284800E+000 -0.64022288E+000 -0.27658597E+000 -0.65743814E-004  0.84906741E-001  0.17460226E+001  0.12081437E+002  0.59173138E+002  0.13400220E+003  0.34790516E+003  0.65682934E+003
 -0.82287812E+000 -0.64027979E+000 -0.27659907E+000 -0.65751080E-004  0.84904440E-001  0.17460259E+001  0.12081751E+002  0.59173138E+002  0.13400220E+003  0.34790517E+003  0.65682934E+003
 -0.82291046E+000 -0.64034117E+000 -0.27661305E+000 -0.65758706E-004  0.84901304E-001  0.17460268E+001  0.12082023E+002  0.59173138E+002  0.13400220E+003  0.34790517E+003  0.65682934E+003
 -0.82294476E+000 -0.64040654E+000 -0.27662778E+000 -0.65766646E-004  0.84897350E-001  0.17460254E+001  0.12082253E+002  0.59173138E+002  0.13400220E+003  0.34790517E+003  0.65682935E+003
 -0.82298077E+000 -0.64047542E+000 -0.27664317E+000 -0.65774852E-004  0.84892590E-001  0.17460220E+001  0.12082444E+002  0.59173138E+002  0.13400220E+003  0.34790517E+003  0.65682935E+003
 -0.82301825E+000 -0.64054734E+000 -0.27665910E+000 -0.65783282E-004  0.84887030E-001  0.17460167E+001  0.12082595E+002  0.59173138E+002  0.13400220E+003  0.34790517E+003  0.65682935E+003
 -0.82305697E+000 -0.64062186E+000 -0.27667549E+000 -0.65791897E-004  0.84880675E-001  0.17460098E+001  0.12082707E+002  0.59173138E+002  0.13400220E+003  0.34790518E+003  0.65682935E+003
 -0.82309671E+000 -0.64069854E+000 -0.27669224E+000 -0.65800659E-004  0.84873526E-001  0.17460014E+001  0.12082781E+002  0.59173138E+002  0.13400220E+003  0.34790518E+003  0.65682935E+003
 -0.82313727E+000 -0.64077698E+000 -0.27670927E+000 -0.65809534E-004  0.84865586E-001  0.17459916E+001  0.12082819E+002  0.59173138E+002  0.13400220E+003  0.34790518E+003  0.65682935E+003
 -0.82317845E+000 -0.64085680E+000 -0.27672649E+000 -0.65818488E-004  0.84856861E-001  0.17459807E+001  0.12082822E+002  0.59173138E+002  0.13400220E+003  0.34790518E+003  0.65682936E+003
 -0.82322008E+000 -0.64093762E+000 -0.27674385E+000 -0.65827492E-004  0.84847359E-001  0.17459687E+001  0.12082791E+002  0.59173138E+002  0.13400220E+003  0.34790518E+003  0.65682936E+003
 -0.82326200E+000 -0.64101910E+000 -0.27676127E+000 -0.65836519E-004  0.84837093E-001  0.17459559E+001  0.12082728E+002  0.59173138E+002  0.13400220E+003  0.34790518E+003  0.65682936E+003
 -0.82330405E+000 -0.64110093E+000 -0.27677869E+000 -0.65845540E-004  0.84826084E-001  0.17459424E+001  0.12082635E+002  0.59173138E+002  0.13400220E+003  0.34790518E+003  0.65682936E+003
 -0.82334610E+000 -0.64118279E+000 -0.27679605E+000 -0.65854530E-004  0.84814360E-001  0.17459283E+001  0.12082513E+002  0.59173138E+002  0.13400220E+003  0.34790518E+003  0.65682936E+003
 -0.82338800E+000 -0.64126439E+000 -0.27681329E+000 -0.65863463E-004  0.84801956E-001  0.17459137E+001  0.12082364E+002  0.59173138E+002  0.13400220E+003  0.34790518E+003  0.65682936E+003
 -0.82342964E+000 -0.64134547E+000 -0.27683035E+000 -0.65872317E-004  0.84788919E-001  0.17458987E+001  0.12082191E+002  0.59173137E+002  0.13400220E+003  0.34790518E+003  0.65682936E+003
 -0.82347090E+000 -0.64142579E+000 -0.27684717E+000 -0.65881070E-004  0.84775303E-001  0.17458834E+001  0.12081995E+002  0.59173137E+002  0.13400220E+003  0.34790518E+003  0.65682936E+003
 -0.82351168E+000 -0.64150513E+000 -0.27686373E+000 -0.65889704E-004  0.84761168E-001  0.17458679E+001  0.12081778E+002  0.59173137E+002  0.13400220E+003  0.34790519E+003  0.65682936E+003
 -0.82355187E+000 -0.64158327E+000 -0.27687998E+000 -0.65898201E-004  0.84746586E-001  0.17458342E+001  0.12081542E+002  0.59173137E+002  0.13400220E+003  0.34790519E+003  0.65682936E+003
 -0.82359140E+000 -0.64166002E+000 -0.27689588E+000 -0.65906543E-004  0.84731634E-001  0.17457656E+001  0.12081290E+002  0.59173137E+002  0.13400220E+003  0.34790518E+003  0.65682936E+003
 -0.82363016E+000 -0.64173521E+000 -0.27691141E+000 -0.65914715E-004  0.84716392E-001  0.17456969E+001  0.12081024E+002  0.59173137E+002  0.13400220E+003  0.34790518E+003  0.65682936E+003
 -0.82366809E+000 -0.64180868E+000 -0.27692654E+000 -0.65922701E-004  0.84700946E-001  0.17456282E+001  0.12080745E+002  0.59173137E+002  0.13400220E+003  0.34790518E+003  0.65682936E+003
 -0.82370511E+000 -0.64188028E+000 -0.27694124E+000 -0.65930488E-004  0.84685382E-001  0.17455598E+001  0.12080455E+002  0.59173136E+002  0.13400220E+003  0.34790518E+003  0.65682936E+003
 -0.82374117E+000 -0.64194988E+000 -0.27695550E+000 -0.65938065E-004  0.84669784E-001  0.17454918E+001  0.12080156E+002  0.59173136E+002  0.13400219E+003  0.34790518E+003  0.65682936E+003
 -0.82377620E+000 -0.64201737E+000 -0.27696929E+000 -0.65945423E-004  0.84654237E-001  0.17454242E+001  0.12079850E+002  0.59173136E+002  0.13400219E+003  0.34790518E+003  0.65682936E+003
 -0.82381015E+000 -0.64208266E+000 -0.27698262E+000 -0.65952553E-004  0.84638818E-001  0.17453573E+001  0.12079539E+002  0.59173136E+002  0.13400219E+003  0.34790518E+003  0.65682936E+003
 -0.82384299E+000 -0.64214567E+000 -0.27699546E+000 -0.65959449E-004  0.84623601E-001  0.17452909E+001  0.12079224E+002  0.59173135E+002  0.13400219E+003  0.34790518E+003  0.65682936E+003
 -0.82387467E+000 -0.64220634E+000 -0.27700780E+000 -0.65966107E-004  0.84608652E-001  0.17452252E+001  0.12078905E+002  0.59173135E+002  0.13400219E+003  0.34790518E+003  0.65682935E+003
 -0.82390519E+000 -0.64226462E+000 -0.27701966E+000 -0.65972524E-004  0.84594031E-001  0.17451602E+001  0.12078585E+002  0.59173135E+002  0.13400219E+003  0.34790518E+003  0.65682935E+003
 -0.82393450E+000 -0.64232050E+000 -0.27703103E+000 -0.65978699E-004  0.84579788E-001  0.17450959E+001  0.12078265E+002  0.59173135E+002  0.13400219E+003  0.34790517E+003  0.65682935E+003
 -0.82396261E+000 -0.64237395E+000 -0.27704190E+000 -0.65984632E-004  0.84565967E-001  0.17450322E+001  0.12077944E+002  0.59173134E+002  0.13400219E+003  0.34790517E+003  0.65682935E+003
 -0.82398950E+000 -0.64242498E+000 -0.27705229E+000 -0.65990324E-004  0.84552604E-001  0.17449692E+001  0.12077625E+002  0.59173134E+002  0.13400219E+003  0.34790517E+003  0.65682935E+003
 -0.82401518E+000 -0.64247361E+000 -0.27706220E+000 -0.65995779E-004  0.84539728E-001  0.17449069E+001  0.12077308E+002  0.59173134E+002  0.13400218E+003  0.34790517E+003  0.65682934E+003
 -0.82403965E+000 -0.64251985E+000 -0.27707163E+000 -0.66001000E-004  0.84527358E-001  0.17448451E+001  0.12076993E+002  0.59173134E+002  0.13400218E+003  0.34790517E+003  0.65682934E+003
 -0.82406292E+000 -0.64256375E+000 -0.27708061E+000 -0.66005991E-004  0.84515511E-001  0.17447839E+001  0.12076681E+002  0.59173133E+002  0.13400218E+003  0.34790516E+003  0.65682934E+003
 -0.82408501E+000 -0.64260535E+000 -0.27708915E+000 -0.66010758E-004  0.84504196E-001  0.17447232E+001  0.12076373E+002  0.59173133E+002  0.13400218E+003  0.34790516E+003  0.65682934E+003
 -0.82410595E+000 -0.64264470E+000 -0.27709724E+000 -0.66015306E-004  0.84493416E-001  0.17446630E+001  0.12076068E+002  0.59173133E+002  0.13400218E+003  0.34790516E+003  0.65682933E+003
 -0.82412574E+000 -0.64268187E+000 -0.27710492E+000 -0.66019640E-004  0.84483172E-001  0.17446032E+001  0.12075766E+002  0.59173133E+002  0.13400218E+003  0.34790516E+003  0.65682933E+003
 -0.82414442E+000 -0.64271691E+000 -0.27711219E+000 -0.66023768E-004  0.84473461E-001  0.17445437E+001  0.12075469E+002  0.59173132E+002  0.13400218E+003  0.34790515E+003  0.65682933E+003
 -0.82416203E+000 -0.64274990E+000 -0.27711906E+000 -0.66027695E-004  0.84464274E-001  0.17444847E+001  0.12075175E+002  0.59173132E+002  0.13400217E+003  0.34790515E+003  0.65682932E+003
 -0.82417858E+000 -0.64278090E+000 -0.27712556E+000 -0.66031428E-004  0.84455602E-001  0.17444260E+001  0.12074886E+002  0.59173132E+002  0.13400217E+003  0.34790515E+003  0.65682932E+003
 -0.82419412E+000 -0.64280999E+000 -0.27713169E+000 -0.66034973E-004  0.84447435E-001  0.17443677E+001  0.12074601E+002  0.59173131E+002  0.13400217E+003  0.34790514E+003  0.65682932E+003
 -0.82420868E+000 -0.64283725E+000 -0.27713747E+000 -0.66038337E-004  0.84439757E-001  0.17443097E+001  0.12074320E+002  0.59173131E+002  0.13400217E+003  0.34790514E+003  0.65682931E+003
 -0.82422230E+000 -0.64286274E+000 -0.27714292E+000 -0.66041525E-004  0.84432555E-001  0.17442520E+001  0.12074043E+002  0.59173131E+002  0.13400217E+003  0.34790514E+003  0.65682931E+003
 -0.82423502E+000 -0.64288655E+000 -0.27714805E+000 -0.66044545E-004  0.84425813E-001  0.17441947E+001  0.12073770E+002  0.59173131E+002  0.13400217E+003  0.34790513E+003  0.65682931E+003
 -0.82424686E+000 -0.64290874E+000 -0.27715287E+000 -0.66047401E-004  0.84419514E-001  0.17441377E+001  0.12073500E+002  0.59173130E+002  0.13400216E+003  0.34790513E+003  0.65682930E+003
 -0.82425787E+000 -0.64292940E+000 -0.27715740E+000 -0.66050101E-004  0.84413641E-001  0.17440812E+001  0.12073235E+002  0.59173130E+002  0.13400216E+003  0.34790512E+003  0.65682930E+003
 -0.82426809E+000 -0.64294859E+000 -0.27716164E+000 -0.66052648E-004  0.84408177E-001  0.17440252E+001  0.12072972E+002  0.59173130E+002  0.13400216E+003  0.34790512E+003  0.65682929E+003
 -0.82427754E+000 -0.64296638E+000 -0.27716562E+000 -0.66055050E-004  0.84403105E-001  0.17439697E+001  0.12072714E+002  0.59173130E+002  0.13400216E+003  0.34790511E+003  0.65682929E+003
 -0.82428628E+000 -0.64298284E+000 -0.27716934E+000 -0.66057311E-004  0.84398406E-001  0.17439148E+001  0.12072458E+002  0.59173129E+002  0.13400216E+003  0.34790511E+003  0.65682928E+003
 -0.82429433E+000 -0.64299804E+000 -0.27717282E+000 -0.66059436E-004  0.84394064E-001  0.17438606E+001  0.12072205E+002  0.59173129E+002  0.13400216E+003  0.34790511E+003  0.65682928E+003
 -0.82430173E+000 -0.64301205E+000 -0.27717606E+000 -0.66061430E-004  0.84390061E-001  0.17438071E+001  0.12071956E+002  0.59173129E+002  0.13400215E+003  0.34790510E+003  0.65682927E+003
 -0.82430851E+000 -0.64302493E+000 -0.27717908E+000 -0.66063299E-004  0.84386380E-001  0.17437544E+001  0.12071709E+002  0.59173128E+002  0.13400215E+003  0.34790510E+003  0.65682927E+003
 -0.82431471E+000 -0.64303674E+000 -0.27718189E+000 -0.66065047E-004  0.84383006E-001  0.17437026E+001  0.12071465E+002  0.59173128E+002  0.13400215E+003  0.34790509E+003  0.65682926E+003
 -0.82432037E+000 -0.64304754E+000 -0.27718449E+000 -0.66066678E-004  0.84379920E-001  0.17436519E+001  0.12071224E+002  0.59173128E+002  0.13400215E+003  0.34790509E+003  0.65682925E+003
 -0.82432550E+000 -0.64305738E+000 -0.27718690E+000 -0.66068197E-004  0.84377109E-001  0.17436021E+001  0.12070984E+002  0.59173128E+002  0.13400215E+003  0.34790508E+003  0.65682925E+003
 -0.82433014E+000 -0.64306632E+000 -0.27718913E+000 -0.66069609E-004  0.84374556E-001  0.17435536E+001  0.12070748E+002  0.59173127E+002  0.13400214E+003  0.34790508E+003  0.65682924E+003
 -0.82433433E+000 -0.64307442E+000 -0.27719118E+000 -0.66070918E-004  0.84372247E-001  0.17435062E+001  0.12070513E+002  0.59173127E+002  0.13400214E+003  0.34790507E+003  0.65682923E+003
 -0.82433808E+000 -0.64308173E+000 -0.27719306E+000 -0.66072128E-004  0.84370167E-001  0.17434602E+001  0.12070281E+002  0.59173127E+002  0.13400214E+003  0.34790507E+003  0.65682923E+003
 -0.82434143E+000 -0.64308828E+000 -0.27719479E+000 -0.66073243E-004  0.84368302E-001  0.17434155E+001  0.12070051E+002  0.59173127E+002  0.13400214E+003  0.34790506E+003  0.65682922E+003
 -0.82434441E+000 -0.64309415E+000 -0.27719637E+000 -0.66074268E-004  0.84366640E-001  0.17433723E+001  0.12069823E+002  0.59173126E+002  0.13400214E+003  0.34790506E+003  0.65682921E+003
 -0.82434704E+000 -0.64309935E+000 -0.27719781E+000 -0.66075207E-004  0.84365167E-001  0.17433306E+001  0.12069598E+002  0.59173126E+002  0.13400214E+003  0.34790505E+003  0.65682921E+003
 -0.82434933E+000 -0.64310395E+000 -0.27719911E+000 -0.66076062E-004  0.84363871E-001  0.17432905E+001  0.12069374E+002  0.59173126E+002  0.13400213E+003  0.34790505E+003  0.65682920E+003
 -0.82435133E+000 -0.64310797E+000 -0.27720028E+000 -0.66076840E-004  0.84362740E-001  0.17432519E+001  0.12069154E+002  0.59173126E+002  0.13400213E+003  0.34790504E+003  0.65682919E+003
 -0.82435304E+000 -0.64311147E+000 -0.27720134E+000 -0.66077542E-004  0.84361763E-001  0.17432149E+001  0.12068935E+002  0.59173125E+002  0.13400213E+003  0.34790503E+003  0.65682918E+003
 -0.82435449E+000 -0.64311447E+000 -0.27720228E+000 -0.66078174E-004  0.84360929E-001  0.17431797E+001  0.12068720E+002  0.59173125E+002  0.13400213E+003  0.34790503E+003  0.65682917E+003
 -0.82435570E+000 -0.64311702E+000 -0.27720312E+000 -0.66078739E-004  0.84360228E-001  0.17431461E+001  0.12068506E+002  0.59173125E+002  0.13400213E+003  0.34790502E+003  0.65682917E+003
 -0.82435669E+000 -0.64311914E+000 -0.27720385E+000 -0.66079241E-004  0.84359649E-001  0.17431142E+001  0.12068296E+002  0.59173125E+002  0.13400213E+003  0.34790502E+003  0.65682916E+003
 -0.82435747E+000 -0.64312088E+000 -0.27720449E+000 -0.66079682E-004  0.84359184E-001  0.17430840E+001  0.12068089E+002  0.59173125E+002  0.13400212E+003  0.34790501E+003  0.65682915E+003
 -0.82435807E+000 -0.64312226E+000 -0.27720505E+000 -0.66080068E-004  0.84358823E-001  0.17430554E+001  0.12067885E+002  0.59173124E+002  0.13400212E+003  0.34790501E+003  0.65682914E+003
 -0.82435849E+000 -0.64312330E+000 -0.27720552E+000 -0.66080401E-004  0.84358557E-001  0.17430286E+001  0.12067685E+002  0.59173124E+002  0.13400212E+003  0.34790500E+003  0.65682913E+003
 -0.82435876E+000 -0.64312405E+000 -0.27720592E+000 -0.66080685E-004  0.84358379E-001  0.17430034E+001  0.12067488E+002  0.59173124E+002  0.13400212E+003  0.34790499E+003  0.65682912E+003
 -0.82435889E+000 -0.64312452E+000 -0.27720625E+000 -0.66080922E-004  0.84358281E-001  0.17429799E+001  0.12067295E+002  0.59173124E+002  0.13400212E+003  0.34790499E+003  0.65682911E+003
 -0.82435889E+000 -0.64312474E+000 -0.27720651E+000 -0.66081117E-004  0.84358255E-001  0.17429579E+001  0.12067106E+002  0.59173124E+002  0.13400212E+003  0.34790498E+003  0.65682910E+003
 -0.82435878E+000 -0.64312474E+000 -0.27720671E+000 -0.66081272E-004  0.84358295E-001  0.17429375E+001  0.12066921E+002  0.59173123E+002  0.13400212E+003  0.34790498E+003  0.65682909E+003
 -0.82435856E+000 -0.64312453E+000 -0.27720685E+000 -0.66081390E-004  0.84358394E-001  0.17429186E+001  0.12066741E+002  0.59173123E+002  0.13400211E+003  0.34790497E+003  0.65682908E+003
 -0.82435825E+000 -0.64312414E+000 -0.27720694E+000 -0.66081475E-004  0.84358545E-001  0.17429012E+001  0.12066565E+002  0.59173123E+002  0.13400211E+003  0.34790497E+003  0.65682907E+003
 -0.82435786E+000 -0.64312359E+000 -0.27720699E+000 -0.66081528E-004  0.84358742E-001  0.17428853E+001  0.12066394E+002  0.59173123E+002  0.13400211E+003  0.34790496E+003  0.65682906E+003
 -0.82435740E+000 -0.64312289E+000 -0.27720700E+000 -0.66081554E-004  0.84358981E-001  0.17428707E+001  0.12066228E+002  0.59173123E+002  0.13400211E+003  0.34790495E+003  0.65682905E+003
 -0.82435688E+000 -0.64312207E+000 -0.27720696E+000 -0.66081554E-004  0.84359256E-001  0.17428574E+001  0.12066068E+002  0.59173123E+002  0.13400211E+003  0.34790495E+003  0.65682904E+003
 -0.82435631E+000 -0.64312114E+000 -0.27720690E+000 -0.66081531E-004  0.84359562E-001  0.17428454E+001  0.12065912E+002  0.59173122E+002  0.13400211E+003  0.34790494E+003  0.65682903E+003
 -0.82435569E+000 -0.64312012E+000 -0.27720680E+000 -0.66081487E-004  0.84359894E-001  0.17428345E+001  0.12065762E+002  0.59173122E+002  0.13400211E+003  0.34790494E+003  0.65682902E+003
 -0.82435504E+000 -0.64311901E+000 -0.27720667E+000 -0.66081424E-004  0.84360249E-001  0.17428248E+001  0.12065618E+002  0.59173122E+002  0.13400210E+003  0.34790493E+003  0.65682901E+003
 -0.82435435E+000 -0.64311784E+000 -0.27720653E+000 -0.66081345E-004  0.84360622E-001  0.17428162E+001  0.12065479E+002  0.59173122E+002  0.13400210E+003  0.34790493E+003  0.65682900E+003
 -0.82435364E+000 -0.64311662E+000 -0.27720636E+000 -0.66081252E-004  0.84361009E-001  0.17428085E+001  0.12065346E+002  0.59173122E+002  0.13400210E+003  0.34790492E+003  0.65682899E+003
 -0.82435291E+000 -0.64311535E+000 -0.27720617E+000 -0.66081146E-004  0.84361408E-001  0.17428018E+001  0.12065218E+002  0.59173122E+002  0.13400210E+003  0.34790492E+003  0.65682898E+003
 -0.82435217E+000 -0.64311405E+000 -0.27720597E+000 -0.66081029E-004  0.84361815E-001  0.17427960E+001  0.12065097E+002  0.59173121E+002  0.13400210E+003  0.34790491E+003  0.65682897E+003
 -0.82435142E+000 -0.64311272E+000 -0.27720575E+000 -0.66080904E-004  0.84362227E-001  0.17427910E+001  0.12064981E+002  0.59173121E+002  0.13400210E+003  0.34790490E+003  0.65682896E+003
 -0.82435067E+000 -0.64311139E+000 -0.27720553E+000 -0.66080771E-004  0.84362641E-001  0.17427868E+001  0.12064871E+002  0.59173121E+002  0.13400210E+003  0.34790490E+003  0.65682894E+003
 -0.82434992E+000 -0.64311004E+000 -0.27720529E+000 -0.66080632E-004  0.84363056E-001  0.17427833E+001  0.12064766E+002  0.59173121E+002  0.13400210E+003  0.34790489E+003  0.65682893E+003
 -0.82434917E+000 -0.64310870E+000 -0.27720505E+000 -0.66080488E-004  0.84363469E-001  0.17427804E+001  0.12064667E+002  0.59173121E+002  0.13400210E+003  0.34790489E+003  0.65682892E+003
 -0.82434844E+000 -0.64310737E+000 -0.27720481E+000 -0.66080341E-004  0.84363878E-001  0.17427782E+001  0.12064574E+002  0.59173121E+002  0.13400209E+003  0.34790488E+003  0.65682891E+003
 -0.82434771E+000 -0.64310605E+000 -0.27720456E+000 -0.66080192E-004  0.84364282E-001  0.17427764E+001  0.12064486E+002  0.59173121E+002  0.13400209E+003  0.34790488E+003  0.65682890E+003
 -0.82434700E+000 -0.64310475E+000 -0.27720431E+000 -0.66080042E-004  0.84364678E-001  0.17427752E+001  0.12064404E+002  0.59173121E+002  0.13400209E+003  0.34790487E+003  0.65682889E+003
 -0.82434630E+000 -0.64310348E+000 -0.27720407E+000 -0.66079891E-004  0.84365066E-001  0.17427744E+001  0.12064326E+002  0.59173120E+002  0.13400209E+003  0.34790487E+003  0.65682888E+003
 -0.82434562E+000 -0.64310223E+000 -0.27720382E+000 -0.66079740E-004  0.84365443E-001  0.17427740E+001  0.12064254E+002  0.59173120E+002  0.13400209E+003  0.34790486E+003  0.65682887E+003
 -0.82434495E+000 -0.64310101E+000 -0.27720358E+000 -0.66079591E-004  0.84365811E-001  0.17427740E+001  0.12064187E+002  0.59173120E+002  0.13400209E+003  0.34790486E+003  0.65682886E+003
 -0.82434431E+000 -0.64309983E+000 -0.27720334E+000 -0.66079444E-004  0.84366166E-001  0.17427743E+001  0.12064124E+002  0.59173120E+002  0.13400209E+003  0.34790485E+003  0.65682885E+003
 -0.82434370E+000 -0.64309869E+000 -0.27720311E+000 -0.66079300E-004  0.84366509E-001  0.17427748E+001  0.12064066E+002  0.59173120E+002  0.13400209E+003  0.34790485E+003  0.65682883E+003
 -0.82434310E+000 -0.64309759E+000 -0.27720288E+000 -0.66079159E-004  0.84366840E-001  0.17427756E+001  0.12064013E+002  0.59173120E+002  0.13400209E+003  0.34790485E+003  0.65682882E+003
 -0.82434253E+000 -0.64309652E+000 -0.27720266E+000 -0.66079021E-004  0.84367157E-001  0.17427766E+001  0.12063964E+002  0.59173120E+002  0.13400209E+003  0.34790484E+003  0.65682881E+003
 -0.82434198E+000 -0.64309551E+000 -0.27720244E+000 -0.66078888E-004  0.84367460E-001  0.17427778E+001  0.12063918E+002  0.59173120E+002  0.13400209E+003  0.34790484E+003  0.65682880E+003
 -0.82434146E+000 -0.64309453E+000 -0.27720223E+000 -0.66078759E-004  0.84367749E-001  0.17427792E+001  0.12063877E+002  0.59173120E+002  0.13400208E+003  0.34790483E+003  0.65682879E+003
 -0.82434096E+000 -0.64309360E+000 -0.27720203E+000 -0.66078634E-004  0.84368025E-001  0.17427806E+001  0.12063839E+002  0.59173120E+002  0.13400208E+003  0.34790483E+003  0.65682878E+003
 -0.82434049E+000 -0.64309271E+000 -0.27720184E+000 -0.66078514E-004  0.84368286E-001  0.17427822E+001  0.12063805E+002  0.59173119E+002  0.13400208E+003  0.34790482E+003  0.65682877E+003
 -0.82434004E+000 -0.64309187E+000 -0.27720166E+000 -0.66078399E-004  0.84368533E-001  0.17427838E+001  0.12063774E+002  0.59173119E+002  0.13400208E+003  0.34790482E+003  0.65682876E+003
 -0.82433961E+000 -0.64309107E+000 -0.27720148E+000 -0.66078290E-004  0.84368767E-001  0.17427855E+001  0.12063746E+002  0.59173119E+002  0.13400208E+003  0.34790482E+003  0.65682875E+003
 -0.82433921E+000 -0.64309032E+000 -0.27720131E+000 -0.66078185E-004  0.84368986E-001  0.17427872E+001  0.12063721E+002  0.59173119E+002  0.13400208E+003  0.34790481E+003  0.65682874E+003
 -0.82433884E+000 -0.64308961E+000 -0.27720115E+000 -0.66078086E-004  0.84369193E-001  0.17427890E+001  0.12063699E+002  0.59173119E+002  0.13400208E+003  0.34790481E+003  0.65682873E+003
 -0.82433849E+000 -0.64308894E+000 -0.27720100E+000 -0.66077992E-004  0.84369386E-001  0.17427908E+001  0.12063679E+002  0.59173119E+002  0.13400208E+003  0.34790481E+003  0.65682872E+003
 -0.82433816E+000 -0.64308832E+000 -0.27720086E+000 -0.66077903E-004  0.84369566E-001  0.17427925E+001  0.12063661E+002  0.59173119E+002  0.13400208E+003  0.34790480E+003  0.65682871E+003
 -0.82433785E+000 -0.64308773E+000 -0.27720073E+000 -0.66077819E-004  0.84369734E-001  0.17427943E+001  0.12063646E+002  0.59173119E+002  0.13400208E+003  0.34790480E+003  0.65682870E+003
 -0.82433756E+000 -0.64308719E+000 -0.27720060E+000 -0.66077740E-004  0.84369890E-001  0.17427960E+001  0.12063632E+002  0.59173119E+002  0.13400208E+003  0.34790480E+003  0.65682870E+003
 -0.82433730E+000 -0.64308668E+000 -0.27720048E+000 -0.66077666E-004  0.84370034E-001  0.17427977E+001  0.12063621E+002  0.59173119E+002  0.13400208E+003  0.34790479E+003  0.65682869E+003
 -0.82433705E+000 -0.64308621E+000 -0.27720037E+000 -0.66077597E-004  0.84370167E-001  0.17427993E+001  0.12063611E+002  0.59173119E+002  0.13400208E+003  0.34790479E+003  0.65682868E+003
 -0.82433682E+000 -0.64308577E+000 -0.27720027E+000 -0.66077533E-004  0.84370290E-001  0.17428009E+001  0.12063603E+002  0.59173119E+002  0.13400208E+003  0.34790479E+003  0.65682867E+003
 -0.82433661E+000 -0.64308537E+000 -0.27720017E+000 -0.66077473E-004  0.84370402E-001  0.17428024E+001  0.12063596E+002  0.59173119E+002  0.13400208E+003  0.34790478E+003  0.65682866E+003
 -0.82433642E+000 -0.64308500E+000 -0.27720009E+000 -0.66077418E-004  0.84370505E-001  0.17428039E+001  0.12063590E+002  0.59173119E+002  0.13400208E+003  0.34790478E+003  0.65682865E+003
 -0.82433624E+000 -0.64308466E+000 -0.27720000E+000 -0.66077367E-004  0.84370599E-001  0.17428053E+001  0.12063586E+002  0.59173119E+002  0.13400207E+003  0.34790478E+003  0.65682864E+003
 -0.82433608E+000 -0.64308435E+000 -0.27719993E+000 -0.66077319E-004  0.84370684E-001  0.17428067E+001  0.12063582E+002  0.59173119E+002  0.13400207E+003  0.34790477E+003  0.65682864E+003
 -0.82433594E+000 -0.64308406E+000 -0.27719986E+000 -0.66077276E-004  0.84370761E-001  0.17428080E+001  0.12063579E+002  0.59173119E+002  0.13400207E+003  0.34790477E+003  0.65682863E+003
 -0.82433580E+000 -0.64308380E+000 -0.27719979E+000 -0.66077236E-004  0.84370831E-001  0.17428092E+001  0.12063578E+002  0.59173119E+002  0.13400207E+003  0.34790477E+003  0.65682862E+003
 -0.82433568E+000 -0.64308357E+000 -0.27719974E+000 -0.66077199E-004  0.84370893E-001  0.17428104E+001  0.12063577E+002  0.59173118E+002  0.13400207E+003  0.34790477E+003  0.65682861E+003
 -0.82433558E+000 -0.64308336E+000 -0.27719968E+000 -0.66077166E-004  0.84370949E-001  0.17428115E+001  0.12063576E+002  0.59173118E+002  0.13400207E+003  0.34790476E+003  0.65682861E+003
 -0.82433548E+000 -0.64308316E+000 -0.27719963E+000 -0.66077136E-004  0.84370999E-001  0.17428125E+001  0.12063576E+002  0.59173118E+002  0.13400207E+003  0.34790476E+003  0.65682860E+003
 -0.82433539E+000 -0.64308299E+000 -0.27719959E+000 -0.66077109E-004  0.84371043E-001  0.17428135E+001  0.12063577E+002  0.59173118E+002  0.13400207E+003  0.34790476E+003  0.65682859E+003
 -0.82433532E+000 -0.64308284E+000 -0.27719955E+000 -0.66077084E-004  0.84371081E-001  0.17428144E+001  0.12063578E+002  0.59173118E+002  0.13400207E+003  0.34790476E+003  0.65682859E+003
 -0.82433525E+000 -0.64308271E+000 -0.27719952E+000 -0.66077063E-004  0.84371115E-001  0.17428152E+001  0.12063579E+002  0.59173118E+002  0.13400207E+003  0.34790476E+003  0.65682858E+003
 -0.82433519E+000 -0.64308260E+000 -0.27719949E+000 -0.66077043E-004  0.84371144E-001  0.17428160E+001  0.12063581E+002  0.59173118E+002  0.13400207E+003  0.34790475E+003  0.65682857E+003
 -0.82433515E+000 -0.64308251E+000 -0.27719946E+000 -0.66077027E-004  0.84371168E-001  0.17428167E+001  0.12063583E+002  0.59173118E+002  0.13400207E+003  0.34790475E+003  0.65682857E+003
 -0.82433511E+000 -0.64308244E+000 -0.27719944E+000 -0.66077014E-004  0.84371188E-001  0.17428174E+001  0.12063585E+002  0.59173118E+002  0.13400207E+003  0.34790475E+003  0.65682856E+003
 -0.82433510E+000 -0.64308241E+000 -0.27719943E+000 -0.66077007E-004  0.84371201E-001  0.17428180E+001  0.12063587E+002  0.59173118E+002  0.13400207E+003  0.34790475E+003  0.65682856E+003
 -0.82433508E+000 -0.64308236E+000 -0.27719942E+000 -0.66077001E-004  0.84371212E-001  0.17428185E+001  0.12063589E+002  0.59173118E+002  0.13400207E+003  0.34790475E+003  0.65682855E+003
