  0.00000000E+000  0.00000000E+000  0.00000000E+000  0.00000000E+000  0.42174581E-001  0.36748790E+000  0.69433515E+001  0.46552187E+002  0.11381362E+003  0.30126422E+003  0.59143845E+003
  0.00000000E+000  0.00000000E+000  0.00000000E+000  0.00000000E+000  0.42207030E-001  0.36762391E+000  0.69450526E+001  0.46563473E+002  0.11384063E+003  0.30133601E+003  0.59156956E+003
  0.00000000E+000  0.00000000E+000  0.00000000E+000  0.00000000E+000  0.42232752E-001  0.36773346E+000  0.69463900E+001  0.46571984E+002  0.11386045E+003  0.30138838E+003  0.59166533E+003
  0.00000000E+000  0.00000000E+000  0.00000000E+000  0.00000000E+000  0.42253175E-001  0.36782205E+000  0.69474623E+001  0.46578709E+002  0.11387580E+003  0.30142839E+003  0.59173819E+003
  0.00000000E+000  0.00000000E+000  0.00000000E+000  0.00000000E+000  0.42269365E-001  0.36789358E+000  0.69483285E+001  0.46584106E+002  0.11388799E+003  0.30145984E+003  0.59179514E+003
  0.00000000E+000  0.00000000E+000  0.00000000E+000  0.00000000E+000  0.42282171E-001  0.36795116E+000  0.69490322E+001  0.46588496E+002  0.11389786E+003  0.30148513E+003  0.59184068E+003
  0.00000000E+000  0.00000000E+000  0.00000000E+000  0.00000000E+000  0.42292251E-001  0.36799719E+000  0.69496048E+001  0.46592093E+002  0.11390594E+003  0.30150579E+003  0.59187762E+003
  0.00000000E+000  0.00000000E+000  0.00000000E+000  0.00000000E+000  0.42300137E-001  0.36803370E+000  0.69500718E+001  0.46595060E+002  0.11391259E+003  0.30152290E+003  0.59190807E+003
  0.00000000E+000  0.00000000E+000  0.00000000E+000  0.00000000E+000  0.42306254E-001  0.36806231E+000  0.69504527E+001  0.46597522E+002  0.11391811E+003  0.30153723E+003  0.59193348E+003
  0.00000000E+000  0.00000000E+000  0.00000000E+000  0.00000000E+000  0.42310942E-001  0.36808435E+000  0.69507631E+001  0.46599570E+002  0.11392272E+003  0.30154934E+003  0.59195489E+003
  0.00000000E+000  0.00000000E+000  0.00000000E+000  0.00000000E+000  0.42314482E-001  0.36810095E+000  0.69510158E+001  0.46601282E+002  0.11392660E+003  0.30155969E+003  0.59197318E+003
  0.00000000E+000  0.00000000E+000  0.00000000E+000  0.00000000E+000  0.42317100E-001  0.36811306E+000  0.69512210E+001  0.46602719E+002  0.11392989E+003  0.30156862E+003  0.59198898E+003
  0.00000000E+000  0.00000000E+000  0.00000000E+000  0.00000000E+000  0.42318981E-001  0.36812145E+000  0.69513872E+001  0.46603929E+002  0.11393269E+003  0.30157640E+003  0.59200278E+003
  0.00000000E+000  0.00000000E+000  0.00000000E+000  0.00000000E+000  0.42320277E-001  0.36812680E+000  0.69515211E+001  0.46604951E+002  0.11393511E+003  0.30158327E+003  0.59201498E+003
  0.00000000E+000  0.00000000E+000  0.00000000E+000  0.00000000E+000  0.42321112E-001  0.36812965E+000  0.69516286E+001  0.46605825E+002  0.11393722E+003  0.30158940E+003  0.59202589E+003
  0.00000000E+000  0.00000000E+000  0.00000000E+000  0.00000000E+000  0.42321586E-001  0.36813047E+000  0.69517141E+001  0.46606579E+002  0.11393908E+003  0.30159493E+003  0.59203576E+003
  0.00000000E+000  0.00000000E+000  0.00000000E+000  0.00000000E+000  0.42321782E-001  0.36812964E+000  0.69517816E+001  0.46607239E+002  0.11394073E+003  0.30159997E+003  0.59204478E+003
  0.00000000E+000  0.00000000E+000  0.00000000E+000  0.00000000E+000  0.42321771E-001  0.36812749E+000  0.69518344E+001  0.46607823E+002  0.11394222E+003  0.30160463E+003  0.59205313E+003
  0.00000000E+000  0.00000000E+000  0.00000000E+000  0.00000000E+000  0.42321605E-001  0.36812431E+000  0.69518749E+001  0.46608345E+002  0.11394358E+003  0.30160898E+003  0.59206094E+003
  0.00000000E+000  0.00000000E+000  0.00000000E+000  0.00000000E+000  0.42321333E-001  0.36812032E+000  0.69519056E+001  0.46608820E+002  0.11394484E+003  0.30161309E+003  0.59206832E+003
  0.00000000E+000  0.00000000E+000  0.00000000E+000  0.00000000E+000  0.42320991E-001  0.36811573E+000  0.69519284E+001  0.46609258E+002  0.11394603E+003  0.30161702E+003  0.59207537E+003
  0.00000000E+000  0.00000000E+000  0.00000000E+000  0.00000000E+000  0.42320613E-001  0.36811069E+000  0.69519447E+001  0.46609669E+002  0.11394715E+003  0.30162081E+003  0.59208217E+003
  0.00000000E+000  0.00000000E+000  0.00000000E+000  0.00000000E+000  0.42320223E-001  0.36810536E+000  0.69519561E+001  0.46610059E+002  0.11394824E+003  0.30162450E+003  0.59208878E+003
  0.00000000E+000  0.00000000E+000  0.00000000E+000  0.00000000E+000  0.42319844E-001  0.36809986E+000  0.69519635E+001  0.46610436E+002  0.11394930E+003  0.30162812E+003  0.59209527E+003
  0.00000000E+000  0.00000000E+000  0.00000000E+000  0.00000000E+000  0.42319497E-001  0.36809429E+000  0.69519681E+001  0.46610805E+002  0.11395035E+003  0.30163171E+003  0.59210167E+003
  0.00000000E+000  0.00000000E+000  0.00000000E+000  0.00000000E+000  0.42319196E-001  0.36808874E+000  0.69519707E+001  0.46611170E+002  0.11395139E+003  0.30163528E+003  0.59210804E+003
  0.00000000E+000  0.00000000E+000  0.00000000E+000  0.00000000E+000  0.42318957E-001  0.36808329E+000  0.69519719E+001  0.46611535E+002  0.11395244E+003  0.30163885E+003  0.59211440E+003
  0.00000000E+000  0.00000000E+000  0.00000000E+000  0.00000000E+000  0.42318792E-001  0.36807801E+000  0.69519725E+001  0.46611904E+002  0.11395349E+003  0.30164245E+003  0.59212079E+003
  0.00000000E+000  0.00000000E+000  0.00000000E+000  0.00000000E+000  0.42318714E-001  0.36807297E+000  0.69519728E+001  0.46612279E+002  0.11395457E+003  0.30164609E+003  0.59212723E+003
  0.00000000E+000  0.00000000E+000  0.00000000E+000  0.00000000E+000  0.42318731E-001  0.36806821E+000  0.69519735E+001  0.46612663E+002  0.11395566E+003  0.30164978E+003  0.59213374E+003
  0.00000000E+000  0.00000000E+000  0.00000000E+000  0.00000000E+000  0.42318852E-001  0.36806378E+000  0.69519750E+001  0.46613057E+002  0.11395678E+003  0.30165352E+003  0.59214034E+003
  0.00000000E+000  0.00000000E+000  0.00000000E+000  0.00000000E+000  0.42319087E-001  0.36805972E+000  0.69519775E+001  0.46613464E+002  0.11395794E+003  0.30165734E+003  0.59214704E+003
  0.00000000E+000  0.00000000E+000  0.00000000E+000  0.00000000E+000  0.42319443E-001  0.36805607E+000  0.69519814E+001  0.46613884E+002  0.11395912E+003  0.30166123E+003  0.59215387E+003
  0.00000000E+000  0.00000000E+000  0.00000000E+000  0.00000000E+000  0.42319925E-001  0.36805287E+000  0.69519870E+001  0.46614320E+002  0.11396034E+003  0.30166520E+003  0.59216083E+003
  0.00000000E+000  0.00000000E+000  0.00000000E+000  0.00000000E+000  0.42320540E-001  0.36805013E+000  0.69519946E+001  0.46614770E+002  0.11396159E+003  0.30166926E+003  0.59216792E+003
  0.00000000E+000  0.00000000E+000  0.00000000E+000  0.00000000E+000  0.42321292E-001  0.36804789E+000  0.69520043E+001  0.46615237E+002  0.11396289E+003  0.30167341E+003  0.59217516E+003
  0.00000000E+000  0.00000000E+000  0.00000000E+000  0.00000000E+000  0.42322184E-001  0.36804617E+000  0.69520164E+001  0.46615720E+002  0.11396422E+003  0.30167765E+003  0.59218255E+003
  0.00000000E+000  0.00000000E+000  0.00000000E+000  0.00000000E+000  0.42323221E-001  0.36804497E+000  0.69520311E+001  0.46616219E+002  0.11396559E+003  0.30168199E+003  0.59219010E+003
  0.00000000E+000  0.00000000E+000  0.00000000E+000  0.00000000E+000  0.42324403E-001  0.36804433E+000  0.69520485E+001  0.46616736E+002  0.11396700E+003  0.30168643E+003  0.59219781E+003
  0.00000000E+000  0.00000000E+000  0.00000000E+000  0.00000000E+000  0.42325731E-001  0.36804424E+000  0.69520687E+001  0.46617268E+002  0.11396845E+003  0.30169096E+003  0.59220567E+003
  0.00000000E+000  0.00000000E+000  0.00000000E+000  0.00000000E+000  0.42327204E-001  0.36804472E+000  0.69520919E+001  0.46617817E+002  0.11396993E+003  0.30169558E+003  0.59221370E+003
  0.00000000E+000  0.00000000E+000  0.00000000E+000  0.00000000E+000  0.42328821E-001  0.36804576E+000  0.69521183E+001  0.46618381E+002  0.11397146E+003  0.30170031E+003  0.59222188E+003
  0.00000000E+000  0.00000000E+000  0.00000000E+000  0.00000000E+000  0.42330578E-001  0.36804738E+000  0.69521477E+001  0.46618960E+002  0.11397301E+003  0.30170513E+003  0.59223022E+003
  0.00000000E+000  0.00000000E+000  0.00000000E+000  0.00000000E+000  0.42332471E-001  0.36804956E+000  0.69521804E+001  0.46619553E+002  0.11397460E+003  0.30171003E+003  0.59223872E+003
  0.00000000E+000  0.00000000E+000  0.00000000E+000  0.00000000E+000  0.42334493E-001  0.36805230E+000  0.69522163E+001  0.46620159E+002  0.11397622E+003  0.30171503E+003  0.59224736E+003
  0.00000000E+000  0.00000000E+000  0.00000000E+000  0.00000000E+000  0.42336637E-001  0.36805560E+000  0.69522554E+001  0.46620777E+002  0.11397788E+003  0.30172011E+003  0.59225615E+003
  0.00000000E+000  0.00000000E+000  0.00000000E+000  0.00000000E+000  0.42338892E-001  0.36805943E+000  0.69522978E+001  0.46621406E+002  0.11397955E+003  0.30172528E+003  0.59226507E+003
  0.00000000E+000  0.00000000E+000  0.00000000E+000  0.00000000E+000  0.42341247E-001  0.36806378E+000  0.69523433E+001  0.46622045E+002  0.11398126E+003  0.30173052E+003  0.59227413E+003
  0.00000000E+000  0.00000000E+000  0.00000000E+000  0.00000000E+000  0.42343690E-001  0.36806863E+000  0.69523919E+001  0.46622691E+002  0.11398298E+003  0.30173583E+003  0.59228331E+003
  0.00000000E+000  0.00000000E+000  0.00000000E+000  0.00000000E+000  0.42346206E-001  0.36807396E+000  0.69524434E+001  0.46623344E+002  0.11398472E+003  0.30174120E+003  0.59229260E+003
  0.00000000E+000  0.00000000E+000  0.00000000E+000  0.00000000E+000  0.42348777E-001  0.36807973E+000  0.69524978E+001  0.46624001E+002  0.11398648E+003  0.30174664E+003  0.59230200E+003
  0.00000000E+000  0.00000000E+000  0.00000000E+000  0.00000000E+000  0.42351384E-001  0.36808592E+000  0.69525547E+001  0.46624661E+002  0.11398824E+003  0.30175212E+003  0.59231149E+003
  0.00000000E+000  0.00000000E+000  0.00000000E+000  0.00000000E+000  0.42354008E-001  0.36809249E+000  0.69526142E+001  0.46625322E+002  0.11399002E+003  0.30175765E+003  0.59232107E+003
  0.00000000E+000  0.00000000E+000  0.00000000E+000  0.00000000E+000  0.42356625E-001  0.36809941E+000  0.69526758E+001  0.46625983E+002  0.11399180E+003  0.30176322E+003  0.59233071E+003
  0.00000000E+000  0.00000000E+000  0.00000000E+000  0.00000000E+000  0.42359212E-001  0.36810662E+000  0.69527394E+001  0.46626640E+002  0.11399357E+003  0.30176881E+003  0.59234041E+003
  0.00000000E+000  0.00000000E+000  0.00000000E+000  0.00000000E+000  0.42361742E-001  0.36811410E+000  0.69528047E+001  0.46627293E+002  0.11399535E+003  0.30177443E+003  0.59235015E+003
  0.00000000E+000  0.00000000E+000  0.00000000E+000  0.00000000E+000  0.42364189E-001  0.36812179E+000  0.69528713E+001  0.46627938E+002  0.11399711E+003  0.30178005E+003  0.59235992E+003
  0.00000000E+000  0.00000000E+000  0.00000000E+000  0.00000000E+000  0.42366525E-001  0.36812964E+000  0.69529390E+001  0.46628574E+002  0.11399886E+003  0.30178567E+003  0.59236970E+003
  0.00000000E+000  0.00000000E+000  0.00000000E+000  0.00000000E+000  0.42368720E-001  0.36813762E+000  0.69530074E+001  0.46629199E+002  0.11400060E+003  0.30179128E+003  0.59237948E+003
  0.00000000E+000  0.00000000E+000  0.00000000E+000  0.00000000E+000  0.42370744E-001  0.36814565E+000  0.69530762E+001  0.46629811E+002  0.11400231E+003  0.30179687E+003  0.59238923E+003
  0.00000000E+000  0.00000000E+000  0.00000000E+000  0.00000000E+000  0.42372567E-001  0.36815370E+000  0.69531450E+001  0.46630407E+002  0.11400399E+003  0.30180242E+003  0.59239895E+003
  0.00000000E+000  0.00000000E+000  0.00000000E+000  0.00000000E+000  0.42374159E-001  0.36816171E+000  0.69532134E+001  0.46630986E+002  0.11400565E+003  0.30180794E+003  0.59240862E+003
  0.00000000E+000  0.00000000E+000  0.00000000E+000  0.00000000E+000  0.42375490E-001  0.36816964E+000  0.69532811E+001  0.46631545E+002  0.11400726E+003  0.30181339E+003  0.59241821E+003
  0.00000000E+000  0.00000000E+000  0.00000000E+000  0.00000000E+000  0.42376531E-001  0.36817742E+000  0.69533476E+001  0.46632083E+002  0.11400884E+003  0.30181878E+003  0.59242772E+003
  0.00000000E+000  0.00000000E+000  0.00000000E+000  0.00000000E+000  0.42377255E-001  0.36818500E+000  0.69534126E+001  0.46632598E+002  0.11401037E+003  0.30182410E+003  0.59243711E+003
  0.00000000E+000  0.00000000E+000  0.00000000E+000  0.00000000E+000  0.42377636E-001  0.36819235E+000  0.69534757E+001  0.46633087E+002  0.11401185E+003  0.30182932E+003  0.59244639E+003
  0.00000000E+000  0.00000000E+000  0.00000000E+000  0.00000000E+000  0.42377650E-001  0.36819940E+000  0.69535365E+001  0.46633550E+002  0.11401327E+003  0.30183444E+003  0.59245552E+003
  0.00000000E+000  0.00000000E+000  0.00000000E+000  0.00000000E+000  0.42377276E-001  0.36820611E+000  0.69535946E+001  0.46633984E+002  0.11401464E+003  0.30183944E+003  0.59246449E+003
  0.00000000E+000  0.00000000E+000  0.00000000E+000  0.00000000E+000  0.42376498E-001  0.36821244E+000  0.69536496E+001  0.46634389E+002  0.11401594E+003  0.30184433E+003  0.59247328E+003
  0.00000000E+000  0.00000000E+000  0.00000000E+000  0.00000000E+000  0.42375299E-001  0.36821835E+000  0.69537013E+001  0.46634762E+002  0.11401717E+003  0.30184907E+003  0.59248188E+003
  0.00000000E+000  0.00000000E+000  0.00000000E+000  0.00000000E+000  0.42373669E-001  0.36822378E+000  0.69537491E+001  0.46635101E+002  0.11401833E+003  0.30185367E+003  0.59249027E+003
  0.00000000E+000  0.00000000E+000  0.00000000E+000  0.00000000E+000  0.42371603E-001  0.36822872E+000  0.69537929E+001  0.46635407E+002  0.11401942E+003  0.30185811E+003  0.59249844E+003
  0.00000000E+000  0.00000000E+000  0.00000000E+000  0.00000000E+000  0.42369096E-001  0.36823311E+000  0.69538322E+001  0.46635677E+002  0.11402042E+003  0.30186237E+003  0.59250637E+003
  0.00000000E+000  0.00000000E+000  0.00000000E+000  0.00000000E+000  0.42366151E-001  0.36823693E+000  0.69538667E+001  0.46635910E+002  0.11402135E+003  0.30186646E+003  0.59251405E+003
  0.00000000E+000  0.00000000E+000  0.00000000E+000  0.00000000E+000  0.42362773E-001  0.36824015E+000  0.69538961E+001  0.46636104E+002  0.11402218E+003  0.30187037E+003  0.59252146E+003
  0.00000000E+000  0.00000000E+000  0.00000000E+000  0.00000000E+000  0.42358974E-001  0.36824274E+000  0.69539202E+001  0.46636259E+002  0.11402293E+003  0.30187407E+003  0.59252859E+003
  0.00000000E+000  0.00000000E+000  0.00000000E+000  0.00000000E+000  0.42354768E-001  0.36824467E+000  0.69539387E+001  0.46636373E+002  0.11402358E+003  0.30187756E+003  0.59253543E+003
  0.00000000E+000  0.00000000E+000  0.00000000E+000  0.00000000E+000  0.42350173E-001  0.36824591E+000  0.69539513E+001  0.46636444E+002  0.11402413E+003  0.30188084E+003  0.59254197E+003
  0.00000000E+000  0.00000000E+000  0.00000000E+000  0.00000000E+000  0.42345212E-001  0.36824645E+000  0.69539578E+001  0.46636473E+002  0.11402459E+003  0.30188390E+003  0.59254820E+003
  0.00000000E+000  0.00000000E+000  0.00000000E+000  0.00000000E+000  0.42339912E-001  0.36824626E+000  0.69539579E+001  0.46636457E+002  0.11402494E+003  0.30188672E+003  0.59255411E+003
  0.00000000E+000  0.00000000E+000  0.00000000E+000  0.00000000E+000  0.42334307E-001  0.36824531E+000  0.69539516E+001  0.46636395E+002  0.11402520E+003  0.30188931E+003  0.59255969E+003
  0.00000000E+000  0.00000000E+000  0.00000000E+000  0.00000000E+000  0.42328439E-001  0.36824360E+000  0.69539386E+001  0.46636286E+002  0.11402534E+003  0.30189166E+003  0.59256494E+003
  0.00000000E+000  0.00000000E+000  0.00000000E+000  0.00000000E+000  0.42322348E-001  0.36824110E+000  0.69539189E+001  0.46636130E+002  0.11402538E+003  0.30189375E+003  0.59256984E+003
  0.00000000E+000  0.00000000E+000  0.00000000E+000  0.00000000E+000  0.42316082E-001  0.36823779E+000  0.69538922E+001  0.46635926E+002  0.11402531E+003  0.30189560E+003  0.59257440E+003
  0.00000000E+000  0.00000000E+000  0.00000000E+000  0.00000000E+000  0.42309686E-001  0.36823365E+000  0.69538586E+001  0.46635672E+002  0.11402512E+003  0.30189718E+003  0.59257861E+003
  0.00000000E+000  0.00000000E+000  0.00000000E+000  0.00000000E+000  0.42303205E-001  0.36822868E+000  0.69538180E+001  0.46635368E+002  0.11402483E+003  0.30189851E+003  0.59258247E+003
  0.00000000E+000  0.00000000E+000  0.00000000E+000  0.00000000E+000  0.42296681E-001  0.36822286E+000  0.69537705E+001  0.46635014E+002  0.11402442E+003  0.30189957E+003  0.59258598E+003
  0.00000000E+000  0.00000000E+000  0.00000000E+000  0.00000000E+000  0.42290156E-001  0.36821617E+000  0.69537159E+001  0.46634610E+002  0.11402390E+003  0.30190037E+003  0.59258913E+003
  0.00000000E+000  0.00000000E+000  0.00000000E+000  0.00000000E+000  0.42283667E-001  0.36820861E+000  0.69536545E+001  0.46634154E+002  0.11402326E+003  0.30190090E+003  0.59259192E+003
  0.00000000E+000  0.00000000E+000  0.00000000E+000  0.00000000E+000  0.42277246E-001  0.36820017E+000  0.69535862E+001  0.46633649E+002  0.11402251E+003  0.30190117E+003  0.59259436E+003
  0.00000000E+000  0.00000000E+000  0.00000000E+000  0.00000000E+000  0.42270924E-001  0.36819085E+000  0.69535113E+001  0.46633092E+002  0.11402165E+003  0.30190116E+003  0.59259645E+003
  0.00000000E+000  0.00000000E+000  0.00000000E+000  0.00000000E+000  0.42264727E-001  0.36818064E+000  0.69534299E+001  0.46632486E+002  0.11402068E+003  0.30190089E+003  0.59259819E+003
  0.00000000E+000  0.00000000E+000  0.00000000E+000  0.00000000E+000  0.42258678E-001  0.36816955E+000  0.69533421E+001  0.46631831E+002  0.11401959E+003  0.30190036E+003  0.59259958E+003
  0.00000000E+000  0.00000000E+000  0.00000000E+000  0.00000000E+000  0.42252795E-001  0.36815760E+000  0.69532482E+001  0.46631128E+002  0.11401840E+003  0.30189956E+003  0.59260062E+003
  0.00000000E+000  0.00000000E+000  0.00000000E+000  0.00000000E+000  0.42247095E-001  0.36814478E+000  0.69531484E+001  0.46630377E+002  0.11401709E+003  0.30189850E+003  0.59260133E+003
  0.00000000E+000  0.00000000E+000  0.00000000E+000  0.00000000E+000  0.42241590E-001  0.36813113E+000  0.69530429E+001  0.46629581E+002  0.11401568E+003  0.30189718E+003  0.59260169E+003
  0.00000000E+000  0.00000000E+000  0.00000000E+000  0.00000000E+000  0.42236291E-001  0.36811666E+000  0.69529319E+001  0.46628740E+002  0.11401417E+003  0.30189560E+003  0.59260173E+003
  0.00000000E+000  0.00000000E+000  0.00000000E+000  0.00000000E+000  0.42231206E-001  0.36810141E+000  0.69528158E+001  0.46627856E+002  0.11401256E+003  0.30189377E+003  0.59260143E+003
  0.00000000E+000  0.00000000E+000  0.00000000E+000  0.00000000E+000  0.42226339E-001  0.36808542E+000  0.69526947E+001  0.46626932E+002  0.11401085E+003  0.30189169E+003  0.59260081E+003
  0.00000000E+000  0.00000000E+000  0.00000000E+000  0.00000000E+000  0.42221696E-001  0.36806872E+000  0.69525690E+001  0.46625969E+002  0.11400904E+003  0.30188936E+003  0.59259986E+003
  0.00000000E+000  0.00000000E+000  0.00000000E+000  0.00000000E+000  0.42217277E-001  0.36805137E+000  0.69524389E+001  0.46624969E+002  0.11400714E+003  0.30188679E+003  0.59259860E+003
  0.00000000E+000  0.00000000E+000  0.00000000E+000  0.00000000E+000  0.42213083E-001  0.36803342E+000  0.69523046E+001  0.46623934E+002  0.11400515E+003  0.30188397E+003  0.59259703E+003
  0.00000000E+000  0.00000000E+000  0.00000000E+000  0.00000000E+000  0.42209113E-001  0.36801493E+000  0.69521665E+001  0.46622867E+002  0.11400308E+003  0.30188092E+003  0.59259514E+003
  0.00000000E+000  0.00000000E+000  0.00000000E+000  0.00000000E+000  0.42205365E-001  0.36799596E+000  0.69520247E+001  0.46621770E+002  0.11400093E+003  0.30187764E+003  0.59259295E+003
  0.00000000E+000  0.00000000E+000  0.00000000E+000  0.00000000E+000  0.42201837E-001  0.36797658E+000  0.69518795E+001  0.46620644E+002  0.11399869E+003  0.30187414E+003  0.59259045E+003
  0.00000000E+000  0.00000000E+000  0.00000000E+000  0.00000000E+000  0.42198522E-001  0.36795687E+000  0.69517310E+001  0.46619494E+002  0.11399639E+003  0.30187041E+003  0.59258765E+003
  0.00000000E+000  0.00000000E+000  0.00000000E+000  0.00000000E+000  0.42195418E-001  0.36793689E+000  0.69515796E+001  0.46618321E+002  0.11399401E+003  0.30186646E+003  0.59258455E+003
  0.00000000E+000  0.00000000E+000  0.00000000E+000  0.00000000E+000  0.42192519E-001  0.36791672E+000  0.69514254E+001  0.46617127E+002  0.11399157E+003  0.30186230E+003  0.59258116E+003
  0.00000000E+000  0.00000000E+000  0.00000000E+000  0.00000000E+000  0.42189818E-001  0.36789643E+000  0.69512685E+001  0.46615915E+002  0.11398906E+003  0.30185793E+003  0.59257747E+003
  0.00000000E+000  0.00000000E+000  0.00000000E+000  0.00000000E+000  0.42187309E-001  0.36787611E+000  0.69511092E+001  0.46614687E+002  0.11398650E+003  0.30185335E+003  0.59257349E+003
  0.00000000E+000  0.00000000E+000  0.00000000E+000  0.00000000E+000  0.42184986E-001  0.36785583E+000  0.69509475E+001  0.46613447E+002  0.11398389E+003  0.30184858E+003  0.59256922E+003
  0.00000000E+000  0.00000000E+000  0.00000000E+000  0.00000000E+000  0.42182841E-001  0.36783565E+000  0.69507837E+001  0.46612195E+002  0.11398122E+003  0.30184362E+003  0.59256466E+003
  0.00000000E+000  0.00000000E+000  0.00000000E+000  0.00000000E+000  0.42180868E-001  0.36781567E+000  0.69506178E+001  0.46610935E+002  0.11397851E+003  0.30183846E+003  0.59255981E+003
  0.00000000E+000  0.00000000E+000  0.00000000E+000  0.00000000E+000  0.42179058E-001  0.36779593E+000  0.69504500E+001  0.46609668E+002  0.11397576E+003  0.30183312E+003  0.59255467E+003
  0.00000000E+000  0.00000000E+000  0.00000000E+000  0.00000000E+000  0.42177404E-001  0.36777651E+000  0.69502804E+001  0.46608397E+002  0.11397297E+003  0.30182761E+003  0.59254924E+003
  0.00000000E+000  0.00000000E+000  0.00000000E+000  0.00000000E+000  0.42175898E-001  0.36775747E+000  0.69501092E+001  0.46607124E+002  0.11397014E+003  0.30182192E+003  0.59254352E+003
  0.00000000E+000  0.00000000E+000  0.00000000E+000  0.00000000E+000  0.42174533E-001  0.36773887E+000  0.69499363E+001  0.46605851E+002  0.11396729E+003  0.30181606E+003  0.59253752E+003
  0.00000000E+000  0.00000000E+000  0.00000000E+000  0.00000000E+000  0.42173302E-001  0.36772075E+000  0.69497621E+001  0.46604579E+002  0.11396441E+003  0.30181005E+003  0.59253123E+003
  0.00000000E+000  0.00000000E+000  0.00000000E+000  0.00000000E+000  0.42172197E-001  0.36770316E+000  0.69495865E+001  0.46603311E+002  0.11396151E+003  0.30180387E+003  0.59252466E+003
  0.00000000E+000  0.00000000E+000  0.00000000E+000  0.00000000E+000  0.42171211E-001  0.36768614E+000  0.69494096E+001  0.46602048E+002  0.11395860E+003  0.30179755E+003  0.59251780E+003
  0.00000000E+000  0.00000000E+000  0.00000000E+000  0.00000000E+000  0.42170336E-001  0.36766974E+000  0.69492318E+001  0.46600793E+002  0.11395566E+003  0.30179108E+003  0.59251066E+003
  0.00000000E+000  0.00000000E+000  0.00000000E+000  0.00000000E+000  0.42169566E-001  0.36765397E+000  0.69490530E+001  0.46599545E+002  0.11395272E+003  0.30178448E+003  0.59250323E+003
  0.00000000E+000  0.00000000E+000  0.00000000E+000  0.00000000E+000  0.42168894E-001  0.36763887E+000  0.69488735E+001  0.46598307E+002  0.11394978E+003  0.30177774E+003  0.59249552E+003
  0.00000000E+000  0.00000000E+000  0.00000000E+000  0.00000000E+000  0.42168313E-001  0.36762445E+000  0.69486934E+001  0.46597080E+002  0.11394683E+003  0.30177087E+003  0.59248753E+003
  0.00000000E+000  0.00000000E+000  0.00000000E+000  0.00000000E+000  0.42167817E-001  0.36761073E+000  0.69485129E+001  0.46595866E+002  0.11394388E+003  0.30176389E+003  0.59247926E+003
  0.00000000E+000  0.00000000E+000  0.00000000E+000  0.00000000E+000  0.42167400E-001  0.36759772E+000  0.69483322E+001  0.46594665E+002  0.11394093E+003  0.30175679E+003  0.59247071E+003
  0.00000000E+000  0.00000000E+000  0.00000000E+000  0.00000000E+000  0.42167056E-001  0.36758541E+000  0.69481515E+001  0.46593478E+002  0.11393799E+003  0.30174958E+003  0.59246189E+003
  0.00000000E+000  0.00000000E+000  0.00000000E+000  0.00000000E+000  0.42166780E-001  0.36757382E+000  0.69479711E+001  0.46592306E+002  0.11393507E+003  0.30174228E+003  0.59245279E+003
  0.00000000E+000  0.00000000E+000  0.00000000E+000  0.00000000E+000  0.42166566E-001  0.36756293E+000  0.69477912E+001  0.46591151E+002  0.11393215E+003  0.30173488E+003  0.59244342E+003
  0.00000000E+000  0.00000000E+000  0.00000000E+000  0.00000000E+000  0.42166410E-001  0.36755274E+000  0.69476121E+001  0.46590011E+002  0.11392925E+003  0.30172739E+003  0.59243378E+003
  0.00000000E+000  0.00000000E+000  0.00000000E+000  0.00000000E+000  0.42166305E-001  0.36754324E+000  0.69474340E+001  0.46588890E+002  0.11392637E+003  0.30171983E+003  0.59242388E+003
  0.00000000E+000  0.00000000E+000  0.00000000E+000  0.00000000E+000  0.42166248E-001  0.36753441E+000  0.69472572E+001  0.46587785E+002  0.11392352E+003  0.30171219E+003  0.59241373E+003
  0.00000000E+000  0.00000000E+000  0.00000000E+000  0.00000000E+000  0.42166234E-001  0.36752624E+000  0.69470820E+001  0.46586699E+002  0.11392068E+003  0.30170449E+003  0.59240331E+003
  0.00000000E+000  0.00000000E+000  0.00000000E+000  0.00000000E+000  0.42166260E-001  0.36751871E+000  0.69469087E+001  0.46585632E+002  0.11391788E+003  0.30169673E+003  0.59239265E+003
  0.00000000E+000  0.00000000E+000  0.00000000E+000  0.00000000E+000  0.42166321E-001  0.36751179E+000  0.69467376E+001  0.46584583E+002  0.11391510E+003  0.30168891E+003  0.59238174E+003
  0.00000000E+000  0.00000000E+000  0.00000000E+000  0.00000000E+000  0.42166413E-001  0.36750546E+000  0.69465690E+001  0.46583553E+002  0.11391235E+003  0.30168106E+003  0.59237060E+003
  0.00000000E+000  0.00000000E+000  0.00000000E+000  0.00000000E+000  0.42166534E-001  0.36749971E+000  0.69464031E+001  0.46582542E+002  0.11390964E+003  0.30167316E+003  0.59235923E+003
  0.00000000E+000  0.00000000E+000  0.00000000E+000  0.00000000E+000  0.42166679E-001  0.36749450E+000  0.69462403E+001  0.46581550E+002  0.11390696E+003  0.30166524E+003  0.59234763E+003
  0.00000000E+000  0.00000000E+000  0.00000000E+000  0.00000000E+000  0.42166846E-001  0.36748980E+000  0.69460808E+001  0.46580577E+002  0.11390431E+003  0.30165730E+003  0.59233582E+003
  0.00000000E+000  0.00000000E+000  0.00000000E+000  0.00000000E+000  0.42167032E-001  0.36748560E+000  0.69459249E+001  0.46579622E+002  0.11390171E+003  0.30164934E+003  0.59232379E+003
  0.00000000E+000  0.00000000E+000  0.00000000E+000  0.00000000E+000  0.42167235E-001  0.36748186E+000  0.69457728E+001  0.46578687E+002  0.11389914E+003  0.30164137E+003  0.59231157E+003
  0.00000000E+000  0.00000000E+000  0.00000000E+000  0.00000000E+000  0.42167451E-001  0.36747856E+000  0.69456247E+001  0.46577771E+002  0.11389662E+003  0.30163340E+003  0.59229916E+003
  0.00000000E+000  0.00000000E+000  0.00000000E+000  0.00000000E+000  0.42167679E-001  0.36747566E+000  0.69454810E+001  0.46576874E+002  0.11389414E+003  0.30162544E+003  0.59228657E+003
  0.00000000E+000  0.00000000E+000  0.00000000E+000  0.00000000E+000  0.42167916E-001  0.36747316E+000  0.69453417E+001  0.46575995E+002  0.11389169E+003  0.30161749E+003  0.59227380E+003
  0.00000000E+000  0.00000000E+000  0.00000000E+000  0.00000000E+000  0.42168160E-001  0.36747101E+000  0.69452070E+001  0.46575135E+002  0.11388930E+003  0.30160957E+003  0.59226088E+003
  0.00000000E+000  0.00000000E+000  0.00000000E+000  0.00000000E+000  0.42168410E-001  0.36746919E+000  0.69450772E+001  0.46574293E+002  0.11388694E+003  0.30160167E+003  0.59224781E+003
  0.00000000E+000  0.00000000E+000  0.00000000E+000  0.00000000E+000  0.42168663E-001  0.36746768E+000  0.69449522E+001  0.46573469E+002  0.11388464E+003  0.30159380E+003  0.59223459E+003
  0.00000000E+000  0.00000000E+000  0.00000000E+000  0.00000000E+000  0.42168919E-001  0.36746645E+000  0.69448323E+001  0.46572663E+002  0.11388237E+003  0.30158598E+003  0.59222125E+003
  0.00000000E+000  0.00000000E+000  0.00000000E+000  0.00000000E+000  0.42169176E-001  0.36746548E+000  0.69447175E+001  0.46571875E+002  0.11388015E+003  0.30157820E+003  0.59220779E+003
  0.00000000E+000  0.00000000E+000  0.00000000E+000  0.00000000E+000  0.42169432E-001  0.36746475E+000  0.69446078E+001  0.46571105E+002  0.11387798E+003  0.30157048E+003  0.59219423E+003
  0.00000000E+000  0.00000000E+000  0.00000000E+000  0.00000000E+000  0.42169686E-001  0.36746423E+000  0.69445034E+001  0.46570352E+002  0.11387586E+003  0.30156281E+003  0.59218058E+003
  0.00000000E+000  0.00000000E+000  0.00000000E+000  0.00000000E+000  0.42169938E-001  0.36746391E+000  0.69444041E+001  0.46569617E+002  0.11387377E+003  0.30155521E+003  0.59216684E+003
  0.00000000E+000  0.00000000E+000  0.00000000E+000  0.00000000E+000  0.42170186E-001  0.36746376E+000  0.69443099E+001  0.46568899E+002  0.11387174E+003  0.30154768E+003  0.59215304E+003
  0.00000000E+000  0.00000000E+000  0.00000000E+000  0.00000000E+000  0.42170430E-001  0.36746377E+000  0.69442210E+001  0.46568199E+002  0.11386975E+003  0.30154022E+003  0.59213919E+003
  0.00000000E+000  0.00000000E+000  0.00000000E+000  0.00000000E+000  0.42170668E-001  0.36746393E+000  0.69441371E+001  0.46567516E+002  0.11386781E+003  0.30153284E+003  0.59212529E+003
  0.00000000E+000  0.00000000E+000  0.00000000E+000  0.00000000E+000  0.42170901E-001  0.36746420E+000  0.69440582E+001  0.46566850E+002  0.11386591E+003  0.30152555E+003  0.59211136E+003
  0.00000000E+000  0.00000000E+000  0.00000000E+000  0.00000000E+000  0.42171127E-001  0.36746459E+000  0.69439842E+001  0.46566201E+002  0.11386406E+003  0.30151834E+003  0.59209741E+003
  0.00000000E+000  0.00000000E+000  0.00000000E+000  0.00000000E+000  0.42171346E-001  0.36746506E+000  0.69439150E+001  0.46565569E+002  0.11386225E+003  0.30151123E+003  0.59208345E+003
  0.00000000E+000  0.00000000E+000  0.00000000E+000  0.00000000E+000  0.42171558E-001  0.36746562E+000  0.69438505E+001  0.46564954E+002  0.11386048E+003  0.30150422E+003  0.59206951E+003
  0.00000000E+000  0.00000000E+000  0.00000000E+000  0.00000000E+000  0.42171762E-001  0.36746625E+000  0.69437905E+001  0.46564356E+002  0.11385876E+003  0.30149730E+003  0.59205558E+003
  0.00000000E+000  0.00000000E+000  0.00000000E+000  0.00000000E+000  0.42171958E-001  0.36746693E+000  0.69437349E+001  0.46563775E+002  0.11385708E+003  0.30149049E+003  0.59204169E+003
  0.00000000E+000  0.00000000E+000  0.00000000E+000  0.00000000E+000  0.42172146E-001  0.36746766E+000  0.69436836E+001  0.46563212E+002  0.11385545E+003  0.30148379E+003  0.59202783E+003
  0.00000000E+000  0.00000000E+000  0.00000000E+000  0.00000000E+000  0.42172326E-001  0.36746843E+000  0.69436363E+001  0.46562665E+002  0.11385385E+003  0.30147719E+003  0.59201404E+003
  0.00000000E+000  0.00000000E+000  0.00000000E+000  0.00000000E+000  0.42172498E-001  0.36746922E+000  0.69435929E+001  0.46562135E+002  0.11385230E+003  0.30147071E+003  0.59200031E+003
  0.00000000E+000  0.00000000E+000  0.00000000E+000  0.00000000E+000  0.42172661E-001  0.36747003E+000  0.69435533E+001  0.46561621E+002  0.11385079E+003  0.30146434E+003  0.59198665E+003
  0.00000000E+000  0.00000000E+000  0.00000000E+000  0.00000000E+000  0.42172816E-001  0.36747086E+000  0.69435171E+001  0.46561125E+002  0.11384932E+003  0.30145808E+003  0.59197309E+003
  0.00000000E+000  0.00000000E+000  0.00000000E+000  0.00000000E+000  0.42172962E-001  0.36747169E+000  0.69434844E+001  0.46560645E+002  0.11384789E+003  0.30145195E+003  0.59195962E+003
  0.00000000E+000  0.00000000E+000  0.00000000E+000  0.00000000E+000  0.42173101E-001  0.36747252E+000  0.69434548E+001  0.46560183E+002  0.11384650E+003  0.30144593E+003  0.59194626E+003
  0.00000000E+000  0.00000000E+000  0.00000000E+000  0.00000000E+000  0.42173231E-001  0.36747335E+000  0.69434281E+001  0.46559736E+002  0.11384515E+003  0.30144003E+003  0.59193303E+003
  0.00000000E+000  0.00000000E+000  0.00000000E+000  0.00000000E+000  0.42173353E-001  0.36747417E+000  0.69434043E+001  0.46559306E+002  0.11384383E+003  0.30143425E+003  0.59191991E+003
  0.00000000E+000  0.00000000E+000  0.00000000E+000  0.00000000E+000  0.42173468E-001  0.36747497E+000  0.69433831E+001  0.46558893E+002  0.11384256E+003  0.30142859E+003  0.59190694E+003
  0.00000000E+000  0.00000000E+000  0.00000000E+000  0.00000000E+000  0.42173575E-001  0.36747575E+000  0.69433644E+001  0.46558496E+002  0.11384132E+003  0.30142305E+003  0.59189411E+003
  0.00000000E+000  0.00000000E+000  0.00000000E+000  0.00000000E+000  0.42173675E-001  0.36747652E+000  0.69433480E+001  0.46558114E+002  0.11384012E+003  0.30141763E+003  0.59188143E+003
  0.00000000E+000  0.00000000E+000  0.00000000E+000  0.00000000E+000  0.42173767E-001  0.36747726E+000  0.69433336E+001  0.46557749E+002  0.11383895E+003  0.30141234E+003  0.59186891E+003
  0.00000000E+000  0.00000000E+000  0.00000000E+000  0.00000000E+000  0.42173853E-001  0.36747798E+000  0.69433212E+001  0.46557399E+002  0.11383782E+003  0.30140717E+003  0.59185656E+003
  0.00000000E+000  0.00000000E+000  0.00000000E+000  0.00000000E+000  0.42173932E-001  0.36747867E+000  0.69433106E+001  0.46557065E+002  0.11383672E+003  0.30140211E+003  0.59184439E+003
  0.00000000E+000  0.00000000E+000  0.00000000E+000  0.00000000E+000  0.42174005E-001  0.36747934E+000  0.69433017E+001  0.46556746E+002  0.11383566E+003  0.30139718E+003  0.59183239E+003
  0.00000000E+000  0.00000000E+000  0.00000000E+000  0.00000000E+000  0.42174073E-001  0.36747997E+000  0.69432942E+001  0.46556442E+002  0.11383463E+003  0.30139237E+003  0.59182058E+003
  0.00000000E+000  0.00000000E+000  0.00000000E+000  0.00000000E+000  0.42174134E-001  0.36748058E+000  0.69432881E+001  0.46556152E+002  0.11383364E+003  0.30138768E+003  0.59180895E+003
  0.00000000E+000  0.00000000E+000  0.00000000E+000  0.00000000E+000  0.42174190E-001  0.36748115E+000  0.69432833E+001  0.46555877E+002  0.11383268E+003  0.30138310E+003  0.59179753E+003
  0.00000000E+000  0.00000000E+000  0.00000000E+000  0.00000000E+000  0.42174241E-001  0.36748170E+000  0.69432796E+001  0.46555615E+002  0.11383175E+003  0.30137865E+003  0.59178630E+003
  0.00000000E+000  0.00000000E+000  0.00000000E+000  0.00000000E+000  0.42174287E-001  0.36748222E+000  0.69432768E+001  0.46555367E+002  0.11383085E+003  0.30137431E+003  0.59177527E+003
  0.00000000E+000  0.00000000E+000  0.00000000E+000  0.00000000E+000  0.42174328E-001  0.36748270E+000  0.69432750E+001  0.46555133E+002  0.11382999E+003  0.30137008E+003  0.59176445E+003
  0.00000000E+000  0.00000000E+000  0.00000000E+000  0.00000000E+000  0.42174366E-001  0.36748316E+000  0.69432739E+001  0.46554911E+002  0.11382915E+003  0.30136597E+003  0.59175384E+003
  0.00000000E+000  0.00000000E+000  0.00000000E+000  0.00000000E+000  0.42174399E-001  0.36748358E+000  0.69432736E+001  0.46554702E+002  0.11382835E+003  0.30136197E+003  0.59174344E+003
  0.00000000E+000  0.00000000E+000  0.00000000E+000  0.00000000E+000  0.42174428E-001  0.36748398E+000  0.69432738E+001  0.46554505E+002  0.11382758E+003  0.30135808E+003  0.59173325E+003
  0.00000000E+000  0.00000000E+000  0.00000000E+000  0.00000000E+000  0.42174455E-001  0.36748435E+000  0.69432746E+001  0.46554319E+002  0.11382683E+003  0.30135431E+003  0.59172327E+003
  0.00000000E+000  0.00000000E+000  0.00000000E+000  0.00000000E+000  0.42174478E-001  0.36748470E+000  0.69432758E+001  0.46554145E+002  0.11382612E+003  0.30135064E+003  0.59171351E+003
  0.00000000E+000  0.00000000E+000  0.00000000E+000  0.00000000E+000  0.42174498E-001  0.36748502E+000  0.69432774E+001  0.46553982E+002  0.11382543E+003  0.30134708E+003  0.59170397E+003
  0.00000000E+000  0.00000000E+000  0.00000000E+000  0.00000000E+000  0.42174515E-001  0.36748531E+000  0.69432793E+001  0.46553829E+002  0.11382477E+003  0.30134362E+003  0.59169464E+003
  0.00000000E+000  0.00000000E+000  0.00000000E+000  0.00000000E+000  0.42174530E-001  0.36748558E+000  0.69432815E+001  0.46553686E+002  0.11382414E+003  0.30134027E+003  0.59168553E+003
  0.00000000E+000  0.00000000E+000  0.00000000E+000  0.00000000E+000  0.42174542E-001  0.36748583E+000  0.69432839E+001  0.46553552E+002  0.11382353E+003  0.30133701E+003  0.59167663E+003
  0.00000000E+000  0.00000000E+000  0.00000000E+000  0.00000000E+000  0.42174553E-001  0.36748605E+000  0.69432865E+001  0.46553428E+002  0.11382295E+003  0.30133386E+003  0.59166796E+003
  0.00000000E+000  0.00000000E+000  0.00000000E+000  0.00000000E+000  0.42174561E-001  0.36748626E+000  0.69432891E+001  0.46553312E+002  0.11382240E+003  0.30133081E+003  0.59165949E+003
  0.00000000E+000  0.00000000E+000  0.00000000E+000  0.00000000E+000  0.42174568E-001  0.36748645E+000  0.69432919E+001  0.46553205E+002  0.11382187E+003  0.30132786E+003  0.59165124E+003
  0.00000000E+000  0.00000000E+000  0.00000000E+000  0.00000000E+000  0.42174574E-001  0.36748662E+000  0.69432947E+001  0.46553105E+002  0.11382137E+003  0.30132500E+003  0.59164321E+003
  0.00000000E+000  0.00000000E+000  0.00000000E+000  0.00000000E+000  0.42174578E-001  0.36748677E+000  0.69432975E+001  0.46553013E+002  0.11382088E+003  0.30132224E+003  0.59163538E+003
  0.00000000E+000  0.00000000E+000  0.00000000E+000  0.00000000E+000  0.42174581E-001  0.36748690E+000  0.69433003E+001  0.46552928E+002  0.11382043E+003  0.30131957E+003  0.59162777E+003
  0.00000000E+000  0.00000000E+000  0.00000000E+000  0.00000000E+000  0.42174582E-001  0.36748702E+000  0.69433031E+001  0.46552849E+002  0.11381999E+003  0.30131699E+003  0.59162036E+003
  0.00000000E+000  0.00000000E+000  0.00000000E+000  0.00000000E+000  0.42174583E-001  0.36748713E+000  0.69433059E+001  0.46552777E+002  0.11381958E+003  0.30131450E+003  0.59161316E+003
