  0.12241026E-002
  0.17633443E-002
  0.22391380E-002
  0.26516997E-002
  0.30076635E-002
  0.33128319E-002
  0.35742567E-002
  0.37977069E-002
  0.39882149E-002
  0.41509638E-002
  0.42897096E-002
  0.44079295E-002
  0.45086946E-002
  0.45944421E-002
  0.46673292E-002
  0.47292912E-002
  0.47818903E-002
  0.48264275E-002
  0.48641423E-002
  0.48959629E-002
  0.49227725E-002
  0.49452681E-002
  0.49640730E-002
  0.49797328E-002
  0.49926889E-002
  0.50033445E-002
  0.50120363E-002
  0.50190595E-002
  0.50246676E-002
  0.50290802E-002
  0.50324861E-002
  0.50350500E-002
  0.50369119E-002
  0.50381924E-002
  0.50389953E-002
  0.50394084E-002
  0.50395062E-002
  0.50393525E-002
  0.50389982E-002
  0.50384880E-002
  0.50378560E-002
  0.50371326E-002
  0.50363402E-002
  0.50354981E-002
  0.50346201E-002
  0.50337185E-002
  0.50328007E-002
  0.50318748E-002
  0.50309450E-002
  0.50300155E-002
  0.50290889E-002
  0.50281674E-002
  0.50272535E-002
  0.50263486E-002
  0.50254535E-002
  0.50245695E-002
  0.50236970E-002
  0.50228373E-002
  0.50219911E-002
  0.50211591E-002
  0.50203424E-002
  0.50195414E-002
  0.50187568E-002
  0.50179893E-002
  0.50172397E-002
  0.50165080E-002
  0.50157949E-002
  0.50151000E-002
  0.50144241E-002
  0.50137665E-002
  0.50131272E-002
  0.50125058E-002
  0.50119019E-002
  0.50113148E-002
  0.50107444E-002
  0.50101896E-002
  0.50096504E-002
  0.50091261E-002
  0.50086166E-002
  0.50081214E-002
  0.50076405E-002
  0.50071741E-002
  0.50067219E-002
  0.50062844E-002
  0.50058617E-002
  0.50054541E-002
  0.50050619E-002
  0.50046856E-002
  0.50043252E-002
  0.50039810E-002
  0.50036533E-002
  0.50033421E-002
  0.50030473E-002
  0.50027689E-002
  0.50025068E-002
  0.50022606E-002
  0.50020302E-002
  0.50018149E-002
  0.50016144E-002
  0.50014282E-002
  0.50012557E-002
  0.50010963E-002
  0.50009493E-002
  0.50008143E-002
  0.50006905E-002
  0.50005774E-002
  0.50004742E-002
  0.50003804E-002
  0.50002954E-002
  0.50002185E-002
  0.50001493E-002
  0.50000872E-002
  0.50000317E-002
  0.49999824E-002
  0.49999386E-002
  0.49999001E-002
  0.49998664E-002
  0.49998370E-002
  0.49998117E-002
  0.49997901E-002
  0.49997719E-002
  0.49997567E-002
  0.49997443E-002
  0.49997345E-002
  0.49997270E-002
  0.49997215E-002
  0.49997179E-002
  0.49997160E-002
  0.49997156E-002
  0.49997165E-002
  0.49997186E-002
  0.49997217E-002
  0.49997258E-002
  0.49997306E-002
  0.49997362E-002
  0.49997423E-002
  0.49997489E-002
  0.49997560E-002
  0.49997634E-002
  0.49997711E-002
  0.49997790E-002
  0.49997871E-002
  0.49997952E-002
  0.49998035E-002
  0.49998117E-002
  0.49998200E-002
  0.49998281E-002
  0.49998363E-002
  0.49998442E-002
  0.49998521E-002
  0.49998598E-002
  0.49998673E-002
  0.49998746E-002
  0.49998818E-002
  0.49998887E-002
  0.49998954E-002
  0.49999018E-002
  0.49999080E-002
  0.49999140E-002
  0.49999197E-002
  0.49999252E-002
  0.49999304E-002
  0.49999354E-002
  0.49999401E-002
  0.49999446E-002
  0.49999489E-002
  0.49999529E-002
  0.49999567E-002
  0.49999603E-002
  0.49999636E-002
  0.49999667E-002
  0.49999696E-002
  0.49999723E-002
  0.49999749E-002
  0.49999773E-002
  0.49999794E-002
  0.49999814E-002
  0.49999833E-002
  0.49999849E-002
  0.49999865E-002
  0.49999879E-002
  0.49999892E-002
  0.49999904E-002
  0.49999914E-002
  0.49999924E-002
  0.49999932E-002
  0.49999940E-002
  0.49999947E-002
  0.49999953E-002
  0.49999959E-002
  0.49999963E-002
  0.49999968E-002
  0.49999971E-002
  0.49999974E-002
  0.49999977E-002
  0.49999979E-002
  0.49999981E-002
  0.49999982E-002
  0.49999969E-002
  0.49999955E-002
