  0.16108703E-001
  0.16647945E-001
  0.17123738E-001
  0.17536300E-001
  0.17892264E-001
  0.18197432E-001
  0.18458857E-001
  0.18682307E-001
  0.18872815E-001
  0.19035564E-001
  0.19174310E-001
  0.19292530E-001
  0.19393295E-001
  0.19479042E-001
  0.19551930E-001
  0.19613892E-001
  0.19666491E-001
  0.19711028E-001
  0.19748743E-001
  0.19780563E-001
  0.19807373E-001
  0.19829869E-001
  0.19848673E-001
  0.19864333E-001
  0.19877289E-001
  0.19887945E-001
  0.19896637E-001
  0.19903660E-001
  0.19909268E-001
  0.19913681E-001
  0.19917086E-001
  0.19919650E-001
  0.19921512E-001
  0.19922793E-001
  0.19923596E-001
  0.19924009E-001
  0.19924107E-001
  0.19923953E-001
  0.19923599E-001
  0.19923088E-001
  0.19922456E-001
  0.19921733E-001
  0.19920941E-001
  0.19920099E-001
  0.19919221E-001
  0.19918319E-001
  0.19917401E-001
  0.19916475E-001
  0.19915545E-001
  0.19914616E-001
  0.19913689E-001
  0.19912768E-001
  0.19911854E-001
  0.19910949E-001
  0.19910054E-001
  0.19909170E-001
  0.19908297E-001
  0.19907438E-001
  0.19906591E-001
  0.19905760E-001
  0.19904943E-001
  0.19904142E-001
  0.19903357E-001
  0.19902590E-001
  0.19901840E-001
  0.19901108E-001
  0.19900395E-001
  0.19899700E-001
  0.19899024E-001
  0.19898367E-001
  0.19897728E-001
  0.19897106E-001
  0.19896502E-001
  0.19895915E-001
  0.19895345E-001
  0.19894790E-001
  0.19894251E-001
  0.19893727E-001
  0.19893217E-001
  0.19892722E-001
  0.19892241E-001
  0.19891774E-001
  0.19891322E-001
  0.19890885E-001
  0.19890462E-001
  0.19890055E-001
  0.19889662E-001
  0.19889286E-001
  0.19888926E-001
  0.19888581E-001
  0.19888254E-001
  0.19887942E-001
  0.19887648E-001
  0.19887369E-001
  0.19887107E-001
  0.19886861E-001
  0.19886631E-001
  0.19886415E-001
  0.19886215E-001
  0.19886029E-001
  0.19885856E-001
  0.19885697E-001
  0.19885550E-001
  0.19885415E-001
  0.19885291E-001
  0.19885178E-001
  0.19885075E-001
  0.19884981E-001
  0.19884896E-001
  0.19884819E-001
  0.19884750E-001
  0.19884688E-001
  0.19884632E-001
  0.19884583E-001
  0.19884539E-001
  0.19884500E-001
  0.19884467E-001
  0.19884437E-001
  0.19884412E-001
  0.19884391E-001
  0.19884372E-001
  0.19884357E-001
  0.19884345E-001
  0.19884335E-001
  0.19884327E-001
  0.19884322E-001
  0.19884318E-001
  0.19884316E-001
  0.19884316E-001
  0.19884317E-001
  0.19884319E-001
  0.19884322E-001
  0.19884326E-001
  0.19884331E-001
  0.19884337E-001
  0.19884343E-001
  0.19884349E-001
  0.19884356E-001
  0.19884364E-001
  0.19884371E-001
  0.19884379E-001
  0.19884387E-001
  0.19884396E-001
  0.19884404E-001
  0.19884412E-001
  0.19884420E-001
  0.19884429E-001
  0.19884437E-001
  0.19884445E-001
  0.19884453E-001
  0.19884460E-001
  0.19884468E-001
  0.19884475E-001
  0.19884482E-001
  0.19884489E-001
  0.19884496E-001
  0.19884502E-001
  0.19884508E-001
  0.19884514E-001
  0.19884520E-001
  0.19884526E-001
  0.19884531E-001
  0.19884536E-001
  0.19884541E-001
  0.19884545E-001
  0.19884549E-001
  0.19884553E-001
  0.19884557E-001
  0.19884561E-001
  0.19884564E-001
  0.19884567E-001
  0.19884570E-001
  0.19884573E-001
  0.19884575E-001
  0.19884578E-001
  0.19884580E-001
  0.19884582E-001
  0.19884584E-001
  0.19884585E-001
  0.19884587E-001
  0.19884588E-001
  0.19884590E-001
  0.19884591E-001
  0.19884592E-001
  0.19884593E-001
  0.19884594E-001
  0.19884594E-001
  0.19884595E-001
  0.19884596E-001
  0.19884596E-001
  0.19884597E-001
  0.19884597E-001
  0.19884598E-001
  0.19884598E-001
  0.19884598E-001
  0.19884598E-001
  0.19884599E-001
  0.19884599E-001
  0.19884597E-001
  0.19884596E-001
