  0.30347792E+002
  0.30305504E+002
  0.30269592E+002
  0.30239139E+002
  0.30213340E+002
  0.30191499E+002
  0.30173021E+002
  0.30157398E+002
  0.30144201E+002
  0.30133064E+002
  0.30123680E+002
  0.30115784E+002
  0.30109154E+002
  0.30103601E+002
  0.30098965E+002
  0.30095111E+002
  0.30091924E+002
  0.30089307E+002
  0.30087177E+002
  0.30085465E+002
  0.30084109E+002
  0.30083061E+002
  0.30082275E+002
  0.30081714E+002
  0.30081348E+002
  0.30081148E+002
  0.30081091E+002
  0.30081157E+002
  0.30081329E+002
  0.30081591E+002
  0.30081932E+002
  0.30082340E+002
  0.30082805E+002
  0.30083321E+002
  0.30083879E+002
  0.30084476E+002
  0.30085104E+002
  0.30085762E+002
  0.30086445E+002
  0.30087151E+002
  0.30087877E+002
  0.30088622E+002
  0.30089383E+002
  0.30090161E+002
  0.30090954E+002
  0.30091761E+002
  0.30092581E+002
  0.30093414E+002
  0.30094260E+002
  0.30095118E+002
  0.30095987E+002
  0.30096868E+002
  0.30097759E+002
  0.30098661E+002
  0.30099573E+002
  0.30100494E+002
  0.30101425E+002
  0.30102365E+002
  0.30103314E+002
  0.30104271E+002
  0.30105236E+002
  0.30106208E+002
  0.30107189E+002
  0.30108176E+002
  0.30109171E+002
  0.30110173E+002
  0.30111181E+002
  0.30112196E+002
  0.30113217E+002
  0.30114245E+002
  0.30115279E+002
  0.30116319E+002
  0.30117365E+002
  0.30118416E+002
  0.30119472E+002
  0.30120534E+002
  0.30121599E+002
  0.30122669E+002
  0.30123741E+002
  0.30124817E+002
  0.30125895E+002
  0.30126974E+002
  0.30128054E+002
  0.30129134E+002
  0.30130213E+002
  0.30131291E+002
  0.30132367E+002
  0.30133440E+002
  0.30134511E+002
  0.30135578E+002
  0.30136641E+002
  0.30137700E+002
  0.30138755E+002
  0.30139805E+002
  0.30140851E+002
  0.30141892E+002
  0.30142928E+002
  0.30143960E+002
  0.30144988E+002
  0.30146011E+002
  0.30147031E+002
  0.30148047E+002
  0.30149060E+002
  0.30150069E+002
  0.30151076E+002
  0.30152080E+002
  0.30153082E+002
  0.30154082E+002
  0.30155080E+002
  0.30156077E+002
  0.30157073E+002
  0.30158068E+002
  0.30159063E+002
  0.30160057E+002
  0.30161051E+002
  0.30162044E+002
  0.30163038E+002
  0.30164032E+002
  0.30165027E+002
  0.30166022E+002
  0.30167017E+002
  0.30168013E+002
  0.30169009E+002
  0.30170006E+002
  0.30171003E+002
  0.30172001E+002
  0.30172999E+002
  0.30173997E+002
  0.30174995E+002
  0.30175993E+002
  0.30176991E+002
  0.30177988E+002
  0.30178985E+002
  0.30179981E+002
  0.30180975E+002
  0.30181969E+002
  0.30182960E+002
  0.30183950E+002
  0.30184937E+002
  0.30185922E+002
  0.30186904E+002
  0.30187882E+002
  0.30188858E+002
  0.30189829E+002
  0.30190796E+002
  0.30191758E+002
  0.30192716E+002
  0.30193668E+002
  0.30194614E+002
  0.30195555E+002
  0.30196489E+002
  0.30197416E+002
  0.30198337E+002
  0.30199249E+002
  0.30200154E+002
  0.30201051E+002
  0.30201940E+002
  0.30202819E+002
  0.30203689E+002
  0.30204550E+002
  0.30205401E+002
  0.30206242E+002
  0.30207073E+002
  0.30207893E+002
  0.30208702E+002
  0.30209500E+002
  0.30210287E+002
  0.30211062E+002
  0.30211825E+002
  0.30212576E+002
  0.30213314E+002
  0.30214040E+002
  0.30214754E+002
  0.30215455E+002
  0.30216143E+002
  0.30216818E+002
  0.30217480E+002
  0.30218129E+002
  0.30218764E+002
  0.30219387E+002
  0.30219995E+002
  0.30220591E+002
  0.30221173E+002
  0.30221741E+002
  0.30222297E+002
  0.30222838E+002
  0.30223367E+002
  0.30223882E+002
  0.30224384E+002
  0.30224872E+002
  0.30225348E+002
  0.30225811E+002
  0.30226260E+002
  0.30226698E+002
  0.30227122E+002
  0.30227534E+002
  0.30227933E+002
  0.30228321E+002
  0.30228696E+002
  0.30229059E+002
