  0.20743316E+001  0.12783381E+001  0.89957934E+001  0.10904272E+003
  0.20417081E+001  0.11342754E+001  0.87052151E+001  0.10934083E+003
  0.19081027E+001  0.11756749E+001  0.86174907E+001  0.10937711E+003
  0.18878999E+001  0.11663455E+001  0.83688911E+001  0.10953343E+003
  0.17875322E+001  0.11672124E+001  0.81044285E+001  0.10979420E+003
  0.17400106E+001  0.10745983E+001  0.75813931E+001  0.11037001E+003
  0.17243127E+001  0.89992060E+000  0.75818620E+001  0.11048600E+003
  0.17073102E+001  0.90131986E+000  0.75345509E+001  0.11048643E+003
  0.16953766E+001  0.89609696E+000  0.75241043E+001  0.11046124E+003
  0.16887107E+001  0.89195389E+000  0.74442051E+001  0.11050740E+003
  0.16727316E+001  0.89754703E+000  0.74187799E+001  0.11050567E+003
  0.16389858E+001  0.91446448E+000  0.74200788E+001  0.11048962E+003
  0.15485665E+001  0.99928954E+000  0.73839090E+001  0.11050486E+003
  0.15329432E+001  0.10091950E+001  0.73769778E+001  0.11049530E+003
  0.15305135E+001  0.10077878E+001  0.73699817E+001  0.11048759E+003
  0.15230755E+001  0.10132361E+001  0.73498344E+001  0.11049431E+003
  0.15207488E+001  0.10121668E+001  0.73323684E+001  0.11050242E+003
  0.15156881E+001  0.10166863E+001  0.73169039E+001  0.11050796E+003
  0.15119647E+001  0.10197798E+001  0.73168457E+001  0.11050013E+003
  0.15096576E+001  0.10155174E+001  0.73167709E+001  0.11049993E+003
  0.15058759E+001  0.10183204E+001  0.73172586E+001  0.11049500E+003
  0.15017623E+001  0.10222581E+001  0.73166047E+001  0.11049163E+003
  0.14981377E+001  0.10254888E+001  0.72344990E+001  0.11057099E+003
  0.14981549E+001  0.10254307E+001  0.72332293E+001  0.11057006E+003
  0.14976747E+001  0.10259088E+001  0.72333846E+001  0.11056844E+003
  0.14977034E+001  0.10258891E+001  0.71565394E+001  0.11064447E+003
  0.14977115E+001  0.10258942E+001  0.70810223E+001  0.11071975E+003
  0.14977315E+001  0.10259119E+001  0.70804495E+001  0.11072055E+003
  0.14976097E+001  0.10260822E+001  0.70804889E+001  0.11072115E+003
  0.14976457E+001  0.10261101E+001  0.70804746E+001  0.11072215E+003
  0.14976528E+001  0.10261721E+001  0.70805006E+001  0.11072342E+003
  0.14976897E+001  0.10259979E+001  0.70807351E+001  0.11072495E+003
  0.14977291E+001  0.10260333E+001  0.70807596E+001  0.11072671E+003
  0.14977694E+001  0.10260717E+001  0.70807820E+001  0.11072867E+003
  0.14978106E+001  0.10261116E+001  0.70808037E+001  0.11073081E+003
  0.14978526E+001  0.10261530E+001  0.70808248E+001  0.11073309E+003
  0.14978953E+001  0.10261957E+001  0.70843476E+001  0.11064593E+003
  0.14979388E+001  0.10262397E+001  0.70836973E+001  0.11065901E+003
  0.14979829E+001  0.10262849E+001  0.70830831E+001  0.11067161E+003
  0.14980277E+001  0.10263311E+001  0.70825055E+001  0.11068374E+003
  0.14980731E+001  0.10263783E+001  0.70819646E+001  0.11069537E+003
  0.14981191E+001  0.10264264E+001  0.70814606E+001  0.11070650E+003
  0.14981657E+001  0.10264753E+001  0.70809935E+001  0.11071712E+003
  0.14982129E+001  0.10265249E+001  0.70805632E+001  0.11072724E+003
  0.14982607E+001  0.10265752E+001  0.70801693E+001  0.11073685E+003
  0.14983090E+001  0.10266273E+001  0.70798103E+001  0.11074598E+003
  0.14983578E+001  0.10266787E+001  0.70794877E+001  0.11075462E+003
  0.14984072E+001  0.10267307E+001  0.70791997E+001  0.11076279E+003
  0.14984571E+001  0.10267831E+001  0.70789845E+001  0.11077283E+003
  0.14985074E+001  0.10268359E+001  0.70788160E+001  0.11077633E+003
  0.14985582E+001  0.10268891E+001  0.70788491E+001  0.11077967E+003
  0.14986095E+001  0.10269427E+001  0.70788846E+001  0.11078305E+003
  0.14986611E+001  0.10269966E+001  0.70789225E+001  0.11078647E+003
  0.14987132E+001  0.10270509E+001  0.70789632E+001  0.11078993E+003
  0.14987655E+001  0.10271056E+001  0.70790067E+001  0.11079343E+003
  0.14988196E+001  0.10273722E+001  0.70788403E+001  0.11079696E+003
  0.14988725E+001  0.10274277E+001  0.70788898E+001  0.11080052E+003
  0.14989257E+001  0.10274836E+001  0.70789425E+001  0.11080412E+003
  0.14989790E+001  0.10275399E+001  0.70792004E+001  0.11080755E+003
  0.14990325E+001  0.10275967E+001  0.70792600E+001  0.11081121E+003
  0.14990945E+001  0.10276453E+001  0.70793230E+001  0.11081489E+003
  0.14991481E+001  0.10277030E+001  0.70793895E+001  0.11081861E+003
  0.14992016E+001  0.10277611E+001  0.70794596E+001  0.11082235E+003
  0.14992550E+001  0.10278196E+001  0.70795332E+001  0.11082611E+003
  0.14993091E+001  0.10278778E+001  0.70817511E+001  0.11082776E+003
  0.14993621E+001  0.10279373E+001  0.70818320E+001  0.11083157E+003
  0.14994148E+001  0.10279970E+001  0.70819168E+001  0.11083541E+003
  0.14994672E+001  0.10280575E+001  0.70820050E+001  0.11083927E+003
  0.14995192E+001  0.10281194E+001  0.70820960E+001  0.11084315E+003
  0.14995708E+001  0.10281818E+001  0.70821908E+001  0.11084705E+003
  0.14996218E+001  0.10282534E+001  0.70875201E+001  0.11076854E+003
  0.14996723E+001  0.10283157E+001  0.70876978E+001  0.11077132E+003
  0.14997431E+001  0.10283567E+001  0.70878854E+001  0.11077403E+003
  0.14997923E+001  0.10284183E+001  0.70880827E+001  0.11077668E+003
  0.14998408E+001  0.10284794E+001  0.70882892E+001  0.11077929E+003
  0.14998886E+001  0.10285398E+001  0.70885047E+001  0.11078185E+003
  0.14999357E+001  0.10285995E+001  0.70887288E+001  0.11078437E+003
  0.14999819E+001  0.10286584E+001  0.70889613E+001  0.11078685E+003
  0.15000274E+001  0.10287162E+001  0.70892018E+001  0.11078930E+003
  0.15000720E+001  0.10287731E+001  0.70894500E+001  0.11079172E+003
  0.15001157E+001  0.10288288E+001  0.70897055E+001  0.11079412E+003
  0.15001586E+001  0.10288833E+001  0.70899679E+001  0.11079649E+003
  0.15002007E+001  0.10289366E+001  0.70902369E+001  0.11079885E+003
  0.15002418E+001  0.10289886E+001  0.70905120E+001  0.11080118E+003
  0.15002821E+001  0.10290392E+001  0.70841916E+001  0.11090735E+003
  0.15003216E+001  0.10290884E+001  0.70843670E+001  0.11091140E+003
  0.15003602E+001  0.10291362E+001  0.70845469E+001  0.11091544E+003
  0.15003979E+001  0.10291826E+001  0.70847311E+001  0.11091946E+003
  0.15004348E+001  0.10292275E+001  0.70849192E+001  0.11092347E+003
  0.15004708E+001  0.10292709E+001  0.70851110E+001  0.11092747E+003
  0.15005061E+001  0.10293128E+001  0.70853059E+001  0.11093145E+003
  0.15005405E+001  0.10293532E+001  0.70855037E+001  0.11093542E+003
  0.15005741E+001  0.10293921E+001  0.70857038E+001  0.11093936E+003
  0.15006069E+001  0.10294295E+001  0.70859058E+001  0.11094329E+003
  0.15006389E+001  0.10294654E+001  0.70861092E+001  0.11094720E+003
  0.15006701E+001  0.10294998E+001  0.70863136E+001  0.11095110E+003
  0.15007006E+001  0.10295331E+001  0.70865180E+001  0.11095497E+003
  0.15007302E+001  0.10295645E+001  0.70867226E+001  0.11095884E+003
  0.15007591E+001  0.10295945E+001  0.70869266E+001  0.11096269E+003
  0.15007871E+001  0.10296230E+001  0.70871294E+001  0.11096652E+003
  0.15008143E+001  0.10296502E+001  0.70873304E+001  0.11097034E+003
  0.15008406E+001  0.10296760E+001  0.70875292E+001  0.11097416E+003
  0.15008661E+001  0.10297005E+001  0.70877252E+001  0.11097796E+003
  0.15008908E+001  0.10297237E+001  0.70879179E+001  0.11098176E+003
  0.15009145E+001  0.10297456E+001  0.70881068E+001  0.11098555E+003
  0.15009373E+001  0.10297664E+001  0.70882914E+001  0.11098934E+003
  0.15009591E+001  0.10297861E+001  0.70884712E+001  0.11099312E+003
  0.15009800E+001  0.10298047E+001  0.70886458E+001  0.11099691E+003
  0.15009999E+001  0.10298222E+001  0.70888148E+001  0.11100070E+003
  0.15010187E+001  0.10298388E+001  0.70889778E+001  0.11100449E+003
  0.15010364E+001  0.10298544E+001  0.70891344E+001  0.11100828E+003
  0.15010531E+001  0.10298692E+001  0.70892844E+001  0.11101208E+003
  0.15010687E+001  0.10298832E+001  0.70894274E+001  0.11101589E+003
  0.15010831E+001  0.10298963E+001  0.70895631E+001  0.11101970E+003
  0.15010963E+001  0.10299088E+001  0.70896915E+001  0.11102352E+003
  0.15011084E+001  0.10299205E+001  0.70898122E+001  0.11102735E+003
  0.15011193E+001  0.10299315E+001  0.70899253E+001  0.11103119E+003
  0.15011289E+001  0.10299420E+001  0.70900305E+001  0.11103504E+003
  0.15011374E+001  0.10299518E+001  0.70901279E+001  0.11103890E+003
  0.15011447E+001  0.10299610E+001  0.70902175E+001  0.11104278E+003
  0.15011508E+001  0.10299697E+001  0.70902992E+001  0.11104666E+003
  0.15011557E+001  0.10299779E+001  0.70903732E+001  0.11105056E+003
  0.15011594E+001  0.10299855E+001  0.70904396E+001  0.11105447E+003
  0.15011620E+001  0.10299925E+001  0.70904985E+001  0.11105839E+003
  0.15011635E+001  0.10299991E+001  0.70905500E+001  0.11106231E+003
  0.15011639E+001  0.10300051E+001  0.70905944E+001  0.11106625E+003
  0.15011632E+001  0.10300107E+001  0.70906319E+001  0.11107020E+003
  0.15011616E+001  0.10300157E+001  0.70906627E+001  0.11107416E+003
  0.15011589E+001  0.10300203E+001  0.70906870E+001  0.11107813E+003
  0.15011554E+001  0.10300244E+001  0.70907053E+001  0.11108210E+003
  0.15011510E+001  0.10300279E+001  0.70907177E+001  0.11108608E+003
  0.15011457E+001  0.10300310E+001  0.70907245E+001  0.11109007E+003
  0.15011397E+001  0.10300336E+001  0.70907261E+001  0.11109405E+003
  0.15011330E+001  0.10300358E+001  0.70907227E+001  0.11109805E+003
  0.15011257E+001  0.10300374E+001  0.70907147E+001  0.11110204E+003
  0.15011178E+001  0.10300386E+001  0.70907024E+001  0.11110603E+003
  0.15011093E+001  0.10300394E+001  0.70906862E+001  0.11111002E+003
  0.15011004E+001  0.10300398E+001  0.70906662E+001  0.11111401E+003
  0.15010911E+001  0.10300397E+001  0.70906429E+001  0.11111799E+003
  0.15010814E+001  0.10300393E+001  0.70906165E+001  0.11112196E+003
  0.15010714E+001  0.10300384E+001  0.70905873E+001  0.11112593E+003
  0.15010611E+001  0.10300373E+001  0.70905555E+001  0.11112989E+003
  0.15010507E+001  0.10300357E+001  0.70905216E+001  0.11113384E+003
  0.15010401E+001  0.10300339E+001  0.70904857E+001  0.11113777E+003
  0.15010294E+001  0.10300317E+001  0.70904480E+001  0.11114169E+003
  0.15010186E+001  0.10300293E+001  0.70904089E+001  0.11114559E+003
  0.15010078E+001  0.10300267E+001  0.70903686E+001  0.11114947E+003
  0.15009971E+001  0.10300238E+001  0.70903272E+001  0.11115334E+003
  0.15009863E+001  0.10300207E+001  0.70902849E+001  0.11115718E+003
  0.15009757E+001  0.10300174E+001  0.70902421E+001  0.11116100E+003
  0.15009652E+001  0.10300140E+001  0.70901988E+001  0.11116479E+003
  0.15009549E+001  0.10300104E+001  0.70901552E+001  0.11116856E+003
  0.15009447E+001  0.10300067E+001  0.70901115E+001  0.11117230E+003
  0.15009347E+001  0.10300030E+001  0.70900679E+001  0.11117601E+003
  0.15009249E+001  0.10299991E+001  0.70900245E+001  0.11117968E+003
  0.15009153E+001  0.10299952E+001  0.70899813E+001  0.11118333E+003
  0.15009060E+001  0.10299913E+001  0.70899386E+001  0.11118694E+003
  0.15008969E+001  0.10299873E+001  0.70898964E+001  0.11119051E+003
  0.15008882E+001  0.10299834E+001  0.70898548E+001  0.11119405E+003
  0.15008796E+001  0.10299794E+001  0.70898139E+001  0.11119754E+003
  0.15008714E+001  0.10299755E+001  0.70897737E+001  0.11120100E+003
  0.15008635E+001  0.10299716E+001  0.70897345E+001  0.11120441E+003
  0.15008558E+001  0.10299678E+001  0.70896961E+001  0.11120779E+003
  0.15008484E+001  0.10299640E+001  0.70896586E+001  0.11121111E+003
  0.15008414E+001  0.10299603E+001  0.70896222E+001  0.11121440E+003
  0.15008346E+001  0.10299566E+001  0.70895868E+001  0.11121764E+003
  0.15008281E+001  0.10299531E+001  0.70895525E+001  0.11122083E+003
  0.15008219E+001  0.10299496E+001  0.70895193E+001  0.11122397E+003
  0.15008159E+001  0.10299462E+001  0.70894872E+001  0.11122706E+003
  0.15008103E+001  0.10299429E+001  0.70894562E+001  0.11123011E+003
  0.15008049E+001  0.10299397E+001  0.70894263E+001  0.11123310E+003
  0.15007998E+001  0.10299366E+001  0.70893975E+001  0.11123604E+003
  0.15007949E+001  0.10299336E+001  0.70893699E+001  0.11123893E+003
  0.15007903E+001  0.10299308E+001  0.70893434E+001  0.11124177E+003
  0.15007859E+001  0.10299280E+001  0.70893179E+001  0.11124455E+003
  0.15007818E+001  0.10299253E+001  0.70892936E+001  0.11124729E+003
  0.15007779E+001  0.10299228E+001  0.70892704E+001  0.11124996E+003
  0.15007742E+001  0.10299203E+001  0.70892481E+001  0.11125259E+003
  0.15007707E+001  0.10299180E+001  0.70892270E+001  0.11125516E+003
  0.15007674E+001  0.10299157E+001  0.70892068E+001  0.11125767E+003
  0.15007643E+001  0.10299136E+001  0.70891876E+001  0.11126013E+003
  0.15007614E+001  0.10299115E+001  0.70891694E+001  0.11126253E+003
  0.15007587E+001  0.10299096E+001  0.70891520E+001  0.11126488E+003
  0.15007561E+001  0.10299077E+001  0.70891356E+001  0.11126718E+003
  0.15007537E+001  0.10299060E+001  0.70891200E+001  0.11126942E+003
  0.15007515E+001  0.10299043E+001  0.70891053E+001  0.11127161E+003
  0.15007494E+001  0.10299028E+001  0.70890913E+001  0.11127374E+003
  0.15007474E+001  0.10299013E+001  0.70890782E+001  0.11127581E+003
  0.15007456E+001  0.10298999E+001  0.70890657E+001  0.11127784E+003
  0.15007438E+001  0.10298985E+001  0.70890540E+001  0.11127981E+003
  0.15007422E+001  0.10298973E+001  0.70890429E+001  0.11128172E+003
  0.15007407E+001  0.10298961E+001  0.70890325E+001  0.11128359E+003
  0.15007393E+001  0.10298950E+001  0.70890227E+001  0.11128540E+003
  0.15007380E+001  0.10298939E+001  0.70890135E+001  0.11128716E+003
  0.15007368E+001  0.10298929E+001  0.70890049E+001  0.11128887E+003
  0.15007357E+001  0.10298920E+001  0.70889968E+001  0.11129052E+003
  0.15007346E+001  0.10298912E+001  0.70889892E+001  0.11129213E+003
  0.15007337E+001  0.10298903E+001  0.70889820E+001  0.11129369E+003
  0.15007328E+001  0.10298896E+001  0.70889753E+001  0.11129520E+003
  0.15007319E+001  0.10298889E+001  0.70889691E+001  0.11129666E+003
