  0.36481441E-001  0.37251882E+000  0.31414456E+001  0.11784074E+003
  0.36458428E-001  0.37290127E+000  0.31387635E+001  0.11767391E+003
  0.36442959E-001  0.37321487E+000  0.31365022E+001  0.11753222E+003
  0.36430377E-001  0.37347881E+000  0.31345948E+001  0.11741207E+003
  0.36431620E-001  0.37368056E+000  0.31329985E+001  0.11731026E+003
  0.36434912E-001  0.37383931E+000  0.31316684E+001  0.11722407E+003
  0.36428845E-001  0.37397330E+000  0.31318220E+001  0.11714987E+003
  0.36424401E-001  0.37407709E+000  0.31319654E+001  0.11708714E+003
  0.36421242E-001  0.37415562E+000  0.31320691E+001  0.11703417E+003
  0.36419052E-001  0.37421307E+000  0.31321448E+001  0.11698949E+003
  0.36417639E-001  0.37425282E+000  0.31321973E+001  0.11695187E+003
  0.36416779E-001  0.37427779E+000  0.31322303E+001  0.11692022E+003
  0.36416303E-001  0.37429035E+000  0.31322472E+001  0.11689368E+003
  0.36416089E-001  0.37429245E+000  0.31322507E+001  0.11687146E+003
  0.36416057E-001  0.37428575E+000  0.31322431E+001  0.11685293E+003
  0.36416155E-001  0.37427162E+000  0.31322264E+001  0.11683754E+003
  0.36416353E-001  0.37425119E+000  0.31322023E+001  0.11682484E+003
  0.36416637E-001  0.37422545E+000  0.31321721E+001  0.11681443E+003
  0.36417000E-001  0.37419525E+000  0.31321371E+001  0.11680597E+003
  0.36417441E-001  0.37416131E+000  0.31320982E+001  0.11679920E+003
  0.36415529E-001  0.37412667E+000  0.31320560E+001  0.11679385E+003
  0.36412503E-001  0.37409064E+000  0.31320113E+001  0.11678974E+003
  0.36409566E-001  0.37405250E+000  0.31319646E+001  0.11678669E+003
  0.36406743E-001  0.37401262E+000  0.31319163E+001  0.11678454E+003
  0.36404055E-001  0.37397134E+000  0.31318667E+001  0.11678316E+003
  0.36401522E-001  0.37392896E+000  0.31318162E+001  0.11678246E+003
  0.36400453E-001  0.37388444E+000  0.31317649E+001  0.11678233E+003
  0.36401728E-001  0.37383716E+000  0.31317130E+001  0.11678269E+003
  0.36403141E-001  0.37378953E+000  0.31316606E+001  0.11678348E+003
  0.36404695E-001  0.37374175E+000  0.31316079E+001  0.11678463E+003
  0.36406389E-001  0.37369399E+000  0.31315549E+001  0.11678609E+003
  0.36408224E-001  0.37364640E+000  0.31315017E+001  0.11678782E+003
  0.36410196E-001  0.37359912E+000  0.31314483E+001  0.11678978E+003
  0.36412302E-001  0.37355227E+000  0.31313949E+001  0.11679194E+003
  0.36414539E-001  0.37350596E+000  0.31313414E+001  0.11679427E+003
  0.36416900E-001  0.37346028E+000  0.31312880E+001  0.11679675E+003
  0.36419381E-001  0.37341531E+000  0.31312346E+001  0.11679936E+003
  0.36421976E-001  0.37337113E+000  0.31311815E+001  0.11680209E+003
  0.36424679E-001  0.37332781E+000  0.31311287E+001  0.11680491E+003
  0.36427484E-001  0.37328540E+000  0.31310763E+001  0.11680783E+003
  0.36430384E-001  0.37324394E+000  0.31310244E+001  0.11681082E+003
  0.36433373E-001  0.37320348E+000  0.31309733E+001  0.11681389E+003
  0.36436445E-001  0.37316405E+000  0.31309231E+001  0.11681702E+003
  0.36439594E-001  0.37312568E+000  0.31308739E+001  0.11682022E+003
  0.36442815E-001  0.37308841E+000  0.31308259E+001  0.11682347E+003
  0.36446102E-001  0.37305224E+000  0.31307794E+001  0.11682678E+003
  0.36449448E-001  0.37301719E+000  0.31307344E+001  0.11683014E+003
  0.36452850E-001  0.37298327E+000  0.31306912E+001  0.11683354E+003
  0.36456301E-001  0.37295050E+000  0.31306499E+001  0.11683700E+003
  0.36459797E-001  0.37291921E+000  0.31306103E+001  0.11684050E+003
  0.36463333E-001  0.37288987E+000  0.31305720E+001  0.11684404E+003
  0.36466904E-001  0.37286162E+000  0.31305361E+001  0.11684762E+003
  0.36470505E-001  0.37283447E+000  0.31306479E+001  0.11685110E+003
  0.36474132E-001  0.37280840E+000  0.31308062E+001  0.11685457E+003
  0.36477779E-001  0.37278339E+000  0.31309639E+001  0.11685808E+003
  0.36481590E-001  0.37275928E+000  0.31311211E+001  0.11686163E+003
  0.36486088E-001  0.37273550E+000  0.31312779E+001  0.11686522E+003
  0.36490580E-001  0.37271272E+000  0.31314344E+001  0.11686884E+003
  0.36495061E-001  0.37269091E+000  0.31315908E+001  0.11687249E+003
  0.36499526E-001  0.37267002E+000  0.31317473E+001  0.11687618E+003
  0.36503972E-001  0.37265002E+000  0.31319039E+001  0.11687990E+003
  0.36508391E-001  0.37263087E+000  0.31320609E+001  0.11688365E+003
  0.36512778E-001  0.37261251E+000  0.31322184E+001  0.11688743E+003
  0.36517127E-001  0.37259489E+000  0.31323766E+001  0.11689123E+003
  0.36521429E-001  0.37257797E+000  0.31325358E+001  0.11689506E+003
  0.36525676E-001  0.37256169E+000  0.31326962E+001  0.11689892E+003
  0.36529140E-001  0.37254671E+000  0.31328578E+001  0.11690280E+003
  0.36532492E-001  0.37253229E+000  0.31330211E+001  0.11690671E+003
  0.36535776E-001  0.37251833E+000  0.31331862E+001  0.11691064E+003
  0.36538986E-001  0.37250477E+000  0.31333534E+001  0.11691460E+003
  0.36542115E-001  0.37249155E+000  0.31335228E+001  0.11691857E+003
  0.36545157E-001  0.37247861E+000  0.31336947E+001  0.11692257E+003
  0.36548106E-001  0.37246592E+000  0.31338692E+001  0.11692659E+003
  0.36550290E-001  0.37245407E+000  0.31340464E+001  0.11693063E+003
  0.36550290E-001  0.37244445E+000  0.31342266E+001  0.11693468E+003
  0.36550257E-001  0.37243487E+000  0.31344096E+001  0.11693875E+003
  0.36550197E-001  0.37242529E+000  0.31345956E+001  0.11694284E+003
  0.36550114E-001  0.37241569E+000  0.31347845E+001  0.11694694E+003
  0.36550015E-001  0.37240605E+000  0.31349762E+001  0.11695105E+003
  0.36549905E-001  0.37239638E+000  0.31351704E+001  0.11695517E+003
  0.36549788E-001  0.37238666E+000  0.31353670E+001  0.11695929E+003
  0.36549669E-001  0.37237692E+000  0.31355657E+001  0.11696342E+003
  0.36549553E-001  0.37236718E+000  0.31357662E+001  0.11696755E+003
  0.36549444E-001  0.37235745E+000  0.31359680E+001  0.11697167E+003
  0.36549344E-001  0.37234778E+000  0.31361708E+001  0.11697580E+003
  0.36549256E-001  0.37233820E+000  0.31363741E+001  0.11697992E+003
  0.36549181E-001  0.37232875E+000  0.31365774E+001  0.11698403E+003
  0.36549121E-001  0.37231947E+000  0.31367803E+001  0.11698813E+003
  0.36549076E-001  0.37231039E+000  0.31369822E+001  0.11699222E+003
  0.36549045E-001  0.37230155E+000  0.31371826E+001  0.11699629E+003
  0.36549028E-001  0.37229298E+000  0.31373812E+001  0.11700035E+003
  0.36549024E-001  0.37228471E+000  0.31375773E+001  0.11700440E+003
  0.36549031E-001  0.37227677E+000  0.31377706E+001  0.11700844E+003
  0.36549047E-001  0.37226917E+000  0.31379606E+001  0.11701246E+003
  0.36549069E-001  0.37226192E+000  0.31381470E+001  0.11701646E+003
  0.36549097E-001  0.37225503E+000  0.31383293E+001  0.11702045E+003
  0.36549127E-001  0.37224849E+000  0.31385072E+001  0.11702442E+003
  0.36549158E-001  0.37224230E+000  0.31386805E+001  0.11702838E+003
  0.36549187E-001  0.37223644E+000  0.31388488E+001  0.11703233E+003
  0.36549212E-001  0.37223091E+000  0.31390119E+001  0.11703627E+003
  0.36549231E-001  0.37222567E+000  0.31391697E+001  0.11704019E+003
  0.36549243E-001  0.37222071E+000  0.31393220E+001  0.11704411E+003
  0.36549246E-001  0.37221600E+000  0.31394686E+001  0.11704802E+003
  0.36549239E-001  0.37221152E+000  0.31396095E+001  0.11705192E+003
  0.36549222E-001  0.37220723E+000  0.31397446E+001  0.11705582E+003
  0.36549193E-001  0.37220310E+000  0.31398739E+001  0.11705971E+003
  0.36549152E-001  0.37219912E+000  0.31399975E+001  0.11706360E+003
  0.36549099E-001  0.37219525E+000  0.31401153E+001  0.11706748E+003
  0.36549034E-001  0.37219148E+000  0.31402274E+001  0.11707137E+003
  0.36548957E-001  0.37218779E+000  0.31403340E+001  0.11707525E+003
  0.36548868E-001  0.37218415E+000  0.31404352E+001  0.11707914E+003
  0.36548769E-001  0.37218055E+000  0.31405310E+001  0.11708303E+003
  0.36548660E-001  0.37217698E+000  0.31406217E+001  0.11708692E+003
  0.36548542E-001  0.37217343E+000  0.31407073E+001  0.11709081E+003
  0.36548415E-001  0.37216990E+000  0.31407881E+001  0.11709471E+003
  0.36548281E-001  0.37216639E+000  0.31408642E+001  0.11709861E+003
  0.36548141E-001  0.37216289E+000  0.31409359E+001  0.11710252E+003
  0.36547996E-001  0.37215941E+000  0.31410033E+001  0.11710643E+003
  0.36547847E-001  0.37215594E+000  0.31410666E+001  0.11711035E+003
  0.36547695E-001  0.37215250E+000  0.31411260E+001  0.11711428E+003
  0.36547542E-001  0.37214910E+000  0.31411817E+001  0.11711820E+003
  0.36547387E-001  0.37214573E+000  0.31412339E+001  0.11712214E+003
  0.36547232E-001  0.37214242E+000  0.31412827E+001  0.11712608E+003
  0.36547079E-001  0.37213916E+000  0.31413284E+001  0.11713002E+003
  0.36546927E-001  0.37213597E+000  0.31413710E+001  0.11713397E+003
  0.36546778E-001  0.37213285E+000  0.31414108E+001  0.11713793E+003
  0.36546632E-001  0.37212981E+000  0.31414480E+001  0.11714189E+003
  0.36546489E-001  0.37212686E+000  0.31414826E+001  0.11714585E+003
  0.36546351E-001  0.37212401E+000  0.31415148E+001  0.11714981E+003
  0.36546217E-001  0.37212125E+000  0.31415448E+001  0.11715378E+003
  0.36546088E-001  0.37211861E+000  0.31415726E+001  0.11715774E+003
  0.36545965E-001  0.37211607E+000  0.31415984E+001  0.11716171E+003
  0.36545846E-001  0.37211364E+000  0.31416224E+001  0.11716567E+003
  0.36545734E-001  0.37211133E+000  0.31416446E+001  0.11716964E+003
  0.36545626E-001  0.37210913E+000  0.31416651E+001  0.11717360E+003
  0.36545525E-001  0.37210705E+000  0.31416841E+001  0.11717755E+003
  0.36545429E-001  0.37210508E+000  0.31417016E+001  0.11718150E+003
  0.36545338E-001  0.37210322E+000  0.31417177E+001  0.11718545E+003
  0.36545253E-001  0.37210148E+000  0.31417326E+001  0.11718938E+003
  0.36545173E-001  0.37209984E+000  0.31417462E+001  0.11719331E+003
  0.36545099E-001  0.37209830E+000  0.31417588E+001  0.11719723E+003
  0.36545029E-001  0.37209687E+000  0.31417703E+001  0.11720113E+003
  0.36544963E-001  0.37209553E+000  0.31417809E+001  0.11720502E+003
  0.36544903E-001  0.37209429E+000  0.31417905E+001  0.11720890E+003
  0.36544846E-001  0.37209313E+000  0.31417994E+001  0.11721276E+003
  0.36544794E-001  0.37209206E+000  0.31418075E+001  0.11721660E+003
  0.36544746E-001  0.37209106E+000  0.31418149E+001  0.11722043E+003
  0.36544701E-001  0.37209014E+000  0.31418217E+001  0.11722423E+003
  0.36544660E-001  0.37208930E+000  0.31418279E+001  0.11722801E+003
  0.36544621E-001  0.37208851E+000  0.31418335E+001  0.11723177E+003
  0.36544586E-001  0.37208779E+000  0.31418387E+001  0.11723550E+003
  0.36544554E-001  0.37208712E+000  0.31418434E+001  0.11723920E+003
  0.36544524E-001  0.37208651E+000  0.31418477E+001  0.11724288E+003
  0.36544496E-001  0.37208595E+000  0.31418517E+001  0.11724653E+003
  0.36544471E-001  0.37208543E+000  0.31418554E+001  0.11725015E+003
  0.36544448E-001  0.37208496E+000  0.31418587E+001  0.11725373E+003
  0.36544427E-001  0.37208452E+000  0.31418618E+001  0.11725728E+003
  0.36544407E-001  0.37208412E+000  0.31418647E+001  0.11726080E+003
  0.36544389E-001  0.37208375E+000  0.31418674E+001  0.11726428E+003
  0.36544373E-001  0.37208341E+000  0.31418699E+001  0.11726772E+003
  0.36544357E-001  0.37208310E+000  0.31418722E+001  0.11727112E+003
  0.36544344E-001  0.37208281E+000  0.31418744E+001  0.11727448E+003
  0.36544331E-001  0.37208255E+000  0.31418764E+001  0.11727780E+003
  0.36544319E-001  0.37208231E+000  0.31418784E+001  0.11728108E+003
  0.36544308E-001  0.37208209E+000  0.31418802E+001  0.11728432E+003
  0.36544298E-001  0.37208188E+000  0.31418819E+001  0.11728751E+003
  0.36544289E-001  0.37208169E+000  0.31418836E+001  0.11729065E+003
  0.36544280E-001  0.37208151E+000  0.31418852E+001  0.11729375E+003
  0.36544272E-001  0.37208135E+000  0.31418867E+001  0.11729680E+003
  0.36544265E-001  0.37208120E+000  0.31418882E+001  0.11729980E+003
  0.36544258E-001  0.37208106E+000  0.31418896E+001  0.11730276E+003
  0.36544252E-001  0.37208093E+000  0.31418909E+001  0.11730566E+003
  0.36544246E-001  0.37208081E+000  0.31418922E+001  0.11730851E+003
  0.36544241E-001  0.37208070E+000  0.31418935E+001  0.11731132E+003
  0.36544236E-001  0.37208060E+000  0.31418947E+001  0.11731407E+003
  0.36544231E-001  0.37208050E+000  0.31418959E+001  0.11731677E+003
  0.36544227E-001  0.37208041E+000  0.31418971E+001  0.11731941E+003
  0.36544223E-001  0.37208033E+000  0.31418982E+001  0.11732201E+003
  0.36544219E-001  0.37208025E+000  0.31418993E+001  0.11732455E+003
  0.36544216E-001  0.37208017E+000  0.31419004E+001  0.11732704E+003
  0.36544213E-001  0.37208010E+000  0.31419014E+001  0.11732947E+003
  0.36544210E-001  0.37208004E+000  0.31419024E+001  0.11733185E+003
  0.36544207E-001  0.37207998E+000  0.31419034E+001  0.11733418E+003
  0.36544204E-001  0.37207992E+000  0.31419043E+001  0.11733645E+003
  0.36544202E-001  0.37207987E+000  0.31419052E+001  0.11733867E+003
  0.36544200E-001  0.37207982E+000  0.31419061E+001  0.11734084E+003
  0.36544198E-001  0.37207977E+000  0.31419069E+001  0.11734295E+003
  0.36544196E-001  0.37207972E+000  0.31419077E+001  0.11734501E+003
  0.36544194E-001  0.37207968E+000  0.31419085E+001  0.11734702E+003
  0.36544192E-001  0.37207964E+000  0.31419093E+001  0.11734897E+003
  0.36544191E-001  0.37207961E+000  0.31419100E+001  0.11735087E+003
  0.36544189E-001  0.37207957E+000  0.31419108E+001  0.11735272E+003
  0.36544188E-001  0.37207954E+000  0.31419115E+001  0.11735452E+003
  0.36544187E-001  0.37207951E+000  0.31419121E+001  0.11735627E+003
  0.36544186E-001  0.37207949E+000  0.31419128E+001  0.11735797E+003
  0.36544185E-001  0.37207946E+000  0.31419134E+001  0.11735961E+003
  0.36544185E-001  0.37207944E+000  0.31419140E+001  0.11736121E+003
  0.36544184E-001  0.37207942E+000  0.31419146E+001  0.11736276E+003
  0.36544185E-001  0.37207940E+000  0.31419151E+001  0.11736426E+003
  0.36544184E-001  0.37207938E+000  0.31419157E+001  0.11736571E+003
