  0.10661750E+000
  0.10668344E+000
  0.10664094E+000
  0.10656466E+000
  0.10647846E+000
  0.10639205E+000
  0.10630976E+000
  0.10623317E+000
  0.10616286E+000
  0.10609892E+000
  0.10604119E+000
  0.10599075E+000
  0.10594734E+000
  0.10591028E+000
  0.10587879E+000
  0.10585221E+000
  0.10582993E+000
  0.10581140E+000
  0.10579615E+000
  0.10578375E+000
  0.10577384E+000
  0.10576610E+000
  0.10576023E+000
  0.10575598E+000
  0.10575313E+000
  0.10575149E+000
  0.10575087E+000
  0.10575114E+000
  0.10575215E+000
  0.10575379E+000
  0.10575596E+000
  0.10575856E+000
  0.10576153E+000
  0.10576479E+000
  0.10576830E+000
  0.10577200E+000
  0.10577587E+000
  0.10577986E+000
  0.10578397E+000
  0.10578815E+000
  0.10579241E+000
  0.10579673E+000
  0.10580110E+000
  0.10580552E+000
  0.10580998E+000
  0.10581449E+000
  0.10581903E+000
  0.10582360E+000
  0.10582821E+000
  0.10583285E+000
  0.10583752E+000
  0.10584223E+000
  0.10584695E+000
  0.10585171E+000
  0.10585648E+000
  0.10586128E+000
  0.10586609E+000
  0.10587092E+000
  0.10587576E+000
  0.10588061E+000
  0.10588547E+000
  0.10589033E+000
  0.10589520E+000
  0.10590006E+000
  0.10590493E+000
  0.10590980E+000
  0.10591466E+000
  0.10591953E+000
  0.10592439E+000
  0.10592925E+000
  0.10593412E+000
  0.10593898E+000
  0.10594384E+000
  0.10594871E+000
  0.10595358E+000
  0.10595845E+000
  0.10596332E+000
  0.10596819E+000
  0.10597307E+000
  0.10597794E+000
  0.10598281E+000
  0.10598768E+000
  0.10599254E+000
  0.10599739E+000
  0.10600223E+000
  0.10600705E+000
  0.10601185E+000
  0.10601663E+000
  0.10602138E+000
  0.10602611E+000
  0.10603080E+000
  0.10603546E+000
  0.10604008E+000
  0.10604466E+000
  0.10604920E+000
  0.10605370E+000
  0.10605815E+000
  0.10606257E+000
  0.10606694E+000
  0.10607127E+000
  0.10607556E+000
  0.10607981E+000
  0.10608402E+000
  0.10608819E+000
  0.10609232E+000
  0.10609642E+000
  0.10610049E+000
  0.10610452E+000
  0.10610853E+000
  0.10611251E+000
  0.10611646E+000
  0.10612039E+000
  0.10612430E+000
  0.10612819E+000
  0.10613206E+000
  0.10613591E+000
  0.10613975E+000
  0.10614358E+000
  0.10614739E+000
  0.10615120E+000
  0.10615500E+000
  0.10615878E+000
  0.10616257E+000
  0.10616634E+000
  0.10617012E+000
  0.10617389E+000
  0.10617765E+000
  0.10618141E+000
  0.10618518E+000
  0.10618893E+000
  0.10619269E+000
  0.10619645E+000
  0.10620020E+000
  0.10620396E+000
  0.10620771E+000
  0.10621146E+000
  0.10621521E+000
  0.10621895E+000
  0.10622269E+000
  0.10622643E+000
  0.10623016E+000
  0.10623389E+000
  0.10623761E+000
  0.10624133E+000
  0.10624503E+000
  0.10624873E+000
  0.10625241E+000
  0.10625609E+000
  0.10625975E+000
  0.10626340E+000
  0.10626703E+000
  0.10627065E+000
  0.10627425E+000
  0.10627783E+000
  0.10628140E+000
  0.10628494E+000
  0.10628845E+000
  0.10629195E+000
  0.10629541E+000
  0.10629886E+000
  0.10630227E+000
  0.10630565E+000
  0.10630901E+000
  0.10631233E+000
  0.10631561E+000
  0.10631887E+000
  0.10632209E+000
  0.10632527E+000
  0.10632841E+000
  0.10633152E+000
  0.10633458E+000
  0.10633760E+000
  0.10634058E+000
  0.10634352E+000
  0.10634642E+000
  0.10634927E+000
  0.10635207E+000
  0.10635483E+000
  0.10635754E+000
  0.10636020E+000
  0.10636282E+000
  0.10636538E+000
  0.10636790E+000
  0.10637037E+000
  0.10637279E+000
  0.10637516E+000
  0.10637748E+000
  0.10637975E+000
  0.10638196E+000
  0.10638413E+000
  0.10638625E+000
  0.10638831E+000
  0.10639033E+000
  0.10639229E+000
  0.10639421E+000
  0.10639607E+000
  0.10639789E+000
  0.10639965E+000
  0.10640137E+000
  0.10640304E+000
