  0.15876857E+001
  0.15835678E+001
  0.15802740E+001
  0.15776335E+001
  0.15755245E+001
  0.15738506E+001
  0.15725347E+001
  0.15715148E+001
  0.15707391E+001
  0.15701658E+001
  0.15697602E+001
  0.15694948E+001
  0.15693465E+001
  0.15692962E+001
  0.15693280E+001
  0.15694289E+001
  0.15695877E+001
  0.15697950E+001
  0.15700431E+001
  0.15703256E+001
  0.15706370E+001
  0.15709729E+001
  0.15713295E+001
  0.15717036E+001
  0.15720925E+001
  0.15724938E+001
  0.15729057E+001
  0.15733264E+001
  0.15737545E+001
  0.15741885E+001
  0.15746274E+001
  0.15750701E+001
  0.15755156E+001
  0.15759631E+001
  0.15764117E+001
  0.15768607E+001
  0.15773093E+001
  0.15777568E+001
  0.15782025E+001
  0.15786458E+001
  0.15790859E+001
  0.15795222E+001
  0.15799541E+001
  0.15803808E+001
  0.15808019E+001
  0.15812165E+001
  0.15816242E+001
  0.15820242E+001
  0.15824161E+001
  0.15827991E+001
  0.15831727E+001
  0.15835364E+001
  0.15838896E+001
  0.15842319E+001
  0.15845627E+001
  0.15848817E+001
  0.15851884E+001
  0.15854824E+001
  0.15857636E+001
  0.15860315E+001
  0.15862860E+001
  0.15865269E+001
  0.15867540E+001
  0.15869673E+001
  0.15871667E+001
  0.15873523E+001
  0.15875240E+001
  0.15876821E+001
  0.15878266E+001
  0.15879579E+001
  0.15880761E+001
  0.15881816E+001
  0.15882747E+001
  0.15883559E+001
  0.15884256E+001
  0.15884843E+001
  0.15885327E+001
  0.15885711E+001
  0.15886004E+001
  0.15886212E+001
  0.15886340E+001
  0.15886396E+001
  0.15886388E+001
  0.15886321E+001
  0.15886203E+001
  0.15886041E+001
  0.15885841E+001
  0.15885609E+001
  0.15885351E+001
  0.15885073E+001
  0.15884779E+001
  0.15884475E+001
  0.15884164E+001
  0.15883849E+001
  0.15883535E+001
  0.15883224E+001
  0.15882918E+001
  0.15882619E+001
  0.15882328E+001
  0.15882047E+001
  0.15881776E+001
  0.15881517E+001
  0.15881269E+001
  0.15881032E+001
  0.15880807E+001
  0.15880593E+001
  0.15880390E+001
  0.15880197E+001
  0.15880015E+001
  0.15879843E+001
  0.15879680E+001
  0.15879526E+001
  0.15879380E+001
  0.15879242E+001
  0.15879111E+001
  0.15878987E+001
  0.15878870E+001
  0.15878758E+001
  0.15878652E+001
  0.15878552E+001
  0.15878456E+001
  0.15878365E+001
  0.15878278E+001
  0.15878195E+001
  0.15878115E+001
  0.15878040E+001
  0.15877967E+001
  0.15877898E+001
  0.15877832E+001
  0.15877768E+001
  0.15877708E+001
  0.15877649E+001
  0.15877594E+001
  0.15877540E+001
  0.15877489E+001
  0.15877440E+001
  0.15877393E+001
  0.15877348E+001
  0.15877305E+001
  0.15877264E+001
  0.15877225E+001
  0.15877187E+001
  0.15877151E+001
  0.15877117E+001
  0.15877084E+001
  0.15877053E+001
  0.15877024E+001
  0.15876996E+001
  0.15876969E+001
  0.15876944E+001
  0.15876920E+001
  0.15876897E+001
  0.15876876E+001
  0.15876856E+001
  0.15876837E+001
  0.15876819E+001
  0.15876803E+001
  0.15876787E+001
  0.15876773E+001
  0.15876760E+001
  0.15876747E+001
  0.15876736E+001
  0.15876725E+001
  0.15876715E+001
  0.15876707E+001
  0.15876699E+001
  0.15876691E+001
  0.15876685E+001
  0.15876679E+001
  0.15876674E+001
  0.15876669E+001
  0.15876666E+001
  0.15876662E+001
  0.15876660E+001
  0.15876657E+001
  0.15876656E+001
  0.15876654E+001
  0.15876654E+001
  0.15876653E+001
  0.15876653E+001
  0.15876654E+001
  0.15876654E+001
  0.15876655E+001
  0.15876657E+001
  0.15876658E+001
  0.15876660E+001
  0.15876662E+001
  0.15876665E+001
  0.15876667E+001
  0.15876670E+001
  0.15876673E+001
  0.15876676E+001
  0.15876679E+001
  0.15876682E+001
  0.15876686E+001
  0.15876689E+001
  0.15876693E+001
  0.15876696E+001
  0.15876700E+001
  0.15876703E+001
