 -0.15575068E+000  0.23150600E+000  0.22837556E+001  0.39912323E+001
 -0.15631502E+000  0.22877238E+000  0.22771293E+001  0.39846849E+001
 -0.15674518E+000  0.22653526E+000  0.22716665E+001  0.39796400E+001
 -0.15707275E+000  0.22472457E+000  0.22671701E+001  0.39757126E+001
 -0.15732572E+000  0.22328380E+000  0.22634856E+001  0.39726549E+001
 -0.15751022E+000  0.22214194E+000  0.22604860E+001  0.39702851E+001
 -0.15762956E+000  0.22123739E+000  0.22568247E+001  0.39697068E+001
 -0.15770779E+000  0.22054158E+000  0.22538426E+001  0.39693834E+001
 -0.15775436E+000  0.22001967E+000  0.22514620E+001  0.39692296E+001
 -0.15777634E+000  0.21964253E+000  0.22495838E+001  0.39692137E+001
 -0.15777908E+000  0.21938595E+000  0.22481294E+001  0.39693052E+001
 -0.15776652E+000  0.21922966E+000  0.22470335E+001  0.39694829E+001
 -0.15774171E+000  0.21915681E+000  0.22462406E+001  0.39697307E+001
 -0.15770711E+000  0.21915331E+000  0.22457034E+001  0.39700359E+001
 -0.15766469E+000  0.21920732E+000  0.22453819E+001  0.39703881E+001
 -0.15761508E+000  0.21930895E+000  0.22452425E+001  0.39707797E+001
 -0.15755995E+000  0.21944997E+000  0.22452567E+001  0.39712044E+001
 -0.15750105E+000  0.21962339E+000  0.22454007E+001  0.39716573E+001
 -0.15743967E+000  0.21982337E+000  0.22456546E+001  0.39721345E+001
 -0.15737676E+000  0.22004500E+000  0.22460016E+001  0.39726329E+001
 -0.15731053E+000  0.22028159E+000  0.22464273E+001  0.39731502E+001
 -0.15724283E+000  0.22053092E+000  0.22469197E+001  0.39736844E+001
 -0.15717536E+000  0.22079127E+000  0.22474687E+001  0.39742340E+001
 -0.15710851E+000  0.22106016E+000  0.22480657E+001  0.39747977E+001
 -0.15704259E+000  0.22133546E+000  0.22487031E+001  0.39753744E+001
 -0.15697780E+000  0.22161539E+000  0.22493749E+001  0.39759634E+001
 -0.15691558E+000  0.22189968E+000  0.22500755E+001  0.39765638E+001
 -0.15685693E+000  0.22218789E+000  0.22508003E+001  0.39771749E+001
 -0.15679981E+000  0.22247669E+000  0.22515454E+001  0.39777960E+001
 -0.15674434E+000  0.22276509E+000  0.22523072E+001  0.39784266E+001
 -0.15669062E+000  0.22305227E+000  0.22530826E+001  0.39790658E+001
 -0.15663872E+000  0.22333748E+000  0.22538689E+001  0.39797132E+001
 -0.15658870E+000  0.22362011E+000  0.22546637E+001  0.39803679E+001
 -0.15654058E+000  0.22389961E+000  0.22554646E+001  0.39810292E+001
 -0.15649438E+000  0.22417549E+000  0.22562698E+001  0.39816965E+001
 -0.15645009E+000  0.22444734E+000  0.22570773E+001  0.39823688E+001
 -0.15640770E+000  0.22471479E+000  0.22578854E+001  0.39830452E+001
 -0.15636718E+000  0.22497751E+000  0.22586924E+001  0.39837250E+001
 -0.15632850E+000  0.22523520E+000  0.22594967E+001  0.39844072E+001
 -0.15629162E+000  0.22548761E+000  0.22602969E+001  0.39850907E+001
 -0.15625650E+000  0.22573449E+000  0.22610915E+001  0.39857745E+001
 -0.15622308E+000  0.22597563E+000  0.22618792E+001  0.39864575E+001
 -0.15619133E+000  0.22621081E+000  0.22626587E+001  0.39871386E+001
 -0.15616120E+000  0.22643985E+000  0.22634286E+001  0.39878166E+001
 -0.15613265E+000  0.22666257E+000  0.22641878E+001  0.39884903E+001
 -0.15610562E+000  0.22687880E+000  0.22649351E+001  0.39891584E+001
 -0.15608007E+000  0.22708841E+000  0.22656695E+001  0.39898195E+001
 -0.15605597E+000  0.22729124E+000  0.22663899E+001  0.39904723E+001
 -0.15603327E+000  0.22748718E+000  0.22670954E+001  0.39911154E+001
 -0.15601194E+000  0.22767613E+000  0.22677851E+001  0.39917475E+001
 -0.15599194E+000  0.22785799E+000  0.22684583E+001  0.39923669E+001
 -0.15597323E+000  0.22803271E+000  0.22691141E+001  0.39929724E+001
 -0.15595577E+000  0.22820025E+000  0.22696095E+001  0.39937049E+001
 -0.15593953E+000  0.22836059E+000  0.22700433E+001  0.39944636E+001
 -0.15592448E+000  0.22851376E+000  0.22704613E+001  0.39952007E+001
 -0.15591069E+000  0.22865991E+000  0.22708630E+001  0.39959149E+001
 -0.15589856E+000  0.22879955E+000  0.22712482E+001  0.39966048E+001
 -0.15588747E+000  0.22893224E+000  0.22716165E+001  0.39972690E+001
 -0.15587741E+000  0.22905813E+000  0.22719677E+001  0.39979064E+001
 -0.15586832E+000  0.22917738E+000  0.22723017E+001  0.39985158E+001
 -0.15586016E+000  0.22929022E+000  0.22726186E+001  0.39990960E+001
 -0.15585289E+000  0.22939688E+000  0.22729182E+001  0.39996459E+001
 -0.15584645E+000  0.22949762E+000  0.22732009E+001  0.40001646E+001
 -0.15584079E+000  0.22959274E+000  0.22734667E+001  0.40006512E+001
 -0.15583588E+000  0.22968254E+000  0.22737160E+001  0.40011048E+001
 -0.15583165E+000  0.22976736E+000  0.22739491E+001  0.40015249E+001
 -0.15582708E+000  0.22984654E+000  0.22741664E+001  0.40019107E+001
 -0.15582303E+000  0.22992134E+000  0.22743685E+001  0.40022620E+001
 -0.15581949E+000  0.22999219E+000  0.22745559E+001  0.40025785E+001
 -0.15581643E+000  0.23005940E+000  0.22747292E+001  0.40028599E+001
 -0.15581381E+000  0.23012331E+000  0.22748890E+001  0.40031064E+001
 -0.15581160E+000  0.23018422E+000  0.22750360E+001  0.40033182E+001
 -0.15580978E+000  0.23024244E+000  0.22751710E+001  0.40034957E+001
 -0.15580762E+000  0.23029755E+000  0.22752946E+001  0.40036395E+001
 -0.15580365E+000  0.23034834E+000  0.22754078E+001  0.40037505E+001
 -0.15580005E+000  0.23039725E+000  0.22755112E+001  0.40038294E+001
 -0.15579679E+000  0.23044445E+000  0.22756058E+001  0.40038776E+001
 -0.15579387E+000  0.23049012E+000  0.22756925E+001  0.40038964E+001
 -0.15579126E+000  0.23053440E+000  0.22757719E+001  0.40038871E+001
 -0.15578895E+000  0.23057740E+000  0.22758452E+001  0.40038515E+001
 -0.15578692E+000  0.23061922E+000  0.22759130E+001  0.40037912E+001
 -0.15578517E+000  0.23065992E+000  0.22759763E+001  0.40037080E+001
 -0.15578367E+000  0.23069955E+000  0.22760360E+001  0.40036038E+001
 -0.15578241E+000  0.23073814E+000  0.22760928E+001  0.40034805E+001
 -0.15578138E+000  0.23077573E+000  0.22761475E+001  0.40033400E+001
 -0.15578055E+000  0.23081232E+000  0.22762010E+001  0.40031842E+001
 -0.15577990E+000  0.23084792E+000  0.22762538E+001  0.40030150E+001
 -0.15577943E+000  0.23088254E+000  0.22763068E+001  0.40028342E+001
 -0.15577910E+000  0.23091618E+000  0.22763604E+001  0.40026435E+001
 -0.15577889E+000  0.23094884E+000  0.22764152E+001  0.40024445E+001
 -0.15577880E+000  0.23098054E+000  0.22764717E+001  0.40022387E+001
 -0.15577880E+000  0.23101127E+000  0.22765304E+001  0.40020276E+001
 -0.15577886E+000  0.23104104E+000  0.22765914E+001  0.40018124E+001
 -0.15577898E+000  0.23106988E+000  0.22766552E+001  0.40015942E+001
 -0.15577914E+000  0.23109781E+000  0.22767218E+001  0.40013741E+001
 -0.15577931E+000  0.23112483E+000  0.22767916E+001  0.40011531E+001
 -0.15577950E+000  0.23115098E+000  0.22768645E+001  0.40009318E+001
 -0.15577969E+000  0.23117629E+000  0.22769405E+001  0.40007109E+001
 -0.15577986E+000  0.23120079E+000  0.22770197E+001  0.40004912E+001
 -0.15578001E+000  0.23122450E+000  0.22771019E+001  0.40002730E+001
 -0.15578013E+000  0.23124746E+000  0.22771870E+001  0.40000567E+001
 -0.15578022E+000  0.23126971E+000  0.22772750E+001  0.39998428E+001
 -0.15578027E+000  0.23129126E+000  0.22773655E+001  0.39996315E+001
 -0.15578028E+000  0.23131217E+000  0.22774584E+001  0.39994230E+001
 -0.15578024E+000  0.23133244E+000  0.22775533E+001  0.39992176E+001
 -0.15578017E+000  0.23135212E+000  0.22776502E+001  0.39990154E+001
 -0.15578005E+000  0.23137122E+000  0.22777486E+001  0.39988166E+001
 -0.15577989E+000  0.23138977E+000  0.22778482E+001  0.39986213E+001
 -0.15577969E+000  0.23140779E+000  0.22779489E+001  0.39984296E+001
 -0.15577946E+000  0.23142529E+000  0.22780503E+001  0.39982416E+001
 -0.15577919E+000  0.23144229E+000  0.22781521E+001  0.39980573E+001
 -0.15577889E+000  0.23145880E+000  0.22782540E+001  0.39978770E+001
 -0.15577856E+000  0.23147482E+000  0.22783558E+001  0.39977005E+001
 -0.15577820E+000  0.23149036E+000  0.22784572E+001  0.39975280E+001
 -0.15577783E+000  0.23150543E+000  0.22785579E+001  0.39973595E+001
 -0.15577743E+000  0.23152003E+000  0.22786577E+001  0.39971952E+001
 -0.15577702E+000  0.23153416E+000  0.22787564E+001  0.39970349E+001
 -0.15577659E+000  0.23154783E+000  0.22788537E+001  0.39968789E+001
 -0.15577616E+000  0.23156102E+000  0.22789496E+001  0.39967270E+001
 -0.15577572E+000  0.23157374E+000  0.22790438E+001  0.39965794E+001
 -0.15577527E+000  0.23158600E+000  0.22791362E+001  0.39964360E+001
 -0.15577483E+000  0.23159779E+000  0.22792266E+001  0.39962968E+001
 -0.15577438E+000  0.23160911E+000  0.22793149E+001  0.39961619E+001
 -0.15577394E+000  0.23161996E+000  0.22794011E+001  0.39960312E+001
 -0.15577350E+000  0.23163035E+000  0.22794850E+001  0.39959048E+001
 -0.15577306E+000  0.23164029E+000  0.22795666E+001  0.39957825E+001
 -0.15577263E+000  0.23164977E+000  0.22796458E+001  0.39956644E+001
 -0.15577221E+000  0.23165881E+000  0.22797226E+001  0.39955505E+001
 -0.15577180E+000  0.23166741E+000  0.22797970E+001  0.39954406E+001
 -0.15577140E+000  0.23167558E+000  0.22798689E+001  0.39953348E+001
 -0.15577101E+000  0.23168333E+000  0.22799383E+001  0.39952329E+001
 -0.15577063E+000  0.23169068E+000  0.22800053E+001  0.39951349E+001
 -0.15577026E+000  0.23169764E+000  0.22800698E+001  0.39950407E+001
 -0.15576991E+000  0.23170421E+000  0.22801319E+001  0.39949504E+001
 -0.15576956E+000  0.23171042E+000  0.22801916E+001  0.39948636E+001
 -0.15576923E+000  0.23171627E+000  0.22802489E+001  0.39947805E+001
 -0.15576891E+000  0.23172179E+000  0.22803039E+001  0.39947009E+001
 -0.15576860E+000  0.23172699E+000  0.22803566E+001  0.39946248E+001
 -0.15576830E+000  0.23173187E+000  0.22804070E+001  0.39945520E+001
 -0.15576802E+000  0.23173647E+000  0.22804552E+001  0.39944824E+001
 -0.15576774E+000  0.23174079E+000  0.22805013E+001  0.39944160E+001
 -0.15576748E+000  0.23174485E+000  0.22805453E+001  0.39943527E+001
 -0.15576723E+000  0.23174866E+000  0.22805872E+001  0.39942923E+001
 -0.15576699E+000  0.23175225E+000  0.22806271E+001  0.39942349E+001
 -0.15576675E+000  0.23175561E+000  0.22806651E+001  0.39941802E+001
 -0.15576653E+000  0.23175876E+000  0.22807013E+001  0.39941283E+001
 -0.15576632E+000  0.23176173E+000  0.22807356E+001  0.39940790E+001
 -0.15576611E+000  0.23176451E+000  0.22807682E+001  0.39940322E+001
 -0.15576592E+000  0.23176713E+000  0.22807991E+001  0.39939878E+001
 -0.15576573E+000  0.23176959E+000  0.22808284E+001  0.39939458E+001
 -0.15576555E+000  0.23177190E+000  0.22808561E+001  0.39939060E+001
 -0.15576538E+000  0.23177407E+000  0.22808824E+001  0.39938684E+001
 -0.15576522E+000  0.23177612E+000  0.22809072E+001  0.39938329E+001
 -0.15576506E+000  0.23177805E+000  0.22809306E+001  0.39937994E+001
 -0.15576491E+000  0.23177986E+000  0.22809527E+001  0.39937678E+001
 -0.15576477E+000  0.23178158E+000  0.22809735E+001  0.39937380E+001
 -0.15576463E+000  0.23178319E+000  0.22809931E+001  0.39937100E+001
 -0.15576450E+000  0.23178472E+000  0.22810116E+001  0.39936837E+001
 -0.15576437E+000  0.23178616E+000  0.22810290E+001  0.39936589E+001
 -0.15576425E+000  0.23178752E+000  0.22810454E+001  0.39936357E+001
 -0.15576414E+000  0.23178881E+000  0.22810607E+001  0.39936140E+001
 -0.15576403E+000  0.23179004E+000  0.22810752E+001  0.39935936E+001
 -0.15576392E+000  0.23179119E+000  0.22810887E+001  0.39935746E+001
 -0.15576382E+000  0.23179229E+000  0.22811015E+001  0.39935568E+001
 -0.15576373E+000  0.23179333E+000  0.22811134E+001  0.39935402E+001
 -0.15576364E+000  0.23179432E+000  0.22811246E+001  0.39935247E+001
 -0.15576355E+000  0.23179526E+000  0.22811351E+001  0.39935103E+001
 -0.15576347E+000  0.23179615E+000  0.22811449E+001  0.39934969E+001
 -0.15576339E+000  0.23179699E+000  0.22811541E+001  0.39934844E+001
 -0.15576331E+000  0.23179780E+000  0.22811627E+001  0.39934729E+001
 -0.15576324E+000  0.23179856E+000  0.22811708E+001  0.39934622E+001
 -0.15576317E+000  0.23179929E+000  0.22811783E+001  0.39934523E+001
 -0.15576310E+000  0.23179998E+000  0.22811854E+001  0.39934431E+001
 -0.15576304E+000  0.23180064E+000  0.22811920E+001  0.39934347E+001
 -0.15576298E+000  0.23180126E+000  0.22811982E+001  0.39934270E+001
 -0.15576293E+000  0.23180186E+000  0.22812040E+001  0.39934199E+001
 -0.15576287E+000  0.23180242E+000  0.22812094E+001  0.39934133E+001
 -0.15576282E+000  0.23180296E+000  0.22812144E+001  0.39934074E+001
 -0.15576277E+000  0.23180347E+000  0.22812192E+001  0.39934019E+001
 -0.15576272E+000  0.23180396E+000  0.22812236E+001  0.39933970E+001
 -0.15576268E+000  0.23180442E+000  0.22812277E+001  0.39933925E+001
 -0.15576264E+000  0.23180486E+000  0.22812316E+001  0.39933884E+001
 -0.15576260E+000  0.23180528E+000  0.22812352E+001  0.39933848E+001
 -0.15576256E+000  0.23180568E+000  0.22812386E+001  0.39933815E+001
 -0.15576252E+000  0.23180606E+000  0.22812418E+001  0.39933786E+001
 -0.15576249E+000  0.23180642E+000  0.22812447E+001  0.39933760E+001
 -0.15576246E+000  0.23180676E+000  0.22812475E+001  0.39933737E+001
 -0.15576243E+000  0.23180708E+000  0.22812501E+001  0.39933717E+001
 -0.15576240E+000  0.23180739E+000  0.22812525E+001  0.39933699E+001
 -0.15576237E+000  0.23180768E+000  0.22812548E+001  0.39933684E+001
 -0.15576235E+000  0.23180796E+000  0.22812569E+001  0.39933671E+001
 -0.15576232E+000  0.23180822E+000  0.22812589E+001  0.39933660E+001
 -0.15576230E+000  0.23180847E+000  0.22812608E+001  0.39933651E+001
 -0.15576228E+000  0.23180870E+000  0.22812625E+001  0.39933644E+001
 -0.15576226E+000  0.23180893E+000  0.22812642E+001  0.39933639E+001
 -0.15576224E+000  0.23180914E+000  0.22812657E+001  0.39933635E+001
 -0.15576222E+000  0.23180934E+000  0.22812672E+001  0.39933633E+001
 -0.15576221E+000  0.23180952E+000  0.22812685E+001  0.39933631E+001
 -0.15576220E+000  0.23180969E+000  0.22812698E+001  0.39933631E+001
 -0.15576218E+000  0.23180984E+000  0.22812709E+001  0.39933632E+001
