 -0.50351565E-001
 -0.50535858E-001
 -0.50678590E-001
 -0.50787488E-001
 -0.50867142E-001
 -0.50923548E-001
 -0.50963419E-001
 -0.50989930E-001
 -0.51005633E-001
 -0.51012638E-001
 -0.51012680E-001
 -0.51007174E-001
 -0.50997282E-001
 -0.50983961E-001
 -0.50967991E-001
 -0.50949722E-001
 -0.50929736E-001
 -0.50908612E-001
 -0.50886773E-001
 -0.50864542E-001
 -0.50842164E-001
 -0.50819829E-001
 -0.50797688E-001
 -0.50775859E-001
 -0.50754434E-001
 -0.50733508E-001
 -0.50713160E-001
 -0.50693407E-001
 -0.50674269E-001
 -0.50655764E-001
 -0.50637909E-001
 -0.50620713E-001
 -0.50604184E-001
 -0.50588324E-001
 -0.50573130E-001
 -0.50558597E-001
 -0.50544717E-001
 -0.50531478E-001
 -0.50518866E-001
 -0.50506866E-001
 -0.50495461E-001
 -0.50484634E-001
 -0.50474367E-001
 -0.50464642E-001
 -0.50455441E-001
 -0.50446746E-001
 -0.50438541E-001
 -0.50430809E-001
 -0.50423536E-001
 -0.50416705E-001
 -0.50410302E-001
 -0.50404315E-001
 -0.50398728E-001
 -0.50393530E-001
 -0.50388706E-001
 -0.50384244E-001
 -0.50380130E-001
 -0.50376351E-001
 -0.50372894E-001
 -0.50369745E-001
 -0.50366888E-001
 -0.50364311E-001
 -0.50361997E-001
 -0.50359934E-001
 -0.50358105E-001
 -0.50356496E-001
 -0.50355093E-001
 -0.50353883E-001
 -0.50352859E-001
 -0.50352002E-001
 -0.50351298E-001
 -0.50350735E-001
 -0.50350302E-001
 -0.50349990E-001
 -0.50349789E-001
 -0.50349691E-001
 -0.50349686E-001
 -0.50349768E-001
 -0.50349928E-001
 -0.50350159E-001
 -0.50350454E-001
 -0.50350805E-001
 -0.50351206E-001
 -0.50351648E-001
 -0.50352125E-001
 -0.50352628E-001
 -0.50353152E-001
 -0.50353688E-001
 -0.50354230E-001
 -0.50354772E-001
 -0.50355307E-001
 -0.50355829E-001
 -0.50356333E-001
 -0.50356816E-001
 -0.50357272E-001
 -0.50357699E-001
 -0.50358093E-001
 -0.50358454E-001
 -0.50358779E-001
 -0.50359067E-001
 -0.50359319E-001
 -0.50359535E-001
 -0.50359714E-001
 -0.50359858E-001
 -0.50359968E-001
 -0.50360046E-001
 -0.50360092E-001
 -0.50360110E-001
 -0.50360100E-001
 -0.50360066E-001
 -0.50360007E-001
 -0.50359928E-001
 -0.50359829E-001
 -0.50359712E-001
 -0.50359580E-001
 -0.50359434E-001
 -0.50359276E-001
 -0.50359108E-001
 -0.50358930E-001
 -0.50358744E-001
 -0.50358553E-001
 -0.50358356E-001
 -0.50358156E-001
 -0.50357952E-001
 -0.50357747E-001
 -0.50357541E-001
 -0.50357335E-001
 -0.50357130E-001
 -0.50356925E-001
 -0.50356723E-001
 -0.50356524E-001
 -0.50356327E-001
 -0.50356134E-001
 -0.50355944E-001
 -0.50355759E-001
 -0.50355578E-001
 -0.50355401E-001
 -0.50355230E-001
 -0.50355063E-001
 -0.50354901E-001
 -0.50354745E-001
 -0.50354594E-001
 -0.50354447E-001
 -0.50354307E-001
 -0.50354171E-001
 -0.50354040E-001
 -0.50353915E-001
 -0.50353795E-001
 -0.50353679E-001
 -0.50353569E-001
 -0.50353463E-001
 -0.50353362E-001
 -0.50353266E-001
 -0.50353174E-001
 -0.50353086E-001
 -0.50353003E-001
 -0.50352923E-001
 -0.50352848E-001
 -0.50352776E-001
 -0.50352707E-001
 -0.50352643E-001
 -0.50352581E-001
 -0.50352523E-001
 -0.50352468E-001
 -0.50352415E-001
 -0.50352366E-001
 -0.50352319E-001
 -0.50352275E-001
 -0.50352233E-001
 -0.50352193E-001
 -0.50352156E-001
 -0.50352121E-001
 -0.50352088E-001
 -0.50352056E-001
 -0.50352027E-001
 -0.50351999E-001
 -0.50351973E-001
 -0.50351948E-001
 -0.50351925E-001
 -0.50351903E-001
 -0.50351882E-001
 -0.50351863E-001
 -0.50351845E-001
 -0.50351828E-001
 -0.50351812E-001
 -0.50351797E-001
 -0.50351783E-001
 -0.50351770E-001
 -0.50351757E-001
 -0.50351746E-001
 -0.50351735E-001
 -0.50351725E-001
 -0.50351715E-001
 -0.50351706E-001
 -0.50351698E-001
 -0.50351691E-001
 -0.50351684E-001
 -0.50351678E-001
 -0.50351674E-001
 -0.50351668E-001
