  0.19620141E+001
  0.20331535E+001
  0.20463131E+001
  0.20453900E+001
  0.20423320E+001
  0.20386130E+001
  0.20294582E+001
  0.20182889E+001
  0.20072378E+001
  0.19973610E+001
  0.19890416E+001
  0.19822418E+001
  0.19767211E+001
  0.19722268E+001
  0.19685299E+001
  0.19655979E+001
  0.19632724E+001
  0.19614037E+001
  0.19598853E+001
  0.19586398E+001
  0.19576103E+001
  0.19567541E+001
  0.19560386E+001
  0.19554387E+001
  0.19549345E+001
  0.19544279E+001
  0.19537948E+001
  0.19531077E+001
  0.19524193E+001
  0.19517656E+001
  0.19511698E+001
  0.19506454E+001
  0.19501982E+001
  0.19498288E+001
  0.19495344E+001
  0.19493094E+001
  0.19491472E+001
  0.19490403E+001
  0.19489812E+001
  0.19489628E+001
  0.19489782E+001
  0.19490214E+001
  0.19490869E+001
  0.19491703E+001
  0.19492676E+001
  0.19493755E+001
  0.19494914E+001
  0.19496132E+001
  0.19497393E+001
  0.19498682E+001
  0.19499991E+001
  0.19501310E+001
  0.19502635E+001
  0.19503961E+001
  0.19505284E+001
  0.19506602E+001
  0.19507913E+001
  0.19509214E+001
  0.19510504E+001
  0.19511783E+001
  0.19513049E+001
  0.19514300E+001
  0.19515537E+001
  0.19516758E+001
  0.19517963E+001
  0.19519151E+001
  0.19520323E+001
  0.19521364E+001
  0.19521910E+001
  0.19522239E+001
  0.19522478E+001
  0.19522683E+001
  0.19522878E+001
  0.19523073E+001
  0.19523270E+001
  0.19523472E+001
  0.19523677E+001
  0.19523886E+001
  0.19524097E+001
  0.19524310E+001
  0.19524524E+001
  0.19524739E+001
  0.19524952E+001
  0.19525165E+001
  0.19525376E+001
  0.19525584E+001
  0.19525789E+001
  0.19525991E+001
  0.19526190E+001
  0.19526384E+001
  0.19526574E+001
  0.19526759E+001
  0.19526940E+001
  0.19527117E+001
  0.19527289E+001
  0.19527456E+001
  0.19527620E+001
  0.19527779E+001
  0.19527934E+001
  0.19528086E+001
  0.19528234E+001
  0.19528379E+001
  0.19528520E+001
  0.19528660E+001
  0.19528797E+001
  0.19528931E+001
  0.19529064E+001
  0.19529195E+001
  0.19529325E+001
  0.19529454E+001
  0.19529581E+001
  0.19529708E+001
  0.19529835E+001
  0.19529961E+001
  0.19530087E+001
  0.19530213E+001
  0.19530340E+001
  0.19530467E+001
  0.19530594E+001
  0.19530722E+001
  0.19530851E+001
  0.19530981E+001
  0.19531112E+001
  0.19531244E+001
  0.19531377E+001
  0.19531512E+001
  0.19531648E+001
  0.19531785E+001
  0.19531924E+001
  0.19532064E+001
  0.19532206E+001
  0.19532349E+001
  0.19532494E+001
  0.19532640E+001
  0.19532788E+001
  0.19532938E+001
  0.19533089E+001
  0.19533241E+001
  0.19533395E+001
  0.19533550E+001
  0.19533706E+001
  0.19533863E+001
  0.19534022E+001
  0.19534182E+001
  0.19534342E+001
  0.19534504E+001
  0.19534666E+001
  0.19534829E+001
  0.19534993E+001
  0.19535157E+001
  0.19535321E+001
  0.19535486E+001
  0.19535651E+001
  0.19535816E+001
  0.19535981E+001
  0.19536146E+001
  0.19536311E+001
  0.19536475E+001
  0.19536639E+001
  0.19536803E+001
  0.19536965E+001
  0.19537127E+001
  0.19537289E+001
  0.19537449E+001
  0.19537608E+001
  0.19537766E+001
  0.19537922E+001
  0.19538078E+001
  0.19538232E+001
  0.19538384E+001
  0.19538535E+001
  0.19538684E+001
  0.19538832E+001
  0.19538977E+001
  0.19539121E+001
  0.19539263E+001
  0.19539402E+001
  0.19539540E+001
  0.19539676E+001
  0.19539809E+001
  0.19539940E+001
  0.19540069E+001
  0.19540195E+001
  0.19540320E+001
  0.19540441E+001
  0.19540561E+001
  0.19540678E+001
  0.19540792E+001
  0.19540904E+001
  0.19541014E+001
  0.19541121E+001
  0.19541225E+001
  0.19541327E+001
  0.19541427E+001
  0.19541524E+001
  0.19541619E+001
  0.19541711E+001
  0.19541801E+001
  0.19541888E+001
  0.19541973E+001
