  0.60234103E+000
  0.60337701E+000
  0.60401776E+000
  0.60436484E+000
  0.60419567E+000
  0.60369956E+000
  0.60330197E+000
  0.60297260E+000
  0.60269163E+000
  0.60244599E+000
  0.60222760E+000
  0.60203043E+000
  0.60185040E+000
  0.60168455E+000
  0.60153072E+000
  0.60133762E+000
  0.60111511E+000
  0.60088916E+000
  0.60067305E+000
  0.60047298E+000
  0.60029123E+000
  0.60012793E+000
  0.59998216E+000
  0.59985253E+000
  0.59973749E+000
  0.59963893E+000
  0.59955930E+000
  0.59949234E+000
  0.59943432E+000
  0.59938302E+000
  0.59933706E+000
  0.59929562E+000
  0.59925813E+000
  0.59922422E+000
  0.59919360E+000
  0.59916603E+000
  0.59914130E+000
  0.59911921E+000
  0.59909958E+000
  0.59908221E+000
  0.59906694E+000
  0.59905357E+000
  0.59904194E+000
  0.59903187E+000
  0.59902321E+000
  0.59901580E+000
  0.59900949E+000
  0.59900416E+000
  0.59899967E+000
  0.59899592E+000
  0.59899281E+000
  0.59899023E+000
  0.59898812E+000
  0.59898641E+000
  0.59898503E+000
  0.59898393E+000
  0.59898306E+000
  0.59898240E+000
  0.59898190E+000
  0.59898154E+000
  0.59898130E+000
  0.59898115E+000
  0.59898108E+000
  0.59898108E+000
  0.59898113E+000
  0.59898124E+000
  0.59898138E+000
  0.59898189E+000
  0.59898372E+000
  0.59898580E+000
  0.59898794E+000
  0.59899008E+000
  0.59899223E+000
  0.59899440E+000
  0.59899659E+000
  0.59899882E+000
  0.59900110E+000
  0.59900343E+000
  0.59900582E+000
  0.59900828E+000
  0.59901081E+000
  0.59901341E+000
  0.59901607E+000
  0.59901880E+000
  0.59902159E+000
  0.59902442E+000
  0.59902729E+000
  0.59903018E+000
  0.59903308E+000
  0.59903597E+000
  0.59903885E+000
  0.59904170E+000
  0.59904450E+000
  0.59904724E+000
  0.59904992E+000
  0.59905251E+000
  0.59905503E+000
  0.59905745E+000
  0.59905977E+000
  0.59906200E+000
  0.59906412E+000
  0.59906614E+000
  0.59906806E+000
  0.59906987E+000
  0.59907159E+000
  0.59907321E+000
  0.59907473E+000
  0.59907617E+000
  0.59907751E+000
  0.59907877E+000
  0.59907995E+000
  0.59908106E+000
  0.59908209E+000
  0.59908305E+000
  0.59908394E+000
  0.59908478E+000
  0.59908555E+000
  0.59908627E+000
  0.59908693E+000
  0.59908755E+000
  0.59908811E+000
  0.59908863E+000
  0.59908911E+000
  0.59908954E+000
  0.59908994E+000
  0.59909030E+000
  0.59909062E+000
  0.59909091E+000
  0.59909117E+000
  0.59909140E+000
  0.59909161E+000
  0.59909178E+000
  0.59909193E+000
  0.59909206E+000
  0.59909216E+000
  0.59909224E+000
  0.59909230E+000
  0.59909235E+000
  0.59909237E+000
  0.59909238E+000
  0.59909238E+000
  0.59909236E+000
  0.59909233E+000
  0.59909228E+000
  0.59909223E+000
  0.59909217E+000
  0.59909209E+000
  0.59909201E+000
  0.59909193E+000
  0.59909183E+000
  0.59909173E+000
  0.59909163E+000
  0.59909152E+000
  0.59909141E+000
  0.59909130E+000
  0.59909118E+000
  0.59909107E+000
  0.59909095E+000
  0.59909083E+000
  0.59909071E+000
  0.59909059E+000
  0.59909048E+000
  0.59909036E+000
  0.59909024E+000
  0.59909013E+000
  0.59909002E+000
  0.59908991E+000
  0.59908980E+000
  0.59908970E+000
  0.59908959E+000
  0.59908949E+000
  0.59908940E+000
  0.59908930E+000
  0.59908921E+000
  0.59908912E+000
  0.59908904E+000
  0.59908896E+000
  0.59908888E+000
  0.59908880E+000
  0.59908873E+000
  0.59908866E+000
  0.59908859E+000
  0.59908853E+000
  0.59908847E+000
  0.59908841E+000
  0.59908835E+000
  0.59908830E+000
  0.59908825E+000
  0.59908820E+000
  0.59908815E+000
  0.59908811E+000
  0.59908807E+000
  0.59908803E+000
  0.59908799E+000
  0.59908796E+000
  0.59908793E+000
  0.59908790E+000
  0.59908787E+000
  0.59908784E+000
  0.59908781E+000
