  0.67621182E+000  0.85158198E+000  0.97288593E+000  0.25283256E+001
  0.67404340E+000  0.85064672E+000  0.97463750E+000  0.25240286E+001
  0.67137264E+000  0.85128219E+000  0.97453058E+000  0.25217936E+001
  0.67013368E+000  0.85066169E+000  0.97462518E+000  0.25199610E+001
  0.66842232E+000  0.85101043E+000  0.97501812E+000  0.25179483E+001
  0.66639024E+000  0.85220073E+000  0.97509572E+000  0.25162289E+001
  0.66433622E+000  0.85294874E+000  0.97510787E+000  0.25154443E+001
  0.66313652E+000  0.85343377E+000  0.97506296E+000  0.25144692E+001
  0.66248294E+000  0.85307025E+000  0.97541950E+000  0.25136780E+001
  0.66213812E+000  0.85259321E+000  0.97550315E+000  0.25132025E+001
  0.66158893E+000  0.85283544E+000  0.97539488E+000  0.25126020E+001
  0.66122652E+000  0.85272164E+000  0.97548735E+000  0.25121409E+001
  0.66040194E+000  0.85334732E+000  0.97538458E+000  0.25117443E+001
  0.66024809E+000  0.85310293E+000  0.97554521E+000  0.25114081E+001
  0.66015211E+000  0.85300965E+000  0.97554008E+000  0.25111311E+001
  0.66007337E+000  0.85285198E+000  0.97546922E+000  0.25110570E+001
  0.66002806E+000  0.85276475E+000  0.97543399E+000  0.25109203E+001
  0.65982728E+000  0.85291999E+000  0.97523691E+000  0.25109232E+001
  0.65980434E+000  0.85288263E+000  0.97524188E+000  0.25107937E+001
  0.65977209E+000  0.85278200E+000  0.97532552E+000  0.25107046E+001
  0.65972513E+000  0.85271948E+000  0.97541008E+000  0.25106308E+001
  0.65971522E+000  0.85272554E+000  0.97540048E+000  0.25105791E+001
  0.65939490E+000  0.85303860E+000  0.97543094E+000  0.25105194E+001
  0.65940508E+000  0.85303628E+000  0.97543521E+000  0.25104952E+001
  0.65941014E+000  0.85304492E+000  0.97543997E+000  0.25104854E+001
  0.65942552E+000  0.85304600E+000  0.97545538E+000  0.25104799E+001
  0.65944245E+000  0.85304424E+000  0.97547651E+000  0.25104849E+001
  0.65946123E+000  0.85304795E+000  0.97548364E+000  0.25105095E+001
  0.65947704E+000  0.85305124E+000  0.97550007E+000  0.25105390E+001
  0.65949848E+000  0.85305649E+000  0.97550890E+000  0.25105777E+001
  0.65952052E+000  0.85306247E+000  0.97552105E+000  0.25106196E+001
  0.65954356E+000  0.85305674E+000  0.97554555E+000  0.25106663E+001
  0.65956714E+000  0.85306014E+000  0.97556158E+000  0.25107173E+001
  0.65959113E+000  0.85306659E+000  0.97557505E+000  0.25107720E+001
  0.65961540E+000  0.85307315E+000  0.97558873E+000  0.25108298E+001
  0.65963984E+000  0.85307977E+000  0.97560254E+000  0.25108903E+001
  0.65966436E+000  0.85308642E+000  0.97545016E+000  0.25098442E+001
  0.65968885E+000  0.85309306E+000  0.97548264E+000  0.25100369E+001
  0.65971326E+000  0.85309966E+000  0.97551405E+000  0.25102244E+001
  0.65973749E+000  0.85310621E+000  0.97554437E+000  0.25104064E+001
  0.65976150E+000  0.85311269E+000  0.97557355E+000  0.25105828E+001
  0.65978521E+000  0.85311908E+000  0.97560158E+000  0.25107533E+001
  0.65980857E+000  0.85312539E+000  0.97562845E+000  0.25109179E+001
  0.65983154E+000  0.85313159E+000  0.97565416E+000  0.25110764E+001
  0.65985405E+000  0.85313769E+000  0.97567871E+000  0.25112288E+001
  0.65987608E+000  0.85314628E+000  0.97569952E+000  0.25113752E+001
  0.65989757E+000  0.85315215E+000  0.97572181E+000  0.25115156E+001
  0.65991848E+000  0.85315793E+000  0.97574298E+000  0.25116500E+001
  0.65993878E+000  0.85316357E+000  0.97577196E+000  0.25118049E+001
  0.65995843E+000  0.85316934E+000  0.97577938E+000  0.25118841E+001
  0.65997740E+000  0.85317473E+000  0.97579129E+000  0.25119591E+001
  0.65999566E+000  0.85318005E+000  0.97580293E+000  0.25120342E+001
  0.66001318E+000  0.85318517E+000  0.97581445E+000  0.25121092E+001
  0.66002995E+000  0.85319015E+000  0.97582577E+000  0.25121842E+001
  0.66004594E+000  0.85319499E+000  0.97583687E+000  0.25122591E+001
  0.66006115E+000  0.85321161E+000  0.97583584E+000  0.25123338E+001
  0.66007556E+000  0.85321616E+000  0.97584650E+000  0.25124083E+001
  0.66008916E+000  0.85322055E+000  0.97585692E+000  0.25124824E+001
  0.66010196E+000  0.85322479E+000  0.97587158E+000  0.25125518E+001
  0.66011395E+000  0.85322886E+000  0.97588152E+000  0.25126252E+001
  0.66012535E+000  0.85323258E+000  0.97589120E+000  0.25126982E+001
  0.66013578E+000  0.85323633E+000  0.97590062E+000  0.25127707E+001
  0.66014544E+000  0.85323990E+000  0.97590975E+000  0.25128426E+001
  0.66015437E+000  0.85324331E+000  0.97591860E+000  0.25129141E+001
  0.66016260E+000  0.85324652E+000  0.97592722E+000  0.25129848E+001
  0.66017011E+000  0.85324958E+000  0.97593548E+000  0.25130550E+001
  0.66017697E+000  0.85325247E+000  0.97594344E+000  0.25131245E+001
  0.66018319E+000  0.85325521E+000  0.97595109E+000  0.25131934E+001
  0.66018883E+000  0.85325779E+000  0.97595841E+000  0.25132615E+001
  0.66019390E+000  0.85326022E+000  0.97596542E+000  0.25133290E+001
  0.66019845E+000  0.85326833E+000  0.97582151E+000  0.25123963E+001
  0.66020250E+000  0.85327045E+000  0.97582589E+000  0.25124481E+001
  0.66020617E+000  0.85327237E+000  0.97582985E+000  0.25124980E+001
  0.66020935E+000  0.85327419E+000  0.97583341E+000  0.25125462E+001
  0.66021215E+000  0.85327588E+000  0.97583658E+000  0.25125927E+001
  0.66021459E+000  0.85327744E+000  0.97583940E+000  0.25126376E+001
  0.66021671E+000  0.85327888E+000  0.97584188E+000  0.25126809E+001
  0.66021854E+000  0.85328021E+000  0.97584407E+000  0.25127228E+001
  0.66022010E+000  0.85328143E+000  0.97584598E+000  0.25127632E+001
  0.66022143E+000  0.85328255E+000  0.97584764E+000  0.25128022E+001
  0.66022254E+000  0.85328357E+000  0.97584909E+000  0.25128400E+001
  0.66022345E+000  0.85328452E+000  0.97585034E+000  0.25128765E+001
  0.66022420E+000  0.85328539E+000  0.97585143E+000  0.25129117E+001
  0.66022480E+000  0.85328619E+000  0.97585238E+000  0.25129458E+001
  0.66022527E+000  0.85328693E+000  0.97603555E+000  0.25142378E+001
  0.66022563E+000  0.85328761E+000  0.97603935E+000  0.25142909E+001
  0.66022589E+000  0.85328825E+000  0.97604310E+000  0.25143430E+001
  0.66022607E+000  0.85328884E+000  0.97604680E+000  0.25143942E+001
  0.66022618E+000  0.85328939E+000  0.97605048E+000  0.25144444E+001
  0.66022624E+000  0.85328991E+000  0.97605415E+000  0.25144938E+001
  0.66022626E+000  0.85329040E+000  0.97605783E+000  0.25145423E+001
  0.66022625E+000  0.85329086E+000  0.97606151E+000  0.25145900E+001
  0.66022621E+000  0.85329130E+000  0.97606522E+000  0.25146368E+001
  0.66022616E+000  0.85329172E+000  0.97606897E+000  0.25146829E+001
  0.66022611E+000  0.85329213E+000  0.97607276E+000  0.25147282E+001
  0.66022605E+000  0.85329252E+000  0.97607659E+000  0.25147728E+001
  0.66022601E+000  0.85329291E+000  0.97608047E+000  0.25148168E+001
  0.66022597E+000  0.85329327E+000  0.97608441E+000  0.25148601E+001
  0.66022595E+000  0.85329363E+000  0.97608841E+000  0.25149028E+001
  0.66022595E+000  0.85329398E+000  0.97609247E+000  0.25149450E+001
  0.66022597E+000  0.85329433E+000  0.97609658E+000  0.25149867E+001
  0.66022601E+000  0.85329466E+000  0.97610075E+000  0.25150279E+001
  0.66022608E+000  0.85329500E+000  0.97610498E+000  0.25150686E+001
  0.66022617E+000  0.85329533E+000  0.97610925E+000  0.25151090E+001
  0.66022629E+000  0.85329565E+000  0.97611356E+000  0.25151490E+001
  0.66022643E+000  0.85329598E+000  0.97611791E+000  0.25151887E+001
  0.66022660E+000  0.85329630E+000  0.97612230E+000  0.25152280E+001
  0.66022679E+000  0.85329661E+000  0.97612671E+000  0.25152672E+001
  0.66022700E+000  0.85329693E+000  0.97613115E+000  0.25153061E+001
  0.66022724E+000  0.85329724E+000  0.97613560E+000  0.25153448E+001
  0.66022750E+000  0.85329755E+000  0.97614005E+000  0.25153833E+001
  0.66022777E+000  0.85329786E+000  0.97614451E+000  0.25154218E+001
  0.66022807E+000  0.85329817E+000  0.97614896E+000  0.25154601E+001
  0.66022838E+000  0.85329848E+000  0.97615340E+000  0.25154984E+001
  0.66022870E+000  0.85329878E+000  0.97615782E+000  0.25155366E+001
  0.66022904E+000  0.85329908E+000  0.97616221E+000  0.25155748E+001
  0.66022939E+000  0.85329938E+000  0.97616657E+000  0.25156130E+001
  0.66022975E+000  0.85329968E+000  0.97617089E+000  0.25156512E+001
  0.66023012E+000  0.85329998E+000  0.97617517E+000  0.25156895E+001
  0.66023049E+000  0.85330027E+000  0.97617940E+000  0.25157279E+001
  0.66023087E+000  0.85330057E+000  0.97618358E+000  0.25157663E+001
  0.66023125E+000  0.85330086E+000  0.97618770E+000  0.25158049E+001
  0.66023163E+000  0.85330115E+000  0.97619176E+000  0.25158436E+001
  0.66023201E+000  0.85330143E+000  0.97619575E+000  0.25158824E+001
  0.66023240E+000  0.85330171E+000  0.97619967E+000  0.25159213E+001
  0.66023278E+000  0.85330199E+000  0.97620351E+000  0.25159605E+001
  0.66023316E+000  0.85330227E+000  0.97620728E+000  0.25159998E+001
  0.66023354E+000  0.85330254E+000  0.97621098E+000  0.25160392E+001
  0.66023391E+000  0.85330281E+000  0.97621459E+000  0.25160789E+001
  0.66023428E+000  0.85330307E+000  0.97621811E+000  0.25161187E+001
  0.66023465E+000  0.85330333E+000  0.97622155E+000  0.25161587E+001
  0.66023500E+000  0.85330358E+000  0.97622491E+000  0.25161989E+001
  0.66023535E+000  0.85330383E+000  0.97622817E+000  0.25162393E+001
  0.66023569E+000  0.85330407E+000  0.97623135E+000  0.25162799E+001
  0.66023603E+000  0.85330431E+000  0.97623444E+000  0.25163207E+001
  0.66023635E+000  0.85330455E+000  0.97623743E+000  0.25163616E+001
  0.66023667E+000  0.85330477E+000  0.97624034E+000  0.25164028E+001
  0.66023698E+000  0.85330500E+000  0.97624316E+000  0.25164440E+001
  0.66023728E+000  0.85330521E+000  0.97624589E+000  0.25164855E+001
  0.66023757E+000  0.85330542E+000  0.97624852E+000  0.25165270E+001
  0.66023785E+000  0.85330563E+000  0.97625107E+000  0.25165687E+001
  0.66023812E+000  0.85330583E+000  0.97625354E+000  0.25166106E+001
  0.66023838E+000  0.85330602E+000  0.97625591E+000  0.25166525E+001
  0.66023863E+000  0.85330620E+000  0.97625820E+000  0.25166945E+001
  0.66023887E+000  0.85330638E+000  0.97626040E+000  0.25167366E+001
  0.66023910E+000  0.85330656E+000  0.97626252E+000  0.25167787E+001
  0.66023933E+000  0.85330672E+000  0.97626456E+000  0.25168209E+001
  0.66023954E+000  0.85330688E+000  0.97626652E+000  0.25168631E+001
  0.66023974E+000  0.85330704E+000  0.97626840E+000  0.25169053E+001
  0.66023994E+000  0.85330719E+000  0.97627020E+000  0.25169475E+001
  0.66024012E+000  0.85330733E+000  0.97627193E+000  0.25169897E+001
  0.66024030E+000  0.85330747E+000  0.97627358E+000  0.25170318E+001
  0.66024047E+000  0.85330760E+000  0.97627517E+000  0.25170738E+001
  0.66024063E+000  0.85330773E+000  0.97627668E+000  0.25171157E+001
  0.66024078E+000  0.85330785E+000  0.97627812E+000  0.25171575E+001
  0.66024093E+000  0.85330797E+000  0.97627950E+000  0.25171991E+001
  0.66024107E+000  0.85330808E+000  0.97628082E+000  0.25172406E+001
  0.66024120E+000  0.85330818E+000  0.97628208E+000  0.25172819E+001
  0.66024132E+000  0.85330828E+000  0.97628327E+000  0.25173230E+001
  0.66024144E+000  0.85330838E+000  0.97628441E+000  0.25173639E+001
  0.66024155E+000  0.85330847E+000  0.97628549E+000  0.25174046E+001
  0.66024165E+000  0.85330856E+000  0.97628652E+000  0.25174449E+001
  0.66024175E+000  0.85330864E+000  0.97628750E+000  0.25174850E+001
  0.66024184E+000  0.85330872E+000  0.97628843E+000  0.25175247E+001
  0.66024193E+000  0.85330879E+000  0.97628931E+000  0.25175642E+001
  0.66024201E+000  0.85330886E+000  0.97629014E+000  0.25176033E+001
  0.66024209E+000  0.85330893E+000  0.97629093E+000  0.25176420E+001
  0.66024216E+000  0.85330899E+000  0.97629168E+000  0.25176803E+001
  0.66024223E+000  0.85330905E+000  0.97629239E+000  0.25177182E+001
  0.66024230E+000  0.85330911E+000  0.97629306E+000  0.25177557E+001
  0.66024236E+000  0.85330916E+000  0.97629370E+000  0.25177928E+001
  0.66024242E+000  0.85330921E+000  0.97629430E+000  0.25178294E+001
  0.66024247E+000  0.85330926E+000  0.97629486E+000  0.25178655E+001
  0.66024252E+000  0.85330930E+000  0.97629540E+000  0.25179011E+001
  0.66024257E+000  0.85330934E+000  0.97629590E+000  0.25179363E+001
  0.66024261E+000  0.85330938E+000  0.97629638E+000  0.25179709E+001
  0.66024265E+000  0.85330942E+000  0.97629683E+000  0.25180050E+001
  0.66024269E+000  0.85330945E+000  0.97629725E+000  0.25180386E+001
  0.66024272E+000  0.85330949E+000  0.97629765E+000  0.25180716E+001
  0.66024276E+000  0.85330952E+000  0.97629803E+000  0.25181041E+001
  0.66024279E+000  0.85330955E+000  0.97629838E+000  0.25181359E+001
  0.66024282E+000  0.85330957E+000  0.97629871E+000  0.25181673E+001
  0.66024285E+000  0.85330960E+000  0.97629902E+000  0.25181980E+001
  0.66024287E+000  0.85330962E+000  0.97629932E+000  0.25182281E+001
  0.66024290E+000  0.85330965E+000  0.97629959E+000  0.25182577E+001
  0.66024292E+000  0.85330967E+000  0.97629985E+000  0.25182866E+001
  0.66024294E+000  0.85330969E+000  0.97630009E+000  0.25183149E+001
  0.66024296E+000  0.85330970E+000  0.97630032E+000  0.25183427E+001
  0.66024298E+000  0.85330972E+000  0.97630054E+000  0.25183698E+001
  0.66024299E+000  0.85330974E+000  0.97630074E+000  0.25183963E+001
  0.66024301E+000  0.85330975E+000  0.97630093E+000  0.25184222E+001
  0.66024302E+000  0.85330977E+000  0.97630110E+000  0.25184474E+001
  0.66024304E+000  0.85330978E+000  0.97630127E+000  0.25184721E+001
  0.66024305E+000  0.85330979E+000  0.97630143E+000  0.25184961E+001
  0.66024306E+000  0.85330980E+000  0.97630157E+000  0.25185195E+001
  0.66024307E+000  0.85330981E+000  0.97630171E+000  0.25185423E+001
  0.66024308E+000  0.85330983E+000  0.97630184E+000  0.25185645E+001
  0.66024309E+000  0.85330984E+000  0.97630196E+000  0.25185861E+001
  0.66024310E+000  0.85330984E+000  0.97630207E+000  0.25186071E+001
  0.66024309E+000  0.85330984E+000  0.97630215E+000  0.25186274E+001
