  0.70285673E+000  0.85575082E+000  0.10431612E+001  0.24272366E+001
  0.70256205E+000  0.85526731E+000  0.10416760E+001  0.24238509E+001
  0.70217981E+000  0.85501027E+000  0.10405412E+001  0.24212477E+001
  0.70185473E+000  0.85486646E+000  0.10395387E+001  0.24191216E+001
  0.70162341E+000  0.85471145E+000  0.10387026E+001  0.24173617E+001
  0.70144960E+000  0.85456513E+000  0.10380105E+001  0.24158904E+001
  0.70131742E+000  0.85442771E+000  0.10374284E+001  0.24146636E+001
  0.70120562E+000  0.85431448E+000  0.10369507E+001  0.24136316E+001
  0.70111102E+000  0.85422042E+000  0.10365574E+001  0.24127619E+001
  0.70103079E+000  0.85414191E+000  0.10362351E+001  0.24120292E+001
  0.70096268E+000  0.85407551E+000  0.10359715E+001  0.24114115E+001
  0.70090504E+000  0.85401844E+000  0.10357577E+001  0.24108952E+001
  0.70085660E+000  0.85396897E+000  0.10355867E+001  0.24104659E+001
  0.70081630E+000  0.85392555E+000  0.10354519E+001  0.24101106E+001
  0.70078049E+000  0.85388689E+000  0.10353480E+001  0.24098176E+001
  0.70075178E+000  0.85385198E+000  0.10352700E+001  0.24095778E+001
  0.70073024E+000  0.85382002E+000  0.10352138E+001  0.24093830E+001
  0.70071441E+000  0.85379039E+000  0.10351761E+001  0.24092265E+001
  0.70070319E+000  0.85376260E+000  0.10351541E+001  0.24091026E+001
  0.70069579E+000  0.85373628E+000  0.10351456E+001  0.24090065E+001
  0.70069533E+000  0.85370740E+000  0.10351485E+001  0.24089342E+001
  0.70069933E+000  0.85367768E+000  0.10351611E+001  0.24088822E+001
  0.70070552E+000  0.85364885E+000  0.10351819E+001  0.24088475E+001
  0.70071350E+000  0.85362085E+000  0.10352097E+001  0.24088277E+001
  0.70072294E+000  0.85359364E+000  0.10352433E+001  0.24088205E+001
  0.70073351E+000  0.85356722E+000  0.10352817E+001  0.24088243E+001
  0.70074924E+000  0.85353726E+000  0.10353241E+001  0.24088375E+001
  0.70077292E+000  0.85350088E+000  0.10353698E+001  0.24088587E+001
  0.70079697E+000  0.85346553E+000  0.10354179E+001  0.24088869E+001
  0.70082123E+000  0.85343125E+000  0.10354680E+001  0.24089211E+001
  0.70084556E+000  0.85339808E+000  0.10355196E+001  0.24089604E+001
  0.70086983E+000  0.85336604E+000  0.10355721E+001  0.24090042E+001
  0.70089392E+000  0.85333515E+000  0.10356252E+001  0.24090519E+001
  0.70091773E+000  0.85330541E+000  0.10356787E+001  0.24091029E+001
  0.70094120E+000  0.85327682E+000  0.10357321E+001  0.24091569E+001
  0.70096425E+000  0.85324937E+000  0.10357854E+001  0.24092134E+001
  0.70098684E+000  0.85322304E+000  0.10358382E+001  0.24092722E+001
  0.70100892E+000  0.85319778E+000  0.10358906E+001  0.24093328E+001
  0.70103045E+000  0.85317358E+000  0.10359423E+001  0.24093951E+001
  0.70105142E+000  0.85315038E+000  0.10359933E+001  0.24094589E+001
  0.70107180E+000  0.85312814E+000  0.10360435E+001  0.24095239E+001
  0.70109158E+000  0.85310682E+000  0.10360930E+001  0.24095900E+001
  0.70111076E+000  0.85308637E+000  0.10361417E+001  0.24096569E+001
  0.70112931E+000  0.85306676E+000  0.10361896E+001  0.24097246E+001
  0.70114726E+000  0.85304794E+000  0.10362366E+001  0.24097929E+001
  0.70116458E+000  0.85302989E+000  0.10362829E+001  0.24098616E+001
  0.70118130E+000  0.85301256E+000  0.10363283E+001  0.24099308E+001
  0.70119740E+000  0.85299592E+000  0.10363729E+001  0.24100002E+001
  0.70121291E+000  0.85297996E+000  0.10364166E+001  0.24100697E+001
  0.70122784E+000  0.85296743E+000  0.10364567E+001  0.24101393E+001
  0.70124219E+000  0.85296206E+000  0.10364893E+001  0.24102090E+001
  0.70125599E+000  0.85295699E+000  0.10365212E+001  0.24102786E+001
  0.70126925E+000  0.85295218E+000  0.10365511E+001  0.24103495E+001
  0.70128199E+000  0.85294761E+000  0.10365799E+001  0.24104206E+001
  0.70129425E+000  0.85294323E+000  0.10366080E+001  0.24104915E+001
  0.70130340E+000  0.85294167E+000  0.10366353E+001  0.24105620E+001
  0.70130005E+000  0.85295232E+000  0.10366618E+001  0.24106322E+001
  0.70129650E+000  0.85296286E+000  0.10366876E+001  0.24107021E+001
  0.70129275E+000  0.85297330E+000  0.10367126E+001  0.24107715E+001
  0.70128880E+000  0.85298364E+000  0.10367367E+001  0.24108404E+001
  0.70128468E+000  0.85299388E+000  0.10367600E+001  0.24109088E+001
  0.70128038E+000  0.85300401E+000  0.10367824E+001  0.24109766E+001
  0.70127593E+000  0.85301402E+000  0.10368040E+001  0.24110438E+001
  0.70127134E+000  0.85302392E+000  0.10368247E+001  0.24111103E+001
  0.70126663E+000  0.85303369E+000  0.10368446E+001  0.24111762E+001
  0.70126183E+000  0.85304333E+000  0.10368637E+001  0.24112413E+001
  0.70126477E+000  0.85304502E+000  0.10368820E+001  0.24113056E+001
  0.70126811E+000  0.85304612E+000  0.10368995E+001  0.24113692E+001
  0.70127136E+000  0.85304712E+000  0.10369162E+001  0.24114318E+001
  0.70127457E+000  0.85304803E+000  0.10369323E+001  0.24114936E+001
  0.70127775E+000  0.85304885E+000  0.10369476E+001  0.24115545E+001
  0.70128089E+000  0.85304959E+000  0.10369622E+001  0.24116145E+001
  0.70128402E+000  0.85305026E+000  0.10369763E+001  0.24116734E+001
  0.70128785E+000  0.85305015E+000  0.10369897E+001  0.24117314E+001
  0.70129394E+000  0.85304774E+000  0.10370026E+001  0.24117883E+001
  0.70129994E+000  0.85304538E+000  0.10370150E+001  0.24118442E+001
  0.70130583E+000  0.85304311E+000  0.10370269E+001  0.24118991E+001
  0.70131160E+000  0.85304093E+000  0.10370383E+001  0.24119528E+001
  0.70131725E+000  0.85303887E+000  0.10370494E+001  0.24120055E+001
  0.70132275E+000  0.85303695E+000  0.10370601E+001  0.24120570E+001
  0.70132810E+000  0.85303519E+000  0.10370705E+001  0.24121074E+001
  0.70133329E+000  0.85303359E+000  0.10370807E+001  0.24121567E+001
  0.70133830E+000  0.85303218E+000  0.10370906E+001  0.24122049E+001
  0.70134313E+000  0.85303094E+000  0.10371004E+001  0.24122519E+001
  0.70134777E+000  0.85302989E+000  0.10371100E+001  0.24122979E+001
  0.70135221E+000  0.85302903E+000  0.10371195E+001  0.24123427E+001
  0.70135645E+000  0.85302835E+000  0.10371290E+001  0.24123864E+001
  0.70136050E+000  0.85302786E+000  0.10371385E+001  0.24124291E+001
  0.70136434E+000  0.85302754E+000  0.10371480E+001  0.24124707E+001
  0.70136798E+000  0.85302738E+000  0.10371575E+001  0.24125113E+001
  0.70137143E+000  0.85302738E+000  0.10371671E+001  0.24125509E+001
  0.70137469E+000  0.85302753E+000  0.10371768E+001  0.24125896E+001
  0.70137777E+000  0.85302781E+000  0.10371866E+001  0.24126273E+001
  0.70138067E+000  0.85302821E+000  0.10371966E+001  0.24126643E+001
  0.70138340E+000  0.85302873E+000  0.10372067E+001  0.24127004E+001
  0.70138596E+000  0.85302934E+000  0.10372170E+001  0.24127357E+001
  0.70138837E+000  0.85303003E+000  0.10372274E+001  0.24127703E+001
  0.70139064E+000  0.85303080E+000  0.10372380E+001  0.24128043E+001
  0.70139276E+000  0.85303164E+000  0.10372488E+001  0.24128376E+001
  0.70139476E+000  0.85303253E+000  0.10372597E+001  0.24128704E+001
  0.70139664E+000  0.85303347E+000  0.10372708E+001  0.24129026E+001
  0.70139840E+000  0.85303444E+000  0.10372820E+001  0.24129344E+001
  0.70140005E+000  0.85303544E+000  0.10372934E+001  0.24129658E+001
  0.70140161E+000  0.85303647E+000  0.10373049E+001  0.24129968E+001
  0.70140307E+000  0.85303751E+000  0.10373164E+001  0.24130275E+001
  0.70140445E+000  0.85303855E+000  0.10373280E+001  0.24130579E+001
  0.70140574E+000  0.85303961E+000  0.10373397E+001  0.24130881E+001
  0.70140696E+000  0.85304066E+000  0.10373514E+001  0.24131182E+001
  0.70140811E+000  0.85304171E+000  0.10373631E+001  0.24131482E+001
  0.70140919E+000  0.85304275E+000  0.10373748E+001  0.24131781E+001
  0.70141021E+000  0.85304379E+000  0.10373865E+001  0.24132080E+001
  0.70141117E+000  0.85304481E+000  0.10373980E+001  0.24132379E+001
  0.70141208E+000  0.85304581E+000  0.10374095E+001  0.24132679E+001
  0.70141294E+000  0.85304680E+000  0.10374209E+001  0.24132980E+001
  0.70141375E+000  0.85304777E+000  0.10374321E+001  0.24133282E+001
  0.70141451E+000  0.85304872E+000  0.10374432E+001  0.24133586E+001
  0.70141523E+000  0.85304964E+000  0.10374542E+001  0.24133893E+001
  0.70141591E+000  0.85305055E+000  0.10374649E+001  0.24134202E+001
  0.70141656E+000  0.85305143E+000  0.10374754E+001  0.24134514E+001
  0.70141716E+000  0.85305228E+000  0.10374857E+001  0.24134829E+001
  0.70141774E+000  0.85305311E+000  0.10374958E+001  0.24135147E+001
  0.70141828E+000  0.85305391E+000  0.10375057E+001  0.24135468E+001
  0.70141879E+000  0.85305468E+000  0.10375152E+001  0.24135794E+001
  0.70141927E+000  0.85305542E+000  0.10375246E+001  0.24136123E+001
  0.70141973E+000  0.85305614E+000  0.10375337E+001  0.24136456E+001
  0.70142016E+000  0.85305683E+000  0.10375425E+001  0.24136793E+001
  0.70142057E+000  0.85305749E+000  0.10375510E+001  0.24137134E+001
  0.70142095E+000  0.85305812E+000  0.10375592E+001  0.24137480E+001
  0.70142132E+000  0.85305872E+000  0.10375672E+001  0.24137829E+001
  0.70142166E+000  0.85305929E+000  0.10375749E+001  0.24138183E+001
  0.70142199E+000  0.85305983E+000  0.10375824E+001  0.24138541E+001
  0.70142229E+000  0.85306035E+000  0.10375895E+001  0.24138903E+001
  0.70142258E+000  0.85306083E+000  0.10375964E+001  0.24139269E+001
  0.70142286E+000  0.85306129E+000  0.10376030E+001  0.24139639E+001
  0.70142312E+000  0.85306173E+000  0.10376094E+001  0.24140012E+001
  0.70142336E+000  0.85306214E+000  0.10376155E+001  0.24140390E+001
  0.70142360E+000  0.85306252E+000  0.10376213E+001  0.24140771E+001
  0.70142382E+000  0.85306288E+000  0.10376269E+001  0.24141155E+001
  0.70142403E+000  0.85306322E+000  0.10376323E+001  0.24141543E+001
  0.70142423E+000  0.85306353E+000  0.10376374E+001  0.24141934E+001
  0.70142441E+000  0.85306382E+000  0.10376423E+001  0.24142327E+001
  0.70142459E+000  0.85306410E+000  0.10376470E+001  0.24142724E+001
  0.70142476E+000  0.85306435E+000  0.10376514E+001  0.24143123E+001
  0.70142493E+000  0.85306458E+000  0.10376556E+001  0.24143524E+001
  0.70142508E+000  0.85306480E+000  0.10376597E+001  0.24143927E+001
  0.70142523E+000  0.85306500E+000  0.10376635E+001  0.24144332E+001
  0.70142537E+000  0.85306518E+000  0.10376671E+001  0.24144738E+001
  0.70142550E+000  0.85306535E+000  0.10376706E+001  0.24145146E+001
  0.70142563E+000  0.85306551E+000  0.10376738E+001  0.24145555E+001
  0.70142575E+000  0.85306565E+000  0.10376769E+001  0.24145965E+001
  0.70142586E+000  0.85306579E+000  0.10376799E+001  0.24146375E+001
  0.70142597E+000  0.85306591E+000  0.10376827E+001  0.24146786E+001
  0.70142608E+000  0.85306602E+000  0.10376853E+001  0.24147196E+001
  0.70142618E+000  0.85306612E+000  0.10376878E+001  0.24147607E+001
  0.70142627E+000  0.85306621E+000  0.10376901E+001  0.24148016E+001
  0.70142637E+000  0.85306630E+000  0.10376923E+001  0.24148426E+001
  0.70142645E+000  0.85306637E+000  0.10376944E+001  0.24148834E+001
  0.70142654E+000  0.85306644E+000  0.10376964E+001  0.24149240E+001
  0.70142662E+000  0.85306651E+000  0.10376982E+001  0.24149646E+001
  0.70142670E+000  0.85306657E+000  0.10376999E+001  0.24150049E+001
  0.70142677E+000  0.85306662E+000  0.10377016E+001  0.24150451E+001
  0.70142684E+000  0.85306667E+000  0.10377031E+001  0.24150850E+001
  0.70142691E+000  0.85306671E+000  0.10377046E+001  0.24151247E+001
  0.70142697E+000  0.85306675E+000  0.10377059E+001  0.24151641E+001
  0.70142703E+000  0.85306679E+000  0.10377072E+001  0.24152032E+001
  0.70142709E+000  0.85306682E+000  0.10377084E+001  0.24152420E+001
  0.70142715E+000  0.85306685E+000  0.10377095E+001  0.24152804E+001
  0.70142720E+000  0.85306688E+000  0.10377106E+001  0.24153185E+001
  0.70142726E+000  0.85306690E+000  0.10377115E+001  0.24153562E+001
  0.70142730E+000  0.85306693E+000  0.10377125E+001  0.24153935E+001
  0.70142735E+000  0.85306695E+000  0.10377133E+001  0.24154303E+001
  0.70142740E+000  0.85306697E+000  0.10377141E+001  0.24154668E+001
  0.70142744E+000  0.85306698E+000  0.10377149E+001  0.24155027E+001
  0.70142748E+000  0.85306700E+000  0.10377156E+001  0.24155382E+001
  0.70142752E+000  0.85306701E+000  0.10377163E+001  0.24155733E+001
  0.70142756E+000  0.85306703E+000  0.10377169E+001  0.24156078E+001
  0.70142759E+000  0.85306704E+000  0.10377175E+001  0.24156418E+001
  0.70142763E+000  0.85306705E+000  0.10377180E+001  0.24156752E+001
  0.70142766E+000  0.85306706E+000  0.10377185E+001  0.24157082E+001
  0.70142769E+000  0.85306707E+000  0.10377190E+001  0.24157406E+001
  0.70142772E+000  0.85306708E+000  0.10377195E+001  0.24157724E+001
  0.70142775E+000  0.85306709E+000  0.10377199E+001  0.24158036E+001
  0.70142777E+000  0.85306710E+000  0.10377203E+001  0.24158343E+001
  0.70142780E+000  0.85306710E+000  0.10377207E+001  0.24158644E+001
  0.70142782E+000  0.85306711E+000  0.10377210E+001  0.24158939E+001
  0.70142785E+000  0.85306712E+000  0.10377213E+001  0.24159228E+001
  0.70142787E+000  0.85306712E+000  0.10377216E+001  0.24159510E+001
  0.70142789E+000  0.85306713E+000  0.10377219E+001  0.24159787E+001
  0.70142791E+000  0.85306713E+000  0.10377222E+001  0.24160058E+001
  0.70142793E+000  0.85306714E+000  0.10377224E+001  0.24160322E+001
  0.70142795E+000  0.85306714E+000  0.10377226E+001  0.24160581E+001
  0.70142796E+000  0.85306715E+000  0.10377229E+001  0.24160833E+001
  0.70142798E+000  0.85306715E+000  0.10377231E+001  0.24161079E+001
  0.70142799E+000  0.85306716E+000  0.10377233E+001  0.24161319E+001
  0.70142801E+000  0.85306716E+000  0.10377234E+001  0.24161553E+001
  0.70142802E+000  0.85306716E+000  0.10377236E+001  0.24161781E+001
  0.70142803E+000  0.85306717E+000  0.10377238E+001  0.24162003E+001
  0.70142805E+000  0.85306717E+000  0.10377239E+001  0.24162218E+001
  0.70142806E+000  0.85306717E+000  0.10377241E+001  0.24162428E+001
  0.70142806E+000  0.85306716E+000  0.10377242E+001  0.24162631E+001
