 -0.44688495E+000
 -0.44698027E+000
 -0.44672283E+000
 -0.44636801E+000
 -0.44599487E+000
 -0.44563394E+000
 -0.44529782E+000
 -0.44499026E+000
 -0.44471189E+000
 -0.44446185E+000
 -0.44423850E+000
 -0.44404387E+000
 -0.44387625E+000
 -0.44373275E+000
 -0.44361039E+000
 -0.44350654E+000
 -0.44341885E+000
 -0.44334524E+000
 -0.44328391E+000
 -0.44323327E+000
 -0.44319193E+000
 -0.44315867E+000
 -0.44313242E+000
 -0.44311225E+000
 -0.44309733E+000
 -0.44308696E+000
 -0.44308049E+000
 -0.44307736E+000
 -0.44307711E+000
 -0.44307930E+000
 -0.44308357E+000
 -0.44308960E+000
 -0.44309714E+000
 -0.44310594E+000
 -0.44311581E+000
 -0.44312660E+000
 -0.44313816E+000
 -0.44315040E+000
 -0.44316323E+000
 -0.44317658E+000
 -0.44319040E+000
 -0.44320465E+000
 -0.44321929E+000
 -0.44323432E+000
 -0.44324971E+000
 -0.44326545E+000
 -0.44328153E+000
 -0.44329794E+000
 -0.44331468E+000
 -0.44333173E+000
 -0.44334908E+000
 -0.44336672E+000
 -0.44338463E+000
 -0.44340281E+000
 -0.44342123E+000
 -0.44343988E+000
 -0.44345873E+000
 -0.44347777E+000
 -0.44349698E+000
 -0.44351635E+000
 -0.44353584E+000
 -0.44355545E+000
 -0.44357516E+000
 -0.44359495E+000
 -0.44361481E+000
 -0.44363474E+000
 -0.44365471E+000
 -0.44367473E+000
 -0.44369480E+000
 -0.44371490E+000
 -0.44373504E+000
 -0.44375521E+000
 -0.44377542E+000
 -0.44379567E+000
 -0.44381595E+000
 -0.44383627E+000
 -0.44385663E+000
 -0.44387703E+000
 -0.44389746E+000
 -0.44391791E+000
 -0.44393838E+000
 -0.44395886E+000
 -0.44397934E+000
 -0.44399980E+000
 -0.44402024E+000
 -0.44404064E+000
 -0.44406098E+000
 -0.44408125E+000
 -0.44410144E+000
 -0.44412153E+000
 -0.44414150E+000
 -0.44416136E+000
 -0.44418108E+000
 -0.44420066E+000
 -0.44422009E+000
 -0.44423937E+000
 -0.44425849E+000
 -0.44427745E+000
 -0.44429625E+000
 -0.44431490E+000
 -0.44433338E+000
 -0.44435171E+000
 -0.44436989E+000
 -0.44438793E+000
 -0.44440583E+000
 -0.44442360E+000
 -0.44444125E+000
 -0.44445878E+000
 -0.44447620E+000
 -0.44449351E+000
 -0.44451074E+000
 -0.44452788E+000
 -0.44454493E+000
 -0.44456192E+000
 -0.44457884E+000
 -0.44459571E+000
 -0.44461252E+000
 -0.44462929E+000
 -0.44464602E+000
 -0.44466271E+000
 -0.44467938E+000
 -0.44469602E+000
 -0.44471264E+000
 -0.44472924E+000
 -0.44474582E+000
 -0.44476240E+000
 -0.44477896E+000
 -0.44479551E+000
 -0.44481205E+000
 -0.44482859E+000
 -0.44484512E+000
 -0.44486164E+000
 -0.44487815E+000
 -0.44489465E+000
 -0.44491114E+000
 -0.44492762E+000
 -0.44494408E+000
 -0.44496053E+000
 -0.44497695E+000
 -0.44499334E+000
 -0.44500971E+000
 -0.44502604E+000
 -0.44504234E+000
 -0.44505860E+000
 -0.44507481E+000
 -0.44509098E+000
 -0.44510708E+000
 -0.44512313E+000
 -0.44513911E+000
 -0.44515502E+000
 -0.44517085E+000
 -0.44518660E+000
 -0.44520226E+000
 -0.44521783E+000
 -0.44523330E+000
 -0.44524866E+000
 -0.44526391E+000
 -0.44527904E+000
 -0.44529406E+000
 -0.44530894E+000
 -0.44532369E+000
 -0.44533830E+000
 -0.44535276E+000
 -0.44536708E+000
 -0.44538124E+000
 -0.44539524E+000
 -0.44540907E+000
 -0.44542273E+000
 -0.44543622E+000
 -0.44544953E+000
 -0.44546266E+000
 -0.44547560E+000
 -0.44548834E+000
 -0.44550089E+000
 -0.44551325E+000
 -0.44552540E+000
 -0.44553735E+000
 -0.44554909E+000
 -0.44556062E+000
 -0.44557193E+000
 -0.44558304E+000
 -0.44559393E+000
 -0.44560460E+000
 -0.44561505E+000
 -0.44562529E+000
 -0.44563530E+000
 -0.44564509E+000
 -0.44565466E+000
 -0.44566401E+000
 -0.44567314E+000
 -0.44568205E+000
 -0.44569074E+000
 -0.44569921E+000
 -0.44570746E+000
 -0.44571549E+000
 -0.44572331E+000
 -0.44573091E+000
 -0.44573830E+000
 -0.44574548E+000
 -0.44575245E+000
