  0.11404164E+001
  0.11413323E+001
  0.11420248E+001
  0.11425929E+001
  0.11430614E+001
  0.11434493E+001
  0.11437725E+001
  0.11440395E+001
  0.11442609E+001
  0.11444438E+001
  0.11445950E+001
  0.11447195E+001
  0.11448210E+001
  0.11449030E+001
  0.11449696E+001
  0.11450221E+001
  0.11450624E+001
  0.11450927E+001
  0.11451146E+001
  0.11451294E+001
  0.11451382E+001
  0.11451420E+001
  0.11451415E+001
  0.11451375E+001
  0.11451305E+001
  0.11451210E+001
  0.11451095E+001
  0.11450962E+001
  0.11450816E+001
  0.11450657E+001
  0.11450490E+001
  0.11450315E+001
  0.11450135E+001
  0.11449951E+001
  0.11449764E+001
  0.11449576E+001
  0.11449386E+001
  0.11449197E+001
  0.11449009E+001
  0.11448822E+001
  0.11448636E+001
  0.11448453E+001
  0.11448272E+001
  0.11448094E+001
  0.11447919E+001
  0.11447747E+001
  0.11447579E+001
  0.11447414E+001
  0.11447253E+001
  0.11447096E+001
  0.11446943E+001
  0.11446794E+001
  0.11446649E+001
  0.11446509E+001
  0.11446373E+001
  0.11446241E+001
  0.11446115E+001
  0.11445992E+001
  0.11445874E+001
  0.11445761E+001
  0.11445652E+001
  0.11445548E+001
  0.11445448E+001
  0.11445353E+001
  0.11445262E+001
  0.11445175E+001
  0.11445093E+001
  0.11445014E+001
  0.11444939E+001
  0.11444868E+001
  0.11444801E+001
  0.11444736E+001
  0.11444675E+001
  0.11444618E+001
  0.11444563E+001
  0.11444511E+001
  0.11444461E+001
  0.11444414E+001
  0.11444369E+001
  0.11444326E+001
  0.11444285E+001
  0.11444246E+001
  0.11444209E+001
  0.11444173E+001
  0.11444139E+001
  0.11444105E+001
  0.11444073E+001
  0.11444042E+001
  0.11444012E+001
  0.11443982E+001
  0.11443953E+001
  0.11443924E+001
  0.11443896E+001
  0.11443868E+001
  0.11443840E+001
  0.11443813E+001
  0.11443785E+001
  0.11443758E+001
  0.11443730E+001
  0.11443703E+001
  0.11443676E+001
  0.11443649E+001
  0.11443621E+001
  0.11443594E+001
  0.11443566E+001
  0.11443539E+001
  0.11443511E+001
  0.11443484E+001
  0.11443456E+001
  0.11443429E+001
  0.11443402E+001
  0.11443374E+001
  0.11443347E+001
  0.11443320E+001
  0.11443292E+001
  0.11443265E+001
  0.11443238E+001
  0.11443212E+001
  0.11443185E+001
  0.11443159E+001
  0.11443132E+001
  0.11443106E+001
  0.11443081E+001
  0.11443055E+001
  0.11443030E+001
  0.11443005E+001
  0.11442980E+001
  0.11442956E+001
  0.11442931E+001
  0.11442907E+001
  0.11442884E+001
  0.11442861E+001
  0.11442838E+001
  0.11442815E+001
  0.11442793E+001
  0.11442771E+001
  0.11442750E+001
  0.11442729E+001
  0.11442708E+001
  0.11442688E+001
  0.11442668E+001
  0.11442648E+001
  0.11442629E+001
  0.11442611E+001
  0.11442592E+001
  0.11442574E+001
  0.11442557E+001
  0.11442540E+001
  0.11442523E+001
  0.11442507E+001
  0.11442491E+001
  0.11442476E+001
  0.11442460E+001
  0.11442446E+001
  0.11442432E+001
  0.11442418E+001
  0.11442404E+001
  0.11442391E+001
  0.11442378E+001
  0.11442366E+001
  0.11442354E+001
  0.11442343E+001
  0.11442331E+001
  0.11442321E+001
  0.11442310E+001
  0.11442300E+001
  0.11442290E+001
  0.11442281E+001
  0.11442271E+001
  0.11442263E+001
  0.11442254E+001
  0.11442246E+001
  0.11442238E+001
  0.11442230E+001
  0.11442223E+001
  0.11442216E+001
  0.11442209E+001
  0.11442202E+001
  0.11442196E+001
  0.11442190E+001
  0.11442184E+001
  0.11442179E+001
  0.11442173E+001
  0.11442168E+001
  0.11442163E+001
  0.11442158E+001
  0.11442154E+001
  0.11442150E+001
  0.11442145E+001
  0.11442141E+001
  0.11442138E+001
  0.11442134E+001
  0.11442131E+001
  0.11442127E+001
  0.11442124E+001
  0.11442121E+001
  0.11442118E+001
  0.11442115E+001
  0.11442113E+001
  0.11442110E+001
