  0.52486555E+000
  0.52530480E+000
  0.52562951E+000
  0.52589491E+000
  0.52611402E+000
  0.52629508E+000
  0.52644549E+000
  0.52656974E+000
  0.52667260E+000
  0.52675750E+000
  0.52682760E+000
  0.52688532E+000
  0.52693249E+000
  0.52697072E+000
  0.52700188E+000
  0.52702653E+000
  0.52704555E+000
  0.52705989E+000
  0.52707031E+000
  0.52707744E+000
  0.52708182E+000
  0.52708388E+000
  0.52708398E+000
  0.52708244E+000
  0.52707953E+000
  0.52707548E+000
  0.52707049E+000
  0.52706472E+000
  0.52705830E+000
  0.52705135E+000
  0.52704399E+000
  0.52703630E+000
  0.52702836E+000
  0.52702025E+000
  0.52701201E+000
  0.52700371E+000
  0.52699538E+000
  0.52698705E+000
  0.52697876E+000
  0.52697054E+000
  0.52696239E+000
  0.52695435E+000
  0.52694641E+000
  0.52693861E+000
  0.52693094E+000
  0.52692342E+000
  0.52691606E+000
  0.52690886E+000
  0.52690182E+000
  0.52689496E+000
  0.52688828E+000
  0.52688178E+000
  0.52687547E+000
  0.52686936E+000
  0.52686344E+000
  0.52685771E+000
  0.52685219E+000
  0.52684687E+000
  0.52684175E+000
  0.52683683E+000
  0.52683211E+000
  0.52682758E+000
  0.52682326E+000
  0.52681912E+000
  0.52681518E+000
  0.52681142E+000
  0.52680783E+000
  0.52680442E+000
  0.52680118E+000
  0.52679809E+000
  0.52679516E+000
  0.52679237E+000
  0.52678971E+000
  0.52678719E+000
  0.52678479E+000
  0.52678251E+000
  0.52678033E+000
  0.52677826E+000
  0.52677628E+000
  0.52677438E+000
  0.52677257E+000
  0.52677082E+000
  0.52676915E+000
  0.52676753E+000
  0.52676597E+000
  0.52676445E+000
  0.52676298E+000
  0.52676154E+000
  0.52676012E+000
  0.52675874E+000
  0.52675737E+000
  0.52675602E+000
  0.52675467E+000
  0.52675334E+000
  0.52675201E+000
  0.52675068E+000
  0.52674935E+000
  0.52674801E+000
  0.52674668E+000
  0.52674533E+000
  0.52674399E+000
  0.52674263E+000
  0.52674127E+000
  0.52673990E+000
  0.52673853E+000
  0.52673714E+000
  0.52673576E+000
  0.52673437E+000
  0.52673298E+000
  0.52673158E+000
  0.52673019E+000
  0.52672879E+000
  0.52672740E+000
  0.52672600E+000
  0.52672462E+000
  0.52672323E+000
  0.52672185E+000
  0.52672048E+000
  0.52671912E+000
  0.52671776E+000
  0.52671642E+000
  0.52671508E+000
  0.52671376E+000
  0.52671245E+000
  0.52671115E+000
  0.52670987E+000
  0.52670860E+000
  0.52670735E+000
  0.52670612E+000
  0.52670490E+000
  0.52670370E+000
  0.52670252E+000
  0.52670136E+000
  0.52670021E+000
  0.52669909E+000
  0.52669799E+000
  0.52669690E+000
  0.52669584E+000
  0.52669480E+000
  0.52669378E+000
  0.52669278E+000
  0.52669181E+000
  0.52669085E+000
  0.52668992E+000
  0.52668901E+000
  0.52668812E+000
  0.52668725E+000
  0.52668641E+000
  0.52668559E+000
  0.52668478E+000
  0.52668401E+000
  0.52668325E+000
  0.52668251E+000
  0.52668179E+000
  0.52668110E+000
  0.52668043E+000
  0.52667977E+000
  0.52667914E+000
  0.52667852E+000
  0.52667793E+000
  0.52667736E+000
  0.52667680E+000
  0.52667626E+000
  0.52667574E+000
  0.52667524E+000
  0.52667476E+000
  0.52667429E+000
  0.52667384E+000
  0.52667341E+000
  0.52667299E+000
  0.52667259E+000
  0.52667220E+000
  0.52667183E+000
  0.52667147E+000
  0.52667112E+000
  0.52667079E+000
  0.52667047E+000
  0.52667017E+000
  0.52666988E+000
  0.52666960E+000
  0.52666933E+000
  0.52666907E+000
  0.52666882E+000
  0.52666859E+000
  0.52666836E+000
  0.52666814E+000
  0.52666794E+000
  0.52666774E+000
  0.52666755E+000
  0.52666737E+000
  0.52666720E+000
  0.52666704E+000
  0.52666688E+000
  0.52666673E+000
  0.52666659E+000
  0.52666645E+000
  0.52666632E+000
  0.52666620E+000
  0.52666608E+000
  0.52666598E+000
