  0.60645085E+000  0.99975719E+000  0.11947791E+001  0.37449139E+001
  0.60909713E+000  0.10013615E+001  0.12019468E+001  0.38181465E+001
  0.61126070E+000  0.10026749E+001  0.12076842E+001  0.38805422E+001
  0.61304918E+000  0.10037855E+001  0.12124697E+001  0.39336284E+001
  0.61454386E+000  0.10047174E+001  0.12164853E+001  0.39787500E+001
  0.61577232E+000  0.10054658E+001  0.12196627E+001  0.40173314E+001
  0.61678887E+000  0.10060699E+001  0.12223620E+001  0.40501206E+001
  0.61763848E+000  0.10065664E+001  0.12246292E+001  0.40779842E+001
  0.61835247E+000  0.10069804E+001  0.12265471E+001  0.41016459E+001
  0.61895370E+000  0.10073259E+001  0.12281678E+001  0.41217483E+001
  0.61945971E+000  0.10076151E+001  0.12295331E+001  0.41388303E+001
  0.61988322E+000  0.10078606E+001  0.12306881E+001  0.41533395E+001
  0.62023817E+000  0.10080685E+001  0.12316646E+001  0.41656611E+001
  0.62052900E+000  0.10082512E+001  0.12324892E+001  0.41761201E+001
  0.62077315E+000  0.10084078E+001  0.12331858E+001  0.41849945E+001
  0.62097839E+000  0.10085388E+001  0.12337725E+001  0.41925203E+001
  0.62115044E+000  0.10086467E+001  0.12342655E+001  0.41988972E+001
  0.62129431E+000  0.10087355E+001  0.12346789E+001  0.42042943E+001
  0.62141409E+000  0.10088085E+001  0.12350254E+001  0.42088555E+001
  0.62151356E+000  0.10088679E+001  0.12353152E+001  0.42127023E+001
  0.62159572E+000  0.10089157E+001  0.12355566E+001  0.42159399E+001
  0.62166311E+000  0.10089539E+001  0.12357567E+001  0.42186570E+001
  0.62171783E+000  0.10089840E+001  0.12359212E+001  0.42209305E+001
  0.62176191E+000  0.10090071E+001  0.12360548E+001  0.42228265E+001
  0.62179699E+000  0.10090244E+001  0.12361631E+001  0.42243995E+001
  0.62182444E+000  0.10090366E+001  0.12362499E+001  0.42256982E+001
  0.62184542E+000  0.10090447E+001  0.12363177E+001  0.42267649E+001
  0.62186094E+000  0.10090492E+001  0.12363700E+001  0.42276344E+001
  0.62187188E+000  0.10090507E+001  0.12364098E+001  0.42283374E+001
  0.62187898E+000  0.10090497E+001  0.12364390E+001  0.42289004E+001
  0.62188289E+000  0.10090466E+001  0.12364595E+001  0.42293463E+001
  0.62188416E+000  0.10090418E+001  0.12364727E+001  0.42296949E+001
  0.62188328E+000  0.10090357E+001  0.12364799E+001  0.42299630E+001
  0.62188065E+000  0.10090285E+001  0.12364823E+001  0.42301653E+001
  0.62187662E+000  0.10090205E+001  0.12364809E+001  0.42303140E+001
  0.62187149E+000  0.10090119E+001  0.12364764E+001  0.42304196E+001
  0.62186552E+000  0.10090028E+001  0.12361983E+001  0.42282758E+001
  0.62185891E+000  0.10089933E+001  0.12362208E+001  0.42285748E+001
  0.62185185E+000  0.10089837E+001  0.12362403E+001  0.42288393E+001
  0.62184448E+000  0.10089740E+001  0.12362572E+001  0.42290745E+001
  0.62183693E+000  0.10089643E+001  0.12362717E+001  0.42292845E+001
  0.62182930E+000  0.10089546E+001  0.12362842E+001  0.42294724E+001
  0.62182167E+000  0.10089450E+001  0.12362948E+001  0.42296412E+001
  0.62181412E+000  0.10089355E+001  0.12363037E+001  0.42297930E+001
  0.62180668E+000  0.10089262E+001  0.12363110E+001  0.42299296E+001
  0.62179941E+000  0.10089171E+001  0.12363169E+001  0.42300526E+001
  0.62179234E+000  0.10089082E+001  0.12363216E+001  0.42301632E+001
  0.62178549E+000  0.10088996E+001  0.12363250E+001  0.42302625E+001
  0.62177890E+000  0.10088913E+001  0.12363347E+001  0.42304123E+001
  0.62177258E+000  0.10088832E+001  0.12363243E+001  0.42303957E+001
  0.62176654E+000  0.10088754E+001  0.12363143E+001  0.42303814E+001
  0.62176079E+000  0.10088679E+001  0.12363047E+001  0.42303697E+001
  0.62175535E+000  0.10088607E+001  0.12362956E+001  0.42303606E+001
  0.62175022E+000  0.10088538E+001  0.12362869E+001  0.42303542E+001
  0.62174540E+000  0.10088473E+001  0.12362787E+001  0.42303505E+001
  0.62174089E+000  0.10088410E+001  0.12362710E+001  0.42303496E+001
  0.62173671E+000  0.10088352E+001  0.12362638E+001  0.42303514E+001
  0.62173284E+000  0.10088296E+001  0.12362570E+001  0.42303559E+001
  0.62172929E+000  0.10088244E+001  0.12362508E+001  0.42303632E+001
  0.62172605E+000  0.10088196E+001  0.12362450E+001  0.42303731E+001
  0.62172312E+000  0.10088151E+001  0.12362397E+001  0.42303857E+001
  0.62172049E+000  0.10088109E+001  0.12362349E+001  0.42304010E+001
  0.62171816E+000  0.10088071E+001  0.12362306E+001  0.42304188E+001
  0.62171612E+000  0.10088036E+001  0.12362268E+001  0.42304392E+001
  0.62171436E+000  0.10088005E+001  0.12362235E+001  0.42304620E+001
  0.62171286E+000  0.10087976E+001  0.12362207E+001  0.42304873E+001
  0.62171163E+000  0.10087951E+001  0.12362183E+001  0.42305149E+001
  0.62171064E+000  0.10087929E+001  0.12362164E+001  0.42305448E+001
  0.62170989E+000  0.10087910E+001  0.12362150E+001  0.42305768E+001
  0.62170936E+000  0.10087894E+001  0.12362140E+001  0.42306108E+001
  0.62170904E+000  0.10087880E+001  0.12359706E+001  0.42286614E+001
  0.62170891E+000  0.10087868E+001  0.12359671E+001  0.42286711E+001
  0.62170896E+000  0.10087859E+001  0.12359637E+001  0.42286803E+001
  0.62170918E+000  0.10087852E+001  0.12359605E+001  0.42286891E+001
  0.62170956E+000  0.10087847E+001  0.12359575E+001  0.42286976E+001
  0.62171008E+000  0.10087844E+001  0.12359547E+001  0.42287058E+001
  0.62171073E+000  0.10087843E+001  0.12359522E+001  0.42287137E+001
  0.62171150E+000  0.10087843E+001  0.12359498E+001  0.42287212E+001
  0.62171237E+000  0.10087844E+001  0.12359476E+001  0.42287285E+001
  0.62171335E+000  0.10087847E+001  0.12359457E+001  0.42287356E+001
  0.62171442E+000  0.10087850E+001  0.12359439E+001  0.42287424E+001
  0.62171557E+000  0.10087855E+001  0.12359424E+001  0.42287490E+001
  0.62171679E+000  0.10087861E+001  0.12359411E+001  0.42287555E+001
  0.62171808E+000  0.10087868E+001  0.12359401E+001  0.42287619E+001
  0.62171944E+000  0.10087875E+001  0.12362452E+001  0.42312686E+001
  0.62172085E+000  0.10087883E+001  0.12362497E+001  0.42313169E+001
  0.62172231E+000  0.10087892E+001  0.12362545E+001  0.42313654E+001
  0.62172382E+000  0.10087901E+001  0.12362596E+001  0.42314141E+001
  0.62172538E+000  0.10087911E+001  0.12362648E+001  0.42314629E+001
  0.62172697E+000  0.10087921E+001  0.12362702E+001  0.42315120E+001
  0.62172860E+000  0.10087932E+001  0.12362759E+001  0.42315612E+001
  0.62173027E+000  0.10087943E+001  0.12362817E+001  0.42316105E+001
  0.62173196E+000  0.10087954E+001  0.12362878E+001  0.42316601E+001
  0.62173368E+000  0.10087966E+001  0.12362939E+001  0.42317099E+001
  0.62173543E+000  0.10087978E+001  0.12363003E+001  0.42317600E+001
  0.62173719E+000  0.10087989E+001  0.12363068E+001  0.42318102E+001
  0.62173897E+000  0.10088002E+001  0.12363134E+001  0.42318608E+001
  0.62174077E+000  0.10088014E+001  0.12363201E+001  0.42319116E+001
  0.62174258E+000  0.10088026E+001  0.12363269E+001  0.42319626E+001
  0.62174440E+000  0.10088038E+001  0.12363339E+001  0.42320140E+001
  0.62174623E+000  0.10088050E+001  0.12363409E+001  0.42320657E+001
  0.62174806E+000  0.10088062E+001  0.12363480E+001  0.42321177E+001
  0.62174990E+000  0.10088075E+001  0.12363551E+001  0.42321700E+001
  0.62175174E+000  0.10088087E+001  0.12363623E+001  0.42322226E+001
  0.62175357E+000  0.10088099E+001  0.12363695E+001  0.42322756E+001
  0.62175540E+000  0.10088111E+001  0.12363768E+001  0.42323290E+001
  0.62175723E+000  0.10088123E+001  0.12363841E+001  0.42323828E+001
  0.62175905E+000  0.10088134E+001  0.12363913E+001  0.42324369E+001
  0.62176085E+000  0.10088146E+001  0.12363986E+001  0.42324915E+001
  0.62176265E+000  0.10088157E+001  0.12364058E+001  0.42325464E+001
  0.62176443E+000  0.10088168E+001  0.12364130E+001  0.42326018E+001
  0.62176620E+000  0.10088180E+001  0.12364202E+001  0.42326576E+001
  0.62176795E+000  0.10088190E+001  0.12364273E+001  0.42327138E+001
  0.62176968E+000  0.10088201E+001  0.12364344E+001  0.42327705E+001
  0.62177139E+000  0.10088212E+001  0.12364414E+001  0.42328276E+001
  0.62177308E+000  0.10088222E+001  0.12364484E+001  0.42328852E+001
  0.62177475E+000  0.10088232E+001  0.12364552E+001  0.42329433E+001
  0.62177639E+000  0.10088242E+001  0.12364620E+001  0.42330018E+001
  0.62177801E+000  0.10088252E+001  0.12364687E+001  0.42330608E+001
  0.62177960E+000  0.10088261E+001  0.12364753E+001  0.42331202E+001
  0.62178116E+000  0.10088270E+001  0.12364818E+001  0.42331802E+001
  0.62178269E+000  0.10088279E+001  0.12364881E+001  0.42332406E+001
  0.62178420E+000  0.10088288E+001  0.12364944E+001  0.42333014E+001
  0.62178567E+000  0.10088297E+001  0.12365005E+001  0.42333628E+001
  0.62178711E+000  0.10088305E+001  0.12365066E+001  0.42334245E+001
  0.62178851E+000  0.10088314E+001  0.12365125E+001  0.42334868E+001
  0.62178988E+000  0.10088322E+001  0.12365182E+001  0.42335494E+001
  0.62179122E+000  0.10088329E+001  0.12365239E+001  0.42336125E+001
  0.62179253E+000  0.10088337E+001  0.12365293E+001  0.42336760E+001
  0.62179379E+000  0.10088344E+001  0.12365347E+001  0.42337399E+001
  0.62179503E+000  0.10088351E+001  0.12365399E+001  0.42338041E+001
  0.62179623E+000  0.10088358E+001  0.12365450E+001  0.42338688E+001
  0.62179739E+000  0.10088365E+001  0.12365499E+001  0.42339337E+001
  0.62179851E+000  0.10088371E+001  0.12365547E+001  0.42339990E+001
  0.62179960E+000  0.10088378E+001  0.12365594E+001  0.42340646E+001
  0.62180065E+000  0.10088384E+001  0.12365639E+001  0.42341304E+001
  0.62180167E+000  0.10088389E+001  0.12365683E+001  0.42341965E+001
  0.62180265E+000  0.10088395E+001  0.12365725E+001  0.42342628E+001
  0.62180360E+000  0.10088401E+001  0.12365766E+001  0.42343294E+001
  0.62180451E+000  0.10088406E+001  0.12365806E+001  0.42343960E+001
  0.62180539E+000  0.10088411E+001  0.12365844E+001  0.42344628E+001
  0.62180624E+000  0.10088416E+001  0.12365881E+001  0.42345298E+001
  0.62180705E+000  0.10088420E+001  0.12365917E+001  0.42345968E+001
  0.62180782E+000  0.10088425E+001  0.12365951E+001  0.42346638E+001
  0.62180857E+000  0.10088429E+001  0.12365984E+001  0.42347308E+001
  0.62180928E+000  0.10088433E+001  0.12366016E+001  0.42347978E+001
  0.62180997E+000  0.10088437E+001  0.12366046E+001  0.42348648E+001
  0.62181062E+000  0.10088441E+001  0.12366076E+001  0.42349317E+001
  0.62181124E+000  0.10088445E+001  0.12366104E+001  0.42349984E+001
  0.62181184E+000  0.10088448E+001  0.12366131E+001  0.42350650E+001
  0.62181241E+000  0.10088452E+001  0.12366157E+001  0.42351314E+001
  0.62181295E+000  0.10088455E+001  0.12366181E+001  0.42351975E+001
  0.62181347E+000  0.10088458E+001  0.12366205E+001  0.42352634E+001
  0.62181396E+000  0.10088461E+001  0.12366228E+001  0.42353290E+001
  0.62181442E+000  0.10088463E+001  0.12366249E+001  0.42353942E+001
  0.62181487E+000  0.10088466E+001  0.12366270E+001  0.42354591E+001
  0.62181529E+000  0.10088469E+001  0.12366290E+001  0.42355235E+001
  0.62181569E+000  0.10088471E+001  0.12366308E+001  0.42355876E+001
  0.62181607E+000  0.10088473E+001  0.12366326E+001  0.42356511E+001
  0.62181643E+000  0.10088476E+001  0.12366343E+001  0.42357142E+001
  0.62181677E+000  0.10088478E+001  0.12366360E+001  0.42357767E+001
  0.62181709E+000  0.10088480E+001  0.12366375E+001  0.42358386E+001
  0.62181739E+000  0.10088481E+001  0.12366390E+001  0.42359000E+001
  0.62181768E+000  0.10088483E+001  0.12366404E+001  0.42359607E+001
  0.62181795E+000  0.10088485E+001  0.12366417E+001  0.42360208E+001
  0.62181821E+000  0.10088486E+001  0.12366429E+001  0.42360802E+001
  0.62181845E+000  0.10088488E+001  0.12366441E+001  0.42361388E+001
  0.62181868E+000  0.10088489E+001  0.12366452E+001  0.42361968E+001
  0.62181889E+000  0.10088491E+001  0.12366463E+001  0.42362540E+001
  0.62181909E+000  0.10088492E+001  0.12366473E+001  0.42363104E+001
  0.62181929E+000  0.10088493E+001  0.12366483E+001  0.42363660E+001
  0.62181947E+000  0.10088494E+001  0.12366492E+001  0.42364208E+001
  0.62181963E+000  0.10088495E+001  0.12366500E+001  0.42364747E+001
  0.62181979E+000  0.10088496E+001  0.12366508E+001  0.42365278E+001
  0.62181994E+000  0.10088497E+001  0.12366516E+001  0.42365800E+001
  0.62182008E+000  0.10088498E+001  0.12366523E+001  0.42366313E+001
  0.62182022E+000  0.10088499E+001  0.12366530E+001  0.42366817E+001
  0.62182034E+000  0.10088500E+001  0.12366537E+001  0.42367312E+001
  0.62182046E+000  0.10088501E+001  0.12366543E+001  0.42367797E+001
  0.62182057E+000  0.10088501E+001  0.12366548E+001  0.42368273E+001
  0.62182067E+000  0.10088502E+001  0.12366554E+001  0.42368739E+001
  0.62182076E+000  0.10088503E+001  0.12366559E+001  0.42369196E+001
  0.62182086E+000  0.10088503E+001  0.12366563E+001  0.42369644E+001
  0.62182094E+000  0.10088504E+001  0.12366568E+001  0.42370081E+001
  0.62182102E+000  0.10088504E+001  0.12366572E+001  0.42370509E+001
  0.62182109E+000  0.10088505E+001  0.12366576E+001  0.42370927E+001
  0.62182116E+000  0.10088505E+001  0.12366580E+001  0.42371335E+001
  0.62182123E+000  0.10088506E+001  0.12366583E+001  0.42371733E+001
  0.62182129E+000  0.10088506E+001  0.12366586E+001  0.42372122E+001
  0.62182135E+000  0.10088506E+001  0.12366590E+001  0.42372501E+001
  0.62182140E+000  0.10088507E+001  0.12366592E+001  0.42372870E+001
  0.62182145E+000  0.10088507E+001  0.12366595E+001  0.42373230E+001
  0.62182150E+000  0.10088507E+001  0.12366598E+001  0.42373579E+001
  0.62182154E+000  0.10088508E+001  0.12366600E+001  0.42373920E+001
  0.62182159E+000  0.10088508E+001  0.12366602E+001  0.42374250E+001
  0.62182162E+000  0.10088508E+001  0.12366604E+001  0.42374571E+001
  0.62182166E+000  0.10088509E+001  0.12366606E+001  0.42374883E+001
  0.62182169E+000  0.10088509E+001  0.12366608E+001  0.42375186E+001
  0.62182172E+000  0.10088509E+001  0.12366610E+001  0.42375478E+001
  0.62182176E+000  0.10088509E+001  0.12366612E+001  0.42375760E+001
