  0.63431988E+000
  0.63482929E+000
  0.63521449E+000
  0.63553047E+000
  0.63579107E+000
  0.63600684E+000
  0.63618658E+000
  0.63633509E+000
  0.63645824E+000
  0.63655995E+000
  0.63664407E+000
  0.63671331E+000
  0.63676978E+000
  0.63681542E+000
  0.63685245E+000
  0.63688162E+000
  0.63690407E+000
  0.63692093E+000
  0.63693309E+000
  0.63694131E+000
  0.63694621E+000
  0.63694831E+000
  0.63694806E+000
  0.63694583E+000
  0.63694193E+000
  0.63693666E+000
  0.63693024E+000
  0.63692287E+000
  0.63691471E+000
  0.63690591E+000
  0.63689659E+000
  0.63688688E+000
  0.63687686E+000
  0.63686662E+000
  0.63685623E+000
  0.63684574E+000
  0.63683522E+000
  0.63682470E+000
  0.63681421E+000
  0.63680380E+000
  0.63679349E+000
  0.63678329E+000
  0.63677324E+000
  0.63676333E+000
  0.63675360E+000
  0.63674404E+000
  0.63673468E+000
  0.63672552E+000
  0.63671656E+000
  0.63670782E+000
  0.63669931E+000
  0.63669102E+000
  0.63668298E+000
  0.63667517E+000
  0.63666761E+000
  0.63666029E+000
  0.63665323E+000
  0.63664642E+000
  0.63663987E+000
  0.63663356E+000
  0.63662752E+000
  0.63662172E+000
  0.63661618E+000
  0.63661088E+000
  0.63660581E+000
  0.63660099E+000
  0.63659639E+000
  0.63659201E+000
  0.63658786E+000
  0.63658390E+000
  0.63658014E+000
  0.63657658E+000
  0.63657319E+000
  0.63656997E+000
  0.63656691E+000
  0.63656401E+000
  0.63656125E+000
  0.63655863E+000
  0.63655614E+000
  0.63655376E+000
  0.63655149E+000
  0.63654932E+000
  0.63654724E+000
  0.63654525E+000
  0.63654333E+000
  0.63654148E+000
  0.63653969E+000
  0.63653795E+000
  0.63653626E+000
  0.63653460E+000
  0.63653298E+000
  0.63653139E+000
  0.63652982E+000
  0.63652826E+000
  0.63652672E+000
  0.63652519E+000
  0.63652366E+000
  0.63652214E+000
  0.63652062E+000
  0.63651911E+000
  0.63651759E+000
  0.63651607E+000
  0.63651455E+000
  0.63651302E+000
  0.63651150E+000
  0.63650997E+000
  0.63650844E+000
  0.63650691E+000
  0.63650538E+000
  0.63650385E+000
  0.63650233E+000
  0.63650080E+000
  0.63649928E+000
  0.63649777E+000
  0.63649626E+000
  0.63649475E+000
  0.63649326E+000
  0.63649177E+000
  0.63649029E+000
  0.63648882E+000
  0.63648736E+000
  0.63648591E+000
  0.63648448E+000
  0.63648306E+000
  0.63648165E+000
  0.63648026E+000
  0.63647888E+000
  0.63647752E+000
  0.63647618E+000
  0.63647485E+000
  0.63647354E+000
  0.63647225E+000
  0.63647097E+000
  0.63646972E+000
  0.63646849E+000
  0.63646727E+000
  0.63646608E+000
  0.63646491E+000
  0.63646376E+000
  0.63646263E+000
  0.63646152E+000
  0.63646044E+000
  0.63645937E+000
  0.63645833E+000
  0.63645731E+000
  0.63645632E+000
  0.63645535E+000
  0.63645440E+000
  0.63645347E+000
  0.63645256E+000
  0.63645168E+000
  0.63645082E+000
  0.63644998E+000
  0.63644917E+000
  0.63644838E+000
  0.63644761E+000
  0.63644686E+000
  0.63644613E+000
  0.63644542E+000
  0.63644474E+000
  0.63644407E+000
  0.63644343E+000
  0.63644281E+000
  0.63644220E+000
  0.63644162E+000
  0.63644105E+000
  0.63644051E+000
  0.63643998E+000
  0.63643947E+000
  0.63643898E+000
  0.63643850E+000
  0.63643804E+000
  0.63643760E+000
  0.63643718E+000
  0.63643677E+000
  0.63643637E+000
  0.63643599E+000
  0.63643563E+000
  0.63643528E+000
  0.63643494E+000
  0.63643461E+000
  0.63643430E+000
  0.63643401E+000
  0.63643372E+000
  0.63643344E+000
  0.63643318E+000
  0.63643293E+000
  0.63643269E+000
  0.63643246E+000
  0.63643224E+000
  0.63643203E+000
  0.63643182E+000
  0.63643163E+000
  0.63643145E+000
  0.63643127E+000
  0.63643110E+000
  0.63643094E+000
  0.63643079E+000
  0.63643065E+000
  0.63643052E+000
