  0.31935478E+002
  0.31889071E+002
  0.31849866E+002
  0.31816773E+002
  0.31788864E+002
  0.31765349E+002
  0.31745555E+002
  0.31728913E+002
  0.31714940E+002
  0.31703230E+002
  0.31693440E+002
  0.31685279E+002
  0.31678500E+002
  0.31672897E+002
  0.31668293E+002
  0.31664540E+002
  0.31661511E+002
  0.31659102E+002
  0.31657220E+002
  0.31655790E+002
  0.31654746E+002
  0.31654034E+002
  0.31653604E+002
  0.31653418E+002
  0.31653440E+002
  0.31653642E+002
  0.31653997E+002
  0.31654484E+002
  0.31655083E+002
  0.31655780E+002
  0.31656559E+002
  0.31657410E+002
  0.31658321E+002
  0.31659284E+002
  0.31660291E+002
  0.31661336E+002
  0.31662414E+002
  0.31663519E+002
  0.31664648E+002
  0.31665797E+002
  0.31666963E+002
  0.31668144E+002
  0.31669337E+002
  0.31670542E+002
  0.31671756E+002
  0.31672977E+002
  0.31674205E+002
  0.31675439E+002
  0.31676676E+002
  0.31677917E+002
  0.31679160E+002
  0.31680404E+002
  0.31681649E+002
  0.31682893E+002
  0.31684135E+002
  0.31685376E+002
  0.31686614E+002
  0.31687848E+002
  0.31689077E+002
  0.31690302E+002
  0.31691522E+002
  0.31692735E+002
  0.31693943E+002
  0.31695144E+002
  0.31696338E+002
  0.31697525E+002
  0.31698705E+002
  0.31699878E+002
  0.31701044E+002
  0.31702203E+002
  0.31703355E+002
  0.31704501E+002
  0.31705639E+002
  0.31706772E+002
  0.31707898E+002
  0.31709018E+002
  0.31710132E+002
  0.31711240E+002
  0.31712342E+002
  0.31713438E+002
  0.31714529E+002
  0.31715613E+002
  0.31716692E+002
  0.31717766E+002
  0.31718833E+002
  0.31719895E+002
  0.31720951E+002
  0.31722001E+002
  0.31723046E+002
  0.31724085E+002
  0.31725119E+002
  0.31726147E+002
  0.31727171E+002
  0.31728190E+002
  0.31729204E+002
  0.31730214E+002
  0.31731220E+002
  0.31732222E+002
  0.31733221E+002
  0.31734216E+002
  0.31735209E+002
  0.31736199E+002
  0.31737187E+002
  0.31738172E+002
  0.31739156E+002
  0.31740139E+002
  0.31741121E+002
  0.31742102E+002
  0.31743082E+002
  0.31744062E+002
  0.31745041E+002
  0.31746021E+002
  0.31747001E+002
  0.31747981E+002
  0.31748962E+002
  0.31749943E+002
  0.31750925E+002
  0.31751908E+002
  0.31752892E+002
  0.31753877E+002
  0.31754863E+002
  0.31755849E+002
  0.31756837E+002
  0.31757826E+002
  0.31758815E+002
  0.31759805E+002
  0.31760796E+002
  0.31761787E+002
  0.31762778E+002
  0.31763770E+002
  0.31764762E+002
  0.31765753E+002
  0.31766744E+002
  0.31767735E+002
  0.31768724E+002
  0.31769713E+002
  0.31770699E+002
  0.31771685E+002
  0.31772668E+002
  0.31773648E+002
  0.31774626E+002
  0.31775601E+002
  0.31776573E+002
  0.31777540E+002
  0.31778504E+002
  0.31779464E+002
  0.31780418E+002
  0.31781367E+002
  0.31782311E+002
  0.31783249E+002
  0.31784181E+002
  0.31785106E+002
  0.31786024E+002
  0.31786935E+002
  0.31787838E+002
  0.31788733E+002
  0.31789620E+002
  0.31790498E+002
  0.31791367E+002
  0.31792226E+002
  0.31793076E+002
  0.31793916E+002
  0.31794746E+002
  0.31795565E+002
  0.31796373E+002
  0.31797170E+002
  0.31797956E+002
  0.31798730E+002
  0.31799492E+002
  0.31800243E+002
  0.31800981E+002
  0.31801707E+002
  0.31802420E+002
  0.31803121E+002
  0.31803809E+002
  0.31804484E+002
  0.31805146E+002
  0.31805794E+002
  0.31806430E+002
  0.31807052E+002
  0.31807661E+002
  0.31808256E+002
  0.31808838E+002
  0.31809407E+002
  0.31809962E+002
  0.31810504E+002
  0.31811033E+002
  0.31811548E+002
  0.31812050E+002
  0.31812539E+002
  0.31813015E+002
  0.31813478E+002
  0.31813928E+002
  0.31814366E+002
  0.31814790E+002
  0.31815203E+002
  0.31815603E+002
  0.31815990E+002
  0.31816366E+002
  0.31816730E+002
