  0.46981344E-001
  0.54104857E-001
  0.57240795E-001
  0.58540888E-001
  0.59619738E-001
  0.60446424E-001
  0.59461613E-001
  0.57645575E-001
  0.55634188E-001
  0.53766393E-001
  0.52181434E-001
  0.50904966E-001
  0.49908430E-001
  0.49144034E-001
  0.48562630E-001
  0.48121332E-001
  0.47785509E-001
  0.47528511E-001
  0.47330418E-001
  0.47176579E-001
  0.47056275E-001
  0.46961661E-001
  0.46886953E-001
  0.46827842E-001
  0.46781076E-001
  0.46744160E-001
  0.46715156E-001
  0.46692528E-001
  0.46675050E-001
  0.46661726E-001
  0.46651743E-001
  0.46644430E-001
  0.46639233E-001
  0.46635689E-001
  0.46633417E-001
  0.46632100E-001
  0.46631477E-001
  0.46631336E-001
  0.46631504E-001
  0.46631845E-001
  0.46632252E-001
  0.46632644E-001
  0.46632961E-001
  0.46633162E-001
  0.46633221E-001
  0.46633123E-001
  0.46632864E-001
  0.46632447E-001
  0.46631881E-001
  0.46631179E-001
  0.46630356E-001
  0.46629431E-001
  0.46628422E-001
  0.46627346E-001
  0.46626223E-001
  0.46625070E-001
  0.46623905E-001
  0.46622741E-001
  0.46621594E-001
  0.46620476E-001
  0.46619397E-001
  0.46618369E-001
  0.46617399E-001
  0.46616495E-001
  0.46615662E-001
  0.46614905E-001
  0.46614229E-001
  0.46613637E-001
  0.46613130E-001
  0.46612710E-001
  0.46612378E-001
  0.46612135E-001
  0.46611979E-001
  0.46611910E-001
  0.46611924E-001
  0.46612021E-001
  0.46612195E-001
  0.46612444E-001
  0.46612762E-001
  0.46613144E-001
  0.46613584E-001
  0.46614076E-001
  0.46614612E-001
  0.46615187E-001
  0.46615792E-001
  0.46616421E-001
  0.46617067E-001
  0.46617723E-001
  0.46618383E-001
  0.46619041E-001
  0.46619691E-001
  0.46620330E-001
  0.46620951E-001
  0.46621552E-001
  0.46622130E-001
  0.46622683E-001
  0.46623207E-001
  0.46623703E-001
  0.46624168E-001
  0.46624604E-001
  0.46625009E-001
  0.46625384E-001
  0.46625729E-001
  0.46626045E-001
  0.46626333E-001
  0.46626594E-001
  0.46626830E-001
  0.46627042E-001
  0.46627230E-001
  0.46627398E-001
  0.46627544E-001
  0.46627672E-001
  0.46627783E-001
  0.46627877E-001
  0.46627957E-001
  0.46628023E-001
  0.46628076E-001
  0.46628118E-001
  0.46628149E-001
  0.46628171E-001
  0.46628185E-001
  0.46628190E-001
  0.46628189E-001
  0.46628182E-001
  0.46628169E-001
  0.46628151E-001
  0.46628129E-001
  0.46628103E-001
  0.46628074E-001
  0.46628042E-001
  0.46628007E-001
  0.46627971E-001
  0.46627932E-001
  0.46627892E-001
  0.46627851E-001
  0.46627809E-001
  0.46627767E-001
  0.46627723E-001
  0.46627680E-001
  0.46627636E-001
  0.46627593E-001
  0.46627549E-001
  0.46627506E-001
  0.46627463E-001
  0.46627421E-001
  0.46627380E-001
  0.46627339E-001
  0.46627299E-001
  0.46627259E-001
  0.46627221E-001
  0.46627183E-001
  0.46627146E-001
  0.46627110E-001
  0.46627075E-001
  0.46627042E-001
  0.46627009E-001
  0.46626977E-001
  0.46626946E-001
  0.46626916E-001
  0.46626887E-001
  0.46626860E-001
  0.46626833E-001
  0.46626807E-001
  0.46626782E-001
  0.46626758E-001
  0.46626736E-001
  0.46626714E-001
  0.46626693E-001
  0.46626672E-001
  0.46626653E-001
  0.46626635E-001
  0.46626617E-001
  0.46626600E-001
  0.46626584E-001
  0.46626569E-001
  0.46626554E-001
  0.46626540E-001
  0.46626527E-001
  0.46626514E-001
  0.46626502E-001
  0.46626491E-001
  0.46626480E-001
  0.46626469E-001
  0.46626459E-001
  0.46626450E-001
  0.46626441E-001
  0.46626432E-001
  0.46626424E-001
  0.46626416E-001
  0.46626408E-001
  0.46626401E-001
  0.46626394E-001
  0.46626387E-001
  0.46626381E-001
  0.46626375E-001
  0.46626369E-001
  0.46626363E-001
  0.46626358E-001
  0.46626354E-001
  0.46626352E-001
