  0.14115454E+000
  0.14359712E+000
  0.14519975E+000
  0.14619283E+000
  0.14654567E+000
  0.14646676E+000
  0.14631643E+000
  0.14612233E+000
  0.14590132E+000
  0.14566556E+000
  0.14542236E+000
  0.14517815E+000
  0.14493751E+000
  0.14470422E+000
  0.14448066E+000
  0.14423631E+000
  0.14397912E+000
  0.14372657E+000
  0.14348744E+000
  0.14326570E+000
  0.14306257E+000
  0.14287779E+000
  0.14271038E+000
  0.14255900E+000
  0.14242225E+000
  0.14230088E+000
  0.14219599E+000
  0.14210326E+000
  0.14201998E+000
  0.14194443E+000
  0.14187543E+000
  0.14181220E+000
  0.14175412E+000
  0.14170072E+000
  0.14165162E+000
  0.14160648E+000
  0.14156499E+000
  0.14152688E+000
  0.14149189E+000
  0.14145978E+000
  0.14143034E+000
  0.14140334E+000
  0.14137861E+000
  0.14135596E+000
  0.14133521E+000
  0.14131621E+000
  0.14129882E+000
  0.14128290E+000
  0.14126832E+000
  0.14125497E+000
  0.14124276E+000
  0.14123159E+000
  0.14122137E+000
  0.14121203E+000
  0.14120349E+000
  0.14119571E+000
  0.14118861E+000
  0.14118215E+000
  0.14117628E+000
  0.14117096E+000
  0.14116614E+000
  0.14116179E+000
  0.14115788E+000
  0.14115436E+000
  0.14115122E+000
  0.14114843E+000
  0.14114595E+000
  0.14114397E+000
  0.14114306E+000
  0.14114254E+000
  0.14114227E+000
  0.14114220E+000
  0.14114232E+000
  0.14114262E+000
  0.14114308E+000
  0.14114371E+000
  0.14114448E+000
  0.14114540E+000
  0.14114645E+000
  0.14114762E+000
  0.14114890E+000
  0.14115029E+000
  0.14115176E+000
  0.14115330E+000
  0.14115490E+000
  0.14115654E+000
  0.14115820E+000
  0.14115987E+000
  0.14116154E+000
  0.14116318E+000
  0.14116478E+000
  0.14116633E+000
  0.14116782E+000
  0.14116924E+000
  0.14117057E+000
  0.14117182E+000
  0.14117297E+000
  0.14117402E+000
  0.14117498E+000
  0.14117582E+000
  0.14117657E+000
  0.14117722E+000
  0.14117776E+000
  0.14117821E+000
  0.14117856E+000
  0.14117883E+000
  0.14117901E+000
  0.14117911E+000
  0.14117913E+000
  0.14117908E+000
  0.14117897E+000
  0.14117880E+000
  0.14117857E+000
  0.14117829E+000
  0.14117796E+000
  0.14117760E+000
  0.14117719E+000
  0.14117676E+000
  0.14117630E+000
  0.14117581E+000
  0.14117530E+000
  0.14117478E+000
  0.14117424E+000
  0.14117369E+000
  0.14117313E+000
  0.14117256E+000
  0.14117199E+000
  0.14117142E+000
  0.14117085E+000
  0.14117029E+000
  0.14116972E+000
  0.14116917E+000
  0.14116862E+000
  0.14116808E+000
  0.14116754E+000
  0.14116702E+000
  0.14116651E+000
  0.14116601E+000
  0.14116552E+000
  0.14116504E+000
  0.14116458E+000
  0.14116413E+000
  0.14116369E+000
  0.14116327E+000
  0.14116286E+000
  0.14116247E+000
  0.14116208E+000
  0.14116172E+000
  0.14116136E+000
  0.14116102E+000
  0.14116070E+000
  0.14116038E+000
  0.14116008E+000
  0.14115979E+000
  0.14115952E+000
  0.14115925E+000
  0.14115900E+000
  0.14115876E+000
  0.14115853E+000
  0.14115831E+000
  0.14115811E+000
  0.14115791E+000
  0.14115772E+000
  0.14115754E+000
  0.14115737E+000
  0.14115721E+000
  0.14115705E+000
  0.14115691E+000
  0.14115677E+000
  0.14115664E+000
  0.14115652E+000
  0.14115640E+000
  0.14115629E+000
  0.14115619E+000
  0.14115609E+000
  0.14115599E+000
  0.14115591E+000
  0.14115582E+000
  0.14115575E+000
  0.14115567E+000
  0.14115560E+000
  0.14115554E+000
  0.14115548E+000
  0.14115542E+000
  0.14115537E+000
  0.14115531E+000
  0.14115527E+000
  0.14115522E+000
  0.14115518E+000
  0.14115514E+000
  0.14115510E+000
  0.14115507E+000
  0.14115503E+000
  0.14115500E+000
  0.14115498E+000
  0.14115495E+000
  0.14115492E+000
  0.14115490E+000
  0.14115489E+000
  0.14115487E+000
