  0.53587242E-005
  0.61712369E-005
  0.65289242E-005
  0.66772137E-005
  0.68002681E-005
  0.68945604E-005
  0.67822322E-005
  0.65750937E-005
  0.63456735E-005
  0.61326316E-005
  0.59518501E-005
  0.58062552E-005
  0.56925896E-005
  0.56054021E-005
  0.55390867E-005
  0.54887520E-005
  0.54504478E-005
  0.54211345E-005
  0.53985399E-005
  0.53809929E-005
  0.53672709E-005
  0.53564792E-005
  0.53479579E-005
  0.53412157E-005
  0.53358815E-005
  0.53316709E-005
  0.53283626E-005
  0.53257816E-005
  0.53237881E-005
  0.53222684E-005
  0.53211297E-005
  0.53202956E-005
  0.53197028E-005
  0.53192986E-005
  0.53190394E-005
  0.53188892E-005
  0.53188182E-005
  0.53188021E-005
  0.53188213E-005
  0.53188602E-005
  0.53189066E-005
  0.53189513E-005
  0.53189875E-005
  0.53190104E-005
  0.53190171E-005
  0.53190059E-005
  0.53189763E-005
  0.53189288E-005
  0.53188642E-005
  0.53187841E-005
  0.53186903E-005
  0.53185848E-005
  0.53184697E-005
  0.53183470E-005
  0.53182189E-005
  0.53180874E-005
  0.53179544E-005
  0.53178217E-005
  0.53176909E-005
  0.53175633E-005
  0.53174403E-005
  0.53173230E-005
  0.53172124E-005
  0.53171093E-005
  0.53170142E-005
  0.53169279E-005
  0.53168508E-005
  0.53167832E-005
  0.53167254E-005
  0.53166776E-005
  0.53166397E-005
  0.53166120E-005
  0.53165942E-005
  0.53165863E-005
  0.53165880E-005
  0.53165990E-005
  0.53166189E-005
  0.53166472E-005
  0.53166835E-005
  0.53167271E-005
  0.53167773E-005
  0.53168333E-005
  0.53168946E-005
  0.53169601E-005
  0.53170291E-005
  0.53171009E-005
  0.53171746E-005
  0.53172494E-005
  0.53173247E-005
  0.53173997E-005
  0.53174739E-005
  0.53175467E-005
  0.53176175E-005
  0.53176861E-005
  0.53177520E-005
  0.53178150E-005
  0.53178749E-005
  0.53179314E-005
  0.53179845E-005
  0.53180342E-005
  0.53180804E-005
  0.53181231E-005
  0.53181625E-005
  0.53181986E-005
  0.53182314E-005
  0.53182612E-005
  0.53182881E-005
  0.53183123E-005
  0.53183338E-005
  0.53183528E-005
  0.53183696E-005
  0.53183842E-005
  0.53183968E-005
  0.53184076E-005
  0.53184166E-005
  0.53184241E-005
  0.53184302E-005
  0.53184350E-005
  0.53184386E-005
  0.53184411E-005
  0.53184426E-005
  0.53184433E-005
  0.53184431E-005
  0.53184423E-005
  0.53184408E-005
  0.53184388E-005
  0.53184363E-005
  0.53184333E-005
  0.53184300E-005
  0.53184263E-005
  0.53184224E-005
  0.53184182E-005
  0.53184138E-005
  0.53184093E-005
  0.53184046E-005
  0.53183998E-005
  0.53183949E-005
  0.53183900E-005
  0.53183851E-005
  0.53183801E-005
  0.53183751E-005
  0.53183702E-005
  0.53183652E-005
  0.53183604E-005
  0.53183555E-005
  0.53183508E-005
  0.53183461E-005
  0.53183415E-005
  0.53183370E-005
  0.53183326E-005
  0.53183283E-005
  0.53183242E-005
  0.53183201E-005
  0.53183161E-005
  0.53183122E-005
  0.53183085E-005
  0.53183048E-005
  0.53183013E-005
  0.53182979E-005
  0.53182946E-005
  0.53182915E-005
  0.53182884E-005
  0.53182855E-005
  0.53182827E-005
  0.53182799E-005
  0.53182773E-005
  0.53182748E-005
  0.53182724E-005
  0.53182701E-005
  0.53182679E-005
  0.53182658E-005
  0.53182638E-005
  0.53182619E-005
  0.53182601E-005
  0.53182583E-005
  0.53182567E-005
  0.53182551E-005
  0.53182535E-005
  0.53182521E-005
  0.53182507E-005
  0.53182494E-005
  0.53182481E-005
  0.53182469E-005
  0.53182458E-005
  0.53182447E-005
  0.53182437E-005
  0.53182427E-005
  0.53182417E-005
  0.53182408E-005
  0.53182400E-005
  0.53182391E-005
  0.53182383E-005
  0.53182376E-005
  0.53182369E-005
  0.53182362E-005
  0.53182355E-005
  0.53182349E-005
  0.53182343E-005
  0.53182338E-005
  0.53182335E-005
