  0.13229686E+000
  0.13226969E+000
  0.13227003E+000
  0.13227993E+000
  0.13229290E+000
  0.13230590E+000
  0.13231560E+000
  0.13232066E+000
  0.13232094E+000
  0.13231685E+000
  0.13230904E+000
  0.13229819E+000
  0.13228491E+000
  0.13226970E+000
  0.13225297E+000
  0.13223506E+000
  0.13221620E+000
  0.13219660E+000
  0.13217641E+000
  0.13215574E+000
  0.13213470E+000
  0.13211334E+000
  0.13209174E+000
  0.13206995E+000
  0.13204799E+000
  0.13202591E+000
  0.13200373E+000
  0.13198148E+000
  0.13195918E+000
  0.13193686E+000
  0.13191454E+000
  0.13189224E+000
  0.13186997E+000
  0.13184777E+000
  0.13182566E+000
  0.13180366E+000
  0.13178179E+000
  0.13176008E+000
  0.13173855E+000
  0.13171725E+000
  0.13169618E+000
  0.13167540E+000
  0.13165491E+000
  0.13163476E+000
  0.13161497E+000
  0.13159558E+000
  0.13157661E+000
  0.13155809E+000
  0.13154006E+000
  0.13152253E+000
  0.13150553E+000
  0.13148909E+000
  0.13147322E+000
  0.13145794E+000
  0.13144327E+000
  0.13142922E+000
  0.13141579E+000
  0.13140300E+000
  0.13139084E+000
  0.13137932E+000
  0.13136844E+000
  0.13135818E+000
  0.13134853E+000
  0.13133950E+000
  0.13133106E+000
  0.13132319E+000
  0.13131588E+000
  0.13130911E+000
  0.13130286E+000
  0.13129711E+000
  0.13129183E+000
  0.13128700E+000
  0.13128261E+000
  0.13127861E+000
  0.13127500E+000
  0.13127174E+000
  0.13126882E+000
  0.13126622E+000
  0.13126390E+000
  0.13126186E+000
  0.13126006E+000
  0.13125850E+000
  0.13125714E+000
  0.13125598E+000
  0.13125499E+000
  0.13125416E+000
  0.13125346E+000
  0.13125289E+000
  0.13125244E+000
  0.13125207E+000
  0.13125180E+000
  0.13125159E+000
  0.13125144E+000
  0.13125134E+000
  0.13125129E+000
  0.13125127E+000
  0.13125127E+000
  0.13125129E+000
  0.13125133E+000
  0.13125138E+000
  0.13125143E+000
  0.13125149E+000
  0.13125154E+000
  0.13125160E+000
  0.13125164E+000
  0.13125169E+000
  0.13125172E+000
  0.13125175E+000
  0.13125177E+000
  0.13125179E+000
  0.13125180E+000
  0.13125179E+000
  0.13125178E+000
  0.13125177E+000
  0.13125175E+000
  0.13125172E+000
  0.13125168E+000
  0.13125164E+000
  0.13125159E+000
  0.13125154E+000
  0.13125148E+000
  0.13125141E+000
  0.13125135E+000
  0.13125128E+000
  0.13125120E+000
  0.13125113E+000
  0.13125105E+000
  0.13125097E+000
  0.13125088E+000
  0.13125079E+000
  0.13125071E+000
  0.13125062E+000
  0.13125053E+000
  0.13125044E+000
  0.13125034E+000
  0.13125025E+000
  0.13125016E+000
  0.13125007E+000
  0.13124998E+000
  0.13124988E+000
  0.13124979E+000
  0.13124970E+000
  0.13124961E+000
  0.13124952E+000
  0.13124944E+000
  0.13124935E+000
  0.13124927E+000
  0.13124918E+000
  0.13124910E+000
  0.13124902E+000
  0.13124895E+000
  0.13124887E+000
  0.13124880E+000
  0.13124872E+000
  0.13124865E+000
  0.13124859E+000
  0.13124852E+000
  0.13124846E+000
  0.13124839E+000
  0.13124833E+000
  0.13124828E+000
  0.13124822E+000
  0.13124817E+000
  0.13124811E+000
  0.13124806E+000
  0.13124801E+000
  0.13124797E+000
  0.13124792E+000
  0.13124788E+000
  0.13124784E+000
  0.13124780E+000
  0.13124776E+000
  0.13124773E+000
  0.13124769E+000
  0.13124766E+000
  0.13124763E+000
  0.13124760E+000
  0.13124757E+000
  0.13124755E+000
  0.13124752E+000
  0.13124749E+000
  0.13124747E+000
  0.13124745E+000
  0.13124743E+000
  0.13124741E+000
  0.13124739E+000
  0.13124737E+000
  0.13124735E+000
  0.13124733E+000
  0.13124732E+000
  0.13124730E+000
  0.13124729E+000
  0.13124727E+000
  0.13124726E+000
  0.13124724E+000
  0.13124723E+000
  0.13124722E+000
  0.13124721E+000
  0.13124719E+000
  0.13124718E+000
