  0.26138386E+000
  0.28133770E+000
  0.28448604E+000
  0.28399336E+000
  0.28324466E+000
  0.28252890E+000
  0.28028610E+000
  0.27743999E+000
  0.27458136E+000
  0.27201429E+000
  0.26985992E+000
  0.26811626E+000
  0.26672012E+000
  0.26560207E+000
  0.26469844E+000
  0.26402105E+000
  0.26352099E+000
  0.26314564E+000
  0.26285969E+000
  0.26263897E+000
  0.26246669E+000
  0.26233104E+000
  0.26222355E+000
  0.26213801E+000
  0.26206977E+000
  0.26198899E+000
  0.26185757E+000
  0.26170040E+000
  0.26153533E+000
  0.26137467E+000
  0.26122644E+000
  0.26109540E+000
  0.26098393E+000
  0.26089268E+000
  0.26082111E+000
  0.26076790E+000
  0.26073126E+000
  0.26070919E+000
  0.26069961E+000
  0.26070049E+000
  0.26070995E+000
  0.26072630E+000
  0.26074804E+000
  0.26077388E+000
  0.26080278E+000
  0.26083384E+000
  0.26086637E+000
  0.26089982E+000
  0.26093377E+000
  0.26096791E+000
  0.26100200E+000
  0.26103587E+000
  0.26106941E+000
  0.26110253E+000
  0.26113520E+000
  0.26116737E+000
  0.26119904E+000
  0.26123018E+000
  0.26126079E+000
  0.26129087E+000
  0.26132042E+000
  0.26134944E+000
  0.26137792E+000
  0.26140588E+000
  0.26143331E+000
  0.26146023E+000
  0.26148664E+000
  0.26150896E+000
  0.26151570E+000
  0.26151579E+000
  0.26151319E+000
  0.26150961E+000
  0.26150582E+000
  0.26150210E+000
  0.26149857E+000
  0.26149526E+000
  0.26149216E+000
  0.26148927E+000
  0.26148656E+000
  0.26148401E+000
  0.26148161E+000
  0.26147932E+000
  0.26147713E+000
  0.26147503E+000
  0.26147300E+000
  0.26147102E+000
  0.26146909E+000
  0.26146720E+000
  0.26146533E+000
  0.26146348E+000
  0.26146164E+000
  0.26145982E+000
  0.26145800E+000
  0.26145619E+000
  0.26145439E+000
  0.26145259E+000
  0.26145080E+000
  0.26144902E+000
  0.26144725E+000
  0.26144550E+000
  0.26144376E+000
  0.26144203E+000
  0.26144032E+000
  0.26143863E+000
  0.26143697E+000
  0.26143533E+000
  0.26143371E+000
  0.26143212E+000
  0.26143055E+000
  0.26142901E+000
  0.26142750E+000
  0.26142602E+000
  0.26142457E+000
  0.26142315E+000
  0.26142176E+000
  0.26142040E+000
  0.26141907E+000
  0.26141778E+000
  0.26141651E+000
  0.26141527E+000
  0.26141406E+000
  0.26141289E+000
  0.26141175E+000
  0.26141063E+000
  0.26140955E+000
  0.26140850E+000
  0.26140748E+000
  0.26140649E+000
  0.26140553E+000
  0.26140460E+000
  0.26140370E+000
  0.26140282E+000
  0.26140198E+000
  0.26140117E+000
  0.26140038E+000
  0.26139963E+000
  0.26139890E+000
  0.26139820E+000
  0.26139752E+000
  0.26139687E+000
  0.26139624E+000
  0.26139564E+000
  0.26139507E+000
  0.26139451E+000
  0.26139398E+000
  0.26139347E+000
  0.26139299E+000
  0.26139252E+000
  0.26139208E+000
  0.26139165E+000
  0.26139124E+000
  0.26139086E+000
  0.26139048E+000
  0.26139013E+000
  0.26138979E+000
  0.26138947E+000
  0.26138917E+000
  0.26138887E+000
  0.26138860E+000
  0.26138833E+000
  0.26138808E+000
  0.26138785E+000
  0.26138762E+000
  0.26138740E+000
  0.26138720E+000
  0.26138701E+000
  0.26138683E+000
  0.26138665E+000
  0.26138649E+000
  0.26138633E+000
  0.26138619E+000
  0.26138605E+000
  0.26138592E+000
  0.26138580E+000
  0.26138568E+000
  0.26138557E+000
  0.26138547E+000
  0.26138537E+000
  0.26138528E+000
  0.26138519E+000
  0.26138511E+000
  0.26138503E+000
  0.26138496E+000
  0.26138489E+000
  0.26138483E+000
  0.26138477E+000
  0.26138471E+000
  0.26138466E+000
  0.26138461E+000
  0.26138457E+000
  0.26138452E+000
  0.26138448E+000
  0.26138445E+000
  0.26138441E+000
  0.26138438E+000
  0.26138435E+000
  0.26138432E+000
  0.26138430E+000
  0.26138428E+000
  0.26138426E+000
