  0.35763876E+000
  0.35745507E+000
  0.35728719E+000
  0.35714872E+000
  0.35703039E+000
  0.35692854E+000
  0.35684117E+000
  0.35676645E+000
  0.35670335E+000
  0.35664702E+000
  0.35660015E+000
  0.35655983E+000
  0.35652538E+000
  0.35649626E+000
  0.35647277E+000
  0.35645295E+000
  0.35643619E+000
  0.35642186E+000
  0.35641030E+000
  0.35640047E+000
  0.35639218E+000
  0.35638567E+000
  0.35638058E+000
  0.35637731E+000
  0.35637527E+000
  0.35637289E+000
  0.35637207E+000
  0.35637195E+000
  0.35637261E+000
  0.35637375E+000
  0.35637544E+000
  0.35637863E+000
  0.35638115E+000
  0.35638404E+000
  0.35638734E+000
  0.35639087E+000
  0.35639484E+000
  0.35639908E+000
  0.35640362E+000
  0.35640837E+000
  0.35641325E+000
  0.35641857E+000
  0.35642436E+000
  0.35642986E+000
  0.35643548E+000
  0.35644136E+000
  0.35644725E+000
  0.35645352E+000
  0.35645972E+000
  0.35646615E+000
  0.35647261E+000
  0.35647906E+000
  0.35648555E+000
  0.35649225E+000
  0.35649904E+000
  0.35650593E+000
  0.35651284E+000
  0.35651987E+000
  0.35652697E+000
  0.35653408E+000
  0.35654152E+000
  0.35654852E+000
  0.35655557E+000
  0.35656267E+000
  0.35656989E+000
  0.35657697E+000
  0.35658295E+000
  0.35658984E+000
  0.35659670E+000
  0.35660359E+000
  0.35661067E+000
  0.35661748E+000
  0.35662426E+000
  0.35663094E+000
  0.35663761E+000
  0.35664409E+000
  0.35665057E+000
  0.35665694E+000
  0.35666306E+000
  0.35666947E+000
  0.35667530E+000
  0.35668126E+000
  0.35668701E+000
  0.35669267E+000
  0.35669834E+000
  0.35670391E+000
  0.35670912E+000
  0.35671455E+000
  0.35671982E+000
  0.35672501E+000
  0.35673007E+000
  0.35673508E+000
  0.35673995E+000
  0.35674471E+000
  0.35674937E+000
  0.35675395E+000
  0.35675844E+000
  0.35676280E+000
  0.35676713E+000
  0.35677143E+000
  0.35677563E+000
  0.35677977E+000
  0.35678377E+000
  0.35678774E+000
  0.35679172E+000
  0.35679561E+000
  0.35679948E+000
  0.35680325E+000
  0.35680706E+000
  0.35681085E+000
  0.35681462E+000
  0.35681838E+000
  0.35682211E+000
  0.35682584E+000
  0.35682957E+000
  0.35683329E+000
  0.35683702E+000
  0.35684075E+000
  0.35684450E+000
  0.35684826E+000
  0.35685204E+000
  0.35685584E+000
  0.35685965E+000
  0.35686350E+000
  0.35686737E+000
  0.35687127E+000
  0.35687521E+000
  0.35687917E+000
  0.35688317E+000
  0.35688720E+000
  0.35689127E+000
  0.35689538E+000
  0.35689952E+000
  0.35690370E+000
  0.35690791E+000
  0.35691216E+000
  0.35691645E+000
  0.35692077E+000
  0.35692513E+000
  0.35692952E+000
  0.35693394E+000
  0.35693839E+000
  0.35694288E+000
  0.35694739E+000
  0.35695192E+000
  0.35695648E+000
  0.35696107E+000
  0.35696567E+000
  0.35697029E+000
  0.35697492E+000
  0.35697957E+000
  0.35698422E+000
  0.35698889E+000
  0.35699356E+000
  0.35699823E+000
  0.35700290E+000
  0.35700756E+000
  0.35701222E+000
  0.35701687E+000
  0.35702151E+000
  0.35702613E+000
  0.35703073E+000
  0.35703531E+000
  0.35703987E+000
  0.35704441E+000
  0.35704891E+000
  0.35705338E+000
  0.35705782E+000
  0.35706222E+000
  0.35706658E+000
  0.35707090E+000
  0.35707517E+000
  0.35707940E+000
  0.35708358E+000
  0.35708771E+000
  0.35709178E+000
  0.35709580E+000
  0.35709977E+000
  0.35710367E+000
  0.35710752E+000
  0.35711131E+000
  0.35711503E+000
  0.35711869E+000
  0.35712228E+000
  0.35712581E+000
  0.35712927E+000
  0.35713266E+000
  0.35713598E+000
  0.35713924E+000
  0.35714242E+000
  0.35714554E+000
  0.35714858E+000
  0.35715155E+000
  0.35715446E+000
  0.35715729E+000
  0.35716005E+000
  0.35716274E+000
  0.35716535E+000
  0.35716790E+000
  0.35717038E+000
