  0.86193873E+000
  0.86256964E+000
  0.86303011E+000
  0.86337415E+000
  0.86362794E+000
  0.86381196E+000
  0.86394331E+000
  0.86403322E+000
  0.86409048E+000
  0.86412187E+000
  0.86413272E+000
  0.86412712E+000
  0.86410830E+000
  0.86407889E+000
  0.86404101E+000
  0.86399595E+000
  0.86394527E+000
  0.86389044E+000
  0.86383257E+000
  0.86377254E+000
  0.86371104E+000
  0.86364863E+000
  0.86358576E+000
  0.86352278E+000
  0.86345999E+000
  0.86339764E+000
  0.86333592E+000
  0.86327499E+000
  0.86321496E+000
  0.86315596E+000
  0.86309808E+000
  0.86304140E+000
  0.86298599E+000
  0.86293191E+000
  0.86287919E+000
  0.86282787E+000
  0.86277798E+000
  0.86272954E+000
  0.86268255E+000
  0.86263702E+000
  0.86259296E+000
  0.86255037E+000
  0.86250925E+000
  0.86246959E+000
  0.86243139E+000
  0.86239464E+000
  0.86235933E+000
  0.86232545E+000
  0.86229299E+000
  0.86226193E+000
  0.86223227E+000
  0.86220398E+000
  0.86217704E+000
  0.86215144E+000
  0.86212715E+000
  0.86210414E+000
  0.86208240E+000
  0.86206187E+000
  0.86204254E+000
  0.86202438E+000
  0.86200733E+000
  0.86199138E+000
  0.86197647E+000
  0.86196259E+000
  0.86194968E+000
  0.86193773E+000
  0.86192669E+000
  0.86191654E+000
  0.86190725E+000
  0.86189879E+000
  0.86189114E+000
  0.86188428E+000
  0.86187821E+000
  0.86187289E+000
  0.86186832E+000
  0.86186448E+000
  0.86186134E+000
  0.86185888E+000
  0.86185708E+000
  0.86185591E+000
  0.86185534E+000
  0.86185533E+000
  0.86185584E+000
  0.86185682E+000
  0.86185824E+000
  0.86186005E+000
  0.86186218E+000
  0.86186461E+000
  0.86186727E+000
  0.86187012E+000
  0.86187312E+000
  0.86187621E+000
  0.86187937E+000
  0.86188255E+000
  0.86188573E+000
  0.86188887E+000
  0.86189196E+000
  0.86189496E+000
  0.86189787E+000
  0.86190067E+000
  0.86190335E+000
  0.86190591E+000
  0.86190834E+000
  0.86191064E+000
  0.86191282E+000
  0.86191486E+000
  0.86191678E+000
  0.86191858E+000
  0.86192027E+000
  0.86192184E+000
  0.86192331E+000
  0.86192468E+000
  0.86192595E+000
  0.86192714E+000
  0.86192825E+000
  0.86192928E+000
  0.86193024E+000
  0.86193114E+000
  0.86193197E+000
  0.86193275E+000
  0.86193347E+000
  0.86193415E+000
  0.86193478E+000
  0.86193538E+000
  0.86193593E+000
  0.86193644E+000
  0.86193693E+000
  0.86193738E+000
  0.86193781E+000
  0.86193821E+000
  0.86193858E+000
  0.86193893E+000
  0.86193926E+000
  0.86193957E+000
  0.86193986E+000
  0.86194013E+000
  0.86194038E+000
  0.86194062E+000
  0.86194084E+000
  0.86194105E+000
  0.86194125E+000
  0.86194143E+000
  0.86194160E+000
  0.86194175E+000
  0.86194190E+000
  0.86194203E+000
  0.86194216E+000
  0.86194227E+000
  0.86194237E+000
  0.86194246E+000
  0.86194255E+000
  0.86194262E+000
  0.86194269E+000
  0.86194275E+000
  0.86194280E+000
  0.86194284E+000
  0.86194288E+000
  0.86194291E+000
  0.86194293E+000
  0.86194294E+000
  0.86194295E+000
  0.86194295E+000
  0.86194295E+000
  0.86194294E+000
  0.86194293E+000
  0.86194291E+000
  0.86194288E+000
  0.86194286E+000
  0.86194282E+000
  0.86194279E+000
  0.86194275E+000
  0.86194270E+000
  0.86194266E+000
  0.86194261E+000
  0.86194256E+000
  0.86194250E+000
  0.86194244E+000
  0.86194238E+000
  0.86194232E+000
  0.86194226E+000
  0.86194219E+000
  0.86194212E+000
  0.86194206E+000
  0.86194199E+000
  0.86194192E+000
  0.86194185E+000
  0.86194178E+000
  0.86194170E+000
  0.86194163E+000
  0.86194156E+000
  0.86194149E+000
  0.86194142E+000
  0.86194134E+000
  0.86194127E+000
  0.86194120E+000
  0.86194113E+000
  0.86194106E+000
  0.86194100E+000
  0.86194093E+000
  0.86194087E+000
