  0.88699319E+000
  0.88702489E+000
  0.88704935E+000
  0.88706774E+000
  0.88708113E+000
  0.88709047E+000
  0.88709657E+000
  0.88710004E+000
  0.88710140E+000
  0.88710104E+000
  0.88709928E+000
  0.88709642E+000
  0.88709266E+000
  0.88708818E+000
  0.88708311E+000
  0.88707756E+000
  0.88707162E+000
  0.88706537E+000
  0.88705890E+000
  0.88705224E+000
  0.88704545E+000
  0.88703856E+000
  0.88703160E+000
  0.88702459E+000
  0.88701757E+000
  0.88701053E+000
  0.88700351E+000
  0.88699650E+000
  0.88698952E+000
  0.88698258E+000
  0.88697570E+000
  0.88696886E+000
  0.88696209E+000
  0.88695539E+000
  0.88694877E+000
  0.88694222E+000
  0.88693577E+000
  0.88692941E+000
  0.88692314E+000
  0.88691699E+000
  0.88691094E+000
  0.88690501E+000
  0.88689919E+000
  0.88689351E+000
  0.88688796E+000
  0.88688255E+000
  0.88687728E+000
  0.88687216E+000
  0.88686719E+000
  0.88686238E+000
  0.88685773E+000
  0.88685325E+000
  0.88684893E+000
  0.88684479E+000
  0.88684081E+000
  0.88683702E+000
  0.88683339E+000
  0.88682994E+000
  0.88682665E+000
  0.88682354E+000
  0.88682059E+000
  0.88681781E+000
  0.88681517E+000
  0.88681269E+000
  0.88681036E+000
  0.88680815E+000
  0.88680608E+000
  0.88680413E+000
  0.88680230E+000
  0.88680056E+000
  0.88679893E+000
  0.88679738E+000
  0.88679590E+000
  0.88679450E+000
  0.88679316E+000
  0.88679187E+000
  0.88679063E+000
  0.88678942E+000
  0.88678824E+000
  0.88678709E+000
  0.88678595E+000
  0.88678483E+000
  0.88678371E+000
  0.88678259E+000
  0.88678146E+000
  0.88678033E+000
  0.88677919E+000
  0.88677803E+000
  0.88677686E+000
  0.88677567E+000
  0.88677446E+000
  0.88677324E+000
  0.88677199E+000
  0.88677072E+000
  0.88676944E+000
  0.88676814E+000
  0.88676682E+000
  0.88676550E+000
  0.88676416E+000
  0.88676281E+000
  0.88676146E+000
  0.88676011E+000
  0.88675876E+000
  0.88675741E+000
  0.88675608E+000
  0.88675475E+000
  0.88675344E+000
  0.88675215E+000
  0.88675088E+000
  0.88674964E+000
  0.88674842E+000
  0.88674724E+000
  0.88674610E+000
  0.88674499E+000
  0.88674392E+000
  0.88674290E+000
  0.88674192E+000
  0.88674100E+000
  0.88674012E+000
  0.88673930E+000
  0.88673853E+000
  0.88673782E+000
  0.88673717E+000
  0.88673658E+000
  0.88673605E+000
  0.88673558E+000
  0.88673518E+000
  0.88673484E+000
  0.88673456E+000
  0.88673435E+000
  0.88673420E+000
  0.88673412E+000
  0.88673411E+000
  0.88673415E+000
  0.88673426E+000
  0.88673444E+000
  0.88673468E+000
  0.88673497E+000
  0.88673533E+000
  0.88673575E+000
  0.88673623E+000
  0.88673677E+000
  0.88673736E+000
  0.88673800E+000
  0.88673870E+000
  0.88673945E+000
  0.88674024E+000
  0.88674109E+000
  0.88674198E+000
  0.88674291E+000
  0.88674388E+000
  0.88674490E+000
  0.88674595E+000
  0.88674704E+000
  0.88674815E+000
  0.88674930E+000
  0.88675048E+000
  0.88675169E+000
  0.88675292E+000
  0.88675417E+000
  0.88675545E+000
  0.88675674E+000
  0.88675805E+000
  0.88675937E+000
  0.88676070E+000
  0.88676205E+000
  0.88676340E+000
  0.88676476E+000
  0.88676612E+000
  0.88676749E+000
  0.88676885E+000
  0.88677022E+000
  0.88677158E+000
  0.88677294E+000
  0.88677430E+000
  0.88677564E+000
  0.88677698E+000
  0.88677831E+000
  0.88677963E+000
  0.88678093E+000
  0.88678223E+000
  0.88678351E+000
  0.88678477E+000
  0.88678601E+000
  0.88678724E+000
  0.88678845E+000
  0.88678965E+000
  0.88679082E+000
  0.88679197E+000
  0.88679310E+000
  0.88679421E+000
  0.88679530E+000
  0.88679636E+000
  0.88679740E+000
  0.88679842E+000
  0.88679942E+000
  0.88680039E+000
  0.88680134E+000
  0.88680226E+000
  0.88680316E+000
