  0.43151393E+000
  0.43591998E+000
  0.43961107E+000
  0.44271115E+000
  0.44531400E+000
  0.44750567E+000
  0.44935581E+000
  0.45091327E+000
  0.45222985E+000
  0.45334312E+000
  0.45428143E+000
  0.45507906E+000
  0.45575573E+000
  0.45632803E+000
  0.45681377E+000
  0.45722443E+000
  0.45757101E+000
  0.45786662E+000
  0.45811649E+000
  0.45832684E+000
  0.45850578E+000
  0.45865683E+000
  0.45878356E+000
  0.45888774E+000
  0.45897637E+000
  0.45905014E+000
  0.45911094E+000
  0.45916220E+000
  0.45920256E+000
  0.45923658E+000
  0.45926392E+000
  0.45928646E+000
  0.45930490E+000
  0.45931881E+000
  0.45933015E+000
  0.45933990E+000
  0.45934744E+000
  0.45935296E+000
  0.45935732E+000
  0.45936119E+000
  0.45936424E+000
  0.45936676E+000
  0.45936909E+000
  0.45937077E+000
  0.45937283E+000
  0.45937442E+000
  0.45937647E+000
  0.45937828E+000
  0.45938036E+000
  0.45938187E+000
  0.45938373E+000
  0.45938557E+000
  0.45938711E+000
  0.45938896E+000
  0.45939130E+000
  0.45939263E+000
  0.45939514E+000
  0.45939729E+000
  0.45939968E+000
  0.45940242E+000
  0.45940478E+000
  0.45940713E+000
  0.45940974E+000
  0.45941209E+000
  0.45941423E+000
  0.45941695E+000
  0.45941967E+000
  0.45942228E+000
  0.45942520E+000
  0.45942790E+000
  0.45943093E+000
  0.45943359E+000
  0.45943651E+000
  0.45943915E+000
  0.45944206E+000
  0.45944496E+000
  0.45944777E+000
  0.45945067E+000
  0.45945375E+000
  0.45945653E+000
  0.45945904E+000
  0.45946156E+000
  0.45946425E+000
  0.45946686E+000
  0.45946949E+000
  0.45947198E+000
  0.45947447E+000
  0.45947699E+000
  0.45947961E+000
  0.45948195E+000
  0.45948430E+000
  0.45948601E+000
  0.45948840E+000
  0.45949076E+000
  0.45949305E+000
  0.45949534E+000
  0.45949772E+000
  0.45950004E+000
  0.45950253E+000
  0.45950495E+000
  0.45950732E+000
  0.45950973E+000
  0.45951217E+000
  0.45951448E+000
  0.45951687E+000
  0.45951936E+000
  0.45952180E+000
  0.45952431E+000
  0.45952681E+000
  0.45952932E+000
  0.45953191E+000
  0.45953438E+000
  0.45953701E+000
  0.45953968E+000
  0.45954237E+000
  0.45954501E+000
  0.45954778E+000
  0.45955060E+000
  0.45955345E+000
  0.45955623E+000
  0.45955915E+000
  0.45956215E+000
  0.45956516E+000
  0.45956823E+000
  0.45957133E+000
  0.45957445E+000
  0.45957765E+000
  0.45958090E+000
  0.45958419E+000
  0.45958753E+000
  0.45959091E+000
  0.45959433E+000
  0.45959778E+000
  0.45960128E+000
  0.45960483E+000
  0.45960841E+000
  0.45961203E+000
  0.45961570E+000
  0.45961939E+000
  0.45962313E+000
  0.45962689E+000
  0.45963068E+000
  0.45963451E+000
  0.45963835E+000
  0.45964222E+000
  0.45964611E+000
  0.45965002E+000
  0.45965396E+000
  0.45965790E+000
  0.45966184E+000
  0.45966580E+000
  0.45966976E+000
  0.45967374E+000
  0.45967771E+000
  0.45968168E+000
  0.45968568E+000
  0.45968964E+000
  0.45969359E+000
  0.45969754E+000
  0.45970146E+000
  0.45970537E+000
  0.45970926E+000
  0.45971313E+000
  0.45971697E+000
  0.45972079E+000
  0.45972458E+000
  0.45972833E+000
  0.45973205E+000
  0.45973574E+000
  0.45973938E+000
  0.45974299E+000
  0.45974655E+000
  0.45975007E+000
  0.45975354E+000
  0.45975696E+000
  0.45976034E+000
  0.45976366E+000
  0.45976694E+000
  0.45977016E+000
  0.45977333E+000
  0.45977644E+000
  0.45977949E+000
  0.45978249E+000
  0.45978541E+000
  0.45978829E+000
  0.45979111E+000
  0.45979388E+000
  0.45979658E+000
  0.45979922E+000
  0.45980179E+000
  0.45980431E+000
  0.45980677E+000
  0.45980917E+000
  0.45981150E+000
  0.45981378E+000
  0.45981599E+000
  0.45981814E+000
  0.45982022E+000
  0.45982224E+000
  0.45982420E+000
