  0.81442460E+000
  0.81439916E+000
  0.81437708E+000
  0.81435804E+000
  0.81434168E+000
  0.81432767E+000
  0.81431569E+000
  0.81430547E+000
  0.81429678E+000
  0.81428940E+000
  0.81428314E+000
  0.81427789E+000
  0.81427351E+000
  0.81426988E+000
  0.81426688E+000
  0.81426442E+000
  0.81426242E+000
  0.81426082E+000
  0.81425956E+000
  0.81425858E+000
  0.81425784E+000
  0.81425731E+000
  0.81425696E+000
  0.81425676E+000
  0.81425669E+000
  0.81425672E+000
  0.81425685E+000
  0.81425704E+000
  0.81425730E+000
  0.81425761E+000
  0.81425796E+000
  0.81425835E+000
  0.81425876E+000
  0.81425918E+000
  0.81425963E+000
  0.81426007E+000
  0.81426053E+000
  0.81426098E+000
  0.81426143E+000
  0.81426188E+000
  0.81426231E+000
  0.81426274E+000
  0.81426315E+000
  0.81426355E+000
  0.81426393E+000
  0.81426430E+000
  0.81426464E+000
  0.81426497E+000
  0.81426527E+000
  0.81426555E+000
  0.81426580E+000
  0.81426602E+000
  0.81426622E+000
  0.81426639E+000
  0.81426652E+000
  0.81426662E+000
  0.81426669E+000
  0.81426672E+000
  0.81426672E+000
  0.81426667E+000
  0.81426659E+000
  0.81426646E+000
  0.81426629E+000
  0.81426607E+000
  0.81426581E+000
  0.81426550E+000
  0.81426514E+000
  0.81426472E+000
  0.81426426E+000
  0.81426375E+000
  0.81426318E+000
  0.81426255E+000
  0.81426188E+000
  0.81426114E+000
  0.81426035E+000
  0.81425951E+000
  0.81425861E+000
  0.81425766E+000
  0.81425666E+000
  0.81425560E+000
  0.81425449E+000
  0.81425334E+000
  0.81425214E+000
  0.81425089E+000
  0.81424960E+000
  0.81424826E+000
  0.81424689E+000
  0.81424549E+000
  0.81424405E+000
  0.81424258E+000
  0.81424109E+000
  0.81423957E+000
  0.81423803E+000
  0.81423647E+000
  0.81423489E+000
  0.81423331E+000
  0.81423171E+000
  0.81423011E+000
  0.81422851E+000
  0.81422690E+000
  0.81422530E+000
  0.81422371E+000
  0.81422212E+000
  0.81422055E+000
  0.81421899E+000
  0.81421745E+000
  0.81421593E+000
  0.81421444E+000
  0.81421297E+000
  0.81421153E+000
  0.81421013E+000
  0.81420876E+000
  0.81420742E+000
  0.81420613E+000
  0.81420488E+000
  0.81420367E+000
  0.81420251E+000
  0.81420139E+000
  0.81420033E+000
  0.81419932E+000
  0.81419837E+000
  0.81419747E+000
  0.81419662E+000
  0.81419584E+000
  0.81419511E+000
  0.81419444E+000
  0.81419384E+000
  0.81419330E+000
  0.81419282E+000
  0.81419240E+000
  0.81419205E+000
  0.81419176E+000
  0.81419153E+000
  0.81419137E+000
  0.81419127E+000
  0.81419123E+000
  0.81419125E+000
  0.81419134E+000
  0.81419149E+000
  0.81419169E+000
  0.81419196E+000
  0.81419228E+000
  0.81419266E+000
  0.81419310E+000
  0.81419359E+000
  0.81419413E+000
  0.81419472E+000
  0.81419536E+000
  0.81419605E+000
  0.81419679E+000
  0.81419757E+000
  0.81419839E+000
  0.81419925E+000
  0.81420015E+000
  0.81420109E+000
  0.81420206E+000
  0.81420306E+000
  0.81420409E+000
  0.81420515E+000
  0.81420624E+000
  0.81420735E+000
  0.81420849E+000
  0.81420964E+000
  0.81421081E+000
  0.81421200E+000
  0.81421320E+000
  0.81421442E+000
  0.81421564E+000
  0.81421688E+000
  0.81421812E+000
  0.81421936E+000
  0.81422061E+000
  0.81422186E+000
  0.81422311E+000
  0.81422436E+000
  0.81422561E+000
  0.81422685E+000
  0.81422808E+000
  0.81422931E+000
  0.81423053E+000
  0.81423174E+000
  0.81423294E+000
  0.81423413E+000
  0.81423530E+000
  0.81423646E+000
  0.81423760E+000
  0.81423873E+000
  0.81423984E+000
  0.81424094E+000
  0.81424202E+000
  0.81424307E+000
  0.81424411E+000
  0.81424513E+000
  0.81424613E+000
  0.81424711E+000
  0.81424807E+000
  0.81424900E+000
  0.81424991E+000
  0.81425081E+000
  0.81425168E+000
