  0.15459347E+000  0.19725923E+000  0.37683619E+000  0.56780622E+000  0.91300448E+000  0.10476878E+001  0.15093461E+001  0.30288611E+001  0.49419099E+001  0.71533081E+001  0.11359344E+002
  0.15534636E+000  0.19819361E+000  0.37969222E+000  0.57360502E+000  0.91305431E+000  0.10478314E+001  0.15285801E+001  0.30814816E+001  0.49447450E+001  0.73572229E+001  0.11418434E+002
  0.15572425E+000  0.19989691E+000  0.38311605E+000  0.57751887E+000  0.91305844E+000  0.10479680E+001  0.15347676E+001  0.31342464E+001  0.49642007E+001  0.75513396E+001  0.11757936E+002
  0.15554773E+000  0.20081026E+000  0.38637643E+000  0.58321841E+000  0.91305801E+000  0.10480793E+001  0.15415826E+001  0.31963026E+001  0.49749079E+001  0.77263709E+001  0.12070392E+002
  0.15557538E+000  0.20151976E+000  0.38728483E+000  0.58740663E+000  0.91328100E+000  0.10517990E+001  0.15478047E+001  0.32508621E+001  0.49884501E+001  0.78960190E+001  0.12336949E+002
  0.15564188E+000  0.20211588E+000  0.38967986E+000  0.58912691E+000  0.91328926E+000  0.10519818E+001  0.15513527E+001  0.32972148E+001  0.49909757E+001  0.80231484E+001  0.12563385E+002
  0.15583022E+000  0.20226793E+000  0.39109532E+000  0.59092896E+000  0.91328439E+000  0.10520231E+001  0.15545408E+001  0.33366427E+001  0.49928408E+001  0.81500352E+001  0.12756006E+002
  0.15642904E+000  0.20267200E+000  0.39306760E+000  0.59361730E+000  0.91329433E+000  0.10522453E+001  0.15554454E+001  0.33701597E+001  0.49944540E+001  0.82467300E+001  0.12919722E+002
  0.15650943E+000  0.20291788E+000  0.39421315E+000  0.59431090E+000  0.91329925E+000  0.10523320E+001  0.15561367E+001  0.33986205E+001  0.49957339E+001  0.82909695E+001  0.13058842E+002
  0.15681035E+000  0.20344539E+000  0.39603424E+000  0.59505795E+000  0.91329326E+000  0.10523798E+001  0.15579360E+001  0.34224657E+001  0.49968948E+001  0.83030237E+001  0.13177092E+002
  0.15710536E+000  0.20357404E+000  0.39736403E+000  0.59568039E+000  0.91330532E+000  0.10524874E+001  0.15581794E+001  0.34313329E+001  0.49993230E+001  0.83510536E+001  0.13277285E+002
  0.15741731E+000  0.20380819E+000  0.39786989E+000  0.59616637E+000  0.91355567E+000  0.10525258E+001  0.15594751E+001  0.34403221E+001  0.50005214E+001  0.83913924E+001  0.13362631E+002
  0.15748175E+000  0.20448476E+000  0.39811871E+000  0.59718048E+000  0.91353651E+000  0.10525273E+001  0.15600778E+001  0.34456294E+001  0.50011964E+001  0.84297757E+001  0.13435136E+002
  0.15750316E+000  0.20458521E+000  0.39829095E+000  0.59787148E+000  0.91344370E+000  0.10525543E+001  0.15603570E+001  0.34513859E+001  0.50020865E+001  0.84621125E+001  0.13496698E+002
  0.15763361E+000  0.20477863E+000  0.39843101E+000  0.59824404E+000  0.91344640E+000  0.10526548E+001  0.15606382E+001  0.34544647E+001  0.50026390E+001  0.84897986E+001  0.13548944E+002
  0.15777180E+000  0.20478434E+000  0.39857809E+000  0.59855790E+000  0.91350746E+000  0.10526621E+001  0.15609927E+001  0.34548106E+001  0.50030280E+001  0.85137472E+001  0.13593258E+002
  0.15778115E+000  0.20480182E+000  0.39865551E+000  0.59878201E+000  0.91354507E+000  0.10526693E+001  0.15613608E+001  0.34548966E+001  0.50064704E+001  0.85320052E+001  0.13630803E+002
  0.15775799E+000  0.20484173E+000  0.39877759E+000  0.59922439E+000  0.91353844E+000  0.10526941E+001  0.15616030E+001  0.34547247E+001  0.50170074E+001  0.85470040E+001  0.13662650E+002
  0.15773863E+000  0.20486868E+000  0.39883783E+000  0.59963202E+000  0.91355240E+000  0.10526976E+001  0.15616744E+001  0.34546869E+001  0.50233187E+001  0.85648085E+001  0.13689417E+002
  0.15772081E+000  0.20486866E+000  0.39892010E+000  0.60001982E+000  0.91349496E+000  0.10527254E+001  0.15617584E+001  0.34544148E+001  0.50249656E+001  0.85751647E+001  0.13712131E+002
  0.15770570E+000  0.20488739E+000  0.39896898E+000  0.60011680E+000  0.91348890E+000  0.10527746E+001  0.15617779E+001  0.34551512E+001  0.50270226E+001  0.85863651E+001  0.13731093E+002
  0.15769291E+000  0.20488792E+000  0.39902383E+000  0.60040273E+000  0.91356232E+000  0.10527947E+001  0.15617873E+001  0.34561621E+001  0.50274117E+001  0.85949187E+001  0.13747064E+002
  0.15767882E+000  0.20491232E+000  0.39905923E+000  0.60070618E+000  0.91356789E+000  0.10527912E+001  0.15622336E+001  0.34575165E+001  0.50267527E+001  0.86021495E+001  0.13760414E+002
  0.15766078E+000  0.20494881E+000  0.39909417E+000  0.60095763E+000  0.91357131E+000  0.10527648E+001  0.15622280E+001  0.34574851E+001  0.50272015E+001  0.86081850E+001  0.13771527E+002
  0.15766212E+000  0.20496188E+000  0.39911224E+000  0.60096156E+000  0.91353706E+000  0.10527907E+001  0.15622596E+001  0.34576144E+001  0.50277153E+001  0.86133289E+001  0.13780817E+002
  0.15765143E+000  0.20495007E+000  0.39914378E+000  0.60104453E+000  0.91356286E+000  0.10528218E+001  0.15626096E+001  0.34580443E+001  0.50271821E+001  0.86161209E+001  0.13788317E+002
  0.15763167E+000  0.20495874E+000  0.39915795E+000  0.60112246E+000  0.91355118E+000  0.10528226E+001  0.15630893E+001  0.34584133E+001  0.50277054E+001  0.86191534E+001  0.13794523E+002
  0.15761298E+000  0.20494396E+000  0.39916911E+000  0.60114529E+000  0.91356847E+000  0.10528290E+001  0.15629561E+001  0.34586887E+001  0.50279623E+001  0.86222560E+001  0.13799560E+002
  0.15763009E+000  0.20496399E+000  0.39918401E+000  0.60099744E+000  0.91355524E+000  0.10528237E+001  0.15631124E+001  0.34589471E+001  0.50273456E+001  0.86242890E+001  0.13803612E+002
  0.15761137E+000  0.20493946E+000  0.39918299E+000  0.60110583E+000  0.91356866E+000  0.10528241E+001  0.15628844E+001  0.34591494E+001  0.50273868E+001  0.86261198E+001  0.13806834E+002
  0.15761057E+000  0.20493987E+000  0.39918653E+000  0.60117776E+000  0.91355906E+000  0.10528347E+001  0.15628485E+001  0.34592909E+001  0.50274230E+001  0.86275557E+001  0.13809360E+002
  0.15760981E+000  0.20494398E+000  0.39919605E+000  0.60113099E+000  0.91356004E+000  0.10528346E+001  0.15628118E+001  0.34593976E+001  0.50274552E+001  0.86286623E+001  0.13811307E+002
  0.15760908E+000  0.20496726E+000  0.39920303E+000  0.60117139E+000  0.91356053E+000  0.10528248E+001  0.15627825E+001  0.34594769E+001  0.50274841E+001  0.86294962E+001  0.13812774E+002
  0.15760837E+000  0.20496495E+000  0.39920812E+000  0.60120187E+000  0.91356059E+000  0.10528248E+001  0.15628125E+001  0.34595283E+001  0.50277426E+001  0.86301057E+001  0.13813847E+002
  0.15760769E+000  0.20496030E+000  0.39920677E+000  0.60122387E+000  0.91356030E+000  0.10528249E+001  0.15628473E+001  0.34595616E+001  0.50279817E+001  0.86305319E+001  0.13814597E+002
  0.15760702E+000  0.20494017E+000  0.39920952E+000  0.60121395E+000  0.91355972E+000  0.10528249E+001  0.15628791E+001  0.34595789E+001  0.50281330E+001  0.86308100E+001  0.13815086E+002
  0.15760637E+000  0.20493973E+000  0.39921077E+000  0.60121911E+000  0.91355889E+000  0.10528249E+001  0.15625036E+001  0.34595835E+001  0.50282167E+001  0.86309695E+001  0.13815367E+002
  0.15760573E+000  0.20493925E+000  0.39919783E+000  0.60122063E+000  0.91355787E+000  0.10528249E+001  0.15625044E+001  0.34595781E+001  0.50275978E+001  0.86310351E+001  0.13815482E+002
  0.15760510E+000  0.20493873E+000  0.39919647E+000  0.60121911E+000  0.91355668E+000  0.10528249E+001  0.15625019E+001  0.34595648E+001  0.50276171E+001  0.86310274E+001  0.13815468E+002
  0.15760448E+000  0.20493819E+000  0.39920794E+000  0.60121506E+000  0.91355537E+000  0.10528248E+001  0.15624967E+001  0.34595456E+001  0.50282143E+001  0.86309633E+001  0.13815355E+002
  0.15760387E+000  0.20493764E+000  0.39920544E+000  0.60120894E+000  0.91355396E+000  0.10528248E+001  0.15624897E+001  0.34595219E+001  0.50281663E+001  0.86308565E+001  0.13815166E+002
  0.15760327E+000  0.20496594E+000  0.39920243E+000  0.60120116E+000  0.91355247E+000  0.10528247E+001  0.15624812E+001  0.34594949E+001  0.50281080E+001  0.86307184E+001  0.13814923E+002
  0.15760268E+000  0.20495980E+000  0.39919902E+000  0.60121815E+000  0.91355093E+000  0.10528247E+001  0.15624717E+001  0.34594656E+001  0.50280446E+001  0.86305578E+001  0.13814639E+002
  0.15760210E+000  0.20496666E+000  0.39919531E+000  0.60120416E+000  0.91354934E+000  0.10528246E+001  0.15624614E+001  0.34594347E+001  0.50279802E+001  0.86303818E+001  0.13814328E+002
  0.15760152E+000  0.20496208E+000  0.39919905E+000  0.60118963E+000  0.91354774E+000  0.10528246E+001  0.15624508E+001  0.34595992E+001  0.50279176E+001  0.86301957E+001  0.13813999E+002
  0.15760095E+000  0.20495734E+000  0.39919586E+000  0.60117484E+000  0.91354612E+000  0.10528395E+001  0.15624399E+001  0.34595352E+001  0.50278591E+001  0.86300038E+001  0.13813660E+002
  0.15760038E+000  0.20495253E+000  0.39919271E+000  0.60115998E+000  0.91354449E+000  0.10528318E+001  0.15624289E+001  0.34594786E+001  0.50278060E+001  0.86298093E+001  0.13813316E+002
  0.15759983E+000  0.20494771E+000  0.39918952E+000  0.60114521E+000  0.91354287E+000  0.10528342E+001  0.15624179E+001  0.34594314E+001  0.50277817E+001  0.86296145E+001  0.13812972E+002
  0.15759928E+000  0.20496093E+000  0.39918634E+000  0.60113065E+000  0.91354126E+000  0.10528259E+001  0.15625669E+001  0.34593951E+001  0.50278004E+001  0.86294211E+001  0.13812630E+002
  0.15759874E+000  0.20495474E+000  0.39918936E+000  0.60111639E+000  0.91353966E+000  0.10528315E+001  0.15623109E+001  0.34592893E+001  0.50278193E+001  0.86292305E+001  0.13812292E+002
  0.15759822E+000  0.20494865E+000  0.39918466E+000  0.60110247E+000  0.91353809E+000  0.10528242E+001  0.15622957E+001  0.34595649E+001  0.50278384E+001  0.86290434E+001  0.13811961E+002
  0.15759770E+000  0.20494270E+000  0.39918000E+000  0.60108895E+000  0.91353654E+000  0.10528385E+001  0.15622819E+001  0.34594904E+001  0.50278576E+001  0.86288606E+001  0.13811637E+002
  0.15759720E+000  0.20493691E+000  0.39917541E+000  0.60107587E+000  0.91353503E+000  0.10528360E+001  0.15622693E+001  0.34594209E+001  0.50278771E+001  0.86286827E+001  0.13811321E+002
  0.15759670E+000  0.20493130E+000  0.39917101E+000  0.60106325E+000  0.91353354E+000  0.10528335E+001  0.15622579E+001  0.34593568E+001  0.50278968E+001  0.86285098E+001  0.13811014E+002
  0.15759622E+000  0.20493027E+000  0.39916815E+000  0.60105110E+000  0.91353210E+000  0.10528311E+001  0.15622477E+001  0.34592980E+001  0.50279167E+001  0.86283422E+001  0.13810716E+002
  0.15759576E+000  0.20492998E+000  0.39916537E+000  0.60103943E+000  0.91357077E+000  0.10528325E+001  0.15622385E+001  0.34592449E+001  0.50279367E+001  0.86281800E+001  0.13810428E+002
  0.15759530E+000  0.20492971E+000  0.39916268E+000  0.60102825E+000  0.91356338E+000  0.10528264E+001  0.15622303E+001  0.34592273E+001  0.50279570E+001  0.86280233E+001  0.13810149E+002
  0.15759487E+000  0.20492946E+000  0.39916009E+000  0.60101756E+000  0.91355620E+000  0.10528242E+001  0.15622231E+001  0.34592215E+001  0.50279775E+001  0.86278722E+001  0.13809880E+002
  0.15759445E+000  0.20492924E+000  0.39915760E+000  0.60100738E+000  0.91354924E+000  0.10528239E+001  0.15622725E+001  0.34592136E+001  0.50279983E+001  0.86277268E+001  0.13809621E+002
  0.15759404E+000  0.20492905E+000  0.39915521E+000  0.60099769E+000  0.91354252E+000  0.10528239E+001  0.15622641E+001  0.34592035E+001  0.50280192E+001  0.86275870E+001  0.13809372E+002
  0.15759365E+000  0.20492888E+000  0.39915294E+000  0.60098850E+000  0.91356983E+000  0.10528238E+001  0.15622560E+001  0.34591914E+001  0.50280405E+001  0.86274530E+001  0.13809132E+002
  0.15759327E+000  0.20492875E+000  0.39915077E+000  0.60097980E+000  0.91356228E+000  0.10528238E+001  0.15622481E+001  0.34591773E+001  0.50280620E+001  0.86273247E+001  0.13808903E+002
  0.15759291E+000  0.20492863E+000  0.39916959E+000  0.60097159E+000  0.91355504E+000  0.10528238E+001  0.15622406E+001  0.34591611E+001  0.50280837E+001  0.86272021E+001  0.13808684E+002
  0.15759257E+000  0.20492855E+000  0.39916854E+000  0.60096387E+000  0.91354811E+000  0.10528237E+001  0.15622336E+001  0.34591430E+001  0.50281058E+001  0.86270852E+001  0.13808474E+002
  0.15759224E+000  0.20492849E+000  0.39916574E+000  0.60095662E+000  0.91357323E+000  0.10528237E+001  0.15622495E+001  0.34591077E+001  0.50281282E+001  0.86269738E+001  0.13808274E+002
  0.15759192E+000  0.20492846E+000  0.39916309E+000  0.60094984E+000  0.91356733E+000  0.10528237E+001  0.15622429E+001  0.34590902E+001  0.50281510E+001  0.86268680E+001  0.13808084E+002
  0.15759162E+000  0.20492845E+000  0.39916057E+000  0.60094350E+000  0.91356171E+000  0.10528237E+001  0.15622367E+001  0.34590712E+001  0.50281693E+001  0.86267674E+001  0.13807903E+002
  0.15759133E+000  0.20492847E+000  0.39915820E+000  0.60093759E+000  0.91355637E+000  0.10528236E+001  0.15622311E+001  0.34591003E+001  0.50281826E+001  0.86266720E+001  0.13807731E+002
  0.15759105E+000  0.20492851E+000  0.39915595E+000  0.60093209E+000  0.91355129E+000  0.10528236E+001  0.15622259E+001  0.34591626E+001  0.50281962E+001  0.86265815E+001  0.13807567E+002
  0.15759078E+000  0.20492858E+000  0.39915384E+000  0.60092698E+000  0.91354647E+000  0.10528236E+001  0.15622213E+001  0.34592345E+001  0.50282101E+001  0.86264956E+001  0.13807412E+002
  0.15759053E+000  0.20492866E+000  0.39915184E+000  0.60092223E+000  0.91354189E+000  0.10528363E+001  0.15621881E+001  0.34593080E+001  0.50282243E+001  0.86264140E+001  0.13807264E+002
  0.15759028E+000  0.20492877E+000  0.39914997E+000  0.60091781E+000  0.91353752E+000  0.10528336E+001  0.15621780E+001  0.34593831E+001  0.50282388E+001  0.86263363E+001  0.13807123E+002
  0.15759003E+000  0.20492889E+000  0.39914834E+000  0.60091370E+000  0.91357052E+000  0.10528310E+001  0.15621683E+001  0.34594601E+001  0.50282536E+001  0.86262622E+001  0.13806988E+002
  0.15758980E+000  0.20492903E+000  0.39914681E+000  0.60090986E+000  0.91356699E+000  0.10528285E+001  0.15621590E+001  0.34595388E+001  0.50282689E+001  0.86261913E+001  0.13806858E+002
  0.15758957E+000  0.20492919E+000  0.39914535E+000  0.60090627E+000  0.91356360E+000  0.10528260E+001  0.15621501E+001  0.34596194E+001  0.50282845E+001  0.86261232E+001  0.13806734E+002
  0.15758935E+000  0.20492936E+000  0.39914396E+000  0.60090289E+000  0.91356034E+000  0.10528236E+001  0.15621415E+001  0.34596602E+001  0.50283004E+001  0.86260576E+001  0.13806613E+002
  0.15758913E+000  0.20492955E+000  0.39914264E+000  0.60089971E+000  0.91355720E+000  0.10528235E+001  0.15621331E+001  0.34600935E+001  0.50283167E+001  0.86259942E+001  0.13806497E+002
  0.15758892E+000  0.20492975E+000  0.39914138E+000  0.60089670E+000  0.91355414E+000  0.10528235E+001  0.15621249E+001  0.34602824E+001  0.50283335E+001  0.86259326E+001  0.13806383E+002
  0.15758871E+000  0.20492995E+000  0.39914017E+000  0.60089384E+000  0.91355118E+000  0.10528235E+001  0.15621169E+001  0.34604759E+001  0.50283506E+001  0.86258725E+001  0.13806273E+002
  0.15758851E+000  0.20493017E+000  0.39913902E+000  0.60089112E+000  0.91354829E+000  0.10528235E+001  0.15621091E+001  0.34607441E+001  0.50283680E+001  0.86258139E+001  0.13806164E+002
  0.15758832E+000  0.20493040E+000  0.39913791E+000  0.60088851E+000  0.91354547E+000  0.10528235E+001  0.15621015E+001  0.34607365E+001  0.50283858E+001  0.86257565E+001  0.13806058E+002
  0.15758812E+000  0.20493063E+000  0.39913685E+000  0.60088601E+000  0.91354271E+000  0.10528235E+001  0.15620940E+001  0.34607299E+001  0.50284040E+001  0.86257003E+001  0.13805953E+002
  0.15758794E+000  0.20493087E+000  0.39913583E+000  0.60088361E+000  0.91354001E+000  0.10528235E+001  0.15620866E+001  0.34607244E+001  0.50284226E+001  0.86256452E+001  0.13805850E+002
  0.15758776E+000  0.20493112E+000  0.39913486E+000  0.60088131E+000  0.91353737E+000  0.10528235E+001  0.15620793E+001  0.34607141E+001  0.50284415E+001  0.86255912E+001  0.13805750E+002
  0.15758758E+000  0.20493137E+000  0.39913393E+000  0.60087911E+000  0.91353480E+000  0.10528235E+001  0.15622058E+001  0.34607069E+001  0.50284607E+001  0.86255383E+001  0.13805651E+002
  0.15758741E+000  0.20493163E+000  0.39913305E+000  0.60087701E+000  0.91353229E+000  0.10528234E+001  0.15622089E+001  0.34606999E+001  0.50284802E+001  0.86254867E+001  0.13805554E+002
  0.15758725E+000  0.20493189E+000  0.39913222E+000  0.60087501E+000  0.91352985E+000  0.10528234E+001  0.15622121E+001  0.34606930E+001  0.50285001E+001  0.86254365E+001  0.13805459E+002
  0.15758709E+000  0.20493216E+000  0.39913144E+000  0.60087312E+000  0.91352748E+000  0.10528234E+001  0.15622154E+001  0.34606864E+001  0.50285202E+001  0.86253877E+001  0.13805367E+002
  0.15758695E+000  0.20493243E+000  0.39913071E+000  0.60087134E+000  0.91352519E+000  0.10528234E+001  0.15622187E+001  0.34606800E+001  0.50285407E+001  0.86253405E+001  0.13805277E+002
  0.15758681E+000  0.20495835E+000  0.39913003E+000  0.60086967E+000  0.91352299E+000  0.10528234E+001  0.15622220E+001  0.34606738E+001  0.50285614E+001  0.86252950E+001  0.13805191E+002
  0.15758667E+000  0.20495762E+000  0.39912941E+000  0.60086812E+000  0.91352124E+000  0.10528234E+001  0.15622255E+001  0.34606679E+001  0.50285824E+001  0.86252513E+001  0.13805107E+002
  0.15758655E+000  0.20495693E+000  0.39912883E+000  0.60087062E+000  0.91352124E+000  0.10528234E+001  0.15622289E+001  0.34606623E+001  0.50286037E+001  0.86252095E+001  0.13805027E+002
  0.15758643E+000  0.20495630E+000  0.39912831E+000  0.60087455E+000  0.91352124E+000  0.10528234E+001  0.15622325E+001  0.34606570E+001  0.50286252E+001  0.86251698E+001  0.13804950E+002
  0.15758632E+000  0.20495571E+000  0.39912785E+000  0.60087861E+000  0.91352124E+000  0.10528234E+001  0.15622360E+001  0.34606520E+001  0.50286470E+001  0.86251322E+001  0.13804876E+002
  0.15758622E+000  0.20495516E+000  0.39912743E+000  0.60088279E+000  0.91352124E+000  0.10528234E+001  0.15622397E+001  0.34606473E+001  0.50286691E+001  0.86250967E+001  0.13804807E+002
  0.15758613E+000  0.20495467E+000  0.39912707E+000  0.60088709E+000  0.91352125E+000  0.10528234E+001  0.15622433E+001  0.34606429E+001  0.50286914E+001  0.86250634E+001  0.13804741E+002
  0.15758604E+000  0.20495422E+000  0.39912676E+000  0.60089150E+000  0.91352126E+000  0.10528328E+001  0.15622471E+001  0.34606389E+001  0.50287140E+001  0.86250323E+001  0.13804678E+002
  0.15758596E+000  0.20495380E+000  0.39912650E+000  0.60089601E+000  0.91352128E+000  0.10528293E+001  0.15622508E+001  0.34606351E+001  0.50287369E+001  0.86250033E+001  0.13804620E+002
  0.15758589E+000  0.20495343E+000  0.39912628E+000  0.60090061E+000  0.91352130E+000  0.10528260E+001  0.15622546E+001  0.34606318E+001  0.50287600E+001  0.86249766E+001  0.13804565E+002
  0.15758582E+000  0.20495310E+000  0.39912611E+000  0.60090531E+000  0.91352132E+000  0.10528234E+001  0.15622584E+001  0.34606287E+001  0.50287834E+001  0.86249519E+001  0.13804513E+002
  0.15758576E+000  0.20495280E+000  0.39912598E+000  0.60091009E+000  0.91352134E+000  0.10528235E+001  0.15622623E+001  0.34606259E+001  0.50288166E+001  0.86249294E+001  0.13804465E+002
  0.15758571E+000  0.20495254E+000  0.39912589E+000  0.60091494E+000  0.91352137E+000  0.10528235E+001  0.15622662E+001  0.34606235E+001  0.50288588E+001  0.86249088E+001  0.13804421E+002
  0.15758566E+000  0.20495230E+000  0.39912584E+000  0.60091986E+000  0.91352140E+000  0.10528235E+001  0.15622701E+001  0.34606214E+001  0.50289006E+001  0.86248902E+001  0.13804379E+002
  0.15758562E+000  0.20495210E+000  0.39912582E+000  0.60092484E+000  0.91352143E+000  0.10528235E+001  0.15622741E+001  0.34606195E+001  0.50289421E+001  0.86248735E+001  0.13804341E+002
  0.15758558E+000  0.20495192E+000  0.39912584E+000  0.60092988E+000  0.91352146E+000  0.10528235E+001  0.15622781E+001  0.34606180E+001  0.50296996E+001  0.86248586E+001  0.13804306E+002
  0.15758555E+000  0.20495176E+000  0.39912588E+000  0.60093496E+000  0.91352150E+000  0.10528235E+001  0.15622821E+001  0.34606167E+001  0.50297105E+001  0.86248454E+001  0.13804274E+002
  0.15758552E+000  0.20495163E+000  0.39912596E+000  0.60094007E+000  0.91352153E+000  0.10528235E+001  0.15622861E+001  0.34606227E+001  0.50297236E+001  0.86248338E+001  0.13804244E+002
  0.15761948E+000  0.20495152E+000  0.39912605E+000  0.60094522E+000  0.91352157E+000  0.10528235E+001  0.15622902E+001  0.34606300E+001  0.50297390E+001  0.86248238E+001  0.13804217E+002
  0.15761925E+000  0.20495143E+000  0.39912617E+000  0.60095038E+000  0.91352161E+000  0.10528235E+001  0.15622942E+001  0.34606379E+001  0.50297563E+001  0.86248153E+001  0.13804192E+002
  0.15761903E+000  0.20495135E+000  0.39912631E+000  0.60095556E+000  0.91352165E+000  0.10528235E+001  0.15622983E+001  0.34606464E+001  0.50297755E+001  0.86248081E+001  0.13804169E+002
  0.15761884E+000  0.20495129E+000  0.39912647E+000  0.60096075E+000  0.91352170E+000  0.10528235E+001  0.15623024E+001  0.34606554E+001  0.50297963E+001  0.86248022E+001  0.13804148E+002
  0.15761866E+000  0.20495124E+000  0.39912665E+000  0.60096594E+000  0.91352174E+000  0.10528235E+001  0.15623065E+001  0.34606649E+001  0.50298187E+001  0.86247976E+001  0.13804130E+002
  0.15761850E+000  0.20495120E+000  0.39912684E+000  0.60098993E+000  0.91352178E+000  0.10528235E+001  0.15623106E+001  0.34606748E+001  0.50298425E+001  0.86247942E+001  0.13804113E+002
  0.15761835E+000  0.20495118E+000  0.39912704E+000  0.60098937E+000  0.91352183E+000  0.10528235E+001  0.15623147E+001  0.34606851E+001  0.50298676E+001  0.86247918E+001  0.13804097E+002
  0.15761822E+000  0.20495116E+000  0.39912725E+000  0.60098886E+000  0.91352187E+000  0.10528235E+001  0.15623188E+001  0.34606957E+001  0.50298939E+001  0.86247904E+001  0.13804084E+002
  0.15761811E+000  0.20495115E+000  0.39912747E+000  0.60098842E+000  0.91352192E+000  0.10528235E+001  0.15623229E+001  0.34607067E+001  0.50299212E+001  0.86247901E+001  0.13804071E+002
  0.15761800E+000  0.20495115E+000  0.39912770E+000  0.60098803E+000  0.91352197E+000  0.10528235E+001  0.15623270E+001  0.34607178E+001  0.50299494E+001  0.86247906E+001  0.13804060E+002
  0.15761791E+000  0.20495116E+000  0.39912793E+000  0.60098867E+000  0.91352201E+000  0.10528235E+001  0.15623311E+001  0.34607293E+001  0.50299785E+001  0.86247919E+001  0.13804051E+002
  0.15761783E+000  0.20495117E+000  0.39912816E+000  0.60098957E+000  0.91352206E+000  0.10528235E+001  0.15623351E+001  0.34607409E+001  0.50300084E+001  0.86247941E+001  0.13804042E+002
  0.15761776E+000  0.20495119E+000  0.39912840E+000  0.60099048E+000  0.91352211E+000  0.10528235E+001  0.15623392E+001  0.34607527E+001  0.50300390E+001  0.86247969E+001  0.13804034E+002
  0.15761769E+000  0.20495121E+000  0.39912864E+000  0.60099141E+000  0.91352215E+000  0.10528235E+001  0.15623432E+001  0.34607646E+001  0.50300702E+001  0.86248005E+001  0.13804028E+002
  0.15761764E+000  0.20495123E+000  0.39912888E+000  0.60099234E+000  0.91352220E+000  0.10528235E+001  0.15623472E+001  0.34607766E+001  0.50303860E+001  0.86248046E+001  0.13804022E+002
  0.15761759E+000  0.20495126E+000  0.39912912E+000  0.60099328E+000  0.91352225E+000  0.10528235E+001  0.15623511E+001  0.34607888E+001  0.50310839E+001  0.86248094E+001  0.13804017E+002
  0.15761755E+000  0.20495129E+000  0.39912936E+000  0.60099423E+000  0.91352229E+000  0.10528235E+001  0.15623550E+001  0.34608025E+001  0.50310872E+001  0.86248147E+001  0.13804013E+002
  0.15761751E+000  0.20495132E+000  0.39912960E+000  0.60099517E+000  0.91352234E+000  0.10528235E+001  0.15623589E+001  0.34608683E+001  0.50310910E+001  0.86248205E+001  0.13804009E+002
  0.15761748E+000  0.20495135E+000  0.39912984E+000  0.60099611E+000  0.91352238E+000  0.10528235E+001  0.15623628E+001  0.34609039E+001  0.50310950E+001  0.86248268E+001  0.13804006E+002
  0.15761746E+000  0.20495139E+000  0.39913007E+000  0.60099705E+000  0.91352243E+000  0.10528235E+001  0.15623665E+001  0.34609397E+001  0.50310993E+001  0.86248336E+001  0.13804004E+002
  0.15761744E+000  0.20495142E+000  0.39913029E+000  0.60099797E+000  0.91352247E+000  0.10528235E+001  0.15623703E+001  0.34609754E+001  0.50312630E+001  0.86248407E+001  0.13804001E+002
  0.15761742E+000  0.20495146E+000  0.39913052E+000  0.60099888E+000  0.91352251E+000  0.10528235E+001  0.15623740E+001  0.34610111E+001  0.50312722E+001  0.86248482E+001  0.13804000E+002
  0.15761741E+000  0.20495149E+000  0.39913073E+000  0.60099978E+000  0.91352256E+000  0.10528235E+001  0.15623776E+001  0.34610467E+001  0.50312817E+001  0.86248560E+001  0.13803999E+002
  0.15761740E+000  0.20495153E+000  0.39913095E+000  0.60100067E+000  0.91352260E+000  0.10528236E+001  0.15623812E+001  0.34611429E+001  0.50312914E+001  0.86248642E+001  0.13803998E+002
  0.15761739E+000  0.20495156E+000  0.39913115E+000  0.60100153E+000  0.91352264E+000  0.10528236E+001  0.15623847E+001  0.34612661E+001  0.50313013E+001  0.86248726E+001  0.13803997E+002
  0.15761738E+000  0.20495160E+000  0.39913135E+000  0.60100238E+000  0.91352268E+000  0.10528236E+001  0.15623881E+001  0.34614389E+001  0.50313113E+001  0.86248813E+001  0.13803997E+002
  0.15761738E+000  0.20495163E+000  0.39913155E+000  0.60100321E+000  0.91352272E+000  0.10528236E+001  0.15623915E+001  0.34615799E+001  0.50313214E+001  0.86248903E+001  0.13803997E+002
  0.15761738E+000  0.20495166E+000  0.39913174E+000  0.60100402E+000  0.91352276E+000  0.10528236E+001  0.15623948E+001  0.34616013E+001  0.50313316E+001  0.86248994E+001  0.13803997E+002
  0.15761738E+000  0.20495170E+000  0.39913192E+000  0.60100480E+000  0.91352279E+000  0.10528236E+001  0.15623980E+001  0.34617253E+001  0.50313418E+001  0.86249088E+001  0.13803998E+002
  0.15761738E+000  0.20495173E+000  0.39913209E+000  0.60100557E+000  0.91352283E+000  0.10528236E+001  0.15624012E+001  0.34620720E+001  0.50313520E+001  0.86249183E+001  0.13803998E+002
  0.15761739E+000  0.20495176E+000  0.39913226E+000  0.60100631E+000  0.91352287E+000  0.10528236E+001  0.15624043E+001  0.34623429E+001  0.50313792E+001  0.86249280E+001  0.13803999E+002
  0.15761739E+000  0.20495179E+000  0.39913243E+000  0.60100703E+000  0.91352290E+000  0.10528236E+001  0.15624073E+001  0.34626055E+001  0.50314016E+001  0.86249378E+001  0.13804000E+002
  0.15761739E+000  0.20495182E+000  0.39913258E+000  0.60100772E+000  0.91352293E+000  0.10528236E+001  0.15624102E+001  0.34626167E+001  0.50314238E+001  0.86249477E+001  0.13804001E+002
  0.15761740E+000  0.20495185E+000  0.39913274E+000  0.60100839E+000  0.91352297E+000  0.10528236E+001  0.15624131E+001  0.34626278E+001  0.50314460E+001  0.86249578E+001  0.13804002E+002
  0.15761741E+000  0.20495187E+000  0.39913288E+000  0.60100904E+000  0.91352300E+000  0.10528236E+001  0.15624158E+001  0.34626389E+001  0.50314681E+001  0.86249679E+001  0.13804003E+002
  0.15761741E+000  0.20495190E+000  0.39913302E+000  0.60100966E+000  0.91352303E+000  0.10528236E+001  0.15624185E+001  0.34628807E+001  0.50314901E+001  0.86249781E+001  0.13804004E+002
  0.15761742E+000  0.20495193E+000  0.39913315E+000  0.60101026E+000  0.91352306E+000  0.10528236E+001  0.15624212E+001  0.34629646E+001  0.50315119E+001  0.86249884E+001  0.13804005E+002
  0.15761743E+000  0.20495195E+000  0.39913328E+000  0.60101084E+000  0.91352309E+000  0.10528236E+001  0.15624237E+001  0.34630475E+001  0.50315335E+001  0.86249987E+001  0.13804006E+002
  0.15761744E+000  0.20495197E+000  0.39913340E+000  0.60101139E+000  0.91352311E+000  0.10528236E+001  0.15624261E+001  0.34630923E+001  0.50315549E+001  0.86250090E+001  0.13804008E+002
  0.15761745E+000  0.20495199E+000  0.39913351E+000  0.60101192E+000  0.91352314E+000  0.10528236E+001  0.15624285E+001  0.34630991E+001  0.50315762E+001  0.86250194E+001  0.13804009E+002
  0.15761746E+000  0.20495202E+000  0.39913362E+000  0.60101243E+000  0.91352316E+000  0.10528236E+001  0.15624308E+001  0.34631058E+001  0.50315973E+001  0.86250297E+001  0.13804011E+002
  0.15761746E+000  0.20495204E+000  0.39913373E+000  0.60101292E+000  0.91352319E+000  0.10528236E+001  0.15624330E+001  0.34631123E+001  0.50316184E+001  0.86250401E+001  0.13804012E+002
  0.15761747E+000  0.20495205E+000  0.39913383E+000  0.60101338E+000  0.91352321E+000  0.10528236E+001  0.15624352E+001  0.34632706E+001  0.50316446E+001  0.86250504E+001  0.13804013E+002
  0.15761748E+000  0.20495207E+000  0.39913392E+000  0.60101382E+000  0.91352323E+000  0.10528236E+001  0.15624372E+001  0.34632830E+001  0.50316706E+001  0.86250608E+001  0.13804015E+002
  0.15761749E+000  0.20495209E+000  0.39913401E+000  0.60101425E+000  0.91352326E+000  0.10528236E+001  0.15624392E+001  0.34632951E+001  0.50316962E+001  0.86250711E+001  0.13804016E+002
  0.15761750E+000  0.20495211E+000  0.39913410E+000  0.60101465E+000  0.91352328E+000  0.10528236E+001  0.15624411E+001  0.34633069E+001  0.50317216E+001  0.86250813E+001  0.13804018E+002
  0.15761750E+000  0.20495212E+000  0.39913418E+000  0.60101503E+000  0.91352330E+000  0.10528236E+001  0.15624430E+001  0.34633411E+001  0.50317466E+001  0.86250916E+001  0.13804019E+002
  0.15761751E+000  0.20495214E+000  0.39913426E+000  0.60101540E+000  0.91352331E+000  0.10528236E+001  0.15624449E+001  0.34634759E+001  0.50317713E+001  0.86251017E+001  0.13804020E+002
  0.15761752E+000  0.20495215E+000  0.39913433E+000  0.60101574E+000  0.91352333E+000  0.10528236E+001  0.15624466E+001  0.34636079E+001  0.50317957E+001  0.86251118E+001  0.13804022E+002
  0.15761753E+000  0.20495217E+000  0.39913440E+000  0.60101607E+000  0.91352335E+000  0.10528236E+001  0.15624483E+001  0.34637372E+001  0.50318197E+001  0.86251218E+001  0.13804023E+002
  0.15761754E+000  0.20495218E+000  0.39913446E+000  0.60101639E+000  0.91352337E+000  0.10528236E+001  0.15624500E+001  0.34638637E+001  0.50318434E+001  0.86251318E+001  0.13804024E+002
  0.15761754E+000  0.20495219E+000  0.39913453E+000  0.60101668E+000  0.91352338E+000  0.10528236E+001  0.15624515E+001  0.34641644E+001  0.50318667E+001  0.86251416E+001  0.13804026E+002
  0.15761755E+000  0.20495220E+000  0.39913458E+000  0.60101697E+000  0.91352340E+000  0.10528236E+001  0.15624530E+001  0.34644455E+001  0.50318927E+001  0.86251514E+001  0.13804027E+002
  0.15761756E+000  0.20495222E+000  0.39913464E+000  0.60101723E+000  0.91352341E+000  0.10528236E+001  0.15624544E+001  0.34645852E+001  0.50319198E+001  0.86251610E+001  0.13804028E+002
  0.15761756E+000  0.20495223E+000  0.39913469E+000  0.60101748E+000  0.91352342E+000  0.10528236E+001  0.15624558E+001  0.34647214E+001  0.50319464E+001  0.86251706E+001  0.13804030E+002
  0.15761757E+000  0.20495224E+000  0.39913474E+000  0.60101772E+000  0.91352344E+000  0.10528236E+001  0.15624571E+001  0.34648541E+001  0.50319725E+001  0.86251800E+001  0.13804031E+002
  0.15761758E+000  0.20495225E+000  0.39913479E+000  0.60101795E+000  0.91352345E+000  0.10528236E+001  0.15624583E+001  0.34649722E+001  0.50319981E+001  0.86251893E+001  0.13804032E+002
  0.15761758E+000  0.20495225E+000  0.39913483E+000  0.60101816E+000  0.91352346E+000  0.10528236E+001  0.15624595E+001  0.34650831E+001  0.50320232E+001  0.86251985E+001  0.13804033E+002
  0.15761759E+000  0.20495226E+000  0.39913487E+000  0.60101836E+000  0.91352347E+000  0.10528236E+001  0.15624606E+001  0.34651908E+001  0.50320478E+001  0.86252075E+001  0.13804034E+002
  0.15761759E+000  0.20495227E+000  0.39913491E+000  0.60101855E+000  0.91352348E+000  0.10528236E+001  0.15624617E+001  0.34652955E+001  0.50320718E+001  0.86252165E+001  0.13804036E+002
  0.15761760E+000  0.20495228E+000  0.39913495E+000  0.60101873E+000  0.91352349E+000  0.10528236E+001  0.15624627E+001  0.34653971E+001  0.50320953E+001  0.86252253E+001  0.13804037E+002
  0.15761760E+000  0.20495229E+000  0.39913498E+000  0.60101890E+000  0.91352350E+000  0.10528236E+001  0.15624636E+001  0.34667402E+001  0.50321183E+001  0.86252339E+001  0.13804038E+002
  0.15761761E+000  0.20495229E+000  0.39913501E+000  0.60101906E+000  0.91352351E+000  0.10528236E+001  0.15624646E+001  0.34669414E+001  0.50322095E+001  0.86252424E+001  0.13804039E+002
  0.15761761E+000  0.20495230E+000  0.39913504E+000  0.60101921E+000  0.91352352E+000  0.10528236E+001  0.15624654E+001  0.34669840E+001  0.50322907E+001  0.86252507E+001  0.13804040E+002
  0.15761762E+000  0.20495231E+000  0.39913507E+000  0.60101935E+000  0.91352352E+000  0.10528236E+001  0.15624662E+001  0.34670252E+001  0.50323010E+001  0.86252589E+001  0.13804041E+002
  0.15761762E+000  0.20495231E+000  0.39913510E+000  0.60101948E+000  0.91352353E+000  0.10528236E+001  0.15624670E+001  0.34670650E+001  0.50323110E+001  0.86252669E+001  0.13804042E+002
  0.15761762E+000  0.20495232E+000  0.39913512E+000  0.60101960E+000  0.91352354E+000  0.10528236E+001  0.15624678E+001  0.34671034E+001  0.50323208E+001  0.86252748E+001  0.13804043E+002
  0.15761763E+000  0.20495232E+000  0.39913515E+000  0.60101972E+000  0.91352354E+000  0.10528236E+001  0.15624685E+001  0.34684261E+001  0.50323303E+001  0.86252825E+001  0.13804044E+002
  0.15761763E+000  0.20495233E+000  0.39913517E+000  0.60101983E+000  0.91352355E+000  0.10528236E+001  0.15624691E+001  0.34684298E+001  0.50323395E+001  0.86252901E+001  0.13804045E+002
  0.15761764E+000  0.20495233E+000  0.39913519E+000  0.60101993E+000  0.91352356E+000  0.10528236E+001  0.15624697E+001  0.34684333E+001  0.50323485E+001  0.86252975E+001  0.13804046E+002
  0.15761764E+000  0.20495234E+000  0.39913521E+000  0.60102003E+000  0.91352356E+000  0.10528236E+001  0.15624703E+001  0.34684368E+001  0.50323572E+001  0.86253047E+001  0.13804047E+002
  0.15761764E+000  0.20495234E+000  0.39913523E+000  0.60102012E+000  0.91352357E+000  0.10528236E+001  0.15624709E+001  0.34684401E+001  0.50323656E+001  0.86253117E+001  0.13804048E+002
  0.15761764E+000  0.20495234E+000  0.39913524E+000  0.60102021E+000  0.91352357E+000  0.10528236E+001  0.15624714E+001  0.34684432E+001  0.50323738E+001  0.86253186E+001  0.13804048E+002
  0.15761765E+000  0.20495235E+000  0.39913526E+000  0.60102029E+000  0.91352358E+000  0.10528236E+001  0.15624719E+001  0.34684463E+001  0.50323817E+001  0.86253253E+001  0.13804049E+002
  0.15761765E+000  0.20495235E+000  0.39913527E+000  0.60102036E+000  0.91352358E+000  0.10528236E+001  0.15624724E+001  0.34684492E+001  0.50323899E+001  0.86253319E+001  0.13804050E+002
  0.15761765E+000  0.20495236E+000  0.39913529E+000  0.60102043E+000  0.91352359E+000  0.10528236E+001  0.15624728E+001  0.34684520E+001  0.50324111E+001  0.86253382E+001  0.13804051E+002
  0.15761765E+000  0.20495236E+000  0.39913530E+000  0.60102050E+000  0.91352359E+000  0.10528236E+001  0.15624732E+001  0.34684547E+001  0.50324315E+001  0.86253444E+001  0.13804051E+002
  0.15761766E+000  0.20495236E+000  0.39913531E+000  0.60102056E+000  0.91352359E+000  0.10528236E+001  0.15624736E+001  0.34684572E+001  0.50324512E+001  0.86253504E+001  0.13804052E+002
  0.15761766E+000  0.20495236E+000  0.39913533E+000  0.60102062E+000  0.91352360E+000  0.10528236E+001  0.15624740E+001  0.34684597E+001  0.50324702E+001  0.86253563E+001  0.13804053E+002
  0.15761766E+000  0.20495237E+000  0.39913534E+000  0.60102067E+000  0.91352360E+000  0.10528236E+001  0.15624743E+001  0.34684620E+001  0.50324885E+001  0.86253620E+001  0.13804054E+002
  0.15761766E+000  0.20495237E+000  0.39913535E+000  0.60102072E+000  0.91352360E+000  0.10528236E+001  0.15624746E+001  0.34684643E+001  0.50325062E+001  0.86253675E+001  0.13804054E+002
  0.15761766E+000  0.20495237E+000  0.39913536E+000  0.60102077E+000  0.91352360E+000  0.10528236E+001  0.15624749E+001  0.34684664E+001  0.50325231E+001  0.86253728E+001  0.13804055E+002
  0.15761767E+000  0.20495237E+000  0.39913536E+000  0.60102081E+000  0.91352361E+000  0.10528236E+001  0.15624752E+001  0.34684684E+001  0.50325395E+001  0.86253780E+001  0.13804055E+002
  0.15761767E+000  0.20495238E+000  0.39913537E+000  0.60102085E+000  0.91352361E+000  0.10528236E+001  0.15624755E+001  0.34684704E+001  0.50325551E+001  0.86253830E+001  0.13804056E+002
  0.15761767E+000  0.20495238E+000  0.39913538E+000  0.60102089E+000  0.91352361E+000  0.10528236E+001  0.15624757E+001  0.34684722E+001  0.50325702E+001  0.86253878E+001  0.13804057E+002
  0.15761767E+000  0.20495238E+000  0.39913539E+000  0.60102093E+000  0.91352361E+000  0.10528236E+001  0.15624760E+001  0.34684740E+001  0.50325846E+001  0.86253925E+001  0.13804057E+002
  0.15761767E+000  0.20495238E+000  0.39913539E+000  0.60102096E+000  0.91352362E+000  0.10528236E+001  0.15624762E+001  0.34684757E+001  0.50325985E+001  0.86253970E+001  0.13804058E+002
  0.15761767E+000  0.20495238E+000  0.39913540E+000  0.60102099E+000  0.91352362E+000  0.10528236E+001  0.15624764E+001  0.34684773E+001  0.50326117E+001  0.86254014E+001  0.13804058E+002
  0.15761767E+000  0.20495238E+000  0.39913541E+000  0.60102102E+000  0.91352362E+000  0.10528236E+001  0.15624766E+001  0.34684788E+001  0.50326244E+001  0.86254056E+001  0.13804059E+002
  0.15761767E+000  0.20495238E+000  0.39913541E+000  0.60102105E+000  0.91352362E+000  0.10528236E+001  0.15624768E+001  0.34684802E+001  0.50326365E+001  0.86254096E+001  0.13804059E+002
  0.15761767E+000  0.20495239E+000  0.39913542E+000  0.60102107E+000  0.91352362E+000  0.10528236E+001  0.15624769E+001  0.34684815E+001  0.50326484E+001  0.86254135E+001  0.13804059E+002
  0.15761767E+000  0.20495239E+000  0.39913542E+000  0.60102107E+000  0.91352362E+000  0.10528236E+001  0.15624771E+001  0.34684828E+001  0.50326610E+001  0.86254167E+001  0.13804059E+002
  0.15761766E+000  0.20495238E+000  0.39913543E+000  0.60102107E+000  0.91352363E+000  0.10528236E+001  0.15624773E+001  0.34684840E+001  0.50326731E+001  0.86254198E+001  0.13804058E+002
