 -0.82425784E+000 -0.64292783E+000 -0.27709757E+000 -0.66194338E-004  0.84044952E-001  0.17420486E+001  0.12076603E+002  0.59173148E+002  0.13400225E+003  0.34790536E+003  0.65682947E+003
 -0.82519509E+000 -0.64489431E+000 -0.27784466E+000 -0.70198947E-004  0.76885345E-001  0.17373436E+001  0.12055753E+002  0.59173026E+002  0.13400165E+003  0.34790428E+003  0.65682629E+003
 -0.82590366E+000 -0.64646052E+000 -0.27844159E+000 -0.72020017E-004  0.76828014E-001  0.17334605E+001  0.12038227E+002  0.59172995E+002  0.13400144E+003  0.34790373E+003  0.65682461E+003
 -0.82642532E+000 -0.64768578E+000 -0.27891374E+000 -0.72983357E-004  0.76784064E-001  0.17220815E+001  0.12023548E+002  0.59172989E+002  0.13400137E+003  0.34790345E+003  0.65682387E+003
 -0.82679829E+000 -0.64862539E+000 -0.27928296E+000 -0.73371425E-004  0.76266106E-001  0.17122500E+001  0.12011292E+002  0.59172992E+002  0.13400136E+003  0.34790331E+003  0.65682366E+003
 -0.82705494E+000 -0.64932860E+000 -0.27956743E+000 -0.73368571E-004  0.75754371E-001  0.17042692E+001  0.12001095E+002  0.59172998E+002  0.13400138E+003  0.34790324E+003  0.65682371E+003
 -0.82722168E+000 -0.64983822E+000 -0.27978197E+000 -0.73006207E-004  0.75697950E-001  0.16978522E+001  0.11996755E+002  0.59173004E+002  0.13400141E+003  0.34790322E+003  0.65682388E+003
 -0.82731993E+000 -0.65019063E+000 -0.27993868E+000 -0.72457434E-004  0.75659293E-001  0.16927555E+001  0.11993298E+002  0.59173010E+002  0.13400144E+003  0.34790322E+003  0.65682410E+003
 -0.82736655E+000 -0.65041682E+000 -0.28004758E+000 -0.71839078E-004  0.75634834E-001  0.16887725E+001  0.11990471E+002  0.59173015E+002  0.13400147E+003  0.34790324E+003  0.65682433E+003
 -0.82737453E+000 -0.65054194E+000 -0.28011695E+000 -0.71227176E-004  0.75621650E-001  0.16857283E+001  0.11988173E+002  0.59173020E+002  0.13400150E+003  0.34790325E+003  0.65682455E+003
 -0.82735398E+000 -0.65058665E+000 -0.28015367E+000 -0.70665441E-004  0.75617311E-001  0.16834755E+001  0.11986327E+002  0.59173024E+002  0.13400152E+003  0.34790327E+003  0.65682475E+003
 -0.82731266E+000 -0.65056783E+000 -0.28016344E+000 -0.70172890E-004  0.75619882E-001  0.16818904E+001  0.11984864E+002  0.59173028E+002  0.13400155E+003  0.34790329E+003  0.65682493E+003
 -0.82725651E+000 -0.65049923E+000 -0.28015103E+000 -0.69752150E-004  0.75627806E-001  0.16808692E+001  0.11983728E+002  0.59173031E+002  0.13400157E+003  0.34790331E+003  0.65682508E+003
 -0.82719008E+000 -0.65039203E+000 -0.28012042E+000 -0.69396773E-004  0.75639843E-001  0.16803253E+001  0.11982869E+002  0.59173034E+002  0.13400158E+003  0.34790333E+003  0.65682521E+003
 -0.82711681E+000 -0.65025526E+000 -0.28007494E+000 -0.69096617E-004  0.75655011E-001  0.16801856E+001  0.11982248E+002  0.59173036E+002  0.13400160E+003  0.34790335E+003  0.65682533E+003
 -0.82703931E+000 -0.65009618E+000 -0.28001739E+000 -0.68841130E-004  0.75672537E-001  0.16803887E+001  0.11981827E+002  0.59173038E+002  0.13400161E+003  0.34790336E+003  0.65682543E+003
 -0.82695951E+000 -0.64992064E+000 -0.27995010E+000 -0.68620879E-004  0.75691815E-001  0.16808830E+001  0.11981578E+002  0.59173040E+002  0.13400162E+003  0.34790337E+003  0.65682551E+003
 -0.82687886E+000 -0.64973332E+000 -0.27987505E+000 -0.68428174E-004  0.75712367E-001  0.16816242E+001  0.11981474E+002  0.59173042E+002  0.13400163E+003  0.34790338E+003  0.65682558E+003
 -0.82679837E+000 -0.64953790E+000 -0.27979389E+000 -0.68257078E-004  0.75733819E-001  0.16825749E+001  0.11981494E+002  0.59173043E+002  0.13400164E+003  0.34790339E+003  0.65682565E+003
 -0.82671878E+000 -0.64933734E+000 -0.27970803E+000 -0.68103150E-004  0.75755877E-001  0.16837029E+001  0.11981619E+002  0.59173045E+002  0.13400165E+003  0.34790340E+003  0.65682570E+003
 -0.82664060E+000 -0.64913395E+000 -0.27961865E+000 -0.67963118E-004  0.75871828E-001  0.16849805E+001  0.11981833E+002  0.59173046E+002  0.13400165E+003  0.34790341E+003  0.65682574E+003
 -0.82656419E+000 -0.64892957E+000 -0.27952677E+000 -0.67834589E-004  0.76033867E-001  0.16863835E+001  0.11982123E+002  0.59173047E+002  0.13400166E+003  0.34790342E+003  0.65682578E+003
 -0.82648974E+000 -0.64872560E+000 -0.27943324E+000 -0.67715804E-004  0.76195926E-001  0.16878912E+001  0.11982477E+002  0.59173048E+002  0.13400167E+003  0.34790343E+003  0.65682582E+003
 -0.82641740E+000 -0.64852312E+000 -0.27933880E+000 -0.67605455E-004  0.76357178E-001  0.16894853E+001  0.11982886E+002  0.59173049E+002  0.13400167E+003  0.34790343E+003  0.65682585E+003
 -0.82634720E+000 -0.64832293E+000 -0.27924405E+000 -0.67502559E-004  0.76516976E-001  0.16911501E+001  0.11983340E+002  0.59173049E+002  0.13400167E+003  0.34790344E+003  0.65682587E+003
 -0.82627914E+000 -0.64812563E+000 -0.27914954E+000 -0.67406353E-004  0.76674809E-001  0.16928714E+001  0.11983834E+002  0.59173050E+002  0.13400168E+003  0.34790344E+003  0.65682589E+003
 -0.82621317E+000 -0.64793161E+000 -0.27905571E+000 -0.67316239E-004  0.76775275E-001  0.16946372E+001  0.11984361E+002  0.59173051E+002  0.13400168E+003  0.34790345E+003  0.65682591E+003
 -0.82614921E+000 -0.64774113E+000 -0.27896296E+000 -0.67231728E-004  0.76781340E-001  0.16964366E+001  0.11984916E+002  0.59173051E+002  0.13400168E+003  0.34790345E+003  0.65682593E+003
 -0.82608715E+000 -0.64755435E+000 -0.27887160E+000 -0.67152417E-004  0.76787298E-001  0.16982602E+001  0.11985496E+002  0.59173052E+002  0.13400169E+003  0.34790346E+003  0.65682594E+003
 -0.82602687E+000 -0.64737132E+000 -0.27878193E+000 -0.67077963E-004  0.76793144E-001  0.17000996E+001  0.11986095E+002  0.59173052E+002  0.13400169E+003  0.34790346E+003  0.65682595E+003
 -0.82596822E+000 -0.64719204E+000 -0.27869418E+000 -0.67008069E-004  0.76798869E-001  0.17019475E+001  0.11986713E+002  0.59173053E+002  0.13400169E+003  0.34790346E+003  0.65682597E+003
 -0.82591108E+000 -0.64701645E+000 -0.27860856E+000 -0.66942471E-004  0.76804469E-001  0.17037975E+001  0.11987345E+002  0.59173053E+002  0.13400169E+003  0.34790347E+003  0.65682598E+003
 -0.82585528E+000 -0.64684449E+000 -0.27852524E+000 -0.66880934E-004  0.76809940E-001  0.17056443E+001  0.11987990E+002  0.59173053E+002  0.13400169E+003  0.34790347E+003  0.65682598E+003
 -0.82580069E+000 -0.64667604E+000 -0.27844436E+000 -0.66823239E-004  0.76815278E-001  0.17074829E+001  0.11988646E+002  0.59173054E+002  0.13400170E+003  0.34790347E+003  0.65682599E+003
 -0.82574717E+000 -0.64651102E+000 -0.27836606E+000 -0.66769185E-004  0.76820483E-001  0.17093093E+001  0.11989311E+002  0.59173054E+002  0.13400170E+003  0.34790348E+003  0.65682600E+003
 -0.82569458E+000 -0.64634933E+000 -0.27829043E+000 -0.66718581E-004  0.76825553E-001  0.17111200E+001  0.11989983E+002  0.59173055E+002  0.13400170E+003  0.34790348E+003  0.65682601E+003
 -0.82564280E+000 -0.64619088E+000 -0.27821754E+000 -0.66671247E-004  0.76830487E-001  0.17129120E+001  0.11990662E+002  0.59173055E+002  0.13400170E+003  0.34790348E+003  0.65682601E+003
 -0.82559172E+000 -0.64603562E+000 -0.27814747E+000 -0.66627009E-004  0.76835286E-001  0.17146827E+001  0.11991345E+002  0.59173055E+002  0.13400170E+003  0.34790349E+003  0.65682602E+003
 -0.82554125E+000 -0.64588350E+000 -0.27808025E+000 -0.66585700E-004  0.76839949E-001  0.17164299E+001  0.11992031E+002  0.59173056E+002  0.13400170E+003  0.34790349E+003  0.65682603E+003
 -0.82549131E+000 -0.64573452E+000 -0.27801592E+000 -0.66547158E-004  0.76844480E-001  0.17181516E+001  0.11992720E+002  0.59173056E+002  0.13400170E+003  0.34790349E+003  0.65682603E+003
 -0.82544183E+000 -0.64558869E+000 -0.27795450E+000 -0.66511227E-004  0.76848878E-001  0.17198462E+001  0.11993409E+002  0.59173056E+002  0.13400171E+003  0.34790350E+003  0.65682604E+003
 -0.82539278E+000 -0.64544606E+000 -0.27789600E+000 -0.66477756E-004  0.76853148E-001  0.17215120E+001  0.11994097E+002  0.59173057E+002  0.13400171E+003  0.34790350E+003  0.65682604E+003
 -0.82534415E+000 -0.64530671E+000 -0.27784041E+000 -0.66446601E-004  0.76857292E-001  0.17231476E+001  0.11994783E+002  0.59173057E+002  0.13400171E+003  0.34790350E+003  0.65682605E+003
 -0.82529594E+000 -0.64517072E+000 -0.27778771E+000 -0.66417620E-004  0.76861312E-001  0.17247514E+001  0.11995466E+002  0.59173058E+002  0.13400171E+003  0.34790351E+003  0.65682605E+003
 -0.82524817E+000 -0.64503825E+000 -0.27773789E+000 -0.66390681E-004  0.76865213E-001  0.17263222E+001  0.11996144E+002  0.59173058E+002  0.13400171E+003  0.34790351E+003  0.65682606E+003
 -0.82520091E+000 -0.64490942E+000 -0.27769091E+000 -0.66365657E-004  0.76868999E-001  0.17278585E+001  0.11996816E+002  0.59173058E+002  0.13400171E+003  0.34790351E+003  0.65682607E+003
 -0.82515422E+000 -0.64478440E+000 -0.27764672E+000 -0.66342427E-004  0.76872675E-001  0.17293590E+001  0.11997482E+002  0.59173059E+002  0.13400171E+003  0.34790352E+003  0.65682607E+003
 -0.82510820E+000 -0.64466337E+000 -0.27760528E+000 -0.66320878E-004  0.76876245E-001  0.17308224E+001  0.11998139E+002  0.59173059E+002  0.13400171E+003  0.34790352E+003  0.65682608E+003
 -0.82506296E+000 -0.64454651E+000 -0.27756654E+000 -0.66300905E-004  0.76879715E-001  0.17322475E+001  0.11998788E+002  0.59173060E+002  0.13400172E+003  0.34790352E+003  0.65682608E+003
 -0.82501862E+000 -0.64443398E+000 -0.27753041E+000 -0.66282407E-004  0.76883091E-001  0.17333356E+001  0.11999427E+002  0.59173060E+002  0.13400172E+003  0.34790353E+003  0.65682609E+003
 -0.82497532E+000 -0.64432597E+000 -0.27749684E+000 -0.66265292E-004  0.76886378E-001  0.17336871E+001  0.12000057E+002  0.59173061E+002  0.13400172E+003  0.34790353E+003  0.65682609E+003
 -0.82493320E+000 -0.64422262E+000 -0.27746574E+000 -0.66249475E-004  0.76889584E-001  0.17340277E+001  0.12000676E+002  0.59173061E+002  0.13400172E+003  0.34790353E+003  0.65682610E+003
 -0.82489239E+000 -0.64412407E+000 -0.27743704E+000 -0.66234873E-004  0.76892715E-001  0.17343572E+001  0.12001758E+002  0.59173061E+002  0.13400172E+003  0.34790354E+003  0.65682611E+003
 -0.82485304E+000 -0.64403045E+000 -0.27741063E+000 -0.66221413E-004  0.76895779E-001  0.17346755E+001  0.12002973E+002  0.59173062E+002  0.13400172E+003  0.34790354E+003  0.65682611E+003
 -0.82481527E+000 -0.64394184E+000 -0.27738642E+000 -0.66209025E-004  0.76898782E-001  0.17349825E+001  0.12004166E+002  0.59173062E+002  0.13400172E+003  0.34790354E+003  0.65682612E+003
 -0.82477919E+000 -0.64385831E+000 -0.27736432E+000 -0.66197642E-004  0.76947817E-001  0.17352780E+001  0.12005338E+002  0.59173063E+002  0.13400173E+003  0.34790355E+003  0.65682612E+003
 -0.82474491E+000 -0.64377988E+000 -0.27734422E+000 -0.66187203E-004  0.77206802E-001  0.17355621E+001  0.12006488E+002  0.59173063E+002  0.13400173E+003  0.34790355E+003  0.65682613E+003
 -0.82471251E+000 -0.64370654E+000 -0.27732602E+000 -0.66177648E-004  0.77462267E-001  0.17358349E+001  0.12007616E+002  0.59173064E+002  0.13400173E+003  0.34790355E+003  0.65682614E+003
 -0.82468202E+000 -0.64363827E+000 -0.27730961E+000 -0.66168921E-004  0.77714758E-001  0.17360965E+001  0.12008723E+002  0.59173064E+002  0.13400173E+003  0.34790356E+003  0.65682614E+003
 -0.82465350E+000 -0.64357498E+000 -0.27729488E+000 -0.66160968E-004  0.77964772E-001  0.17363470E+001  0.12009808E+002  0.59173065E+002  0.13400173E+003  0.34790356E+003  0.65682615E+003
 -0.82462694E+000 -0.64351658E+000 -0.27728173E+000 -0.66153736E-004  0.78212750E-001  0.17365867E+001  0.12010871E+002  0.59173065E+002  0.13400173E+003  0.34790356E+003  0.65682615E+003
 -0.82460232E+000 -0.64346292E+000 -0.27727004E+000 -0.66147176E-004  0.78459056E-001  0.17368160E+001  0.12011913E+002  0.59173066E+002  0.13400173E+003  0.34790357E+003  0.65682616E+003
 -0.82457961E+000 -0.64341385E+000 -0.27725972E+000 -0.66141240E-004  0.78703973E-001  0.17370352E+001  0.12012933E+002  0.59173066E+002  0.13400174E+003  0.34790357E+003  0.65682617E+003
 -0.82455873E+000 -0.64336917E+000 -0.27725065E+000 -0.66135879E-004  0.78947693E-001  0.17372447E+001  0.12013931E+002  0.59173067E+002  0.13400174E+003  0.34790357E+003  0.65682617E+003
 -0.82453961E+000 -0.64332869E+000 -0.27724274E+000 -0.66131051E-004  0.79190303E-001  0.17374450E+001  0.12014907E+002  0.59173067E+002  0.13400174E+003  0.34790358E+003  0.65682618E+003
 -0.82452215E+000 -0.64329217E+000 -0.27723589E+000 -0.66126712E-004  0.79431787E-001  0.17376365E+001  0.12015861E+002  0.59173068E+002  0.13400174E+003  0.34790358E+003  0.65682619E+003
 -0.82450624E+000 -0.64325939E+000 -0.27722999E+000 -0.66122821E-004  0.80021795E-001  0.17378198E+001  0.12016794E+002  0.59173068E+002  0.13400174E+003  0.34790358E+003  0.65682619E+003
 -0.82449176E+000 -0.64323010E+000 -0.27722497E+000 -0.66119341E-004  0.80630296E-001  0.17379953E+001  0.12017704E+002  0.59173069E+002  0.13400174E+003  0.34790359E+003  0.65682620E+003
 -0.82447859E+000 -0.64320407E+000 -0.27722074E+000 -0.66116234E-004  0.81234322E-001  0.17381637E+001  0.12018594E+002  0.59173069E+002  0.13400175E+003  0.34790359E+003  0.65682621E+003
 -0.82446660E+000 -0.64318104E+000 -0.27721721E+000 -0.66113467E-004  0.81832777E-001  0.17383254E+001  0.12019462E+002  0.59173070E+002  0.13400175E+003  0.34790360E+003  0.65682621E+003
 -0.82445569E+000 -0.64316079E+000 -0.27721430E+000 -0.66111008E-004  0.82424334E-001  0.17384809E+001  0.12020309E+002  0.59173070E+002  0.13400175E+003  0.34790360E+003  0.65682622E+003
 -0.82444573E+000 -0.64314308E+000 -0.27721196E+000 -0.66108830E-004  0.83007468E-001  0.17386307E+001  0.12021136E+002  0.59173071E+002  0.13400175E+003  0.34790360E+003  0.65682622E+003
 -0.82443663E+000 -0.64312771E+000 -0.27721010E+000 -0.66106907E-004  0.83580496E-001  0.17387753E+001  0.12021943E+002  0.59173071E+002  0.13400175E+003  0.34790361E+003  0.65682623E+003
 -0.82442829E+000 -0.64311447E+000 -0.27720868E+000 -0.66105216E-004  0.84015231E-001  0.17389151E+001  0.12022730E+002  0.59173072E+002  0.13400176E+003  0.34790361E+003  0.65682624E+003
 -0.82442062E+000 -0.64310317E+000 -0.27720764E+000 -0.66103736E-004  0.84040060E-001  0.17390504E+001  0.12023499E+002  0.59173072E+002  0.13400176E+003  0.34790361E+003  0.65682624E+003
 -0.82441355E+000 -0.64309365E+000 -0.27720694E+000 -0.66102450E-004  0.84064178E-001  0.17391816E+001  0.12024250E+002  0.59173073E+002  0.13400176E+003  0.34790362E+003  0.65682625E+003
 -0.82440704E+000 -0.64308575E+000 -0.27720653E+000 -0.66101339E-004  0.84087502E-001  0.17393090E+001  0.12024983E+002  0.59173073E+002  0.13400176E+003  0.34790362E+003  0.65682626E+003
 -0.82440101E+000 -0.64307932E+000 -0.27720638E+000 -0.66100388E-004  0.84109955E-001  0.17394327E+001  0.12025701E+002  0.59173074E+002  0.13400176E+003  0.34790363E+003  0.65682626E+003
 -0.82439545E+000 -0.64307422E+000 -0.27720645E+000 -0.66099583E-004  0.84131462E-001  0.17395531E+001  0.12026403E+002  0.59173074E+002  0.13400177E+003  0.34790363E+003  0.65682627E+003
 -0.82439030E+000 -0.64307033E+000 -0.27720671E+000 -0.66098910E-004  0.84151960E-001  0.17396702E+001  0.12027092E+002  0.59173075E+002  0.13400177E+003  0.34790364E+003  0.65682628E+003
 -0.82438556E+000 -0.64306753E+000 -0.27720714E+000 -0.66098355E-004  0.84171394E-001  0.17397841E+001  0.12027767E+002  0.59173075E+002  0.13400177E+003  0.34790364E+003  0.65682628E+003
 -0.82438119E+000 -0.64306571E+000 -0.27720770E+000 -0.66097905E-004  0.84189722E-001  0.17398950E+001  0.12028432E+002  0.59173076E+002  0.13400177E+003  0.34790364E+003  0.65682629E+003
 -0.82437719E+000 -0.64306478E+000 -0.27720837E+000 -0.66097549E-004  0.84206913E-001  0.17400029E+001  0.12029086E+002  0.59173076E+002  0.13400178E+003  0.34790365E+003  0.65682630E+003
 -0.82437353E+000 -0.64306463E+000 -0.27720914E+000 -0.66097274E-004  0.84222946E-001  0.17401078E+001  0.12029732E+002  0.59173077E+002  0.13400178E+003  0.34790365E+003  0.65682630E+003
 -0.82437021E+000 -0.64306516E+000 -0.27720997E+000 -0.66097068E-004  0.84237816E-001  0.17402097E+001  0.12030370E+002  0.59173077E+002  0.13400178E+003  0.34790366E+003  0.65682631E+003
 -0.82436722E+000 -0.64306629E+000 -0.27721085E+000 -0.66096919E-004  0.84251527E-001  0.17403087E+001  0.12031002E+002  0.59173078E+002  0.13400178E+003  0.34790366E+003  0.65682632E+003
 -0.82436453E+000 -0.64306794E+000 -0.27721175E+000 -0.66096817E-004  0.84264097E-001  0.17404047E+001  0.12031630E+002  0.59173078E+002  0.13400179E+003  0.34790367E+003  0.65682632E+003
 -0.82436215E+000 -0.64307001E+000 -0.27721267E+000 -0.66096748E-004  0.84275552E-001  0.17404978E+001  0.12032254E+002  0.59173079E+002  0.13400179E+003  0.34790367E+003  0.65682633E+003
 -0.82436005E+000 -0.64307242E+000 -0.27721357E+000 -0.66096705E-004  0.84285929E-001  0.17405879E+001  0.12032876E+002  0.59173079E+002  0.13400179E+003  0.34790368E+003  0.65682633E+003
 -0.82435821E+000 -0.64307511E+000 -0.27721446E+000 -0.66096675E-004  0.84295273E-001  0.17406751E+001  0.12033497E+002  0.59173080E+002  0.13400179E+003  0.34790368E+003  0.65682634E+003
 -0.82435662E+000 -0.64307800E+000 -0.27721531E+000 -0.66096652E-004  0.84303635E-001  0.17407594E+001  0.12034118E+002  0.59173081E+002  0.13400180E+003  0.34790369E+003  0.65682635E+003
 -0.82435527E+000 -0.64308103E+000 -0.27721611E+000 -0.66096625E-004  0.84311073E-001  0.17408409E+001  0.12034739E+002  0.59173081E+002  0.13400180E+003  0.34790369E+003  0.65682635E+003
 -0.82435412E+000 -0.64308413E+000 -0.27721686E+000 -0.66096588E-004  0.84317646E-001  0.17409195E+001  0.12035362E+002  0.59173082E+002  0.13400180E+003  0.34790370E+003  0.65682636E+003
 -0.82435317E+000 -0.64308725E+000 -0.27721753E+000 -0.66096535E-004  0.84323420E-001  0.17409953E+001  0.12035987E+002  0.59173082E+002  0.13400181E+003  0.34790370E+003  0.65682637E+003
 -0.82435240E+000 -0.64309034E+000 -0.27721814E+000 -0.66096461E-004  0.84328459E-001  0.17410685E+001  0.12036614E+002  0.59173083E+002  0.13400181E+003  0.34790371E+003  0.65682637E+003
 -0.82435178E+000 -0.64309337E+000 -0.27721866E+000 -0.66096361E-004  0.84332828E-001  0.17411390E+001  0.12037243E+002  0.59173083E+002  0.13400181E+003  0.34790371E+003  0.65682638E+003
 -0.82435130E+000 -0.64309630E+000 -0.27721911E+000 -0.66096233E-004  0.84336592E-001  0.17412069E+001  0.12037876E+002  0.59173084E+002  0.13400181E+003  0.34790372E+003  0.65682639E+003
 -0.82435094E+000 -0.64309909E+000 -0.27721947E+000 -0.66096074E-004  0.84339814E-001  0.17412725E+001  0.12038511E+002  0.59173085E+002  0.13400182E+003  0.34790372E+003  0.65682639E+003
 -0.82435068E+000 -0.64310173E+000 -0.27721975E+000 -0.66095883E-004  0.84342555E-001  0.17413356E+001  0.12039149E+002  0.59173085E+002  0.13400182E+003  0.34790373E+003  0.65682640E+003
 -0.82435051E+000 -0.64310420E+000 -0.27721995E+000 -0.66095661E-004  0.84344871E-001  0.17413966E+001  0.12039789E+002  0.59173086E+002  0.13400182E+003  0.34790374E+003  0.65682641E+003
 -0.82435042E+000 -0.64310649E+000 -0.27722007E+000 -0.66095407E-004  0.84346818E-001  0.17414553E+001  0.12040431E+002  0.59173086E+002  0.13400183E+003  0.34790374E+003  0.65682641E+003
 -0.82435039E+000 -0.64310859E+000 -0.27722011E+000 -0.66095122E-004  0.84348444E-001  0.17415121E+001  0.12041074E+002  0.59173087E+002  0.13400183E+003  0.34790375E+003  0.65682642E+003
 -0.82435041E+000 -0.64311050E+000 -0.27722008E+000 -0.66094809E-004  0.84349796E-001  0.17415668E+001  0.12041718E+002  0.59173087E+002  0.13400183E+003  0.34790376E+003  0.65682643E+003
 -0.82435047E+000 -0.64311221E+000 -0.27721999E+000 -0.66094469E-004  0.84350915E-001  0.17416197E+001  0.12042362E+002  0.59173088E+002  0.13400184E+003  0.34790376E+003  0.65682643E+003
 -0.82435056E+000 -0.64311373E+000 -0.27721984E+000 -0.66094105E-004  0.84351839E-001  0.17416709E+001  0.12043005E+002  0.59173088E+002  0.13400184E+003  0.34790377E+003  0.65682644E+003
 -0.82435067E+000 -0.64311506E+000 -0.27721962E+000 -0.66093719E-004  0.84352602E-001  0.17417203E+001  0.12043646E+002  0.59173089E+002  0.13400184E+003  0.34790378E+003  0.65682645E+003
 -0.82435080E+000 -0.64311622E+000 -0.27721936E+000 -0.66093314E-004  0.84353234E-001  0.17417682E+001  0.12044285E+002  0.59173090E+002  0.13400185E+003  0.34790378E+003  0.65682646E+003
 -0.82435094E+000 -0.64311720E+000 -0.27721906E+000 -0.66092894E-004  0.84353759E-001  0.17418145E+001  0.12044921E+002  0.59173090E+002  0.13400185E+003  0.34790379E+003  0.65682646E+003
 -0.82435108E+000 -0.64311803E+000 -0.27721871E+000 -0.66092460E-004  0.84354200E-001  0.17418593E+001  0.12045552E+002  0.59173091E+002  0.13400185E+003  0.34790380E+003  0.65682647E+003
 -0.82435122E+000 -0.64311870E+000 -0.27721834E+000 -0.66092017E-004  0.84354576E-001  0.17419026E+001  0.12046178E+002  0.59173091E+002  0.13400186E+003  0.34790380E+003  0.65682648E+003
 -0.82435136E+000 -0.64311922E+000 -0.27721793E+000 -0.66091566E-004  0.84354903E-001  0.17419446E+001  0.12046798E+002  0.59173092E+002  0.13400186E+003  0.34790381E+003  0.65682649E+003
 -0.82435148E+000 -0.64311962E+000 -0.27721750E+000 -0.66091111E-004  0.84355195E-001  0.17419852E+001  0.12047410E+002  0.59173092E+002  0.13400186E+003  0.34790382E+003  0.65682650E+003
 -0.82435158E+000 -0.64311989E+000 -0.27721705E+000 -0.66090653E-004  0.84355463E-001  0.17420246E+001  0.12048014E+002  0.59173093E+002  0.13400187E+003  0.34790383E+003  0.65682651E+003
 -0.82435167E+000 -0.64312004E+000 -0.27721659E+000 -0.66090195E-004  0.84355715E-001  0.17420626E+001  0.12048609E+002  0.59173094E+002  0.13400187E+003  0.34790384E+003  0.65682652E+003
 -0.82435173E+000 -0.64312009E+000 -0.27721612E+000 -0.66089739E-004  0.84355958E-001  0.17420993E+001  0.12049194E+002  0.59173094E+002  0.13400187E+003  0.34790385E+003  0.65682653E+003
 -0.82435178E+000 -0.64312004E+000 -0.27721563E+000 -0.66089287E-004  0.84356198E-001  0.17421348E+001  0.12049769E+002  0.59173095E+002  0.13400188E+003  0.34790385E+003  0.65682654E+003
 -0.82435180E+000 -0.64311990E+000 -0.27721515E+000 -0.66088840E-004  0.84356440E-001  0.17421690E+001  0.12050332E+002  0.59173095E+002  0.13400188E+003  0.34790386E+003  0.65682655E+003
 -0.82435179E+000 -0.64311968E+000 -0.27721466E+000 -0.66088400E-004  0.84356685E-001  0.17422020E+001  0.12050883E+002  0.59173096E+002  0.13400188E+003  0.34790387E+003  0.65682656E+003
 -0.82435176E+000 -0.64311938E+000 -0.27721417E+000 -0.66087969E-004  0.84356936E-001  0.17422338E+001  0.12051422E+002  0.59173096E+002  0.13400189E+003  0.34790388E+003  0.65682657E+003
 -0.82435170E+000 -0.64311902E+000 -0.27721368E+000 -0.66087547E-004  0.84357194E-001  0.17422643E+001  0.12051947E+002  0.59173097E+002  0.13400189E+003  0.34790389E+003  0.65682658E+003
 -0.82435162E+000 -0.64311859E+000 -0.27721320E+000 -0.66087135E-004  0.84357461E-001  0.17422937E+001  0.12052459E+002  0.59173098E+002  0.13400189E+003  0.34790390E+003  0.65682660E+003
 -0.82435151E+000 -0.64311811E+000 -0.27721273E+000 -0.66086734E-004  0.84357735E-001  0.17423218E+001  0.12052956E+002  0.59173098E+002  0.13400190E+003  0.34790391E+003  0.65682661E+003
 -0.82435138E+000 -0.64311758E+000 -0.27721226E+000 -0.66086344E-004  0.84358017E-001  0.17423487E+001  0.12053440E+002  0.59173099E+002  0.13400190E+003  0.34790392E+003  0.65682662E+003
 -0.82435122E+000 -0.64311700E+000 -0.27721180E+000 -0.66085965E-004  0.84358307E-001  0.17423745E+001  0.12053909E+002  0.59173099E+002  0.13400190E+003  0.34790393E+003  0.65682663E+003
 -0.82435103E+000 -0.64311638E+000 -0.27721135E+000 -0.66085599E-004  0.84358603E-001  0.17423991E+001  0.12054363E+002  0.59173100E+002  0.13400191E+003  0.34790394E+003  0.65682665E+003
 -0.82435082E+000 -0.64311573E+000 -0.27721091E+000 -0.66085245E-004  0.84358905E-001  0.17424225E+001  0.12054803E+002  0.59173100E+002  0.13400191E+003  0.34790395E+003  0.65682666E+003
 -0.82435060E+000 -0.64311504E+000 -0.27721048E+000 -0.66084903E-004  0.84359212E-001  0.17424449E+001  0.12055227E+002  0.59173101E+002  0.13400191E+003  0.34790396E+003  0.65682668E+003
 -0.82435035E+000 -0.64311433E+000 -0.27721006E+000 -0.66084574E-004  0.84359523E-001  0.17424661E+001  0.12055637E+002  0.59173101E+002  0.13400192E+003  0.34790397E+003  0.65682669E+003
 -0.82435008E+000 -0.64311360E+000 -0.27720965E+000 -0.66084256E-004  0.84359836E-001  0.17424863E+001  0.12056032E+002  0.59173102E+002  0.13400192E+003  0.34790398E+003  0.65682671E+003
 -0.82434980E+000 -0.64311285E+000 -0.27720925E+000 -0.66083950E-004  0.84360152E-001  0.17425054E+001  0.12056412E+002  0.59173102E+002  0.13400192E+003  0.34790399E+003  0.65682672E+003
 -0.82434950E+000 -0.64311208E+000 -0.27720887E+000 -0.66083656E-004  0.84360468E-001  0.17425235E+001  0.12056777E+002  0.59173103E+002  0.13400193E+003  0.34790401E+003  0.65682674E+003
 -0.82434919E+000 -0.64311130E+000 -0.27720850E+000 -0.66083373E-004  0.84360785E-001  0.17425406E+001  0.12057129E+002  0.59173103E+002  0.13400193E+003  0.34790402E+003  0.65682675E+003
 -0.82434887E+000 -0.64311051E+000 -0.27720813E+000 -0.66083101E-004  0.84361100E-001  0.17425568E+001  0.12057466E+002  0.59173104E+002  0.13400193E+003  0.34790403E+003  0.65682677E+003
 -0.82434854E+000 -0.64310971E+000 -0.27720778E+000 -0.66082840E-004  0.84361415E-001  0.17425720E+001  0.12057789E+002  0.59173104E+002  0.13400194E+003  0.34790404E+003  0.65682679E+003
 -0.82434820E+000 -0.64310891E+000 -0.27720745E+000 -0.66082589E-004  0.84361727E-001  0.17425864E+001  0.12058098E+002  0.59173105E+002  0.13400194E+003  0.34790405E+003  0.65682681E+003
 -0.82434785E+000 -0.64310810E+000 -0.27720712E+000 -0.66082349E-004  0.84362036E-001  0.17425999E+001  0.12058395E+002  0.59173105E+002  0.13400194E+003  0.34790406E+003  0.65682682E+003
 -0.82434750E+000 -0.64310730E+000 -0.27720680E+000 -0.66082118E-004  0.84362342E-001  0.17426127E+001  0.12058678E+002  0.59173106E+002  0.13400195E+003  0.34790407E+003  0.65682684E+003
 -0.82434714E+000 -0.64310650E+000 -0.27720650E+000 -0.66081896E-004  0.84362644E-001  0.17426247E+001  0.12058948E+002  0.59173106E+002  0.13400195E+003  0.34790409E+003  0.65682686E+003
 -0.82434678E+000 -0.64310571E+000 -0.27720620E+000 -0.66081683E-004  0.84362941E-001  0.17426359E+001  0.12059206E+002  0.59173107E+002  0.13400195E+003  0.34790410E+003  0.65682688E+003
 -0.82434641E+000 -0.64310492E+000 -0.27720592E+000 -0.66081479E-004  0.84363234E-001  0.17426465E+001  0.12059453E+002  0.59173107E+002  0.13400196E+003  0.34790411E+003  0.65682690E+003
 -0.82434605E+000 -0.64310413E+000 -0.27720564E+000 -0.66081282E-004  0.84363522E-001  0.17426565E+001  0.12059687E+002  0.59173108E+002  0.13400196E+003  0.34790412E+003  0.65682692E+003
 -0.82434569E+000 -0.64310336E+000 -0.27720537E+000 -0.66081094E-004  0.84363804E-001  0.17426658E+001  0.12059910E+002  0.59173108E+002  0.13400196E+003  0.34790413E+003  0.65682694E+003
 -0.82434533E+000 -0.64310260E+000 -0.27720512E+000 -0.66080913E-004  0.84364081E-001  0.17426746E+001  0.12060122E+002  0.59173108E+002  0.13400197E+003  0.34790414E+003  0.65682696E+003
 -0.82434497E+000 -0.64310185E+000 -0.27720487E+000 -0.66080739E-004  0.84364352E-001  0.17426828E+001  0.12060324E+002  0.59173109E+002  0.13400197E+003  0.34790416E+003  0.65682698E+003
 -0.82434462E+000 -0.64310111E+000 -0.27720463E+000 -0.66080572E-004  0.84364616E-001  0.17426905E+001  0.12060516E+002  0.59173109E+002  0.13400197E+003  0.34790417E+003  0.65682700E+003
 -0.82434427E+000 -0.64310039E+000 -0.27720440E+000 -0.66080412E-004  0.84364875E-001  0.17426978E+001  0.12060697E+002  0.59173110E+002  0.13400198E+003  0.34790418E+003  0.65682703E+003
 -0.82434392E+000 -0.64309968E+000 -0.27720418E+000 -0.66080258E-004  0.84365127E-001  0.17427046E+001  0.12060870E+002  0.59173110E+002  0.13400198E+003  0.34790419E+003  0.65682705E+003
 -0.82434358E+000 -0.64309898E+000 -0.27720397E+000 -0.66080110E-004  0.84365373E-001  0.17427110E+001  0.12061033E+002  0.59173110E+002  0.13400198E+003  0.34790420E+003  0.65682707E+003
 -0.82434325E+000 -0.64309831E+000 -0.27720376E+000 -0.66079968E-004  0.84365613E-001  0.17427170E+001  0.12061187E+002  0.59173111E+002  0.13400198E+003  0.34790422E+003  0.65682709E+003
 -0.82434292E+000 -0.64309764E+000 -0.27720356E+000 -0.66079831E-004  0.84365845E-001  0.17427227E+001  0.12061333E+002  0.59173111E+002  0.13400199E+003  0.34790423E+003  0.65682711E+003
 -0.82434260E+000 -0.64309700E+000 -0.27720337E+000 -0.66079700E-004  0.84366072E-001  0.17427280E+001  0.12061472E+002  0.59173111E+002  0.13400199E+003  0.34790424E+003  0.65682714E+003
 -0.82434228E+000 -0.64309637E+000 -0.27720319E+000 -0.66079574E-004  0.84366292E-001  0.17427330E+001  0.12061602E+002  0.59173112E+002  0.13400199E+003  0.34790425E+003  0.65682716E+003
 -0.82434198E+000 -0.64309576E+000 -0.27720301E+000 -0.66079453E-004  0.84366505E-001  0.17427377E+001  0.12061725E+002  0.59173112E+002  0.13400200E+003  0.34790426E+003  0.65682718E+003
 -0.82434168E+000 -0.64309516E+000 -0.27720284E+000 -0.66079336E-004  0.84366712E-001  0.17427422E+001  0.12061842E+002  0.59173112E+002  0.13400200E+003  0.34790427E+003  0.65682721E+003
 -0.82434139E+000 -0.64309458E+000 -0.27720268E+000 -0.66079224E-004  0.84366912E-001  0.17427464E+001  0.12061951E+002  0.59173112E+002  0.13400200E+003  0.34790429E+003  0.65682723E+003
 -0.82434110E+000 -0.64309402E+000 -0.27720252E+000 -0.66079117E-004  0.84367106E-001  0.17427503E+001  0.12062055E+002  0.59173113E+002  0.13400200E+003  0.34790430E+003  0.65682725E+003
 -0.82434083E+000 -0.64309348E+000 -0.27720237E+000 -0.66079013E-004  0.84367294E-001  0.17427541E+001  0.12062152E+002  0.59173113E+002  0.13400201E+003  0.34790431E+003  0.65682728E+003
 -0.82434056E+000 -0.64309295E+000 -0.27720222E+000 -0.66078914E-004  0.84367475E-001  0.17427576E+001  0.12062243E+002  0.59173113E+002  0.13400201E+003  0.34790432E+003  0.65682730E+003
 -0.82434030E+000 -0.64309244E+000 -0.27720208E+000 -0.66078819E-004  0.84367651E-001  0.17427610E+001  0.12062330E+002  0.59173114E+002  0.13400201E+003  0.34790433E+003  0.65682732E+003
 -0.82434005E+000 -0.64309195E+000 -0.27720195E+000 -0.66078727E-004  0.84367820E-001  0.17427642E+001  0.12062411E+002  0.59173114E+002  0.13400201E+003  0.34790434E+003  0.65682735E+003
 -0.82433981E+000 -0.64309148E+000 -0.27720182E+000 -0.66078640E-004  0.84367983E-001  0.17427672E+001  0.12062487E+002  0.59173114E+002  0.13400201E+003  0.34790435E+003  0.65682737E+003
 -0.82433957E+000 -0.64309102E+000 -0.27720169E+000 -0.66078555E-004  0.84368140E-001  0.17427701E+001  0.12062558E+002  0.59173114E+002  0.13400202E+003  0.34790436E+003  0.65682739E+003
 -0.82433935E+000 -0.64309057E+000 -0.27720157E+000 -0.66078474E-004  0.84368292E-001  0.17427728E+001  0.12062626E+002  0.59173114E+002  0.13400202E+003  0.34790437E+003  0.65682742E+003
 -0.82433913E+000 -0.64309015E+000 -0.27720146E+000 -0.66078397E-004  0.84368437E-001  0.17427754E+001  0.12062689E+002  0.59173115E+002  0.13400202E+003  0.34790438E+003  0.65682744E+003
 -0.82433892E+000 -0.64308974E+000 -0.27720135E+000 -0.66078322E-004  0.84368577E-001  0.17427778E+001  0.12062748E+002  0.59173115E+002  0.13400202E+003  0.34790439E+003  0.65682746E+003
 -0.82433872E+000 -0.64308934E+000 -0.27720124E+000 -0.66078251E-004  0.84368712E-001  0.17427801E+001  0.12062804E+002  0.59173115E+002  0.13400203E+003  0.34790440E+003  0.65682749E+003
 -0.82433852E+000 -0.64308896E+000 -0.27720114E+000 -0.66078183E-004  0.84368842E-001  0.17427823E+001  0.12062856E+002  0.59173115E+002  0.13400203E+003  0.34790441E+003  0.65682751E+003
 -0.82433833E+000 -0.64308860E+000 -0.27720105E+000 -0.66078117E-004  0.84368966E-001  0.17427845E+001  0.12062905E+002  0.59173115E+002  0.13400203E+003  0.34790442E+003  0.65682753E+003
 -0.82433815E+000 -0.64308825E+000 -0.27720095E+000 -0.66078055E-004  0.84369085E-001  0.17427865E+001  0.12062951E+002  0.59173115E+002  0.13400203E+003  0.34790443E+003  0.65682756E+003
 -0.82433798E+000 -0.64308791E+000 -0.27720087E+000 -0.66077995E-004  0.84369199E-001  0.17427884E+001  0.12062994E+002  0.59173116E+002  0.13400203E+003  0.34790444E+003  0.65682758E+003
 -0.82433781E+000 -0.64308759E+000 -0.27720078E+000 -0.66077937E-004  0.84369308E-001  0.17427902E+001  0.12063034E+002  0.59173116E+002  0.13400203E+003  0.34790445E+003  0.65682760E+003
 -0.82433766E+000 -0.64308729E+000 -0.27720070E+000 -0.66077883E-004  0.84369413E-001  0.17427919E+001  0.12063072E+002  0.59173116E+002  0.13400204E+003  0.34790446E+003  0.65682762E+003
 -0.82433750E+000 -0.64308699E+000 -0.27720062E+000 -0.66077830E-004  0.84369513E-001  0.17427936E+001  0.12063107E+002  0.59173116E+002  0.13400204E+003  0.34790447E+003  0.65682765E+003
 -0.82433736E+000 -0.64308671E+000 -0.27720055E+000 -0.66077780E-004  0.84369609E-001  0.17427951E+001  0.12063140E+002  0.59173116E+002  0.13400204E+003  0.34790448E+003  0.65682767E+003
 -0.82433722E+000 -0.64308644E+000 -0.27720048E+000 -0.66077732E-004  0.84369700E-001  0.17427966E+001  0.12063172E+002  0.59173116E+002  0.13400204E+003  0.34790449E+003  0.65682769E+003
 -0.82433709E+000 -0.64308619E+000 -0.27720041E+000 -0.66077687E-004  0.84369787E-001  0.17427981E+001  0.12063201E+002  0.59173116E+002  0.13400204E+003  0.34790450E+003  0.65682771E+003
 -0.82433696E+000 -0.64308594E+000 -0.27720035E+000 -0.66077644E-004  0.84369871E-001  0.17427994E+001  0.12063228E+002  0.59173116E+002  0.13400204E+003  0.34790450E+003  0.65682773E+003
 -0.82433684E+000 -0.64308571E+000 -0.27720029E+000 -0.66077602E-004  0.84369950E-001  0.17428007E+001  0.12063254E+002  0.59173117E+002  0.13400204E+003  0.34790451E+003  0.65682775E+003
 -0.82433673E+000 -0.64308549E+000 -0.27720023E+000 -0.66077563E-004  0.84370026E-001  0.17428019E+001  0.12063278E+002  0.59173117E+002  0.13400204E+003  0.34790452E+003  0.65682777E+003
 -0.82433662E+000 -0.64308528E+000 -0.27720017E+000 -0.66077525E-004  0.84370098E-001  0.17428031E+001  0.12063300E+002  0.59173117E+002  0.13400205E+003  0.34790453E+003  0.65682779E+003
 -0.82433651E+000 -0.64308508E+000 -0.27720012E+000 -0.66077489E-004  0.84370167E-001  0.17428042E+001  0.12063321E+002  0.59173117E+002  0.13400205E+003  0.34790453E+003  0.65682781E+003
 -0.82433642E+000 -0.64308489E+000 -0.27720007E+000 -0.66077455E-004  0.84370232E-001  0.17428053E+001  0.12063341E+002  0.59173117E+002  0.13400205E+003  0.34790454E+003  0.65682783E+003
 -0.82433632E+000 -0.64308470E+000 -0.27720002E+000 -0.66077423E-004  0.84370295E-001  0.17428063E+001  0.12063360E+002  0.59173117E+002  0.13400205E+003  0.34790455E+003  0.65682785E+003
 -0.82433623E+000 -0.64308453E+000 -0.27719998E+000 -0.66077392E-004  0.84370354E-001  0.17428072E+001  0.12063377E+002  0.59173117E+002  0.13400205E+003  0.34790456E+003  0.65682787E+003
 -0.82433615E+000 -0.64308437E+000 -0.27719993E+000 -0.66077363E-004  0.84370411E-001  0.17428082E+001  0.12063393E+002  0.59173117E+002  0.13400205E+003  0.34790456E+003  0.65682789E+003
 -0.82433607E+000 -0.64308422E+000 -0.27719989E+000 -0.66077335E-004  0.84370465E-001  0.17428090E+001  0.12063409E+002  0.59173117E+002  0.13400205E+003  0.34790457E+003  0.65682791E+003
 -0.82433599E+000 -0.64308407E+000 -0.27719986E+000 -0.66077309E-004  0.84370516E-001  0.17428098E+001  0.12063423E+002  0.59173117E+002  0.13400205E+003  0.34790457E+003  0.65682792E+003
 -0.82433592E+000 -0.64308393E+000 -0.27719982E+000 -0.66077284E-004  0.84370565E-001  0.17428106E+001  0.12063437E+002  0.59173117E+002  0.13400205E+003  0.34790458E+003  0.65682794E+003
 -0.82433585E+000 -0.64308380E+000 -0.27719978E+000 -0.66077260E-004  0.84370612E-001  0.17428114E+001  0.12063449E+002  0.59173117E+002  0.13400205E+003  0.34790459E+003  0.65682796E+003
 -0.82433579E+000 -0.64308368E+000 -0.27719975E+000 -0.66077237E-004  0.84370656E-001  0.17428121E+001  0.12063461E+002  0.59173117E+002  0.13400205E+003  0.34790459E+003  0.65682798E+003
 -0.82433573E+000 -0.64308356E+000 -0.27719972E+000 -0.66077216E-004  0.84370699E-001  0.17428128E+001  0.12063472E+002  0.59173117E+002  0.13400206E+003  0.34790460E+003  0.65682799E+003
 -0.82433567E+000 -0.64308345E+000 -0.27719969E+000 -0.66077195E-004  0.84370739E-001  0.17428134E+001  0.12063483E+002  0.59173117E+002  0.13400206E+003  0.34790460E+003  0.65682801E+003
 -0.82433562E+000 -0.64308335E+000 -0.27719966E+000 -0.66077176E-004  0.84370778E-001  0.17428140E+001  0.12063493E+002  0.59173118E+002  0.13400206E+003  0.34790461E+003  0.65682802E+003
 -0.82433557E+000 -0.64308326E+000 -0.27719964E+000 -0.66077158E-004  0.84370814E-001  0.17428146E+001  0.12063502E+002  0.59173118E+002  0.13400206E+003  0.34790461E+003  0.65682804E+003
 -0.82433552E+000 -0.64308317E+000 -0.27719962E+000 -0.66077141E-004  0.84370849E-001  0.17428151E+001  0.12063511E+002  0.59173118E+002  0.13400206E+003  0.34790462E+003  0.65682805E+003
 -0.82433548E+000 -0.64308309E+000 -0.27719959E+000 -0.66077125E-004  0.84370882E-001  0.17428157E+001  0.12063519E+002  0.59173118E+002  0.13400206E+003  0.34790462E+003  0.65682807E+003
 -0.82433544E+000 -0.64308302E+000 -0.27719957E+000 -0.66077110E-004  0.84370913E-001  0.17428161E+001  0.12063527E+002  0.59173118E+002  0.13400206E+003  0.34790463E+003  0.65682808E+003
 -0.82433541E+000 -0.64308297E+000 -0.27719956E+000 -0.66077098E-004  0.84370942E-001  0.17428166E+001  0.12063534E+002  0.59173118E+002  0.13400206E+003  0.34790463E+003  0.65682810E+003
 -0.82433539E+000 -0.64308292E+000 -0.27719955E+000 -0.66077088E-004  0.84370969E-001  0.17428170E+001  0.12063541E+002  0.59173118E+002  0.13400206E+003  0.34790463E+003  0.65682811E+003
 -0.82433535E+000 -0.64308285E+000 -0.27719953E+000 -0.66077079E-004  0.84370992E-001  0.17428174E+001  0.12063547E+002  0.59173118E+002  0.13400206E+003  0.34790464E+003  0.65682812E+003
