 -0.93136838E+000 -0.83200798E+000 -0.54954850E+000 -0.18462065E+000 -0.52196989E-002  0.96542082E-003  0.91442160E+000  0.45470511E+001  0.88191833E+001  0.15860427E+002  0.21714189E+002
 -0.93159046E+000 -0.83249290E+000 -0.55090095E+000 -0.18679776E+000 -0.55615183E-002  0.88554554E-003  0.90746571E+000  0.45367666E+001  0.88039907E+001  0.15825448E+002  0.21681773E+002
 -0.93174241E+000 -0.83286938E+000 -0.55198353E+000 -0.18850098E+000 -0.56493413E-002  0.85952104E-003  0.90218698E+000  0.45284601E+001  0.87913051E+001  0.15796491E+002  0.21654777E+002
 -0.93184219E+000 -0.83315343E+000 -0.55283886E+000 -0.18981943E+000 -0.56749019E-002  0.85441233E-003  0.89836459E+000  0.45218412E+001  0.87808148E+001  0.15772951E+002  0.21631833E+002
 -0.93190452E+000 -0.83336082E+000 -0.55350483E+000 -0.19082505E+000 -0.56774019E-002  0.85550923E-003  0.89570428E+000  0.45165433E+001  0.87722602E+001  0.15753874E+002  0.21612411E+002
 -0.93194026E+000 -0.83350624E+000 -0.55401418E+000 -0.19157403E+000 -0.56666273E-002  0.85920401E-003  0.89393955E+000  0.45122535E+001  0.87654049E+001  0.15738169E+002  0.21596135E+002
 -0.93195726E+000 -0.83360253E+000 -0.55439435E+000 -0.19211291E+000 -0.56356032E-002  0.86828001E-003  0.89285219E+000  0.45087390E+001  0.87600151E+001  0.15725257E+002  0.21582640E+002
 -0.93196119E+000 -0.83366048E+000 -0.55466816E+000 -0.19248064E+000 -0.55954036E-002  0.87901809E-003  0.89227000E+000  0.45058414E+001  0.87558545E+001  0.15714705E+002  0.21571563E+002
 -0.93195606E+000 -0.83368892E+000 -0.55485447E+000 -0.19270853E+000 -0.55533399E-002  0.88930146E-003  0.89205798E+000  0.45034678E+001  0.87526922E+001  0.15706174E+002  0.21562568E+002
 -0.93194471E+000 -0.83369492E+000 -0.55496893E+000 -0.19282238E+000 -0.55135863E-002  0.89829786E-003  0.89211044E+000  0.45015537E+001  0.87503162E+001  0.15699503E+002  0.21555374E+002
 -0.93192913E+000 -0.83368407E+000 -0.55502454E+000 -0.19284349E+000 -0.54781376E-002  0.90584282E-003  0.89234582E+000  0.45000453E+001  0.87485455E+001  0.15694503E+002  0.21549748E+002
 -0.93191080E+000 -0.83366072E+000 -0.55503209E+000 -0.19278957E+000 -0.54474492E-002  0.91209299E-003  0.89269696E+000  0.44988975E+001  0.87472369E+001  0.15690948E+002  0.21545471E+002
 -0.93189073E+000 -0.83362824E+000 -0.55500060E+000 -0.19267529E+000 -0.54210756E-002  0.91728038E-003  0.89310169E+000  0.44980722E+001  0.87462850E+001  0.15688640E+002  0.21542349E+002
 -0.93186969E+000 -0.83358925E+000 -0.55493756E+000 -0.19251312E+000 -0.53983887E-002  0.92164309E-003  0.89354221E+000  0.44975326E+001  0.87456171E+001  0.15687403E+002  0.21540200E+002
 -0.93184819E+000 -0.83354575E+000 -0.55484918E+000 -0.19231345E+000 -0.53787294E-002  0.92537169E-003  0.89401004E+000  0.44972460E+001  0.87451869E+001  0.15687089E+002  0.21538871E+002
 -0.93182660E+000 -0.83349926E+000 -0.55474059E+000 -0.19208457E+000 -0.53613037E-002  0.92855101E-003  0.89449532E+000  0.44971824E+001  0.87449663E+001  0.15687566E+002  0.21538246E+002
 -0.93180519E+000 -0.83345095E+000 -0.55461608E+000 -0.19183334E+000 -0.53457751E-002  0.93129413E-003  0.89499463E+000  0.44973143E+001  0.87449394E+001  0.15688723E+002  0.21538230E+002
 -0.93178414E+000 -0.83340170E+000 -0.55447919E+000 -0.19156548E+000 -0.53320580E-002  0.93369159E-003  0.89550489E+000  0.44976168E+001  0.87450968E+001  0.15690463E+002  0.21538740E+002
 -0.93176357E+000 -0.83335218E+000 -0.55433287E+000 -0.19128576E+000 -0.53199917E-002  0.93581049E-003  0.89602337E+000  0.44980673E+001  0.87454313E+001  0.15692683E+002  0.21539708E+002
 -0.93174355E+000 -0.83330287E+000 -0.55417958E+000 -0.19099821E+000 -0.53093944E-002  0.93770142E-003  0.89654754E+000  0.44986455E+001  0.87459360E+001  0.15695289E+002  0.21541076E+002
 -0.93172414E+000 -0.83325414E+000 -0.55402135E+000 -0.19070617E+000 -0.53000862E-002  0.93940323E-003  0.89707516E+000  0.44993338E+001  0.87466028E+001  0.15698198E+002  0.21542795E+002
 -0.93170537E+000 -0.83320625E+000 -0.55385986E+000 -0.19041245E+000 -0.52919019E-002  0.94094613E-003  0.89760428E+000  0.45001165E+001  0.87474217E+001  0.15701334E+002  0.21544826E+002
 -0.93168725E+000 -0.83315938E+000 -0.55369653E+000 -0.19011940E+000 -0.52846944E-002  0.94235404E-003  0.89813321E+000  0.45009803E+001  0.87483813E+001  0.15704634E+002  0.21547133E+002
 -0.93166980E+000 -0.83311365E+000 -0.55353250E+000 -0.18982902E+000 -0.52783352E-002  0.94364619E-003  0.89866048E+000  0.45019130E+001  0.87494692E+001  0.15708045E+002  0.21549687E+002
 -0.93165301E+000 -0.83306915E+000 -0.55336871E+000 -0.18954296E+000 -0.52727134E-002  0.94483820E-003  0.89918490E+000  0.45029044E+001  0.87506726E+001  0.15711526E+002  0.21552466E+002
 -0.93163687E+000 -0.83302589E+000 -0.55320595E+000 -0.18926261E+000 -0.52674378E-002  0.94598327E-003  0.89970508E+000  0.45039452E+001  0.87519785E+001  0.15715045E+002  0.21555447E+002
 -0.93162138E+000 -0.83298390E+000 -0.55304485E+000 -0.18898913E+000 -0.52620097E-002  0.94714591E-003  0.90022040E+000  0.45050273E+001  0.87533749E+001  0.15718583E+002  0.21558615E+002
 -0.93160653E+000 -0.83294316E+000 -0.55288591E+000 -0.18872348E+000 -0.52566289E-002  0.94829392E-003  0.90073039E+000  0.45061435E+001  0.87548503E+001  0.15722127E+002  0.21561955E+002
 -0.93159228E+000 -0.83290364E+000 -0.55272954E+000 -0.18846645E+000 -0.52514535E-002  0.94940466E-003  0.90123470E+000  0.45072876E+001  0.87563942E+001  0.15725671E+002  0.21565454E+002
 -0.93157863E+000 -0.83286530E+000 -0.55257606E+000 -0.18821868E+000 -0.52465981E-002  0.95046332E-003  0.90173308E+000  0.45084537E+001  0.87579975E+001  0.15729215E+002  0.21569104E+002
 -0.93156556E+000 -0.83282807E+000 -0.55242573E+000 -0.18798067E+000 -0.52421375E-002  0.95146131E-003  0.90222533E+000  0.45096371E+001  0.87596517E+001  0.15732766E+002  0.21572894E+002
 -0.93155303E+000 -0.83279191E+000 -0.55227873E+000 -0.18775278E+000 -0.52381132E-002  0.95239469E-003  0.90271136E+000  0.45108332E+001  0.87613497E+001  0.15736328E+002  0.21576817E+002
 -0.93154103E+000 -0.83275674E+000 -0.55213521E+000 -0.18753528E+000 -0.52345397E-002  0.95326289E-003  0.90319108E+000  0.45120384E+001  0.87630850E+001  0.15739911E+002  0.21580866E+002
 -0.93152954E+000 -0.83272252E+000 -0.55199528E+000 -0.18732832E+000 -0.52314117E-002  0.95406768E-003  0.90366447E+000  0.45132491E+001  0.87648520E+001  0.15743522E+002  0.21585034E+002
 -0.93151851E+000 -0.83268917E+000 -0.55185901E+000 -0.18713196E+000 -0.52287091E-002  0.95481237E-003  0.90413148E+000  0.45144625E+001  0.87666455E+001  0.15747168E+002  0.21589314E+002
 -0.93150794E+000 -0.83265663E+000 -0.55172645E+000 -0.18694618E+000 -0.52264025E-002  0.95550115E-003  0.90459211E+000  0.45156761E+001  0.87684609E+001  0.15750853E+002  0.21593699E+002
 -0.93149779E+000 -0.83262486E+000 -0.55159764E+000 -0.18677085E+000 -0.52244569E-002  0.95613866E-003  0.90504630E+000  0.45168877E+001  0.87702939E+001  0.15754580E+002  0.21598182E+002
 -0.93148804E+000 -0.83259380E+000 -0.55147259E+000 -0.18660581E+000 -0.52228344E-002  0.95672964E-003  0.90549399E+000  0.45180954E+001  0.87721407E+001  0.15758349E+002  0.21602753E+002
 -0.93147867E+000 -0.83256340E+000 -0.55135133E+000 -0.18645080E+000 -0.52214971E-002  0.95727872E-003  0.90593507E+000  0.45192976E+001  0.87739972E+001  0.15762158E+002  0.21607405E+002
 -0.93146966E+000 -0.83253364E+000 -0.55123385E+000 -0.18630554E+000 -0.52204082E-002  0.95779022E-003  0.90636940E+000  0.45204927E+001  0.87758598E+001  0.15766004E+002  0.21612126E+002
 -0.93146098E+000 -0.83250448E+000 -0.55112018E+000 -0.18616966E+000 -0.52195332E-002  0.95826809E-003  0.90679681E+000  0.45216796E+001  0.87777249E+001  0.15769880E+002  0.21616906E+002
 -0.93145261E+000 -0.83247591E+000 -0.55101032E+000 -0.18604281E+000 -0.52188408E-002  0.95871586E-003  0.90721704E+000  0.45228569E+001  0.87795887E+001  0.15773781E+002  0.21621731E+002
 -0.93144454E+000 -0.83244792E+000 -0.55090430E+000 -0.18592458E+000 -0.52183029E-002  0.95913659E-003  0.90762985E+000  0.45240237E+001  0.87814478E+001  0.15777699E+002  0.21626588E+002
 -0.93143675E+000 -0.83242050E+000 -0.55080213E+000 -0.18581455E+000 -0.52178952E-002  0.95953292E-003  0.90803491E+000  0.45251787E+001  0.87832984E+001  0.15781625E+002  0.21631463E+002
 -0.93142923E+000 -0.83239366E+000 -0.55070384E+000 -0.18571229E+000 -0.52175965E-002  0.95990706E-003  0.90843188E+000  0.45263209E+001  0.87851371E+001  0.15785551E+002  0.21636338E+002
 -0.93142198E+000 -0.83236743E+000 -0.55060947E+000 -0.18561738E+000 -0.52173889E-002  0.96026085E-003  0.90882040E+000  0.45274494E+001  0.87869605E+001  0.15789468E+002  0.21641198E+002
 -0.93141498E+000 -0.83234181E+000 -0.55051905E+000 -0.18552940E+000 -0.52172573E-002  0.96059579E-003  0.90920007E+000  0.45285629E+001  0.87887650E+001  0.15793369E+002  0.21646026E+002
 -0.93140824E+000 -0.83231686E+000 -0.55043261E+000 -0.18544793E+000 -0.52171892E-002  0.96091308E-003  0.90957050E+000  0.45296605E+001  0.87905476E+001  0.15797245E+002  0.21650804E+002
 -0.93140176E+000 -0.83229260E+000 -0.55035020E+000 -0.18537258E+000 -0.52171745E-002  0.96121368E-003  0.90993127E+000  0.45307409E+001  0.87923050E+001  0.15801088E+002  0.21655515E+002
 -0.93139553E+000 -0.83226907E+000 -0.55027185E+000 -0.18530297E+000 -0.52172047E-002  0.96149836E-003  0.91028200E+000  0.45318032E+001  0.87940343E+001  0.15804889E+002  0.21660142E+002
 -0.93138957E+000 -0.83224632E+000 -0.55019758E+000 -0.18523873E+000 -0.52172730E-002  0.96176772E-003  0.91062229E+000  0.45328462E+001  0.87957328E+001  0.15808639E+002  0.21664668E+002
 -0.93138387E+000 -0.83222440E+000 -0.55012741E+000 -0.18517954E+000 -0.52173737E-002  0.96202224E-003  0.91095176E+000  0.45338687E+001  0.87973979E+001  0.15812332E+002  0.21669077E+002
 -0.93137845E+000 -0.83220335E+000 -0.55006135E+000 -0.18512506E+000 -0.52175023E-002  0.96226233E-003  0.91127010E+000  0.45348697E+001  0.87990272E+001  0.15815958E+002  0.21673355E+002
 -0.93137332E+000 -0.83218322E+000 -0.54999940E+000 -0.18507500E+000 -0.52176551E-002  0.96248830E-003  0.91157697E+000  0.45358479E+001  0.88006183E+001  0.15819509E+002  0.21677487E+002
 -0.93136848E+000 -0.83216404E+000 -0.54994155E+000 -0.18502907E+000 -0.52178290E-002  0.96270046E-003  0.91187212E+000  0.45368022E+001  0.88021692E+001  0.15822975E+002  0.21681462E+002
 -0.93136395E+000 -0.83214586E+000 -0.54988774E+000 -0.18498702E+000 -0.52180214E-002  0.96289906E-003  0.91215533E+000  0.45377316E+001  0.88036777E+001  0.15826349E+002  0.21685268E+002
 -0.93135972E+000 -0.83212870E+000 -0.54983794E+000 -0.18494859E+000 -0.52182301E-002  0.96308438E-003  0.91242641E+000  0.45386349E+001  0.88051419E+001  0.15829621E+002  0.21688896E+002
 -0.93135581E+000 -0.83211258E+000 -0.54979207E+000 -0.18491355E+000 -0.52184531E-002  0.96325669E-003  0.91268525E+000  0.45395110E+001  0.88065596E+001  0.15832782E+002  0.21692338E+002
 -0.93135223E+000 -0.83209753E+000 -0.54975004E+000 -0.18488168E+000 -0.52186887E-002  0.96341629E-003  0.91293178E+000  0.45403588E+001  0.88079291E+001  0.15835825E+002  0.21695587E+002
 -0.93134896E+000 -0.83208355E+000 -0.54971175E+000 -0.18485277E+000 -0.52189354E-002  0.96356351E-003  0.91316597E+000  0.45411774E+001  0.88092481E+001  0.15838741E+002  0.21698639E+002
 -0.93134602E+000 -0.83207064E+000 -0.54967707E+000 -0.18482663E+000 -0.52191918E-002  0.96369867E-003  0.91338785E+000  0.45419655E+001  0.88105148E+001  0.15841523E+002  0.21701491E+002
 -0.93134340E+000 -0.83205879E+000 -0.54964586E+000 -0.18480307E+000 -0.52194566E-002  0.96382216E-003  0.91359752E+000  0.45427222E+001  0.88117272E+001  0.15844165E+002  0.21704140E+002
 -0.93134110E+000 -0.83204798E+000 -0.54961798E+000 -0.18478191E+000 -0.52197285E-002  0.96393438E-003  0.91379507E+000  0.45434464E+001  0.88128832E+001  0.15846659E+002  0.21706588E+002
 -0.93133911E+000 -0.83203819E+000 -0.54959325E+000 -0.18476300E+000 -0.52200067E-002  0.96403574E-003  0.91398068E+000  0.45441371E+001  0.88139811E+001  0.15849003E+002  0.21708835E+002
 -0.93133742E+000 -0.83202940E+000 -0.54957152E+000 -0.18474615E+000 -0.52202900E-002  0.96412667E-003  0.91415452E+000  0.45447934E+001  0.88150189E+001  0.15851191E+002  0.21710884E+002
 -0.93133603E+000 -0.83202155E+000 -0.54955259E+000 -0.18473124E+000 -0.52205777E-002  0.96420762E-003  0.91431679E+000  0.45454143E+001  0.88159951E+001  0.15853222E+002  0.21712740E+002
 -0.93133491E+000 -0.83201463E+000 -0.54953629E+000 -0.18471812E+000 -0.52208691E-002  0.96427903E-003  0.91446771E+000  0.45459989E+001  0.88169084E+001  0.15855094E+002  0.21714407E+002
 -0.93133406E+000 -0.83200857E+000 -0.54952244E+000 -0.18470665E+000 -0.52211191E-002  0.96434649E-003  0.91460750E+000  0.45465464E+001  0.88177576E+001  0.15856807E+002  0.21715894E+002
 -0.93133347E+000 -0.83200334E+000 -0.54951086E+000 -0.18469672E+000 -0.52211840E-002  0.96442689E-003  0.91473640E+000  0.45470563E+001  0.88185420E+001  0.15858363E+002  0.21717206E+002
 -0.93133312E+000 -0.83199889E+000 -0.54950137E+000 -0.18468821E+000 -0.52211676E-002  0.96450819E-003  0.91485461E+000  0.45475278E+001  0.88192612E+001  0.15859765E+002  0.21718352E+002
 -0.93133300E+000 -0.83199517E+000 -0.54949380E+000 -0.18468101E+000 -0.52211213E-002  0.96458502E-003  0.91496238E+000  0.45479608E+001  0.88199153E+001  0.15861015E+002  0.21719341E+002
 -0.93133310E+000 -0.83199214E+000 -0.54948800E+000 -0.18467503E+000 -0.52210681E-002  0.96465520E-003  0.91505991E+000  0.45483549E+001  0.88205047E+001  0.15862119E+002  0.21720183E+002
 -0.93133340E+000 -0.83198976E+000 -0.54948381E+000 -0.18467018E+000 -0.52210181E-002  0.96471801E-003  0.91514742E+000  0.45487104E+001  0.88210305E+001  0.15863083E+002  0.21720887E+002
 -0.93133391E+000 -0.83198797E+000 -0.54948108E+000 -0.18466638E+000 -0.52209753E-002  0.96477335E-003  0.91522513E+000  0.45490274E+001  0.88214940E+001  0.15863913E+002  0.21721464E+002
 -0.93133461E+000 -0.83198675E+000 -0.54947969E+000 -0.18466355E+000 -0.52209409E-002  0.96482140E-003  0.91529329E+000  0.45493065E+001  0.88218970E+001  0.15864617E+002  0.21721923E+002
 -0.93133548E+000 -0.83198604E+000 -0.54947951E+000 -0.18466163E+000 -0.52209151E-002  0.96486243E-003  0.91535213E+000  0.45495486E+001  0.88222418E+001  0.15865202E+002  0.21722275E+002
 -0.93133652E+000 -0.83198582E+000 -0.54948042E+000 -0.18466054E+000 -0.52208975E-002  0.96489677E-003  0.91540194E+000  0.45497547E+001  0.88225311E+001  0.15865677E+002  0.21722529E+002
 -0.93133772E+000 -0.83198604E+000 -0.54948232E+000 -0.18466024E+000 -0.52208876E-002  0.96492476E-003  0.91544300E+000  0.45499262E+001  0.88227677E+001  0.15866051E+002  0.21722696E+002
 -0.93133907E+000 -0.83198668E+000 -0.54948511E+000 -0.18466065E+000 -0.52208850E-002  0.96494676E-003  0.91547567E+000  0.45500646E+001  0.88229550E+001  0.15866332E+002  0.21722786E+002
 -0.93134056E+000 -0.83198768E+000 -0.54948867E+000 -0.18466171E+000 -0.52208888E-002  0.96496313E-003  0.91550032E+000  0.45501719E+001  0.88230964E+001  0.15866529E+002  0.21722806E+002
 -0.93134218E+000 -0.83198903E+000 -0.54949294E+000 -0.18466337E+000 -0.52208985E-002  0.96497424E-003  0.91551736E+000  0.45502498E+001  0.88231955E+001  0.15866651E+002  0.21722766E+002
 -0.93134391E+000 -0.83199068E+000 -0.54949780E+000 -0.18466555E+000 -0.52209132E-002  0.96498051E-003  0.91552725E+000  0.45503007E+001  0.88232561E+001  0.15866707E+002  0.21722674E+002
 -0.93134574E+000 -0.83199259E+000 -0.54950319E+000 -0.18466820E+000 -0.52209324E-002  0.96498234E-003  0.91553048E+000  0.45503267E+001  0.88232819E+001  0.15866705E+002  0.21722538E+002
 -0.93134765E+000 -0.83199474E+000 -0.54950900E+000 -0.18467124E+000 -0.52209552E-002  0.96498016E-003  0.91552759E+000  0.45503303E+001  0.88232768E+001  0.15866652E+002  0.21722365E+002
 -0.93134963E+000 -0.83199708E+000 -0.54951516E+000 -0.18467462E+000 -0.52209810E-002  0.96497441E-003  0.91551912E+000  0.45503137E+001  0.88232444E+001  0.15866556E+002  0.21722161E+002
 -0.93135167E+000 -0.83199958E+000 -0.54952159E+000 -0.18467826E+000 -0.52210089E-002  0.96496555E-003  0.91550564E+000  0.45502794E+001  0.88231885E+001  0.15866424E+002  0.21721932E+002
 -0.93135374E+000 -0.83200221E+000 -0.54952821E+000 -0.18468210E+000 -0.52210383E-002  0.96495404E-003  0.91548773E+000  0.45502297E+001  0.88231124E+001  0.15866263E+002  0.21721684E+002
 -0.93135583E+000 -0.83200491E+000 -0.54953494E+000 -0.18468606E+000 -0.52210685E-002  0.96494034E-003  0.91546598E+000  0.45501668E+001  0.88230194E+001  0.15866077E+002  0.21721421E+002
 -0.93135792E+000 -0.83200767E+000 -0.54954170E+000 -0.18469010E+000 -0.52210987E-002  0.96492488E-003  0.91544096E+000  0.45500930E+001  0.88229127E+001  0.15865873E+002  0.21721149E+002
 -0.93135999E+000 -0.83201045E+000 -0.54954844E+000 -0.18469413E+000 -0.52211285E-002  0.96490811E-003  0.91541322E+000  0.45500102E+001  0.88227951E+001  0.15865656E+002  0.21720870E+002
 -0.93136202E+000 -0.83201321E+000 -0.54955507E+000 -0.18469812E+000 -0.52211572E-002  0.96489044E-003  0.91538330E+000  0.45499203E+001  0.88226692E+001  0.15865428E+002  0.21720588E+002
 -0.93136401E+000 -0.83201593E+000 -0.54956155E+000 -0.18470199E+000 -0.52211843E-002  0.96487225E-003  0.91535169E+000  0.45498251E+001  0.88225373E+001  0.15865195E+002  0.21720306E+002
 -0.93136594E+000 -0.83201858E+000 -0.54956782E+000 -0.18470572E+000 -0.52212094E-002  0.96485391E-003  0.91531885E+000  0.45497262E+001  0.88224015E+001  0.15864958E+002  0.21720027E+002
 -0.93136778E+000 -0.83202113E+000 -0.54957384E+000 -0.18470924E+000 -0.52212321E-002  0.96483572E-003  0.91528521E+000  0.45496249E+001  0.88222637E+001  0.15864722E+002  0.21719752E+002
 -0.93136955E+000 -0.83202357E+000 -0.54957955E+000 -0.18471253E+000 -0.52212521E-002  0.96481799E-003  0.91525113E+000  0.45495225E+001  0.88221254E+001  0.15864488E+002  0.21719484E+002
 -0.93137121E+000 -0.83202588E+000 -0.54958493E+000 -0.18471555E+000 -0.52212692E-002  0.96480096E-003  0.91521695E+000  0.45494200E+001  0.88219880E+001  0.15864259E+002  0.21719222E+002
 -0.93137278E+000 -0.83202803E+000 -0.54958994E+000 -0.18471828E+000 -0.52212831E-002  0.96478485E-003  0.91518296E+000  0.45493183E+001  0.88218526E+001  0.15864035E+002  0.21718970E+002
 -0.93137423E+000 -0.83203003E+000 -0.54959458E+000 -0.18472070E+000 -0.52212938E-002  0.96476982E-003  0.91514939E+000  0.45492182E+001  0.88217202E+001  0.15863817E+002  0.21718727E+002
 -0.93137557E+000 -0.83203185E+000 -0.54959881E+000 -0.18472280E+000 -0.52213012E-002  0.96475603E-003  0.91511645E+000  0.45491203E+001  0.88215913E+001  0.15863608E+002  0.21718494E+002
 -0.93137680E+000 -0.83203351E+000 -0.54960265E+000 -0.18472458E+000 -0.52213052E-002  0.96474357E-003  0.91508429E+000  0.45490250E+001  0.88214667E+001  0.15863408E+002  0.21718272E+002
 -0.93137790E+000 -0.83203498E+000 -0.54960607E+000 -0.18472602E+000 -0.52213059E-002  0.96473253E-003  0.91505304E+000  0.45489328E+001  0.88213467E+001  0.15863216E+002  0.21718060E+002
 -0.93137890E+000 -0.83203628E+000 -0.54960909E+000 -0.18472713E+000 -0.52213034E-002  0.96472295E-003  0.91502279E+000  0.45488438E+001  0.88212315E+001  0.15863034E+002  0.21717859E+002
 -0.93137978E+000 -0.83203740E+000 -0.54961171E+000 -0.18472791E+000 -0.52212977E-002  0.96471487E-003  0.91499360E+000  0.45487584E+001  0.88211214E+001  0.15862861E+002  0.21717668E+002
 -0.93138055E+000 -0.83203835E+000 -0.54961395E+000 -0.18472839E+000 -0.52212890E-002  0.96470829E-003  0.91496551E+000  0.45486765E+001  0.88210165E+001  0.15862697E+002  0.21717488E+002
 -0.93138121E+000 -0.83203913E+000 -0.54961580E+000 -0.18472855E+000 -0.52212774E-002  0.96470319E-003  0.91493854E+000  0.45485982E+001  0.88209167E+001  0.15862542E+002  0.21717318E+002
 -0.93138177E+000 -0.83203975E+000 -0.54961730E+000 -0.18472843E+000 -0.52212631E-002  0.96469955E-003  0.91491269E+000  0.45485236E+001  0.88208219E+001  0.15862397E+002  0.21717157E+002
 -0.93138223E+000 -0.83204022E+000 -0.54961845E+000 -0.18472803E+000 -0.52212462E-002  0.96469733E-003  0.91488795E+000  0.45484524E+001  0.88207320E+001  0.15862260E+002  0.21717006E+002
 -0.93138260E+000 -0.83204054E+000 -0.54961928E+000 -0.18472737E+000 -0.52212269E-002  0.96469648E-003  0.91486428E+000  0.45483847E+001  0.88206470E+001  0.15862131E+002  0.21716863E+002
 -0.93138288E+000 -0.83204072E+000 -0.54961980E+000 -0.18472648E+000 -0.52212054E-002  0.96469695E-003  0.91484167E+000  0.45483204E+001  0.88205665E+001  0.15862010E+002  0.21716729E+002
 -0.93138309E+000 -0.83204078E+000 -0.54962005E+000 -0.18472536E+000 -0.52211819E-002  0.96469866E-003  0.91482007E+000  0.45482592E+001  0.88204903E+001  0.15861896E+002  0.21716603E+002
 -0.93138322E+000 -0.83204072E+000 -0.54962003E+000 -0.18472404E+000 -0.52211565E-002  0.96470156E-003  0.91479943E+000  0.45482012E+001  0.88204183E+001  0.15861790E+002  0.21716484E+002
 -0.93138328E+000 -0.83204056E+000 -0.54961978E+000 -0.18472253E+000 -0.52211295E-002  0.96470557E-003  0.91477971E+000  0.45481460E+001  0.88203503E+001  0.15861690E+002  0.21716372E+002
 -0.93138327E+000 -0.83204029E+000 -0.54961930E+000 -0.18472086E+000 -0.52211011E-002  0.96471064E-003  0.91476087E+000  0.45480935E+001  0.88202859E+001  0.15861596E+002  0.21716267E+002
 -0.93138321E+000 -0.83203994E+000 -0.54961863E+000 -0.18471903E+000 -0.52210713E-002  0.96471668E-003  0.91474286E+000  0.45480437E+001  0.88202249E+001  0.15861509E+002  0.21716168E+002
 -0.93138310E+000 -0.83203950E+000 -0.54961778E+000 -0.18471708E+000 -0.52210404E-002  0.96472363E-003  0.91472562E+000  0.45479963E+001  0.88201673E+001  0.15861426E+002  0.21716074E+002
 -0.93138294E+000 -0.83203900E+000 -0.54961677E+000 -0.18471501E+000 -0.52210085E-002  0.96473143E-003  0.91470913E+000  0.45479512E+001  0.88201126E+001  0.15861348E+002  0.21715986E+002
 -0.93138275E+000 -0.83203843E+000 -0.54961562E+000 -0.18471284E+000 -0.52209758E-002  0.96474000E-003  0.91469333E+000  0.45479083E+001  0.88200608E+001  0.15861275E+002  0.21715903E+002
 -0.93138251E+000 -0.83203781E+000 -0.54961434E+000 -0.18471058E+000 -0.52209424E-002  0.96474928E-003  0.91467819E+000  0.45478673E+001  0.88200116E+001  0.15861206E+002  0.21715824E+002
 -0.93138225E+000 -0.83203713E+000 -0.54961296E+000 -0.18470826E+000 -0.52209085E-002  0.96475922E-003  0.91466366E+000  0.45478283E+001  0.88199649E+001  0.15861142E+002  0.21715749E+002
 -0.93138195E+000 -0.83203642E+000 -0.54961148E+000 -0.18470588E+000 -0.52208742E-002  0.96476975E-003  0.91464972E+000  0.45477910E+001  0.88199204E+001  0.15861080E+002  0.21715679E+002
 -0.93138164E+000 -0.83203568E+000 -0.54960993E+000 -0.18470345E+000 -0.52208396E-002  0.96478081E-003  0.91463633E+000  0.45477554E+001  0.88198781E+001  0.15861023E+002  0.21715612E+002
 -0.93138130E+000 -0.83203491E+000 -0.54960831E+000 -0.18470099E+000 -0.52208049E-002  0.96479235E-003  0.91462345E+000  0.45477214E+001  0.88198378E+001  0.15860968E+002  0.21715548E+002
 -0.93138095E+000 -0.83203411E+000 -0.54960664E+000 -0.18469851E+000 -0.52207702E-002  0.96480433E-003  0.91461107E+000  0.45476888E+001  0.88197994E+001  0.15860916E+002  0.21715487E+002
 -0.93138058E+000 -0.83203330E+000 -0.54960492E+000 -0.18469602E+000 -0.52207355E-002  0.96481669E-003  0.91459916E+000  0.45476576E+001  0.88197627E+001  0.15860867E+002  0.21715430E+002
 -0.93138021E+000 -0.83203248E+000 -0.54960318E+000 -0.18469352E+000 -0.52207009E-002  0.96482939E-003  0.91458770E+000  0.45476276E+001  0.88197277E+001  0.15860820E+002  0.21715375E+002
 -0.93137983E+000 -0.83203165E+000 -0.54960142E+000 -0.18469103E+000 -0.52206666E-002  0.96484238E-003  0.91457666E+000  0.45475990E+001  0.88196942E+001  0.15860776E+002  0.21715322E+002
 -0.93137944E+000 -0.83203082E+000 -0.54959964E+000 -0.18468855E+000 -0.52206326E-002  0.96485561E-003  0.91456602E+000  0.45475714E+001  0.88196622E+001  0.15860734E+002  0.21715272E+002
 -0.93137905E+000 -0.83202999E+000 -0.54959786E+000 -0.18468609E+000 -0.52205990E-002  0.96486906E-003  0.91455578E+000  0.45475450E+001  0.88196315E+001  0.15860694E+002  0.21715224E+002
 -0.93137866E+000 -0.83202916E+000 -0.54959609E+000 -0.18468366E+000 -0.52205659E-002  0.96488268E-003  0.91454591E+000  0.45475196E+001  0.88196021E+001  0.15860656E+002  0.21715178E+002
 -0.93137827E+000 -0.83202834E+000 -0.54959432E+000 -0.18468126E+000 -0.52205332E-002  0.96489643E-003  0.91453640E+000  0.45474952E+001  0.88195740E+001  0.15860619E+002  0.21715135E+002
 -0.93137789E+000 -0.83202753E+000 -0.54959257E+000 -0.18467890E+000 -0.52205011E-002  0.96491029E-003  0.91452723E+000  0.45474717E+001  0.88195470E+001  0.15860584E+002  0.21715093E+002
 -0.93137750E+000 -0.83202673E+000 -0.54959084E+000 -0.18467657E+000 -0.52204697E-002  0.96492422E-003  0.91451841E+000  0.45474492E+001  0.88195212E+001  0.15860551E+002  0.21715052E+002
 -0.93137713E+000 -0.83202594E+000 -0.54958914E+000 -0.18467430E+000 -0.52204389E-002  0.96493818E-003  0.91450991E+000  0.45474275E+001  0.88194964E+001  0.15860520E+002  0.21715014E+002
 -0.93137676E+000 -0.83202517E+000 -0.54958746E+000 -0.18467207E+000 -0.52204087E-002  0.96495215E-003  0.91450172E+000  0.45474067E+001  0.88194727E+001  0.15860489E+002  0.21714977E+002
 -0.93137639E+000 -0.83202442E+000 -0.54958582E+000 -0.18466989E+000 -0.52203793E-002  0.96496611E-003  0.91449385E+000  0.45473866E+001  0.88194499E+001  0.15860461E+002  0.21714941E+002
 -0.93137604E+000 -0.83202368E+000 -0.54958421E+000 -0.18466777E+000 -0.52203506E-002  0.96498002E-003  0.91448628E+000  0.45473674E+001  0.88194281E+001  0.15860433E+002  0.21714907E+002
 -0.93137569E+000 -0.83202297E+000 -0.54958265E+000 -0.18466570E+000 -0.52203227E-002  0.96499386E-003  0.91447899E+000  0.45473488E+001  0.88194072E+001  0.15860407E+002  0.21714875E+002
 -0.93137535E+000 -0.83202228E+000 -0.54958112E+000 -0.18466369E+000 -0.52202956E-002  0.96500761E-003  0.91447200E+000  0.45473310E+001  0.88193871E+001  0.15860382E+002  0.21714843E+002
 -0.93137503E+000 -0.83202160E+000 -0.54957964E+000 -0.18466174E+000 -0.52202692E-002  0.96502124E-003  0.91446528E+000  0.45473139E+001  0.88193680E+001  0.15860358E+002  0.21714813E+002
 -0.93137471E+000 -0.83202095E+000 -0.54957820E+000 -0.18465985E+000 -0.52202437E-002  0.96503474E-003  0.91445884E+000  0.45472975E+001  0.88193496E+001  0.15860336E+002  0.21714784E+002
 -0.93137440E+000 -0.83202032E+000 -0.54957680E+000 -0.18465802E+000 -0.52202189E-002  0.96504809E-003  0.91445267E+000  0.45472817E+001  0.88193321E+001  0.15860314E+002  0.21714756E+002
 -0.93137411E+000 -0.83201971E+000 -0.54957546E+000 -0.18465625E+000 -0.52201949E-002  0.96506126E-003  0.91444676E+000  0.45472666E+001  0.88193153E+001  0.15860294E+002  0.21714730E+002
 -0.93137382E+000 -0.83201913E+000 -0.54957415E+000 -0.18465454E+000 -0.52201718E-002  0.96507424E-003  0.91444111E+000  0.45472521E+001  0.88192993E+001  0.15860274E+002  0.21714704E+002
 -0.93137355E+000 -0.83201857E+000 -0.54957290E+000 -0.18465289E+000 -0.52201495E-002  0.96508702E-003  0.91443571E+000  0.45472382E+001  0.88192840E+001  0.15860256E+002  0.21714679E+002
 -0.93137329E+000 -0.83201803E+000 -0.54957169E+000 -0.18465130E+000 -0.52201279E-002  0.96509958E-003  0.91443056E+000  0.45472249E+001  0.88192694E+001  0.15860238E+002  0.21714656E+002
 -0.93137303E+000 -0.83201751E+000 -0.54957052E+000 -0.18464977E+000 -0.52201072E-002  0.96511191E-003  0.91442566E+000  0.45472121E+001  0.88192555E+001  0.15860222E+002  0.21714633E+002
 -0.93137279E+000 -0.83201701E+000 -0.54956940E+000 -0.18464831E+000 -0.52200872E-002  0.96512400E-003  0.91442099E+000  0.45471999E+001  0.88192423E+001  0.15860206E+002  0.21714611E+002
 -0.93137256E+000 -0.83201653E+000 -0.54956833E+000 -0.18464690E+000 -0.52200680E-002  0.96513583E-003  0.91441655E+000  0.45471883E+001  0.88192298E+001  0.15860192E+002  0.21714591E+002
 -0.93137234E+000 -0.83201608E+000 -0.54956730E+000 -0.18464555E+000 -0.52200495E-002  0.96514740E-003  0.91441234E+000  0.45471772E+001  0.88192179E+001  0.15860178E+002  0.21714571E+002
 -0.93137212E+000 -0.83201565E+000 -0.54956632E+000 -0.18464425E+000 -0.52200318E-002  0.96515870E-003  0.91440836E+000  0.45471665E+001  0.88192066E+001  0.15860165E+002  0.21714552E+002
 -0.93137192E+000 -0.83201523E+000 -0.54956537E+000 -0.18464301E+000 -0.52200148E-002  0.96516972E-003  0.91440459E+000  0.45471564E+001  0.88191959E+001  0.15860154E+002  0.21714533E+002
 -0.93137173E+000 -0.83201484E+000 -0.54956447E+000 -0.18464183E+000 -0.52199986E-002  0.96518045E-003  0.91440104E+000  0.45471468E+001  0.88191858E+001  0.15860142E+002  0.21714516E+002
 -0.93137155E+000 -0.83201446E+000 -0.54956362E+000 -0.18464070E+000 -0.52199830E-002  0.96519089E-003  0.91439769E+000  0.45471376E+001  0.88191763E+001  0.15860132E+002  0.21714499E+002
 -0.93137137E+000 -0.83201410E+000 -0.54956280E+000 -0.18463962E+000 -0.52199681E-002  0.96520104E-003  0.91439456E+000  0.45471289E+001  0.88191673E+001  0.15860123E+002  0.21714483E+002
 -0.93137121E+000 -0.83201376E+000 -0.54956202E+000 -0.18463859E+000 -0.52199538E-002  0.96521090E-003  0.91439161E+000  0.45471206E+001  0.88191589E+001  0.15860114E+002  0.21714468E+002
 -0.93137105E+000 -0.83201344E+000 -0.54956127E+000 -0.18463760E+000 -0.52199402E-002  0.96522045E-003  0.91438887E+000  0.45471128E+001  0.88191510E+001  0.15860106E+002  0.21714453E+002
 -0.93137090E+000 -0.83201313E+000 -0.54956056E+000 -0.18463667E+000 -0.52199272E-002  0.96522971E-003  0.91438631E+000  0.45471054E+001  0.88191436E+001  0.15860099E+002  0.21714439E+002
 -0.93137076E+000 -0.83201284E+000 -0.54955989E+000 -0.18463578E+000 -0.52199149E-002  0.96523867E-003  0.91438394E+000  0.45470984E+001  0.88191367E+001  0.15860093E+002  0.21714426E+002
 -0.93137062E+000 -0.83201256E+000 -0.54955925E+000 -0.18463493E+000 -0.52199031E-002  0.96524732E-003  0.91438174E+000  0.45470917E+001  0.88191303E+001  0.15860087E+002  0.21714413E+002
 -0.93137049E+000 -0.83201230E+000 -0.54955864E+000 -0.18463413E+000 -0.52198918E-002  0.96525568E-003  0.91437972E+000  0.45470855E+001  0.88191243E+001  0.15860082E+002  0.21714401E+002
 -0.93137037E+000 -0.83201205E+000 -0.54955807E+000 -0.18463336E+000 -0.52198811E-002  0.96526374E-003  0.91437787E+000  0.45470796E+001  0.88191188E+001  0.15860077E+002  0.21714390E+002
 -0.93137026E+000 -0.83201182E+000 -0.54955752E+000 -0.18463264E+000 -0.52198709E-002  0.96527150E-003  0.91437618E+000  0.45470741E+001  0.88191137E+001  0.15860073E+002  0.21714379E+002
 -0.93137015E+000 -0.83201160E+000 -0.54955700E+000 -0.18463195E+000 -0.52198613E-002  0.96527898E-003  0.91437464E+000  0.45470689E+001  0.88191090E+001  0.15860070E+002  0.21714368E+002
 -0.93137005E+000 -0.83201139E+000 -0.54955651E+000 -0.18463130E+000 -0.52198521E-002  0.96528617E-003  0.91437326E+000  0.45470640E+001  0.88191047E+001  0.15860068E+002  0.21714359E+002
 -0.93136995E+000 -0.83201119E+000 -0.54955605E+000 -0.18463068E+000 -0.52198434E-002  0.96529307E-003  0.91437203E+000  0.45470594E+001  0.88191008E+001  0.15860066E+002  0.21714349E+002
 -0.93136986E+000 -0.83201100E+000 -0.54955561E+000 -0.18463010E+000 -0.52198351E-002  0.96529970E-003  0.91437093E+000  0.45470552E+001  0.88190973E+001  0.15860064E+002  0.21714340E+002
 -0.93136978E+000 -0.83201082E+000 -0.54955519E+000 -0.18462954E+000 -0.52198272E-002  0.96530605E-003  0.91436998E+000  0.45470512E+001  0.88190941E+001  0.15860063E+002  0.21714332E+002
 -0.93136969E+000 -0.83201066E+000 -0.54955480E+000 -0.18462902E+000 -0.52198198E-002  0.96531213E-003  0.91436915E+000  0.45470476E+001  0.88190913E+001  0.15860063E+002  0.21714324E+002
 -0.93136962E+000 -0.83201050E+000 -0.54955443E+000 -0.18462853E+000 -0.52198128E-002  0.96531796E-003  0.91436845E+000  0.45470441E+001  0.88190888E+001  0.15860063E+002  0.21714316E+002
 -0.93136954E+000 -0.83201035E+000 -0.54955408E+000 -0.18462806E+000 -0.52198061E-002  0.96532353E-003  0.91436787E+000  0.45470410E+001  0.88190866E+001  0.15860063E+002  0.21714309E+002
 -0.93136948E+000 -0.83201021E+000 -0.54955375E+000 -0.18462762E+000 -0.52197998E-002  0.96532884E-003  0.91436740E+000  0.45470381E+001  0.88190847E+001  0.15860064E+002  0.21714302E+002
 -0.93136941E+000 -0.83201008E+000 -0.54955344E+000 -0.18462720E+000 -0.52197938E-002  0.96533392E-003  0.91436704E+000  0.45470354E+001  0.88190830E+001  0.15860066E+002  0.21714296E+002
 -0.93136935E+000 -0.83200995E+000 -0.54955314E+000 -0.18462681E+000 -0.52197882E-002  0.96533876E-003  0.91436679E+000  0.45470329E+001  0.88190817E+001  0.15860068E+002  0.21714289E+002
 -0.93136929E+000 -0.83200984E+000 -0.54955286E+000 -0.18462644E+000 -0.52197829E-002  0.96534337E-003  0.91436664E+000  0.45470307E+001  0.88190806E+001  0.15860070E+002  0.21714284E+002
 -0.93136924E+000 -0.83200973E+000 -0.54955260E+000 -0.18462609E+000 -0.52197778E-002  0.96534777E-003  0.91436658E+000  0.45470286E+001  0.88190797E+001  0.15860072E+002  0.21714278E+002
 -0.93136919E+000 -0.83200962E+000 -0.54955236E+000 -0.18462576E+000 -0.52197731E-002  0.96535194E-003  0.91436662E+000  0.45470268E+001  0.88190791E+001  0.15860075E+002  0.21714273E+002
 -0.93136914E+000 -0.83200952E+000 -0.54955212E+000 -0.18462545E+000 -0.52197686E-002  0.96535591E-003  0.91436674E+000  0.45470251E+001  0.88190786E+001  0.15860078E+002  0.21714268E+002
 -0.93136910E+000 -0.83200943E+000 -0.54955191E+000 -0.18462516E+000 -0.52197644E-002  0.96535969E-003  0.91436694E+000  0.45470236E+001  0.88190784E+001  0.15860082E+002  0.21714263E+002
 -0.93136905E+000 -0.83200934E+000 -0.54955170E+000 -0.18462488E+000 -0.52197604E-002  0.96536327E-003  0.91436721E+000  0.45470223E+001  0.88190784E+001  0.15860086E+002  0.21714259E+002
 -0.93136901E+000 -0.83200926E+000 -0.54955151E+000 -0.18462462E+000 -0.52197567E-002  0.96536666E-003  0.91436755E+000  0.45470211E+001  0.88190785E+001  0.15860090E+002  0.21714255E+002
 -0.93136898E+000 -0.83200919E+000 -0.54955133E+000 -0.18462438E+000 -0.52197531E-002  0.96536987E-003  0.91436797E+000  0.45470201E+001  0.88190789E+001  0.15860094E+002  0.21714251E+002
 -0.93136894E+000 -0.83200911E+000 -0.54955116E+000 -0.18462415E+000 -0.52197498E-002  0.96537292E-003  0.91436844E+000  0.45470192E+001  0.88190793E+001  0.15860098E+002  0.21714247E+002
 -0.93136891E+000 -0.83200905E+000 -0.54955099E+000 -0.18462394E+000 -0.52197467E-002  0.96537580E-003  0.91436897E+000  0.45470185E+001  0.88190800E+001  0.15860103E+002  0.21714244E+002
 -0.93136888E+000 -0.83200898E+000 -0.54955084E+000 -0.18462374E+000 -0.52197437E-002  0.96537853E-003  0.91436956E+000  0.45470178E+001  0.88190807E+001  0.15860108E+002  0.21714240E+002
 -0.93136885E+000 -0.83200892E+000 -0.54955070E+000 -0.18462355E+000 -0.52197410E-002  0.96538110E-003  0.91437020E+000  0.45470173E+001  0.88190816E+001  0.15860113E+002  0.21714237E+002
 -0.93136882E+000 -0.83200887E+000 -0.54955057E+000 -0.18462337E+000 -0.52197384E-002  0.96538353E-003  0.91437088E+000  0.45470169E+001  0.88190826E+001  0.15860118E+002  0.21714234E+002
 -0.93136879E+000 -0.83200881E+000 -0.54955045E+000 -0.18462320E+000 -0.52197359E-002  0.96538583E-003  0.91437161E+000  0.45470166E+001  0.88190838E+001  0.15860124E+002  0.21714231E+002
 -0.93136877E+000 -0.83200877E+000 -0.54955033E+000 -0.18462305E+000 -0.52197337E-002  0.96538799E-003  0.91437237E+000  0.45470164E+001  0.88190850E+001  0.15860129E+002  0.21714229E+002
 -0.93136875E+000 -0.83200872E+000 -0.54955022E+000 -0.18462290E+000 -0.52197315E-002  0.96539003E-003  0.91437318E+000  0.45470162E+001  0.88190863E+001  0.15860135E+002  0.21714226E+002
 -0.93136873E+000 -0.83200868E+000 -0.54955012E+000 -0.18462276E+000 -0.52197295E-002  0.96539195E-003  0.91437401E+000  0.45470162E+001  0.88190877E+001  0.15860141E+002  0.21714224E+002
 -0.93136871E+000 -0.83200864E+000 -0.54955002E+000 -0.18462263E+000 -0.52197276E-002  0.96539375E-003  0.91437487E+000  0.45470162E+001  0.88190891E+001  0.15860146E+002  0.21714222E+002
 -0.93136869E+000 -0.83200860E+000 -0.54954993E+000 -0.18462251E+000 -0.52197258E-002  0.96539545E-003  0.91437576E+000  0.45470163E+001  0.88190907E+001  0.15860152E+002  0.21714220E+002
 -0.93136867E+000 -0.83200856E+000 -0.54954985E+000 -0.18462240E+000 -0.52197242E-002  0.96539705E-003  0.91437666E+000  0.45470165E+001  0.88190923E+001  0.15860158E+002  0.21714218E+002
 -0.93136866E+000 -0.83200853E+000 -0.54954977E+000 -0.18462230E+000 -0.52197227E-002  0.96539855E-003  0.91437759E+000  0.45470167E+001  0.88190939E+001  0.15860164E+002  0.21714216E+002
 -0.93136864E+000 -0.83200850E+000 -0.54954970E+000 -0.18462220E+000 -0.52197212E-002  0.96539995E-003  0.91437853E+000  0.45470170E+001  0.88190956E+001  0.15860170E+002  0.21714214E+002
 -0.93136863E+000 -0.83200847E+000 -0.54954964E+000 -0.18462211E+000 -0.52197199E-002  0.96540127E-003  0.91437949E+000  0.45470173E+001  0.88190973E+001  0.15860176E+002  0.21714212E+002
 -0.93136862E+000 -0.83200845E+000 -0.54954958E+000 -0.18462203E+000 -0.52197187E-002  0.96540249E-003  0.91438045E+000  0.45470177E+001  0.88190991E+001  0.15860182E+002  0.21714211E+002
 -0.93136861E+000 -0.83200843E+000 -0.54954953E+000 -0.18462196E+000 -0.52197176E-002  0.96540362E-003  0.91438142E+000  0.45470181E+001  0.88191009E+001  0.15860188E+002  0.21714209E+002
 -0.93136860E+000 -0.83200841E+000 -0.54954949E+000 -0.18462190E+000 -0.52197168E-002  0.96540463E-003  0.91438238E+000  0.45470186E+001  0.88191028E+001  0.15860194E+002  0.21714208E+002
 -0.93136859E+000 -0.83200839E+000 -0.54954944E+000 -0.18462184E+000 -0.52197161E-002  0.96540556E-003  0.91438335E+000  0.45470190E+001  0.88191046E+001  0.15860201E+002  0.21714207E+002
