  0.00000000E+000  0.00000000E+000  0.00000000E+000  0.00000000E+000  0.41807241E-001  0.36709678E+000  0.69521197E+001  0.46718438E+002  0.11425223E+003  0.30249316E+003  0.59370656E+003
  0.00000000E+000  0.00000000E+000  0.00000000E+000  0.00000000E+000  0.41738367E-001  0.36674138E+000  0.69436865E+001  0.46647360E+002  0.11408631E+003  0.30203229E+003  0.59285973E+003
  0.00000000E+000  0.00000000E+000  0.00000000E+000  0.00000000E+000  0.41682901E-001  0.36644424E+000  0.69365344E+001  0.46587683E+002  0.11394372E+003  0.30164009E+003  0.59213969E+003
  0.00000000E+000  0.00000000E+000  0.00000000E+000  0.00000000E+000  0.41637167E-001  0.36619703E+000  0.69304849E+001  0.46537424E+002  0.11382225E+003  0.30130694E+003  0.59152824E+003
  0.00000000E+000  0.00000000E+000  0.00000000E+000  0.00000000E+000  0.41599099E-001  0.36599230E+000  0.69253778E+001  0.46494940E+002  0.11371928E+003  0.30102428E+003  0.59100958E+003
  0.00000000E+000  0.00000000E+000  0.00000000E+000  0.00000000E+000  0.41567387E-001  0.36582336E+000  0.69210736E+001  0.46458996E+002  0.11363203E+003  0.30078466E+003  0.59056999E+003
  0.00000000E+000  0.00000000E+000  0.00000000E+000  0.00000000E+000  0.41541050E-001  0.36568458E+000  0.69174331E+001  0.46428449E+002  0.11355814E+003  0.30058164E+003  0.59019764E+003
  0.00000000E+000  0.00000000E+000  0.00000000E+000  0.00000000E+000  0.41519299E-001  0.36557122E+000  0.69143544E+001  0.46402502E+002  0.11349558E+003  0.30040973E+003  0.58988244E+003
  0.00000000E+000  0.00000000E+000  0.00000000E+000  0.00000000E+000  0.41501458E-001  0.36547933E+000  0.69117519E+001  0.46380478E+002  0.11344262E+003  0.30026423E+003  0.58961576E+003
  0.00000000E+000  0.00000000E+000  0.00000000E+000  0.00000000E+000  0.41486958E-001  0.36540559E+000  0.69095525E+001  0.46361800E+002  0.11339781E+003  0.30014116E+003  0.58939028E+003
  0.00000000E+000  0.00000000E+000  0.00000000E+000  0.00000000E+000  0.41475318E-001  0.36534708E+000  0.69076958E+001  0.46345963E+002  0.11335994E+003  0.30003714E+003  0.58919979E+003
  0.00000000E+000  0.00000000E+000  0.00000000E+000  0.00000000E+000  0.41466131E-001  0.36530145E+000  0.69061304E+001  0.46332576E+002  0.11332798E+003  0.29994930E+003  0.58903903E+003
  0.00000000E+000  0.00000000E+000  0.00000000E+000  0.00000000E+000  0.41459052E-001  0.36526675E+000  0.69048130E+001  0.46321273E+002  0.11330102E+003  0.29987522E+003  0.58890355E+003
  0.00000000E+000  0.00000000E+000  0.00000000E+000  0.00000000E+000  0.41453795E-001  0.36524135E+000  0.69037068E+001  0.46311748E+002  0.11327833E+003  0.29981285E+003  0.58878956E+003
  0.00000000E+000  0.00000000E+000  0.00000000E+000  0.00000000E+000  0.41450114E-001  0.36522387E+000  0.69027805E+001  0.46303756E+002  0.11325926E+003  0.29976045E+003  0.58869388E+003
  0.00000000E+000  0.00000000E+000  0.00000000E+000  0.00000000E+000  0.41447805E-001  0.36521315E+000  0.69020080E+001  0.46297071E+002  0.11324329E+003  0.29971653E+003  0.58861378E+003
  0.00000000E+000  0.00000000E+000  0.00000000E+000  0.00000000E+000  0.41446693E-001  0.36520821E+000  0.69013671E+001  0.46291500E+002  0.11322996E+003  0.29967986E+003  0.58854697E+003
  0.00000000E+000  0.00000000E+000  0.00000000E+000  0.00000000E+000  0.41446631E-001  0.36520825E+000  0.69008388E+001  0.46286881E+002  0.11321889E+003  0.29964937E+003  0.58849151E+003
  0.00000000E+000  0.00000000E+000  0.00000000E+000  0.00000000E+000  0.41447495E-001  0.36521258E+000  0.69004073E+001  0.46283076E+002  0.11320975E+003  0.29962415E+003  0.58844573E+003
  0.00000000E+000  0.00000000E+000  0.00000000E+000  0.00000000E+000  0.41449177E-001  0.36522061E+000  0.69000589E+001  0.46279967E+002  0.11320226E+003  0.29960345E+003  0.58840822E+003
  0.00000000E+000  0.00000000E+000  0.00000000E+000  0.00000000E+000  0.41451588E-001  0.36523186E+000  0.68997822E+001  0.46277454E+002  0.11319618E+003  0.29958660E+003  0.58837779E+003
  0.00000000E+000  0.00000000E+000  0.00000000E+000  0.00000000E+000  0.41454651E-001  0.36524592E+000  0.68995672E+001  0.46275452E+002  0.11319131E+003  0.29957305E+003  0.58835341E+003
  0.00000000E+000  0.00000000E+000  0.00000000E+000  0.00000000E+000  0.41458301E-001  0.36526244E+000  0.68994057E+001  0.46273888E+002  0.11318747E+003  0.29956232E+003  0.58833421E+003
  0.00000000E+000  0.00000000E+000  0.00000000E+000  0.00000000E+000  0.41462483E-001  0.36528113E+000  0.68992905E+001  0.46272700E+002  0.11318453E+003  0.29955401E+003  0.58831943E+003
  0.00000000E+000  0.00000000E+000  0.00000000E+000  0.00000000E+000  0.41467150E-001  0.36530175E+000  0.68992156E+001  0.46271833E+002  0.11318234E+003  0.29954776E+003  0.58830843E+003
  0.00000000E+000  0.00000000E+000  0.00000000E+000  0.00000000E+000  0.41472262E-001  0.36532408E+000  0.68991759E+001  0.46271243E+002  0.11318081E+003  0.29954328E+003  0.58830067E+003
  0.00000000E+000  0.00000000E+000  0.00000000E+000  0.00000000E+000  0.41477785E-001  0.36534795E+000  0.68991668E+001  0.46270891E+002  0.11317984E+003  0.29954030E+003  0.58829567E+003
  0.00000000E+000  0.00000000E+000  0.00000000E+000  0.00000000E+000  0.41483693E-001  0.36537320E+000  0.68991847E+001  0.46270742E+002  0.11317934E+003  0.29953861E+003  0.58829302E+003
  0.00000000E+000  0.00000000E+000  0.00000000E+000  0.00000000E+000  0.41489962E-001  0.36539971E+000  0.68992264E+001  0.46270767E+002  0.11317925E+003  0.29953800E+003  0.58829237E+003
  0.00000000E+000  0.00000000E+000  0.00000000E+000  0.00000000E+000  0.41496575E-001  0.36542738E+000  0.68992892E+001  0.46270942E+002  0.11317951E+003  0.29953833E+003  0.58829342E+003
  0.00000000E+000  0.00000000E+000  0.00000000E+000  0.00000000E+000  0.41503515E-001  0.36545610E+000  0.68993707E+001  0.46271246E+002  0.11318007E+003  0.29953944E+003  0.58829590E+003
  0.00000000E+000  0.00000000E+000  0.00000000E+000  0.00000000E+000  0.41510773E-001  0.36548580E+000  0.68994691E+001  0.46271659E+002  0.11318089E+003  0.29954121E+003  0.58829960E+003
  0.00000000E+000  0.00000000E+000  0.00000000E+000  0.00000000E+000  0.41518340E-001  0.36551641E+000  0.68995827E+001  0.46272167E+002  0.11318192E+003  0.29954354E+003  0.58830432E+003
  0.00000000E+000  0.00000000E+000  0.00000000E+000  0.00000000E+000  0.41526211E-001  0.36554786E+000  0.68997101E+001  0.46272757E+002  0.11318313E+003  0.29954634E+003  0.58830989E+003
  0.00000000E+000  0.00000000E+000  0.00000000E+000  0.00000000E+000  0.41534384E-001  0.36558011E+000  0.68998502E+001  0.46273417E+002  0.11318450E+003  0.29954954E+003  0.58831618E+003
  0.00000000E+000  0.00000000E+000  0.00000000E+000  0.00000000E+000  0.41542857E-001  0.36561310E+000  0.69000021E+001  0.46274137E+002  0.11318600E+003  0.29955305E+003  0.58832306E+003
  0.00000000E+000  0.00000000E+000  0.00000000E+000  0.00000000E+000  0.41551633E-001  0.36564678E+000  0.69001650E+001  0.46274910E+002  0.11318761E+003  0.29955684E+003  0.58833044E+003
  0.00000000E+000  0.00000000E+000  0.00000000E+000  0.00000000E+000  0.41560716E-001  0.36568113E+000  0.69003383E+001  0.46275729E+002  0.11318932E+003  0.29956086E+003  0.58833822E+003
  0.00000000E+000  0.00000000E+000  0.00000000E+000  0.00000000E+000  0.41570109E-001  0.36571609E+000  0.69005215E+001  0.46276589E+002  0.11319111E+003  0.29956506E+003  0.58834634E+003
  0.00000000E+000  0.00000000E+000  0.00000000E+000  0.00000000E+000  0.41579820E-001  0.36575163E+000  0.69007142E+001  0.46277485E+002  0.11319298E+003  0.29956941E+003  0.58835473E+003
  0.00000000E+000  0.00000000E+000  0.00000000E+000  0.00000000E+000  0.41589855E-001  0.36578770E+000  0.69009161E+001  0.46278413E+002  0.11319491E+003  0.29957389E+003  0.58836335E+003
  0.00000000E+000  0.00000000E+000  0.00000000E+000  0.00000000E+000  0.41600223E-001  0.36582428E+000  0.69011270E+001  0.46279371E+002  0.11319689E+003  0.29957848E+003  0.58837216E+003
  0.00000000E+000  0.00000000E+000  0.00000000E+000  0.00000000E+000  0.41610929E-001  0.36586130E+000  0.69013468E+001  0.46280357E+002  0.11319892E+003  0.29958315E+003  0.58838112E+003
  0.00000000E+000  0.00000000E+000  0.00000000E+000  0.00000000E+000  0.41621982E-001  0.36589874E+000  0.69015752E+001  0.46281369E+002  0.11320099E+003  0.29958790E+003  0.58839021E+003
  0.00000000E+000  0.00000000E+000  0.00000000E+000  0.00000000E+000  0.41633389E-001  0.36593654E+000  0.69018122E+001  0.46282407E+002  0.11320310E+003  0.29959271E+003  0.58839939E+003
  0.00000000E+000  0.00000000E+000  0.00000000E+000  0.00000000E+000  0.41645154E-001  0.36597466E+000  0.69020577E+001  0.46283468E+002  0.11320525E+003  0.29959757E+003  0.58840867E+003
  0.00000000E+000  0.00000000E+000  0.00000000E+000  0.00000000E+000  0.41657281E-001  0.36601304E+000  0.69023117E+001  0.46284553E+002  0.11320744E+003  0.29960248E+003  0.58841801E+003
  0.00000000E+000  0.00000000E+000  0.00000000E+000  0.00000000E+000  0.41669770E-001  0.36605162E+000  0.69025741E+001  0.46285662E+002  0.11320965E+003  0.29960743E+003  0.58842741E+003
  0.00000000E+000  0.00000000E+000  0.00000000E+000  0.00000000E+000  0.41682622E-001  0.36609035E+000  0.69028449E+001  0.46286794E+002  0.11321190E+003  0.29961241E+003  0.58843685E+003
  0.00000000E+000  0.00000000E+000  0.00000000E+000  0.00000000E+000  0.41695830E-001  0.36612916E+000  0.69031241E+001  0.46287950E+002  0.11321418E+003  0.29961742E+003  0.58844634E+003
  0.00000000E+000  0.00000000E+000  0.00000000E+000  0.00000000E+000  0.41709387E-001  0.36616798E+000  0.69034116E+001  0.46289130E+002  0.11321649E+003  0.29962246E+003  0.58845585E+003
  0.00000000E+000  0.00000000E+000  0.00000000E+000  0.00000000E+000  0.41723282E-001  0.36620674E+000  0.69037075E+001  0.46290335E+002  0.11321884E+003  0.29962753E+003  0.58846539E+003
  0.00000000E+000  0.00000000E+000  0.00000000E+000  0.00000000E+000  0.41737498E-001  0.36624536E+000  0.69040117E+001  0.46291565E+002  0.11322121E+003  0.29963262E+003  0.58847495E+003
  0.00000000E+000  0.00000000E+000  0.00000000E+000  0.00000000E+000  0.41752016E-001  0.36628377E+000  0.69043242E+001  0.46292821E+002  0.11322361E+003  0.29963773E+003  0.58848451E+003
  0.00000000E+000  0.00000000E+000  0.00000000E+000  0.00000000E+000  0.41766812E-001  0.36632188E+000  0.69046449E+001  0.46294104E+002  0.11322605E+003  0.29964287E+003  0.58849408E+003
  0.00000000E+000  0.00000000E+000  0.00000000E+000  0.00000000E+000  0.41781858E-001  0.36635961E+000  0.69049738E+001  0.46295415E+002  0.11322851E+003  0.29964802E+003  0.58850365E+003
  0.00000000E+000  0.00000000E+000  0.00000000E+000  0.00000000E+000  0.41797121E-001  0.36639687E+000  0.69053108E+001  0.46296755E+002  0.11323101E+003  0.29965319E+003  0.58851322E+003
  0.00000000E+000  0.00000000E+000  0.00000000E+000  0.00000000E+000  0.41812565E-001  0.36643358E+000  0.69056560E+001  0.46298125E+002  0.11323355E+003  0.29965838E+003  0.58852277E+003
  0.00000000E+000  0.00000000E+000  0.00000000E+000  0.00000000E+000  0.41828150E-001  0.36646964E+000  0.69060093E+001  0.46299527E+002  0.11323611E+003  0.29966359E+003  0.58853231E+003
  0.00000000E+000  0.00000000E+000  0.00000000E+000  0.00000000E+000  0.41843833E-001  0.36650497E+000  0.69063706E+001  0.46300962E+002  0.11323872E+003  0.29966882E+003  0.58854184E+003
  0.00000000E+000  0.00000000E+000  0.00000000E+000  0.00000000E+000  0.41859568E-001  0.36653949E+000  0.69067399E+001  0.46302432E+002  0.11324136E+003  0.29967406E+003  0.58855134E+003
  0.00000000E+000  0.00000000E+000  0.00000000E+000  0.00000000E+000  0.41875305E-001  0.36657312E+000  0.69071171E+001  0.46303939E+002  0.11324405E+003  0.29967933E+003  0.58856083E+003
  0.00000000E+000  0.00000000E+000  0.00000000E+000  0.00000000E+000  0.41890995E-001  0.36660578E+000  0.69075022E+001  0.46305484E+002  0.11324677E+003  0.29968461E+003  0.58857029E+003
  0.00000000E+000  0.00000000E+000  0.00000000E+000  0.00000000E+000  0.41906585E-001  0.36663740E+000  0.69078951E+001  0.46307069E+002  0.11324954E+003  0.29968992E+003  0.58857972E+003
  0.00000000E+000  0.00000000E+000  0.00000000E+000  0.00000000E+000  0.41922022E-001  0.36666792E+000  0.69082959E+001  0.46308697E+002  0.11325236E+003  0.29969526E+003  0.58858912E+003
  0.00000000E+000  0.00000000E+000  0.00000000E+000  0.00000000E+000  0.41937253E-001  0.36669729E+000  0.69087044E+001  0.46310368E+002  0.11325523E+003  0.29970062E+003  0.58859850E+003
  0.00000000E+000  0.00000000E+000  0.00000000E+000  0.00000000E+000  0.41952224E-001  0.36672546E+000  0.69091208E+001  0.46312085E+002  0.11325816E+003  0.29970601E+003  0.58860785E+003
  0.00000000E+000  0.00000000E+000  0.00000000E+000  0.00000000E+000  0.41966885E-001  0.36675240E+000  0.69095449E+001  0.46313850E+002  0.11326114E+003  0.29971144E+003  0.58861717E+003
  0.00000000E+000  0.00000000E+000  0.00000000E+000  0.00000000E+000  0.41981187E-001  0.36677809E+000  0.69099768E+001  0.46315664E+002  0.11326418E+003  0.29971691E+003  0.58862647E+003
  0.00000000E+000  0.00000000E+000  0.00000000E+000  0.00000000E+000  0.41995084E-001  0.36680252E+000  0.69104165E+001  0.46317529E+002  0.11326728E+003  0.29972242E+003  0.58863574E+003
  0.00000000E+000  0.00000000E+000  0.00000000E+000  0.00000000E+000  0.42008534E-001  0.36682569E+000  0.69108639E+001  0.46319446E+002  0.11327046E+003  0.29972797E+003  0.58864499E+003
  0.00000000E+000  0.00000000E+000  0.00000000E+000  0.00000000E+000  0.42021501E-001  0.36684761E+000  0.69113191E+001  0.46321417E+002  0.11327370E+003  0.29973358E+003  0.58865422E+003
  0.00000000E+000  0.00000000E+000  0.00000000E+000  0.00000000E+000  0.42033951E-001  0.36686832E+000  0.69117819E+001  0.46323443E+002  0.11327701E+003  0.29973924E+003  0.58866342E+003
  0.00000000E+000  0.00000000E+000  0.00000000E+000  0.00000000E+000  0.42045856E-001  0.36688785E+000  0.69122524E+001  0.46325523E+002  0.11328041E+003  0.29974495E+003  0.58867261E+003
  0.00000000E+000  0.00000000E+000  0.00000000E+000  0.00000000E+000  0.42057193E-001  0.36690625E+000  0.69127305E+001  0.46327658E+002  0.11328388E+003  0.29975073E+003  0.58868177E+003
  0.00000000E+000  0.00000000E+000  0.00000000E+000  0.00000000E+000  0.42067945E-001  0.36692359E+000  0.69132160E+001  0.46329849E+002  0.11328743E+003  0.29975657E+003  0.58869092E+003
  0.00000000E+000  0.00000000E+000  0.00000000E+000  0.00000000E+000  0.42078096E-001  0.36693992E+000  0.69137088E+001  0.46332093E+002  0.11329106E+003  0.29976248E+003  0.58870004E+003
  0.00000000E+000  0.00000000E+000  0.00000000E+000  0.00000000E+000  0.42087640E-001  0.36695534E+000  0.69142089E+001  0.46334392E+002  0.11329478E+003  0.29976846E+003  0.58870914E+003
  0.00000000E+000  0.00000000E+000  0.00000000E+000  0.00000000E+000  0.42096572E-001  0.36696991E+000  0.69147159E+001  0.46336743E+002  0.11329858E+003  0.29977451E+003  0.58871822E+003
  0.00000000E+000  0.00000000E+000  0.00000000E+000  0.00000000E+000  0.42104892E-001  0.36698374E+000  0.69152298E+001  0.46339144E+002  0.11330247E+003  0.29978064E+003  0.58872727E+003
  0.00000000E+000  0.00000000E+000  0.00000000E+000  0.00000000E+000  0.42112606E-001  0.36699690E+000  0.69157502E+001  0.46341594E+002  0.11330645E+003  0.29978685E+003  0.58873629E+003
  0.00000000E+000  0.00000000E+000  0.00000000E+000  0.00000000E+000  0.42119723E-001  0.36700950E+000  0.69162769E+001  0.46344090E+002  0.11331051E+003  0.29979313E+003  0.58874527E+003
  0.00000000E+000  0.00000000E+000  0.00000000E+000  0.00000000E+000  0.42126256E-001  0.36702162E+000  0.69168097E+001  0.46346630E+002  0.11331466E+003  0.29979950E+003  0.58875423E+003
  0.00000000E+000  0.00000000E+000  0.00000000E+000  0.00000000E+000  0.42132221E-001  0.36703335E+000  0.69173482E+001  0.46349211E+002  0.11331889E+003  0.29980595E+003  0.58876314E+003
  0.00000000E+000  0.00000000E+000  0.00000000E+000  0.00000000E+000  0.42137639E-001  0.36704479E+000  0.69178922E+001  0.46351831E+002  0.11332320E+003  0.29981249E+003  0.58877202E+003
  0.00000000E+000  0.00000000E+000  0.00000000E+000  0.00000000E+000  0.42142531E-001  0.36705600E+000  0.69184412E+001  0.46354486E+002  0.11332759E+003  0.29981911E+003  0.58878086E+003
  0.00000000E+000  0.00000000E+000  0.00000000E+000  0.00000000E+000  0.42146922E-001  0.36706707E+000  0.69189949E+001  0.46357173E+002  0.11333207E+003  0.29982583E+003  0.58878966E+003
  0.00000000E+000  0.00000000E+000  0.00000000E+000  0.00000000E+000  0.42150840E-001  0.36707806E+000  0.69195529E+001  0.46359889E+002  0.11333662E+003  0.29983265E+003  0.58879843E+003
  0.00000000E+000  0.00000000E+000  0.00000000E+000  0.00000000E+000  0.42154312E-001  0.36708903E+000  0.69201147E+001  0.46362631E+002  0.11334124E+003  0.29983956E+003  0.58880716E+003
  0.00000000E+000  0.00000000E+000  0.00000000E+000  0.00000000E+000  0.42157367E-001  0.36710003E+000  0.69206801E+001  0.46365397E+002  0.11334594E+003  0.29984658E+003  0.58881587E+003
  0.00000000E+000  0.00000000E+000  0.00000000E+000  0.00000000E+000  0.42160037E-001  0.36711110E+000  0.69212484E+001  0.46368183E+002  0.11335070E+003  0.29985371E+003  0.58882455E+003
  0.00000000E+000  0.00000000E+000  0.00000000E+000  0.00000000E+000  0.42162350E-001  0.36712226E+000  0.69218191E+001  0.46370987E+002  0.11335554E+003  0.29986096E+003  0.58883322E+003
  0.00000000E+000  0.00000000E+000  0.00000000E+000  0.00000000E+000  0.42164337E-001  0.36713355E+000  0.69223918E+001  0.46373806E+002  0.11336044E+003  0.29986833E+003  0.58884188E+003
  0.00000000E+000  0.00000000E+000  0.00000000E+000  0.00000000E+000  0.42166028E-001  0.36714496E+000  0.69229658E+001  0.46376638E+002  0.11336541E+003  0.29987582E+003  0.58885054E+003
  0.00000000E+000  0.00000000E+000  0.00000000E+000  0.00000000E+000  0.42167452E-001  0.36715650E+000  0.69235405E+001  0.46379481E+002  0.11337044E+003  0.29988345E+003  0.58885923E+003
  0.00000000E+000  0.00000000E+000  0.00000000E+000  0.00000000E+000  0.42168636E-001  0.36716815E+000  0.69241152E+001  0.46382333E+002  0.11337553E+003  0.29989123E+003  0.58886794E+003
  0.00000000E+000  0.00000000E+000  0.00000000E+000  0.00000000E+000  0.42169607E-001  0.36717991E+000  0.69246893E+001  0.46385191E+002  0.11338068E+003  0.29989915E+003  0.58887670E+003
  0.00000000E+000  0.00000000E+000  0.00000000E+000  0.00000000E+000  0.42170390E-001  0.36719175E+000  0.69252620E+001  0.46388055E+002  0.11338589E+003  0.29990724E+003  0.58888551E+003
  0.00000000E+000  0.00000000E+000  0.00000000E+000  0.00000000E+000  0.42171009E-001  0.36720363E+000  0.69258326E+001  0.46390923E+002  0.11339115E+003  0.29991548E+003  0.58889440E+003
  0.00000000E+000  0.00000000E+000  0.00000000E+000  0.00000000E+000  0.42171487E-001  0.36721553E+000  0.69264002E+001  0.46393794E+002  0.11339647E+003  0.29992391E+003  0.58890339E+003
  0.00000000E+000  0.00000000E+000  0.00000000E+000  0.00000000E+000  0.42171842E-001  0.36722740E+000  0.69269642E+001  0.46396665E+002  0.11340184E+003  0.29993251E+003  0.58891248E+003
  0.00000000E+000  0.00000000E+000  0.00000000E+000  0.00000000E+000  0.42172094E-001  0.36723921E+000  0.69275235E+001  0.46399538E+002  0.11340726E+003  0.29994130E+003  0.58892171E+003
  0.00000000E+000  0.00000000E+000  0.00000000E+000  0.00000000E+000  0.42172260E-001  0.36725092E+000  0.69280776E+001  0.46402409E+002  0.11341273E+003  0.29995029E+003  0.58893109E+003
  0.00000000E+000  0.00000000E+000  0.00000000E+000  0.00000000E+000  0.42172354E-001  0.36726247E+000  0.69286254E+001  0.46405279E+002  0.11341824E+003  0.29995948E+003  0.58894063E+003
  0.00000000E+000  0.00000000E+000  0.00000000E+000  0.00000000E+000  0.42172391E-001  0.36727384E+000  0.69291663E+001  0.46408146E+002  0.11342380E+003  0.29996889E+003  0.58895036E+003
  0.00000000E+000  0.00000000E+000  0.00000000E+000  0.00000000E+000  0.42172381E-001  0.36728497E+000  0.69296994E+001  0.46411011E+002  0.11342941E+003  0.29997851E+003  0.58896031E+003
  0.00000000E+000  0.00000000E+000  0.00000000E+000  0.00000000E+000  0.42172335E-001  0.36729584E+000  0.69302240E+001  0.46413871E+002  0.11343506E+003  0.29998835E+003  0.58897048E+003
  0.00000000E+000  0.00000000E+000  0.00000000E+000  0.00000000E+000  0.42172263E-001  0.36730640E+000  0.69307393E+001  0.46416728E+002  0.11344074E+003  0.29999841E+003  0.58898089E+003
  0.00000000E+000  0.00000000E+000  0.00000000E+000  0.00000000E+000  0.42172172E-001  0.36731663E+000  0.69312448E+001  0.46419579E+002  0.11344646E+003  0.30000871E+003  0.58899158E+003
  0.00000000E+000  0.00000000E+000  0.00000000E+000  0.00000000E+000  0.42172068E-001  0.36732649E+000  0.69317397E+001  0.46422424E+002  0.11345222E+003  0.30001925E+003  0.58900256E+003
  0.00000000E+000  0.00000000E+000  0.00000000E+000  0.00000000E+000  0.42171957E-001  0.36733598E+000  0.69322236E+001  0.46425264E+002  0.11345801E+003  0.30003003E+003  0.58901384E+003
  0.00000000E+000  0.00000000E+000  0.00000000E+000  0.00000000E+000  0.42171844E-001  0.36734506E+000  0.69326959E+001  0.46428096E+002  0.11346383E+003  0.30004105E+003  0.58902544E+003
  0.00000000E+000  0.00000000E+000  0.00000000E+000  0.00000000E+000  0.42171732E-001  0.36735373E+000  0.69331561E+001  0.46430920E+002  0.11346968E+003  0.30005231E+003  0.58903740E+003
  0.00000000E+000  0.00000000E+000  0.00000000E+000  0.00000000E+000  0.42171624E-001  0.36736197E+000  0.69336040E+001  0.46433736E+002  0.11347555E+003  0.30006382E+003  0.58904971E+003
  0.00000000E+000  0.00000000E+000  0.00000000E+000  0.00000000E+000  0.42171522E-001  0.36736978E+000  0.69340392E+001  0.46436542E+002  0.11348144E+003  0.30007558E+003  0.58906240E+003
  0.00000000E+000  0.00000000E+000  0.00000000E+000  0.00000000E+000  0.42171429E-001  0.36737716E+000  0.69344614E+001  0.46439338E+002  0.11348736E+003  0.30008759E+003  0.58907549E+003
  0.00000000E+000  0.00000000E+000  0.00000000E+000  0.00000000E+000  0.42171345E-001  0.36738412E+000  0.69348705E+001  0.46442123E+002  0.11349329E+003  0.30009985E+003  0.58908900E+003
  0.00000000E+000  0.00000000E+000  0.00000000E+000  0.00000000E+000  0.42171271E-001  0.36739065E+000  0.69352664E+001  0.46444895E+002  0.11349923E+003  0.30011235E+003  0.58910293E+003
  0.00000000E+000  0.00000000E+000  0.00000000E+000  0.00000000E+000  0.42171208E-001  0.36739677E+000  0.69356491E+001  0.46447654E+002  0.11350519E+003  0.30012510E+003  0.58911730E+003
  0.00000000E+000  0.00000000E+000  0.00000000E+000  0.00000000E+000  0.42171156E-001  0.36740249E+000  0.69360184E+001  0.46450399E+002  0.11351115E+003  0.30013808E+003  0.58913212E+003
  0.00000000E+000  0.00000000E+000  0.00000000E+000  0.00000000E+000  0.42171116E-001  0.36740782E+000  0.69363745E+001  0.46453128E+002  0.11351712E+003  0.30015131E+003  0.58914742E+003
  0.00000000E+000  0.00000000E+000  0.00000000E+000  0.00000000E+000  0.42171086E-001  0.36741279E+000  0.69367174E+001  0.46455839E+002  0.11352309E+003  0.30016477E+003  0.58916319E+003
  0.00000000E+000  0.00000000E+000  0.00000000E+000  0.00000000E+000  0.42171067E-001  0.36741740E+000  0.69370473E+001  0.46458533E+002  0.11352906E+003  0.30017845E+003  0.58917945E+003
  0.00000000E+000  0.00000000E+000  0.00000000E+000  0.00000000E+000  0.42171059E-001  0.36742167E+000  0.69373644E+001  0.46461206E+002  0.11353503E+003  0.30019237E+003  0.58919620E+003
  0.00000000E+000  0.00000000E+000  0.00000000E+000  0.00000000E+000  0.42171060E-001  0.36742563E+000  0.69376689E+001  0.46463857E+002  0.11354099E+003  0.30020649E+003  0.58921346E+003
  0.00000000E+000  0.00000000E+000  0.00000000E+000  0.00000000E+000  0.42171070E-001  0.36742929E+000  0.69379610E+001  0.46466486E+002  0.11354694E+003  0.30022083E+003  0.58923123E+003
  0.00000000E+000  0.00000000E+000  0.00000000E+000  0.00000000E+000  0.42171089E-001  0.36743268E+000  0.69382409E+001  0.46469089E+002  0.11355288E+003  0.30023537E+003  0.58924952E+003
  0.00000000E+000  0.00000000E+000  0.00000000E+000  0.00000000E+000  0.42171116E-001  0.36743581E+000  0.69385089E+001  0.46471666E+002  0.11355880E+003  0.30025011E+003  0.58926832E+003
  0.00000000E+000  0.00000000E+000  0.00000000E+000  0.00000000E+000  0.42171150E-001  0.36743870E+000  0.69387654E+001  0.46474215E+002  0.11356470E+003  0.30026503E+003  0.58928765E+003
  0.00000000E+000  0.00000000E+000  0.00000000E+000  0.00000000E+000  0.42171191E-001  0.36744137E+000  0.69390106E+001  0.46476733E+002  0.11357058E+003  0.30028013E+003  0.58930750E+003
  0.00000000E+000  0.00000000E+000  0.00000000E+000  0.00000000E+000  0.42171238E-001  0.36744384E+000  0.69392449E+001  0.46479220E+002  0.11357643E+003  0.30029540E+003  0.58932787E+003
  0.00000000E+000  0.00000000E+000  0.00000000E+000  0.00000000E+000  0.42171291E-001  0.36744612E+000  0.69394684E+001  0.46481673E+002  0.11358226E+003  0.30031082E+003  0.58934876E+003
  0.00000000E+000  0.00000000E+000  0.00000000E+000  0.00000000E+000  0.42171348E-001  0.36744824E+000  0.69396817E+001  0.46484091E+002  0.11358805E+003  0.30032639E+003  0.58937017E+003
  0.00000000E+000  0.00000000E+000  0.00000000E+000  0.00000000E+000  0.42171410E-001  0.36745020E+000  0.69398849E+001  0.46486472E+002  0.11359381E+003  0.30034209E+003  0.58939208E+003
  0.00000000E+000  0.00000000E+000  0.00000000E+000  0.00000000E+000  0.42171475E-001  0.36745202E+000  0.69400785E+001  0.46488815E+002  0.11359952E+003  0.30035792E+003  0.58941451E+003
  0.00000000E+000  0.00000000E+000  0.00000000E+000  0.00000000E+000  0.42171544E-001  0.36745371E+000  0.69402627E+001  0.46491117E+002  0.11360520E+003  0.30037386E+003  0.58943743E+003
  0.00000000E+000  0.00000000E+000  0.00000000E+000  0.00000000E+000  0.42171616E-001  0.36745529E+000  0.69404378E+001  0.46493377E+002  0.11361083E+003  0.30038991E+003  0.58946084E+003
  0.00000000E+000  0.00000000E+000  0.00000000E+000  0.00000000E+000  0.42171689E-001  0.36745676E+000  0.69406042E+001  0.46495594E+002  0.11361641E+003  0.30040604E+003  0.58948473E+003
  0.00000000E+000  0.00000000E+000  0.00000000E+000  0.00000000E+000  0.42171765E-001  0.36745814E+000  0.69407623E+001  0.46497766E+002  0.11362195E+003  0.30042225E+003  0.58950908E+003
  0.00000000E+000  0.00000000E+000  0.00000000E+000  0.00000000E+000  0.42171842E-001  0.36745944E+000  0.69409122E+001  0.46499893E+002  0.11362742E+003  0.30043852E+003  0.58953389E+003
  0.00000000E+000  0.00000000E+000  0.00000000E+000  0.00000000E+000  0.42171921E-001  0.36746066E+000  0.69410544E+001  0.46501972E+002  0.11363285E+003  0.30045485E+003  0.58955913E+003
  0.00000000E+000  0.00000000E+000  0.00000000E+000  0.00000000E+000  0.42172000E-001  0.36746181E+000  0.69411890E+001  0.46504003E+002  0.11363821E+003  0.30047121E+003  0.58958480E+003
  0.00000000E+000  0.00000000E+000  0.00000000E+000  0.00000000E+000  0.42172080E-001  0.36746290E+000  0.69413165E+001  0.46505985E+002  0.11364350E+003  0.30048760E+003  0.58961088E+003
  0.00000000E+000  0.00000000E+000  0.00000000E+000  0.00000000E+000  0.42172160E-001  0.36746393E+000  0.69414371E+001  0.46507917E+002  0.11364873E+003  0.30050401E+003  0.58963735E+003
  0.00000000E+000  0.00000000E+000  0.00000000E+000  0.00000000E+000  0.42172239E-001  0.36746491E+000  0.69415512E+001  0.46509798E+002  0.11365389E+003  0.30052041E+003  0.58966418E+003
  0.00000000E+000  0.00000000E+000  0.00000000E+000  0.00000000E+000  0.42172319E-001  0.36746585E+000  0.69416589E+001  0.46511628E+002  0.11365898E+003  0.30053681E+003  0.58969137E+003
  0.00000000E+000  0.00000000E+000  0.00000000E+000  0.00000000E+000  0.42172398E-001  0.36746674E+000  0.69417606E+001  0.46513406E+002  0.11366400E+003  0.30055318E+003  0.58971889E+003
  0.00000000E+000  0.00000000E+000  0.00000000E+000  0.00000000E+000  0.42172476E-001  0.36746759E+000  0.69418565E+001  0.46515132E+002  0.11366894E+003  0.30056952E+003  0.58974672E+003
  0.00000000E+000  0.00000000E+000  0.00000000E+000  0.00000000E+000  0.42172553E-001  0.36746841E+000  0.69419470E+001  0.46516806E+002  0.11367379E+003  0.30058581E+003  0.58977483E+003
  0.00000000E+000  0.00000000E+000  0.00000000E+000  0.00000000E+000  0.42172629E-001  0.36746920E+000  0.69420322E+001  0.46518428E+002  0.11367857E+003  0.30060204E+003  0.58980321E+003
  0.00000000E+000  0.00000000E+000  0.00000000E+000  0.00000000E+000  0.42172704E-001  0.36746995E+000  0.69421125E+001  0.46519997E+002  0.11368326E+003  0.30061820E+003  0.58983184E+003
  0.00000000E+000  0.00000000E+000  0.00000000E+000  0.00000000E+000  0.42172778E-001  0.36747068E+000  0.69421880E+001  0.46521514E+002  0.11368787E+003  0.30063428E+003  0.58986068E+003
  0.00000000E+000  0.00000000E+000  0.00000000E+000  0.00000000E+000  0.42172850E-001  0.36747138E+000  0.69422590E+001  0.46522979E+002  0.11369238E+003  0.30065026E+003  0.58988971E+003
  0.00000000E+000  0.00000000E+000  0.00000000E+000  0.00000000E+000  0.42172921E-001  0.36747206E+000  0.69423258E+001  0.46524393E+002  0.11369681E+003  0.30066614E+003  0.58991891E+003
  0.00000000E+000  0.00000000E+000  0.00000000E+000  0.00000000E+000  0.42172990E-001  0.36747271E+000  0.69423886E+001  0.46525755E+002  0.11370114E+003  0.30068190E+003  0.58994826E+003
  0.00000000E+000  0.00000000E+000  0.00000000E+000  0.00000000E+000  0.42173057E-001  0.36747334E+000  0.69424476E+001  0.46527067E+002  0.11370538E+003  0.30069753E+003  0.58997772E+003
  0.00000000E+000  0.00000000E+000  0.00000000E+000  0.00000000E+000  0.42173123E-001  0.36747395E+000  0.69425029E+001  0.46528329E+002  0.11370953E+003  0.30071303E+003  0.59000729E+003
  0.00000000E+000  0.00000000E+000  0.00000000E+000  0.00000000E+000  0.42173186E-001  0.36747453E+000  0.69425549E+001  0.46529542E+002  0.11371358E+003  0.30072838E+003  0.59003692E+003
  0.00000000E+000  0.00000000E+000  0.00000000E+000  0.00000000E+000  0.42173248E-001  0.36747510E+000  0.69426037E+001  0.46530706E+002  0.11371753E+003  0.30074358E+003  0.59006659E+003
  0.00000000E+000  0.00000000E+000  0.00000000E+000  0.00000000E+000  0.42173309E-001  0.36747565E+000  0.69426494E+001  0.46531823E+002  0.11372138E+003  0.30075860E+003  0.59009628E+003
  0.00000000E+000  0.00000000E+000  0.00000000E+000  0.00000000E+000  0.42173367E-001  0.36747618E+000  0.69426923E+001  0.46532894E+002  0.11372513E+003  0.30077346E+003  0.59012597E+003
  0.00000000E+000  0.00000000E+000  0.00000000E+000  0.00000000E+000  0.42173423E-001  0.36747670E+000  0.69427325E+001  0.46533919E+002  0.11372879E+003  0.30078813E+003  0.59015563E+003
  0.00000000E+000  0.00000000E+000  0.00000000E+000  0.00000000E+000  0.42173478E-001  0.36747719E+000  0.69427702E+001  0.46534900E+002  0.11373234E+003  0.30080260E+003  0.59018523E+003
  0.00000000E+000  0.00000000E+000  0.00000000E+000  0.00000000E+000  0.42173530E-001  0.36747767E+000  0.69428056E+001  0.46535837E+002  0.11373580E+003  0.30081688E+003  0.59021476E+003
  0.00000000E+000  0.00000000E+000  0.00000000E+000  0.00000000E+000  0.42173581E-001  0.36747813E+000  0.69428387E+001  0.46536732E+002  0.11373915E+003  0.30083095E+003  0.59024418E+003
  0.00000000E+000  0.00000000E+000  0.00000000E+000  0.00000000E+000  0.42173630E-001  0.36747858E+000  0.69428698E+001  0.46537586E+002  0.11374240E+003  0.30084481E+003  0.59027348E+003
  0.00000000E+000  0.00000000E+000  0.00000000E+000  0.00000000E+000  0.42173677E-001  0.36747901E+000  0.69428989E+001  0.46538401E+002  0.11374556E+003  0.30085844E+003  0.59030262E+003
  0.00000000E+000  0.00000000E+000  0.00000000E+000  0.00000000E+000  0.42173722E-001  0.36747942E+000  0.69429262E+001  0.46539177E+002  0.11374861E+003  0.30087185E+003  0.59033160E+003
  0.00000000E+000  0.00000000E+000  0.00000000E+000  0.00000000E+000  0.42173765E-001  0.36747982E+000  0.69429518E+001  0.46539915E+002  0.11375157E+003  0.30088502E+003  0.59036039E+003
  0.00000000E+000  0.00000000E+000  0.00000000E+000  0.00000000E+000  0.42173807E-001  0.36748020E+000  0.69429758E+001  0.46540617E+002  0.11375442E+003  0.30089796E+003  0.59038896E+003
  0.00000000E+000  0.00000000E+000  0.00000000E+000  0.00000000E+000  0.42173847E-001  0.36748057E+000  0.69429983E+001  0.46541285E+002  0.11375718E+003  0.30091065E+003  0.59041729E+003
  0.00000000E+000  0.00000000E+000  0.00000000E+000  0.00000000E+000  0.42173885E-001  0.36748093E+000  0.69430194E+001  0.46541919E+002  0.11375985E+003  0.30092309E+003  0.59044538E+003
  0.00000000E+000  0.00000000E+000  0.00000000E+000  0.00000000E+000  0.42173922E-001  0.36748127E+000  0.69430392E+001  0.46542520E+002  0.11376242E+003  0.30093528E+003  0.59047318E+003
  0.00000000E+000  0.00000000E+000  0.00000000E+000  0.00000000E+000  0.42173957E-001  0.36748159E+000  0.69430577E+001  0.46543091E+002  0.11376489E+003  0.30094721E+003  0.59050070E+003
  0.00000000E+000  0.00000000E+000  0.00000000E+000  0.00000000E+000  0.42173990E-001  0.36748191E+000  0.69430752E+001  0.46543631E+002  0.11376728E+003  0.30095888E+003  0.59052791E+003
  0.00000000E+000  0.00000000E+000  0.00000000E+000  0.00000000E+000  0.42174023E-001  0.36748221E+000  0.69430915E+001  0.46544143E+002  0.11376957E+003  0.30097029E+003  0.59055479E+003
  0.00000000E+000  0.00000000E+000  0.00000000E+000  0.00000000E+000  0.42174053E-001  0.36748250E+000  0.69431069E+001  0.46544627E+002  0.11377177E+003  0.30098144E+003  0.59058133E+003
  0.00000000E+000  0.00000000E+000  0.00000000E+000  0.00000000E+000  0.42174082E-001  0.36748278E+000  0.69431213E+001  0.46545085E+002  0.11377389E+003  0.30099231E+003  0.59060751E+003
  0.00000000E+000  0.00000000E+000  0.00000000E+000  0.00000000E+000  0.42174110E-001  0.36748304E+000  0.69431349E+001  0.46545518E+002  0.11377592E+003  0.30100292E+003  0.59063332E+003
  0.00000000E+000  0.00000000E+000  0.00000000E+000  0.00000000E+000  0.42174137E-001  0.36748330E+000  0.69431476E+001  0.46545926E+002  0.11377787E+003  0.30101326E+003  0.59065874E+003
  0.00000000E+000  0.00000000E+000  0.00000000E+000  0.00000000E+000  0.42174162E-001  0.36748354E+000  0.69431596E+001  0.46546312E+002  0.11377974E+003  0.30102332E+003  0.59068376E+003
  0.00000000E+000  0.00000000E+000  0.00000000E+000  0.00000000E+000  0.42174187E-001  0.36748377E+000  0.69431708E+001  0.46546676E+002  0.11378152E+003  0.30103312E+003  0.59070836E+003
  0.00000000E+000  0.00000000E+000  0.00000000E+000  0.00000000E+000  0.42174210E-001  0.36748399E+000  0.69431814E+001  0.46547019E+002  0.11378323E+003  0.30104264E+003  0.59073255E+003
  0.00000000E+000  0.00000000E+000  0.00000000E+000  0.00000000E+000  0.42174232E-001  0.36748420E+000  0.69431913E+001  0.46547342E+002  0.11378486E+003  0.30105189E+003  0.59075630E+003
  0.00000000E+000  0.00000000E+000  0.00000000E+000  0.00000000E+000  0.42174253E-001  0.36748441E+000  0.69432007E+001  0.46547646E+002  0.11378642E+003  0.30106087E+003  0.59077961E+003
  0.00000000E+000  0.00000000E+000  0.00000000E+000  0.00000000E+000  0.42174273E-001  0.36748460E+000  0.69432095E+001  0.46547933E+002  0.11378791E+003  0.30106959E+003  0.59080247E+003
  0.00000000E+000  0.00000000E+000  0.00000000E+000  0.00000000E+000  0.42174292E-001  0.36748478E+000  0.69432178E+001  0.46548202E+002  0.11378933E+003  0.30107803E+003  0.59082487E+003
  0.00000000E+000  0.00000000E+000  0.00000000E+000  0.00000000E+000  0.42174311E-001  0.36748496E+000  0.69432256E+001  0.46548456E+002  0.11379069E+003  0.30108622E+003  0.59084680E+003
  0.00000000E+000  0.00000000E+000  0.00000000E+000  0.00000000E+000  0.42174328E-001  0.36748513E+000  0.69432330E+001  0.46548694E+002  0.11379197E+003  0.30109413E+003  0.59086825E+003
  0.00000000E+000  0.00000000E+000  0.00000000E+000  0.00000000E+000  0.42174345E-001  0.36748529E+000  0.69432399E+001  0.46548917E+002  0.11379320E+003  0.30110179E+003  0.59088923E+003
  0.00000000E+000  0.00000000E+000  0.00000000E+000  0.00000000E+000  0.42174361E-001  0.36748544E+000  0.69432464E+001  0.46549127E+002  0.11379437E+003  0.30110919E+003  0.59090973E+003
  0.00000000E+000  0.00000000E+000  0.00000000E+000  0.00000000E+000  0.42174377E-001  0.36748559E+000  0.69432526E+001  0.46549324E+002  0.11379547E+003  0.30111634E+003  0.59092974E+003
  0.00000000E+000  0.00000000E+000  0.00000000E+000  0.00000000E+000  0.42174392E-001  0.36748573E+000  0.69432584E+001  0.46549509E+002  0.11379653E+003  0.30112324E+003  0.59094926E+003
  0.00000000E+000  0.00000000E+000  0.00000000E+000  0.00000000E+000  0.42174406E-001  0.36748586E+000  0.69432639E+001  0.46549683E+002  0.11379753E+003  0.30112989E+003  0.59096829E+003
  0.00000000E+000  0.00000000E+000  0.00000000E+000  0.00000000E+000  0.42174420E-001  0.36748599E+000  0.69432690E+001  0.46549845E+002  0.11379847E+003  0.30113630E+003  0.59098683E+003
  0.00000000E+000  0.00000000E+000  0.00000000E+000  0.00000000E+000  0.42174433E-001  0.36748611E+000  0.69432739E+001  0.46549998E+002  0.11379937E+003  0.30114246E+003  0.59100487E+003
  0.00000000E+000  0.00000000E+000  0.00000000E+000  0.00000000E+000  0.42174446E-001  0.36748623E+000  0.69432785E+001  0.46550140E+002  0.11380022E+003  0.30114840E+003  0.59102243E+003
  0.00000000E+000  0.00000000E+000  0.00000000E+000  0.00000000E+000  0.42174459E-001  0.36748634E+000  0.69432829E+001  0.46550274E+002  0.11380102E+003  0.30115410E+003  0.59103949E+003
  0.00000000E+000  0.00000000E+000  0.00000000E+000  0.00000000E+000  0.42174471E-001  0.36748645E+000  0.69432870E+001  0.46550399E+002  0.11380179E+003  0.30115959E+003  0.59105605E+003
  0.00000000E+000  0.00000000E+000  0.00000000E+000  0.00000000E+000  0.42174482E-001  0.36748655E+000  0.69432908E+001  0.46550516E+002  0.11380250E+003  0.30116484E+003  0.59107213E+003
