  0.30237416E+002
  0.30237724E+002
  0.30238016E+002
  0.30238279E+002
  0.30238511E+002
  0.30238713E+002
  0.30238890E+002
  0.30239043E+002
  0.30239176E+002
  0.30239291E+002
  0.30239391E+002
  0.30239479E+002
  0.30239555E+002
  0.30239621E+002
  0.30239679E+002
  0.30239730E+002
  0.30239775E+002
  0.30239814E+002
  0.30239849E+002
  0.30239880E+002
  0.30239907E+002
  0.30239931E+002
  0.30239953E+002
  0.30239972E+002
  0.30239989E+002
  0.30240005E+002
  0.30240019E+002
  0.30240032E+002
  0.30240043E+002
  0.30240053E+002
  0.30240063E+002
  0.30240072E+002
  0.30240080E+002
  0.30240087E+002
  0.30240094E+002
  0.30240100E+002
  0.30240106E+002
  0.30240112E+002
  0.30240117E+002
  0.30240121E+002
  0.30240126E+002
  0.30240130E+002
  0.30240134E+002
  0.30240138E+002
  0.30240141E+002
  0.30240144E+002
  0.30240147E+002
  0.30240150E+002
  0.30240152E+002
  0.30240155E+002
  0.30240157E+002
  0.30240159E+002
  0.30240161E+002
  0.30240162E+002
  0.30240164E+002
  0.30240165E+002
  0.30240166E+002
  0.30240167E+002
  0.30240168E+002
  0.30240168E+002
  0.30240169E+002
  0.30240169E+002
  0.30240170E+002
  0.30240170E+002
  0.30240170E+002
  0.30240170E+002
  0.30240169E+002
  0.30240169E+002
  0.30240169E+002
  0.30240168E+002
  0.30240167E+002
  0.30240166E+002
  0.30240165E+002
  0.30240164E+002
  0.30240163E+002
  0.30240161E+002
  0.30240160E+002
  0.30240158E+002
  0.30240156E+002
  0.30240154E+002
  0.30240152E+002
  0.30240149E+002
  0.30240146E+002
  0.30240143E+002
  0.30240140E+002
  0.30240137E+002
  0.30240134E+002
  0.30240130E+002
  0.30240126E+002
  0.30240122E+002
  0.30240118E+002
  0.30240113E+002
  0.30240109E+002
  0.30240104E+002
  0.30240099E+002
  0.30240094E+002
  0.30240089E+002
  0.30240083E+002
  0.30240077E+002
  0.30240071E+002
  0.30240065E+002
  0.30240059E+002
  0.30240052E+002
  0.30240045E+002
  0.30240038E+002
  0.30240030E+002
  0.30240023E+002
  0.30240015E+002
  0.30240006E+002
  0.30239998E+002
  0.30239989E+002
  0.30239980E+002
  0.30239970E+002
  0.30239960E+002
  0.30239950E+002
  0.30239940E+002
  0.30239929E+002
  0.30239917E+002
  0.30239905E+002
  0.30239893E+002
  0.30239881E+002
  0.30239867E+002
  0.30239854E+002
  0.30239840E+002
  0.30239825E+002
  0.30239811E+002
  0.30239795E+002
  0.30239779E+002
  0.30239763E+002
  0.30239746E+002
  0.30239729E+002
  0.30239711E+002
  0.30239693E+002
  0.30239674E+002
  0.30239654E+002
  0.30239635E+002
  0.30239614E+002
  0.30239594E+002
  0.30239572E+002
  0.30239551E+002
  0.30239528E+002
  0.30239506E+002
  0.30239483E+002
  0.30239459E+002
  0.30239435E+002
  0.30239411E+002
  0.30239386E+002
  0.30239361E+002
  0.30239335E+002
  0.30239310E+002
  0.30239283E+002
  0.30239257E+002
  0.30239230E+002
  0.30239203E+002
  0.30239176E+002
  0.30239148E+002
  0.30239121E+002
  0.30239093E+002
  0.30239064E+002
  0.30239036E+002
  0.30239008E+002
  0.30238979E+002
  0.30238951E+002
  0.30238922E+002
  0.30238893E+002
  0.30238864E+002
  0.30238836E+002
  0.30238807E+002
  0.30238778E+002
  0.30238750E+002
  0.30238721E+002
  0.30238693E+002
  0.30238664E+002
  0.30238636E+002
  0.30238608E+002
  0.30238580E+002
  0.30238552E+002
  0.30238525E+002
  0.30238498E+002
  0.30238471E+002
  0.30238444E+002
  0.30238418E+002
  0.30238391E+002
  0.30238366E+002
  0.30238340E+002
  0.30238315E+002
  0.30238290E+002
  0.30238265E+002
  0.30238241E+002
  0.30238217E+002
  0.30238194E+002
  0.30238171E+002
  0.30238148E+002
  0.30238126E+002
  0.30238104E+002
  0.30238082E+002
  0.30238061E+002
  0.30238041E+002
  0.30238020E+002
  0.30238001E+002
