  0.14903122E+001  0.10213617E+001  0.71078078E+001  0.11133020E+003
  0.14904866E+001  0.10234304E+001  0.71059544E+001  0.11133104E+003
  0.14911230E+001  0.10225793E+001  0.71064807E+001  0.11133190E+003
  0.14914671E+001  0.10232641E+001  0.71056989E+001  0.11133270E+003
  0.14915616E+001  0.10258177E+001  0.71032466E+001  0.11133343E+003
  0.14931554E+001  0.10250039E+001  0.71026220E+001  0.11133409E+003
  0.14937460E+001  0.10246819E+001  0.71024769E+001  0.11133467E+003
  0.14961136E+001  0.10301318E+001  0.70947563E+001  0.11133518E+003
  0.14964839E+001  0.10301542E+001  0.70944386E+001  0.11133564E+003
  0.14978369E+001  0.10289896E+001  0.70943075E+001  0.11133604E+003
  0.14979396E+001  0.10289493E+001  0.70942876E+001  0.11133640E+003
  0.14995705E+001  0.10273687E+001  0.70942679E+001  0.11133672E+003
  0.15001129E+001  0.10310445E+001  0.70900702E+001  0.11133700E+003
  0.15001190E+001  0.10310708E+001  0.70900504E+001  0.11133726E+003
  0.15012860E+001  0.10299302E+001  0.70900299E+001  0.11133748E+003
  0.15012864E+001  0.10301666E+001  0.70897935E+001  0.11133769E+003
  0.15012856E+001  0.10301826E+001  0.70897741E+001  0.11133787E+003
  0.15014167E+001  0.10300622E+001  0.70897556E+001  0.11133804E+003
  0.15014350E+001  0.10300517E+001  0.70946960E+001  0.11125990E+003
  0.15014290E+001  0.10300628E+001  0.70949177E+001  0.11125625E+003
  0.15014220E+001  0.10300723E+001  0.70951555E+001  0.11125235E+003
  0.15014143E+001  0.10300899E+001  0.70953970E+001  0.11124823E+003
  0.15014060E+001  0.10300975E+001  0.70956575E+001  0.11124396E+003
  0.15013972E+001  0.10301037E+001  0.70959262E+001  0.11123957E+003
  0.15013881E+001  0.10301089E+001  0.70896250E+001  0.11133885E+003
  0.15013787E+001  0.10301134E+001  0.70896101E+001  0.11133893E+003
  0.15013691E+001  0.10301166E+001  0.70895964E+001  0.11133901E+003
  0.15013593E+001  0.10301195E+001  0.70895827E+001  0.11133908E+003
  0.15013495E+001  0.10301266E+001  0.70895647E+001  0.11133914E+003
  0.15013396E+001  0.10301352E+001  0.70895453E+001  0.11133921E+003
  0.15013297E+001  0.10301435E+001  0.70895261E+001  0.11133927E+003
  0.15013198E+001  0.10301508E+001  0.70895080E+001  0.11133932E+003
  0.15013099E+001  0.10301567E+001  0.70894912E+001  0.11133937E+003
  0.15013001E+001  0.10301689E+001  0.70894682E+001  0.11133942E+003
  0.15012904E+001  0.10301718E+001  0.70894545E+001  0.11133947E+003
  0.15012807E+001  0.10301734E+001  0.70894422E+001  0.11133952E+003
  0.15012711E+001  0.10301738E+001  0.70894311E+001  0.11133956E+003
  0.15012617E+001  0.10301732E+001  0.70894211E+001  0.11133960E+003
  0.15012523E+001  0.10301716E+001  0.70894120E+001  0.11133964E+003
  0.15012430E+001  0.10301694E+001  0.70894038E+001  0.11133968E+003
  0.15012338E+001  0.10301665E+001  0.70893961E+001  0.11133972E+003
  0.15012246E+001  0.10301632E+001  0.70893890E+001  0.11133976E+003
  0.15012155E+001  0.10301595E+001  0.70893823E+001  0.11133979E+003
  0.15012065E+001  0.10301554E+001  0.70893760E+001  0.11133983E+003
  0.15011975E+001  0.10301513E+001  0.70893699E+001  0.11133986E+003
  0.15011886E+001  0.10301469E+001  0.70893639E+001  0.11133989E+003
  0.15011797E+001  0.10301426E+001  0.70893581E+001  0.11133992E+003
  0.15011708E+001  0.10301304E+001  0.70893602E+001  0.11133995E+003
  0.15011620E+001  0.10301261E+001  0.70893545E+001  0.11133998E+003
  0.15011531E+001  0.10301219E+001  0.70893488E+001  0.11134001E+003
  0.15011443E+001  0.10301178E+001  0.70893432E+001  0.11134004E+003
  0.15011354E+001  0.10301139E+001  0.70893376E+001  0.11134006E+003
  0.15011265E+001  0.10301101E+001  0.70893320E+001  0.11134009E+003
  0.15011176E+001  0.10301065E+001  0.70893262E+001  0.11134011E+003
  0.15011087E+001  0.10301031E+001  0.70893204E+001  0.11134014E+003
  0.15010998E+001  0.10300999E+001  0.70893146E+001  0.11134016E+003
  0.15010908E+001  0.10300968E+001  0.70893087E+001  0.11134018E+003
  0.15010819E+001  0.10300939E+001  0.70893029E+001  0.11134020E+003
  0.15010729E+001  0.10300911E+001  0.70892970E+001  0.11134022E+003
  0.15010640E+001  0.10300884E+001  0.70892911E+001  0.11134024E+003
  0.15010551E+001  0.10300859E+001  0.70892853E+001  0.11134026E+003
  0.15010461E+001  0.10300834E+001  0.70892796E+001  0.11134028E+003
  0.15010372E+001  0.10300810E+001  0.70892740E+001  0.11134030E+003
  0.15010284E+001  0.10300787E+001  0.70892685E+001  0.11134032E+003
  0.15010196E+001  0.10300764E+001  0.70892631E+001  0.11134033E+003
  0.15010108E+001  0.10300741E+001  0.70892580E+001  0.11134035E+003
  0.15010021E+001  0.10300718E+001  0.70892530E+001  0.11134036E+003
  0.15009935E+001  0.10300696E+001  0.70892483E+001  0.11134038E+003
  0.15009850E+001  0.10300673E+001  0.70892438E+001  0.11134039E+003
  0.15009766E+001  0.10300650E+001  0.70892396E+001  0.11134040E+003
  0.15009683E+001  0.10300627E+001  0.70892356E+001  0.11134042E+003
  0.15009601E+001  0.10300603E+001  0.70892320E+001  0.11134043E+003
  0.15009520E+001  0.10300579E+001  0.70892286E+001  0.11134044E+003
  0.15009441E+001  0.10300554E+001  0.70892255E+001  0.11134045E+003
  0.15009364E+001  0.10300530E+001  0.70892227E+001  0.11134045E+003
  0.15009288E+001  0.10300504E+001  0.70892202E+001  0.11134046E+003
  0.15009213E+001  0.10300478E+001  0.70892180E+001  0.11134047E+003
  0.15009141E+001  0.10300452E+001  0.70892161E+001  0.11134047E+003
  0.15009070E+001  0.10300426E+001  0.70892144E+001  0.11134047E+003
  0.15009001E+001  0.10300399E+001  0.70892129E+001  0.11134048E+003
  0.15008934E+001  0.10300371E+001  0.70892117E+001  0.11134048E+003
  0.15008869E+001  0.10300343E+001  0.70892107E+001  0.11134048E+003
  0.15008806E+001  0.10300315E+001  0.70892098E+001  0.11134048E+003
  0.15008745E+001  0.10300287E+001  0.70892091E+001  0.11134048E+003
  0.15008686E+001  0.10300258E+001  0.70892085E+001  0.11134047E+003
  0.15008630E+001  0.10300229E+001  0.70892081E+001  0.11134047E+003
  0.15008575E+001  0.10300199E+001  0.70892077E+001  0.11134046E+003
  0.15008523E+001  0.10300170E+001  0.70892074E+001  0.11134046E+003
  0.15008473E+001  0.10300140E+001  0.70892072E+001  0.11134045E+003
  0.15008425E+001  0.10300110E+001  0.70892070E+001  0.11134044E+003
  0.15008379E+001  0.10300080E+001  0.70892068E+001  0.11134043E+003
  0.15008335E+001  0.10300049E+001  0.70892066E+001  0.11134042E+003
  0.15008293E+001  0.10300019E+001  0.70892065E+001  0.11134041E+003
  0.15008254E+001  0.10299988E+001  0.70892062E+001  0.11134040E+003
  0.15008216E+001  0.10299958E+001  0.70892060E+001  0.11134039E+003
  0.15008180E+001  0.10299927E+001  0.70892057E+001  0.11134037E+003
  0.15008146E+001  0.10299897E+001  0.70892053E+001  0.11134036E+003
  0.15008114E+001  0.10299866E+001  0.70892049E+001  0.11134034E+003
  0.15008083E+001  0.10299835E+001  0.70892043E+001  0.11134033E+003
  0.15008055E+001  0.10299805E+001  0.70892037E+001  0.11134031E+003
  0.15008027E+001  0.10299774E+001  0.70892030E+001  0.11134029E+003
  0.15008002E+001  0.10299744E+001  0.70892021E+001  0.11134027E+003
  0.15007977E+001  0.10299714E+001  0.70892011E+001  0.11134025E+003
  0.15007954E+001  0.10299684E+001  0.70892000E+001  0.11134023E+003
  0.15007932E+001  0.10299654E+001  0.70891987E+001  0.11134021E+003
  0.15007911E+001  0.10299624E+001  0.70891972E+001  0.11134018E+003
  0.15007891E+001  0.10299595E+001  0.70891955E+001  0.11134016E+003
  0.15007872E+001  0.10299566E+001  0.70891937E+001  0.11134014E+003
  0.15007854E+001  0.10299537E+001  0.70891916E+001  0.11134011E+003
  0.15007837E+001  0.10299508E+001  0.70891893E+001  0.11134008E+003
  0.15007820E+001  0.10299480E+001  0.70891867E+001  0.11134005E+003
  0.15007803E+001  0.10299452E+001  0.70891839E+001  0.11134002E+003
  0.15007787E+001  0.10299424E+001  0.70891808E+001  0.11133999E+003
  0.15007772E+001  0.10299397E+001  0.70891773E+001  0.11133996E+003
  0.15007756E+001  0.10299370E+001  0.70891736E+001  0.11133993E+003
  0.15007741E+001  0.10299344E+001  0.70891696E+001  0.11133989E+003
  0.15007726E+001  0.10299318E+001  0.70891652E+001  0.11133986E+003
  0.15007711E+001  0.10299293E+001  0.70891604E+001  0.11133982E+003
  0.15007696E+001  0.10299269E+001  0.70891553E+001  0.11133978E+003
  0.15007681E+001  0.10299245E+001  0.70891499E+001  0.11133974E+003
  0.15007665E+001  0.10299221E+001  0.70891441E+001  0.11133970E+003
  0.15007650E+001  0.10299198E+001  0.70891379E+001  0.11133966E+003
  0.15007634E+001  0.10299176E+001  0.70891314E+001  0.11133962E+003
  0.15007618E+001  0.10299155E+001  0.70891245E+001  0.11133957E+003
  0.15007602E+001  0.10299134E+001  0.70891173E+001  0.11133952E+003
  0.15007585E+001  0.10299114E+001  0.70891098E+001  0.11133948E+003
  0.15007569E+001  0.10299095E+001  0.70891019E+001  0.11133943E+003
  0.15007552E+001  0.10299077E+001  0.70890938E+001  0.11133937E+003
  0.15007534E+001  0.10299059E+001  0.70890854E+001  0.11133932E+003
  0.15007517E+001  0.10299042E+001  0.70890768E+001  0.11133927E+003
  0.15007499E+001  0.10299025E+001  0.70890679E+001  0.11133921E+003
  0.15007481E+001  0.10299010E+001  0.70890589E+001  0.11133915E+003
  0.15007463E+001  0.10298995E+001  0.70890497E+001  0.11133909E+003
  0.15007445E+001  0.10298981E+001  0.70890404E+001  0.11133903E+003
  0.15007427E+001  0.10298967E+001  0.70890310E+001  0.11133896E+003
  0.15007409E+001  0.10298954E+001  0.70890216E+001  0.11133889E+003
  0.15007391E+001  0.10298942E+001  0.70890121E+001  0.11133883E+003
  0.15007374E+001  0.10298930E+001  0.70890027E+001  0.11133875E+003
  0.15007356E+001  0.10298919E+001  0.70889934E+001  0.11133868E+003
  0.15007339E+001  0.10298908E+001  0.70889841E+001  0.11133861E+003
  0.15007322E+001  0.10298898E+001  0.70889750E+001  0.11133853E+003
  0.15007306E+001  0.10298888E+001  0.70889661E+001  0.11133845E+003
  0.15007290E+001  0.10298879E+001  0.70889573E+001  0.11133837E+003
  0.15007274E+001  0.10298870E+001  0.70889488E+001  0.11133829E+003
  0.15007259E+001  0.10298862E+001  0.70889405E+001  0.11133820E+003
  0.15007245E+001  0.10298854E+001  0.70889325E+001  0.11133811E+003
  0.15007231E+001  0.10298847E+001  0.70889248E+001  0.11133803E+003
  0.15007219E+001  0.10298839E+001  0.70889174E+001  0.11133793E+003
  0.15007206E+001  0.10298833E+001  0.70889104E+001  0.11133784E+003
  0.15007195E+001  0.10298826E+001  0.70889037E+001  0.11133775E+003
  0.15007184E+001  0.10298820E+001  0.70888973E+001  0.11133765E+003
  0.15007174E+001  0.10298814E+001  0.70888913E+001  0.11133755E+003
  0.15007165E+001  0.10298809E+001  0.70888857E+001  0.11133745E+003
  0.15007156E+001  0.10298803E+001  0.70888805E+001  0.11133735E+003
  0.15007148E+001  0.10298798E+001  0.70888756E+001  0.11133725E+003
  0.15007141E+001  0.10298794E+001  0.70888711E+001  0.11133714E+003
  0.15007135E+001  0.10298789E+001  0.70888669E+001  0.11133704E+003
  0.15007130E+001  0.10298785E+001  0.70888632E+001  0.11133693E+003
  0.15007125E+001  0.10298781E+001  0.70888597E+001  0.11133682E+003
  0.15007121E+001  0.10298778E+001  0.70888566E+001  0.11133671E+003
  0.15007117E+001  0.10298775E+001  0.70888539E+001  0.11133660E+003
  0.15007115E+001  0.10298772E+001  0.70888515E+001  0.11133649E+003
  0.15007113E+001  0.10298769E+001  0.70888493E+001  0.11133638E+003
  0.15007111E+001  0.10298766E+001  0.70888475E+001  0.11133627E+003
  0.15007110E+001  0.10298764E+001  0.70888459E+001  0.11133615E+003
  0.15007109E+001  0.10298762E+001  0.70888446E+001  0.11133604E+003
  0.15007109E+001  0.10298760E+001  0.70888436E+001  0.11133593E+003
  0.15007109E+001  0.10298759E+001  0.70888428E+001  0.11133581E+003
  0.15007110E+001  0.10298757E+001  0.70888422E+001  0.11133570E+003
  0.15007111E+001  0.10298756E+001  0.70888418E+001  0.11133558E+003
  0.15007112E+001  0.10298755E+001  0.70888416E+001  0.11133547E+003
  0.15007114E+001  0.10298755E+001  0.70888416E+001  0.11133536E+003
  0.15007116E+001  0.10298754E+001  0.70888417E+001  0.11133524E+003
  0.15007118E+001  0.10298754E+001  0.70888420E+001  0.11133513E+003
  0.15007120E+001  0.10298754E+001  0.70888424E+001  0.11133502E+003
  0.15007123E+001  0.10298754E+001  0.70888429E+001  0.11133490E+003
  0.15007125E+001  0.10298754E+001  0.70888436E+001  0.11133479E+003
  0.15007128E+001  0.10298754E+001  0.70888443E+001  0.11133468E+003
  0.15007131E+001  0.10298754E+001  0.70888451E+001  0.11133457E+003
  0.15007133E+001  0.10298755E+001  0.70888460E+001  0.11133446E+003
  0.15007136E+001  0.10298755E+001  0.70888469E+001  0.11133435E+003
  0.15007139E+001  0.10298756E+001  0.70888479E+001  0.11133425E+003
  0.15007142E+001  0.10298757E+001  0.70888489E+001  0.11133414E+003
  0.15007145E+001  0.10298757E+001  0.70888499E+001  0.11133404E+003
  0.15007148E+001  0.10298758E+001  0.70888510E+001  0.11133393E+003
  0.15007150E+001  0.10298759E+001  0.70888521E+001  0.11133383E+003
  0.15007153E+001  0.10298760E+001  0.70888532E+001  0.11133373E+003
  0.15007156E+001  0.10298761E+001  0.70888543E+001  0.11133363E+003
  0.15007158E+001  0.10298762E+001  0.70888554E+001  0.11133353E+003
  0.15007161E+001  0.10298763E+001  0.70888565E+001  0.11133343E+003
  0.15007164E+001  0.10298764E+001  0.70888576E+001  0.11133334E+003
  0.15007166E+001  0.10298765E+001  0.70888587E+001  0.11133325E+003
  0.15007168E+001  0.10298766E+001  0.70888597E+001  0.11133315E+003
  0.15007170E+001  0.10298767E+001  0.70888607E+001  0.11133306E+003
  0.15007173E+001  0.10298768E+001  0.70888618E+001  0.11133297E+003
  0.15007175E+001  0.10298769E+001  0.70888628E+001  0.11133289E+003
  0.15007177E+001  0.10298770E+001  0.70888637E+001  0.11133280E+003
  0.15007179E+001  0.10298771E+001  0.70888646E+001  0.11133272E+003
  0.15007180E+001  0.10298772E+001  0.70888655E+001  0.11133263E+003
  0.15007182E+001  0.10298773E+001  0.70888664E+001  0.11133255E+003
