  0.36544153E-001  0.37207889E+000  0.31419242E+001  0.11739913E+003
  0.36480847E-001  0.37190071E+000  0.31421213E+001  0.11740041E+003
  0.36440731E-001  0.37173892E+000  0.31422953E+001  0.11740160E+003
  0.36434052E-001  0.37183906E+000  0.31421872E+001  0.11740267E+003
  0.36428120E-001  0.37198954E+000  0.31420382E+001  0.11740360E+003
  0.36422875E-001  0.37211046E+000  0.31419261E+001  0.11740441E+003
  0.36418279E-001  0.37220653E+000  0.31418444E+001  0.11740510E+003
  0.36414305E-001  0.37228169E+000  0.31417877E+001  0.11740570E+003
  0.36410929E-001  0.37233923E+000  0.31417515E+001  0.11740622E+003
  0.36408130E-001  0.37238238E+000  0.31417316E+001  0.11740666E+003
  0.36405878E-001  0.37241341E+000  0.31417251E+001  0.11740704E+003
  0.36404139E-001  0.37243419E+000  0.31417294E+001  0.11740736E+003
  0.36402875E-001  0.37244630E+000  0.31417426E+001  0.11740764E+003
  0.36402043E-001  0.37245106E+000  0.31417631E+001  0.11740788E+003
  0.36401683E-001  0.37244952E+000  0.31417894E+001  0.11740809E+003
  0.36401756E-001  0.37244261E+000  0.31418204E+001  0.11740827E+003
  0.36402202E-001  0.37243116E+000  0.31418553E+001  0.11740843E+003
  0.36402969E-001  0.37241587E+000  0.31418933E+001  0.11740856E+003
  0.36404007E-001  0.37239732E+000  0.31419337E+001  0.11740868E+003
  0.36405275E-001  0.37237603E+000  0.31419761E+001  0.11740878E+003
  0.36406732E-001  0.37235244E+000  0.31420199E+001  0.11740886E+003
  0.36408346E-001  0.37232693E+000  0.31420648E+001  0.11740894E+003
  0.36410085E-001  0.37229984E+000  0.31421105E+001  0.11740901E+003
  0.36411926E-001  0.37227146E+000  0.31421566E+001  0.11740906E+003
  0.36413845E-001  0.37224205E+000  0.31422031E+001  0.11740911E+003
  0.36415825E-001  0.37221184E+000  0.31422496E+001  0.11740916E+003
  0.36417849E-001  0.37218103E+000  0.31422959E+001  0.11740920E+003
  0.36419905E-001  0.37214980E+000  0.31423420E+001  0.11740923E+003
  0.36421986E-001  0.37211832E+000  0.31423876E+001  0.11740926E+003
  0.36424084E-001  0.37208672E+000  0.31424326E+001  0.11740928E+003
  0.36426195E-001  0.37205514E+000  0.31424769E+001  0.11740931E+003
  0.36428315E-001  0.37202369E+000  0.31425204E+001  0.11740933E+003
  0.36430440E-001  0.37199246E+000  0.31425629E+001  0.11740935E+003
  0.36432567E-001  0.37196156E+000  0.31426044E+001  0.11740936E+003
  0.36439151E-001  0.37192659E+000  0.31426449E+001  0.11740938E+003
  0.36445613E-001  0.37189222E+000  0.31426842E+001  0.11740939E+003
  0.36451885E-001  0.37185855E+000  0.31427223E+001  0.11740941E+003
  0.36457962E-001  0.37182565E+000  0.31427591E+001  0.11740942E+003
  0.36463843E-001  0.37179356E+000  0.31427946E+001  0.11740943E+003
  0.36469524E-001  0.37176925E+000  0.31428219E+001  0.11740944E+003
  0.36475004E-001  0.37178830E+000  0.31428053E+001  0.11740945E+003
  0.36480280E-001  0.37180693E+000  0.31427888E+001  0.11740946E+003
  0.36485350E-001  0.37182512E+000  0.31427723E+001  0.11740947E+003
  0.36490214E-001  0.37184286E+000  0.31427558E+001  0.11740948E+003
  0.36494869E-001  0.37186015E+000  0.31427395E+001  0.11740948E+003
  0.36499313E-001  0.37187697E+000  0.31427234E+001  0.11740949E+003
  0.36503545E-001  0.37189331E+000  0.31427074E+001  0.11740950E+003
  0.36507563E-001  0.37190916E+000  0.31426917E+001  0.11740951E+003
  0.36511367E-001  0.37192452E+000  0.31426763E+001  0.11740951E+003
  0.36514955E-001  0.37193937E+000  0.31426612E+001  0.11740952E+003
  0.36518326E-001  0.37195371E+000  0.31426464E+001  0.11740952E+003
  0.36521481E-001  0.37196753E+000  0.31426321E+001  0.11740953E+003
  0.36524421E-001  0.37198082E+000  0.31426182E+001  0.11740953E+003
  0.36527147E-001  0.37199357E+000  0.31426048E+001  0.11740954E+003
  0.36529662E-001  0.37200578E+000  0.31425918E+001  0.11740954E+003
  0.36531970E-001  0.37201744E+000  0.31425794E+001  0.11740955E+003
  0.36534075E-001  0.37202854E+000  0.31425675E+001  0.11740955E+003
  0.36535983E-001  0.37203909E+000  0.31425562E+001  0.11740955E+003
  0.36537702E-001  0.37204906E+000  0.31425454E+001  0.11740955E+003
  0.36539240E-001  0.37205847E+000  0.31425352E+001  0.11740956E+003
  0.36540605E-001  0.37206731E+000  0.31425256E+001  0.11740956E+003
  0.36541808E-001  0.37207558E+000  0.31425166E+001  0.11740956E+003
  0.36542858E-001  0.37208328E+000  0.31425082E+001  0.11740956E+003
  0.36543768E-001  0.37209042E+000  0.31425003E+001  0.11740956E+003
  0.36544548E-001  0.37209700E+000  0.31424931E+001  0.11740956E+003
  0.36545211E-001  0.37210303E+000  0.31424864E+001  0.11740956E+003
  0.36545767E-001  0.37210852E+000  0.31424803E+001  0.11740956E+003
  0.36546228E-001  0.37211348E+000  0.31424747E+001  0.11740956E+003
  0.36546605E-001  0.37211792E+000  0.31424697E+001  0.11740955E+003
  0.36546908E-001  0.37212186E+000  0.31424651E+001  0.11740955E+003
  0.36547146E-001  0.37212532E+000  0.31424610E+001  0.11740955E+003
  0.36547329E-001  0.37212832E+000  0.31424573E+001  0.11740955E+003
  0.36547464E-001  0.37213087E+000  0.31424541E+001  0.11740954E+003
  0.36547559E-001  0.37213300E+000  0.31424512E+001  0.11740954E+003
  0.36547619E-001  0.37213474E+000  0.31424486E+001  0.11740954E+003
  0.36547651E-001  0.37213609E+000  0.31424463E+001  0.11740953E+003
  0.36547659E-001  0.37213710E+000  0.31424442E+001  0.11740952E+003
  0.36547647E-001  0.37213777E+000  0.31424423E+001  0.11740952E+003
  0.36547617E-001  0.37213813E+000  0.31424407E+001  0.11740951E+003
  0.36547572E-001  0.37213819E+000  0.31424391E+001  0.11740951E+003
  0.36547514E-001  0.37213799E+000  0.31424377E+001  0.11740950E+003
  0.36547445E-001  0.37213754E+000  0.31424364E+001  0.11740949E+003
  0.36547365E-001  0.37213685E+000  0.31424351E+001  0.11740948E+003
  0.36547276E-001  0.37213595E+000  0.31424338E+001  0.11740947E+003
  0.36547178E-001  0.37213484E+000  0.31424326E+001  0.11740946E+003
  0.36547072E-001  0.37213355E+000  0.31424314E+001  0.11740945E+003
  0.36546958E-001  0.37213208E+000  0.31424301E+001  0.11740944E+003
  0.36546838E-001  0.37213045E+000  0.31424288E+001  0.11740943E+003
  0.36546710E-001  0.37212867E+000  0.31424274E+001  0.11740942E+003
  0.36546577E-001  0.37212675E+000  0.31424260E+001  0.11740940E+003
  0.36546438E-001  0.37212471E+000  0.31424245E+001  0.11740939E+003
  0.36546295E-001  0.37212256E+000  0.31424229E+001  0.11740938E+003
  0.36546149E-001  0.37212031E+000  0.31424212E+001  0.11740936E+003
  0.36545999E-001  0.37211797E+000  0.31424194E+001  0.11740935E+003
  0.36545848E-001  0.37211556E+000  0.31424174E+001  0.11740933E+003
  0.36545695E-001  0.37211309E+000  0.31424152E+001  0.11740932E+003
  0.36545543E-001  0.37211058E+000  0.31424129E+001  0.11740930E+003
  0.36545392E-001  0.37210803E+000  0.31424104E+001  0.11740928E+003
  0.36545243E-001  0.37210546E+000  0.31424076E+001  0.11740926E+003
  0.36545097E-001  0.37210290E+000  0.31424045E+001  0.11740925E+003
  0.36544954E-001  0.37210034E+000  0.31424012E+001  0.11740923E+003
  0.36544816E-001  0.37209782E+000  0.31423975E+001  0.11740921E+003
  0.36544684E-001  0.37209533E+000  0.31423936E+001  0.11740919E+003
  0.36544557E-001  0.37209291E+000  0.31423892E+001  0.11740917E+003
  0.36544436E-001  0.37209055E+000  0.31423845E+001  0.11740915E+003
  0.36544322E-001  0.37208827E+000  0.31423793E+001  0.11740912E+003
  0.36544216E-001  0.37208608E+000  0.31423738E+001  0.11740910E+003
  0.36544117E-001  0.37208399E+000  0.31423677E+001  0.11740908E+003
  0.36544025E-001  0.37208202E+000  0.31423613E+001  0.11740905E+003
  0.36543941E-001  0.37208016E+000  0.31423544E+001  0.11740903E+003
  0.36543865E-001  0.37207843E+000  0.31423470E+001  0.11740900E+003
  0.36543796E-001  0.37207683E+000  0.31423391E+001  0.11740897E+003
  0.36543735E-001  0.37207535E+000  0.31423308E+001  0.11740895E+003
  0.36543682E-001  0.37207401E+000  0.31423220E+001  0.11740892E+003
  0.36543635E-001  0.37207281E+000  0.31423128E+001  0.11740889E+003
  0.36543595E-001  0.37207173E+000  0.31423032E+001  0.11740885E+003
  0.36543562E-001  0.37207079E+000  0.31422932E+001  0.11740882E+003
  0.36543535E-001  0.37206997E+000  0.31422828E+001  0.11740879E+003
  0.36543513E-001  0.37206928E+000  0.31422721E+001  0.11740875E+003
  0.36543497E-001  0.37206870E+000  0.31422611E+001  0.11740871E+003
  0.36543486E-001  0.37206823E+000  0.31422498E+001  0.11740868E+003
  0.36543480E-001  0.37206787E+000  0.31422383E+001  0.11740863E+003
  0.36543478E-001  0.37206761E+000  0.31422266E+001  0.11740859E+003
  0.36543480E-001  0.37206743E+000  0.31422148E+001  0.11740855E+003
  0.36543485E-001  0.37206734E+000  0.31422028E+001  0.11740850E+003
  0.36543493E-001  0.37206733E+000  0.31421909E+001  0.11740845E+003
  0.36543504E-001  0.37206739E+000  0.31421789E+001  0.11740841E+003
  0.36543517E-001  0.37206750E+000  0.31421670E+001  0.11740835E+003
  0.36543532E-001  0.37206767E+000  0.31421552E+001  0.11740830E+003
  0.36543549E-001  0.37206789E+000  0.31421435E+001  0.11740824E+003
  0.36543567E-001  0.37206815E+000  0.31421319E+001  0.11740819E+003
  0.36543587E-001  0.37206844E+000  0.31421206E+001  0.11740813E+003
  0.36543607E-001  0.37206876E+000  0.31421095E+001  0.11740806E+003
  0.36543628E-001  0.37206910E+000  0.31420987E+001  0.11740800E+003
  0.36543649E-001  0.37206946E+000  0.31420881E+001  0.11740793E+003
  0.36543671E-001  0.37206984E+000  0.31420779E+001  0.11740786E+003
  0.36543693E-001  0.37207022E+000  0.31420681E+001  0.11740779E+003
  0.36543714E-001  0.37207061E+000  0.31420585E+001  0.11740772E+003
  0.36543736E-001  0.37207100E+000  0.31420494E+001  0.11740764E+003
  0.36543757E-001  0.37207139E+000  0.31420407E+001  0.11740756E+003
  0.36543778E-001  0.37207177E+000  0.31420323E+001  0.11740748E+003
  0.36543798E-001  0.37207215E+000  0.31420244E+001  0.11740740E+003
  0.36543818E-001  0.37207252E+000  0.31420168E+001  0.11740731E+003
  0.36543837E-001  0.37207289E+000  0.31420097E+001  0.11740722E+003
  0.36543856E-001  0.37207324E+000  0.31420029E+001  0.11740714E+003
  0.36543874E-001  0.37207358E+000  0.31419965E+001  0.11740704E+003
  0.36543891E-001  0.37207391E+000  0.31419906E+001  0.11740695E+003
  0.36543907E-001  0.37207422E+000  0.31419850E+001  0.11740686E+003
  0.36543923E-001  0.37207452E+000  0.31419797E+001  0.11740676E+003
  0.36543938E-001  0.37207481E+000  0.31419748E+001  0.11740666E+003
  0.36543952E-001  0.37207508E+000  0.31419703E+001  0.11740656E+003
  0.36543966E-001  0.37207534E+000  0.31419661E+001  0.11740646E+003
  0.36543978E-001  0.37207559E+000  0.31419622E+001  0.11740635E+003
  0.36543990E-001  0.37207582E+000  0.31419586E+001  0.11740625E+003
  0.36544002E-001  0.37207604E+000  0.31419552E+001  0.11740614E+003
  0.36544013E-001  0.37207625E+000  0.31419522E+001  0.11740604E+003
  0.36544023E-001  0.37207644E+000  0.31419494E+001  0.11740593E+003
  0.36544032E-001  0.37207662E+000  0.31419468E+001  0.11740582E+003
  0.36544041E-001  0.37207679E+000  0.31419445E+001  0.11740571E+003
  0.36544049E-001  0.37207695E+000  0.31419423E+001  0.11740560E+003
  0.36544057E-001  0.37207710E+000  0.31419404E+001  0.11740548E+003
  0.36544064E-001  0.37207724E+000  0.31419386E+001  0.11740537E+003
  0.36544071E-001  0.37207737E+000  0.31419370E+001  0.11740526E+003
  0.36544078E-001  0.37207749E+000  0.31419355E+001  0.11740515E+003
  0.36544083E-001  0.37207760E+000  0.31419342E+001  0.11740503E+003
  0.36544089E-001  0.37207771E+000  0.31419330E+001  0.11740492E+003
  0.36544094E-001  0.37207780E+000  0.31419320E+001  0.11740480E+003
  0.36544099E-001  0.37207789E+000  0.31419310E+001  0.11740469E+003
  0.36544103E-001  0.37207797E+000  0.31419302E+001  0.11740458E+003
  0.36544107E-001  0.37207805E+000  0.31419294E+001  0.11740446E+003
  0.36544111E-001  0.37207812E+000  0.31419287E+001  0.11740435E+003
  0.36544114E-001  0.37207818E+000  0.31419281E+001  0.11740423E+003
  0.36544118E-001  0.37207824E+000  0.31419276E+001  0.11740412E+003
  0.36544120E-001  0.37207830E+000  0.31419271E+001  0.11740401E+003
  0.36544123E-001  0.37207835E+000  0.31419267E+001  0.11740390E+003
  0.36544126E-001  0.37207839E+000  0.31419263E+001  0.11740379E+003
  0.36544128E-001  0.37207844E+000  0.31419260E+001  0.11740368E+003
  0.36544130E-001  0.37207848E+000  0.31419257E+001  0.11740357E+003
  0.36544132E-001  0.37207851E+000  0.31419255E+001  0.11740346E+003
  0.36544134E-001  0.37207854E+000  0.31419252E+001  0.11740335E+003
  0.36544136E-001  0.37207857E+000  0.31419251E+001  0.11740324E+003
  0.36544137E-001  0.37207860E+000  0.31419249E+001  0.11740314E+003
  0.36544138E-001  0.37207863E+000  0.31419247E+001  0.11740303E+003
  0.36544140E-001  0.37207865E+000  0.31419246E+001  0.11740293E+003
  0.36544141E-001  0.37207867E+000  0.31419245E+001  0.11740283E+003
  0.36544142E-001  0.37207869E+000  0.31419244E+001  0.11740273E+003
  0.36544143E-001  0.37207871E+000  0.31419244E+001  0.11740263E+003
  0.36544144E-001  0.37207873E+000  0.31419243E+001  0.11740253E+003
  0.36544145E-001  0.37207874E+000  0.31419242E+001  0.11740243E+003
  0.36544146E-001  0.37207875E+000  0.31419242E+001  0.11740234E+003
  0.36544146E-001  0.37207877E+000  0.31419242E+001  0.11740224E+003
  0.36544147E-001  0.37207878E+000  0.31419241E+001  0.11740215E+003
  0.36544147E-001  0.37207879E+000  0.31419241E+001  0.11740206E+003
  0.36544148E-001  0.37207880E+000  0.31419241E+001  0.11740197E+003
  0.36544148E-001  0.37207881E+000  0.31419241E+001  0.11740188E+003
  0.36544149E-001  0.37207881E+000  0.31419241E+001  0.11740180E+003
  0.36544149E-001  0.37207882E+000  0.31419241E+001  0.11740171E+003
  0.36544150E-001  0.37207883E+000  0.31419241E+001  0.11740163E+003
  0.36544150E-001  0.37207883E+000  0.31419241E+001  0.11740155E+003
  0.36544150E-001  0.37207884E+000  0.31419241E+001  0.11740147E+003
