  0.10624976E+000
  0.10620906E+000
  0.10621924E+000
  0.10624174E+000
  0.10626646E+000
  0.10629015E+000
  0.10631173E+000
  0.10633089E+000
  0.10634768E+000
  0.10636232E+000
  0.10637500E+000
  0.10638596E+000
  0.10639544E+000
  0.10640361E+000
  0.10641065E+000
  0.10641672E+000
  0.10642194E+000
  0.10642644E+000
  0.10643031E+000
  0.10643364E+000
  0.10643651E+000
  0.10643897E+000
  0.10644108E+000
  0.10644289E+000
  0.10644444E+000
  0.10644577E+000
  0.10644690E+000
  0.10644787E+000
  0.10644869E+000
  0.10644940E+000
  0.10644999E+000
  0.10645050E+000
  0.10645092E+000
  0.10645129E+000
  0.10645159E+000
  0.10645185E+000
  0.10645206E+000
  0.10645224E+000
  0.10645239E+000
  0.10645251E+000
  0.10645262E+000
  0.10645270E+000
  0.10645278E+000
  0.10645283E+000
  0.10645288E+000
  0.10645292E+000
  0.10645295E+000
  0.10645298E+000
  0.10645299E+000
  0.10645301E+000
  0.10645302E+000
  0.10645303E+000
  0.10645303E+000
  0.10645303E+000
  0.10645303E+000
  0.10645303E+000
  0.10645303E+000
  0.10645303E+000
  0.10645303E+000
  0.10645302E+000
  0.10645302E+000
  0.10645302E+000
  0.10645302E+000
  0.10645301E+000
  0.10645301E+000
  0.10645301E+000
  0.10645301E+000
  0.10645302E+000
  0.10645302E+000
  0.10645302E+000
  0.10645303E+000
  0.10645303E+000
  0.10645304E+000
  0.10645304E+000
  0.10645305E+000
  0.10645305E+000
  0.10645306E+000
  0.10645307E+000
  0.10645307E+000
  0.10645308E+000
  0.10645308E+000
  0.10645309E+000
  0.10645309E+000
  0.10645309E+000
  0.10645310E+000
  0.10645310E+000
  0.10645310E+000
  0.10645310E+000
  0.10645310E+000
  0.10645309E+000
  0.10645309E+000
  0.10645309E+000
  0.10645308E+000
  0.10645308E+000
  0.10645307E+000
  0.10645306E+000
  0.10645305E+000
  0.10645305E+000
  0.10645304E+000
  0.10645303E+000
  0.10645302E+000
  0.10645301E+000
  0.10645300E+000
  0.10645299E+000
  0.10645297E+000
  0.10645296E+000
  0.10645295E+000
  0.10645294E+000
  0.10645292E+000
  0.10645291E+000
  0.10645289E+000
  0.10645288E+000
  0.10645286E+000
  0.10645284E+000
  0.10645283E+000
  0.10645281E+000
  0.10645279E+000
  0.10645277E+000
  0.10645275E+000
  0.10645272E+000
  0.10645270E+000
  0.10645268E+000
  0.10645265E+000
  0.10645262E+000
  0.10645260E+000
  0.10645257E+000
  0.10645253E+000
  0.10645250E+000
  0.10645247E+000
  0.10645243E+000
  0.10645239E+000
  0.10645235E+000
  0.10645231E+000
  0.10645227E+000
  0.10645222E+000
  0.10645218E+000
  0.10645213E+000
  0.10645208E+000
  0.10645202E+000
  0.10645197E+000
  0.10645191E+000
  0.10645185E+000
  0.10645179E+000
  0.10645173E+000
  0.10645166E+000
  0.10645160E+000
  0.10645153E+000
  0.10645146E+000
  0.10645138E+000
  0.10645131E+000
  0.10645123E+000
  0.10645115E+000
  0.10645107E+000
  0.10645099E+000
  0.10645091E+000
  0.10645082E+000
  0.10645073E+000
  0.10645064E+000
  0.10645055E+000
  0.10645046E+000
  0.10645037E+000
  0.10645027E+000
  0.10645018E+000
  0.10645008E+000
  0.10644999E+000
  0.10644989E+000
  0.10644979E+000
  0.10644969E+000
  0.10644959E+000
  0.10644949E+000
  0.10644939E+000
  0.10644928E+000
  0.10644918E+000
  0.10644908E+000
  0.10644898E+000
  0.10644888E+000
  0.10644877E+000
  0.10644867E+000
  0.10644857E+000
  0.10644847E+000
  0.10644837E+000
  0.10644827E+000
  0.10644816E+000
  0.10644807E+000
  0.10644797E+000
  0.10644787E+000
  0.10644777E+000
  0.10644767E+000
  0.10644758E+000
  0.10644748E+000
  0.10644739E+000
  0.10644730E+000
  0.10644721E+000
  0.10644712E+000
  0.10644703E+000
  0.10644694E+000
  0.10644685E+000
  0.10644677E+000
  0.10644668E+000
  0.10644660E+000
