  0.15876857E+001
  0.15886756E+001
  0.15894462E+001
  0.15900556E+001
  0.15905379E+001
  0.15909174E+001
  0.15912124E+001
  0.15914376E+001
  0.15916049E+001
  0.15917243E+001
  0.15918038E+001
  0.15918502E+001
  0.15918691E+001
  0.15918652E+001
  0.15918424E+001
  0.15918039E+001
  0.15917524E+001
  0.15916902E+001
  0.15916192E+001
  0.15915410E+001
  0.15914570E+001
  0.15913682E+001
  0.15912757E+001
  0.15911802E+001
  0.15910824E+001
  0.15909829E+001
  0.15908822E+001
  0.15907806E+001
  0.15906787E+001
  0.15905767E+001
  0.15904748E+001
  0.15903734E+001
  0.15902726E+001
  0.15901726E+001
  0.15900735E+001
  0.15899757E+001
  0.15898790E+001
  0.15897838E+001
  0.15896900E+001
  0.15895979E+001
  0.15895075E+001
  0.15894189E+001
  0.15893321E+001
  0.15892473E+001
  0.15891646E+001
  0.15890840E+001
  0.15890055E+001
  0.15889293E+001
  0.15888554E+001
  0.15887839E+001
  0.15887147E+001
  0.15886480E+001
  0.15885838E+001
  0.15885220E+001
  0.15884628E+001
  0.15884061E+001
  0.15883520E+001
  0.15883004E+001
  0.15882513E+001
  0.15882047E+001
  0.15881607E+001
  0.15881190E+001
  0.15880797E+001
  0.15880428E+001
  0.15880082E+001
  0.15879758E+001
  0.15879456E+001
  0.15879175E+001
  0.15878913E+001
  0.15878671E+001
  0.15878448E+001
  0.15878242E+001
  0.15878054E+001
  0.15877881E+001
  0.15877723E+001
  0.15877580E+001
  0.15877451E+001
  0.15877334E+001
  0.15877228E+001
  0.15877135E+001
  0.15877051E+001
  0.15876977E+001
  0.15876912E+001
  0.15876855E+001
  0.15876805E+001
  0.15876763E+001
  0.15876726E+001
  0.15876695E+001
  0.15876670E+001
  0.15876648E+001
  0.15876631E+001
  0.15876618E+001
  0.15876607E+001
  0.15876599E+001
  0.15876594E+001
  0.15876590E+001
  0.15876588E+001
  0.15876588E+001
  0.15876589E+001
  0.15876591E+001
  0.15876593E+001
  0.15876597E+001
  0.15876600E+001
  0.15876605E+001
  0.15876609E+001
  0.15876614E+001
  0.15876618E+001
  0.15876623E+001
  0.15876628E+001
  0.15876633E+001
  0.15876638E+001
  0.15876642E+001
  0.15876647E+001
  0.15876652E+001
  0.15876656E+001
  0.15876661E+001
  0.15876665E+001
  0.15876670E+001
  0.15876674E+001
  0.15876678E+001
  0.15876682E+001
  0.15876686E+001
  0.15876691E+001
  0.15876695E+001
  0.15876699E+001
  0.15876702E+001
  0.15876706E+001
  0.15876710E+001
  0.15876714E+001
  0.15876718E+001
  0.15876722E+001
  0.15876725E+001
  0.15876729E+001
  0.15876733E+001
  0.15876736E+001
  0.15876740E+001
  0.15876744E+001
  0.15876747E+001
  0.15876751E+001
  0.15876754E+001
  0.15876758E+001
  0.15876761E+001
  0.15876765E+001
  0.15876768E+001
  0.15876772E+001
  0.15876775E+001
  0.15876778E+001
  0.15876781E+001
  0.15876785E+001
  0.15876788E+001
  0.15876791E+001
  0.15876794E+001
  0.15876797E+001
  0.15876800E+001
  0.15876803E+001
  0.15876805E+001
  0.15876808E+001
  0.15876811E+001
  0.15876813E+001
  0.15876816E+001
  0.15876818E+001
  0.15876821E+001
  0.15876823E+001
  0.15876825E+001
  0.15876827E+001
  0.15876829E+001
  0.15876831E+001
  0.15876833E+001
  0.15876835E+001
  0.15876837E+001
  0.15876838E+001
  0.15876840E+001
  0.15876841E+001
  0.15876843E+001
  0.15876844E+001
  0.15876845E+001
  0.15876847E+001
  0.15876848E+001
  0.15876849E+001
  0.15876850E+001
  0.15876851E+001
  0.15876852E+001
  0.15876853E+001
  0.15876854E+001
  0.15876854E+001
  0.15876855E+001
  0.15876856E+001
  0.15876856E+001
  0.15876857E+001
  0.15876857E+001
  0.15876858E+001
  0.15876858E+001
  0.15876859E+001
  0.15876859E+001
  0.15876859E+001
  0.15876860E+001
  0.15876860E+001
  0.15876860E+001
  0.15876860E+001
  0.15876861E+001
