  0.10569271E+001  0.59681402E+000  0.94404528E+000  0.37529568E+001
  0.10624246E+001  0.59473478E+000  0.94345423E+000  0.37540894E+001
  0.10686719E+001  0.59266239E+000  0.94151730E+000  0.37549335E+001
  0.10789800E+001  0.58371788E+000  0.94194848E+000  0.37555764E+001
  0.10797226E+001  0.58679766E+000  0.93956236E+000  0.37560696E+001
  0.10805683E+001  0.59124357E+000  0.93541078E+000  0.37564474E+001
  0.10826298E+001  0.58983950E+000  0.93564668E+000  0.37567342E+001
  0.10839867E+001  0.59783168E+000  0.92698437E+000  0.37569482E+001
  0.10842741E+001  0.59853776E+000  0.92650481E+000  0.37571035E+001
  0.10848623E+001  0.59820616E+000  0.92661763E+000  0.37572114E+001
  0.10850291E+001  0.59822588E+000  0.92667981E+000  0.37572807E+001
  0.10899393E+001  0.59342998E+000  0.92671345E+000  0.37573184E+001
  0.10981785E+001  0.58618053E+000  0.92578748E+000  0.37573303E+001
  0.10981952E+001  0.58617891E+000  0.92576613E+000  0.37573211E+001
  0.11039390E+001  0.58039636E+000  0.92574005E+000  0.37572946E+001
  0.11038982E+001  0.58078836E+000  0.92527550E+000  0.37572539E+001
  0.11038367E+001  0.58074704E+000  0.92522443E+000  0.37572017E+001
  0.11037598E+001  0.58069620E+000  0.92516498E+000  0.37571402E+001
  0.11036638E+001  0.58064432E+000  0.92554151E+000  0.37546359E+001
  0.11035534E+001  0.58058989E+000  0.92549034E+000  0.37544431E+001
  0.11034320E+001  0.58053251E+000  0.92543604E+000  0.37542376E+001
  0.11033015E+001  0.58049677E+000  0.92535539E+000  0.37540221E+001
  0.11031633E+001  0.58043558E+000  0.92529673E+000  0.37537986E+001
  0.11030189E+001  0.58037271E+000  0.92523727E+000  0.37535692E+001
  0.11028692E+001  0.58030898E+000  0.92458943E+000  0.37565624E+001
  0.11027154E+001  0.58024477E+000  0.92450254E+000  0.37564693E+001
  0.11025583E+001  0.58017997E+000  0.92441574E+000  0.37563751E+001
  0.11023985E+001  0.58011567E+000  0.92432856E+000  0.37562802E+001
  0.11022368E+001  0.58005184E+000  0.92424163E+000  0.37561849E+001
  0.11020738E+001  0.57998862E+000  0.92415526E+000  0.37560895E+001
  0.11019098E+001  0.57992614E+000  0.92406971E+000  0.37559940E+001
  0.11017455E+001  0.57986452E+000  0.92398518E+000  0.37558987E+001
  0.11015812E+001  0.57980386E+000  0.92390184E+000  0.37558038E+001
  0.11014173E+001  0.57976216E+000  0.92380191E+000  0.37557093E+001
  0.11012542E+001  0.57970369E+000  0.92372131E+000  0.37556154E+001
  0.11010922E+001  0.57964643E+000  0.92364222E+000  0.37555222E+001
  0.11009317E+001  0.57959046E+000  0.92356471E+000  0.37554297E+001
  0.11007728E+001  0.57953582E+000  0.92348883E+000  0.37553381E+001
  0.11006160E+001  0.57948258E+000  0.92341462E+000  0.37552475E+001
  0.11004615E+001  0.57943078E+000  0.92334210E+000  0.37551578E+001
  0.11003095E+001  0.57938048E+000  0.92327130E+000  0.37550692E+001
  0.11001603E+001  0.57933170E+000  0.92320223E+000  0.37549817E+001
  0.11000141E+001  0.57928447E+000  0.92313490E+000  0.37548955E+001
  0.10998712E+001  0.57923883E+000  0.92306930E+000  0.37548105E+001
  0.10997318E+001  0.57919479E+000  0.92300545E+000  0.37547268E+001
  0.10995961E+001  0.57915237E+000  0.92294335E+000  0.37546446E+001
  0.10994642E+001  0.57911158E+000  0.92288298E+000  0.37545638E+001
  0.10993364E+001  0.57905451E+000  0.92284227E+000  0.37544846E+001
  0.10992128E+001  0.57901699E+000  0.92278538E+000  0.37544069E+001
  0.10990936E+001  0.57898110E+000  0.92273022E+000  0.37543310E+001
  0.10989788E+001  0.57894684E+000  0.92267680E+000  0.37542568E+001
  0.10988687E+001  0.57891419E+000  0.92262512E+000  0.37541844E+001
  0.10987633E+001  0.57888314E+000  0.92257517E+000  0.37541139E+001
  0.10986626E+001  0.57885367E+000  0.92252696E+000  0.37540453E+001
  0.10985668E+001  0.57882575E+000  0.92248047E+000  0.37539787E+001
  0.10984758E+001  0.57879935E+000  0.92243572E+000  0.37539141E+001
  0.10983896E+001  0.57877445E+000  0.92239268E+000  0.37538517E+001
  0.10983083E+001  0.57875101E+000  0.92235137E+000  0.37537913E+001
  0.10982318E+001  0.57872900E+000  0.92231177E+000  0.37537331E+001
  0.10981601E+001  0.57870837E+000  0.92227387E+000  0.37536771E+001
  0.10980930E+001  0.57868909E+000  0.92223767E+000  0.37536233E+001
  0.10980304E+001  0.57867111E+000  0.92220314E+000  0.37535718E+001
  0.10979723E+001  0.57865438E+000  0.92217029E+000  0.37535224E+001
  0.10979185E+001  0.57863886E+000  0.92213908E+000  0.37534753E+001
  0.10978689E+001  0.57862450E+000  0.92210951E+000  0.37534304E+001
  0.10978232E+001  0.57861125E+000  0.92208155E+000  0.37533877E+001
  0.10977813E+001  0.57859906E+000  0.92205518E+000  0.37533472E+001
  0.10977431E+001  0.57858789E+000  0.92203037E+000  0.37533089E+001
  0.10977083E+001  0.57857767E+000  0.92200709E+000  0.37532727E+001
  0.10976767E+001  0.57856837E+000  0.92198532E+000  0.37532386E+001
  0.10976482E+001  0.57855992E+000  0.92196501E+000  0.37532066E+001
  0.10976224E+001  0.57855228E+000  0.92194614E+000  0.37531766E+001
  0.10975993E+001  0.57854540E+000  0.92192865E+000  0.37531485E+001
  0.10975787E+001  0.57853923E+000  0.92191251E+000  0.37531224E+001
  0.10975603E+001  0.57853373E+000  0.92189767E+000  0.37530981E+001
  0.10975440E+001  0.57852884E+000  0.92188407E+000  0.37530757E+001
  0.10975295E+001  0.57852452E+000  0.92187167E+000  0.37530550E+001
  0.10975168E+001  0.57852073E+000  0.92186041E+000  0.37530360E+001
  0.10975056E+001  0.57851742E+000  0.92185024E+000  0.37530186E+001
  0.10974958E+001  0.57851456E+000  0.92184109E+000  0.37530028E+001
  0.10974873E+001  0.57851209E+000  0.92183290E+000  0.37529885E+001
  0.10974800E+001  0.57850999E+000  0.92182563E+000  0.37529756E+001
  0.10974736E+001  0.57850822E+000  0.92181920E+000  0.37529641E+001
  0.10974682E+001  0.57850674E+000  0.92181355E+000  0.37529539E+001
  0.10974636E+001  0.57850553E+000  0.92180863E+000  0.37529448E+001
  0.10974597E+001  0.57850454E+000  0.92180437E+000  0.37529369E+001
  0.10974565E+001  0.57850376E+000  0.92180073E+000  0.37529300E+001
  0.10974538E+001  0.57850315E+000  0.92179764E+000  0.37529241E+001
  0.10974516E+001  0.57850268E+000  0.92179505E+000  0.37529190E+001
  0.10974498E+001  0.57850235E+000  0.92179290E+000  0.37529148E+001
  0.10974484E+001  0.57850212E+000  0.92179116E+000  0.37529113E+001
  0.10974474E+001  0.57850197E+000  0.92178977E+000  0.37529084E+001
  0.10974466E+001  0.57850189E+000  0.92178869E+000  0.37529061E+001
  0.10974460E+001  0.57850187E+000  0.92178788E+000  0.37529044E+001
  0.10974457E+001  0.57850188E+000  0.92178731E+000  0.37529031E+001
  0.10974456E+001  0.57850191E+000  0.92178694E+000  0.37529021E+001
  0.10974456E+001  0.57850195E+000  0.92178674E+000  0.37529016E+001
  0.10974457E+001  0.57850200E+000  0.92178668E+000  0.37529013E+001
  0.10974460E+001  0.57850205E+000  0.92178673E+000  0.37529013E+001
  0.10974464E+001  0.57850208E+000  0.92178688E+000  0.37529015E+001
  0.10974468E+001  0.57850209E+000  0.92178711E+000  0.37529018E+001
  0.10974473E+001  0.57850209E+000  0.92178739E+000  0.37529023E+001
  0.10974479E+001  0.57850205E+000  0.92178772E+000  0.37529029E+001
  0.10974486E+001  0.57850200E+000  0.92178808E+000  0.37529036E+001
  0.10974492E+001  0.57850191E+000  0.92178846E+000  0.37529044E+001
  0.10974500E+001  0.57850180E+000  0.92178885E+000  0.37529053E+001
  0.10974507E+001  0.57850165E+000  0.92178924E+000  0.37529062E+001
  0.10974515E+001  0.57850148E+000  0.92178963E+000  0.37529071E+001
  0.10974523E+001  0.57850129E+000  0.92179001E+000  0.37529080E+001
  0.10974532E+001  0.57850107E+000  0.92179037E+000  0.37529090E+001
  0.10974541E+001  0.57850083E+000  0.92179072E+000  0.37529099E+001
  0.10974549E+001  0.57850057E+000  0.92179104E+000  0.37529109E+001
  0.10974558E+001  0.57850030E+000  0.92179134E+000  0.37529118E+001
  0.10974568E+001  0.57850001E+000  0.92179162E+000  0.37529128E+001
  0.10974577E+001  0.57849972E+000  0.92179188E+000  0.37529137E+001
  0.10974586E+001  0.57849942E+000  0.92179210E+000  0.37529146E+001
  0.10974596E+001  0.57849913E+000  0.92179230E+000  0.37529156E+001
  0.10974605E+001  0.57849883E+000  0.92179248E+000  0.37529165E+001
  0.10974615E+001  0.57849854E+000  0.92179263E+000  0.37529174E+001
  0.10974625E+001  0.57849826E+000  0.92179276E+000  0.37529183E+001
  0.10974634E+001  0.57849799E+000  0.92179286E+000  0.37529191E+001
  0.10974644E+001  0.57849773E+000  0.92179293E+000  0.37529200E+001
  0.10974654E+001  0.57849749E+000  0.92179299E+000  0.37529208E+001
  0.10974663E+001  0.57849727E+000  0.92179302E+000  0.37529217E+001
  0.10974673E+001  0.57849707E+000  0.92179304E+000  0.37529225E+001
  0.10974682E+001  0.57849689E+000  0.92179304E+000  0.37529233E+001
  0.10974691E+001  0.57849674E+000  0.92179302E+000  0.37529241E+001
  0.10974700E+001  0.57849661E+000  0.92179298E+000  0.37529249E+001
  0.10974709E+001  0.57849651E+000  0.92179294E+000  0.37529257E+001
  0.10974718E+001  0.57849643E+000  0.92179288E+000  0.37529265E+001
  0.10974726E+001  0.57849638E+000  0.92179281E+000  0.37529273E+001
  0.10974735E+001  0.57849635E+000  0.92179273E+000  0.37529280E+001
  0.10974743E+001  0.57849634E+000  0.92179265E+000  0.37529288E+001
  0.10974751E+001  0.57849636E+000  0.92179256E+000  0.37529295E+001
  0.10974758E+001  0.57849640E+000  0.92179247E+000  0.37529303E+001
  0.10974766E+001  0.57849647E+000  0.92179238E+000  0.37529310E+001
  0.10974773E+001  0.57849655E+000  0.92179228E+000  0.37529318E+001
  0.10974780E+001  0.57849665E+000  0.92179219E+000  0.37529325E+001
  0.10974787E+001  0.57849677E+000  0.92179210E+000  0.37529332E+001
  0.10974793E+001  0.57849690E+000  0.92179201E+000  0.37529340E+001
  0.10974799E+001  0.57849705E+000  0.92179192E+000  0.37529347E+001
  0.10974805E+001  0.57849721E+000  0.92179184E+000  0.37529354E+001
  0.10974811E+001  0.57849738E+000  0.92179177E+000  0.37529361E+001
  0.10974817E+001  0.57849756E+000  0.92179169E+000  0.37529368E+001
  0.10974822E+001  0.57849774E+000  0.92179163E+000  0.37529375E+001
  0.10974827E+001  0.57849793E+000  0.92179157E+000  0.37529382E+001
  0.10974832E+001  0.57849813E+000  0.92179152E+000  0.37529389E+001
  0.10974836E+001  0.57849833E+000  0.92179147E+000  0.37529396E+001
  0.10974841E+001  0.57849853E+000  0.92179143E+000  0.37529403E+001
  0.10974845E+001  0.57849873E+000  0.92179140E+000  0.37529410E+001
  0.10974849E+001  0.57849893E+000  0.92179137E+000  0.37529417E+001
  0.10974852E+001  0.57849913E+000  0.92179135E+000  0.37529423E+001
  0.10974856E+001  0.57849932E+000  0.92179134E+000  0.37529430E+001
  0.10974859E+001  0.57849952E+000  0.92179133E+000  0.37529436E+001
  0.10974862E+001  0.57849970E+000  0.92179132E+000  0.37529443E+001
  0.10974865E+001  0.57849989E+000  0.92179133E+000  0.37529449E+001
  0.10974868E+001  0.57850007E+000  0.92179133E+000  0.37529455E+001
  0.10974871E+001  0.57850024E+000  0.92179134E+000  0.37529461E+001
  0.10974873E+001  0.57850041E+000  0.92179135E+000  0.37529467E+001
  0.10974876E+001  0.57850057E+000  0.92179137E+000  0.37529473E+001
  0.10974878E+001  0.57850073E+000  0.92179139E+000  0.37529479E+001
  0.10974880E+001  0.57850088E+000  0.92179142E+000  0.37529484E+001
  0.10974882E+001  0.57850102E+000  0.92179144E+000  0.37529490E+001
  0.10974884E+001  0.57850116E+000  0.92179147E+000  0.37529495E+001
  0.10974886E+001  0.57850129E+000  0.92179150E+000  0.37529500E+001
  0.10974887E+001  0.57850142E+000  0.92179153E+000  0.37529505E+001
  0.10974889E+001  0.57850153E+000  0.92179156E+000  0.37529510E+001
  0.10974890E+001  0.57850165E+000  0.92179159E+000  0.37529514E+001
  0.10974892E+001  0.57850175E+000  0.92179162E+000  0.37529519E+001
  0.10974893E+001  0.57850185E+000  0.92179165E+000  0.37529523E+001
  0.10974894E+001  0.57850195E+000  0.92179168E+000  0.37529527E+001
  0.10974895E+001  0.57850204E+000  0.92179172E+000  0.37529532E+001
  0.10974896E+001  0.57850212E+000  0.92179175E+000  0.37529535E+001
  0.10974897E+001  0.57850220E+000  0.92179178E+000  0.37529539E+001
  0.10974898E+001  0.57850227E+000  0.92179181E+000  0.37529543E+001
  0.10974899E+001  0.57850234E+000  0.92179184E+000  0.37529546E+001
  0.10974899E+001  0.57850241E+000  0.92179186E+000  0.37529549E+001
  0.10974900E+001  0.57850247E+000  0.92179189E+000  0.37529552E+001
  0.10974901E+001  0.57850252E+000  0.92179192E+000  0.37529555E+001
  0.10974901E+001  0.57850258E+000  0.92179194E+000  0.37529558E+001
  0.10974902E+001  0.57850263E+000  0.92179197E+000  0.37529561E+001
  0.10974902E+001  0.57850267E+000  0.92179199E+000  0.37529563E+001
  0.10974903E+001  0.57850271E+000  0.92179201E+000  0.37529565E+001
  0.10974903E+001  0.57850275E+000  0.92179203E+000  0.37529568E+001
  0.10974904E+001  0.57850279E+000  0.92179205E+000  0.37529570E+001
  0.10974904E+001  0.57850282E+000  0.92179207E+000  0.37529571E+001
  0.10974905E+001  0.57850286E+000  0.92179209E+000  0.37529573E+001
  0.10974905E+001  0.57850289E+000  0.92179210E+000  0.37529575E+001
  0.10974905E+001  0.57850291E+000  0.92179212E+000  0.37529576E+001
  0.10974905E+001  0.57850294E+000  0.92179213E+000  0.37529578E+001
  0.10974906E+001  0.57850296E+000  0.92179215E+000  0.37529579E+001
  0.10974906E+001  0.57850298E+000  0.92179216E+000  0.37529580E+001
  0.10974906E+001  0.57850300E+000  0.92179217E+000  0.37529581E+001
  0.10974906E+001  0.57850302E+000  0.92179218E+000  0.37529582E+001
  0.10974907E+001  0.57850304E+000  0.92179219E+000  0.37529583E+001
  0.10974907E+001  0.57850305E+000  0.92179220E+000  0.37529584E+001
  0.10974907E+001  0.57850307E+000  0.92179221E+000  0.37529585E+001
  0.10974907E+001  0.57850308E+000  0.92179222E+000  0.37529585E+001
  0.10974907E+001  0.57850309E+000  0.92179222E+000  0.37529586E+001
  0.10974907E+001  0.57850311E+000  0.92179224E+000  0.37529587E+001
