 -0.15576191E+000  0.23181266E+000  0.22812896E+001  0.39934029E+001
 -0.15505194E+000  0.23294714E+000  0.22826001E+001  0.39942077E+001
 -0.15452426E+000  0.23387742E+000  0.22836593E+001  0.39947727E+001
 -0.15414255E+000  0.23439209E+000  0.22847783E+001  0.39951950E+001
 -0.15384873E+000  0.23472908E+000  0.22857526E+001  0.39955193E+001
 -0.15362401E+000  0.23498886E+000  0.22865341E+001  0.39957710E+001
 -0.15345485E+000  0.23518471E+000  0.22871538E+001  0.39959666E+001
 -0.15333124E+000  0.23532749E+000  0.22876375E+001  0.39961173E+001
 -0.15324498E+000  0.23542639E+000  0.22880073E+001  0.39962315E+001
 -0.15318932E+000  0.23548870E+000  0.22882824E+001  0.39963158E+001
 -0.15315880E+000  0.23552100E+000  0.22884782E+001  0.39963752E+001
 -0.15314891E+000  0.23552877E+000  0.22886074E+001  0.39964139E+001
 -0.15315588E+000  0.23551659E+000  0.22886809E+001  0.39964352E+001
 -0.15317663E+000  0.23548818E+000  0.22887077E+001  0.39964421E+001
 -0.15320873E+000  0.23544669E+000  0.22886952E+001  0.39964368E+001
 -0.15325004E+000  0.23539481E+000  0.22886499E+001  0.39964213E+001
 -0.15329877E+000  0.23533471E+000  0.22885769E+001  0.39963971E+001
 -0.15335342E+000  0.23526816E+000  0.22884808E+001  0.39963656E+001
 -0.15341272E+000  0.23519661E+000  0.22883654E+001  0.39963280E+001
 -0.15347562E+000  0.23512127E+000  0.22882337E+001  0.39962852E+001
 -0.15354123E+000  0.23504316E+000  0.22880886E+001  0.39962379E+001
 -0.15360882E+000  0.23496310E+000  0.22879322E+001  0.39961870E+001
 -0.15367777E+000  0.23488177E+000  0.22877665E+001  0.39961328E+001
 -0.15374754E+000  0.23479977E+000  0.22875931E+001  0.39960760E+001
 -0.15381770E+000  0.23471755E+000  0.22874134E+001  0.39960169E+001
 -0.15388789E+000  0.23463552E+000  0.22872286E+001  0.39959559E+001
 -0.15395778E+000  0.23455400E+000  0.22870397E+001  0.39958932E+001
 -0.15402712E+000  0.23447327E+000  0.22868477E+001  0.39958291E+001
 -0.15409565E+000  0.23439356E+000  0.22866535E+001  0.39957639E+001
 -0.15416317E+000  0.23431508E+000  0.22864576E+001  0.39956976E+001
 -0.15422953E+000  0.23423799E+000  0.22862608E+001  0.39956304E+001
 -0.15429463E+000  0.23416244E+000  0.22860636E+001  0.39955625E+001
 -0.15435838E+000  0.23408854E+000  0.22858666E+001  0.39954939E+001
 -0.15442070E+000  0.23401642E+000  0.22856702E+001  0.39954248E+001
 -0.15448578E+000  0.23395038E+000  0.22854749E+001  0.39953551E+001
 -0.15454923E+000  0.23388618E+000  0.22852811E+001  0.39952851E+001
 -0.15461096E+000  0.23382382E+000  0.22850890E+001  0.39952147E+001
 -0.15467094E+000  0.23376337E+000  0.22848992E+001  0.39951440E+001
 -0.15472915E+000  0.23370489E+000  0.22847119E+001  0.39950730E+001
 -0.15478558E+000  0.23364154E+000  0.22845343E+001  0.39950019E+001
 -0.15484021E+000  0.23353796E+000  0.22844020E+001  0.39949307E+001
 -0.15489305E+000  0.23343781E+000  0.22842717E+001  0.39948595E+001
 -0.15494408E+000  0.23334114E+000  0.22841437E+001  0.39947882E+001
 -0.15499330E+000  0.23324802E+000  0.22840180E+001  0.39947171E+001
 -0.15504071E+000  0.23315849E+000  0.22838949E+001  0.39946463E+001
 -0.15508631E+000  0.23307258E+000  0.22837745E+001  0.39945757E+001
 -0.15513010E+000  0.23299031E+000  0.22836569E+001  0.39945055E+001
 -0.15517208E+000  0.23291169E+000  0.22835424E+001  0.39944358E+001
 -0.15521226E+000  0.23283673E+000  0.22834310E+001  0.39943667E+001
 -0.15525063E+000  0.23276543E+000  0.22833228E+001  0.39942983E+001
 -0.15528721E+000  0.23269776E+000  0.22832180E+001  0.39942307E+001
 -0.15532199E+000  0.23263370E+000  0.22831167E+001  0.39941641E+001
 -0.15535500E+000  0.23257320E+000  0.22830188E+001  0.39940985E+001
 -0.15538624E+000  0.23251623E+000  0.22829245E+001  0.39940340E+001
 -0.15541574E+000  0.23246273E+000  0.22828339E+001  0.39939708E+001
 -0.15544352E+000  0.23241263E+000  0.22827469E+001  0.39939090E+001
 -0.15546961E+000  0.23236585E+000  0.22826637E+001  0.39938486E+001
 -0.15549405E+000  0.23232231E+000  0.22825841E+001  0.39937897E+001
 -0.15551686E+000  0.23228192E+000  0.22825083E+001  0.39937324E+001
 -0.15553811E+000  0.23224457E+000  0.22824361E+001  0.39936769E+001
 -0.15555783E+000  0.23221015E+000  0.22823676E+001  0.39936232E+001
 -0.15557609E+000  0.23217855E+000  0.22823027E+001  0.39935713E+001
 -0.15559295E+000  0.23214966E+000  0.22822414E+001  0.39935214E+001
 -0.15560846E+000  0.23212333E+000  0.22821835E+001  0.39934734E+001
 -0.15562269E+000  0.23209944E+000  0.22821290E+001  0.39934276E+001
 -0.15563572E+000  0.23207786E+000  0.22820778E+001  0.39933838E+001
 -0.15564760E+000  0.23205844E+000  0.22820298E+001  0.39933422E+001
 -0.15565842E+000  0.23204105E+000  0.22819849E+001  0.39933028E+001
 -0.15566825E+000  0.23202555E+000  0.22819429E+001  0.39932656E+001
 -0.15567715E+000  0.23201180E+000  0.22819038E+001  0.39932306E+001
 -0.15568519E+000  0.23199966E+000  0.22818674E+001  0.39931978E+001
 -0.15569245E+000  0.23198901E+000  0.22818336E+001  0.39931673E+001
 -0.15569898E+000  0.23197970E+000  0.22818022E+001  0.39931391E+001
 -0.15570486E+000  0.23197162E+000  0.22817731E+001  0.39931130E+001
 -0.15571013E+000  0.23196464E+000  0.22817462E+001  0.39930891E+001
 -0.15571485E+000  0.23195865E+000  0.22817214E+001  0.39930674E+001
 -0.15571908E+000  0.23195354E+000  0.22816985E+001  0.39930477E+001
 -0.15572286E+000  0.23194922E+000  0.22816774E+001  0.39930302E+001
 -0.15572625E+000  0.23194558E+000  0.22816580E+001  0.39930146E+001
 -0.15572926E+000  0.23194255E+000  0.22816401E+001  0.39930009E+001
 -0.15573196E+000  0.23194005E+000  0.22816237E+001  0.39929891E+001
 -0.15573436E+000  0.23193799E+000  0.22816086E+001  0.39929790E+001
 -0.15573650E+000  0.23193633E+000  0.22815948E+001  0.39929706E+001
 -0.15573841E+000  0.23193500E+000  0.22815821E+001  0.39929637E+001
 -0.15574011E+000  0.23193395E+000  0.22815704E+001  0.39929584E+001
 -0.15574163E+000  0.23193313E+000  0.22815596E+001  0.39929544E+001
 -0.15574297E+000  0.23193250E+000  0.22815497E+001  0.39929517E+001
 -0.15574418E+000  0.23193202E+000  0.22815406E+001  0.39929502E+001
 -0.15574525E+000  0.23193166E+000  0.22815323E+001  0.39929497E+001
 -0.15574620E+000  0.23193139E+000  0.22815245E+001  0.39929502E+001
 -0.15574706E+000  0.23193118E+000  0.22815174E+001  0.39929515E+001
 -0.15574782E+000  0.23193099E+000  0.22815107E+001  0.39929536E+001
 -0.15574851E+000  0.23193082E+000  0.22815046E+001  0.39929564E+001
 -0.15574913E+000  0.23193064E+000  0.22814989E+001  0.39929597E+001
 -0.15574969E+000  0.23193042E+000  0.22814937E+001  0.39929636E+001
 -0.15575019E+000  0.23193016E+000  0.22814888E+001  0.39929678E+001
 -0.15575066E+000  0.23192982E+000  0.22814843E+001  0.39929724E+001
 -0.15575109E+000  0.23192941E+000  0.22814801E+001  0.39929773E+001
 -0.15575148E+000  0.23192889E+000  0.22814763E+001  0.39929824E+001
 -0.15575186E+000  0.23192827E+000  0.22814728E+001  0.39929876E+001
 -0.15575220E+000  0.23192753E+000  0.22814696E+001  0.39929930E+001
 -0.15575254E+000  0.23192666E+000  0.22814666E+001  0.39929984E+001
 -0.15575285E+000  0.23192565E+000  0.22814640E+001  0.39930039E+001
 -0.15575316E+000  0.23192450E+000  0.22814616E+001  0.39930094E+001
 -0.15575345E+000  0.23192320E+000  0.22814594E+001  0.39930149E+001
 -0.15575373E+000  0.23192175E+000  0.22814576E+001  0.39930203E+001
 -0.15575401E+000  0.23192015E+000  0.22814559E+001  0.39930257E+001
 -0.15575429E+000  0.23191840E+000  0.22814545E+001  0.39930311E+001
 -0.15575455E+000  0.23191650E+000  0.22814533E+001  0.39930364E+001
 -0.15575482E+000  0.23191447E+000  0.22814524E+001  0.39930416E+001
 -0.15575508E+000  0.23191230E+000  0.22814516E+001  0.39930468E+001
 -0.15575534E+000  0.23191000E+000  0.22814509E+001  0.39930519E+001
 -0.15575559E+000  0.23190758E+000  0.22814504E+001  0.39930569E+001
 -0.15575584E+000  0.23190505E+000  0.22814501E+001  0.39930619E+001
 -0.15575609E+000  0.23190242E+000  0.22814498E+001  0.39930669E+001
 -0.15575633E+000  0.23189971E+000  0.22814496E+001  0.39930718E+001
 -0.15575657E+000  0.23189692E+000  0.22814495E+001  0.39930768E+001
 -0.15575680E+000  0.23189407E+000  0.22814494E+001  0.39930817E+001
 -0.15575703E+000  0.23189118E+000  0.22814493E+001  0.39930867E+001
 -0.15575725E+000  0.23188824E+000  0.22814491E+001  0.39930917E+001
 -0.15575747E+000  0.23188529E+000  0.22814489E+001  0.39930967E+001
 -0.15575769E+000  0.23188233E+000  0.22814487E+001  0.39931018E+001
 -0.15575790E+000  0.23187937E+000  0.22814483E+001  0.39931069E+001
 -0.15575810E+000  0.23187642E+000  0.22814478E+001  0.39931122E+001
 -0.15575830E+000  0.23187350E+000  0.22814472E+001  0.39931175E+001
 -0.15575849E+000  0.23187061E+000  0.22814464E+001  0.39931229E+001
 -0.15575867E+000  0.23186777E+000  0.22814455E+001  0.39931284E+001
 -0.15575885E+000  0.23186499E+000  0.22814443E+001  0.39931341E+001
 -0.15575902E+000  0.23186226E+000  0.22814430E+001  0.39931398E+001
 -0.15575919E+000  0.23185961E+000  0.22814415E+001  0.39931457E+001
 -0.15575935E+000  0.23185703E+000  0.22814398E+001  0.39931516E+001
 -0.15575950E+000  0.23185453E+000  0.22814378E+001  0.39931577E+001
 -0.15575964E+000  0.23185211E+000  0.22814357E+001  0.39931639E+001
 -0.15575978E+000  0.23184978E+000  0.22814334E+001  0.39931702E+001
 -0.15575991E+000  0.23184754E+000  0.22814309E+001  0.39931766E+001
 -0.15576004E+000  0.23184539E+000  0.22814281E+001  0.39931830E+001
 -0.15576016E+000  0.23184334E+000  0.22814252E+001  0.39931895E+001
 -0.15576027E+000  0.23184137E+000  0.22814222E+001  0.39931961E+001
 -0.15576038E+000  0.23183950E+000  0.22814190E+001  0.39932027E+001
 -0.15576048E+000  0.23183773E+000  0.22814156E+001  0.39932094E+001
 -0.15576058E+000  0.23183604E+000  0.22814122E+001  0.39932160E+001
 -0.15576067E+000  0.23183444E+000  0.22814086E+001  0.39932227E+001
 -0.15576075E+000  0.23183293E+000  0.22814049E+001  0.39932293E+001
 -0.15576084E+000  0.23183151E+000  0.22814012E+001  0.39932360E+001
 -0.15576091E+000  0.23183016E+000  0.22813974E+001  0.39932425E+001
 -0.15576098E+000  0.23182890E+000  0.22813935E+001  0.39932490E+001
 -0.15576105E+000  0.23182772E+000  0.22813896E+001  0.39932555E+001
 -0.15576111E+000  0.23182660E+000  0.22813858E+001  0.39932618E+001
 -0.15576117E+000  0.23182556E+000  0.22813819E+001  0.39932681E+001
 -0.15576122E+000  0.23182459E+000  0.22813780E+001  0.39932743E+001
 -0.15576128E+000  0.23182368E+000  0.22813742E+001  0.39932803E+001
 -0.15576132E+000  0.23182283E+000  0.22813704E+001  0.39932862E+001
 -0.15576137E+000  0.23182204E+000  0.22813667E+001  0.39932919E+001
 -0.15576141E+000  0.23182131E+000  0.22813630E+001  0.39932975E+001
 -0.15576145E+000  0.23182063E+000  0.22813594E+001  0.39933030E+001
 -0.15576148E+000  0.23181999E+000  0.22813559E+001  0.39933083E+001
 -0.15576152E+000  0.23181941E+000  0.22813525E+001  0.39933134E+001
 -0.15576155E+000  0.23181886E+000  0.22813492E+001  0.39933184E+001
 -0.15576158E+000  0.23181836E+000  0.22813459E+001  0.39933231E+001
 -0.15576160E+000  0.23181789E+000  0.22813428E+001  0.39933277E+001
 -0.15576163E+000  0.23181746E+000  0.22813398E+001  0.39933321E+001
 -0.15576165E+000  0.23181707E+000  0.22813369E+001  0.39933364E+001
 -0.15576167E+000  0.23181670E+000  0.22813342E+001  0.39933405E+001
 -0.15576169E+000  0.23181636E+000  0.22813315E+001  0.39933444E+001
 -0.15576171E+000  0.23181605E+000  0.22813290E+001  0.39933481E+001
 -0.15576173E+000  0.23181576E+000  0.22813265E+001  0.39933516E+001
 -0.15576174E+000  0.23181550E+000  0.22813242E+001  0.39933550E+001
 -0.15576175E+000  0.23181526E+000  0.22813220E+001  0.39933582E+001
 -0.15576177E+000  0.23181504E+000  0.22813199E+001  0.39933613E+001
 -0.15576178E+000  0.23181483E+000  0.22813179E+001  0.39933642E+001
 -0.15576179E+000  0.23181464E+000  0.22813161E+001  0.39933669E+001
 -0.15576180E+000  0.23181447E+000  0.22813143E+001  0.39933695E+001
 -0.15576181E+000  0.23181432E+000  0.22813126E+001  0.39933719E+001
 -0.15576182E+000  0.23181417E+000  0.22813110E+001  0.39933743E+001
 -0.15576183E+000  0.23181404E+000  0.22813095E+001  0.39933764E+001
 -0.15576183E+000  0.23181392E+000  0.22813081E+001  0.39933785E+001
 -0.15576184E+000  0.23181381E+000  0.22813068E+001  0.39933804E+001
 -0.15576185E+000  0.23181371E+000  0.22813056E+001  0.39933822E+001
 -0.15576185E+000  0.23181361E+000  0.22813044E+001  0.39933839E+001
 -0.15576186E+000  0.23181353E+000  0.22813033E+001  0.39933855E+001
 -0.15576186E+000  0.23181345E+000  0.22813023E+001  0.39933870E+001
 -0.15576187E+000  0.23181338E+000  0.22813014E+001  0.39933884E+001
 -0.15576187E+000  0.23181332E+000  0.22813005E+001  0.39933897E+001
 -0.15576188E+000  0.23181326E+000  0.22812996E+001  0.39933909E+001
 -0.15576188E+000  0.23181321E+000  0.22812989E+001  0.39933920E+001
 -0.15576188E+000  0.23181316E+000  0.22812982E+001  0.39933931E+001
 -0.15576188E+000  0.23181311E+000  0.22812975E+001  0.39933940E+001
 -0.15576189E+000  0.23181307E+000  0.22812969E+001  0.39933949E+001
 -0.15576189E+000  0.23181303E+000  0.22812963E+001  0.39933958E+001
 -0.15576189E+000  0.23181300E+000  0.22812958E+001  0.39933965E+001
 -0.15576189E+000  0.23181297E+000  0.22812953E+001  0.39933973E+001
 -0.15576190E+000  0.23181294E+000  0.22812948E+001  0.39933979E+001
 -0.15576190E+000  0.23181292E+000  0.22812944E+001  0.39933985E+001
 -0.15576190E+000  0.23181289E+000  0.22812940E+001  0.39933991E+001
 -0.15576190E+000  0.23181287E+000  0.22812937E+001  0.39933996E+001
 -0.15576190E+000  0.23181285E+000  0.22812933E+001  0.39934001E+001
 -0.15576190E+000  0.23181283E+000  0.22812930E+001  0.39934005E+001
 -0.15576191E+000  0.23181282E+000  0.22812927E+001  0.39934009E+001
 -0.15576191E+000  0.23181280E+000  0.22812925E+001  0.39934013E+001
 -0.15576190E+000  0.23181280E+000  0.22812923E+001  0.39934016E+001
