  0.16380372E+001
  0.16388262E+001
  0.16394368E+001
  0.16399205E+001
  0.16403052E+001
  0.16406101E+001
  0.16408493E+001
  0.16410340E+001
  0.16411734E+001
  0.16412753E+001
  0.16413457E+001
  0.16413900E+001
  0.16414123E+001
  0.16414163E+001
  0.16414051E+001
  0.16413811E+001
  0.16413464E+001
  0.16413029E+001
  0.16412519E+001
  0.16411949E+001
  0.16411328E+001
  0.16410665E+001
  0.16409968E+001
  0.16409243E+001
  0.16408495E+001
  0.16407730E+001
  0.16406951E+001
  0.16406161E+001
  0.16405364E+001
  0.16404563E+001
  0.16403760E+001
  0.16402956E+001
  0.16402154E+001
  0.16401355E+001
  0.16400560E+001
  0.16399771E+001
  0.16398989E+001
  0.16398216E+001
  0.16397452E+001
  0.16396698E+001
  0.16395955E+001
  0.16395225E+001
  0.16394508E+001
  0.16393805E+001
  0.16393117E+001
  0.16392445E+001
  0.16391789E+001
  0.16391150E+001
  0.16390529E+001
  0.16389925E+001
  0.16389341E+001
  0.16388776E+001
  0.16388230E+001
  0.16387704E+001
  0.16387198E+001
  0.16386713E+001
  0.16386248E+001
  0.16385803E+001
  0.16385379E+001
  0.16384976E+001
  0.16384592E+001
  0.16384229E+001
  0.16383886E+001
  0.16383562E+001
  0.16383257E+001
  0.16382971E+001
  0.16382703E+001
  0.16382453E+001
  0.16382220E+001
  0.16382003E+001
  0.16381802E+001
  0.16381617E+001
  0.16381446E+001
  0.16381289E+001
  0.16381146E+001
  0.16381015E+001
  0.16380896E+001
  0.16380789E+001
  0.16380692E+001
  0.16380605E+001
  0.16380528E+001
  0.16380459E+001
  0.16380399E+001
  0.16380346E+001
  0.16380299E+001
  0.16380260E+001
  0.16380226E+001
  0.16380197E+001
  0.16380173E+001
  0.16380153E+001
  0.16380137E+001
  0.16380124E+001
  0.16380114E+001
  0.16380107E+001
  0.16380102E+001
  0.16380099E+001
  0.16380097E+001
  0.16380097E+001
  0.16380098E+001
  0.16380100E+001
  0.16380103E+001
  0.16380106E+001
  0.16380110E+001
  0.16380114E+001
  0.16380118E+001
  0.16380123E+001
  0.16380127E+001
  0.16380132E+001
  0.16380137E+001
  0.16380142E+001
  0.16380147E+001
  0.16380151E+001
  0.16380156E+001
  0.16380161E+001
  0.16380165E+001
  0.16380170E+001
  0.16380174E+001
  0.16380179E+001
  0.16380183E+001
  0.16380187E+001
  0.16380192E+001
  0.16380196E+001
  0.16380200E+001
  0.16380204E+001
  0.16380208E+001
  0.16380212E+001
  0.16380216E+001
  0.16380220E+001
  0.16380224E+001
  0.16380228E+001
  0.16380232E+001
  0.16380236E+001
  0.16380239E+001
  0.16380243E+001
  0.16380247E+001
  0.16380251E+001
  0.16380255E+001
  0.16380258E+001
  0.16380262E+001
  0.16380266E+001
  0.16380269E+001
  0.16380273E+001
  0.16380277E+001
  0.16380280E+001
  0.16380284E+001
  0.16380287E+001
  0.16380291E+001
  0.16380294E+001
  0.16380297E+001
  0.16380301E+001
  0.16380304E+001
  0.16380307E+001
  0.16380310E+001
  0.16380313E+001
  0.16380316E+001
  0.16380319E+001
  0.16380322E+001
  0.16380325E+001
  0.16380327E+001
  0.16380330E+001
  0.16380332E+001
  0.16380335E+001
  0.16380337E+001
  0.16380339E+001
  0.16380342E+001
  0.16380344E+001
  0.16380346E+001
  0.16380348E+001
  0.16380349E+001
  0.16380351E+001
  0.16380353E+001
  0.16380355E+001
  0.16380356E+001
  0.16380358E+001
  0.16380359E+001
  0.16380360E+001
  0.16380362E+001
  0.16380363E+001
  0.16380364E+001
  0.16380365E+001
  0.16380366E+001
  0.16380367E+001
  0.16380368E+001
  0.16380369E+001
  0.16380370E+001
  0.16380370E+001
  0.16380371E+001
  0.16380372E+001
  0.16380372E+001
  0.16380373E+001
  0.16380373E+001
  0.16380374E+001
  0.16380374E+001
  0.16380375E+001
  0.16380375E+001
  0.16380375E+001
  0.16380375E+001
  0.16380376E+001
  0.16380376E+001
  0.16380376E+001
