  0.12538283E+001
  0.12537671E+001
  0.12536278E+001
  0.12534836E+001
  0.12533502E+001
  0.12532311E+001
  0.12531268E+001
  0.12530354E+001
  0.12529556E+001
  0.12528858E+001
  0.12528248E+001
  0.12527715E+001
  0.12527247E+001
  0.12526837E+001
  0.12526476E+001
  0.12526157E+001
  0.12525875E+001
  0.12525625E+001
  0.12525403E+001
  0.12525204E+001
  0.12525026E+001
  0.12524866E+001
  0.12524721E+001
  0.12524590E+001
  0.12524471E+001
  0.12524362E+001
  0.12524263E+001
  0.12524171E+001
  0.12524086E+001
  0.12524006E+001
  0.12523933E+001
  0.12523864E+001
  0.12523799E+001
  0.12523738E+001
  0.12523681E+001
  0.12523626E+001
  0.12523575E+001
  0.12523526E+001
  0.12523479E+001
  0.12523434E+001
  0.12523391E+001
  0.12523350E+001
  0.12523310E+001
  0.12523273E+001
  0.12523237E+001
  0.12523202E+001
  0.12523169E+001
  0.12523137E+001
  0.12523107E+001
  0.12523078E+001
  0.12523050E+001
  0.12523024E+001
  0.12522999E+001
  0.12522975E+001
  0.12522953E+001
  0.12522932E+001
  0.12522912E+001
  0.12522893E+001
  0.12522875E+001
  0.12522859E+001
  0.12522843E+001
  0.12522829E+001
  0.12522816E+001
  0.12522803E+001
  0.12522792E+001
  0.12522781E+001
  0.12522771E+001
  0.12522762E+001
  0.12522754E+001
  0.12522747E+001
  0.12522740E+001
  0.12522734E+001
  0.12522728E+001
  0.12522723E+001
  0.12522719E+001
  0.12522715E+001
  0.12522712E+001
  0.12522709E+001
  0.12522706E+001
  0.12522704E+001
  0.12522703E+001
  0.12522701E+001
  0.12522700E+001
  0.12522699E+001
  0.12522699E+001
  0.12522698E+001
  0.12522698E+001
  0.12522698E+001
  0.12522698E+001
  0.12522699E+001
  0.12522699E+001
  0.12522699E+001
  0.12522700E+001
  0.12522701E+001
  0.12522701E+001
  0.12522702E+001
  0.12522702E+001
  0.12522703E+001
  0.12522704E+001
  0.12522704E+001
  0.12522705E+001
  0.12522706E+001
  0.12522706E+001
  0.12522707E+001
  0.12522707E+001
  0.12522708E+001
  0.12522708E+001
  0.12522709E+001
  0.12522709E+001
  0.12522709E+001
  0.12522709E+001
  0.12522710E+001
  0.12522710E+001
  0.12522710E+001
  0.12522710E+001
  0.12522710E+001
  0.12522710E+001
  0.12522710E+001
  0.12522709E+001
  0.12522709E+001
  0.12522709E+001
  0.12522709E+001
  0.12522708E+001
  0.12522708E+001
  0.12522707E+001
  0.12522707E+001
  0.12522706E+001
  0.12522705E+001
  0.12522705E+001
  0.12522704E+001
  0.12522703E+001
  0.12522702E+001
  0.12522701E+001
  0.12522700E+001
  0.12522699E+001
  0.12522698E+001
  0.12522696E+001
  0.12522695E+001
  0.12522694E+001
  0.12522692E+001
  0.12522691E+001
  0.12522689E+001
  0.12522687E+001
  0.12522686E+001
  0.12522684E+001
  0.12522682E+001
  0.12522680E+001
  0.12522678E+001
  0.12522676E+001
  0.12522674E+001
  0.12522671E+001
  0.12522669E+001
  0.12522667E+001
  0.12522664E+001
  0.12522662E+001
  0.12522659E+001
  0.12522657E+001
  0.12522654E+001
  0.12522652E+001
  0.12522649E+001
  0.12522646E+001
  0.12522643E+001
  0.12522641E+001
  0.12522638E+001
  0.12522635E+001
  0.12522632E+001
  0.12522629E+001
  0.12522626E+001
  0.12522623E+001
  0.12522620E+001
  0.12522617E+001
  0.12522614E+001
  0.12522611E+001
  0.12522608E+001
  0.12522604E+001
  0.12522601E+001
  0.12522598E+001
  0.12522595E+001
  0.12522592E+001
  0.12522589E+001
  0.12522586E+001
  0.12522583E+001
  0.12522580E+001
  0.12522577E+001
  0.12522574E+001
  0.12522571E+001
  0.12522568E+001
  0.12522565E+001
  0.12522562E+001
  0.12522559E+001
  0.12522556E+001
  0.12522553E+001
  0.12522550E+001
  0.12522548E+001
  0.12522545E+001
  0.12522542E+001
  0.12522539E+001
  0.12522537E+001
  0.12522534E+001
  0.12522532E+001
