  0.65885112E+000  0.85733523E+000  0.97929921E+000  0.25198280E+001
  0.65906918E+000  0.85691152E+000  0.97921895E+000  0.25198690E+001
  0.65934907E+000  0.85641819E+000  0.97890042E+000  0.25198440E+001
  0.65998035E+000  0.85544999E+000  0.97870759E+000  0.25197969E+001
  0.65987466E+000  0.85538940E+000  0.97839275E+000  0.25197443E+001
  0.65978639E+000  0.85542579E+000  0.97801965E+000  0.25196929E+001
  0.65977230E+000  0.85519607E+000  0.97789357E+000  0.25196454E+001
  0.65974424E+000  0.85550830E+000  0.97728722E+000  0.25196024E+001
  0.65968174E+000  0.85540424E+000  0.97717309E+000  0.25195637E+001
  0.65965624E+000  0.85526304E+000  0.97709496E+000  0.25195294E+001
  0.65960504E+000  0.85517184E+000  0.97702357E+000  0.25194992E+001
  0.65981670E+000  0.85483458E+000  0.97696222E+000  0.25194726E+001
  0.66043269E+000  0.85419508E+000  0.97682196E+000  0.25194492E+001
  0.66039491E+000  0.85413666E+000  0.97677463E+000  0.25194287E+001
  0.66078122E+000  0.85366568E+000  0.97673322E+000  0.25194104E+001
  0.66075050E+000  0.85363705E+000  0.97668143E+000  0.25193942E+001
  0.66072257E+000  0.85359941E+000  0.97664872E+000  0.25193797E+001
  0.66069935E+000  0.85356366E+000  0.97662057E+000  0.25193669E+001
  0.66067484E+000  0.85353631E+000  0.97645841E+000  0.25184064E+001
  0.66065325E+000  0.85351153E+000  0.97642896E+000  0.25183503E+001
  0.66063327E+000  0.85348996E+000  0.97640147E+000  0.25182922E+001
  0.66061470E+000  0.85347686E+000  0.97637000E+000  0.25182327E+001
  0.66059738E+000  0.85346027E+000  0.97634598E+000  0.25181721E+001
  0.66058113E+000  0.85344568E+000  0.97632340E+000  0.25181108E+001
  0.66056583E+000  0.85343282E+000  0.97648319E+000  0.25193070E+001
  0.66055137E+000  0.85342147E+000  0.97647117E+000  0.25193013E+001
  0.66053764E+000  0.85341064E+000  0.97646103E+000  0.25192960E+001
  0.66052455E+000  0.85340172E+000  0.97645109E+000  0.25192912E+001
  0.66051205E+000  0.85339382E+000  0.97644191E+000  0.25192867E+001
  0.66050006E+000  0.85338679E+000  0.97643345E+000  0.25192826E+001
  0.66048852E+000  0.85338050E+000  0.97642567E+000  0.25192787E+001
  0.66047740E+000  0.85337486E+000  0.97641850E+000  0.25192751E+001
  0.66046665E+000  0.85336978E+000  0.97641190E+000  0.25192717E+001
  0.66045624E+000  0.85337004E+000  0.97640093E+000  0.25192684E+001
  0.66044614E+000  0.85336585E+000  0.97639530E+000  0.25192654E+001
  0.66043634E+000  0.85336201E+000  0.97639007E+000  0.25192625E+001
  0.66042681E+000  0.85335848E+000  0.97638523E+000  0.25192597E+001
  0.66041754E+000  0.85335522E+000  0.97638072E+000  0.25192570E+001
  0.66040852E+000  0.85335221E+000  0.97637652E+000  0.25192545E+001
  0.66039975E+000  0.85334941E+000  0.97637259E+000  0.25192520E+001
  0.66039123E+000  0.85334680E+000  0.97636892E+000  0.25192497E+001
  0.66038294E+000  0.85334436E+000  0.97636549E+000  0.25192474E+001
  0.66037489E+000  0.85334208E+000  0.97636226E+000  0.25192452E+001
  0.66036709E+000  0.85333995E+000  0.97635923E+000  0.25192431E+001
  0.66035953E+000  0.85333795E+000  0.97635637E+000  0.25192411E+001
  0.66035222E+000  0.85333607E+000  0.97635368E+000  0.25192391E+001
  0.66034517E+000  0.85333432E+000  0.97635114E+000  0.25192372E+001
  0.66033837E+000  0.85332781E+000  0.97635361E+000  0.25192354E+001
  0.66033183E+000  0.85332627E+000  0.97635134E+000  0.25192336E+001
  0.66032555E+000  0.85332484E+000  0.97634919E+000  0.25192319E+001
  0.66031954E+000  0.85332351E+000  0.97634715E+000  0.25192302E+001
  0.66031380E+000  0.85332227E+000  0.97634522E+000  0.25192286E+001
  0.66030833E+000  0.85332111E+000  0.97634339E+000  0.25192271E+001
  0.66030313E+000  0.85332004E+000  0.97634165E+000  0.25192257E+001
  0.66029820E+000  0.85331906E+000  0.97634000E+000  0.25192243E+001
  0.66029354E+000  0.85331814E+000  0.97633843E+000  0.25192229E+001
  0.66028916E+000  0.85331730E+000  0.97633695E+000  0.25192216E+001
  0.66028503E+000  0.85331653E+000  0.97633554E+000  0.25192204E+001
  0.66028117E+000  0.85331583E+000  0.97633420E+000  0.25192193E+001
  0.66027756E+000  0.85331518E+000  0.97633293E+000  0.25192182E+001
  0.66027420E+000  0.85331459E+000  0.97633173E+000  0.25192171E+001
  0.66027108E+000  0.85331406E+000  0.97633059E+000  0.25192162E+001
  0.66026819E+000  0.85331357E+000  0.97632951E+000  0.25192153E+001
  0.66026553E+000  0.85331314E+000  0.97632849E+000  0.25192144E+001
  0.66026308E+000  0.85331274E+000  0.97632752E+000  0.25192136E+001
  0.66026084E+000  0.85331239E+000  0.97632661E+000  0.25192129E+001
  0.66025879E+000  0.85331208E+000  0.97632575E+000  0.25192122E+001
  0.66025693E+000  0.85331180E+000  0.97632494E+000  0.25192115E+001
  0.66025524E+000  0.85331155E+000  0.97632417E+000  0.25192110E+001
  0.66025371E+000  0.85331134E+000  0.97632346E+000  0.25192104E+001
  0.66025234E+000  0.85331115E+000  0.97632279E+000  0.25192100E+001
  0.66025111E+000  0.85331100E+000  0.97632216E+000  0.25192095E+001
  0.66025001E+000  0.85331086E+000  0.97632158E+000  0.25192092E+001
  0.66024903E+000  0.85331076E+000  0.97632103E+000  0.25192088E+001
  0.66024816E+000  0.85331067E+000  0.97632053E+000  0.25192086E+001
  0.66024739E+000  0.85331060E+000  0.97632006E+000  0.25192083E+001
  0.66024672E+000  0.85331056E+000  0.97631963E+000  0.25192081E+001
  0.66024613E+000  0.85331053E+000  0.97631924E+000  0.25192080E+001
  0.66024562E+000  0.85331052E+000  0.97631887E+000  0.25192079E+001
  0.66024517E+000  0.85331052E+000  0.97631855E+000  0.25192078E+001
  0.66024479E+000  0.85331053E+000  0.97631825E+000  0.25192078E+001
  0.66024447E+000  0.85331056E+000  0.97631797E+000  0.25192078E+001
  0.66024419E+000  0.85331059E+000  0.97631773E+000  0.25192078E+001
  0.66024396E+000  0.85331064E+000  0.97631751E+000  0.25192079E+001
  0.66024377E+000  0.85331069E+000  0.97631731E+000  0.25192080E+001
  0.66024361E+000  0.85331075E+000  0.97631713E+000  0.25192082E+001
  0.66024348E+000  0.85331081E+000  0.97631697E+000  0.25192083E+001
  0.66024338E+000  0.85331087E+000  0.97631682E+000  0.25192085E+001
  0.66024330E+000  0.85331093E+000  0.97631669E+000  0.25192087E+001
  0.66024324E+000  0.85331100E+000  0.97631657E+000  0.25192089E+001
  0.66024319E+000  0.85331106E+000  0.97631646E+000  0.25192092E+001
  0.66024316E+000  0.85331112E+000  0.97631636E+000  0.25192094E+001
  0.66024315E+000  0.85331118E+000  0.97631627E+000  0.25192097E+001
  0.66024314E+000  0.85331124E+000  0.97631618E+000  0.25192100E+001
  0.66024314E+000  0.85331129E+000  0.97631609E+000  0.25192103E+001
  0.66024314E+000  0.85331133E+000  0.97631601E+000  0.25192105E+001
  0.66024315E+000  0.85331137E+000  0.97631592E+000  0.25192108E+001
  0.66024317E+000  0.85331141E+000  0.97631584E+000  0.25192111E+001
  0.66024319E+000  0.85331144E+000  0.97631576E+000  0.25192114E+001
  0.66024321E+000  0.85331146E+000  0.97631568E+000  0.25192117E+001
  0.66024323E+000  0.85331148E+000  0.97631559E+000  0.25192120E+001
  0.66024326E+000  0.85331149E+000  0.97631550E+000  0.25192123E+001
  0.66024328E+000  0.85331150E+000  0.97631541E+000  0.25192126E+001
  0.66024331E+000  0.85331150E+000  0.97631532E+000  0.25192129E+001
  0.66024333E+000  0.85331150E+000  0.97631522E+000  0.25192132E+001
  0.66024336E+000  0.85331149E+000  0.97631512E+000  0.25192134E+001
  0.66024339E+000  0.85331148E+000  0.97631501E+000  0.25192137E+001
  0.66024341E+000  0.85331147E+000  0.97631490E+000  0.25192139E+001
  0.66024344E+000  0.85331145E+000  0.97631479E+000  0.25192142E+001
  0.66024347E+000  0.85331142E+000  0.97631468E+000  0.25192144E+001
  0.66024349E+000  0.85331140E+000  0.97631456E+000  0.25192146E+001
  0.66024352E+000  0.85331137E+000  0.97631443E+000  0.25192148E+001
  0.66024354E+000  0.85331134E+000  0.97631430E+000  0.25192150E+001
  0.66024357E+000  0.85331130E+000  0.97631417E+000  0.25192152E+001
  0.66024359E+000  0.85331127E+000  0.97631404E+000  0.25192153E+001
  0.66024361E+000  0.85331123E+000  0.97631390E+000  0.25192155E+001
  0.66024364E+000  0.85331119E+000  0.97631376E+000  0.25192156E+001
  0.66024366E+000  0.85331116E+000  0.97631361E+000  0.25192157E+001
  0.66024368E+000  0.85331112E+000  0.97631347E+000  0.25192158E+001
  0.66024370E+000  0.85331108E+000  0.97631331E+000  0.25192159E+001
  0.66024372E+000  0.85331104E+000  0.97631316E+000  0.25192160E+001
  0.66024374E+000  0.85331100E+000  0.97631300E+000  0.25192160E+001
  0.66024375E+000  0.85331096E+000  0.97631284E+000  0.25192160E+001
  0.66024377E+000  0.85331093E+000  0.97631268E+000  0.25192160E+001
  0.66024379E+000  0.85331089E+000  0.97631251E+000  0.25192160E+001
  0.66024380E+000  0.85331086E+000  0.97631235E+000  0.25192160E+001
  0.66024381E+000  0.85331082E+000  0.97631218E+000  0.25192159E+001
  0.66024382E+000  0.85331079E+000  0.97631200E+000  0.25192158E+001
  0.66024383E+000  0.85331076E+000  0.97631183E+000  0.25192157E+001
  0.66024384E+000  0.85331073E+000  0.97631165E+000  0.25192156E+001
  0.66024384E+000  0.85331070E+000  0.97631148E+000  0.25192155E+001
  0.66024385E+000  0.85331067E+000  0.97631130E+000  0.25192153E+001
  0.66024385E+000  0.85331064E+000  0.97631112E+000  0.25192151E+001
  0.66024385E+000  0.85331062E+000  0.97631094E+000  0.25192149E+001
  0.66024385E+000  0.85331059E+000  0.97631075E+000  0.25192146E+001
  0.66024385E+000  0.85331057E+000  0.97631057E+000  0.25192143E+001
  0.66024385E+000  0.85331055E+000  0.97631039E+000  0.25192140E+001
  0.66024385E+000  0.85331052E+000  0.97631021E+000  0.25192137E+001
  0.66024384E+000  0.85331050E+000  0.97631002E+000  0.25192134E+001
  0.66024384E+000  0.85331048E+000  0.97630984E+000  0.25192130E+001
  0.66024383E+000  0.85331047E+000  0.97630966E+000  0.25192126E+001
  0.66024382E+000  0.85331045E+000  0.97630948E+000  0.25192121E+001
  0.66024381E+000  0.85331043E+000  0.97630930E+000  0.25192117E+001
  0.66024380E+000  0.85331041E+000  0.97630912E+000  0.25192112E+001
  0.66024379E+000  0.85331040E+000  0.97630894E+000  0.25192107E+001
  0.66024378E+000  0.85331038E+000  0.97630876E+000  0.25192101E+001
  0.66024376E+000  0.85331037E+000  0.97630859E+000  0.25192095E+001
  0.66024375E+000  0.85331035E+000  0.97630841E+000  0.25192089E+001
  0.66024374E+000  0.85331034E+000  0.97630824E+000  0.25192083E+001
  0.66024372E+000  0.85331033E+000  0.97630808E+000  0.25192076E+001
  0.66024371E+000  0.85331031E+000  0.97630791E+000  0.25192069E+001
  0.66024369E+000  0.85331030E+000  0.97630775E+000  0.25192062E+001
  0.66024368E+000  0.85331029E+000  0.97630759E+000  0.25192055E+001
  0.66024366E+000  0.85331028E+000  0.97630743E+000  0.25192047E+001
  0.66024365E+000  0.85331027E+000  0.97630728E+000  0.25192039E+001
  0.66024363E+000  0.85331025E+000  0.97630713E+000  0.25192031E+001
  0.66024362E+000  0.85331024E+000  0.97630699E+000  0.25192022E+001
  0.66024360E+000  0.85331023E+000  0.97630684E+000  0.25192014E+001
  0.66024358E+000  0.85331022E+000  0.97630671E+000  0.25192005E+001
  0.66024357E+000  0.85331021E+000  0.97630657E+000  0.25191995E+001
  0.66024355E+000  0.85331020E+000  0.97630644E+000  0.25191986E+001
  0.66024354E+000  0.85331019E+000  0.97630631E+000  0.25191976E+001
  0.66024353E+000  0.85331018E+000  0.97630619E+000  0.25191966E+001
  0.66024351E+000  0.85331017E+000  0.97630607E+000  0.25191956E+001
  0.66024350E+000  0.85331016E+000  0.97630595E+000  0.25191946E+001
  0.66024349E+000  0.85331015E+000  0.97630584E+000  0.25191936E+001
  0.66024347E+000  0.85331015E+000  0.97630574E+000  0.25191925E+001
  0.66024346E+000  0.85331014E+000  0.97630563E+000  0.25191914E+001
  0.66024345E+000  0.85331013E+000  0.97630553E+000  0.25191904E+001
  0.66024344E+000  0.85331012E+000  0.97630544E+000  0.25191893E+001
  0.66024343E+000  0.85331011E+000  0.97630534E+000  0.25191881E+001
  0.66024341E+000  0.85331011E+000  0.97630526E+000  0.25191870E+001
  0.66024340E+000  0.85331010E+000  0.97630517E+000  0.25191859E+001
  0.66024339E+000  0.85331009E+000  0.97630509E+000  0.25191848E+001
  0.66024339E+000  0.85331008E+000  0.97630501E+000  0.25191836E+001
  0.66024338E+000  0.85331008E+000  0.97630494E+000  0.25191825E+001
  0.66024337E+000  0.85331007E+000  0.97630487E+000  0.25191813E+001
  0.66024336E+000  0.85331007E+000  0.97630480E+000  0.25191801E+001
  0.66024335E+000  0.85331006E+000  0.97630474E+000  0.25191790E+001
  0.66024334E+000  0.85331006E+000  0.97630468E+000  0.25191778E+001
  0.66024334E+000  0.85331005E+000  0.97630462E+000  0.25191766E+001
  0.66024333E+000  0.85331005E+000  0.97630456E+000  0.25191755E+001
  0.66024333E+000  0.85331004E+000  0.97630451E+000  0.25191743E+001
  0.66024332E+000  0.85331004E+000  0.97630446E+000  0.25191732E+001
  0.66024331E+000  0.85331003E+000  0.97630441E+000  0.25191720E+001
  0.66024331E+000  0.85331003E+000  0.97630437E+000  0.25191709E+001
  0.66024330E+000  0.85331002E+000  0.97630433E+000  0.25191697E+001
  0.66024330E+000  0.85331002E+000  0.97630429E+000  0.25191686E+001
  0.66024330E+000  0.85331002E+000  0.97630425E+000  0.25191675E+001
  0.66024329E+000  0.85331001E+000  0.97630421E+000  0.25191663E+001
  0.66024329E+000  0.85331001E+000  0.97630418E+000  0.25191652E+001
  0.66024328E+000  0.85331001E+000  0.97630415E+000  0.25191641E+001
  0.66024328E+000  0.85331001E+000  0.97630412E+000  0.25191630E+001
  0.66024328E+000  0.85331000E+000  0.97630409E+000  0.25191620E+001
  0.66024327E+000  0.85331000E+000  0.97630407E+000  0.25191609E+001
  0.66024327E+000  0.85331000E+000  0.97630404E+000  0.25191598E+001
  0.66024327E+000  0.85331000E+000  0.97630402E+000  0.25191588E+001
  0.66024327E+000  0.85331000E+000  0.97630400E+000  0.25191578E+001
  0.66024327E+000  0.85330999E+000  0.97630398E+000  0.25191568E+001
  0.66024326E+000  0.85330999E+000  0.97630396E+000  0.25191558E+001
