  0.70392275E+000  0.85515929E+000  0.10386949E+001  0.24175367E+001
  0.70383948E+000  0.85479276E+000  0.10387812E+001  0.24176552E+001
  0.70366877E+000  0.85448356E+000  0.10387529E+001  0.24176064E+001
  0.70345485E+000  0.85427898E+000  0.10386761E+001  0.24175249E+001
  0.70325829E+000  0.85410712E+000  0.10385952E+001  0.24174406E+001
  0.70308385E+000  0.85395699E+000  0.10385220E+001  0.24173619E+001
  0.70293308E+000  0.85382633E+000  0.10384566E+001  0.24172913E+001
  0.70280236E+000  0.85371231E+000  0.10383980E+001  0.24172294E+001
  0.70268879E+000  0.85361294E+000  0.10383455E+001  0.24171756E+001
  0.70259000E+000  0.85352586E+000  0.10382989E+001  0.24171289E+001
  0.70250388E+000  0.85344949E+000  0.10382577E+001  0.24170885E+001
  0.70242849E+000  0.85338255E+000  0.10382213E+001  0.24170538E+001
  0.70236231E+000  0.85332389E+000  0.10381890E+001  0.24170237E+001
  0.70230410E+000  0.85327256E+000  0.10381605E+001  0.24169978E+001
  0.70225249E+000  0.85322776E+000  0.10381349E+001  0.24169753E+001
  0.70220646E+000  0.85318854E+000  0.10381122E+001  0.24169560E+001
  0.70216520E+000  0.85315418E+000  0.10380918E+001  0.24169392E+001
  0.70212802E+000  0.85312406E+000  0.10380737E+001  0.24169247E+001
  0.70209434E+000  0.85309765E+000  0.10380574E+001  0.24169121E+001
  0.70206366E+000  0.85307449E+000  0.10380426E+001  0.24169012E+001
  0.70203557E+000  0.85305416E+000  0.10380293E+001  0.24168917E+001
  0.70200974E+000  0.85303629E+000  0.10380172E+001  0.24168834E+001
  0.70198585E+000  0.85302058E+000  0.10380062E+001  0.24168763E+001
  0.70196366E+000  0.85300673E+000  0.10379960E+001  0.24168700E+001
  0.70194296E+000  0.85299450E+000  0.10379867E+001  0.24168646E+001
  0.70192357E+000  0.85298366E+000  0.10379782E+001  0.24168598E+001
  0.70190533E+000  0.85297404E+000  0.10379703E+001  0.24168557E+001
  0.70188810E+000  0.85296544E+000  0.10379630E+001  0.24168521E+001
  0.70187171E+000  0.85295774E+000  0.10379562E+001  0.24168489E+001
  0.70185612E+000  0.85295079E+000  0.10379499E+001  0.24168461E+001
  0.70184125E+000  0.85294449E+000  0.10379441E+001  0.24168436E+001
  0.70182705E+000  0.85293873E+000  0.10379387E+001  0.24168414E+001
  0.70181346E+000  0.85293343E+000  0.10379337E+001  0.24168394E+001
  0.70180042E+000  0.85292853E+000  0.10379291E+001  0.24168376E+001
  0.70178151E+000  0.85293035E+000  0.10379248E+001  0.24168360E+001
  0.70176322E+000  0.85293228E+000  0.10379209E+001  0.24168345E+001
  0.70174563E+000  0.85293419E+000  0.10379173E+001  0.24168331E+001
  0.70172871E+000  0.85293605E+000  0.10379139E+001  0.24168318E+001
  0.70171244E+000  0.85293782E+000  0.10379108E+001  0.24168306E+001
  0.70169680E+000  0.85294021E+000  0.10379073E+001  0.24168295E+001
  0.70168178E+000  0.85294687E+000  0.10378996E+001  0.24168284E+001
  0.70166737E+000  0.85295327E+000  0.10378922E+001  0.24168273E+001
  0.70165355E+000  0.85295939E+000  0.10378852E+001  0.24168263E+001
  0.70164032E+000  0.85296523E+000  0.10378784E+001  0.24168254E+001
  0.70162768E+000  0.85297079E+000  0.10378720E+001  0.24168244E+001
  0.70161561E+000  0.85297607E+000  0.10378658E+001  0.24168235E+001
  0.70160411E+000  0.85298106E+000  0.10378600E+001  0.24168227E+001
  0.70159318E+000  0.85298578E+000  0.10378543E+001  0.24168219E+001
  0.70158281E+000  0.85299022E+000  0.10378489E+001  0.24168211E+001
  0.70157300E+000  0.85299439E+000  0.10378437E+001  0.24168204E+001
  0.70156372E+000  0.85299829E+000  0.10378387E+001  0.24168197E+001
  0.70155499E+000  0.85300194E+000  0.10378340E+001  0.24168190E+001
  0.70154679E+000  0.85300533E+000  0.10378294E+001  0.24168184E+001
  0.70153910E+000  0.85300849E+000  0.10378250E+001  0.24168178E+001
  0.70153191E+000  0.85301141E+000  0.10378209E+001  0.24168173E+001
  0.70152521E+000  0.85301412E+000  0.10378169E+001  0.24168168E+001
  0.70151899E+000  0.85301661E+000  0.10378130E+001  0.24168164E+001
  0.70151321E+000  0.85301891E+000  0.10378094E+001  0.24168160E+001
  0.70150787E+000  0.85302102E+000  0.10378059E+001  0.24168157E+001
  0.70150293E+000  0.85302297E+000  0.10378026E+001  0.24168153E+001
  0.70149838E+000  0.85302476E+000  0.10377994E+001  0.24168151E+001
  0.70149419E+000  0.85302641E+000  0.10377965E+001  0.24168148E+001
  0.70149034E+000  0.85302795E+000  0.10377936E+001  0.24168146E+001
  0.70148679E+000  0.85302938E+000  0.10377909E+001  0.24168145E+001
  0.70148354E+000  0.85303071E+000  0.10377884E+001  0.24168143E+001
  0.70148054E+000  0.85303197E+000  0.10377860E+001  0.24168142E+001
  0.70147778E+000  0.85303317E+000  0.10377837E+001  0.24168142E+001
  0.70147523E+000  0.85303432E+000  0.10377815E+001  0.24168141E+001
  0.70147287E+000  0.85303543E+000  0.10377795E+001  0.24168141E+001
  0.70147068E+000  0.85303651E+000  0.10377776E+001  0.24168142E+001
  0.70146864E+000  0.85303758E+000  0.10377758E+001  0.24168143E+001
  0.70146673E+000  0.85303863E+000  0.10377741E+001  0.24168144E+001
  0.70146494E+000  0.85303968E+000  0.10377725E+001  0.24168145E+001
  0.70146326E+000  0.85304072E+000  0.10377710E+001  0.24168147E+001
  0.70146167E+000  0.85304177E+000  0.10377695E+001  0.24168149E+001
  0.70146016E+000  0.85304281E+000  0.10377682E+001  0.24168152E+001
  0.70145873E+000  0.85304387E+000  0.10377670E+001  0.24168155E+001
  0.70145737E+000  0.85304492E+000  0.10377658E+001  0.24168158E+001
  0.70145607E+000  0.85304598E+000  0.10377647E+001  0.24168161E+001
  0.70145482E+000  0.85304703E+000  0.10377637E+001  0.24168165E+001
  0.70145363E+000  0.85304808E+000  0.10377627E+001  0.24168169E+001
  0.70145249E+000  0.85304913E+000  0.10377618E+001  0.24168174E+001
  0.70145140E+000  0.85305016E+000  0.10377610E+001  0.24168178E+001
  0.70145036E+000  0.85305118E+000  0.10377602E+001  0.24168183E+001
  0.70144936E+000  0.85305218E+000  0.10377594E+001  0.24168188E+001
  0.70144841E+000  0.85305316E+000  0.10377587E+001  0.24168193E+001
  0.70144749E+000  0.85305412E+000  0.10377581E+001  0.24168199E+001
  0.70144662E+000  0.85305506E+000  0.10377574E+001  0.24168204E+001
  0.70144579E+000  0.85305597E+000  0.10377569E+001  0.24168210E+001
  0.70144500E+000  0.85305684E+000  0.10377563E+001  0.24168216E+001
  0.70144424E+000  0.85305769E+000  0.10377558E+001  0.24168222E+001
  0.70144352E+000  0.85305851E+000  0.10377553E+001  0.24168228E+001
  0.70144284E+000  0.85305929E+000  0.10377548E+001  0.24168234E+001
  0.70144218E+000  0.85306004E+000  0.10377543E+001  0.24168240E+001
  0.70144156E+000  0.85306075E+000  0.10377539E+001  0.24168246E+001
  0.70144096E+000  0.85306144E+000  0.10377534E+001  0.24168252E+001
  0.70144039E+000  0.85306209E+000  0.10377530E+001  0.24168258E+001
  0.70143985E+000  0.85306271E+000  0.10377526E+001  0.24168263E+001
  0.70143933E+000  0.85306329E+000  0.10377523E+001  0.24168269E+001
  0.70143883E+000  0.85306385E+000  0.10377519E+001  0.24168275E+001
  0.70143835E+000  0.85306437E+000  0.10377515E+001  0.24168280E+001
  0.70143789E+000  0.85306487E+000  0.10377512E+001  0.24168286E+001
  0.70143745E+000  0.85306533E+000  0.10377509E+001  0.24168291E+001
  0.70143703E+000  0.85306577E+000  0.10377506E+001  0.24168296E+001
  0.70143663E+000  0.85306617E+000  0.10377503E+001  0.24168301E+001
  0.70143624E+000  0.85306655E+000  0.10377500E+001  0.24168306E+001
  0.70143586E+000  0.85306690E+000  0.10377497E+001  0.24168311E+001
  0.70143550E+000  0.85306723E+000  0.10377494E+001  0.24168316E+001
  0.70143515E+000  0.85306752E+000  0.10377491E+001  0.24168320E+001
  0.70143482E+000  0.85306780E+000  0.10377489E+001  0.24168324E+001
  0.70143450E+000  0.85306804E+000  0.10377486E+001  0.24168328E+001
  0.70143419E+000  0.85306827E+000  0.10377484E+001  0.24168332E+001
  0.70143389E+000  0.85306847E+000  0.10377482E+001  0.24168336E+001
  0.70143360E+000  0.85306865E+000  0.10377480E+001  0.24168340E+001
  0.70143333E+000  0.85306881E+000  0.10377477E+001  0.24168343E+001
  0.70143306E+000  0.85306894E+000  0.10377475E+001  0.24168347E+001
  0.70143281E+000  0.85306906E+000  0.10377473E+001  0.24168350E+001
  0.70143256E+000  0.85306916E+000  0.10377471E+001  0.24168353E+001
  0.70143233E+000  0.85306924E+000  0.10377469E+001  0.24168356E+001
  0.70143210E+000  0.85306931E+000  0.10377467E+001  0.24168359E+001
  0.70143189E+000  0.85306935E+000  0.10377464E+001  0.24168362E+001
  0.70143168E+000  0.85306939E+000  0.10377462E+001  0.24168365E+001
  0.70143148E+000  0.85306941E+000  0.10377460E+001  0.24168367E+001
  0.70143129E+000  0.85306942E+000  0.10377457E+001  0.24168370E+001
  0.70143111E+000  0.85306942E+000  0.10377455E+001  0.24168372E+001
  0.70143094E+000  0.85306940E+000  0.10377452E+001  0.24168374E+001
  0.70143078E+000  0.85306938E+000  0.10377449E+001  0.24168376E+001
  0.70143062E+000  0.85306935E+000  0.10377446E+001  0.24168378E+001
  0.70143048E+000  0.85306931E+000  0.10377443E+001  0.24168380E+001
  0.70143034E+000  0.85306927E+000  0.10377440E+001  0.24168382E+001
  0.70143020E+000  0.85306922E+000  0.10377437E+001  0.24168384E+001
  0.70143008E+000  0.85306916E+000  0.10377433E+001  0.24168385E+001
  0.70142996E+000  0.85306910E+000  0.10377430E+001  0.24168386E+001
  0.70142984E+000  0.85306904E+000  0.10377426E+001  0.24168388E+001
  0.70142974E+000  0.85306898E+000  0.10377422E+001  0.24168389E+001
  0.70142964E+000  0.85306891E+000  0.10377418E+001  0.24168389E+001
  0.70142954E+000  0.85306884E+000  0.10377414E+001  0.24168390E+001
  0.70142945E+000  0.85306878E+000  0.10377410E+001  0.24168390E+001
  0.70142937E+000  0.85306871E+000  0.10377406E+001  0.24168390E+001
  0.70142929E+000  0.85306864E+000  0.10377402E+001  0.24168390E+001
  0.70142922E+000  0.85306857E+000  0.10377397E+001  0.24168390E+001
  0.70142915E+000  0.85306851E+000  0.10377393E+001  0.24168389E+001
  0.70142908E+000  0.85306844E+000  0.10377388E+001  0.24168388E+001
  0.70142902E+000  0.85306838E+000  0.10377384E+001  0.24168387E+001
  0.70142897E+000  0.85306832E+000  0.10377379E+001  0.24168385E+001
  0.70142891E+000  0.85306825E+000  0.10377375E+001  0.24168384E+001
  0.70142886E+000  0.85306820E+000  0.10377370E+001  0.24168381E+001
  0.70142882E+000  0.85306814E+000  0.10377366E+001  0.24168379E+001
  0.70142877E+000  0.85306809E+000  0.10377362E+001  0.24168376E+001
  0.70142873E+000  0.85306803E+000  0.10377357E+001  0.24168372E+001
  0.70142870E+000  0.85306798E+000  0.10377353E+001  0.24168369E+001
  0.70142866E+000  0.85306794E+000  0.10377349E+001  0.24168365E+001
  0.70142863E+000  0.85306789E+000  0.10377345E+001  0.24168360E+001
  0.70142860E+000  0.85306785E+000  0.10377341E+001  0.24168355E+001
  0.70142857E+000  0.85306781E+000  0.10377337E+001  0.24168350E+001
  0.70142854E+000  0.85306777E+000  0.10377333E+001  0.24168345E+001
  0.70142852E+000  0.85306773E+000  0.10377329E+001  0.24168339E+001
  0.70142850E+000  0.85306770E+000  0.10377326E+001  0.24168332E+001
  0.70142848E+000  0.85306766E+000  0.10377322E+001  0.24168326E+001
  0.70142846E+000  0.85306763E+000  0.10377319E+001  0.24168319E+001
  0.70142844E+000  0.85306761E+000  0.10377316E+001  0.24168312E+001
  0.70142842E+000  0.85306758E+000  0.10377313E+001  0.24168304E+001
  0.70142841E+000  0.85306755E+000  0.10377310E+001  0.24168296E+001
  0.70142840E+000  0.85306753E+000  0.10377307E+001  0.24168288E+001
  0.70142838E+000  0.85306751E+000  0.10377304E+001  0.24168279E+001
  0.70142837E+000  0.85306749E+000  0.10377301E+001  0.24168270E+001
  0.70142836E+000  0.85306747E+000  0.10377299E+001  0.24168261E+001
  0.70142835E+000  0.85306745E+000  0.10377297E+001  0.24168252E+001
  0.70142834E+000  0.85306743E+000  0.10377294E+001  0.24168242E+001
  0.70142833E+000  0.85306742E+000  0.10377292E+001  0.24168233E+001
  0.70142832E+000  0.85306740E+000  0.10377290E+001  0.24168223E+001
  0.70142832E+000  0.85306739E+000  0.10377288E+001  0.24168212E+001
  0.70142831E+000  0.85306738E+000  0.10377287E+001  0.24168202E+001
  0.70142830E+000  0.85306737E+000  0.10377285E+001  0.24168192E+001
  0.70142830E+000  0.85306736E+000  0.10377283E+001  0.24168181E+001
  0.70142829E+000  0.85306735E+000  0.10377282E+001  0.24168170E+001
  0.70142829E+000  0.85306734E+000  0.10377280E+001  0.24168159E+001
  0.70142828E+000  0.85306733E+000  0.10377279E+001  0.24168148E+001
  0.70142828E+000  0.85306732E+000  0.10377278E+001  0.24168137E+001
  0.70142827E+000  0.85306731E+000  0.10377277E+001  0.24168126E+001
  0.70142827E+000  0.85306731E+000  0.10377276E+001  0.24168115E+001
  0.70142827E+000  0.85306730E+000  0.10377275E+001  0.24168104E+001
  0.70142826E+000  0.85306730E+000  0.10377274E+001  0.24168092E+001
  0.70142826E+000  0.85306729E+000  0.10377273E+001  0.24168081E+001
  0.70142826E+000  0.85306729E+000  0.10377272E+001  0.24168070E+001
  0.70142826E+000  0.85306728E+000  0.10377271E+001  0.24168059E+001
  0.70142826E+000  0.85306728E+000  0.10377271E+001  0.24168048E+001
  0.70142825E+000  0.85306727E+000  0.10377270E+001  0.24168037E+001
  0.70142825E+000  0.85306727E+000  0.10377269E+001  0.24168025E+001
  0.70142825E+000  0.85306727E+000  0.10377269E+001  0.24168014E+001
  0.70142825E+000  0.85306726E+000  0.10377268E+001  0.24168004E+001
  0.70142825E+000  0.85306726E+000  0.10377268E+001  0.24167993E+001
  0.70142825E+000  0.85306726E+000  0.10377267E+001  0.24167982E+001
  0.70142824E+000  0.85306726E+000  0.10377267E+001  0.24167971E+001
  0.70142824E+000  0.85306726E+000  0.10377266E+001  0.24167961E+001
  0.70142824E+000  0.85306725E+000  0.10377266E+001  0.24167950E+001
  0.70142824E+000  0.85306725E+000  0.10377266E+001  0.24167940E+001
  0.70142824E+000  0.85306725E+000  0.10377265E+001  0.24167930E+001
  0.70142824E+000  0.85306725E+000  0.10377265E+001  0.24167920E+001
  0.70142824E+000  0.85306725E+000  0.10377265E+001  0.24167910E+001
