 -0.44522118E+000
 -0.44508086E+000
 -0.44511783E+000
 -0.44519743E+000
 -0.44528456E+000
 -0.44536791E+000
 -0.44544380E+000
 -0.44551119E+000
 -0.44557032E+000
 -0.44562192E+000
 -0.44566670E+000
 -0.44570549E+000
 -0.44573908E+000
 -0.44576814E+000
 -0.44579328E+000
 -0.44581501E+000
 -0.44583382E+000
 -0.44585009E+000
 -0.44586419E+000
 -0.44587639E+000
 -0.44588697E+000
 -0.44589614E+000
 -0.44590409E+000
 -0.44591099E+000
 -0.44591698E+000
 -0.44592219E+000
 -0.44592672E+000
 -0.44593066E+000
 -0.44593409E+000
 -0.44593708E+000
 -0.44593969E+000
 -0.44594197E+000
 -0.44594398E+000
 -0.44594574E+000
 -0.44594730E+000
 -0.44594868E+000
 -0.44594991E+000
 -0.44595100E+000
 -0.44595199E+000
 -0.44595287E+000
 -0.44595368E+000
 -0.44595441E+000
 -0.44595507E+000
 -0.44595568E+000
 -0.44595624E+000
 -0.44595675E+000
 -0.44595722E+000
 -0.44595766E+000
 -0.44595806E+000
 -0.44595843E+000
 -0.44595877E+000
 -0.44595908E+000
 -0.44595937E+000
 -0.44595964E+000
 -0.44595988E+000
 -0.44596010E+000
 -0.44596031E+000
 -0.44596049E+000
 -0.44596066E+000
 -0.44596082E+000
 -0.44596096E+000
 -0.44596109E+000
 -0.44596121E+000
 -0.44596131E+000
 -0.44596141E+000
 -0.44596150E+000
 -0.44596159E+000
 -0.44596166E+000
 -0.44596173E+000
 -0.44596180E+000
 -0.44596186E+000
 -0.44596192E+000
 -0.44596198E+000
 -0.44596203E+000
 -0.44596208E+000
 -0.44596212E+000
 -0.44596216E+000
 -0.44596220E+000
 -0.44596223E+000
 -0.44596226E+000
 -0.44596228E+000
 -0.44596230E+000
 -0.44596232E+000
 -0.44596233E+000
 -0.44596233E+000
 -0.44596233E+000
 -0.44596233E+000
 -0.44596232E+000
 -0.44596230E+000
 -0.44596228E+000
 -0.44596226E+000
 -0.44596223E+000
 -0.44596220E+000
 -0.44596216E+000
 -0.44596212E+000
 -0.44596207E+000
 -0.44596203E+000
 -0.44596197E+000
 -0.44596192E+000
 -0.44596186E+000
 -0.44596180E+000
 -0.44596174E+000
 -0.44596167E+000
 -0.44596161E+000
 -0.44596153E+000
 -0.44596146E+000
 -0.44596138E+000
 -0.44596130E+000
 -0.44596122E+000
 -0.44596114E+000
 -0.44596105E+000
 -0.44596096E+000
 -0.44596086E+000
 -0.44596076E+000
 -0.44596066E+000
 -0.44596055E+000
 -0.44596044E+000
 -0.44596033E+000
 -0.44596021E+000
 -0.44596008E+000
 -0.44595995E+000
 -0.44595981E+000
 -0.44595967E+000
 -0.44595952E+000
 -0.44595936E+000
 -0.44595920E+000
 -0.44595903E+000
 -0.44595886E+000
 -0.44595867E+000
 -0.44595848E+000
 -0.44595828E+000
 -0.44595808E+000
 -0.44595786E+000
 -0.44595764E+000
 -0.44595741E+000
 -0.44595717E+000
 -0.44595692E+000
 -0.44595666E+000
 -0.44595640E+000
 -0.44595613E+000
 -0.44595584E+000
 -0.44595555E+000
 -0.44595525E+000
 -0.44595495E+000
 -0.44595463E+000
 -0.44595430E+000
 -0.44595397E+000
 -0.44595363E+000
 -0.44595328E+000
 -0.44595292E+000
 -0.44595256E+000
 -0.44595219E+000
 -0.44595181E+000
 -0.44595142E+000
 -0.44595103E+000
 -0.44595063E+000
 -0.44595023E+000
 -0.44594982E+000
 -0.44594940E+000
 -0.44594898E+000
 -0.44594856E+000
 -0.44594813E+000
 -0.44594769E+000
 -0.44594725E+000
 -0.44594681E+000
 -0.44594637E+000
 -0.44594592E+000
 -0.44594547E+000
 -0.44594502E+000
 -0.44594457E+000
 -0.44594412E+000
 -0.44594366E+000
 -0.44594321E+000
 -0.44594275E+000
 -0.44594230E+000
 -0.44594184E+000
 -0.44594139E+000
 -0.44594094E+000
 -0.44594049E+000
 -0.44594004E+000
 -0.44593960E+000
 -0.44593916E+000
 -0.44593872E+000
 -0.44593828E+000
 -0.44593785E+000
 -0.44593742E+000
 -0.44593700E+000
 -0.44593658E+000
 -0.44593616E+000
 -0.44593575E+000
 -0.44593535E+000
 -0.44593495E+000
 -0.44593455E+000
 -0.44593416E+000
 -0.44593378E+000
 -0.44593340E+000
 -0.44593303E+000
 -0.44593266E+000
 -0.44593230E+000
 -0.44593195E+000
