  0.11424463E+001
  0.11425400E+001
  0.11427046E+001
  0.11428692E+001
  0.11430194E+001
  0.11431526E+001
  0.11432686E+001
  0.11433699E+001
  0.11434582E+001
  0.11435353E+001
  0.11436026E+001
  0.11436614E+001
  0.11437130E+001
  0.11437580E+001
  0.11437977E+001
  0.11438326E+001
  0.11438635E+001
  0.11438908E+001
  0.11439151E+001
  0.11439368E+001
  0.11439562E+001
  0.11439736E+001
  0.11439893E+001
  0.11440034E+001
  0.11440163E+001
  0.11440280E+001
  0.11440387E+001
  0.11440485E+001
  0.11440576E+001
  0.11440660E+001
  0.11440738E+001
  0.11440811E+001
  0.11440879E+001
  0.11440943E+001
  0.11441002E+001
  0.11441059E+001
  0.11441112E+001
  0.11441163E+001
  0.11441211E+001
  0.11441257E+001
  0.11441301E+001
  0.11441342E+001
  0.11441382E+001
  0.11441420E+001
  0.11441456E+001
  0.11441491E+001
  0.11441524E+001
  0.11441556E+001
  0.11441586E+001
  0.11441614E+001
  0.11441641E+001
  0.11441667E+001
  0.11441692E+001
  0.11441715E+001
  0.11441737E+001
  0.11441757E+001
  0.11441777E+001
  0.11441795E+001
  0.11441812E+001
  0.11441828E+001
  0.11441843E+001
  0.11441857E+001
  0.11441870E+001
  0.11441882E+001
  0.11441893E+001
  0.11441904E+001
  0.11441913E+001
  0.11441922E+001
  0.11441930E+001
  0.11441937E+001
  0.11441943E+001
  0.11441949E+001
  0.11441955E+001
  0.11441960E+001
  0.11441964E+001
  0.11441968E+001
  0.11441971E+001
  0.11441974E+001
  0.11441977E+001
  0.11441979E+001
  0.11441981E+001
  0.11441983E+001
  0.11441985E+001
  0.11441986E+001
  0.11441987E+001
  0.11441988E+001
  0.11441989E+001
  0.11441989E+001
  0.11441990E+001
  0.11441990E+001
  0.11441990E+001
  0.11441991E+001
  0.11441991E+001
  0.11441991E+001
  0.11441991E+001
  0.11441991E+001
  0.11441991E+001
  0.11441992E+001
  0.11441992E+001
  0.11441992E+001
  0.11441992E+001
  0.11441992E+001
  0.11441993E+001
  0.11441993E+001
  0.11441993E+001
  0.11441994E+001
  0.11441994E+001
  0.11441995E+001
  0.11441995E+001
  0.11441996E+001
  0.11441997E+001
  0.11441997E+001
  0.11441998E+001
  0.11441998E+001
  0.11441999E+001
  0.11442000E+001
  0.11442001E+001
  0.11442001E+001
  0.11442002E+001
  0.11442003E+001
  0.11442004E+001
  0.11442005E+001
  0.11442006E+001
  0.11442006E+001
  0.11442007E+001
  0.11442008E+001
  0.11442009E+001
  0.11442010E+001
  0.11442011E+001
  0.11442012E+001
  0.11442013E+001
  0.11442014E+001
  0.11442015E+001
  0.11442016E+001
  0.11442017E+001
  0.11442018E+001
  0.11442019E+001
  0.11442020E+001
  0.11442021E+001
  0.11442022E+001
  0.11442023E+001
  0.11442024E+001
  0.11442025E+001
  0.11442026E+001
  0.11442027E+001
  0.11442028E+001
  0.11442029E+001
  0.11442030E+001
  0.11442031E+001
  0.11442032E+001
  0.11442033E+001
  0.11442034E+001
  0.11442034E+001
  0.11442035E+001
  0.11442036E+001
  0.11442037E+001
  0.11442038E+001
  0.11442039E+001
  0.11442040E+001
  0.11442041E+001
  0.11442041E+001
  0.11442042E+001
  0.11442043E+001
  0.11442044E+001
  0.11442044E+001
  0.11442045E+001
  0.11442046E+001
  0.11442047E+001
  0.11442047E+001
  0.11442048E+001
  0.11442049E+001
  0.11442049E+001
  0.11442050E+001
  0.11442051E+001
  0.11442051E+001
  0.11442052E+001
  0.11442052E+001
  0.11442053E+001
  0.11442053E+001
  0.11442054E+001
  0.11442054E+001
  0.11442055E+001
  0.11442055E+001
  0.11442056E+001
  0.11442056E+001
  0.11442056E+001
  0.11442057E+001
  0.11442057E+001
  0.11442058E+001
  0.11442058E+001
  0.11442058E+001
  0.11442059E+001
  0.11442059E+001
  0.11442059E+001
  0.11442060E+001
  0.11442060E+001
  0.11442060E+001
  0.11442060E+001
  0.11442061E+001
  0.11442061E+001
