  0.52557071E+000
  0.52563209E+000
  0.52573413E+000
  0.52583543E+000
  0.52592764E+000
  0.52600931E+000
  0.52608058E+000
  0.52614280E+000
  0.52619712E+000
  0.52624459E+000
  0.52628607E+000
  0.52632238E+000
  0.52635423E+000
  0.52638212E+000
  0.52640666E+000
  0.52642830E+000
  0.52644746E+000
  0.52646444E+000
  0.52647956E+000
  0.52649306E+000
  0.52650515E+000
  0.52651602E+000
  0.52652582E+000
  0.52653470E+000
  0.52654277E+000
  0.52655014E+000
  0.52655689E+000
  0.52656310E+000
  0.52656885E+000
  0.52657418E+000
  0.52657914E+000
  0.52658377E+000
  0.52658811E+000
  0.52659220E+000
  0.52659605E+000
  0.52659969E+000
  0.52660314E+000
  0.52660642E+000
  0.52660955E+000
  0.52661253E+000
  0.52661538E+000
  0.52661810E+000
  0.52662071E+000
  0.52662320E+000
  0.52662558E+000
  0.52662786E+000
  0.52663004E+000
  0.52663212E+000
  0.52663410E+000
  0.52663599E+000
  0.52663778E+000
  0.52663949E+000
  0.52664110E+000
  0.52664263E+000
  0.52664407E+000
  0.52664543E+000
  0.52664670E+000
  0.52664790E+000
  0.52664902E+000
  0.52665006E+000
  0.52665103E+000
  0.52665193E+000
  0.52665276E+000
  0.52665353E+000
  0.52665424E+000
  0.52665489E+000
  0.52665548E+000
  0.52665602E+000
  0.52665652E+000
  0.52665697E+000
  0.52665737E+000
  0.52665774E+000
  0.52665806E+000
  0.52665836E+000
  0.52665862E+000
  0.52665885E+000
  0.52665905E+000
  0.52665923E+000
  0.52665939E+000
  0.52665952E+000
  0.52665964E+000
  0.52665974E+000
  0.52665982E+000
  0.52665989E+000
  0.52665995E+000
  0.52666000E+000
  0.52666004E+000
  0.52666007E+000
  0.52666009E+000
  0.52666011E+000
  0.52666013E+000
  0.52666014E+000
  0.52666015E+000
  0.52666016E+000
  0.52666017E+000
  0.52666017E+000
  0.52666018E+000
  0.52666019E+000
  0.52666020E+000
  0.52666021E+000
  0.52666022E+000
  0.52666024E+000
  0.52666025E+000
  0.52666027E+000
  0.52666029E+000
  0.52666031E+000
  0.52666033E+000
  0.52666036E+000
  0.52666039E+000
  0.52666042E+000
  0.52666045E+000
  0.52666048E+000
  0.52666052E+000
  0.52666055E+000
  0.52666059E+000
  0.52666063E+000
  0.52666067E+000
  0.52666071E+000
  0.52666075E+000
  0.52666080E+000
  0.52666084E+000
  0.52666089E+000
  0.52666093E+000
  0.52666098E+000
  0.52666103E+000
  0.52666108E+000
  0.52666113E+000
  0.52666118E+000
  0.52666123E+000
  0.52666128E+000
  0.52666133E+000
  0.52666138E+000
  0.52666144E+000
  0.52666149E+000
  0.52666154E+000
  0.52666159E+000
  0.52666165E+000
  0.52666170E+000
  0.52666175E+000
  0.52666181E+000
  0.52666186E+000
  0.52666191E+000
  0.52666197E+000
  0.52666202E+000
  0.52666207E+000
  0.52666212E+000
  0.52666218E+000
  0.52666223E+000
  0.52666228E+000
  0.52666233E+000
  0.52666238E+000
  0.52666243E+000
  0.52666248E+000
  0.52666252E+000
  0.52666257E+000
  0.52666262E+000
  0.52666266E+000
  0.52666271E+000
  0.52666275E+000
  0.52666279E+000
  0.52666284E+000
  0.52666288E+000
  0.52666292E+000
  0.52666296E+000
  0.52666300E+000
  0.52666304E+000
  0.52666307E+000
  0.52666311E+000
  0.52666314E+000
  0.52666318E+000
  0.52666321E+000
  0.52666324E+000
  0.52666327E+000
  0.52666331E+000
  0.52666333E+000
  0.52666336E+000
  0.52666339E+000
  0.52666342E+000
  0.52666344E+000
  0.52666347E+000
  0.52666349E+000
  0.52666352E+000
  0.52666354E+000
  0.52666356E+000
  0.52666358E+000
  0.52666360E+000
  0.52666362E+000
  0.52666364E+000
  0.52666366E+000
  0.52666367E+000
  0.52666369E+000
  0.52666371E+000
  0.52666372E+000
  0.52666374E+000
  0.52666375E+000
  0.52666376E+000
  0.52666378E+000
  0.52666379E+000
  0.52666380E+000
  0.52666381E+000
