 -0.11921776E+000  0.60389155E+000  0.54232138E+001  0.12139254E+003
 -0.11857109E+000  0.60484785E+000  0.54247214E+001  0.12139462E+003
 -0.11808353E+000  0.60561634E+000  0.54259547E+001  0.12139638E+003
 -0.11770850E+000  0.60623114E+000  0.54269654E+001  0.12139787E+003
 -0.11742061E+000  0.60671861E+000  0.54277908E+001  0.12139912E+003
 -0.11720114E+000  0.60709932E+000  0.54284603E+001  0.12140018E+003
 -0.11703657E+000  0.60739124E+000  0.54289982E+001  0.12140107E+003
 -0.11691694E+000  0.60760918E+000  0.54294252E+001  0.12140182E+003
 -0.11683405E+000  0.60776561E+000  0.54297588E+001  0.12140245E+003
 -0.11678119E+000  0.60787108E+000  0.54300140E+001  0.12140297E+003
 -0.11675292E+000  0.60793440E+000  0.54302032E+001  0.12140341E+003
 -0.11674477E+000  0.60796296E+000  0.54303368E+001  0.12140377E+003
 -0.11675301E+000  0.60796289E+000  0.54304235E+001  0.12140408E+003
 -0.11677459E+000  0.60793924E+000  0.54304708E+001  0.12140432E+003
 -0.11680704E+000  0.60789621E+000  0.54304846E+001  0.12140453E+003
 -0.11684829E+000  0.60783743E+000  0.54304703E+001  0.12140469E+003
 -0.11689657E+000  0.60776588E+000  0.54304322E+001  0.12140482E+003
 -0.11695045E+000  0.60768403E+000  0.54303741E+001  0.12140493E+003
 -0.11700871E+000  0.60759392E+000  0.54302991E+001  0.12140500E+003
 -0.11707034E+000  0.60749730E+000  0.54302098E+001  0.12140506E+003
 -0.11713450E+000  0.60739559E+000  0.54301085E+001  0.12140510E+003
 -0.11720048E+000  0.60729002E+000  0.54299970E+001  0.12140513E+003
 -0.11726768E+000  0.60718161E+000  0.54298770E+001  0.12140514E+003
 -0.11733561E+000  0.60707123E+000  0.54297497E+001  0.12140514E+003
 -0.11740386E+000  0.60695960E+000  0.54296164E+001  0.12140513E+003
 -0.11747206E+000  0.60684736E+000  0.54294781E+001  0.12140511E+003
 -0.11753993E+000  0.60673503E+000  0.54293356E+001  0.12140509E+003
 -0.11760722E+000  0.60662307E+000  0.54291897E+001  0.12140506E+003
 -0.11767367E+000  0.60651188E+000  0.54290410E+001  0.12140502E+003
 -0.11773909E+000  0.60640181E+000  0.54288902E+001  0.12140498E+003
 -0.11780334E+000  0.60629313E+000  0.54287377E+001  0.12140494E+003
 -0.11786631E+000  0.60618612E+000  0.54285840E+001  0.12140489E+003
 -0.11792794E+000  0.60608101E+000  0.54284295E+001  0.12140484E+003
 -0.11798814E+000  0.60597798E+000  0.54282747E+001  0.12140479E+003
 -0.11804663E+000  0.60587697E+000  0.54281198E+001  0.12140473E+003
 -0.11810361E+000  0.60577839E+000  0.54279652E+001  0.12140468E+003
 -0.11815907E+000  0.60568237E+000  0.54278113E+001  0.12140462E+003
 -0.11821297E+000  0.60558902E+000  0.54276583E+001  0.12140456E+003
 -0.11826530E+000  0.60549846E+000  0.54275065E+001  0.12140450E+003
 -0.11831605E+000  0.60541079E+000  0.54273561E+001  0.12140444E+003
 -0.11836521E+000  0.60532626E+000  0.54272073E+001  0.12140438E+003
 -0.11841277E+000  0.60524473E+000  0.54270605E+001  0.12140432E+003
 -0.11845873E+000  0.60516626E+000  0.54269160E+001  0.12140426E+003
 -0.11850308E+000  0.60509089E+000  0.54267738E+001  0.12140419E+003
 -0.11854584E+000  0.60501864E+000  0.54266344E+001  0.12140413E+003
 -0.11858700E+000  0.60494954E+000  0.54264978E+001  0.12140407E+003
 -0.11862656E+000  0.60488361E+000  0.54263643E+001  0.12140400E+003
 -0.11866452E+000  0.60482085E+000  0.54262341E+001  0.12140394E+003
 -0.11870089E+000  0.60476125E+000  0.54261072E+001  0.12140388E+003
 -0.11873568E+000  0.60470480E+000  0.54259840E+001  0.12140382E+003
 -0.11876888E+000  0.60465147E+000  0.54258645E+001  0.12140375E+003
 -0.11880051E+000  0.60460123E+000  0.54257488E+001  0.12140369E+003
 -0.11883058E+000  0.60455402E+000  0.54256370E+001  0.12140363E+003
 -0.11885909E+000  0.60450981E+000  0.54255293E+001  0.12140357E+003
 -0.11888608E+000  0.60446851E+000  0.54254257E+001  0.12140351E+003
 -0.11891155E+000  0.60443007E+000  0.54253264E+001  0.12140345E+003
 -0.11893554E+000  0.60439439E+000  0.54252312E+001  0.12140340E+003
 -0.11895806E+000  0.60436140E+000  0.54251403E+001  0.12140334E+003
 -0.11897916E+000  0.60433098E+000  0.54250537E+001  0.12140329E+003
 -0.11899887E+000  0.60430304E+000  0.54249713E+001  0.12140323E+003
 -0.11901723E+000  0.60427746E+000  0.54248932E+001  0.12140318E+003
 -0.11903429E+000  0.60425414E+000  0.54248193E+001  0.12140313E+003
 -0.11905009E+000  0.60423294E+000  0.54247495E+001  0.12140308E+003
 -0.11906469E+000  0.60421375E+000  0.54246838E+001  0.12140303E+003
 -0.11907814E+000  0.60419644E+000  0.54246221E+001  0.12140299E+003
 -0.11909050E+000  0.60418089E+000  0.54245642E+001  0.12140294E+003
 -0.11910184E+000  0.60416696E+000  0.54245101E+001  0.12140290E+003
 -0.11911220E+000  0.60415452E+000  0.54244596E+001  0.12140286E+003
 -0.11912164E+000  0.60414347E+000  0.54244126E+001  0.12140282E+003
 -0.11913024E+000  0.60413366E+000  0.54243689E+001  0.12140278E+003
 -0.11913805E+000  0.60412498E+000  0.54243284E+001  0.12140275E+003
 -0.11914512E+000  0.60411732E+000  0.54242909E+001  0.12140271E+003
 -0.11915152E+000  0.60411057E+000  0.54242562E+001  0.12140268E+003
 -0.11915730E+000  0.60410462E+000  0.54242243E+001  0.12140265E+003
 -0.11916251E+000  0.60409938E+000  0.54241948E+001  0.12140262E+003
 -0.11916720E+000  0.60409474E+000  0.54241677E+001  0.12140260E+003
 -0.11917142E+000  0.60409064E+000  0.54241427E+001  0.12140257E+003
 -0.11917522E+000  0.60408698E+000  0.54241198E+001  0.12140255E+003
 -0.11917863E+000  0.60408371E+000  0.54240987E+001  0.12140253E+003
 -0.11918169E+000  0.60408075E+000  0.54240793E+001  0.12140251E+003
 -0.11918444E+000  0.60407804E+000  0.54240614E+001  0.12140249E+003
 -0.11918692E+000  0.60407553E+000  0.54240450E+001  0.12140247E+003
 -0.11918914E+000  0.60407318E+000  0.54240299E+001  0.12140245E+003
 -0.11919114E+000  0.60407095E+000  0.54240159E+001  0.12140243E+003
 -0.11919293E+000  0.60406879E+000  0.54240030E+001  0.12140242E+003
 -0.11919455E+000  0.60406668E+000  0.54239910E+001  0.12140241E+003
 -0.11919602E+000  0.60406458E+000  0.54239798E+001  0.12140239E+003
 -0.11919734E+000  0.60406247E+000  0.54239694E+001  0.12140238E+003
 -0.11919854E+000  0.60406033E+000  0.54239597E+001  0.12140237E+003
 -0.11919963E+000  0.60405814E+000  0.54239505E+001  0.12140235E+003
 -0.11920062E+000  0.60405589E+000  0.54239419E+001  0.12140234E+003
 -0.11920153E+000  0.60405356E+000  0.54239337E+001  0.12140233E+003
 -0.11920236E+000  0.60405113E+000  0.54239258E+001  0.12140232E+003
 -0.11920313E+000  0.60404861E+000  0.54239183E+001  0.12140231E+003
 -0.11920384E+000  0.60404599E+000  0.54239111E+001  0.12140230E+003
 -0.11920450E+000  0.60404325E+000  0.54239041E+001  0.12140228E+003
 -0.11920512E+000  0.60404040E+000  0.54238972E+001  0.12140227E+003
 -0.11920570E+000  0.60403744E+000  0.54238905E+001  0.12140226E+003
 -0.11920624E+000  0.60403436E+000  0.54238839E+001  0.12140225E+003
 -0.11920676E+000  0.60403117E+000  0.54238773E+001  0.12140223E+003
 -0.11920725E+000  0.60402787E+000  0.54238707E+001  0.12140222E+003
 -0.11920772E+000  0.60402448E+000  0.54238641E+001  0.12140221E+003
 -0.11920817E+000  0.60402098E+000  0.54238575E+001  0.12140219E+003
 -0.11920860E+000  0.60401740E+000  0.54238508E+001  0.12140218E+003
 -0.11920901E+000  0.60401374E+000  0.54238439E+001  0.12140216E+003
 -0.11920941E+000  0.60401001E+000  0.54238369E+001  0.12140214E+003
 -0.11920980E+000  0.60400623E+000  0.54238297E+001  0.12140213E+003
 -0.11921017E+000  0.60400239E+000  0.54238223E+001  0.12140211E+003
 -0.11921053E+000  0.60399852E+000  0.54238146E+001  0.12140209E+003
 -0.11921088E+000  0.60399463E+000  0.54238067E+001  0.12140207E+003
 -0.11921121E+000  0.60399073E+000  0.54237985E+001  0.12140205E+003
 -0.11921154E+000  0.60398682E+000  0.54237900E+001  0.12140203E+003
 -0.11921185E+000  0.60398293E+000  0.54237812E+001  0.12140200E+003
 -0.11921216E+000  0.60397906E+000  0.54237721E+001  0.12140198E+003
 -0.11921245E+000  0.60397523E+000  0.54237626E+001  0.12140195E+003
 -0.11921273E+000  0.60397144E+000  0.54237528E+001  0.12140193E+003
 -0.11921300E+000  0.60396771E+000  0.54237427E+001  0.12140190E+003
 -0.11921327E+000  0.60396404E+000  0.54237322E+001  0.12140187E+003
 -0.11921352E+000  0.60396045E+000  0.54237213E+001  0.12140184E+003
 -0.11921376E+000  0.60395694E+000  0.54237102E+001  0.12140181E+003
 -0.11921399E+000  0.60395352E+000  0.54236987E+001  0.12140177E+003
 -0.11921421E+000  0.60395020E+000  0.54236869E+001  0.12140174E+003
 -0.11921442E+000  0.60394697E+000  0.54236749E+001  0.12140170E+003
 -0.11921462E+000  0.60394385E+000  0.54236626E+001  0.12140166E+003
 -0.11921481E+000  0.60394084E+000  0.54236500E+001  0.12140162E+003
 -0.11921500E+000  0.60393794E+000  0.54236373E+001  0.12140158E+003
 -0.11921517E+000  0.60393516E+000  0.54236244E+001  0.12140153E+003
 -0.11921534E+000  0.60393249E+000  0.54236113E+001  0.12140149E+003
 -0.11921549E+000  0.60392994E+000  0.54235982E+001  0.12140144E+003
 -0.11921564E+000  0.60392750E+000  0.54235850E+001  0.12140139E+003
 -0.11921578E+000  0.60392517E+000  0.54235717E+001  0.12140134E+003
 -0.11921591E+000  0.60392297E+000  0.54235584E+001  0.12140128E+003
 -0.11921604E+000  0.60392087E+000  0.54235452E+001  0.12140123E+003
 -0.11921615E+000  0.60391888E+000  0.54235320E+001  0.12140117E+003
 -0.11921627E+000  0.60391700E+000  0.54235190E+001  0.12140111E+003
 -0.11921637E+000  0.60391523E+000  0.54235061E+001  0.12140104E+003
 -0.11921647E+000  0.60391355E+000  0.54234933E+001  0.12140098E+003
 -0.11921656E+000  0.60391198E+000  0.54234807E+001  0.12140091E+003
 -0.11921664E+000  0.60391050E+000  0.54234684E+001  0.12140084E+003
 -0.11921673E+000  0.60390911E+000  0.54234563E+001  0.12140077E+003
 -0.11921680E+000  0.60390781E+000  0.54234445E+001  0.12140070E+003
 -0.11921687E+000  0.60390659E+000  0.54234329E+001  0.12140062E+003
 -0.11921694E+000  0.60390545E+000  0.54234217E+001  0.12140054E+003
 -0.11921700E+000  0.60390439E+000  0.54234108E+001  0.12140046E+003
 -0.11921706E+000  0.60390340E+000  0.54234003E+001  0.12140038E+003
 -0.11921711E+000  0.60390248E+000  0.54233901E+001  0.12140029E+003
 -0.11921716E+000  0.60390162E+000  0.54233802E+001  0.12140021E+003
 -0.11921720E+000  0.60390082E+000  0.54233707E+001  0.12140012E+003
 -0.11921725E+000  0.60390008E+000  0.54233616E+001  0.12140003E+003
 -0.11921729E+000  0.60389940E+000  0.54233529E+001  0.12139993E+003
 -0.11921732E+000  0.60389876E+000  0.54233445E+001  0.12139984E+003
 -0.11921736E+000  0.60389818E+000  0.54233365E+001  0.12139974E+003
 -0.11921739E+000  0.60389763E+000  0.54233288E+001  0.12139965E+003
 -0.11921742E+000  0.60389713E+000  0.54233216E+001  0.12139955E+003
 -0.11921745E+000  0.60389667E+000  0.54233146E+001  0.12139945E+003
 -0.11921747E+000  0.60389624E+000  0.54233081E+001  0.12139934E+003
 -0.11921749E+000  0.60389585E+000  0.54233019E+001  0.12139924E+003
 -0.11921752E+000  0.60389549E+000  0.54232960E+001  0.12139914E+003
 -0.11921753E+000  0.60389515E+000  0.54232904E+001  0.12139903E+003
 -0.11921755E+000  0.60389485E+000  0.54232851E+001  0.12139892E+003
 -0.11921757E+000  0.60389456E+000  0.54232802E+001  0.12139882E+003
 -0.11921759E+000  0.60389431E+000  0.54232755E+001  0.12139871E+003
 -0.11921760E+000  0.60389407E+000  0.54232712E+001  0.12139860E+003
 -0.11921761E+000  0.60389385E+000  0.54232670E+001  0.12139849E+003
 -0.11921763E+000  0.60389365E+000  0.54232632E+001  0.12139838E+003
 -0.11921764E+000  0.60389347E+000  0.54232596E+001  0.12139827E+003
 -0.11921765E+000  0.60389330E+000  0.54232562E+001  0.12139816E+003
 -0.11921766E+000  0.60389315E+000  0.54232530E+001  0.12139805E+003
 -0.11921766E+000  0.60389301E+000  0.54232501E+001  0.12139794E+003
 -0.11921767E+000  0.60389288E+000  0.54232473E+001  0.12139783E+003
 -0.11921768E+000  0.60389276E+000  0.54232448E+001  0.12139771E+003
 -0.11921769E+000  0.60389266E+000  0.54232424E+001  0.12139760E+003
 -0.11921769E+000  0.60389256E+000  0.54232402E+001  0.12139749E+003
 -0.11921770E+000  0.60389247E+000  0.54232381E+001  0.12139738E+003
 -0.11921770E+000  0.60389239E+000  0.54232362E+001  0.12139727E+003
 -0.11921771E+000  0.60389231E+000  0.54232344E+001  0.12139716E+003
 -0.11921771E+000  0.60389224E+000  0.54232328E+001  0.12139706E+003
 -0.11921772E+000  0.60389218E+000  0.54232313E+001  0.12139695E+003
 -0.11921772E+000  0.60389213E+000  0.54232299E+001  0.12139684E+003
 -0.11921772E+000  0.60389207E+000  0.54232286E+001  0.12139674E+003
 -0.11921773E+000  0.60389203E+000  0.54232274E+001  0.12139663E+003
 -0.11921773E+000  0.60389198E+000  0.54232262E+001  0.12139653E+003
 -0.11921773E+000  0.60389195E+000  0.54232252E+001  0.12139642E+003
 -0.11921774E+000  0.60389191E+000  0.54232243E+001  0.12139632E+003
 -0.11921774E+000  0.60389188E+000  0.54232234E+001  0.12139622E+003
 -0.11921774E+000  0.60389185E+000  0.54232226E+001  0.12139612E+003
 -0.11921774E+000  0.60389182E+000  0.54232219E+001  0.12139602E+003
 -0.11921774E+000  0.60389180E+000  0.54232212E+001  0.12139592E+003
 -0.11921774E+000  0.60389178E+000  0.54232206E+001  0.12139583E+003
 -0.11921775E+000  0.60389175E+000  0.54232200E+001  0.12139573E+003
 -0.11921775E+000  0.60389174E+000  0.54232195E+001  0.12139564E+003
 -0.11921775E+000  0.60389172E+000  0.54232190E+001  0.12139555E+003
 -0.11921775E+000  0.60389170E+000  0.54232185E+001  0.12139546E+003
 -0.11921775E+000  0.60389169E+000  0.54232181E+001  0.12139537E+003
 -0.11921775E+000  0.60389168E+000  0.54232177E+001  0.12139528E+003
 -0.11921775E+000  0.60389167E+000  0.54232174E+001  0.12139520E+003
 -0.11921775E+000  0.60389165E+000  0.54232171E+001  0.12139511E+003
 -0.11921776E+000  0.60389164E+000  0.54232168E+001  0.12139503E+003
 -0.11921776E+000  0.60389164E+000  0.54232165E+001  0.12139495E+003
 -0.11921775E+000  0.60389163E+000  0.54232163E+001  0.12139487E+003
