  0.62018868E+000  0.10060079E+001  0.12346002E+001  0.42377367E+001
  0.62035899E+000  0.10062502E+001  0.12346274E+001  0.42377508E+001
  0.62053302E+000  0.10065453E+001  0.12348384E+001  0.42377945E+001
  0.62068928E+000  0.10068324E+001  0.12350573E+001  0.42378453E+001
  0.62082613E+000  0.10070920E+001  0.12352570E+001  0.42378952E+001
  0.62094513E+000  0.10073208E+001  0.12354325E+001  0.42379416E+001
  0.62104856E+000  0.10075193E+001  0.12355833E+001  0.42379833E+001
  0.62113854E+000  0.10076907E+001  0.12357140E+001  0.42380205E+001
  0.62121663E+000  0.10078386E+001  0.12358276E+001  0.42380537E+001
  0.62128458E+000  0.10079663E+001  0.12359265E+001  0.42380832E+001
  0.62134378E+000  0.10080765E+001  0.12360125E+001  0.42381091E+001
  0.62139545E+000  0.10081716E+001  0.12360875E+001  0.42381318E+001
  0.62144058E+000  0.10082537E+001  0.12361531E+001  0.42381518E+001
  0.62147969E+000  0.10083249E+001  0.12362104E+001  0.42381693E+001
  0.62151376E+000  0.10083865E+001  0.12362607E+001  0.42381850E+001
  0.62154359E+000  0.10084399E+001  0.12363047E+001  0.42381990E+001
  0.62156983E+000  0.10084864E+001  0.12363435E+001  0.42382116E+001
  0.62159296E+000  0.10085267E+001  0.12363777E+001  0.42382227E+001
  0.62161340E+000  0.10085619E+001  0.12361784E+001  0.42363502E+001
  0.62163152E+000  0.10085926E+001  0.12361940E+001  0.42362683E+001
  0.62164761E+000  0.10086195E+001  0.12362060E+001  0.42361796E+001
  0.62166196E+000  0.10086431E+001  0.12362147E+001  0.42360855E+001
  0.62167477E+000  0.10086639E+001  0.12362207E+001  0.42359869E+001
  0.62168628E+000  0.10086822E+001  0.12362244E+001  0.42358851E+001
  0.62169664E+000  0.10086983E+001  0.12365304E+001  0.42382761E+001
  0.62170602E+000  0.10087127E+001  0.12365440E+001  0.42382813E+001
  0.62171453E+000  0.10087254E+001  0.12365563E+001  0.42382861E+001
  0.62172230E+000  0.10087368E+001  0.12365674E+001  0.42382906E+001
  0.62172941E+000  0.10087470E+001  0.12365776E+001  0.42382947E+001
  0.62173596E+000  0.10087562E+001  0.12365868E+001  0.42382986E+001
  0.62174201E+000  0.10087644E+001  0.12365952E+001  0.42383023E+001
  0.62174764E+000  0.10087719E+001  0.12366028E+001  0.42383058E+001
  0.62175289E+000  0.10087787E+001  0.12366099E+001  0.42383090E+001
  0.62175781E+000  0.10087849E+001  0.12366163E+001  0.42383121E+001
  0.62176244E+000  0.10087906E+001  0.12366222E+001  0.42383151E+001
  0.62176682E+000  0.10087958E+001  0.12366277E+001  0.42383179E+001
  0.62177097E+000  0.10088005E+001  0.12366327E+001  0.42383207E+001
  0.62177491E+000  0.10088050E+001  0.12366373E+001  0.42383233E+001
  0.62177867E+000  0.10088091E+001  0.12366416E+001  0.42383258E+001
  0.62178225E+000  0.10088130E+001  0.12366456E+001  0.42383282E+001
  0.62178568E+000  0.10088165E+001  0.12366493E+001  0.42383305E+001
  0.62178896E+000  0.10088199E+001  0.12366527E+001  0.42383328E+001
  0.62179209E+000  0.10088231E+001  0.12366559E+001  0.42383350E+001
  0.62179509E+000  0.10088260E+001  0.12366588E+001  0.42383371E+001
  0.62179796E+000  0.10088288E+001  0.12366616E+001  0.42383392E+001
  0.62180070E+000  0.10088314E+001  0.12366641E+001  0.42383412E+001
  0.62180331E+000  0.10088339E+001  0.12366665E+001  0.42383431E+001
  0.62180580E+000  0.10088362E+001  0.12366688E+001  0.42383450E+001
  0.62180817E+000  0.10088383E+001  0.12366708E+001  0.42383468E+001
  0.62181041E+000  0.10088403E+001  0.12366728E+001  0.42383486E+001
  0.62181253E+000  0.10088422E+001  0.12366746E+001  0.42383503E+001
  0.62181453E+000  0.10088439E+001  0.12366762E+001  0.42383519E+001
  0.62181641E+000  0.10088455E+001  0.12366778E+001  0.42383535E+001
  0.62181817E+000  0.10088470E+001  0.12366792E+001  0.42383551E+001
  0.62181982E+000  0.10088484E+001  0.12366805E+001  0.42383566E+001
  0.62182135E+000  0.10088497E+001  0.12366818E+001  0.42383581E+001
  0.62182277E+000  0.10088509E+001  0.12366829E+001  0.42383595E+001
  0.62182408E+000  0.10088519E+001  0.12366840E+001  0.42383609E+001
  0.62182528E+000  0.10088529E+001  0.12366849E+001  0.42383622E+001
  0.62182637E+000  0.10088538E+001  0.12366858E+001  0.42383635E+001
  0.62182737E+000  0.10088546E+001  0.12366866E+001  0.42383647E+001
  0.62182827E+000  0.10088553E+001  0.12366873E+001  0.42383659E+001
  0.62182908E+000  0.10088559E+001  0.12366879E+001  0.42383671E+001
  0.62182980E+000  0.10088565E+001  0.12366885E+001  0.42383682E+001
  0.62183044E+000  0.10088570E+001  0.12366890E+001  0.42383693E+001
  0.62183100E+000  0.10088574E+001  0.12366895E+001  0.42383703E+001
  0.62183148E+000  0.10088578E+001  0.12366899E+001  0.42383713E+001
  0.62183189E+000  0.10088581E+001  0.12366902E+001  0.42383723E+001
  0.62183224E+000  0.10088584E+001  0.12366905E+001  0.42383733E+001
  0.62183253E+000  0.10088586E+001  0.12366908E+001  0.42383742E+001
  0.62183276E+000  0.10088588E+001  0.12366910E+001  0.42383750E+001
  0.62183294E+000  0.10088590E+001  0.12366911E+001  0.42383759E+001
  0.62183307E+000  0.10088591E+001  0.12366913E+001  0.42383767E+001
  0.62183315E+000  0.10088592E+001  0.12366913E+001  0.42383775E+001
  0.62183319E+000  0.10088592E+001  0.12366914E+001  0.42383782E+001
  0.62183320E+000  0.10088592E+001  0.12366914E+001  0.42383789E+001
  0.62183317E+000  0.10088592E+001  0.12366914E+001  0.42383796E+001
  0.62183312E+000  0.10088592E+001  0.12366913E+001  0.42383803E+001
  0.62183303E+000  0.10088592E+001  0.12366913E+001  0.42383809E+001
  0.62183292E+000  0.10088591E+001  0.12366912E+001  0.42383815E+001
  0.62183279E+000  0.10088590E+001  0.12366910E+001  0.42383821E+001
  0.62183264E+000  0.10088589E+001  0.12366909E+001  0.42383826E+001
  0.62183248E+000  0.10088588E+001  0.12366907E+001  0.42383831E+001
  0.62183230E+000  0.10088587E+001  0.12366905E+001  0.42383836E+001
  0.62183211E+000  0.10088586E+001  0.12366903E+001  0.42383841E+001
  0.62183191E+000  0.10088584E+001  0.12366901E+001  0.42383845E+001
  0.62183171E+000  0.10088583E+001  0.12366899E+001  0.42383849E+001
  0.62183150E+000  0.10088582E+001  0.12366896E+001  0.42383853E+001
  0.62183128E+000  0.10088580E+001  0.12366893E+001  0.42383857E+001
  0.62183107E+000  0.10088578E+001  0.12366891E+001  0.42383861E+001
  0.62183085E+000  0.10088577E+001  0.12366888E+001  0.42383864E+001
  0.62183063E+000  0.10088575E+001  0.12366885E+001  0.42383867E+001
  0.62183042E+000  0.10088574E+001  0.12366882E+001  0.42383871E+001
  0.62183021E+000  0.10088572E+001  0.12366879E+001  0.42383874E+001
  0.62183000E+000  0.10088571E+001  0.12366876E+001  0.42383877E+001
  0.62182979E+000  0.10088569E+001  0.12366873E+001  0.42383880E+001
  0.62182959E+000  0.10088568E+001  0.12366870E+001  0.42383882E+001
  0.62182939E+000  0.10088566E+001  0.12366867E+001  0.42383885E+001
  0.62182920E+000  0.10088565E+001  0.12366864E+001  0.42383888E+001
  0.62182901E+000  0.10088563E+001  0.12366861E+001  0.42383890E+001
  0.62182883E+000  0.10088562E+001  0.12366858E+001  0.42383892E+001
  0.62182865E+000  0.10088561E+001  0.12366854E+001  0.42383895E+001
  0.62182848E+000  0.10088559E+001  0.12366851E+001  0.42383897E+001
  0.62182831E+000  0.10088558E+001  0.12366848E+001  0.42383899E+001
  0.62182815E+000  0.10088557E+001  0.12366845E+001  0.42383901E+001
  0.62182799E+000  0.10088556E+001  0.12366842E+001  0.42383902E+001
  0.62182784E+000  0.10088554E+001  0.12366839E+001  0.42383904E+001
  0.62182770E+000  0.10088553E+001  0.12366835E+001  0.42383905E+001
  0.62182755E+000  0.10088552E+001  0.12366832E+001  0.42383907E+001
  0.62182742E+000  0.10088551E+001  0.12366829E+001  0.42383908E+001
  0.62182728E+000  0.10088550E+001  0.12366826E+001  0.42383909E+001
  0.62182715E+000  0.10088549E+001  0.12366823E+001  0.42383910E+001
  0.62182703E+000  0.10088548E+001  0.12366819E+001  0.42383910E+001
  0.62182691E+000  0.10088547E+001  0.12366816E+001  0.42383910E+001
  0.62182679E+000  0.10088546E+001  0.12366813E+001  0.42383910E+001
  0.62182667E+000  0.10088545E+001  0.12366810E+001  0.42383910E+001
  0.62182656E+000  0.10088544E+001  0.12366806E+001  0.42383910E+001
  0.62182645E+000  0.10088543E+001  0.12366803E+001  0.42383909E+001
  0.62182634E+000  0.10088542E+001  0.12366800E+001  0.42383908E+001
  0.62182624E+000  0.10088541E+001  0.12366797E+001  0.42383907E+001
  0.62182613E+000  0.10088540E+001  0.12366793E+001  0.42383905E+001
  0.62182603E+000  0.10088539E+001  0.12366790E+001  0.42383903E+001
  0.62182594E+000  0.10088538E+001  0.12366787E+001  0.42383901E+001
  0.62182584E+000  0.10088538E+001  0.12366784E+001  0.42383899E+001
  0.62182574E+000  0.10088537E+001  0.12366780E+001  0.42383896E+001
  0.62182565E+000  0.10088536E+001  0.12366777E+001  0.42383892E+001
  0.62182556E+000  0.10088535E+001  0.12366774E+001  0.42383889E+001
  0.62182547E+000  0.10088534E+001  0.12366770E+001  0.42383885E+001
  0.62182538E+000  0.10088533E+001  0.12366767E+001  0.42383880E+001
  0.62182529E+000  0.10088533E+001  0.12366764E+001  0.42383875E+001
  0.62182520E+000  0.10088532E+001  0.12366760E+001  0.42383870E+001
  0.62182512E+000  0.10088531E+001  0.12366757E+001  0.42383865E+001
  0.62182503E+000  0.10088531E+001  0.12366754E+001  0.42383859E+001
  0.62182495E+000  0.10088530E+001  0.12366751E+001  0.42383852E+001
  0.62182487E+000  0.10088529E+001  0.12366747E+001  0.42383845E+001
  0.62182479E+000  0.10088528E+001  0.12366744E+001  0.42383838E+001
  0.62182470E+000  0.10088528E+001  0.12366741E+001  0.42383830E+001
  0.62182463E+000  0.10088527E+001  0.12366738E+001  0.42383822E+001
  0.62182455E+000  0.10088527E+001  0.12366734E+001  0.42383813E+001
  0.62182447E+000  0.10088526E+001  0.12366731E+001  0.42383804E+001
  0.62182439E+000  0.10088525E+001  0.12366728E+001  0.42383795E+001
  0.62182432E+000  0.10088525E+001  0.12366725E+001  0.42383785E+001
  0.62182424E+000  0.10088524E+001  0.12366722E+001  0.42383774E+001
  0.62182417E+000  0.10088524E+001  0.12366719E+001  0.42383764E+001
  0.62182410E+000  0.10088523E+001  0.12366716E+001  0.42383752E+001
  0.62182402E+000  0.10088523E+001  0.12366713E+001  0.42383741E+001
  0.62182395E+000  0.10088522E+001  0.12366710E+001  0.42383729E+001
  0.62182389E+000  0.10088522E+001  0.12366707E+001  0.42383716E+001
  0.62182382E+000  0.10088521E+001  0.12366705E+001  0.42383703E+001
  0.62182375E+000  0.10088521E+001  0.12366702E+001  0.42383690E+001
  0.62182369E+000  0.10088521E+001  0.12366699E+001  0.42383676E+001
  0.62182362E+000  0.10088520E+001  0.12366697E+001  0.42383662E+001
  0.62182356E+000  0.10088520E+001  0.12366694E+001  0.42383647E+001
  0.62182350E+000  0.10088519E+001  0.12366692E+001  0.42383633E+001
  0.62182344E+000  0.10088519E+001  0.12366689E+001  0.42383617E+001
  0.62182339E+000  0.10088519E+001  0.12366687E+001  0.42383602E+001
  0.62182333E+000  0.10088518E+001  0.12366685E+001  0.42383586E+001
  0.62182328E+000  0.10088518E+001  0.12366682E+001  0.42383570E+001
  0.62182323E+000  0.10088518E+001  0.12366680E+001  0.42383553E+001
  0.62182317E+000  0.10088518E+001  0.12366678E+001  0.42383537E+001
  0.62182313E+000  0.10088517E+001  0.12366676E+001  0.42383520E+001
  0.62182308E+000  0.10088517E+001  0.12366674E+001  0.42383502E+001
  0.62182303E+000  0.10088517E+001  0.12366672E+001  0.42383485E+001
  0.62182299E+000  0.10088517E+001  0.12366670E+001  0.42383467E+001
  0.62182295E+000  0.10088516E+001  0.12366669E+001  0.42383449E+001
  0.62182291E+000  0.10088516E+001  0.12366667E+001  0.42383431E+001
  0.62182287E+000  0.10088516E+001  0.12366665E+001  0.42383413E+001
  0.62182283E+000  0.10088516E+001  0.12366664E+001  0.42383394E+001
  0.62182279E+000  0.10088515E+001  0.12366662E+001  0.42383376E+001
  0.62182276E+000  0.10088515E+001  0.12366661E+001  0.42383357E+001
  0.62182273E+000  0.10088515E+001  0.12366659E+001  0.42383339E+001
  0.62182270E+000  0.10088515E+001  0.12366658E+001  0.42383320E+001
  0.62182267E+000  0.10088515E+001  0.12366657E+001  0.42383301E+001
  0.62182264E+000  0.10088515E+001  0.12366656E+001  0.42383282E+001
  0.62182261E+000  0.10088514E+001  0.12366655E+001  0.42383263E+001
  0.62182259E+000  0.10088514E+001  0.12366653E+001  0.42383244E+001
  0.62182256E+000  0.10088514E+001  0.12366652E+001  0.42383225E+001
  0.62182254E+000  0.10088514E+001  0.12366651E+001  0.42383207E+001
  0.62182252E+000  0.10088514E+001  0.12366650E+001  0.42383188E+001
  0.62182250E+000  0.10088514E+001  0.12366650E+001  0.42383169E+001
  0.62182248E+000  0.10088514E+001  0.12366649E+001  0.42383150E+001
  0.62182246E+000  0.10088514E+001  0.12366648E+001  0.42383132E+001
  0.62182244E+000  0.10088514E+001  0.12366647E+001  0.42383113E+001
  0.62182243E+000  0.10088513E+001  0.12366646E+001  0.42383095E+001
  0.62182241E+000  0.10088513E+001  0.12366646E+001  0.42383077E+001
  0.62182240E+000  0.10088513E+001  0.12366645E+001  0.42383059E+001
  0.62182238E+000  0.10088513E+001  0.12366644E+001  0.42383041E+001
  0.62182237E+000  0.10088513E+001  0.12366644E+001  0.42383023E+001
  0.62182236E+000  0.10088513E+001  0.12366643E+001  0.42383006E+001
  0.62182235E+000  0.10088513E+001  0.12366643E+001  0.42382989E+001
  0.62182234E+000  0.10088513E+001  0.12366642E+001  0.42382972E+001
  0.62182233E+000  0.10088513E+001  0.12366642E+001  0.42382955E+001
  0.62182232E+000  0.10088513E+001  0.12366641E+001  0.42382938E+001
  0.62182231E+000  0.10088513E+001  0.12366641E+001  0.42382922E+001
  0.62182230E+000  0.10088513E+001  0.12366641E+001  0.42382906E+001
  0.62182230E+000  0.10088513E+001  0.12366640E+001  0.42382890E+001
  0.62182229E+000  0.10088513E+001  0.12366640E+001  0.42382874E+001
  0.62182228E+000  0.10088513E+001  0.12366640E+001  0.42382859E+001
  0.62182228E+000  0.10088513E+001  0.12366639E+001  0.42382843E+001
  0.62182227E+000  0.10088513E+001  0.12366639E+001  0.42382829E+001
