  0.91093971E+000
  0.90996208E+000
  0.90918822E+000
  0.90854637E+000
  0.90800735E+000
  0.90755293E+000
  0.90716866E+000
  0.90684396E+000
  0.90656968E+000
  0.90633798E+000
  0.90614235E+000
  0.90597729E+000
  0.90583814E+000
  0.90572094E+000
  0.90562244E+000
  0.90553982E+000
  0.90547071E+000
  0.90541310E+000
  0.90536525E+000
  0.90532573E+000
  0.90529329E+000
  0.90526689E+000
  0.90524560E+000
  0.90522867E+000
  0.90521543E+000
  0.90520530E+000
  0.90519781E+000
  0.90519252E+000
  0.90518909E+000
  0.90518719E+000
  0.90518654E+000
  0.90518693E+000
  0.90518814E+000
  0.90519000E+000
  0.90519238E+000
  0.90519516E+000
  0.90519822E+000
  0.90520149E+000
  0.90520489E+000
  0.90520837E+000
  0.90521189E+000
  0.90521539E+000
  0.90521886E+000
  0.90522227E+000
  0.90522560E+000
  0.90522885E+000
  0.90523199E+000
  0.90523503E+000
  0.90523796E+000
  0.90524078E+000
  0.90524349E+000
  0.90524608E+000
  0.90524856E+000
  0.90525092E+000
  0.90525318E+000
  0.90525532E+000
  0.90525736E+000
  0.90525929E+000
  0.90526111E+000
  0.90526284E+000
  0.90526446E+000
  0.90526599E+000
  0.90526743E+000
  0.90526878E+000
  0.90527004E+000
  0.90527122E+000
  0.90527232E+000
  0.90527334E+000
  0.90527429E+000
  0.90527517E+000
  0.90527599E+000
  0.90527675E+000
  0.90527746E+000
  0.90527811E+000
  0.90527872E+000
  0.90527929E+000
  0.90527981E+000
  0.90528030E+000
  0.90528075E+000
  0.90528118E+000
  0.90528158E+000
  0.90528196E+000
  0.90528231E+000
  0.90528264E+000
  0.90528295E+000
  0.90528325E+000
  0.90528353E+000
  0.90528379E+000
  0.90528404E+000
  0.90528428E+000
  0.90528450E+000
  0.90528471E+000
  0.90528491E+000
  0.90528510E+000
  0.90528528E+000
  0.90528545E+000
  0.90528562E+000
  0.90528577E+000
  0.90528592E+000
  0.90528606E+000
  0.90528619E+000
  0.90528632E+000
  0.90528644E+000
  0.90528656E+000
  0.90528667E+000
  0.90528678E+000
  0.90528688E+000
  0.90528698E+000
  0.90528708E+000
  0.90528717E+000
  0.90528726E+000
  0.90528735E+000
  0.90528744E+000
  0.90528752E+000
  0.90528761E+000
  0.90528769E+000
  0.90528777E+000
  0.90528785E+000
  0.90528792E+000
  0.90528800E+000
  0.90528808E+000
  0.90528815E+000
  0.90528822E+000
  0.90528830E+000
  0.90528837E+000
  0.90528844E+000
  0.90528851E+000
  0.90528859E+000
  0.90528866E+000
  0.90528873E+000
  0.90528880E+000
  0.90528887E+000
  0.90528894E+000
  0.90528901E+000
  0.90528908E+000
  0.90528915E+000
  0.90528922E+000
  0.90528928E+000
  0.90528935E+000
  0.90528942E+000
  0.90528949E+000
  0.90528956E+000
  0.90528963E+000
  0.90528969E+000
  0.90528976E+000
  0.90528983E+000
  0.90528989E+000
  0.90528996E+000
  0.90529002E+000
  0.90529009E+000
  0.90529015E+000
  0.90529021E+000
  0.90529028E+000
  0.90529034E+000
  0.90529040E+000
  0.90529046E+000
  0.90529052E+000
  0.90529058E+000
  0.90529063E+000
  0.90529069E+000
  0.90529075E+000
  0.90529080E+000
  0.90529085E+000
  0.90529091E+000
  0.90529096E+000
  0.90529101E+000
  0.90529106E+000
  0.90529111E+000
  0.90529115E+000
  0.90529120E+000
  0.90529124E+000
  0.90529129E+000
  0.90529133E+000
  0.90529137E+000
  0.90529141E+000
  0.90529145E+000
  0.90529149E+000
  0.90529152E+000
  0.90529156E+000
  0.90529159E+000
  0.90529163E+000
  0.90529166E+000
  0.90529169E+000
  0.90529172E+000
  0.90529175E+000
  0.90529178E+000
  0.90529180E+000
  0.90529183E+000
  0.90529186E+000
  0.90529188E+000
  0.90529190E+000
  0.90529193E+000
  0.90529195E+000
  0.90529197E+000
  0.90529199E+000
  0.90529201E+000
  0.90529203E+000
  0.90529205E+000
  0.90529207E+000
  0.90529209E+000
