  0.14115454E+000
  0.13970757E+000
  0.13877698E+000
  0.13822469E+000
  0.13793785E+000
  0.13783174E+000
  0.13782397E+000
  0.13787951E+000
  0.13798168E+000
  0.13811208E+000
  0.13825788E+000
  0.13841033E+000
  0.13856361E+000
  0.13871545E+000
  0.13886531E+000
  0.13901083E+000
  0.13915050E+000
  0.13928346E+000
  0.13940926E+000
  0.13952775E+000
  0.13963899E+000
  0.13974333E+000
  0.13984151E+000
  0.13993351E+000
  0.14001949E+000
  0.14009969E+000
  0.14017441E+000
  0.14024399E+000
  0.14031164E+000
  0.14037603E+000
  0.14043645E+000
  0.14049269E+000
  0.14054480E+000
  0.14059293E+000
  0.14063734E+000
  0.14067829E+000
  0.14071603E+000
  0.14075083E+000
  0.14078292E+000
  0.14081251E+000
  0.14083982E+000
  0.14086502E+000
  0.14088830E+000
  0.14090979E+000
  0.14092965E+000
  0.14094801E+000
  0.14096499E+000
  0.14098070E+000
  0.14099523E+000
  0.14100867E+000
  0.14102112E+000
  0.14103264E+000
  0.14104330E+000
  0.14105315E+000
  0.14106227E+000
  0.14107068E+000
  0.14107844E+000
  0.14108559E+000
  0.14109217E+000
  0.14109821E+000
  0.14110375E+000
  0.14110882E+000
  0.14111344E+000
  0.14111766E+000
  0.14112150E+000
  0.14112498E+000
  0.14112813E+000
  0.14113098E+000
  0.14113355E+000
  0.14113587E+000
  0.14113795E+000
  0.14113982E+000
  0.14114150E+000
  0.14114301E+000
  0.14114435E+000
  0.14114555E+000
  0.14114662E+000
  0.14114758E+000
  0.14114842E+000
  0.14114917E+000
  0.14114983E+000
  0.14115041E+000
  0.14115092E+000
  0.14115136E+000
  0.14115174E+000
  0.14115207E+000
  0.14115235E+000
  0.14115259E+000
  0.14115279E+000
  0.14115295E+000
  0.14115308E+000
  0.14115319E+000
  0.14115328E+000
  0.14115334E+000
  0.14115339E+000
  0.14115342E+000
  0.14115344E+000
  0.14115345E+000
  0.14115346E+000
  0.14115345E+000
  0.14115345E+000
  0.14115344E+000
  0.14115342E+000
  0.14115341E+000
  0.14115340E+000
  0.14115338E+000
  0.14115336E+000
  0.14115335E+000
  0.14115333E+000
  0.14115332E+000
  0.14115331E+000
  0.14115330E+000
  0.14115329E+000
  0.14115328E+000
  0.14115327E+000
  0.14115326E+000
  0.14115326E+000
  0.14115325E+000
  0.14115325E+000
  0.14115325E+000
  0.14115325E+000
  0.14115325E+000
  0.14115325E+000
  0.14115326E+000
  0.14115327E+000
  0.14115327E+000
  0.14115328E+000
  0.14115329E+000
  0.14115330E+000
  0.14115332E+000
  0.14115333E+000
  0.14115335E+000
  0.14115336E+000
  0.14115338E+000
  0.14115340E+000
  0.14115342E+000
  0.14115344E+000
  0.14115346E+000
  0.14115349E+000
  0.14115351E+000
  0.14115354E+000
  0.14115356E+000
  0.14115359E+000
  0.14115361E+000
  0.14115364E+000
  0.14115367E+000
  0.14115369E+000
  0.14115372E+000
  0.14115375E+000
  0.14115377E+000
  0.14115380E+000
  0.14115383E+000
  0.14115385E+000
  0.14115388E+000
  0.14115391E+000
  0.14115393E+000
  0.14115396E+000
  0.14115398E+000
  0.14115401E+000
  0.14115403E+000
  0.14115405E+000
  0.14115408E+000
  0.14115410E+000
  0.14115412E+000
  0.14115414E+000
  0.14115416E+000
  0.14115418E+000
  0.14115420E+000
  0.14115421E+000
  0.14115423E+000
  0.14115425E+000
  0.14115426E+000
  0.14115428E+000
  0.14115429E+000
  0.14115431E+000
  0.14115432E+000
  0.14115433E+000
  0.14115435E+000
  0.14115436E+000
  0.14115437E+000
  0.14115438E+000
  0.14115439E+000
  0.14115440E+000
  0.14115441E+000
  0.14115441E+000
  0.14115442E+000
  0.14115443E+000
  0.14115444E+000
  0.14115444E+000
  0.14115445E+000
  0.14115446E+000
  0.14115446E+000
  0.14115447E+000
  0.14115447E+000
  0.14115448E+000
  0.14115448E+000
  0.14115448E+000
  0.14115449E+000
  0.14115450E+000
  0.14115450E+000
