  0.21475755E+000
  0.19282522E+000
  0.18833315E+000
  0.18847129E+000
  0.18993780E+000
  0.19175463E+000
  0.19374530E+000
  0.19575769E+000
  0.19764727E+000
  0.19938036E+000
  0.20093662E+000
  0.20232479E+000
  0.20356790E+000
  0.20467990E+000
  0.20567633E+000
  0.20658252E+000
  0.20741550E+000
  0.20818698E+000
  0.20890498E+000
  0.20957511E+000
  0.21020088E+000
  0.21078413E+000
  0.21132495E+000
  0.21182577E+000
  0.21228764E+000
  0.21271124E+000
  0.21309730E+000
  0.21344670E+000
  0.21372419E+000
  0.21394307E+000
  0.21411511E+000
  0.21424979E+000
  0.21435482E+000
  0.21443641E+000
  0.21449959E+000
  0.21454840E+000
  0.21458608E+000
  0.21461522E+000
  0.21463785E+000
  0.21465557E+000
  0.21466961E+000
  0.21468092E+000
  0.21469022E+000
  0.21469804E+000
  0.21470476E+000
  0.21471066E+000
  0.21471594E+000
  0.21472073E+000
  0.21472512E+000
  0.21472916E+000
  0.21473289E+000
  0.21473633E+000
  0.21473949E+000
  0.21474238E+000
  0.21474501E+000
  0.21474739E+000
  0.21474953E+000
  0.21475142E+000
  0.21475308E+000
  0.21475453E+000
  0.21475578E+000
  0.21475684E+000
  0.21475772E+000
  0.21475843E+000
  0.21475900E+000
  0.21475944E+000
  0.21475975E+000
  0.21475996E+000
  0.21476008E+000
  0.21476011E+000
  0.21476007E+000
  0.21475998E+000
  0.21475983E+000
  0.21475964E+000
  0.21475942E+000
  0.21475917E+000
  0.21475890E+000
  0.21475862E+000
  0.21475832E+000
  0.21475802E+000
  0.21475772E+000
  0.21475741E+000
  0.21475711E+000
  0.21475681E+000
  0.21475652E+000
  0.21475624E+000
  0.21475596E+000
  0.21475569E+000
  0.21475544E+000
  0.21475519E+000
  0.21475496E+000
  0.21475473E+000
  0.21475452E+000
  0.21475433E+000
  0.21475414E+000
  0.21475397E+000
  0.21475382E+000
  0.21475368E+000
  0.21475355E+000
  0.21475344E+000
  0.21475334E+000
  0.21475325E+000
  0.21475318E+000
  0.21475312E+000
  0.21475308E+000
  0.21475305E+000
  0.21475303E+000
  0.21475303E+000
  0.21475304E+000
  0.21475305E+000
  0.21475308E+000
  0.21475312E+000
  0.21475317E+000
  0.21475323E+000
  0.21475330E+000
  0.21475337E+000
  0.21475345E+000
  0.21475354E+000
  0.21475363E+000
  0.21475372E+000
  0.21475382E+000
  0.21475393E+000
  0.21475403E+000
  0.21475414E+000
  0.21475425E+000
  0.21475436E+000
  0.21475447E+000
  0.21475458E+000
  0.21475468E+000
  0.21475479E+000
  0.21475490E+000
  0.21475500E+000
  0.21475510E+000
  0.21475520E+000
  0.21475530E+000
  0.21475539E+000
  0.21475548E+000
  0.21475557E+000
  0.21475565E+000
  0.21475574E+000
  0.21475581E+000
  0.21475589E+000
  0.21475597E+000
  0.21475604E+000
  0.21475610E+000
  0.21475617E+000
  0.21475623E+000
  0.21475629E+000
  0.21475635E+000
  0.21475641E+000
  0.21475646E+000
  0.21475651E+000
  0.21475656E+000
  0.21475661E+000
  0.21475665E+000
  0.21475670E+000
  0.21475674E+000
  0.21475678E+000
  0.21475682E+000
  0.21475685E+000
  0.21475689E+000
  0.21475692E+000
  0.21475695E+000
  0.21475698E+000
  0.21475701E+000
  0.21475704E+000
  0.21475707E+000
  0.21475710E+000
  0.21475712E+000
  0.21475714E+000
  0.21475717E+000
  0.21475719E+000
  0.21475721E+000
  0.21475723E+000
  0.21475725E+000
  0.21475727E+000
  0.21475728E+000
  0.21475730E+000
  0.21475731E+000
  0.21475733E+000
  0.21475734E+000
  0.21475736E+000
  0.21475737E+000
  0.21475738E+000
  0.21475739E+000
  0.21475740E+000
  0.21475741E+000
  0.21475742E+000
  0.21475743E+000
  0.21475744E+000
  0.21475745E+000
  0.21475745E+000
  0.21475746E+000
  0.21475747E+000
  0.21475747E+000
  0.21475748E+000
  0.21475748E+000
  0.21475749E+000
  0.21475750E+000
  0.21475751E+000
