  0.13124710E+000
  0.13121520E+000
  0.13118624E+000
  0.13116127E+000
  0.13114021E+000
  0.13112254E+000
  0.13110770E+000
  0.13109532E+000
  0.13108506E+000
  0.13107666E+000
  0.13106988E+000
  0.13106452E+000
  0.13106038E+000
  0.13105732E+000
  0.13105520E+000
  0.13105390E+000
  0.13105331E+000
  0.13105335E+000
  0.13105394E+000
  0.13105501E+000
  0.13105650E+000
  0.13105836E+000
  0.13106054E+000
  0.13106302E+000
  0.13106575E+000
  0.13106870E+000
  0.13107186E+000
  0.13107519E+000
  0.13107868E+000
  0.13108230E+000
  0.13108605E+000
  0.13108990E+000
  0.13109385E+000
  0.13109788E+000
  0.13110197E+000
  0.13110612E+000
  0.13111031E+000
  0.13111454E+000
  0.13111880E+000
  0.13112307E+000
  0.13112734E+000
  0.13113161E+000
  0.13113586E+000
  0.13114009E+000
  0.13114429E+000
  0.13114845E+000
  0.13115255E+000
  0.13115660E+000
  0.13116058E+000
  0.13116449E+000
  0.13116832E+000
  0.13117206E+000
  0.13117571E+000
  0.13117926E+000
  0.13118270E+000
  0.13118604E+000
  0.13118926E+000
  0.13119237E+000
  0.13119537E+000
  0.13119824E+000
  0.13120100E+000
  0.13120363E+000
  0.13120614E+000
  0.13120854E+000
  0.13121081E+000
  0.13121297E+000
  0.13121502E+000
  0.13121695E+000
  0.13121878E+000
  0.13122051E+000
  0.13122213E+000
  0.13122366E+000
  0.13122510E+000
  0.13122645E+000
  0.13122772E+000
  0.13122890E+000
  0.13123002E+000
  0.13123106E+000
  0.13123204E+000
  0.13123296E+000
  0.13123382E+000
  0.13123462E+000
  0.13123537E+000
  0.13123608E+000
  0.13123674E+000
  0.13123736E+000
  0.13123794E+000
  0.13123849E+000
  0.13123900E+000
  0.13123948E+000
  0.13123994E+000
  0.13124036E+000
  0.13124077E+000
  0.13124114E+000
  0.13124150E+000
  0.13124184E+000
  0.13124216E+000
  0.13124246E+000
  0.13124274E+000
  0.13124301E+000
  0.13124327E+000
  0.13124351E+000
  0.13124374E+000
  0.13124395E+000
  0.13124416E+000
  0.13124435E+000
  0.13124453E+000
  0.13124471E+000
  0.13124487E+000
  0.13124502E+000
  0.13124517E+000
  0.13124531E+000
  0.13124544E+000
  0.13124556E+000
  0.13124567E+000
  0.13124578E+000
  0.13124588E+000
  0.13124597E+000
  0.13124606E+000
  0.13124614E+000
  0.13124622E+000
  0.13124629E+000
  0.13124635E+000
  0.13124642E+000
  0.13124647E+000
  0.13124652E+000
  0.13124657E+000
  0.13124662E+000
  0.13124666E+000
  0.13124670E+000
  0.13124673E+000
  0.13124676E+000
  0.13124679E+000
  0.13124682E+000
  0.13124684E+000
  0.13124687E+000
  0.13124689E+000
  0.13124691E+000
  0.13124692E+000
  0.13124694E+000
  0.13124695E+000
  0.13124697E+000
  0.13124698E+000
  0.13124699E+000
  0.13124700E+000
  0.13124701E+000
  0.13124702E+000
  0.13124702E+000
  0.13124703E+000
  0.13124704E+000
  0.13124704E+000
  0.13124705E+000
  0.13124705E+000
  0.13124706E+000
  0.13124706E+000
  0.13124706E+000
  0.13124707E+000
  0.13124707E+000
  0.13124707E+000
  0.13124707E+000
  0.13124708E+000
  0.13124708E+000
  0.13124708E+000
  0.13124708E+000
  0.13124708E+000
  0.13124708E+000
  0.13124708E+000
  0.13124709E+000
  0.13124709E+000
  0.13124709E+000
  0.13124709E+000
  0.13124709E+000
  0.13124709E+000
  0.13124709E+000
  0.13124709E+000
  0.13124709E+000
  0.13124709E+000
  0.13124709E+000
  0.13124709E+000
  0.13124709E+000
  0.13124709E+000
  0.13124709E+000
  0.13124709E+000
  0.13124709E+000
  0.13124710E+000
  0.13124710E+000
  0.13124710E+000
  0.13124710E+000
  0.13124710E+000
  0.13124710E+000
  0.13124710E+000
  0.13124710E+000
  0.13124710E+000
  0.13124710E+000
  0.13124710E+000
  0.13124710E+000
  0.13124710E+000
  0.13124710E+000
  0.13124710E+000
  0.13124710E+000
