  0.26138386E+000
  0.23620352E+000
  0.23094085E+000
  0.23116173E+000
  0.23298701E+000
  0.23518012E+000
  0.23750418E+000
  0.23983012E+000
  0.24201485E+000
  0.24402276E+000
  0.24583220E+000
  0.24745132E+000
  0.24890327E+000
  0.25020271E+000
  0.25136614E+000
  0.25242012E+000
  0.25338305E+000
  0.25426809E+000
  0.25508470E+000
  0.25583994E+000
  0.25653871E+000
  0.25718416E+000
  0.25777759E+000
  0.25832259E+000
  0.25882124E+000
  0.25927516E+000
  0.25968595E+000
  0.26005525E+000
  0.26034850E+000
  0.26057961E+000
  0.26076088E+000
  0.26090230E+000
  0.26101197E+000
  0.26109648E+000
  0.26116117E+000
  0.26121037E+000
  0.26124756E+000
  0.26127552E+000
  0.26129646E+000
  0.26131213E+000
  0.26132388E+000
  0.26133276E+000
  0.26133956E+000
  0.26134488E+000
  0.26134915E+000
  0.26135270E+000
  0.26135573E+000
  0.26135841E+000
  0.26136084E+000
  0.26136307E+000
  0.26136514E+000
  0.26136708E+000
  0.26136888E+000
  0.26137057E+000
  0.26137214E+000
  0.26137358E+000
  0.26137490E+000
  0.26137609E+000
  0.26137716E+000
  0.26137812E+000
  0.26137896E+000
  0.26137968E+000
  0.26138031E+000
  0.26138083E+000
  0.26138127E+000
  0.26138162E+000
  0.26138190E+000
  0.26138211E+000
  0.26138226E+000
  0.26138236E+000
  0.26138241E+000
  0.26138243E+000
  0.26138241E+000
  0.26138237E+000
  0.26138230E+000
  0.26138222E+000
  0.26138212E+000
  0.26138201E+000
  0.26138189E+000
  0.26138176E+000
  0.26138163E+000
  0.26138149E+000
  0.26138135E+000
  0.26138120E+000
  0.26138105E+000
  0.26138090E+000
  0.26138075E+000
  0.26138059E+000
  0.26138044E+000
  0.26138029E+000
  0.26138014E+000
  0.26137999E+000
  0.26137985E+000
  0.26137971E+000
  0.26137959E+000
  0.26137947E+000
  0.26137936E+000
  0.26137926E+000
  0.26137917E+000
  0.26137909E+000
  0.26137902E+000
  0.26137897E+000
  0.26137893E+000
  0.26137889E+000
  0.26137888E+000
  0.26137887E+000
  0.26137888E+000
  0.26137890E+000
  0.26137892E+000
  0.26137896E+000
  0.26137901E+000
  0.26137907E+000
  0.26137914E+000
  0.26137922E+000
  0.26137930E+000
  0.26137939E+000
  0.26137949E+000
  0.26137959E+000
  0.26137970E+000
  0.26137981E+000
  0.26137992E+000
  0.26138004E+000
  0.26138016E+000
  0.26138028E+000
  0.26138040E+000
  0.26138052E+000
  0.26138064E+000
  0.26138076E+000
  0.26138087E+000
  0.26138099E+000
  0.26138110E+000
  0.26138121E+000
  0.26138132E+000
  0.26138142E+000
  0.26138153E+000
  0.26138163E+000
  0.26138172E+000
  0.26138181E+000
  0.26138190E+000
  0.26138199E+000
  0.26138207E+000
  0.26138215E+000
  0.26138223E+000
  0.26138230E+000
  0.26138238E+000
  0.26138244E+000
  0.26138251E+000
  0.26138257E+000
  0.26138263E+000
  0.26138269E+000
  0.26138274E+000
  0.26138280E+000
  0.26138285E+000
  0.26138290E+000
  0.26138294E+000
  0.26138299E+000
  0.26138303E+000
  0.26138307E+000
  0.26138311E+000
  0.26138315E+000
  0.26138318E+000
  0.26138322E+000
  0.26138325E+000
  0.26138328E+000
  0.26138331E+000
  0.26138334E+000
  0.26138337E+000
  0.26138340E+000
  0.26138342E+000
  0.26138345E+000
  0.26138347E+000
  0.26138349E+000
  0.26138351E+000
  0.26138353E+000
  0.26138355E+000
  0.26138357E+000
  0.26138359E+000
  0.26138360E+000
  0.26138362E+000
  0.26138363E+000
  0.26138365E+000
  0.26138366E+000
  0.26138367E+000
  0.26138369E+000
  0.26138370E+000
  0.26138371E+000
  0.26138372E+000
  0.26138373E+000
  0.26138374E+000
  0.26138375E+000
  0.26138375E+000
  0.26138376E+000
  0.26138377E+000
  0.26138377E+000
  0.26138378E+000
  0.26138379E+000
  0.26138379E+000
  0.26138380E+000
  0.26138382E+000
  0.26138382E+000
