  0.53182286E-005
  0.49477582E-005
  0.48598630E-005
  0.48693006E-005
  0.49102217E-005
  0.49531413E-005
  0.49911682E-005
  0.50269312E-005
  0.50605959E-005
  0.50919425E-005
  0.51208209E-005
  0.51471626E-005
  0.51709840E-005
  0.51923635E-005
  0.52114119E-005
  0.52282679E-005
  0.52430905E-005
  0.52560433E-005
  0.52672906E-005
  0.52769988E-005
  0.52853246E-005
  0.52924187E-005
  0.52984203E-005
  0.53034589E-005
  0.53076540E-005
  0.53111128E-005
  0.53139333E-005
  0.53162031E-005
  0.53180005E-005
  0.53193952E-005
  0.53204492E-005
  0.53212169E-005
  0.53217463E-005
  0.53220792E-005
  0.53222521E-005
  0.53222967E-005
  0.53222402E-005
  0.53221059E-005
  0.53219135E-005
  0.53216797E-005
  0.53214183E-005
  0.53211405E-005
  0.53208555E-005
  0.53205706E-005
  0.53202915E-005
  0.53200224E-005
  0.53197665E-005
  0.53195258E-005
  0.53193019E-005
  0.53190954E-005
  0.53189065E-005
  0.53187352E-005
  0.53185809E-005
  0.53184432E-005
  0.53183214E-005
  0.53182146E-005
  0.53181219E-005
  0.53180421E-005
  0.53179745E-005
  0.53179179E-005
  0.53178713E-005
  0.53178340E-005
  0.53178048E-005
  0.53177830E-005
  0.53177677E-005
  0.53177583E-005
  0.53177539E-005
  0.53177541E-005
  0.53177580E-005
  0.53177654E-005
  0.53177757E-005
  0.53177885E-005
  0.53178034E-005
  0.53178199E-005
  0.53178377E-005
  0.53178566E-005
  0.53178761E-005
  0.53178961E-005
  0.53179160E-005
  0.53179359E-005
  0.53179554E-005
  0.53179743E-005
  0.53179924E-005
  0.53180096E-005
  0.53180258E-005
  0.53180410E-005
  0.53180550E-005
  0.53180679E-005
  0.53180797E-005
  0.53180904E-005
  0.53181001E-005
  0.53181088E-005
  0.53181167E-005
  0.53181237E-005
  0.53181301E-005
  0.53181358E-005
  0.53181410E-005
  0.53181457E-005
  0.53181499E-005
  0.53181539E-005
  0.53181576E-005
  0.53181610E-005
  0.53181642E-005
  0.53181673E-005
  0.53181702E-005
  0.53181729E-005
  0.53181756E-005
  0.53181782E-005
  0.53181807E-005
  0.53181831E-005
  0.53181855E-005
  0.53181877E-005
  0.53181900E-005
  0.53181921E-005
  0.53181941E-005
  0.53181961E-005
  0.53181980E-005
  0.53181999E-005
  0.53182016E-005
  0.53182033E-005
  0.53182049E-005
  0.53182064E-005
  0.53182079E-005
  0.53182092E-005
  0.53182105E-005
  0.53182117E-005
  0.53182129E-005
  0.53182140E-005
  0.53182150E-005
  0.53182160E-005
  0.53182169E-005
  0.53182177E-005
  0.53182185E-005
  0.53182192E-005
  0.53182199E-005
  0.53182205E-005
  0.53182211E-005
  0.53182216E-005
  0.53182221E-005
  0.53182226E-005
  0.53182230E-005
  0.53182234E-005
  0.53182238E-005
  0.53182241E-005
  0.53182244E-005
  0.53182247E-005
  0.53182250E-005
  0.53182252E-005
  0.53182255E-005
  0.53182257E-005
  0.53182259E-005
  0.53182260E-005
  0.53182262E-005
  0.53182264E-005
  0.53182265E-005
  0.53182266E-005
  0.53182268E-005
  0.53182269E-005
  0.53182270E-005
  0.53182271E-005
  0.53182272E-005
  0.53182273E-005
  0.53182274E-005
  0.53182274E-005
  0.53182275E-005
  0.53182276E-005
  0.53182276E-005
  0.53182277E-005
  0.53182278E-005
  0.53182278E-005
  0.53182279E-005
  0.53182279E-005
  0.53182280E-005
  0.53182280E-005
  0.53182280E-005
  0.53182281E-005
  0.53182281E-005
  0.53182281E-005
  0.53182282E-005
  0.53182282E-005
  0.53182283E-005
  0.53182283E-005
  0.53182283E-005
  0.53182283E-005
  0.53182283E-005
  0.53182284E-005
  0.53182284E-005
  0.53182284E-005
  0.53182284E-005
  0.53182284E-005
  0.53182285E-005
  0.53182285E-005
  0.53182285E-005
  0.53182285E-005
  0.53182285E-005
  0.53182286E-005
  0.53182286E-005
  0.53182287E-005
  0.53182295E-005
  0.53182295E-005
