  0.35651156E+000
  0.35656652E+000
  0.35663716E+000
  0.35670585E+000
  0.35676821E+000
  0.35682232E+000
  0.35686947E+000
  0.35691067E+000
  0.35694668E+000
  0.35697824E+000
  0.35700535E+000
  0.35702964E+000
  0.35705095E+000
  0.35706906E+000
  0.35708526E+000
  0.35709925E+000
  0.35711156E+000
  0.35712298E+000
  0.35713262E+000
  0.35714143E+000
  0.35714924E+000
  0.35715614E+000
  0.35716230E+000
  0.35716824E+000
  0.35717346E+000
  0.35717784E+000
  0.35718203E+000
  0.35718586E+000
  0.35718937E+000
  0.35719273E+000
  0.35719570E+000
  0.35719846E+000
  0.35720104E+000
  0.35720343E+000
  0.35720568E+000
  0.35720777E+000
  0.35720974E+000
  0.35721159E+000
  0.35721334E+000
  0.35721497E+000
  0.35721653E+000
  0.35721802E+000
  0.35721943E+000
  0.35722077E+000
  0.35722204E+000
  0.35722327E+000
  0.35722441E+000
  0.35722548E+000
  0.35722651E+000
  0.35722747E+000
  0.35722838E+000
  0.35722923E+000
  0.35723004E+000
  0.35723079E+000
  0.35723150E+000
  0.35723216E+000
  0.35723277E+000
  0.35723334E+000
  0.35723387E+000
  0.35723435E+000
  0.35723480E+000
  0.35723522E+000
  0.35723559E+000
  0.35723594E+000
  0.35723625E+000
  0.35723654E+000
  0.35723679E+000
  0.35723703E+000
  0.35723725E+000
  0.35723741E+000
  0.35723758E+000
  0.35723773E+000
  0.35723786E+000
  0.35723798E+000
  0.35723809E+000
  0.35723819E+000
  0.35723827E+000
  0.35723835E+000
  0.35723842E+000
  0.35723849E+000
  0.35723855E+000
  0.35723861E+000
  0.35723866E+000
  0.35723871E+000
  0.35723876E+000
  0.35723880E+000
  0.35723884E+000
  0.35723877E+000
  0.35723881E+000
  0.35723885E+000
  0.35723890E+000
  0.35723894E+000
  0.35723898E+000
  0.35723903E+000
  0.35723907E+000
  0.35723912E+000
  0.35723916E+000
  0.35723921E+000
  0.35723926E+000
  0.35723931E+000
  0.35723936E+000
  0.35723942E+000
  0.35723947E+000
  0.35723952E+000
  0.35723958E+000
  0.35723963E+000
  0.35723969E+000
  0.35723974E+000
  0.35723980E+000
  0.35723985E+000
  0.35723991E+000
  0.35723996E+000
  0.35724002E+000
  0.35724007E+000
  0.35724012E+000
  0.35724017E+000
  0.35724022E+000
  0.35724027E+000
  0.35724032E+000
  0.35724037E+000
  0.35724041E+000
  0.35724046E+000
  0.35724050E+000
  0.35724054E+000
  0.35724058E+000
  0.35724062E+000
  0.35724065E+000
  0.35724068E+000
  0.35724071E+000
  0.35724074E+000
  0.35724076E+000
  0.35724078E+000
  0.35724080E+000
  0.35724082E+000
  0.35724083E+000
  0.35724084E+000
  0.35724084E+000
  0.35724084E+000
  0.35724084E+000
  0.35724084E+000
  0.35724083E+000
  0.35724082E+000
  0.35724080E+000
  0.35724078E+000
  0.35724076E+000
  0.35724073E+000
  0.35724070E+000
  0.35724066E+000
  0.35724063E+000
  0.35724058E+000
  0.35724053E+000
  0.35724048E+000
  0.35724043E+000
  0.35724037E+000
  0.35724031E+000
  0.35724024E+000
  0.35724017E+000
  0.35724010E+000
  0.35724002E+000
  0.35723994E+000
  0.35723985E+000
  0.35723976E+000
  0.35723967E+000
  0.35723958E+000
  0.35723948E+000
  0.35723938E+000
  0.35723928E+000
  0.35723917E+000
  0.35723906E+000
  0.35723895E+000
  0.35723884E+000
  0.35723873E+000
  0.35723861E+000
  0.35723849E+000
  0.35723837E+000
  0.35723825E+000
  0.35723813E+000
  0.35723800E+000
  0.35723788E+000
  0.35723775E+000
  0.35723763E+000
  0.35723750E+000
  0.35723737E+000
  0.35723725E+000
  0.35723712E+000
  0.35723699E+000
  0.35723686E+000
  0.35723674E+000
  0.35723661E+000
  0.35723648E+000
  0.35723636E+000
  0.35723623E+000
  0.35723611E+000
  0.35723599E+000
  0.35723587E+000
  0.35723575E+000
  0.35723563E+000
  0.35723551E+000
  0.35723539E+000
  0.35723528E+000
