  0.81427371E+000
  0.81427272E+000
  0.81427178E+000
  0.81427093E+000
  0.81427018E+000
  0.81426952E+000
  0.81426894E+000
  0.81426842E+000
  0.81426795E+000
  0.81426754E+000
  0.81426717E+000
  0.81426684E+000
  0.81426655E+000
  0.81426628E+000
  0.81426603E+000
  0.81426581E+000
  0.81426561E+000
  0.81426542E+000
  0.81426525E+000
  0.81426509E+000
  0.81426495E+000
  0.81426481E+000
  0.81426469E+000
  0.81426457E+000
  0.81426446E+000
  0.81426436E+000
  0.81426426E+000
  0.81426417E+000
  0.81426408E+000
  0.81426400E+000
  0.81426393E+000
  0.81426386E+000
  0.81426379E+000
  0.81426373E+000
  0.81426367E+000
  0.81426361E+000
  0.81426356E+000
  0.81426351E+000
  0.81426346E+000
  0.81426342E+000
  0.81426339E+000
  0.81426335E+000
  0.81426332E+000
  0.81426329E+000
  0.81426327E+000
  0.81426325E+000
  0.81426324E+000
  0.81426322E+000
  0.81426322E+000
  0.81426321E+000
  0.81426321E+000
  0.81426322E+000
  0.81426323E+000
  0.81426324E+000
  0.81426326E+000
  0.81426328E+000
  0.81426331E+000
  0.81426334E+000
  0.81426338E+000
  0.81426341E+000
  0.81426346E+000
  0.81426351E+000
  0.81426356E+000
  0.81426361E+000
  0.81426367E+000
  0.81426374E+000
  0.81426381E+000
  0.81426388E+000
  0.81426395E+000
  0.81426403E+000
  0.81426412E+000
  0.81426420E+000
  0.81426429E+000
  0.81426438E+000
  0.81426448E+000
  0.81426458E+000
  0.81426468E+000
  0.81426479E+000
  0.81426490E+000
  0.81426501E+000
  0.81426513E+000
  0.81426524E+000
  0.81426536E+000
  0.81426549E+000
  0.81426561E+000
  0.81426574E+000
  0.81426587E+000
  0.81426600E+000
  0.81426614E+000
  0.81426627E+000
  0.81426641E+000
  0.81426655E+000
  0.81426669E+000
  0.81426683E+000
  0.81426698E+000
  0.81426712E+000
  0.81426727E+000
  0.81426742E+000
  0.81426757E+000
  0.81426772E+000
  0.81426787E+000
  0.81426802E+000
  0.81426818E+000
  0.81426833E+000
  0.81426849E+000
  0.81426864E+000
  0.81426880E+000
  0.81426896E+000
  0.81426912E+000
  0.81426927E+000
  0.81426943E+000
  0.81426959E+000
  0.81426975E+000
  0.81426991E+000
  0.81427007E+000
  0.81427023E+000
  0.81427039E+000
  0.81427055E+000
  0.81427071E+000
  0.81427087E+000
  0.81427103E+000
  0.81427119E+000
  0.81427134E+000
  0.81427150E+000
  0.81427165E+000
  0.81427181E+000
  0.81427196E+000
  0.81427211E+000
  0.81427226E+000
  0.81427241E+000
  0.81427255E+000
  0.81427270E+000
  0.81427284E+000
  0.81427298E+000
  0.81427311E+000
  0.81427324E+000
  0.81427338E+000
  0.81427350E+000
  0.81427363E+000
  0.81427375E+000
  0.81427387E+000
  0.81427398E+000
  0.81427409E+000
  0.81427420E+000
  0.81427430E+000
  0.81427440E+000
  0.81427450E+000
  0.81427459E+000
  0.81427468E+000
  0.81427476E+000
  0.81427484E+000
  0.81427492E+000
  0.81427499E+000
  0.81427506E+000
  0.81427512E+000
  0.81427518E+000
  0.81427523E+000
  0.81427529E+000
  0.81427533E+000
  0.81427538E+000
  0.81427542E+000
  0.81427545E+000
  0.81427549E+000
  0.81427551E+000
  0.81427554E+000
  0.81427556E+000
  0.81427558E+000
  0.81427560E+000
  0.81427561E+000
  0.81427562E+000
  0.81427562E+000
  0.81427563E+000
  0.81427563E+000
  0.81427563E+000
  0.81427562E+000
  0.81427562E+000
  0.81427561E+000
  0.81427560E+000
  0.81427558E+000
  0.81427557E+000
  0.81427555E+000
  0.81427553E+000
  0.81427551E+000
  0.81427549E+000
  0.81427547E+000
  0.81427544E+000
  0.81427542E+000
  0.81427539E+000
  0.81427537E+000
  0.81427534E+000
  0.81427531E+000
  0.81427528E+000
  0.81427525E+000
  0.81427522E+000
  0.81427519E+000
  0.81427515E+000
  0.81427512E+000
  0.81427509E+000
  0.81427506E+000
  0.81427503E+000
