  0.46046361E+000
  0.46041158E+000
  0.46034916E+000
  0.46029109E+000
  0.46023983E+000
  0.46019566E+000
  0.46015676E+000
  0.46012379E+000
  0.46009440E+000
  0.46006719E+000
  0.46004540E+000
  0.46002677E+000
  0.46001006E+000
  0.45999584E+000
  0.45998302E+000
  0.45997178E+000
  0.45996220E+000
  0.45995380E+000
  0.45994616E+000
  0.45993983E+000
  0.45993443E+000
  0.45992939E+000
  0.45992490E+000
  0.45992053E+000
  0.45991629E+000
  0.45991300E+000
  0.45991012E+000
  0.45990745E+000
  0.45990513E+000
  0.45990293E+000
  0.45990091E+000
  0.45989905E+000
  0.45989735E+000
  0.45989579E+000
  0.45989431E+000
  0.45989293E+000
  0.45989164E+000
  0.45989043E+000
  0.45988928E+000
  0.45988821E+000
  0.45988720E+000
  0.45988624E+000
  0.45988532E+000
  0.45988445E+000
  0.45988363E+000
  0.45988286E+000
  0.45988215E+000
  0.45988148E+000
  0.45988083E+000
  0.45988022E+000
  0.45987965E+000
  0.45987911E+000
  0.45987860E+000
  0.45987811E+000
  0.45987768E+000
  0.45987729E+000
  0.45987692E+000
  0.45987659E+000
  0.45987633E+000
  0.45987606E+000
  0.45987585E+000
  0.45987563E+000
  0.45987545E+000
  0.45987529E+000
  0.45987516E+000
  0.45987504E+000
  0.45987494E+000
  0.45987486E+000
  0.45987481E+000
  0.45987477E+000
  0.45987474E+000
  0.45987471E+000
  0.45987471E+000
  0.45987473E+000
  0.45987479E+000
  0.45987483E+000
  0.45987487E+000
  0.45987491E+000
  0.45987497E+000
  0.45987503E+000
  0.45987511E+000
  0.45987518E+000
  0.45987526E+000
  0.45987534E+000
  0.45987543E+000
  0.45987552E+000
  0.45987561E+000
  0.45987570E+000
  0.45987580E+000
  0.45987590E+000
  0.45987600E+000
  0.45987610E+000
  0.45987619E+000
  0.45987629E+000
  0.45987638E+000
  0.45987648E+000
  0.45987657E+000
  0.45987667E+000
  0.45987676E+000
  0.45987686E+000
  0.45987695E+000
  0.45987704E+000
  0.45987713E+000
  0.45987721E+000
  0.45987730E+000
  0.45987738E+000
  0.45987747E+000
  0.45987755E+000
  0.45987763E+000
  0.45987769E+000
  0.45987776E+000
  0.45987784E+000
  0.45987791E+000
  0.45987798E+000
  0.45987805E+000
  0.45987812E+000
  0.45987819E+000
  0.45987825E+000
  0.45987832E+000
  0.45987838E+000
  0.45987843E+000
  0.45987849E+000
  0.45987854E+000
  0.45987859E+000
  0.45987864E+000
  0.45987868E+000
  0.45987872E+000
  0.45987876E+000
  0.45987880E+000
  0.45987883E+000
  0.45987886E+000
  0.45987888E+000
  0.45987891E+000
  0.45987893E+000
  0.45987894E+000
  0.45987895E+000
  0.45987896E+000
  0.45987897E+000
  0.45987897E+000
  0.45987896E+000
  0.45987896E+000
  0.45987895E+000
  0.45987893E+000
  0.45987891E+000
  0.45987889E+000
  0.45987886E+000
  0.45987883E+000
  0.45987880E+000
  0.45987876E+000
  0.45987872E+000
  0.45987868E+000
  0.45987863E+000
  0.45987858E+000
  0.45987852E+000
  0.45987846E+000
  0.45987840E+000
  0.45987833E+000
  0.45987826E+000
  0.45987819E+000
  0.45987812E+000
  0.45987804E+000
  0.45987796E+000
  0.45987788E+000
  0.45987779E+000
  0.45987770E+000
  0.45987761E+000
  0.45987752E+000
  0.45987742E+000
  0.45987732E+000
  0.45987723E+000
  0.45987713E+000
  0.45987702E+000
  0.45987692E+000
  0.45987682E+000
  0.45987671E+000
  0.45987660E+000
  0.45987650E+000
  0.45987639E+000
  0.45987628E+000
  0.45987617E+000
  0.45987606E+000
  0.45987595E+000
  0.45987584E+000
  0.45987573E+000
  0.45987562E+000
  0.45987551E+000
  0.45987540E+000
  0.45987530E+000
  0.45987519E+000
  0.45987508E+000
  0.45987497E+000
  0.45987487E+000
  0.45987477E+000
  0.45987466E+000
  0.45987456E+000
  0.45987446E+000
  0.45987436E+000
  0.45987426E+000
  0.45987416E+000
  0.45987407E+000
