  0.11122733E+000
  0.11018409E+000
  0.10929505E+000
  0.10853798E+000
  0.10789379E+000
  0.10734614E+000
  0.10688063E+000
  0.10648506E+000
  0.10614895E+000
  0.10586327E+000
  0.10562053E+000
  0.10541430E+000
  0.10523910E+000
  0.10509034E+000
  0.10496409E+000
  0.10485702E+000
  0.10476630E+000
  0.10468954E+000
  0.10462468E+000
  0.10456999E+000
  0.10452398E+000
  0.10448539E+000
  0.10445314E+000
  0.10442628E+000
  0.10440404E+000
  0.10438572E+000
  0.10437073E+000
  0.10435855E+000
  0.10434877E+000
  0.10434098E+000
  0.10433488E+000
  0.10433017E+000
  0.10432663E+000
  0.10432404E+000
  0.10432223E+000
  0.10432105E+000
  0.10432037E+000
  0.10432009E+000
  0.10432013E+000
  0.10432040E+000
  0.10432086E+000
  0.10432145E+000
  0.10432213E+000
  0.10432288E+000
  0.10432368E+000
  0.10432450E+000
  0.10432533E+000
  0.10432616E+000
  0.10432699E+000
  0.10432781E+000
  0.10432861E+000
  0.10432939E+000
  0.10433016E+000
  0.10433090E+000
  0.10433162E+000
  0.10433232E+000
  0.10433299E+000
  0.10433364E+000
  0.10433427E+000
  0.10433487E+000
  0.10433545E+000
  0.10433600E+000
  0.10433654E+000
  0.10433704E+000
  0.10433753E+000
  0.10433799E+000
  0.10433842E+000
  0.10433884E+000
  0.10433924E+000
  0.10433961E+000
  0.10433997E+000
  0.10434031E+000
  0.10434064E+000
  0.10434095E+000
  0.10434126E+000
  0.10434155E+000
  0.10434183E+000
  0.10434210E+000
  0.10434237E+000
  0.10434264E+000
  0.10434289E+000
  0.10434315E+000
  0.10434340E+000
  0.10434364E+000
  0.10434388E+000
  0.10434411E+000
  0.10434434E+000
  0.10434457E+000
  0.10434478E+000
  0.10434499E+000
  0.10434520E+000
  0.10434539E+000
  0.10434558E+000
  0.10434576E+000
  0.10434593E+000
  0.10434609E+000
  0.10434624E+000
  0.10434638E+000
  0.10434651E+000
  0.10434664E+000
  0.10434675E+000
  0.10434686E+000
  0.10434696E+000
  0.10434705E+000
  0.10434714E+000
  0.10434722E+000
  0.10434729E+000
  0.10434736E+000
  0.10434742E+000
  0.10434747E+000
  0.10434752E+000
  0.10434757E+000
  0.10434761E+000
  0.10434765E+000
  0.10434768E+000
  0.10434771E+000
  0.10434774E+000
  0.10434776E+000
  0.10434779E+000
  0.10434781E+000
  0.10434782E+000
  0.10434784E+000
  0.10434785E+000
  0.10434786E+000
  0.10434787E+000
  0.10434788E+000
  0.10434789E+000
  0.10434789E+000
  0.10434790E+000
  0.10434790E+000
  0.10434790E+000
  0.10434790E+000
  0.10434791E+000
  0.10434791E+000
  0.10434791E+000
  0.10434791E+000
  0.10434791E+000
  0.10434791E+000
  0.10434791E+000
  0.10434791E+000
  0.10434790E+000
  0.10434790E+000
  0.10434790E+000
  0.10434790E+000
  0.10434790E+000
  0.10434790E+000
  0.10434789E+000
  0.10434789E+000
  0.10434789E+000
  0.10434789E+000
  0.10434789E+000
  0.10434788E+000
  0.10434788E+000
  0.10434788E+000
  0.10434788E+000
  0.10434788E+000
  0.10434787E+000
  0.10434787E+000
  0.10434787E+000
  0.10434787E+000
  0.10434787E+000
  0.10434787E+000
  0.10434786E+000
  0.10434786E+000
  0.10434786E+000
  0.10434786E+000
  0.10434786E+000
  0.10434786E+000
  0.10434786E+000
  0.10434785E+000
  0.10434785E+000
  0.10434785E+000
  0.10434785E+000
  0.10434785E+000
  0.10434785E+000
  0.10434785E+000
  0.10434785E+000
  0.10434785E+000
  0.10434785E+000
  0.10434784E+000
  0.10434784E+000
  0.10434784E+000
  0.10434784E+000
  0.10434784E+000
  0.10434784E+000
  0.10434784E+000
  0.10434784E+000
  0.10434784E+000
  0.10434784E+000
  0.10434784E+000
  0.10434784E+000
  0.10434784E+000
  0.10434784E+000
  0.10434784E+000
  0.10434784E+000
  0.10434784E+000
  0.10434784E+000
  0.10434784E+000
  0.10434784E+000
  0.10434784E+000
