 -0.82433473E+000 -0.64308161E+000 -0.27719921E+000 -0.66076871E-004  0.84371337E-001  0.17428241E+001  0.12063646E+002  0.59173118E+002  0.13400207E+003  0.34790471E+003  0.65682841E+003
 -0.82188675E+000 -0.63971619E+000 -0.27638906E+000 -0.63783356E-004  0.84768011E-001  0.17443441E+001  0.12065584E+002  0.59173202E+002  0.13400233E+003  0.34790489E+003  0.65682870E+003
 -0.81971592E+000 -0.63770961E+000 -0.27572289E+000 -0.62850466E-004  0.85033720E-001  0.17456026E+001  0.12067223E+002  0.59173224E+002  0.13400242E+003  0.34790497E+003  0.65682882E+003
 -0.81799919E+000 -0.63705903E+000 -0.27518101E+000 -0.62536049E-004  0.85131073E-001  0.17460342E+001  0.12068592E+002  0.59173220E+002  0.13400243E+003  0.34790500E+003  0.65682886E+003
 -0.81666288E+000 -0.63653042E+000 -0.27474506E+000 -0.62487355E-004  0.85204748E-001  0.17462227E+001  0.12069730E+002  0.59173208E+002  0.13400240E+003  0.34790499E+003  0.65682885E+003
 -0.81564192E+000 -0.63610783E+000 -0.27439871E+000 -0.62525660E-004  0.85259053E-001  0.17463710E+001  0.12070671E+002  0.59173196E+002  0.13400236E+003  0.34790497E+003  0.65682882E+003
 -0.81487967E+000 -0.63577654E+000 -0.27412793E+000 -0.62596470E-004  0.85297666E-001  0.17464863E+001  0.12071444E+002  0.59173185E+002  0.13400233E+003  0.34790494E+003  0.65682878E+003
 -0.81432687E+000 -0.63552309E+000 -0.27392084E+000 -0.62699331E-004  0.85323657E-001  0.17465746E+001  0.12072075E+002  0.59173175E+002  0.13400229E+003  0.34790492E+003  0.65682873E+003
 -0.81394415E+000 -0.63533617E+000 -0.27376740E+000 -0.62824773E-004  0.85339561E-001  0.17466404E+001  0.12072586E+002  0.59173166E+002  0.13400226E+003  0.34790489E+003  0.65682869E+003
 -0.81369800E+000 -0.63520489E+000 -0.27365919E+000 -0.62963994E-004  0.85347450E-001  0.17466873E+001  0.12072993E+002  0.59173159E+002  0.13400223E+003  0.34790487E+003  0.65682866E+003
 -0.81356140E+000 -0.63511971E+000 -0.27358936E+000 -0.63110466E-004  0.85349005E-001  0.17467183E+001  0.12073313E+002  0.59173153E+002  0.13400221E+003  0.34790485E+003  0.65682862E+003
 -0.81351197E+000 -0.63507226E+000 -0.27357492E+000 -0.63259445E-004  0.85345588E-001  0.17467362E+001  0.12073559E+002  0.59173148E+002  0.13400219E+003  0.34790483E+003  0.65682860E+003
 -0.81353136E+000 -0.63505559E+000 -0.27357064E+000 -0.63407623E-004  0.85338298E-001  0.17467430E+001  0.12073741E+002  0.59173144E+002  0.13400217E+003  0.34790481E+003  0.65682857E+003
 -0.81360463E+000 -0.63506393E+000 -0.27357485E+000 -0.63552762E-004  0.85328014E-001  0.17467407E+001  0.12073870E+002  0.59173140E+002  0.13400216E+003  0.34790480E+003  0.65682855E+003
 -0.81371973E+000 -0.63509253E+000 -0.27358619E+000 -0.63693463E-004  0.85315400E-001  0.17467307E+001  0.12073953E+002  0.59173137E+002  0.13400214E+003  0.34790479E+003  0.65682853E+003
 -0.81386700E+000 -0.63513747E+000 -0.27362623E+000 -0.63828781E-004  0.85301018E-001  0.17467149E+001  0.12073996E+002  0.59173135E+002  0.13400213E+003  0.34790478E+003  0.65682851E+003
 -0.81403957E+000 -0.63519542E+000 -0.27368472E+000 -0.63958176E-004  0.85285328E-001  0.17466942E+001  0.12074006E+002  0.59173133E+002  0.13400212E+003  0.34790477E+003  0.65682850E+003
 -0.81423177E+000 -0.63526368E+000 -0.27375400E+000 -0.64081385E-004  0.85268698E-001  0.17466696E+001  0.12073988E+002  0.59173131E+002  0.13400212E+003  0.34790476E+003  0.65682849E+003
 -0.81443862E+000 -0.63534013E+000 -0.27383215E+000 -0.64198347E-004  0.85251422E-001  0.17466417E+001  0.12073946E+002  0.59173129E+002  0.13400211E+003  0.34790476E+003  0.65682848E+003
 -0.81465680E+000 -0.63542294E+000 -0.27391753E+000 -0.64309171E-004  0.85233733E-001  0.17466110E+001  0.12073883E+002  0.59173128E+002  0.13400210E+003  0.34790475E+003  0.65682847E+003
 -0.81488377E+000 -0.63551064E+000 -0.27400873E+000 -0.64414036E-004  0.85215819E-001  0.17465780E+001  0.12073803E+002  0.59173127E+002  0.13400210E+003  0.34790475E+003  0.65682846E+003
 -0.81511702E+000 -0.63560212E+000 -0.27410454E+000 -0.64513194E-004  0.85197830E-001  0.17465432E+001  0.12073708E+002  0.59173126E+002  0.13400210E+003  0.34790474E+003  0.65682846E+003
 -0.81535459E+000 -0.63569646E+000 -0.27420391E+000 -0.64606917E-004  0.85179888E-001  0.17465068E+001  0.12073601E+002  0.59173125E+002  0.13400209E+003  0.34790474E+003  0.65682845E+003
 -0.81559499E+000 -0.63579296E+000 -0.27430594E+000 -0.64695495E-004  0.85162088E-001  0.17464692E+001  0.12073483E+002  0.59173124E+002  0.13400209E+003  0.34790474E+003  0.65682845E+003
 -0.81583711E+000 -0.63589104E+000 -0.27440983E+000 -0.64779218E-004  0.85144510E-001  0.17464306E+001  0.12073356E+002  0.59173124E+002  0.13400209E+003  0.34790473E+003  0.65682844E+003
 -0.81608009E+000 -0.63599024E+000 -0.27451492E+000 -0.64858361E-004  0.85127216E-001  0.17463914E+001  0.12073222E+002  0.59173123E+002  0.13400209E+003  0.34790473E+003  0.65682844E+003
 -0.81632332E+000 -0.63609020E+000 -0.27462059E+000 -0.64933187E-004  0.85110260E-001  0.17463517E+001  0.12073081E+002  0.59173123E+002  0.13400208E+003  0.34790473E+003  0.65682844E+003
 -0.81656637E+000 -0.63619065E+000 -0.27472633E+000 -0.65003942E-004  0.85093684E-001  0.17463116E+001  0.12072934E+002  0.59173122E+002  0.13400208E+003  0.34790473E+003  0.65682844E+003
 -0.81680893E+000 -0.63629137E+000 -0.27483169E+000 -0.65070850E-004  0.85077523E-001  0.17462714E+001  0.12072783E+002  0.59173122E+002  0.13400208E+003  0.34790473E+003  0.65682843E+003
 -0.81705081E+000 -0.63639219E+000 -0.27493626E+000 -0.65134117E-004  0.85061807E-001  0.17462312E+001  0.12072628E+002  0.59173122E+002  0.13400208E+003  0.34790473E+003  0.65682843E+003
 -0.81729188E+000 -0.63649297E+000 -0.27503969E+000 -0.65193928E-004  0.85046559E-001  0.17461912E+001  0.12072469E+002  0.59173122E+002  0.13400208E+003  0.34790473E+003  0.65682843E+003
 -0.81753208E+000 -0.63659360E+000 -0.27514167E+000 -0.65250456E-004  0.85031801E-001  0.17461514E+001  0.12072308E+002  0.59173121E+002  0.13400208E+003  0.34790473E+003  0.65682843E+003
 -0.81777140E+000 -0.63669400E+000 -0.27524194E+000 -0.65303857E-004  0.85017549E-001  0.17461120E+001  0.12072143E+002  0.59173121E+002  0.13400208E+003  0.34790473E+003  0.65682843E+003
 -0.81800981E+000 -0.63679408E+000 -0.27534025E+000 -0.65354277E-004  0.85003816E-001  0.17460730E+001  0.12071977E+002  0.59173121E+002  0.13400208E+003  0.34790473E+003  0.65682843E+003
 -0.81824733E+000 -0.63689377E+000 -0.27543639E+000 -0.65401850E-004  0.84971435E-001  0.17460346E+001  0.12071809E+002  0.59173121E+002  0.13400208E+003  0.34790472E+003  0.65682843E+003
 -0.81848395E+000 -0.63699299E+000 -0.27553020E+000 -0.65446705E-004  0.84940087E-001  0.17459968E+001  0.12071639E+002  0.59173121E+002  0.13400208E+003  0.34790472E+003  0.65682843E+003
 -0.81871966E+000 -0.63709167E+000 -0.27562151E+000 -0.65488963E-004  0.84910066E-001  0.17459597E+001  0.12071467E+002  0.59173121E+002  0.13400208E+003  0.34790472E+003  0.65682843E+003
 -0.81895442E+000 -0.63718972E+000 -0.27571020E+000 -0.65528742E-004  0.84881382E-001  0.17459233E+001  0.12071295E+002  0.59173121E+002  0.13400208E+003  0.34790472E+003  0.65682843E+003
 -0.81918816E+000 -0.63728703E+000 -0.27579615E+000 -0.65566157E-004  0.84854044E-001  0.17458877E+001  0.12071121E+002  0.59173121E+002  0.13400208E+003  0.34790472E+003  0.65682843E+003
 -0.81942077E+000 -0.63738350E+000 -0.27587927E+000 -0.65601319E-004  0.84828053E-001  0.17458369E+001  0.12070947E+002  0.59173121E+002  0.13400208E+003  0.34790472E+003  0.65682843E+003
 -0.81965208E+000 -0.63747901E+000 -0.27595949E+000 -0.65634338E-004  0.84803407E-001  0.17456892E+001  0.12070773E+002  0.59173121E+002  0.13400208E+003  0.34790472E+003  0.65682843E+003
 -0.81988190E+000 -0.63757343E+000 -0.27603674E+000 -0.65665322E-004  0.84780097E-001  0.17455454E+001  0.12070598E+002  0.59173121E+002  0.13400208E+003  0.34790472E+003  0.65682843E+003
 -0.82010995E+000 -0.63766660E+000 -0.27611099E+000 -0.65694375E-004  0.84758114E-001  0.17454057E+001  0.12070424E+002  0.59173121E+002  0.13400208E+003  0.34790472E+003  0.65682843E+003
 -0.82033592E+000 -0.63775837E+000 -0.27618220E+000 -0.65721603E-004  0.84737440E-001  0.17452703E+001  0.12070250E+002  0.59173121E+002  0.13400208E+003  0.34790472E+003  0.65682843E+003
 -0.82055945E+000 -0.63784858E+000 -0.27625035E+000 -0.65747105E-004  0.84718056E-001  0.17451392E+001  0.12070078E+002  0.59173121E+002  0.13400208E+003  0.34790472E+003  0.65682843E+003
 -0.82078011E+000 -0.63793706E+000 -0.27631544E+000 -0.65770978E-004  0.84699937E-001  0.17450125E+001  0.12069907E+002  0.59173121E+002  0.13400208E+003  0.34790472E+003  0.65682843E+003
 -0.82099744E+000 -0.63803261E+000 -0.27637747E+000 -0.65793316E-004  0.84683056E-001  0.17448904E+001  0.12069737E+002  0.59173121E+002  0.13400208E+003  0.34790472E+003  0.65682843E+003
 -0.82121094E+000 -0.63833360E+000 -0.27643645E+000 -0.65814207E-004  0.84667379E-001  0.17447728E+001  0.12069570E+002  0.59173121E+002  0.13400208E+003  0.34790472E+003  0.65682843E+003
 -0.82142009E+000 -0.63862662E+000 -0.27649242E+000 -0.65833735E-004  0.84652870E-001  0.17446599E+001  0.12069404E+002  0.59173121E+002  0.13400208E+003  0.34790472E+003  0.65682843E+003
 -0.82162434E+000 -0.63891108E+000 -0.27654540E+000 -0.65851979E-004  0.84639486E-001  0.17445517E+001  0.12069242E+002  0.59173121E+002  0.13400208E+003  0.34790472E+003  0.65682843E+003
 -0.82182313E+000 -0.63918643E+000 -0.27659546E+000 -0.65869012E-004  0.84627182E-001  0.17444482E+001  0.12069082E+002  0.59173121E+002  0.13400208E+003  0.34790472E+003  0.65682843E+003
 -0.82201593E+000 -0.63945216E+000 -0.27664263E+000 -0.65884902E-004  0.84615906E-001  0.17443496E+001  0.12068925E+002  0.59173121E+002  0.13400208E+003  0.34790472E+003  0.65682843E+003
 -0.82220221E+000 -0.63970781E+000 -0.27668700E+000 -0.65899713E-004  0.84605604E-001  0.17442557E+001  0.12068771E+002  0.59173121E+002  0.13400208E+003  0.34790472E+003  0.65682843E+003
 -0.82238148E+000 -0.63995298E+000 -0.27672862E+000 -0.65913505E-004  0.84596213E-001  0.17441666E+001  0.12068620E+002  0.59173121E+002  0.13400208E+003  0.34790472E+003  0.65682843E+003
 -0.82255330E+000 -0.64018733E+000 -0.27676759E+000 -0.65926335E-004  0.84587669E-001  0.17440823E+001  0.12068473E+002  0.59173121E+002  0.13400208E+003  0.34790472E+003  0.65682843E+003
 -0.82271370E+000 -0.64041062E+000 -0.27680398E+000 -0.65938253E-004  0.84579902E-001  0.17440027E+001  0.12068329E+002  0.59173121E+002  0.13400208E+003  0.34790472E+003  0.65682843E+003
 -0.82284833E+000 -0.64062263E+000 -0.27683788E+000 -0.65949309E-004  0.84572839E-001  0.17439278E+001  0.12068189E+002  0.59173121E+002  0.13400208E+003  0.34790472E+003  0.65682843E+003
 -0.82297569E+000 -0.64082327E+000 -0.27686940E+000 -0.65959548E-004  0.84566405E-001  0.17438576E+001  0.12068052E+002  0.59173121E+002  0.13400208E+003  0.34790472E+003  0.65682843E+003
 -0.82309563E+000 -0.64101248E+000 -0.27689863E+000 -0.65969015E-004  0.84560520E-001  0.17437920E+001  0.12067919E+002  0.59173121E+002  0.13400208E+003  0.34790472E+003  0.65682843E+003
 -0.82320806E+000 -0.64119030E+000 -0.27692567E+000 -0.65977753E-004  0.84555105E-001  0.17437308E+001  0.12067790E+002  0.59173121E+002  0.13400208E+003  0.34790473E+003  0.65682843E+003
 -0.82331296E+000 -0.64135683E+000 -0.27695063E+000 -0.65985802E-004  0.84550083E-001  0.17436739E+001  0.12067664E+002  0.59173121E+002  0.13400208E+003  0.34790473E+003  0.65682843E+003
 -0.82341038E+000 -0.64151223E+000 -0.27697360E+000 -0.65993204E-004  0.84545375E-001  0.17436213E+001  0.12067542E+002  0.59173121E+002  0.13400208E+003  0.34790473E+003  0.65682843E+003
 -0.82350043E+000 -0.64165673E+000 -0.27699470E+000 -0.65999996E-004  0.84540906E-001  0.17435727E+001  0.12067424E+002  0.59173121E+002  0.13400208E+003  0.34790473E+003  0.65682843E+003
 -0.82358328E+000 -0.64179061E+000 -0.27701402E+000 -0.66006217E-004  0.84536608E-001  0.17435280E+001  0.12067309E+002  0.59173121E+002  0.13400208E+003  0.34790473E+003  0.65682843E+003
 -0.82365918E+000 -0.64191420E+000 -0.27703168E+000 -0.66011903E-004  0.84532414E-001  0.17434871E+001  0.12067199E+002  0.59173120E+002  0.13400208E+003  0.34790473E+003  0.65682843E+003
 -0.82372840E+000 -0.64202790E+000 -0.27704776E+000 -0.66017092E-004  0.84528267E-001  0.17434497E+001  0.12067092E+002  0.59173120E+002  0.13400208E+003  0.34790473E+003  0.65682843E+003
 -0.82379125E+000 -0.64213211E+000 -0.27706238E+000 -0.66021818E-004  0.84524116E-001  0.17434158E+001  0.12066988E+002  0.59173120E+002  0.13400208E+003  0.34790473E+003  0.65682843E+003
 -0.82384809E+000 -0.64222729E+000 -0.27707563E+000 -0.66026116E-004  0.84519919E-001  0.17433850E+001  0.12066889E+002  0.59173120E+002  0.13400208E+003  0.34790473E+003  0.65682843E+003
 -0.82389929E+000 -0.64231392E+000 -0.27708761E+000 -0.66030018E-004  0.84515641E-001  0.17433572E+001  0.12066794E+002  0.59173120E+002  0.13400208E+003  0.34790473E+003  0.65682843E+003
 -0.82394525E+000 -0.64239248E+000 -0.27709841E+000 -0.66033556E-004  0.84511259E-001  0.17433322E+001  0.12066702E+002  0.59173120E+002  0.13400208E+003  0.34790473E+003  0.65682843E+003
 -0.82398635E+000 -0.64246349E+000 -0.27710812E+000 -0.66036761E-004  0.84506756E-001  0.17433098E+001  0.12066614E+002  0.59173120E+002  0.13400208E+003  0.34790473E+003  0.65682843E+003
 -0.82402301E+000 -0.64252747E+000 -0.27711683E+000 -0.66039661E-004  0.84502125E-001  0.17432898E+001  0.12066529E+002  0.59173120E+002  0.13400208E+003  0.34790473E+003  0.65682843E+003
 -0.82405560E+000 -0.64258492E+000 -0.27712463E+000 -0.66042282E-004  0.84497366E-001  0.17432720E+001  0.12066448E+002  0.59173120E+002  0.13400208E+003  0.34790473E+003  0.65682843E+003
 -0.82408451E+000 -0.64263637E+000 -0.27713158E+000 -0.66044652E-004  0.84492488E-001  0.17432562E+001  0.12066371E+002  0.59173120E+002  0.13400208E+003  0.34790473E+003  0.65682843E+003
 -0.82411011E+000 -0.64268230E+000 -0.27713778E+000 -0.66046793E-004  0.84487506E-001  0.17432422E+001  0.12066297E+002  0.59173120E+002  0.13400208E+003  0.34790473E+003  0.65682843E+003
 -0.82413274E+000 -0.64272321E+000 -0.27714329E+000 -0.66048728E-004  0.84482438E-001  0.17432299E+001  0.12066227E+002  0.59173120E+002  0.13400208E+003  0.34790473E+003  0.65682843E+003
 -0.82415273E+000 -0.64275955E+000 -0.27714818E+000 -0.66050477E-004  0.84477311E-001  0.17432191E+001  0.12066160E+002  0.59173120E+002  0.13400208E+003  0.34790473E+003  0.65682843E+003
 -0.82417037E+000 -0.64279177E+000 -0.27715251E+000 -0.66052058E-004  0.84472152E-001  0.17432097E+001  0.12066096E+002  0.59173120E+002  0.13400208E+003  0.34790473E+003  0.65682843E+003
 -0.82418595E+000 -0.64282029E+000 -0.27715634E+000 -0.66053489E-004  0.84466991E-001  0.17432014E+001  0.12066035E+002  0.59173120E+002  0.13400208E+003  0.34790473E+003  0.65682843E+003
 -0.82419971E+000 -0.64284550E+000 -0.27715973E+000 -0.66054786E-004  0.84461859E-001  0.17431942E+001  0.12065977E+002  0.59173120E+002  0.13400208E+003  0.34790473E+003  0.65682843E+003
 -0.82421188E+000 -0.64286776E+000 -0.27716272E+000 -0.66055961E-004  0.84456787E-001  0.17431878E+001  0.12065923E+002  0.59173120E+002  0.13400208E+003  0.34790473E+003  0.65682843E+003
 -0.82422265E+000 -0.64288740E+000 -0.27716536E+000 -0.66057029E-004  0.84451805E-001  0.17431824E+001  0.12065870E+002  0.59173120E+002  0.13400208E+003  0.34790473E+003  0.65682843E+003
 -0.82423221E+000 -0.64290473E+000 -0.27716769E+000 -0.66058000E-004  0.84446940E-001  0.17431776E+001  0.12065821E+002  0.59173120E+002  0.13400208E+003  0.34790473E+003  0.65682843E+003
 -0.82424071E+000 -0.64292003E+000 -0.27716976E+000 -0.66058886E-004  0.84442217E-001  0.17431734E+001  0.12065774E+002  0.59173120E+002  0.13400208E+003  0.34790473E+003  0.65682843E+003
 -0.82424830E+000 -0.64293354E+000 -0.27717159E+000 -0.66059696E-004  0.84437660E-001  0.17431697E+001  0.12065730E+002  0.59173120E+002  0.13400208E+003  0.34790473E+003  0.65682843E+003
 -0.82425509E+000 -0.64294549E+000 -0.27717321E+000 -0.66060439E-004  0.84433286E-001  0.17431665E+001  0.12065687E+002  0.59173120E+002  0.13400208E+003  0.34790473E+003  0.65682843E+003
 -0.82426118E+000 -0.64295608E+000 -0.27717466E+000 -0.66061122E-004  0.84429110E-001  0.17431636E+001  0.12065647E+002  0.59173120E+002  0.13400208E+003  0.34790473E+003  0.65682843E+003
 -0.82426666E+000 -0.64296549E+000 -0.27717595E+000 -0.66061753E-004  0.84425144E-001  0.17431610E+001  0.12065609E+002  0.59173120E+002  0.13400208E+003  0.34790473E+003  0.65682843E+003
 -0.82427162E+000 -0.64297387E+000 -0.27717711E+000 -0.66062339E-004  0.84421394E-001  0.17431586E+001  0.12065573E+002  0.59173120E+002  0.13400208E+003  0.34790473E+003  0.65682843E+003
 -0.82427611E+000 -0.64298136E+000 -0.27717816E+000 -0.66062884E-004  0.84417865E-001  0.17431564E+001  0.12065538E+002  0.59173120E+002  0.13400208E+003  0.34790473E+003  0.65682843E+003
 -0.82428020E+000 -0.64298808E+000 -0.27717911E+000 -0.66063395E-004  0.84414556E-001  0.17431543E+001  0.12065505E+002  0.59173120E+002  0.13400208E+003  0.34790473E+003  0.65682843E+003
 -0.82428393E+000 -0.64299414E+000 -0.27717998E+000 -0.66063877E-004  0.84411466E-001  0.17431522E+001  0.12065473E+002  0.59173120E+002  0.13400208E+003  0.34790473E+003  0.65682843E+003
 -0.82428735E+000 -0.64299962E+000 -0.27718079E+000 -0.66064333E-004  0.84408589E-001  0.17431502E+001  0.12065443E+002  0.59173120E+002  0.13400208E+003  0.34790473E+003  0.65682844E+003
 -0.82429049E+000 -0.64300461E+000 -0.27718153E+000 -0.66064767E-004  0.84405918E-001  0.17431481E+001  0.12065414E+002  0.59173120E+002  0.13400208E+003  0.34790473E+003  0.65682844E+003
 -0.82429339E+000 -0.64300917E+000 -0.27718223E+000 -0.66065183E-004  0.84403445E-001  0.17431459E+001  0.12065386E+002  0.59173120E+002  0.13400208E+003  0.34790473E+003  0.65682844E+003
 -0.82429606E+000 -0.64301336E+000 -0.27718288E+000 -0.66065583E-004  0.84401158E-001  0.17431436E+001  0.12065359E+002  0.59173120E+002  0.13400208E+003  0.34790473E+003  0.65682844E+003
 -0.82429853E+000 -0.64301722E+000 -0.27718350E+000 -0.66065970E-004  0.84399049E-001  0.17431412E+001  0.12065333E+002  0.59173120E+002  0.13400208E+003  0.34790473E+003  0.65682844E+003
 -0.82430083E+000 -0.64302081E+000 -0.27718410E+000 -0.66066346E-004  0.84397103E-001  0.17431385E+001  0.12065308E+002  0.59173120E+002  0.13400208E+003  0.34790473E+003  0.65682844E+003
 -0.82430297E+000 -0.64302415E+000 -0.27718467E+000 -0.66066712E-004  0.84395311E-001  0.17431356E+001  0.12065284E+002  0.59173120E+002  0.13400208E+003  0.34790473E+003  0.65682844E+003
 -0.82430496E+000 -0.64302727E+000 -0.27718522E+000 -0.66067071E-004  0.84393660E-001  0.17431325E+001  0.12065260E+002  0.59173120E+002  0.13400208E+003  0.34790473E+003  0.65682844E+003
 -0.82430682E+000 -0.64303020E+000 -0.27718575E+000 -0.66067422E-004  0.84392139E-001  0.17431291E+001  0.12065237E+002  0.59173120E+002  0.13400208E+003  0.34790473E+003  0.65682844E+003
 -0.82430855E+000 -0.64303296E+000 -0.27718627E+000 -0.66067767E-004  0.84390737E-001  0.17431255E+001  0.12065215E+002  0.59173120E+002  0.13400208E+003  0.34790473E+003  0.65682844E+003
 -0.82431018E+000 -0.64303557E+000 -0.27718677E+000 -0.66068107E-004  0.84389444E-001  0.17431215E+001  0.12065194E+002  0.59173120E+002  0.13400208E+003  0.34790473E+003  0.65682844E+003
 -0.82431170E+000 -0.64303804E+000 -0.27718726E+000 -0.66068441E-004  0.84388249E-001  0.17431172E+001  0.12065173E+002  0.59173120E+002  0.13400208E+003  0.34790473E+003  0.65682844E+003
 -0.82431313E+000 -0.64304038E+000 -0.27718775E+000 -0.66068770E-004  0.84387144E-001  0.17431126E+001  0.12065152E+002  0.59173120E+002  0.13400208E+003  0.34790473E+003  0.65682844E+003
 -0.82431447E+000 -0.64304261E+000 -0.27718822E+000 -0.66069093E-004  0.84386121E-001  0.17431076E+001  0.12065132E+002  0.59173120E+002  0.13400208E+003  0.34790473E+003  0.65682844E+003
 -0.82431573E+000 -0.64304473E+000 -0.27718868E+000 -0.66069412E-004  0.84385171E-001  0.17431023E+001  0.12065112E+002  0.59173120E+002  0.13400208E+003  0.34790473E+003  0.65682844E+003
 -0.82431692E+000 -0.64304675E+000 -0.27718913E+000 -0.66069725E-004  0.84384288E-001  0.17430967E+001  0.12065093E+002  0.59173120E+002  0.13400208E+003  0.34790473E+003  0.65682844E+003
 -0.82431803E+000 -0.64304867E+000 -0.27718957E+000 -0.66070032E-004  0.84383465E-001  0.17430908E+001  0.12065074E+002  0.59173120E+002  0.13400208E+003  0.34790473E+003  0.65682844E+003
 -0.82431907E+000 -0.64305050E+000 -0.27719000E+000 -0.66070334E-004  0.84382699E-001  0.17430846E+001  0.12065055E+002  0.59173120E+002  0.13400208E+003  0.34790473E+003  0.65682844E+003
 -0.82432006E+000 -0.64305225E+000 -0.27719042E+000 -0.66070630E-004  0.84381982E-001  0.17430781E+001  0.12065037E+002  0.59173120E+002  0.13400208E+003  0.34790473E+003  0.65682844E+003
 -0.82432098E+000 -0.64305391E+000 -0.27719083E+000 -0.66070918E-004  0.84381312E-001  0.17430714E+001  0.12065018E+002  0.59173120E+002  0.13400208E+003  0.34790473E+003  0.65682844E+003
 -0.82432185E+000 -0.64305549E+000 -0.27719123E+000 -0.66071201E-004  0.84380683E-001  0.17430644E+001  0.12065000E+002  0.59173120E+002  0.13400208E+003  0.34790473E+003  0.65682844E+003
 -0.82432267E+000 -0.64305700E+000 -0.27719162E+000 -0.66071476E-004  0.84380094E-001  0.17430572E+001  0.12064981E+002  0.59173120E+002  0.13400208E+003  0.34790473E+003  0.65682845E+003
 -0.82432343E+000 -0.64305844E+000 -0.27719200E+000 -0.66071743E-004  0.84379541E-001  0.17430499E+001  0.12064963E+002  0.59173120E+002  0.13400208E+003  0.34790474E+003  0.65682845E+003
 -0.82432416E+000 -0.64305980E+000 -0.27719236E+000 -0.66072003E-004  0.84379020E-001  0.17430423E+001  0.12064945E+002  0.59173119E+002  0.13400208E+003  0.34790474E+003  0.65682845E+003
 -0.82432483E+000 -0.64306110E+000 -0.27719272E+000 -0.66072255E-004  0.84378531E-001  0.17430347E+001  0.12064926E+002  0.59173119E+002  0.13400208E+003  0.34790474E+003  0.65682845E+003
 -0.82432547E+000 -0.64306234E+000 -0.27719306E+000 -0.66072499E-004  0.84378070E-001  0.17430270E+001  0.12064907E+002  0.59173119E+002  0.13400208E+003  0.34790474E+003  0.65682845E+003
 -0.82432607E+000 -0.64306351E+000 -0.27719339E+000 -0.66072735E-004  0.84377636E-001  0.17430192E+001  0.12064888E+002  0.59173119E+002  0.13400208E+003  0.34790474E+003  0.65682845E+003
 -0.82432663E+000 -0.64306462E+000 -0.27719371E+000 -0.66072963E-004  0.84377227E-001  0.17430113E+001  0.12064869E+002  0.59173119E+002  0.13400208E+003  0.34790474E+003  0.65682845E+003
 -0.82432716E+000 -0.64306567E+000 -0.27719401E+000 -0.66073182E-004  0.84376843E-001  0.17430035E+001  0.12064849E+002  0.59173119E+002  0.13400208E+003  0.34790474E+003  0.65682845E+003
 -0.82432766E+000 -0.64306667E+000 -0.27719431E+000 -0.66073392E-004  0.84376480E-001  0.17429957E+001  0.12064829E+002  0.59173119E+002  0.13400208E+003  0.34790474E+003  0.65682845E+003
 -0.82432813E+000 -0.64306761E+000 -0.27719459E+000 -0.66073594E-004  0.84376139E-001  0.17429880E+001  0.12064809E+002  0.59173119E+002  0.13400208E+003  0.34790474E+003  0.65682845E+003
 -0.82432856E+000 -0.64306850E+000 -0.27719486E+000 -0.66073787E-004  0.84375817E-001  0.17429803E+001  0.12064788E+002  0.59173119E+002  0.13400208E+003  0.34790474E+003  0.65682845E+003
 -0.82432897E+000 -0.64306935E+000 -0.27719512E+000 -0.66073972E-004  0.84375515E-001  0.17429728E+001  0.12064766E+002  0.59173119E+002  0.13400207E+003  0.34790474E+003  0.65682845E+003
 -0.82432936E+000 -0.64307014E+000 -0.27719536E+000 -0.66074149E-004  0.84375231E-001  0.17429654E+001  0.12064744E+002  0.59173119E+002  0.13400207E+003  0.34790474E+003  0.65682845E+003
 -0.82432972E+000 -0.64307089E+000 -0.27719560E+000 -0.66074317E-004  0.84374963E-001  0.17429582E+001  0.12064722E+002  0.59173119E+002  0.13400207E+003  0.34790474E+003  0.65682845E+003
 -0.82433006E+000 -0.64307160E+000 -0.27719582E+000 -0.66074477E-004  0.84374712E-001  0.17429511E+001  0.12064698E+002  0.59173119E+002  0.13400207E+003  0.34790474E+003  0.65682845E+003
 -0.82433038E+000 -0.64307227E+000 -0.27719603E+000 -0.66074629E-004  0.84374476E-001  0.17429442E+001  0.12064675E+002  0.59173119E+002  0.13400207E+003  0.34790474E+003  0.65682845E+003
 -0.82433068E+000 -0.64307290E+000 -0.27719623E+000 -0.66074774E-004  0.84374255E-001  0.17429375E+001  0.12064651E+002  0.59173119E+002  0.13400207E+003  0.34790474E+003  0.65682845E+003
 -0.82433096E+000 -0.64307349E+000 -0.27719642E+000 -0.66074911E-004  0.84374047E-001  0.17429310E+001  0.12064626E+002  0.59173119E+002  0.13400207E+003  0.34790474E+003  0.65682845E+003
 -0.82433122E+000 -0.64307404E+000 -0.27719661E+000 -0.66075040E-004  0.84373853E-001  0.17429248E+001  0.12064601E+002  0.59173119E+002  0.13400207E+003  0.34790474E+003  0.65682845E+003
 -0.82433146E+000 -0.64307456E+000 -0.27719678E+000 -0.66075163E-004  0.84373671E-001  0.17429188E+001  0.12064575E+002  0.59173119E+002  0.13400207E+003  0.34790474E+003  0.65682845E+003
 -0.82433169E+000 -0.64307505E+000 -0.27719694E+000 -0.66075278E-004  0.84373501E-001  0.17429130E+001  0.12064549E+002  0.59173119E+002  0.13400207E+003  0.34790474E+003  0.65682846E+003
 -0.82433191E+000 -0.64307551E+000 -0.27719709E+000 -0.66075387E-004  0.84373342E-001  0.17429075E+001  0.12064523E+002  0.59173119E+002  0.13400207E+003  0.34790474E+003  0.65682846E+003
 -0.82433211E+000 -0.64307594E+000 -0.27719724E+000 -0.66075490E-004  0.84373194E-001  0.17429022E+001  0.12064496E+002  0.59173119E+002  0.13400207E+003  0.34790474E+003  0.65682846E+003
 -0.82433229E+000 -0.64307634E+000 -0.27719737E+000 -0.66075587E-004  0.84373055E-001  0.17428971E+001  0.12064470E+002  0.59173119E+002  0.13400207E+003  0.34790474E+003  0.65682846E+003
 -0.82433247E+000 -0.64307672E+000 -0.27719750E+000 -0.66075677E-004  0.84372926E-001  0.17428923E+001  0.12064443E+002  0.59173119E+002  0.13400207E+003  0.34790474E+003  0.65682846E+003
 -0.82433263E+000 -0.64307707E+000 -0.27719762E+000 -0.66075762E-004  0.84372806E-001  0.17428878E+001  0.12064415E+002  0.59173119E+002  0.13400207E+003  0.34790473E+003  0.65682846E+003
 -0.82433278E+000 -0.64307740E+000 -0.27719773E+000 -0.66075842E-004  0.84372694E-001  0.17428834E+001  0.12064388E+002  0.59173119E+002  0.13400207E+003  0.34790473E+003  0.65682846E+003
 -0.82433293E+000 -0.64307771E+000 -0.27719784E+000 -0.66075916E-004  0.84372590E-001  0.17428793E+001  0.12064361E+002  0.59173119E+002  0.13400207E+003  0.34790473E+003  0.65682846E+003
 -0.82433306E+000 -0.64307799E+000 -0.27719793E+000 -0.66075986E-004  0.84372494E-001  0.17428755E+001  0.12064334E+002  0.59173119E+002  0.13400207E+003  0.34790473E+003  0.65682846E+003
 -0.82433318E+000 -0.64307826E+000 -0.27719803E+000 -0.66076051E-004  0.84372404E-001  0.17428718E+001  0.12064307E+002  0.59173119E+002  0.13400207E+003  0.34790473E+003  0.65682846E+003
 -0.82433329E+000 -0.64307851E+000 -0.27719811E+000 -0.66076112E-004  0.84372321E-001  0.17428684E+001  0.12064280E+002  0.59173119E+002  0.13400207E+003  0.34790473E+003  0.65682846E+003
 -0.82433340E+000 -0.64307874E+000 -0.27719819E+000 -0.66076169E-004  0.84372243E-001  0.17428652E+001  0.12064254E+002  0.59173119E+002  0.13400207E+003  0.34790473E+003  0.65682846E+003
 -0.82433350E+000 -0.64307895E+000 -0.27719827E+000 -0.66076222E-004  0.84372172E-001  0.17428621E+001  0.12064228E+002  0.59173119E+002  0.13400207E+003  0.34790473E+003  0.65682846E+003
 -0.82433359E+000 -0.64307915E+000 -0.27719834E+000 -0.66076271E-004  0.84372106E-001  0.17428593E+001  0.12064202E+002  0.59173119E+002  0.13400207E+003  0.34790473E+003  0.65682846E+003
 -0.82433368E+000 -0.64307934E+000 -0.27719840E+000 -0.66076317E-004  0.84372045E-001  0.17428567E+001  0.12064177E+002  0.59173119E+002  0.13400207E+003  0.34790473E+003  0.65682846E+003
 -0.82433376E+000 -0.64307951E+000 -0.27719846E+000 -0.66076359E-004  0.84371988E-001  0.17428542E+001  0.12064152E+002  0.59173119E+002  0.13400207E+003  0.34790473E+003  0.65682846E+003
 -0.82433383E+000 -0.64307967E+000 -0.27719852E+000 -0.66076399E-004  0.84371936E-001  0.17428519E+001  0.12064127E+002  0.59173119E+002  0.13400207E+003  0.34790473E+003  0.65682846E+003
 -0.82433390E+000 -0.64307982E+000 -0.27719857E+000 -0.66076435E-004  0.84371887E-001  0.17428497E+001  0.12064104E+002  0.59173119E+002  0.13400207E+003  0.34790473E+003  0.65682846E+003
 -0.82433396E+000 -0.64307996E+000 -0.27719862E+000 -0.66076470E-004  0.84371843E-001  0.17428477E+001  0.12064081E+002  0.59173119E+002  0.13400207E+003  0.34790473E+003  0.65682846E+003
 -0.82433402E+000 -0.64308009E+000 -0.27719867E+000 -0.66076501E-004  0.84371801E-001  0.17428459E+001  0.12064058E+002  0.59173119E+002  0.13400207E+003  0.34790473E+003  0.65682846E+003
 -0.82433408E+000 -0.64308021E+000 -0.27719871E+000 -0.66076530E-004  0.84371764E-001  0.17428441E+001  0.12064037E+002  0.59173119E+002  0.13400207E+003  0.34790473E+003  0.65682846E+003
 -0.82433413E+000 -0.64308032E+000 -0.27719875E+000 -0.66076557E-004  0.84371729E-001  0.17428425E+001  0.12064016E+002  0.59173119E+002  0.13400207E+003  0.34790473E+003  0.65682846E+003
 -0.82433417E+000 -0.64308042E+000 -0.27719878E+000 -0.66076582E-004  0.84371696E-001  0.17428410E+001  0.12063995E+002  0.59173119E+002  0.13400207E+003  0.34790473E+003  0.65682846E+003
 -0.82433421E+000 -0.64308051E+000 -0.27719882E+000 -0.66076605E-004  0.84371667E-001  0.17428397E+001  0.12063976E+002  0.59173119E+002  0.13400207E+003  0.34790473E+003  0.65682846E+003
 -0.82433425E+000 -0.64308060E+000 -0.27719885E+000 -0.66076627E-004  0.84371640E-001  0.17428384E+001  0.12063957E+002  0.59173119E+002  0.13400207E+003  0.34790473E+003  0.65682846E+003
 -0.82433429E+000 -0.64308068E+000 -0.27719888E+000 -0.66076646E-004  0.84371614E-001  0.17428372E+001  0.12063939E+002  0.59173119E+002  0.13400207E+003  0.34790473E+003  0.65682846E+003
 -0.82433432E+000 -0.64308075E+000 -0.27719890E+000 -0.66076664E-004  0.84371591E-001  0.17428361E+001  0.12063922E+002  0.59173119E+002  0.13400207E+003  0.34790473E+003  0.65682846E+003
 -0.82433436E+000 -0.64308082E+000 -0.27719893E+000 -0.66076681E-004  0.84371570E-001  0.17428351E+001  0.12063905E+002  0.59173119E+002  0.13400207E+003  0.34790473E+003  0.65682845E+003
 -0.82433438E+000 -0.64308088E+000 -0.27719895E+000 -0.66076697E-004  0.84371551E-001  0.17428342E+001  0.12063889E+002  0.59173119E+002  0.13400207E+003  0.34790473E+003  0.65682845E+003
 -0.82433441E+000 -0.64308094E+000 -0.27719897E+000 -0.66076711E-004  0.84371533E-001  0.17428334E+001  0.12063874E+002  0.59173119E+002  0.13400207E+003  0.34790473E+003  0.65682845E+003
 -0.82433444E+000 -0.64308099E+000 -0.27719899E+000 -0.66076724E-004  0.84371516E-001  0.17428326E+001  0.12063860E+002  0.59173119E+002  0.13400207E+003  0.34790473E+003  0.65682845E+003
 -0.82433446E+000 -0.64308104E+000 -0.27719901E+000 -0.66076736E-004  0.84371501E-001  0.17428319E+001  0.12063846E+002  0.59173119E+002  0.13400207E+003  0.34790473E+003  0.65682845E+003
 -0.82433448E+000 -0.64308109E+000 -0.27719902E+000 -0.66076747E-004  0.84371488E-001  0.17428312E+001  0.12063833E+002  0.59173118E+002  0.13400207E+003  0.34790473E+003  0.65682845E+003
 -0.82433450E+000 -0.64308113E+000 -0.27719904E+000 -0.66076757E-004  0.84371475E-001  0.17428306E+001  0.12063821E+002  0.59173118E+002  0.13400207E+003  0.34790473E+003  0.65682845E+003
 -0.82433452E+000 -0.64308117E+000 -0.27719905E+000 -0.66076767E-004  0.84371463E-001  0.17428300E+001  0.12063809E+002  0.59173118E+002  0.13400207E+003  0.34790473E+003  0.65682845E+003
 -0.82433453E+000 -0.64308120E+000 -0.27719906E+000 -0.66076775E-004  0.84371452E-001  0.17428295E+001  0.12063798E+002  0.59173118E+002  0.13400207E+003  0.34790473E+003  0.65682845E+003
 -0.82433455E+000 -0.64308123E+000 -0.27719908E+000 -0.66076783E-004  0.84371443E-001  0.17428290E+001  0.12063788E+002  0.59173118E+002  0.13400207E+003  0.34790472E+003  0.65682845E+003
 -0.82433456E+000 -0.64308126E+000 -0.27719909E+000 -0.66076791E-004  0.84371434E-001  0.17428286E+001  0.12063778E+002  0.59173118E+002  0.13400207E+003  0.34790472E+003  0.65682845E+003
 -0.82433457E+000 -0.64308129E+000 -0.27719910E+000 -0.66076797E-004  0.84371425E-001  0.17428282E+001  0.12063769E+002  0.59173118E+002  0.13400207E+003  0.34790472E+003  0.65682845E+003
 -0.82433459E+000 -0.64308132E+000 -0.27719911E+000 -0.66076803E-004  0.84371418E-001  0.17428279E+001  0.12063760E+002  0.59173118E+002  0.13400207E+003  0.34790472E+003  0.65682845E+003
 -0.82433460E+000 -0.64308134E+000 -0.27719911E+000 -0.66076809E-004  0.84371411E-001  0.17428275E+001  0.12063752E+002  0.59173118E+002  0.13400207E+003  0.34790472E+003  0.65682845E+003
 -0.82433461E+000 -0.64308136E+000 -0.27719912E+000 -0.66076814E-004  0.84371405E-001  0.17428272E+001  0.12063745E+002  0.59173118E+002  0.13400207E+003  0.34790472E+003  0.65682845E+003
 -0.82433462E+000 -0.64308138E+000 -0.27719913E+000 -0.66076819E-004  0.84371399E-001  0.17428270E+001  0.12063737E+002  0.59173118E+002  0.13400207E+003  0.34790472E+003  0.65682845E+003
 -0.82433463E+000 -0.64308140E+000 -0.27719914E+000 -0.66076823E-004  0.84371394E-001  0.17428267E+001  0.12063731E+002  0.59173118E+002  0.13400207E+003  0.34790472E+003  0.65682845E+003
 -0.82433463E+000 -0.64308142E+000 -0.27719914E+000 -0.66076827E-004  0.84371389E-001  0.17428265E+001  0.12063725E+002  0.59173118E+002  0.13400207E+003  0.34790472E+003  0.65682845E+003
 -0.82433464E+000 -0.64308143E+000 -0.27719915E+000 -0.66076831E-004  0.84371384E-001  0.17428263E+001  0.12063719E+002  0.59173118E+002  0.13400207E+003  0.34790472E+003  0.65682844E+003
 -0.82433465E+000 -0.64308145E+000 -0.27719915E+000 -0.66076835E-004  0.84371380E-001  0.17428261E+001  0.12063713E+002  0.59173118E+002  0.13400207E+003  0.34790472E+003  0.65682844E+003
 -0.82433465E+000 -0.64308146E+000 -0.27719916E+000 -0.66076838E-004  0.84371376E-001  0.17428259E+001  0.12063708E+002  0.59173118E+002  0.13400207E+003  0.34790472E+003  0.65682844E+003
 -0.82433466E+000 -0.64308147E+000 -0.27719916E+000 -0.66076840E-004  0.84371373E-001  0.17428257E+001  0.12063703E+002  0.59173118E+002  0.13400207E+003  0.34790472E+003  0.65682844E+003
 -0.82433466E+000 -0.64308148E+000 -0.27719916E+000 -0.66076843E-004  0.84371370E-001  0.17428256E+001  0.12063699E+002  0.59173118E+002  0.13400207E+003  0.34790472E+003  0.65682844E+003
 -0.82433467E+000 -0.64308149E+000 -0.27719917E+000 -0.66076846E-004  0.84371367E-001  0.17428255E+001  0.12063695E+002  0.59173118E+002  0.13400207E+003  0.34790472E+003  0.65682844E+003
 -0.82433467E+000 -0.64308150E+000 -0.27719917E+000 -0.66076848E-004  0.84371364E-001  0.17428253E+001  0.12063691E+002  0.59173118E+002  0.13400207E+003  0.34790472E+003  0.65682844E+003
 -0.82433468E+000 -0.64308151E+000 -0.27719917E+000 -0.66076850E-004  0.84371362E-001  0.17428252E+001  0.12063688E+002  0.59173118E+002  0.13400207E+003  0.34790472E+003  0.65682844E+003
 -0.82433468E+000 -0.64308152E+000 -0.27719918E+000 -0.66076852E-004  0.84371360E-001  0.17428251E+001  0.12063684E+002  0.59173118E+002  0.13400207E+003  0.34790472E+003  0.65682844E+003
 -0.82433469E+000 -0.64308153E+000 -0.27719918E+000 -0.66076853E-004  0.84371358E-001  0.17428250E+001  0.12063681E+002  0.59173118E+002  0.13400207E+003  0.34790472E+003  0.65682844E+003
 -0.82433469E+000 -0.64308153E+000 -0.27719918E+000 -0.66076855E-004  0.84371356E-001  0.17428250E+001  0.12063679E+002  0.59173118E+002  0.13400207E+003  0.34790472E+003  0.65682844E+003
 -0.82433469E+000 -0.64308154E+000 -0.27719918E+000 -0.66076856E-004  0.84371354E-001  0.17428249E+001  0.12063676E+002  0.59173118E+002  0.13400207E+003  0.34790472E+003  0.65682844E+003
 -0.82433469E+000 -0.64308155E+000 -0.27719919E+000 -0.66076858E-004  0.84371353E-001  0.17428248E+001  0.12063674E+002  0.59173118E+002  0.13400207E+003  0.34790472E+003  0.65682844E+003
 -0.82433470E+000 -0.64308155E+000 -0.27719919E+000 -0.66076859E-004  0.84371351E-001  0.17428247E+001  0.12063671E+002  0.59173118E+002  0.13400207E+003  0.34790472E+003  0.65682844E+003
 -0.82433470E+000 -0.64308156E+000 -0.27719919E+000 -0.66076860E-004  0.84371350E-001  0.17428247E+001  0.12063669E+002  0.59173118E+002  0.13400207E+003  0.34790472E+003  0.65682844E+003
 -0.82433470E+000 -0.64308156E+000 -0.27719919E+000 -0.66076861E-004  0.84371349E-001  0.17428246E+001  0.12063667E+002  0.59173118E+002  0.13400207E+003  0.34790472E+003  0.65682843E+003
 -0.82433471E+000 -0.64308157E+000 -0.27719919E+000 -0.66076862E-004  0.84371348E-001  0.17428246E+001  0.12063666E+002  0.59173118E+002  0.13400207E+003  0.34790472E+003  0.65682843E+003
 -0.82433471E+000 -0.64308157E+000 -0.27719919E+000 -0.66076863E-004  0.84371347E-001  0.17428245E+001  0.12063664E+002  0.59173118E+002  0.13400207E+003  0.34790472E+003  0.65682843E+003
 -0.82433471E+000 -0.64308158E+000 -0.27719920E+000 -0.66076864E-004  0.84371346E-001  0.17428245E+001  0.12063663E+002  0.59173118E+002  0.13400207E+003  0.34790472E+003  0.65682843E+003
 -0.82433472E+000 -0.64308159E+000 -0.27719920E+000 -0.66076866E-004  0.84371344E-001  0.17428245E+001  0.12063661E+002  0.59173118E+002  0.13400207E+003  0.34790472E+003  0.65682843E+003
 -0.82433472E+000 -0.64308159E+000 -0.27719920E+000 -0.66076871E-004  0.84371343E-001  0.17428244E+001  0.12063660E+002  0.59173118E+002  0.13400207E+003  0.34790472E+003  0.65682843E+003
 -0.82433470E+000 -0.64308156E+000 -0.27719919E+000 -0.66076869E-004  0.84371344E-001  0.17428244E+001  0.12063659E+002  0.59173118E+002  0.13400207E+003  0.34790472E+003  0.65682843E+003
