 -0.93136838E+000 -0.83200798E+000 -0.54954850E+000 -0.18462065E+000 -0.52196989E-002  0.96542082E-003  0.91442160E+000  0.45470511E+001  0.88191833E+001  0.15860427E+002  0.21714189E+002
 -0.93056592E+000 -0.83096090E+000 -0.54787250E+000 -0.18260076E+000 -0.47678508E-002  0.10202586E-002  0.91593099E+000  0.45489471E+001  0.88208527E+001  0.15862750E+002  0.21715964E+002
 -0.92992512E+000 -0.83010852E+000 -0.54648037E+000 -0.18097533E+000 -0.46366372E-002  0.10329353E-002  0.91715268E+000  0.45505349E+001  0.88222602E+001  0.15864699E+002  0.21717458E+002
 -0.92942178E+000 -0.82942545E+000 -0.54534067E+000 -0.17968110E+000 -0.46193837E-002  0.10349548E-002  0.91813419E+000  0.45518564E+001  0.88234438E+001  0.15866329E+002  0.21718712E+002
 -0.92903380E+000 -0.82888784E+000 -0.54441923E+000 -0.17866462E+000 -0.46422540E-002  0.10332329E-002  0.91891628E+000  0.45529474E+001  0.88244362E+001  0.15867686E+002  0.21719763E+002
 -0.92874062E+000 -0.82847347E+000 -0.54368382E+000 -0.17788144E+000 -0.46783360E-002  0.10301473E-002  0.91953275E+000  0.45538398E+001  0.88252647E+001  0.15868813E+002  0.21720641E+002
 -0.92852532E+000 -0.82816205E+000 -0.54310575E+000 -0.17729416E+000 -0.47197873E-002  0.10265439E-002  0.92001153E+000  0.45545616E+001  0.88259528E+001  0.15869744E+002  0.21721373E+002
 -0.92837245E+000 -0.82793642E+000 -0.54266023E+000 -0.17687113E+000 -0.47628286E-002  0.10227304E-002  0.92037568E+000  0.45551375E+001  0.88265199E+001  0.15870507E+002  0.21721980E+002
 -0.92827094E+000 -0.82778086E+000 -0.54232605E+000 -0.17658463E+000 -0.48043516E-002  0.10189314E-002  0.92064437E+000  0.45555893E+001  0.88269828E+001  0.15871130E+002  0.21722481E+002
 -0.92821047E+000 -0.82768216E+000 -0.54208635E+000 -0.17641110E+000 -0.48431959E-002  0.10152889E-002  0.92083354E+000  0.45559358E+001  0.88273557E+001  0.15871631E+002  0.21722893E+002
 -0.92818264E+000 -0.82762948E+000 -0.54192596E+000 -0.17633133E+000 -0.48786866E-002  0.10118340E-002  0.92095646E+000  0.45561933E+001  0.88276509E+001  0.15872030E+002  0.21723227E+002
 -0.92818066E+000 -0.82761341E+000 -0.54183196E+000 -0.17632902E+000 -0.49107989E-002  0.10085791E-002  0.92102424E+000  0.45563759E+001  0.88278789E+001  0.15872341E+002  0.21723496E+002
 -0.92819862E+000 -0.82762656E+000 -0.54179338E+000 -0.17639036E+000 -0.49398358E-002  0.10055312E-002  0.92104615E+000  0.45564951E+001  0.88280488E+001  0.15872577E+002  0.21723709E+002
 -0.92823204E+000 -0.82766273E+000 -0.54180100E+000 -0.17650357E+000 -0.49660610E-002  0.10026863E-002  0.92102997E+000  0.45565609E+001  0.88281687E+001  0.15872748E+002  0.21723873E+002
 -0.92827733E+000 -0.82771685E+000 -0.54184750E+000 -0.17665876E+000 -0.49898064E-002  0.10000345E-002  0.92098221E+000  0.45565816E+001  0.88282454E+001  0.15872863E+002  0.21723996E+002
 -0.92833166E+000 -0.82778482E+000 -0.54192632E+000 -0.17684762E+000 -0.50114743E-002  0.99755371E-003  0.92090834E+000  0.45565641E+001  0.88282849E+001  0.15872931E+002  0.21724084E+002
 -0.92839288E+000 -0.82786327E+000 -0.54203183E+000 -0.17706315E+000 -0.50313507E-002  0.99522665E-003  0.92081295E+000  0.45565142E+001  0.88282925E+001  0.15872957E+002  0.21724140E+002
 -0.92845917E+000 -0.82794957E+000 -0.54215927E+000 -0.17729945E+000 -0.50496476E-002  0.99303993E-003  0.92069991E+000  0.45564367E+001  0.88282725E+001  0.15872947E+002  0.21724169E+002
 -0.92852913E+000 -0.82804172E+000 -0.54230460E+000 -0.17755155E+000 -0.50665264E-002  0.99098282E-003  0.92057246E+000  0.45563358E+001  0.88282288E+001  0.15872906E+002  0.21724175E+002
 -0.92860176E+000 -0.82813802E+000 -0.54246442E+000 -0.17781524E+000 -0.50821160E-002  0.98904628E-003  0.92043334E+000  0.45562150E+001  0.88281646E+001  0.15872837E+002  0.21724160E+002
 -0.92867629E+000 -0.82823712E+000 -0.54263583E+000 -0.17808695E+000 -0.50965143E-002  0.98722352E-003  0.92028487E+000  0.45560772E+001  0.88280829E+001  0.15872744E+002  0.21724126E+002
 -0.92875204E+000 -0.82833801E+000 -0.54281641E+000 -0.17836368E+000 -0.51097996E-002  0.98550933E-003  0.92012899E+000  0.45559249E+001  0.88279858E+001  0.15872629E+002  0.21724076E+002
 -0.92882850E+000 -0.82843993E+000 -0.54300410E+000 -0.17864292E+000 -0.51220337E-002  0.98390043E-003  0.91996734E+000  0.45557604E+001  0.88278755E+001  0.15872496E+002  0.21724012E+002
 -0.92890526E+000 -0.82854229E+000 -0.54319715E+000 -0.17892253E+000 -0.51332832E-002  0.98239160E-003  0.91980133E+000  0.45555853E+001  0.88277537E+001  0.15872345E+002  0.21723934E+002
 -0.92898203E+000 -0.82864466E+000 -0.54339409E+000 -0.17920068E+000 -0.51435966E-002  0.98097930E-003  0.91963215E+000  0.45554015E+001  0.88276219E+001  0.15872180E+002  0.21723843E+002
 -0.92905855E+000 -0.82874673E+000 -0.54359368E+000 -0.17947582E+000 -0.51530172E-002  0.97966060E-003  0.91946079E+000  0.45552102E+001  0.88274812E+001  0.15872001E+002  0.21723742E+002
 -0.92913464E+000 -0.82884825E+000 -0.54379489E+000 -0.17974662E+000 -0.51615883E-002  0.97843252E-003  0.91928812E+000  0.45550127E+001  0.88273326E+001  0.15871811E+002  0.21723631E+002
 -0.92921017E+000 -0.82894908E+000 -0.54399681E+000 -0.18001196E+000 -0.51693530E-002  0.97729204E-003  0.91911489E+000  0.45548101E+001  0.88271772E+001  0.15871609E+002  0.21723509E+002
 -0.92928502E+000 -0.82904913E+000 -0.54419871E+000 -0.18027087E+000 -0.51759292E-002  0.97628264E-003  0.91894170E+000  0.45546034E+001  0.88270156E+001  0.15871397E+002  0.21723379E+002
 -0.92935913E+000 -0.82914832E+000 -0.54439997E+000 -0.18052256E+000 -0.51814813E-002  0.97538750E-003  0.91876913E+000  0.45543934E+001  0.88268484E+001  0.15871176E+002  0.21723240E+002
 -0.92943242E+000 -0.82924664E+000 -0.54460005E+000 -0.18076635E+000 -0.51861697E-002  0.97459039E-003  0.91859762E+000  0.45541809E+001  0.88266762E+001  0.15870948E+002  0.21723093E+002
 -0.92950486E+000 -0.82934409E+000 -0.54479851E+000 -0.18100170E+000 -0.51901348E-002  0.97387726E-003  0.91842760E+000  0.45539665E+001  0.88264994E+001  0.15870712E+002  0.21722938E+002
 -0.92957640E+000 -0.82944066E+000 -0.54499497E+000 -0.18122816E+000 -0.51934976E-002  0.97323601E-003  0.91825943E+000  0.45537509E+001  0.88263184E+001  0.15870469E+002  0.21722775E+002
 -0.92964702E+000 -0.82953637E+000 -0.54518911E+000 -0.18144541E+000 -0.51963607E-002  0.97265631E-003  0.91809341E+000  0.45535345E+001  0.88261336E+001  0.15870221E+002  0.21722604E+002
 -0.92971671E+000 -0.82963125E+000 -0.54538066E+000 -0.18165321E+000 -0.51988100E-002  0.97212943E-003  0.91792982E+000  0.45533179E+001  0.88259454E+001  0.15869968E+002  0.21722426E+002
 -0.92978545E+000 -0.82972530E+000 -0.54556937E+000 -0.18185144E+000 -0.52009176E-002  0.97164802E-003  0.91776892E+000  0.45531015E+001  0.88257539E+001  0.15869710E+002  0.21722241E+002
 -0.92985321E+000 -0.82981853E+000 -0.54575505E+000 -0.18204003E+000 -0.52027427E-002  0.97120592E-003  0.91761093E+000  0.45528857E+001  0.88255596E+001  0.15869449E+002  0.21722049E+002
 -0.92991999E+000 -0.82991094E+000 -0.54593750E+000 -0.18221901E+000 -0.52043342E-002  0.97079799E-003  0.91745604E+000  0.45526708E+001  0.88253628E+001  0.15869184E+002  0.21721850E+002
 -0.92998577E+000 -0.83000252E+000 -0.54611656E+000 -0.18238849E+000 -0.52057324E-002  0.97041997E-003  0.91730444E+000  0.45524572E+001  0.88251637E+001  0.15868916E+002  0.21721645E+002
 -0.93005053E+000 -0.83009322E+000 -0.54629205E+000 -0.18254861E+000 -0.52069695E-002  0.97006835E-003  0.91715629E+000  0.45522451E+001  0.88249627E+001  0.15868647E+002  0.21721433E+002
 -0.93011424E+000 -0.83018302E+000 -0.54646381E+000 -0.18269961E+000 -0.52080723E-002  0.96974024E-003  0.91701174E+000  0.45520349E+001  0.88247602E+001  0.15868376E+002  0.21721215E+002
 -0.93017688E+000 -0.83027182E+000 -0.54663171E+000 -0.18284173E+000 -0.52090618E-002  0.96943326E-003  0.91687093E+000  0.45518268E+001  0.88245565E+001  0.15868103E+002  0.21720992E+002
 -0.93023841E+000 -0.83035956E+000 -0.54679557E+000 -0.18297529E+000 -0.52099555E-002  0.96914545E-003  0.91673398E+000  0.45516210E+001  0.88243520E+001  0.15867830E+002  0.21720763E+002
 -0.93029878E+000 -0.83044613E+000 -0.54695525E+000 -0.18310061E+000 -0.52107671E-002  0.96887522E-003  0.91660101E+000  0.45514178E+001  0.88241473E+001  0.15867557E+002  0.21720530E+002
 -0.93035795E+000 -0.83053141E+000 -0.54711059E+000 -0.18321804E+000 -0.52115079E-002  0.96862124E-003  0.91647213E+000  0.45512175E+001  0.88239426E+001  0.15867283E+002  0.21720293E+002
 -0.93041586E+000 -0.83061527E+000 -0.54726143E+000 -0.18332794E+000 -0.52121869E-002  0.96838241E-003  0.91634741E+000  0.45510202E+001  0.88237385E+001  0.15867011E+002  0.21720053E+002
 -0.93047245E+000 -0.83069755E+000 -0.54740762E+000 -0.18343068E+000 -0.52128112E-002  0.96815783E-003  0.91622695E+000  0.45508262E+001  0.88235354E+001  0.15866739E+002  0.21719810E+002
 -0.93052765E+000 -0.83077810E+000 -0.54754900E+000 -0.18352663E+000 -0.52133869E-002  0.96794673E-003  0.91611082E+000  0.45506357E+001  0.88233339E+001  0.15866468E+002  0.21719565E+002
 -0.93058138E+000 -0.83085675E+000 -0.54768543E+000 -0.18361613E+000 -0.52139188E-002  0.96774842E-003  0.91599907E+000  0.45504490E+001  0.88231343E+001  0.15866198E+002  0.21719320E+002
 -0.93063356E+000 -0.83093333E+000 -0.54781676E+000 -0.18369955E+000 -0.52144109E-002  0.96756233E-003  0.91589175E+000  0.45502662E+001  0.88229371E+001  0.15865931E+002  0.21719074E+002
 -0.93068412E+000 -0.83100766E+000 -0.54794287E+000 -0.18377720E+000 -0.52148664E-002  0.96738793E-003  0.91578889E+000  0.45500876E+001  0.88227428E+001  0.15865666E+002  0.21718829E+002
 -0.93073298E+000 -0.83107959E+000 -0.54806365E+000 -0.18384942E+000 -0.52152882E-002  0.96722475E-003  0.91569050E+000  0.45499134E+001  0.88225517E+001  0.15865403E+002  0.21718585E+002
 -0.93078006E+000 -0.83114895E+000 -0.54817899E+000 -0.18391650E+000 -0.52156787E-002  0.96707232E-003  0.91559660E+000  0.45497437E+001  0.88223642E+001  0.15865143E+002  0.21718343E+002
 -0.93082529E+000 -0.83121560E+000 -0.54828882E+000 -0.18397874E+000 -0.52160401E-002  0.96693019E-003  0.91550718E+000  0.45495788E+001  0.88221807E+001  0.15864887E+002  0.21718105E+002
 -0.93086859E+000 -0.83127939E+000 -0.54839308E+000 -0.18403640E+000 -0.52163742E-002  0.96679793E-003  0.91542220E+000  0.45494187E+001  0.88220015E+001  0.15864635E+002  0.21717870E+002
 -0.93090990E+000 -0.83134022E+000 -0.54849174E+000 -0.18408976E+000 -0.52166827E-002  0.96667513E-003  0.91534163E+000  0.45492638E+001  0.88218268E+001  0.15864387E+002  0.21717640E+002
 -0.93094919E+000 -0.83139800E+000 -0.54858479E+000 -0.18413905E+000 -0.52169671E-002  0.96656134E-003  0.91526542E+000  0.45491140E+001  0.88216570E+001  0.15864144E+002  0.21717415E+002
 -0.93098639E+000 -0.83145264E+000 -0.54867226E+000 -0.18418451E+000 -0.52172289E-002  0.96645617E-003  0.91519349E+000  0.45489696E+001  0.88214923E+001  0.15863906E+002  0.21717195E+002
 -0.93102150E+000 -0.83150410E+000 -0.54875420E+000 -0.18422636E+000 -0.52174693E-002  0.96635917E-003  0.91512577E+000  0.45488306E+001  0.88213328E+001  0.15863674E+002  0.21716981E+002
 -0.93105448E+000 -0.83155236E+000 -0.54883067E+000 -0.18426482E+000 -0.52176896E-002  0.96626993E-003  0.91506217E+000  0.45486971E+001  0.88211788E+001  0.15863448E+002  0.21716775E+002
 -0.93108535E+000 -0.83159743E+000 -0.54890178E+000 -0.18430010E+000 -0.52178910E-002  0.96618802E-003  0.91500256E+000  0.45485692E+001  0.88210303E+001  0.15863228E+002  0.21716575E+002
 -0.93111412E+000 -0.83163932E+000 -0.54896767E+000 -0.18433239E+000 -0.52180748E-002  0.96611301E-003  0.91494685E+000  0.45484470E+001  0.88208876E+001  0.15863016E+002  0.21716383E+002
 -0.93114081E+000 -0.83167809E+000 -0.54902847E+000 -0.18436188E+000 -0.52182421E-002  0.96604448E-003  0.91489489E+000  0.45483304E+001  0.88207506E+001  0.15862811E+002  0.21716198E+002
 -0.93116546E+000 -0.83171382E+000 -0.54908438E+000 -0.18438876E+000 -0.52183938E-002  0.96598202E-003  0.91484654E+000  0.45482194E+001  0.88206197E+001  0.15862614E+002  0.21716022E+002
 -0.93118813E+000 -0.83174660E+000 -0.54913557E+000 -0.18441320E+000 -0.52185313E-002  0.96592522E-003  0.91480167E+000  0.45481141E+001  0.88204946E+001  0.15862425E+002  0.21715854E+002
 -0.93120889E+000 -0.83177653E+000 -0.54918228E+000 -0.18443538E+000 -0.52186554E-002  0.96587368E-003  0.91476012E+000  0.45480144E+001  0.88203757E+001  0.15862244E+002  0.21715694E+002
 -0.93122780E+000 -0.83180375E+000 -0.54922471E+000 -0.18445545E+000 -0.52187672E-002  0.96582701E-003  0.91472174E+000  0.45479202E+001  0.88202628E+001  0.15862072E+002  0.21715544E+002
 -0.93124496E+000 -0.83182838E+000 -0.54926311E+000 -0.18447358E+000 -0.52188677E-002  0.96578482E-003  0.91468635E+000  0.45478316E+001  0.88201559E+001  0.15861909E+002  0.21715401E+002
 -0.93126045E+000 -0.83185059E+000 -0.54929773E+000 -0.18448991E+000 -0.52189578E-002  0.96574678E-003  0.91465382E+000  0.45477484E+001  0.88200551E+001  0.15861755E+002  0.21715268E+002
 -0.93127438E+000 -0.83187052E+000 -0.54932881E+000 -0.18450459E+000 -0.52190386E-002  0.96571252E-003  0.91462396E+000  0.45476704E+001  0.88199604E+001  0.15861610E+002  0.21715143E+002
 -0.93128684E+000 -0.83188833E+000 -0.54935660E+000 -0.18451776E+000 -0.52191106E-002  0.96568172E-003  0.91459664E+000  0.45475977E+001  0.88198715E+001  0.15861474E+002  0.21715026E+002
 -0.93129794E+000 -0.83190418E+000 -0.54938137E+000 -0.18452953E+000 -0.52191749E-002  0.96565408E-003  0.91457168E+000  0.45475301E+001  0.88197886E+001  0.15861348E+002  0.21714918E+002
 -0.93130778E+000 -0.83191823E+000 -0.54940334E+000 -0.18454004E+000 -0.52192321E-002  0.96562931E-003  0.91454894E+000  0.45474673E+001  0.88197114E+001  0.15861230E+002  0.21714818E+002
 -0.93131646E+000 -0.83193063E+000 -0.54942277E+000 -0.18454940E+000 -0.52192830E-002  0.96560714E-003  0.91452827E+000  0.45474094E+001  0.88196399E+001  0.15861121E+002  0.21714726E+002
 -0.93132409E+000 -0.83194154E+000 -0.54943988E+000 -0.18455771E+000 -0.52193281E-002  0.96558733E-003  0.91450954E+000  0.45473560E+001  0.88195739E+001  0.15861020E+002  0.21714641E+002
 -0.93133077E+000 -0.83195108E+000 -0.54945489E+000 -0.18456508E+000 -0.52193680E-002  0.96556965E-003  0.91449261E+000  0.45473071E+001  0.88195132E+001  0.15860928E+002  0.21714564E+002
 -0.93133658E+000 -0.83195941E+000 -0.54946801E+000 -0.18457159E+000 -0.52194032E-002  0.96555391E-003  0.91447734E+000  0.45472625E+001  0.88194576E+001  0.15860844E+002  0.21714495E+002
 -0.93134161E+000 -0.83196665E+000 -0.54947944E+000 -0.18457734E+000 -0.52194343E-002  0.96553991E-003  0.91446363E+000  0.45472219E+001  0.88194070E+001  0.15860768E+002  0.21714431E+002
 -0.93134596E+000 -0.83197292E+000 -0.54948936E+000 -0.18458239E+000 -0.52194615E-002  0.96552750E-003  0.91445136E+000  0.45471851E+001  0.88193611E+001  0.15860699E+002  0.21714375E+002
 -0.93134970E+000 -0.83197832E+000 -0.54949793E+000 -0.18458682E+000 -0.52194854E-002  0.96551651E-003  0.91444042E+000  0.45471520E+001  0.88193197E+001  0.15860637E+002  0.21714324E+002
 -0.93135289E+000 -0.83198296E+000 -0.54950531E+000 -0.18459070E+000 -0.52195061E-002  0.96550683E-003  0.91443070E+000  0.45471224E+001  0.88192826E+001  0.15860582E+002  0.21714279E+002
 -0.93135560E+000 -0.83198692E+000 -0.54951164E+000 -0.18459408E+000 -0.52195239E-002  0.96549833E-003  0.91442212E+000  0.45470960E+001  0.88192495E+001  0.15860533E+002  0.21714239E+002
 -0.93135790E+000 -0.83199030E+000 -0.54951705E+000 -0.18459702E+000 -0.52195393E-002  0.96549089E-003  0.91441459E+000  0.45470727E+001  0.88192202E+001  0.15860490E+002  0.21714204E+002
 -0.93135984E+000 -0.83199316E+000 -0.54952164E+000 -0.18459956E+000 -0.52195523E-002  0.96548442E-003  0.91440801E+000  0.45470521E+001  0.88191944E+001  0.15860452E+002  0.21714173E+002
 -0.93136146E+000 -0.83199558E+000 -0.54952553E+000 -0.18460176E+000 -0.52195633E-002  0.96547882E-003  0.91440230E+000  0.45470342E+001  0.88191718E+001  0.15860419E+002  0.21714147E+002
 -0.93136280E+000 -0.83199760E+000 -0.54952881E+000 -0.18460364E+000 -0.52195724E-002  0.96547402E-003  0.91439740E+000  0.45470187E+001  0.88191522E+001  0.15860391E+002  0.21714124E+002
 -0.93136392E+000 -0.83199929E+000 -0.54953155E+000 -0.18460525E+000 -0.52195798E-002  0.96546992E-003  0.91439323E+000  0.45470053E+001  0.88191354E+001  0.15860367E+002  0.21714105E+002
 -0.93136482E+000 -0.83200069E+000 -0.54953383E+000 -0.18460662E+000 -0.52195857E-002  0.96546647E-003  0.91438971E+000  0.45469940E+001  0.88191211E+001  0.15860346E+002  0.21714088E+002
 -0.93136556E+000 -0.83200184E+000 -0.54953572E+000 -0.18460778E+000 -0.52195903E-002  0.96546358E-003  0.91438679E+000  0.45469845E+001  0.88191090E+001  0.15860329E+002  0.21714075E+002
 -0.93136615E+000 -0.83200277E+000 -0.54953726E+000 -0.18460875E+000 -0.52195937E-002  0.96546120E-003  0.91438441E+000  0.45469766E+001  0.88190990E+001  0.15860315E+002  0.21714064E+002
 -0.93136662E+000 -0.83200353E+000 -0.54953852E+000 -0.18460957E+000 -0.52195961E-002  0.96545926E-003  0.91438250E+000  0.45469701E+001  0.88190908E+001  0.15860303E+002  0.21714054E+002
 -0.93136698E+000 -0.83200412E+000 -0.54953953E+000 -0.18461024E+000 -0.52195977E-002  0.96545771E-003  0.91438101E+000  0.45469649E+001  0.88190842E+001  0.15860294E+002  0.21714047E+002
 -0.93136726E+000 -0.83200459E+000 -0.54954033E+000 -0.18461079E+000 -0.52195985E-002  0.96545649E-003  0.91437989E+000  0.45469609E+001  0.88190790E+001  0.15860287E+002  0.21714042E+002
 -0.93136746E+000 -0.83200495E+000 -0.54954096E+000 -0.18461125E+000 -0.52195988E-002  0.96545556E-003  0.91437910E+000  0.45469579E+001  0.88190751E+001  0.15860281E+002  0.21714038E+002
 -0.93136761E+000 -0.83200522E+000 -0.54954144E+000 -0.18461161E+000 -0.52195986E-002  0.96545487E-003  0.91437859E+000  0.45469557E+001  0.88190722E+001  0.15860277E+002  0.21714035E+002
 -0.93136770E+000 -0.83200542E+000 -0.54954180E+000 -0.18461191E+000 -0.52195980E-002  0.96545437E-003  0.91437831E+000  0.45469542E+001  0.88190703E+001  0.15860274E+002  0.21714033E+002
 -0.93136776E+000 -0.83200555E+000 -0.54954207E+000 -0.18461214E+000 -0.52195971E-002  0.96545403E-003  0.91437825E+000  0.45469534E+001  0.88190692E+001  0.15860273E+002  0.21714032E+002
 -0.93136778E+000 -0.83200564E+000 -0.54954225E+000 -0.18461233E+000 -0.52195961E-002  0.96545382E-003  0.91437835E+000  0.45469531E+001  0.88190687E+001  0.15860272E+002  0.21714032E+002
 -0.93136778E+000 -0.83200568E+000 -0.54954238E+000 -0.18461247E+000 -0.52195950E-002  0.96545370E-003  0.91437860E+000  0.45469533E+001  0.88190688E+001  0.15860272E+002  0.21714033E+002
 -0.93136777E+000 -0.83200570E+000 -0.54954245E+000 -0.18461258E+000 -0.52195938E-002  0.96545365E-003  0.91437897E+000  0.45469538E+001  0.88190693E+001  0.15860273E+002  0.21714034E+002
 -0.93136773E+000 -0.83200569E+000 -0.54954249E+000 -0.18461267E+000 -0.52195926E-002  0.96545364E-003  0.91437943E+000  0.45469546E+001  0.88190703E+001  0.15860274E+002  0.21714035E+002
 -0.93136769E+000 -0.83200566E+000 -0.54954250E+000 -0.18461273E+000 -0.52195915E-002  0.96545367E-003  0.91437997E+000  0.45469557E+001  0.88190715E+001  0.15860276E+002  0.21714037E+002
 -0.93136764E+000 -0.83200562E+000 -0.54954248E+000 -0.18461278E+000 -0.52195905E-002  0.96545370E-003  0.91438057E+000  0.45469569E+001  0.88190730E+001  0.15860278E+002  0.21714039E+002
 -0.93136758E+000 -0.83200557E+000 -0.54954246E+000 -0.18461283E+000 -0.52195895E-002  0.96545373E-003  0.91438121E+000  0.45469583E+001  0.88190746E+001  0.15860280E+002  0.21714041E+002
 -0.93136753E+000 -0.83200552E+000 -0.54954243E+000 -0.18461286E+000 -0.52195888E-002  0.96545375E-003  0.91438189E+000  0.45469598E+001  0.88190764E+001  0.15860282E+002  0.21714044E+002
 -0.93136747E+000 -0.83200546E+000 -0.54954239E+000 -0.18461289E+000 -0.52195881E-002  0.96545375E-003  0.91438259E+000  0.45469614E+001  0.88190783E+001  0.15860285E+002  0.21714046E+002
 -0.93136741E+000 -0.83200541E+000 -0.54954235E+000 -0.18461291E+000 -0.52195877E-002  0.96545372E-003  0.91438330E+000  0.45469630E+001  0.88190803E+001  0.15860288E+002  0.21714049E+002
 -0.93136736E+000 -0.83200535E+000 -0.54954232E+000 -0.18461294E+000 -0.52195874E-002  0.96545366E-003  0.91438402E+000  0.45469647E+001  0.88190823E+001  0.15860291E+002  0.21714052E+002
 -0.93136731E+000 -0.83200530E+000 -0.54954229E+000 -0.18461296E+000 -0.52195873E-002  0.96545357E-003  0.91438475E+000  0.45469663E+001  0.88190843E+001  0.15860293E+002  0.21714054E+002
 -0.93136726E+000 -0.83200526E+000 -0.54954226E+000 -0.18461299E+000 -0.52195874E-002  0.96545344E-003  0.91438548E+000  0.45469680E+001  0.88190864E+001  0.15860296E+002  0.21714057E+002
 -0.93136721E+000 -0.83200521E+000 -0.54954224E+000 -0.18461302E+000 -0.52195877E-002  0.96545327E-003  0.91438620E+000  0.45469697E+001  0.88190884E+001  0.15860299E+002  0.21714060E+002
 -0.93136717E+000 -0.83200518E+000 -0.54954223E+000 -0.18461306E+000 -0.52195882E-002  0.96545307E-003  0.91438692E+000  0.45469714E+001  0.88190905E+001  0.15860302E+002  0.21714062E+002
 -0.93136714E+000 -0.83200515E+000 -0.54954223E+000 -0.18461310E+000 -0.52195888E-002  0.96545284E-003  0.91438763E+000  0.45469730E+001  0.88190925E+001  0.15860305E+002  0.21714065E+002
 -0.93136710E+000 -0.83200512E+000 -0.54954223E+000 -0.18461314E+000 -0.52195895E-002  0.96545257E-003  0.91438834E+000  0.45469746E+001  0.88190944E+001  0.15860308E+002  0.21714068E+002
 -0.93136708E+000 -0.83200510E+000 -0.54954225E+000 -0.18461319E+000 -0.52195905E-002  0.96545227E-003  0.91438904E+000  0.45469762E+001  0.88190964E+001  0.15860310E+002  0.21714070E+002
 -0.93136705E+000 -0.83200509E+000 -0.54954227E+000 -0.18461324E+000 -0.52195915E-002  0.96545195E-003  0.91438973E+000  0.45469778E+001  0.88190983E+001  0.15860313E+002  0.21714073E+002
 -0.93136704E+000 -0.83200508E+000 -0.54954230E+000 -0.18461330E+000 -0.52195927E-002  0.96545160E-003  0.91439041E+000  0.45469794E+001  0.88191002E+001  0.15860316E+002  0.21714075E+002
 -0.93136702E+000 -0.83200508E+000 -0.54954234E+000 -0.18461337E+000 -0.52195941E-002  0.96545123E-003  0.91439109E+000  0.45469809E+001  0.88191020E+001  0.15860318E+002  0.21714078E+002
 -0.93136701E+000 -0.83200509E+000 -0.54954238E+000 -0.18461344E+000 -0.52195955E-002  0.96545085E-003  0.91439176E+000  0.45469824E+001  0.88191039E+001  0.15860321E+002  0.21714080E+002
 -0.93136700E+000 -0.83200510E+000 -0.54954244E+000 -0.18461351E+000 -0.52195971E-002  0.96545044E-003  0.91439243E+000  0.45469839E+001  0.88191057E+001  0.15860323E+002  0.21714082E+002
 -0.93136700E+000 -0.83200511E+000 -0.54954250E+000 -0.18461359E+000 -0.52195987E-002  0.96545003E-003  0.91439309E+000  0.45469853E+001  0.88191074E+001  0.15860326E+002  0.21714085E+002
 -0.93136700E+000 -0.83200513E+000 -0.54954257E+000 -0.18461368E+000 -0.52196004E-002  0.96544961E-003  0.91439375E+000  0.45469868E+001  0.88191092E+001  0.15860328E+002  0.21714087E+002
 -0.93136700E+000 -0.83200516E+000 -0.54954265E+000 -0.18461377E+000 -0.52196022E-002  0.96544918E-003  0.91439440E+000  0.45469882E+001  0.88191109E+001  0.15860331E+002  0.21714089E+002
 -0.93136701E+000 -0.83200519E+000 -0.54954273E+000 -0.18461386E+000 -0.52196041E-002  0.96544874E-003  0.91439505E+000  0.45469896E+001  0.88191125E+001  0.15860333E+002  0.21714091E+002
 -0.93136702E+000 -0.83200523E+000 -0.54954282E+000 -0.18461396E+000 -0.52196060E-002  0.96544831E-003  0.91439570E+000  0.45469910E+001  0.88191142E+001  0.15860336E+002  0.21714093E+002
 -0.93136704E+000 -0.83200527E+000 -0.54954291E+000 -0.18461407E+000 -0.52196080E-002  0.96544787E-003  0.91439634E+000  0.45469924E+001  0.88191159E+001  0.15860338E+002  0.21714096E+002
 -0.93136705E+000 -0.83200531E+000 -0.54954301E+000 -0.18461418E+000 -0.52196100E-002  0.96544744E-003  0.91439698E+000  0.45469937E+001  0.88191175E+001  0.15860340E+002  0.21714098E+002
 -0.93136707E+000 -0.83200536E+000 -0.54954312E+000 -0.18461429E+000 -0.52196120E-002  0.96544701E-003  0.91439763E+000  0.45469951E+001  0.88191191E+001  0.15860343E+002  0.21714100E+002
 -0.93136709E+000 -0.83200541E+000 -0.54954323E+000 -0.18461441E+000 -0.52196141E-002  0.96544659E-003  0.91439827E+000  0.45469964E+001  0.88191207E+001  0.15860345E+002  0.21714102E+002
 -0.93136712E+000 -0.83200546E+000 -0.54954334E+000 -0.18461454E+000 -0.52196162E-002  0.96544616E-003  0.91439891E+000  0.45469978E+001  0.88191223E+001  0.15860347E+002  0.21714104E+002
 -0.93136714E+000 -0.83200551E+000 -0.54954346E+000 -0.18461466E+000 -0.52196183E-002  0.96544575E-003  0.91439954E+000  0.45469991E+001  0.88191239E+001  0.15860349E+002  0.21714106E+002
 -0.93136717E+000 -0.83200557E+000 -0.54954358E+000 -0.18461479E+000 -0.52196204E-002  0.96544535E-003  0.91440018E+000  0.45470004E+001  0.88191254E+001  0.15860352E+002  0.21714108E+002
 -0.93136720E+000 -0.83200563E+000 -0.54954370E+000 -0.18461493E+000 -0.52196225E-002  0.96544495E-003  0.91440082E+000  0.45470018E+001  0.88191270E+001  0.15860354E+002  0.21714110E+002
 -0.93136723E+000 -0.83200569E+000 -0.54954383E+000 -0.18461506E+000 -0.52196246E-002  0.96544456E-003  0.91440145E+000  0.45470031E+001  0.88191286E+001  0.15860356E+002  0.21714112E+002
 -0.93136726E+000 -0.83200576E+000 -0.54954396E+000 -0.18461520E+000 -0.52196267E-002  0.96544417E-003  0.91440208E+000  0.45470044E+001  0.88191301E+001  0.15860358E+002  0.21714113E+002
 -0.93136729E+000 -0.83200582E+000 -0.54954409E+000 -0.18461534E+000 -0.52196288E-002  0.96544379E-003  0.91440271E+000  0.45470057E+001  0.88191317E+001  0.15860360E+002  0.21714115E+002
 -0.93136732E+000 -0.83200589E+000 -0.54954422E+000 -0.18461548E+000 -0.52196309E-002  0.96544342E-003  0.91440334E+000  0.45470070E+001  0.88191332E+001  0.15860362E+002  0.21714117E+002
 -0.93136736E+000 -0.83200596E+000 -0.54954435E+000 -0.18461563E+000 -0.52196330E-002  0.96544306E-003  0.91440396E+000  0.45470083E+001  0.88191347E+001  0.15860364E+002  0.21714119E+002
 -0.93136739E+000 -0.83200602E+000 -0.54954448E+000 -0.18461577E+000 -0.52196351E-002  0.96544270E-003  0.91440458E+000  0.45470096E+001  0.88191363E+001  0.15860367E+002  0.21714121E+002
 -0.93136743E+000 -0.83200609E+000 -0.54954461E+000 -0.18461592E+000 -0.52196371E-002  0.96544234E-003  0.91440519E+000  0.45470109E+001  0.88191378E+001  0.15860369E+002  0.21714123E+002
 -0.93136746E+000 -0.83200616E+000 -0.54954475E+000 -0.18461607E+000 -0.52196391E-002  0.96544199E-003  0.91440580E+000  0.45470122E+001  0.88191393E+001  0.15860371E+002  0.21714125E+002
 -0.93136750E+000 -0.83200623E+000 -0.54954488E+000 -0.18461622E+000 -0.52196411E-002  0.96544165E-003  0.91440641E+000  0.45470134E+001  0.88191408E+001  0.15860373E+002  0.21714126E+002
 -0.93136753E+000 -0.83200629E+000 -0.54954501E+000 -0.18461636E+000 -0.52196431E-002  0.96544130E-003  0.91440701E+000  0.45470147E+001  0.88191423E+001  0.15860375E+002  0.21714128E+002
 -0.93136756E+000 -0.83200636E+000 -0.54954514E+000 -0.18461651E+000 -0.52196450E-002  0.96544096E-003  0.91440760E+000  0.45470159E+001  0.88191437E+001  0.15860377E+002  0.21714130E+002
 -0.93136760E+000 -0.83200643E+000 -0.54954527E+000 -0.18461666E+000 -0.52196470E-002  0.96544061E-003  0.91440819E+000  0.45470172E+001  0.88191452E+001  0.15860379E+002  0.21714132E+002
 -0.93136763E+000 -0.83200649E+000 -0.54954540E+000 -0.18461680E+000 -0.52196488E-002  0.96544027E-003  0.91440876E+000  0.45470184E+001  0.88191467E+001  0.15860381E+002  0.21714133E+002
 -0.93136767E+000 -0.83200656E+000 -0.54954553E+000 -0.18461694E+000 -0.52196507E-002  0.96543993E-003  0.91440933E+000  0.45470196E+001  0.88191481E+001  0.15860383E+002  0.21714135E+002
 -0.93136770E+000 -0.83200662E+000 -0.54954565E+000 -0.18461709E+000 -0.52196525E-002  0.96543958E-003  0.91440989E+000  0.45470208E+001  0.88191495E+001  0.15860385E+002  0.21714137E+002
 -0.93136773E+000 -0.83200668E+000 -0.54954577E+000 -0.18461723E+000 -0.52196543E-002  0.96543923E-003  0.91441044E+000  0.45470220E+001  0.88191509E+001  0.15860387E+002  0.21714139E+002
 -0.93136776E+000 -0.83200674E+000 -0.54954589E+000 -0.18461736E+000 -0.52196560E-002  0.96543888E-003  0.91441098E+000  0.45470231E+001  0.88191523E+001  0.15860389E+002  0.21714140E+002
 -0.93136779E+000 -0.83200680E+000 -0.54954601E+000 -0.18461750E+000 -0.52196577E-002  0.96543853E-003  0.91441151E+000  0.45470243E+001  0.88191537E+001  0.15860391E+002  0.21714142E+002
 -0.93136782E+000 -0.83200686E+000 -0.54954612E+000 -0.18461763E+000 -0.52196594E-002  0.96543818E-003  0.91441203E+000  0.45470254E+001  0.88191550E+001  0.15860393E+002  0.21714144E+002
 -0.93136785E+000 -0.83200691E+000 -0.54954623E+000 -0.18461776E+000 -0.52196610E-002  0.96543782E-003  0.91441254E+000  0.45470265E+001  0.88191564E+001  0.15860395E+002  0.21714145E+002
 -0.93136788E+000 -0.83200697E+000 -0.54954634E+000 -0.18461789E+000 -0.52196626E-002  0.96543745E-003  0.91441303E+000  0.45470276E+001  0.88191577E+001  0.15860396E+002  0.21714147E+002
 -0.93136791E+000 -0.83200702E+000 -0.54954645E+000 -0.18461801E+000 -0.52196642E-002  0.96543709E-003  0.91441351E+000  0.45470287E+001  0.88191589E+001  0.15860398E+002  0.21714148E+002
 -0.93136793E+000 -0.83200707E+000 -0.54954655E+000 -0.18461813E+000 -0.52196657E-002  0.96543672E-003  0.91441398E+000  0.45470297E+001  0.88191602E+001  0.15860400E+002  0.21714150E+002
 -0.93136796E+000 -0.83200712E+000 -0.54954665E+000 -0.18461825E+000 -0.52196672E-002  0.96543634E-003  0.91441444E+000  0.45470307E+001  0.88191614E+001  0.15860402E+002  0.21714151E+002
 -0.93136798E+000 -0.83200717E+000 -0.54954674E+000 -0.18461837E+000 -0.52196686E-002  0.96543596E-003  0.91441489E+000  0.45470317E+001  0.88191626E+001  0.15860403E+002  0.21714153E+002
 -0.93136801E+000 -0.83200721E+000 -0.54954683E+000 -0.18461848E+000 -0.52196700E-002  0.96543558E-003  0.91441532E+000  0.45470327E+001  0.88191637E+001  0.15860405E+002  0.21714154E+002
 -0.93136803E+000 -0.83200726E+000 -0.54954692E+000 -0.18461859E+000 -0.52196713E-002  0.96543520E-003  0.91441573E+000  0.45470336E+001  0.88191649E+001  0.15860407E+002  0.21714156E+002
 -0.93136805E+000 -0.83200730E+000 -0.54954701E+000 -0.18461869E+000 -0.52196726E-002  0.96543481E-003  0.91441614E+000  0.45470345E+001  0.88191660E+001  0.15860408E+002  0.21714157E+002
 -0.93136807E+000 -0.83200734E+000 -0.54954709E+000 -0.18461879E+000 -0.52196739E-002  0.96543443E-003  0.91441653E+000  0.45470354E+001  0.88191670E+001  0.15860410E+002  0.21714158E+002
 -0.93136809E+000 -0.83200738E+000 -0.54954717E+000 -0.18461889E+000 -0.52196751E-002  0.96543404E-003  0.91441690E+000  0.45470362E+001  0.88191681E+001  0.15860411E+002  0.21714160E+002
 -0.93136811E+000 -0.83200741E+000 -0.54954724E+000 -0.18461898E+000 -0.52196763E-002  0.96543365E-003  0.91441727E+000  0.45470371E+001  0.88191691E+001  0.15860413E+002  0.21714161E+002
 -0.93136812E+000 -0.83200745E+000 -0.54954732E+000 -0.18461907E+000 -0.52196774E-002  0.96543326E-003  0.91441761E+000  0.45470379E+001  0.88191700E+001  0.15860414E+002  0.21714162E+002
 -0.93136814E+000 -0.83200748E+000 -0.54954739E+000 -0.18461915E+000 -0.52196785E-002  0.96543287E-003  0.91441795E+000  0.45470386E+001  0.88191710E+001  0.15860415E+002  0.21714164E+002
 -0.93136816E+000 -0.83200751E+000 -0.54954745E+000 -0.18461924E+000 -0.52196796E-002  0.96543248E-003  0.91441827E+000  0.45470394E+001  0.88191719E+001  0.15860417E+002  0.21714165E+002
 -0.93136817E+000 -0.83200754E+000 -0.54954751E+000 -0.18461932E+000 -0.52196806E-002  0.96543209E-003  0.91441858E+000  0.45470401E+001  0.88191727E+001  0.15860418E+002  0.21714166E+002
 -0.93136818E+000 -0.83200757E+000 -0.54954757E+000 -0.18461939E+000 -0.52196816E-002  0.96543170E-003  0.91441887E+000  0.45470408E+001  0.88191736E+001  0.15860419E+002  0.21714167E+002
 -0.93136820E+000 -0.83200760E+000 -0.54954763E+000 -0.18461946E+000 -0.52196825E-002  0.96543132E-003  0.91441915E+000  0.45470414E+001  0.88191743E+001  0.15860420E+002  0.21714168E+002
 -0.93136821E+000 -0.83200762E+000 -0.54954768E+000 -0.18461953E+000 -0.52196834E-002  0.96543094E-003  0.91441942E+000  0.45470421E+001  0.88191751E+001  0.15860421E+002  0.21714169E+002
 -0.93136822E+000 -0.83200765E+000 -0.54954774E+000 -0.18461960E+000 -0.52196843E-002  0.96543056E-003  0.91441968E+000  0.45470427E+001  0.88191758E+001  0.15860422E+002  0.21714170E+002
 -0.93136823E+000 -0.83200767E+000 -0.54954778E+000 -0.18461966E+000 -0.52196851E-002  0.96543019E-003  0.91441992E+000  0.45470433E+001  0.88191765E+001  0.15860423E+002  0.21714171E+002
 -0.93136824E+000 -0.83200769E+000 -0.54954783E+000 -0.18461972E+000 -0.52196858E-002  0.96542983E-003  0.91442015E+000  0.45470438E+001  0.88191772E+001  0.15860424E+002  0.21714172E+002
 -0.93136825E+000 -0.83200771E+000 -0.54954787E+000 -0.18461978E+000 -0.52196866E-002  0.96542947E-003  0.91442037E+000  0.45470444E+001  0.88191778E+001  0.15860425E+002  0.21714173E+002
 -0.93136826E+000 -0.83200773E+000 -0.54954791E+000 -0.18461983E+000 -0.52196873E-002  0.96542911E-003  0.91442058E+000  0.45470449E+001  0.88191784E+001  0.15860426E+002  0.21714174E+002
 -0.93136827E+000 -0.83200775E+000 -0.54954795E+000 -0.18461988E+000 -0.52196880E-002  0.96542877E-003  0.91442077E+000  0.45470453E+001  0.88191790E+001  0.15860427E+002  0.21714174E+002
 -0.93136828E+000 -0.83200776E+000 -0.54954799E+000 -0.18461993E+000 -0.52196886E-002  0.96542843E-003  0.91442095E+000  0.45470458E+001  0.88191795E+001  0.15860427E+002  0.21714175E+002
 -0.93136829E+000 -0.83200778E+000 -0.54954802E+000 -0.18461998E+000 -0.52196893E-002  0.96542809E-003  0.91442113E+000  0.45470462E+001  0.88191800E+001  0.15860428E+002  0.21714176E+002
 -0.93136829E+000 -0.83200779E+000 -0.54954806E+000 -0.18462002E+000 -0.52196898E-002  0.96542777E-003  0.91442129E+000  0.45470466E+001  0.88191805E+001  0.15860429E+002  0.21714177E+002
 -0.93136830E+000 -0.83200781E+000 -0.54954809E+000 -0.18462006E+000 -0.52196904E-002  0.96542745E-003  0.91442144E+000  0.45470470E+001  0.88191810E+001  0.15860429E+002  0.21714177E+002
 -0.93136831E+000 -0.83200782E+000 -0.54954812E+000 -0.18462010E+000 -0.52196909E-002  0.96542715E-003  0.91442159E+000  0.45470474E+001  0.88191814E+001  0.15860430E+002  0.21714178E+002
 -0.93136831E+000 -0.83200783E+000 -0.54954814E+000 -0.18462014E+000 -0.52196914E-002  0.96542685E-003  0.91442172E+000  0.45470478E+001  0.88191818E+001  0.15860431E+002  0.21714179E+002
 -0.93136832E+000 -0.83200784E+000 -0.54954817E+000 -0.18462017E+000 -0.52196919E-002  0.96542656E-003  0.91442184E+000  0.45470481E+001  0.88191822E+001  0.15860431E+002  0.21714179E+002
 -0.93136832E+000 -0.83200785E+000 -0.54954819E+000 -0.18462020E+000 -0.52196923E-002  0.96542627E-003  0.91442196E+000  0.45470484E+001  0.88191825E+001  0.15860431E+002  0.21714180E+002
 -0.93136833E+000 -0.83200786E+000 -0.54954821E+000 -0.18462023E+000 -0.52196928E-002  0.96542600E-003  0.91442206E+000  0.45470487E+001  0.88191828E+001  0.15860432E+002  0.21714180E+002
 -0.93136833E+000 -0.83200787E+000 -0.54954823E+000 -0.18462026E+000 -0.52196932E-002  0.96542574E-003  0.91442216E+000  0.45470490E+001  0.88191831E+001  0.15860432E+002  0.21714181E+002
 -0.93136833E+000 -0.83200788E+000 -0.54954825E+000 -0.18462029E+000 -0.52196935E-002  0.96542548E-003  0.91442225E+000  0.45470492E+001  0.88191834E+001  0.15860433E+002  0.21714181E+002
 -0.93136834E+000 -0.83200789E+000 -0.54954827E+000 -0.18462031E+000 -0.52196939E-002  0.96542524E-003  0.91442234E+000  0.45470495E+001  0.88191837E+001  0.15860433E+002  0.21714182E+002
 -0.93136834E+000 -0.83200790E+000 -0.54954829E+000 -0.18462034E+000 -0.52196942E-002  0.96542500E-003  0.91442241E+000  0.45470497E+001  0.88191839E+001  0.15860433E+002  0.21714182E+002
 -0.93136835E+000 -0.83200790E+000 -0.54954831E+000 -0.18462036E+000 -0.52196945E-002  0.96542478E-003  0.91442248E+000  0.45470499E+001  0.88191841E+001  0.15860433E+002  0.21714183E+002
 -0.93136835E+000 -0.83200791E+000 -0.54954832E+000 -0.18462038E+000 -0.52196948E-002  0.96542456E-003  0.91442254E+000  0.45470501E+001  0.88191843E+001  0.15860434E+002  0.21714183E+002
 -0.93136835E+000 -0.83200792E+000 -0.54954833E+000 -0.18462040E+000 -0.52196951E-002  0.96542435E-003  0.91442260E+000  0.45470503E+001  0.88191845E+001  0.15860434E+002  0.21714183E+002
 -0.93136835E+000 -0.83200792E+000 -0.54954835E+000 -0.18462042E+000 -0.52196954E-002  0.96542415E-003  0.91442265E+000  0.45470504E+001  0.88191847E+001  0.15860434E+002  0.21714184E+002
 -0.93136836E+000 -0.83200793E+000 -0.54954836E+000 -0.18462043E+000 -0.52196956E-002  0.96542396E-003  0.91442270E+000  0.45470506E+001  0.88191848E+001  0.15860434E+002  0.21714184E+002
 -0.93136836E+000 -0.83200793E+000 -0.54954837E+000 -0.18462045E+000 -0.52196959E-002  0.96542377E-003  0.91442273E+000  0.45470507E+001  0.88191850E+001  0.15860434E+002  0.21714184E+002
 -0.93136836E+000 -0.83200794E+000 -0.54954838E+000 -0.18462047E+000 -0.52196961E-002  0.96542359E-003  0.91442277E+000  0.45470509E+001  0.88191851E+001  0.15860434E+002  0.21714185E+002
 -0.93136836E+000 -0.83200794E+000 -0.54954839E+000 -0.18462048E+000 -0.52196964E-002  0.96542341E-003  0.91442280E+000  0.45470510E+001  0.88191852E+001  0.15860435E+002  0.21714185E+002
 -0.93136837E+000 -0.83200795E+000 -0.54954840E+000 -0.18462050E+000 -0.52196970E-002  0.96542319E-003  0.91442282E+000  0.45470511E+001  0.88191853E+001  0.15860435E+002  0.21714185E+002
 -0.93136836E+000 -0.83200794E+000 -0.54954840E+000 -0.18462050E+000 -0.52196970E-002  0.96542306E-003  0.91442285E+000  0.45470512E+001  0.88191854E+001  0.15860435E+002  0.21714185E+002
