  0.00000000E+000  0.00000000E+000  0.00000000E+000  0.00000000E+000  0.42174581E-001  0.36748790E+000  0.69433515E+001  0.46552187E+002  0.11381362E+003  0.30126422E+003  0.59143845E+003
  0.00000000E+000  0.00000000E+000  0.00000000E+000  0.00000000E+000  0.42179832E-001  0.36749389E+000  0.69435495E+001  0.46553472E+002  0.11381547E+003  0.30126652E+003  0.59144066E+003
  0.00000000E+000  0.00000000E+000  0.00000000E+000  0.00000000E+000  0.42184715E-001  0.36749974E+000  0.69437370E+001  0.46554724E+002  0.11381724E+003  0.30126870E+003  0.59144274E+003
  0.00000000E+000  0.00000000E+000  0.00000000E+000  0.00000000E+000  0.42189225E-001  0.36750541E+000  0.69439064E+001  0.46555860E+002  0.11381885E+003  0.30127067E+003  0.59144463E+003
  0.00000000E+000  0.00000000E+000  0.00000000E+000  0.00000000E+000  0.42193370E-001  0.36751086E+000  0.69440572E+001  0.46556862E+002  0.11382026E+003  0.30127242E+003  0.59144630E+003
  0.00000000E+000  0.00000000E+000  0.00000000E+000  0.00000000E+000  0.42197171E-001  0.36751610E+000  0.69441911E+001  0.46557735E+002  0.11382149E+003  0.30127394E+003  0.59144776E+003
  0.00000000E+000  0.00000000E+000  0.00000000E+000  0.00000000E+000  0.42200661E-001  0.36752113E+000  0.69443098E+001  0.46558491E+002  0.11382256E+003  0.30127526E+003  0.59144904E+003
  0.00000000E+000  0.00000000E+000  0.00000000E+000  0.00000000E+000  0.42203876E-001  0.36752592E+000  0.69444148E+001  0.46559146E+002  0.11382349E+003  0.30127639E+003  0.59145014E+003
  0.00000000E+000  0.00000000E+000  0.00000000E+000  0.00000000E+000  0.42206851E-001  0.36753050E+000  0.69445076E+001  0.46559712E+002  0.11382428E+003  0.30127737E+003  0.59145108E+003
  0.00000000E+000  0.00000000E+000  0.00000000E+000  0.00000000E+000  0.42209622E-001  0.36753487E+000  0.69445897E+001  0.46560202E+002  0.11382497E+003  0.30127821E+003  0.59145190E+003
  0.00000000E+000  0.00000000E+000  0.00000000E+000  0.00000000E+000  0.42212219E-001  0.36753905E+000  0.69446622E+001  0.46560627E+002  0.11382556E+003  0.30127894E+003  0.59145259E+003
  0.00000000E+000  0.00000000E+000  0.00000000E+000  0.00000000E+000  0.42214670E-001  0.36754305E+000  0.69447265E+001  0.46560996E+002  0.11382607E+003  0.30127956E+003  0.59145319E+003
  0.00000000E+000  0.00000000E+000  0.00000000E+000  0.00000000E+000  0.42216998E-001  0.36754689E+000  0.69447835E+001  0.46561316E+002  0.11382651E+003  0.30128009E+003  0.59145370E+003
  0.00000000E+000  0.00000000E+000  0.00000000E+000  0.00000000E+000  0.42219222E-001  0.36755058E+000  0.69448342E+001  0.46561595E+002  0.11382690E+003  0.30128055E+003  0.59145414E+003
  0.00000000E+000  0.00000000E+000  0.00000000E+000  0.00000000E+000  0.42221361E-001  0.36755414E+000  0.69448794E+001  0.46561838E+002  0.11382723E+003  0.30128095E+003  0.59145452E+003
  0.00000000E+000  0.00000000E+000  0.00000000E+000  0.00000000E+000  0.42223428E-001  0.36755758E+000  0.69449197E+001  0.46562051E+002  0.11382752E+003  0.30128129E+003  0.59145484E+003
  0.00000000E+000  0.00000000E+000  0.00000000E+000  0.00000000E+000  0.42225435E-001  0.36756090E+000  0.69449559E+001  0.46562237E+002  0.11382777E+003  0.30128159E+003  0.59145512E+003
  0.00000000E+000  0.00000000E+000  0.00000000E+000  0.00000000E+000  0.42227392E-001  0.36756414E+000  0.69449883E+001  0.46562400E+002  0.11382799E+003  0.30128185E+003  0.59145536E+003
  0.00000000E+000  0.00000000E+000  0.00000000E+000  0.00000000E+000  0.42229308E-001  0.36756727E+000  0.69450176E+001  0.46562543E+002  0.11382818E+003  0.30128207E+003  0.59145557E+003
  0.00000000E+000  0.00000000E+000  0.00000000E+000  0.00000000E+000  0.42231190E-001  0.36757033E+000  0.69450439E+001  0.46562669E+002  0.11382835E+003  0.30128227E+003  0.59145575E+003
  0.00000000E+000  0.00000000E+000  0.00000000E+000  0.00000000E+000  0.42233044E-001  0.36757331E+000  0.69450679E+001  0.46562780E+002  0.11382849E+003  0.30128244E+003  0.59145590E+003
  0.00000000E+000  0.00000000E+000  0.00000000E+000  0.00000000E+000  0.42234875E-001  0.36757621E+000  0.69450896E+001  0.46562878E+002  0.11382862E+003  0.30128259E+003  0.59145604E+003
  0.00000000E+000  0.00000000E+000  0.00000000E+000  0.00000000E+000  0.42236687E-001  0.36757904E+000  0.69451093E+001  0.46562964E+002  0.11382874E+003  0.30128272E+003  0.59145616E+003
  0.00000000E+000  0.00000000E+000  0.00000000E+000  0.00000000E+000  0.42238483E-001  0.36758181E+000  0.69451274E+001  0.46563041E+002  0.11382884E+003  0.30128284E+003  0.59145626E+003
  0.00000000E+000  0.00000000E+000  0.00000000E+000  0.00000000E+000  0.42240265E-001  0.36758452E+000  0.69451439E+001  0.46563109E+002  0.11382892E+003  0.30128294E+003  0.59145635E+003
  0.00000000E+000  0.00000000E+000  0.00000000E+000  0.00000000E+000  0.42242036E-001  0.36758717E+000  0.69451590E+001  0.46563169E+002  0.11382900E+003  0.30128304E+003  0.59145643E+003
  0.00000000E+000  0.00000000E+000  0.00000000E+000  0.00000000E+000  0.42243797E-001  0.36758976E+000  0.69451729E+001  0.46563223E+002  0.11382907E+003  0.30128312E+003  0.59145650E+003
  0.00000000E+000  0.00000000E+000  0.00000000E+000  0.00000000E+000  0.42245547E-001  0.36759229E+000  0.69451856E+001  0.46563270E+002  0.11382914E+003  0.30128320E+003  0.59145657E+003
  0.00000000E+000  0.00000000E+000  0.00000000E+000  0.00000000E+000  0.42247287E-001  0.36759477E+000  0.69451974E+001  0.46563313E+002  0.11382919E+003  0.30128327E+003  0.59145663E+003
  0.00000000E+000  0.00000000E+000  0.00000000E+000  0.00000000E+000  0.42249015E-001  0.36759719E+000  0.69452082E+001  0.46563350E+002  0.11382925E+003  0.30128333E+003  0.59145668E+003
  0.00000000E+000  0.00000000E+000  0.00000000E+000  0.00000000E+000  0.42250729E-001  0.36759955E+000  0.69452181E+001  0.46563384E+002  0.11382929E+003  0.30128340E+003  0.59145674E+003
  0.00000000E+000  0.00000000E+000  0.00000000E+000  0.00000000E+000  0.42252428E-001  0.36760186E+000  0.69452272E+001  0.46563414E+002  0.11382934E+003  0.30128345E+003  0.59145679E+003
  0.00000000E+000  0.00000000E+000  0.00000000E+000  0.00000000E+000  0.42254108E-001  0.36760411E+000  0.69452355E+001  0.46563440E+002  0.11382938E+003  0.30128351E+003  0.59145683E+003
  0.00000000E+000  0.00000000E+000  0.00000000E+000  0.00000000E+000  0.42255766E-001  0.36760630E+000  0.69452432E+001  0.46563464E+002  0.11382941E+003  0.30128357E+003  0.59145688E+003
  0.00000000E+000  0.00000000E+000  0.00000000E+000  0.00000000E+000  0.42257396E-001  0.36760843E+000  0.69452501E+001  0.46563485E+002  0.11382945E+003  0.30128362E+003  0.59145693E+003
  0.00000000E+000  0.00000000E+000  0.00000000E+000  0.00000000E+000  0.42258993E-001  0.36761050E+000  0.69452563E+001  0.46563503E+002  0.11382948E+003  0.30128368E+003  0.59145697E+003
  0.00000000E+000  0.00000000E+000  0.00000000E+000  0.00000000E+000  0.42260552E-001  0.36761251E+000  0.69452619E+001  0.46563519E+002  0.11382951E+003  0.30128373E+003  0.59145702E+003
  0.00000000E+000  0.00000000E+000  0.00000000E+000  0.00000000E+000  0.42262064E-001  0.36761445E+000  0.69452669E+001  0.46563533E+002  0.11382954E+003  0.30128379E+003  0.59145707E+003
  0.00000000E+000  0.00000000E+000  0.00000000E+000  0.00000000E+000  0.42263523E-001  0.36761632E+000  0.69452712E+001  0.46563546E+002  0.11382957E+003  0.30128385E+003  0.59145712E+003
  0.00000000E+000  0.00000000E+000  0.00000000E+000  0.00000000E+000  0.42264919E-001  0.36761813E+000  0.69452749E+001  0.46563556E+002  0.11382960E+003  0.30128391E+003  0.59145717E+003
  0.00000000E+000  0.00000000E+000  0.00000000E+000  0.00000000E+000  0.42266244E-001  0.36761986E+000  0.69452780E+001  0.46563565E+002  0.11382963E+003  0.30128397E+003  0.59145723E+003
  0.00000000E+000  0.00000000E+000  0.00000000E+000  0.00000000E+000  0.42267486E-001  0.36762152E+000  0.69452804E+001  0.46563572E+002  0.11382965E+003  0.30128403E+003  0.59145728E+003
  0.00000000E+000  0.00000000E+000  0.00000000E+000  0.00000000E+000  0.42268635E-001  0.36762311E+000  0.69452822E+001  0.46563578E+002  0.11382968E+003  0.30128409E+003  0.59145734E+003
  0.00000000E+000  0.00000000E+000  0.00000000E+000  0.00000000E+000  0.42269681E-001  0.36762462E+000  0.69452834E+001  0.46563582E+002  0.11382971E+003  0.30128416E+003  0.59145740E+003
  0.00000000E+000  0.00000000E+000  0.00000000E+000  0.00000000E+000  0.42270611E-001  0.36762604E+000  0.69452840E+001  0.46563585E+002  0.11382973E+003  0.30128423E+003  0.59145747E+003
  0.00000000E+000  0.00000000E+000  0.00000000E+000  0.00000000E+000  0.42271414E-001  0.36762739E+000  0.69452839E+001  0.46563586E+002  0.11382976E+003  0.30128431E+003  0.59145753E+003
  0.00000000E+000  0.00000000E+000  0.00000000E+000  0.00000000E+000  0.42272077E-001  0.36762865E+000  0.69452831E+001  0.46563586E+002  0.11382979E+003  0.30128438E+003  0.59145761E+003
  0.00000000E+000  0.00000000E+000  0.00000000E+000  0.00000000E+000  0.42272591E-001  0.36762984E+000  0.69452818E+001  0.46563584E+002  0.11382982E+003  0.30128446E+003  0.59145768E+003
  0.00000000E+000  0.00000000E+000  0.00000000E+000  0.00000000E+000  0.42272942E-001  0.36763093E+000  0.69452798E+001  0.46563582E+002  0.11382985E+003  0.30128455E+003  0.59145776E+003
  0.00000000E+000  0.00000000E+000  0.00000000E+000  0.00000000E+000  0.42273122E-001  0.36763194E+000  0.69452771E+001  0.46563578E+002  0.11382987E+003  0.30128463E+003  0.59145784E+003
  0.00000000E+000  0.00000000E+000  0.00000000E+000  0.00000000E+000  0.42273119E-001  0.36763286E+000  0.69452738E+001  0.46563573E+002  0.11382990E+003  0.30128472E+003  0.59145793E+003
  0.00000000E+000  0.00000000E+000  0.00000000E+000  0.00000000E+000  0.42272926E-001  0.36763370E+000  0.69452698E+001  0.46563566E+002  0.11382993E+003  0.30128482E+003  0.59145802E+003
  0.00000000E+000  0.00000000E+000  0.00000000E+000  0.00000000E+000  0.42272535E-001  0.36763446E+000  0.69452651E+001  0.46563558E+002  0.11382997E+003  0.30128492E+003  0.59145812E+003
  0.00000000E+000  0.00000000E+000  0.00000000E+000  0.00000000E+000  0.42271941E-001  0.36763513E+000  0.69452598E+001  0.46563549E+002  0.11383000E+003  0.30128502E+003  0.59145822E+003
  0.00000000E+000  0.00000000E+000  0.00000000E+000  0.00000000E+000  0.42271139E-001  0.36763572E+000  0.69452539E+001  0.46563539E+002  0.11383003E+003  0.30128513E+003  0.59145833E+003
  0.00000000E+000  0.00000000E+000  0.00000000E+000  0.00000000E+000  0.42270127E-001  0.36763623E+000  0.69452473E+001  0.46563528E+002  0.11383006E+003  0.30128524E+003  0.59145844E+003
  0.00000000E+000  0.00000000E+000  0.00000000E+000  0.00000000E+000  0.42268906E-001  0.36763667E+000  0.69452400E+001  0.46563515E+002  0.11383010E+003  0.30128536E+003  0.59145856E+003
  0.00000000E+000  0.00000000E+000  0.00000000E+000  0.00000000E+000  0.42267477E-001  0.36763703E+000  0.69452321E+001  0.46563501E+002  0.11383013E+003  0.30128548E+003  0.59145868E+003
  0.00000000E+000  0.00000000E+000  0.00000000E+000  0.00000000E+000  0.42265844E-001  0.36763734E+000  0.69452236E+001  0.46563485E+002  0.11383017E+003  0.30128561E+003  0.59145881E+003
  0.00000000E+000  0.00000000E+000  0.00000000E+000  0.00000000E+000  0.42264014E-001  0.36763758E+000  0.69452145E+001  0.46563468E+002  0.11383020E+003  0.30128574E+003  0.59145895E+003
  0.00000000E+000  0.00000000E+000  0.00000000E+000  0.00000000E+000  0.42261995E-001  0.36763777E+000  0.69452047E+001  0.46563450E+002  0.11383024E+003  0.30128588E+003  0.59145909E+003
  0.00000000E+000  0.00000000E+000  0.00000000E+000  0.00000000E+000  0.42259798E-001  0.36763791E+000  0.69451943E+001  0.46563430E+002  0.11383028E+003  0.30128602E+003  0.59145924E+003
  0.00000000E+000  0.00000000E+000  0.00000000E+000  0.00000000E+000  0.42257435E-001  0.36763802E+000  0.69451834E+001  0.46563409E+002  0.11383032E+003  0.30128617E+003  0.59145940E+003
  0.00000000E+000  0.00000000E+000  0.00000000E+000  0.00000000E+000  0.42254920E-001  0.36763809E+000  0.69451719E+001  0.46563386E+002  0.11383036E+003  0.30128632E+003  0.59145956E+003
  0.00000000E+000  0.00000000E+000  0.00000000E+000  0.00000000E+000  0.42252269E-001  0.36763814E+000  0.69451598E+001  0.46563361E+002  0.11383040E+003  0.30128648E+003  0.59145973E+003
  0.00000000E+000  0.00000000E+000  0.00000000E+000  0.00000000E+000  0.42249500E-001  0.36763817E+000  0.69451472E+001  0.46563335E+002  0.11383044E+003  0.30128665E+003  0.59145991E+003
  0.00000000E+000  0.00000000E+000  0.00000000E+000  0.00000000E+000  0.42246630E-001  0.36763819E+000  0.69451341E+001  0.46563307E+002  0.11383048E+003  0.30128682E+003  0.59146009E+003
  0.00000000E+000  0.00000000E+000  0.00000000E+000  0.00000000E+000  0.42243679E-001  0.36763820E+000  0.69451205E+001  0.46563277E+002  0.11383052E+003  0.30128699E+003  0.59146029E+003
  0.00000000E+000  0.00000000E+000  0.00000000E+000  0.00000000E+000  0.42240667E-001  0.36763821E+000  0.69451064E+001  0.46563244E+002  0.11383057E+003  0.30128717E+003  0.59146049E+003
  0.00000000E+000  0.00000000E+000  0.00000000E+000  0.00000000E+000  0.42237613E-001  0.36763822E+000  0.69450918E+001  0.46563210E+002  0.11383061E+003  0.30128736E+003  0.59146070E+003
  0.00000000E+000  0.00000000E+000  0.00000000E+000  0.00000000E+000  0.42234537E-001  0.36763823E+000  0.69450769E+001  0.46563174E+002  0.11383065E+003  0.30128756E+003  0.59146092E+003
  0.00000000E+000  0.00000000E+000  0.00000000E+000  0.00000000E+000  0.42231458E-001  0.36763825E+000  0.69450615E+001  0.46563135E+002  0.11383069E+003  0.30128776E+003  0.59146115E+003
  0.00000000E+000  0.00000000E+000  0.00000000E+000  0.00000000E+000  0.42228396E-001  0.36763828E+000  0.69450457E+001  0.46563093E+002  0.11383074E+003  0.30128796E+003  0.59146139E+003
  0.00000000E+000  0.00000000E+000  0.00000000E+000  0.00000000E+000  0.42225367E-001  0.36763830E+000  0.69450296E+001  0.46563050E+002  0.11383078E+003  0.30128817E+003  0.59146164E+003
  0.00000000E+000  0.00000000E+000  0.00000000E+000  0.00000000E+000  0.42222387E-001  0.36763832E+000  0.69450132E+001  0.46563003E+002  0.11383082E+003  0.30128839E+003  0.59146190E+003
  0.00000000E+000  0.00000000E+000  0.00000000E+000  0.00000000E+000  0.42219473E-001  0.36763833E+000  0.69449965E+001  0.46562954E+002  0.11383086E+003  0.30128862E+003  0.59146217E+003
  0.00000000E+000  0.00000000E+000  0.00000000E+000  0.00000000E+000  0.42216637E-001  0.36763832E+000  0.69449795E+001  0.46562901E+002  0.11383090E+003  0.30128885E+003  0.59146245E+003
  0.00000000E+000  0.00000000E+000  0.00000000E+000  0.00000000E+000  0.42213891E-001  0.36763828E+000  0.69449624E+001  0.46562846E+002  0.11383093E+003  0.30128908E+003  0.59146274E+003
  0.00000000E+000  0.00000000E+000  0.00000000E+000  0.00000000E+000  0.42211245E-001  0.36763820E+000  0.69449450E+001  0.46562788E+002  0.11383097E+003  0.30128932E+003  0.59146304E+003
  0.00000000E+000  0.00000000E+000  0.00000000E+000  0.00000000E+000  0.42208708E-001  0.36763807E+000  0.69449275E+001  0.46562727E+002  0.11383100E+003  0.30128957E+003  0.59146335E+003
  0.00000000E+000  0.00000000E+000  0.00000000E+000  0.00000000E+000  0.42206285E-001  0.36763786E+000  0.69449098E+001  0.46562662E+002  0.11383103E+003  0.30128983E+003  0.59146367E+003
  0.00000000E+000  0.00000000E+000  0.00000000E+000  0.00000000E+000  0.42203981E-001  0.36763757E+000  0.69448921E+001  0.46562595E+002  0.11383106E+003  0.30129009E+003  0.59146401E+003
  0.00000000E+000  0.00000000E+000  0.00000000E+000  0.00000000E+000  0.42201800E-001  0.36763719E+000  0.69448744E+001  0.46562524E+002  0.11383109E+003  0.30129035E+003  0.59146435E+003
  0.00000000E+000  0.00000000E+000  0.00000000E+000  0.00000000E+000  0.42199743E-001  0.36763668E+000  0.69448567E+001  0.46562450E+002  0.11383111E+003  0.30129062E+003  0.59146471E+003
  0.00000000E+000  0.00000000E+000  0.00000000E+000  0.00000000E+000  0.42197810E-001  0.36763604E+000  0.69448390E+001  0.46562373E+002  0.11383114E+003  0.30129090E+003  0.59146509E+003
  0.00000000E+000  0.00000000E+000  0.00000000E+000  0.00000000E+000  0.42195999E-001  0.36763526E+000  0.69448214E+001  0.46562292E+002  0.11383115E+003  0.30129118E+003  0.59146547E+003
  0.00000000E+000  0.00000000E+000  0.00000000E+000  0.00000000E+000  0.42194308E-001  0.36763431E+000  0.69448039E+001  0.46562208E+002  0.11383117E+003  0.30129146E+003  0.59146587E+003
  0.00000000E+000  0.00000000E+000  0.00000000E+000  0.00000000E+000  0.42192735E-001  0.36763319E+000  0.69447866E+001  0.46562121E+002  0.11383118E+003  0.30129175E+003  0.59146628E+003
  0.00000000E+000  0.00000000E+000  0.00000000E+000  0.00000000E+000  0.42191274E-001  0.36763188E+000  0.69447695E+001  0.46562031E+002  0.11383119E+003  0.30129205E+003  0.59146670E+003
  0.00000000E+000  0.00000000E+000  0.00000000E+000  0.00000000E+000  0.42189921E-001  0.36763038E+000  0.69447526E+001  0.46561937E+002  0.11383119E+003  0.30129235E+003  0.59146714E+003
  0.00000000E+000  0.00000000E+000  0.00000000E+000  0.00000000E+000  0.42188672E-001  0.36762868E+000  0.69447359E+001  0.46561841E+002  0.11383119E+003  0.30129265E+003  0.59146759E+003
  0.00000000E+000  0.00000000E+000  0.00000000E+000  0.00000000E+000  0.42187519E-001  0.36762677E+000  0.69447195E+001  0.46561742E+002  0.11383118E+003  0.30129295E+003  0.59146806E+003
  0.00000000E+000  0.00000000E+000  0.00000000E+000  0.00000000E+000  0.42186458E-001  0.36762465E+000  0.69447034E+001  0.46561640E+002  0.11383117E+003  0.30129326E+003  0.59146854E+003
  0.00000000E+000  0.00000000E+000  0.00000000E+000  0.00000000E+000  0.42185483E-001  0.36762232E+000  0.69446876E+001  0.46561535E+002  0.11383115E+003  0.30129357E+003  0.59146903E+003
  0.00000000E+000  0.00000000E+000  0.00000000E+000  0.00000000E+000  0.42184588E-001  0.36761979E+000  0.69446721E+001  0.46561427E+002  0.11383113E+003  0.30129389E+003  0.59146954E+003
  0.00000000E+000  0.00000000E+000  0.00000000E+000  0.00000000E+000  0.42183767E-001  0.36761706E+000  0.69446569E+001  0.46561317E+002  0.11383110E+003  0.30129420E+003  0.59147006E+003
  0.00000000E+000  0.00000000E+000  0.00000000E+000  0.00000000E+000  0.42183015E-001  0.36761414E+000  0.69446420E+001  0.46561205E+002  0.11383107E+003  0.30129452E+003  0.59147059E+003
  0.00000000E+000  0.00000000E+000  0.00000000E+000  0.00000000E+000  0.42182325E-001  0.36761104E+000  0.69446275E+001  0.46561090E+002  0.11383103E+003  0.30129483E+003  0.59147114E+003
  0.00000000E+000  0.00000000E+000  0.00000000E+000  0.00000000E+000  0.42181694E-001  0.36760777E+000  0.69446133E+001  0.46560973E+002  0.11383099E+003  0.30129515E+003  0.59147170E+003
  0.00000000E+000  0.00000000E+000  0.00000000E+000  0.00000000E+000  0.42181116E-001  0.36760436E+000  0.69445994E+001  0.46560854E+002  0.11383094E+003  0.30129546E+003  0.59147227E+003
  0.00000000E+000  0.00000000E+000  0.00000000E+000  0.00000000E+000  0.42180587E-001  0.36760080E+000  0.69445858E+001  0.46560734E+002  0.11383088E+003  0.30129577E+003  0.59147286E+003
  0.00000000E+000  0.00000000E+000  0.00000000E+000  0.00000000E+000  0.42180102E-001  0.36759713E+000  0.69445724E+001  0.46560612E+002  0.11383082E+003  0.30129608E+003  0.59147345E+003
  0.00000000E+000  0.00000000E+000  0.00000000E+000  0.00000000E+000  0.42179658E-001  0.36759336E+000  0.69445593E+001  0.46560488E+002  0.11383074E+003  0.30129639E+003  0.59147406E+003
  0.00000000E+000  0.00000000E+000  0.00000000E+000  0.00000000E+000  0.42179251E-001  0.36758951E+000  0.69445464E+001  0.46560363E+002  0.11383067E+003  0.30129669E+003  0.59147469E+003
  0.00000000E+000  0.00000000E+000  0.00000000E+000  0.00000000E+000  0.42178878E-001  0.36758560E+000  0.69445336E+001  0.46560237E+002  0.11383058E+003  0.30129699E+003  0.59147532E+003
  0.00000000E+000  0.00000000E+000  0.00000000E+000  0.00000000E+000  0.42178535E-001  0.36758165E+000  0.69445210E+001  0.46560109E+002  0.11383049E+003  0.30129729E+003  0.59147596E+003
  0.00000000E+000  0.00000000E+000  0.00000000E+000  0.00000000E+000  0.42178220E-001  0.36757768E+000  0.69445085E+001  0.46559981E+002  0.11383040E+003  0.30129757E+003  0.59147662E+003
  0.00000000E+000  0.00000000E+000  0.00000000E+000  0.00000000E+000  0.42177931E-001  0.36757370E+000  0.69444960E+001  0.46559853E+002  0.11383029E+003  0.30129786E+003  0.59147728E+003
  0.00000000E+000  0.00000000E+000  0.00000000E+000  0.00000000E+000  0.42177665E-001  0.36756974E+000  0.69444835E+001  0.46559724E+002  0.11383018E+003  0.30129813E+003  0.59147795E+003
  0.00000000E+000  0.00000000E+000  0.00000000E+000  0.00000000E+000  0.42177421E-001  0.36756582E+000  0.69444709E+001  0.46559595E+002  0.11383006E+003  0.30129839E+003  0.59147863E+003
  0.00000000E+000  0.00000000E+000  0.00000000E+000  0.00000000E+000  0.42177195E-001  0.36756194E+000  0.69444581E+001  0.46559465E+002  0.11382994E+003  0.30129865E+003  0.59147931E+003
  0.00000000E+000  0.00000000E+000  0.00000000E+000  0.00000000E+000  0.42176988E-001  0.36755812E+000  0.69444452E+001  0.46559336E+002  0.11382981E+003  0.30129890E+003  0.59148001E+003
  0.00000000E+000  0.00000000E+000  0.00000000E+000  0.00000000E+000  0.42176796E-001  0.36755438E+000  0.69444320E+001  0.46559207E+002  0.11382967E+003  0.30129913E+003  0.59148070E+003
  0.00000000E+000  0.00000000E+000  0.00000000E+000  0.00000000E+000  0.42176620E-001  0.36755073E+000  0.69444186E+001  0.46559078E+002  0.11382953E+003  0.30129935E+003  0.59148140E+003
  0.00000000E+000  0.00000000E+000  0.00000000E+000  0.00000000E+000  0.42176457E-001  0.36754718E+000  0.69444047E+001  0.46558950E+002  0.11382938E+003  0.30129956E+003  0.59148210E+003
  0.00000000E+000  0.00000000E+000  0.00000000E+000  0.00000000E+000  0.42176307E-001  0.36754373E+000  0.69443904E+001  0.46558823E+002  0.11382922E+003  0.30129976E+003  0.59148281E+003
  0.00000000E+000  0.00000000E+000  0.00000000E+000  0.00000000E+000  0.42176168E-001  0.36754040E+000  0.69443757E+001  0.46558696E+002  0.11382906E+003  0.30129994E+003  0.59148351E+003
  0.00000000E+000  0.00000000E+000  0.00000000E+000  0.00000000E+000  0.42176040E-001  0.36753719E+000  0.69443604E+001  0.46558571E+002  0.11382889E+003  0.30130011E+003  0.59148421E+003
  0.00000000E+000  0.00000000E+000  0.00000000E+000  0.00000000E+000  0.42175922E-001  0.36753410E+000  0.69443446E+001  0.46558446E+002  0.11382872E+003  0.30130026E+003  0.59148491E+003
  0.00000000E+000  0.00000000E+000  0.00000000E+000  0.00000000E+000  0.42175813E-001  0.36753114E+000  0.69443281E+001  0.46558323E+002  0.11382854E+003  0.30130040E+003  0.59148561E+003
  0.00000000E+000  0.00000000E+000  0.00000000E+000  0.00000000E+000  0.42175712E-001  0.36752832E+000  0.69443111E+001  0.46558201E+002  0.11382836E+003  0.30130052E+003  0.59148630E+003
  0.00000000E+000  0.00000000E+000  0.00000000E+000  0.00000000E+000  0.42175619E-001  0.36752563E+000  0.69442934E+001  0.46558081E+002  0.11382817E+003  0.30130062E+003  0.59148698E+003
  0.00000000E+000  0.00000000E+000  0.00000000E+000  0.00000000E+000  0.42175533E-001  0.36752306E+000  0.69442751E+001  0.46557962E+002  0.11382798E+003  0.30130070E+003  0.59148766E+003
  0.00000000E+000  0.00000000E+000  0.00000000E+000  0.00000000E+000  0.42175454E-001  0.36752063E+000  0.69442561E+001  0.46557845E+002  0.11382778E+003  0.30130076E+003  0.59148832E+003
  0.00000000E+000  0.00000000E+000  0.00000000E+000  0.00000000E+000  0.42175381E-001  0.36751833E+000  0.69442365E+001  0.46557729E+002  0.11382758E+003  0.30130081E+003  0.59148897E+003
  0.00000000E+000  0.00000000E+000  0.00000000E+000  0.00000000E+000  0.42175314E-001  0.36751616E+000  0.69442163E+001  0.46557615E+002  0.11382737E+003  0.30130083E+003  0.59148961E+003
  0.00000000E+000  0.00000000E+000  0.00000000E+000  0.00000000E+000  0.42175252E-001  0.36751411E+000  0.69441955E+001  0.46557503E+002  0.11382717E+003  0.30130084E+003  0.59149023E+003
  0.00000000E+000  0.00000000E+000  0.00000000E+000  0.00000000E+000  0.42175195E-001  0.36751219E+000  0.69441741E+001  0.46557393E+002  0.11382696E+003  0.30130082E+003  0.59149084E+003
  0.00000000E+000  0.00000000E+000  0.00000000E+000  0.00000000E+000  0.42175142E-001  0.36751038E+000  0.69441522E+001  0.46557284E+002  0.11382674E+003  0.30130078E+003  0.59149142E+003
  0.00000000E+000  0.00000000E+000  0.00000000E+000  0.00000000E+000  0.42175094E-001  0.36750868E+000  0.69441298E+001  0.46557177E+002  0.11382653E+003  0.30130072E+003  0.59149199E+003
  0.00000000E+000  0.00000000E+000  0.00000000E+000  0.00000000E+000  0.42175050E-001  0.36750710E+000  0.69441069E+001  0.46557071E+002  0.11382631E+003  0.30130064E+003  0.59149254E+003
  0.00000000E+000  0.00000000E+000  0.00000000E+000  0.00000000E+000  0.42175009E-001  0.36750561E+000  0.69440838E+001  0.46556967E+002  0.11382609E+003  0.30130054E+003  0.59149306E+003
  0.00000000E+000  0.00000000E+000  0.00000000E+000  0.00000000E+000  0.42174972E-001  0.36750423E+000  0.69440603E+001  0.46556865E+002  0.11382587E+003  0.30130042E+003  0.59149355E+003
  0.00000000E+000  0.00000000E+000  0.00000000E+000  0.00000000E+000  0.42174938E-001  0.36750294E+000  0.69440365E+001  0.46556764E+002  0.11382565E+003  0.30130028E+003  0.59149402E+003
  0.00000000E+000  0.00000000E+000  0.00000000E+000  0.00000000E+000  0.42174906E-001  0.36750174E+000  0.69440126E+001  0.46556665E+002  0.11382543E+003  0.30130012E+003  0.59149447E+003
  0.00000000E+000  0.00000000E+000  0.00000000E+000  0.00000000E+000  0.42174877E-001  0.36750063E+000  0.69439886E+001  0.46556567E+002  0.11382521E+003  0.30129993E+003  0.59149488E+003
  0.00000000E+000  0.00000000E+000  0.00000000E+000  0.00000000E+000  0.42174851E-001  0.36749960E+000  0.69439646E+001  0.46556470E+002  0.11382499E+003  0.30129973E+003  0.59149526E+003
  0.00000000E+000  0.00000000E+000  0.00000000E+000  0.00000000E+000  0.42174827E-001  0.36749864E+000  0.69439406E+001  0.46556374E+002  0.11382477E+003  0.30129950E+003  0.59149561E+003
  0.00000000E+000  0.00000000E+000  0.00000000E+000  0.00000000E+000  0.42174805E-001  0.36749775E+000  0.69439167E+001  0.46556280E+002  0.11382455E+003  0.30129926E+003  0.59149592E+003
  0.00000000E+000  0.00000000E+000  0.00000000E+000  0.00000000E+000  0.42174785E-001  0.36749693E+000  0.69438930E+001  0.46556187E+002  0.11382433E+003  0.30129899E+003  0.59149620E+003
  0.00000000E+000  0.00000000E+000  0.00000000E+000  0.00000000E+000  0.42174767E-001  0.36749618E+000  0.69438696E+001  0.46556094E+002  0.11382411E+003  0.30129871E+003  0.59149645E+003
  0.00000000E+000  0.00000000E+000  0.00000000E+000  0.00000000E+000  0.42174750E-001  0.36749548E+000  0.69438464E+001  0.46556003E+002  0.11382389E+003  0.30129840E+003  0.59149665E+003
  0.00000000E+000  0.00000000E+000  0.00000000E+000  0.00000000E+000  0.42174735E-001  0.36749484E+000  0.69438236E+001  0.46555912E+002  0.11382367E+003  0.30129808E+003  0.59149683E+003
  0.00000000E+000  0.00000000E+000  0.00000000E+000  0.00000000E+000  0.42174721E-001  0.36749424E+000  0.69438012E+001  0.46555822E+002  0.11382345E+003  0.30129775E+003  0.59149696E+003
  0.00000000E+000  0.00000000E+000  0.00000000E+000  0.00000000E+000  0.42174708E-001  0.36749370E+000  0.69437793E+001  0.46555733E+002  0.11382324E+003  0.30129739E+003  0.59149705E+003
  0.00000000E+000  0.00000000E+000  0.00000000E+000  0.00000000E+000  0.42174697E-001  0.36749320E+000  0.69437579E+001  0.46555645E+002  0.11382303E+003  0.30129702E+003  0.59149711E+003
  0.00000000E+000  0.00000000E+000  0.00000000E+000  0.00000000E+000  0.42174686E-001  0.36749274E+000  0.69437370E+001  0.46555557E+002  0.11382282E+003  0.30129664E+003  0.59149712E+003
  0.00000000E+000  0.00000000E+000  0.00000000E+000  0.00000000E+000  0.42174677E-001  0.36749232E+000  0.69437168E+001  0.46555469E+002  0.11382261E+003  0.30129624E+003  0.59149710E+003
  0.00000000E+000  0.00000000E+000  0.00000000E+000  0.00000000E+000  0.42174668E-001  0.36749193E+000  0.69436971E+001  0.46555383E+002  0.11382240E+003  0.30129583E+003  0.59149703E+003
  0.00000000E+000  0.00000000E+000  0.00000000E+000  0.00000000E+000  0.42174660E-001  0.36749157E+000  0.69436781E+001  0.46555296E+002  0.11382220E+003  0.30129541E+003  0.59149693E+003
  0.00000000E+000  0.00000000E+000  0.00000000E+000  0.00000000E+000  0.42174653E-001  0.36749125E+000  0.69436597E+001  0.46555210E+002  0.11382199E+003  0.30129497E+003  0.59149678E+003
  0.00000000E+000  0.00000000E+000  0.00000000E+000  0.00000000E+000  0.42174647E-001  0.36749095E+000  0.69436420E+001  0.46555125E+002  0.11382179E+003  0.30129452E+003  0.59149660E+003
  0.00000000E+000  0.00000000E+000  0.00000000E+000  0.00000000E+000  0.42174641E-001  0.36749068E+000  0.69436250E+001  0.46555040E+002  0.11382159E+003  0.30129407E+003  0.59149638E+003
  0.00000000E+000  0.00000000E+000  0.00000000E+000  0.00000000E+000  0.42174636E-001  0.36749043E+000  0.69436087E+001  0.46554956E+002  0.11382140E+003  0.30129360E+003  0.59149612E+003
  0.00000000E+000  0.00000000E+000  0.00000000E+000  0.00000000E+000  0.42174631E-001  0.36749020E+000  0.69435931E+001  0.46554872E+002  0.11382120E+003  0.30129313E+003  0.59149582E+003
  0.00000000E+000  0.00000000E+000  0.00000000E+000  0.00000000E+000  0.42174626E-001  0.36749000E+000  0.69435781E+001  0.46554789E+002  0.11382101E+003  0.30129264E+003  0.59149548E+003
  0.00000000E+000  0.00000000E+000  0.00000000E+000  0.00000000E+000  0.42174622E-001  0.36748981E+000  0.69435639E+001  0.46554707E+002  0.11382082E+003  0.30129216E+003  0.59149511E+003
  0.00000000E+000  0.00000000E+000  0.00000000E+000  0.00000000E+000  0.42174619E-001  0.36748964E+000  0.69435503E+001  0.46554625E+002  0.11382064E+003  0.30129166E+003  0.59149470E+003
  0.00000000E+000  0.00000000E+000  0.00000000E+000  0.00000000E+000  0.42174615E-001  0.36748948E+000  0.69435375E+001  0.46554544E+002  0.11382045E+003  0.30129116E+003  0.59149426E+003
  0.00000000E+000  0.00000000E+000  0.00000000E+000  0.00000000E+000  0.42174612E-001  0.36748933E+000  0.69435252E+001  0.46554464E+002  0.11382027E+003  0.30129066E+003  0.59149378E+003
  0.00000000E+000  0.00000000E+000  0.00000000E+000  0.00000000E+000  0.42174610E-001  0.36748920E+000  0.69435136E+001  0.46554384E+002  0.11382009E+003  0.30129015E+003  0.59149327E+003
  0.00000000E+000  0.00000000E+000  0.00000000E+000  0.00000000E+000  0.42174607E-001  0.36748908E+000  0.69435027E+001  0.46554306E+002  0.11381991E+003  0.30128965E+003  0.59149273E+003
  0.00000000E+000  0.00000000E+000  0.00000000E+000  0.00000000E+000  0.42174605E-001  0.36748898E+000  0.69434923E+001  0.46554229E+002  0.11381974E+003  0.30128913E+003  0.59149217E+003
  0.00000000E+000  0.00000000E+000  0.00000000E+000  0.00000000E+000  0.42174603E-001  0.36748888E+000  0.69434826E+001  0.46554152E+002  0.11381956E+003  0.30128862E+003  0.59149157E+003
  0.00000000E+000  0.00000000E+000  0.00000000E+000  0.00000000E+000  0.42174601E-001  0.36748879E+000  0.69434734E+001  0.46554077E+002  0.11381939E+003  0.30128811E+003  0.59149094E+003
  0.00000000E+000  0.00000000E+000  0.00000000E+000  0.00000000E+000  0.42174599E-001  0.36748871E+000  0.69434648E+001  0.46554004E+002  0.11381922E+003  0.30128760E+003  0.59149030E+003
  0.00000000E+000  0.00000000E+000  0.00000000E+000  0.00000000E+000  0.42174598E-001  0.36748863E+000  0.69434566E+001  0.46553931E+002  0.11381906E+003  0.30128708E+003  0.59148962E+003
  0.00000000E+000  0.00000000E+000  0.00000000E+000  0.00000000E+000  0.42174596E-001  0.36748857E+000  0.69434490E+001  0.46553860E+002  0.11381889E+003  0.30128657E+003  0.59148893E+003
  0.00000000E+000  0.00000000E+000  0.00000000E+000  0.00000000E+000  0.42174595E-001  0.36748850E+000  0.69434419E+001  0.46553790E+002  0.11381873E+003  0.30128606E+003  0.59148821E+003
  0.00000000E+000  0.00000000E+000  0.00000000E+000  0.00000000E+000  0.42174594E-001  0.36748845E+000  0.69434352E+001  0.46553722E+002  0.11381857E+003  0.30128556E+003  0.59148747E+003
  0.00000000E+000  0.00000000E+000  0.00000000E+000  0.00000000E+000  0.42174593E-001  0.36748840E+000  0.69434290E+001  0.46553656E+002  0.11381841E+003  0.30128505E+003  0.59148672E+003
  0.00000000E+000  0.00000000E+000  0.00000000E+000  0.00000000E+000  0.42174592E-001  0.36748835E+000  0.69434231E+001  0.46553591E+002  0.11381826E+003  0.30128455E+003  0.59148595E+003
  0.00000000E+000  0.00000000E+000  0.00000000E+000  0.00000000E+000  0.42174591E-001  0.36748831E+000  0.69434177E+001  0.46553527E+002  0.11381811E+003  0.30128405E+003  0.59148517E+003
  0.00000000E+000  0.00000000E+000  0.00000000E+000  0.00000000E+000  0.42174590E-001  0.36748827E+000  0.69434127E+001  0.46553466E+002  0.11381796E+003  0.30128356E+003  0.59148437E+003
  0.00000000E+000  0.00000000E+000  0.00000000E+000  0.00000000E+000  0.42174589E-001  0.36748824E+000  0.69434079E+001  0.46553406E+002  0.11381781E+003  0.30128307E+003  0.59148356E+003
  0.00000000E+000  0.00000000E+000  0.00000000E+000  0.00000000E+000  0.42174589E-001  0.36748821E+000  0.69434036E+001  0.46553348E+002  0.11381767E+003  0.30128258E+003  0.59148274E+003
  0.00000000E+000  0.00000000E+000  0.00000000E+000  0.00000000E+000  0.42174588E-001  0.36748818E+000  0.69433995E+001  0.46553291E+002  0.11381752E+003  0.30128210E+003  0.59148191E+003
  0.00000000E+000  0.00000000E+000  0.00000000E+000  0.00000000E+000  0.42174588E-001  0.36748815E+000  0.69433957E+001  0.46553237E+002  0.11381738E+003  0.30128163E+003  0.59148107E+003
  0.00000000E+000  0.00000000E+000  0.00000000E+000  0.00000000E+000  0.42174587E-001  0.36748813E+000  0.69433922E+001  0.46553184E+002  0.11381725E+003  0.30128115E+003  0.59148023E+003
  0.00000000E+000  0.00000000E+000  0.00000000E+000  0.00000000E+000  0.42174587E-001  0.36748811E+000  0.69433890E+001  0.46553133E+002  0.11381711E+003  0.30128069E+003  0.59147938E+003
  0.00000000E+000  0.00000000E+000  0.00000000E+000  0.00000000E+000  0.42174586E-001  0.36748809E+000  0.69433860E+001  0.46553084E+002  0.11381698E+003  0.30128023E+003  0.59147853E+003
  0.00000000E+000  0.00000000E+000  0.00000000E+000  0.00000000E+000  0.42174586E-001  0.36748807E+000  0.69433832E+001  0.46553037E+002  0.11381685E+003  0.30127977E+003  0.59147767E+003
  0.00000000E+000  0.00000000E+000  0.00000000E+000  0.00000000E+000  0.42174585E-001  0.36748806E+000  0.69433806E+001  0.46552991E+002  0.11381673E+003  0.30127933E+003  0.59147682E+003
  0.00000000E+000  0.00000000E+000  0.00000000E+000  0.00000000E+000  0.42174585E-001  0.36748804E+000  0.69433782E+001  0.46552947E+002  0.11381660E+003  0.30127889E+003  0.59147596E+003
  0.00000000E+000  0.00000000E+000  0.00000000E+000  0.00000000E+000  0.42174585E-001  0.36748803E+000  0.69433761E+001  0.46552905E+002  0.11381648E+003  0.30127845E+003  0.59147511E+003
  0.00000000E+000  0.00000000E+000  0.00000000E+000  0.00000000E+000  0.42174584E-001  0.36748802E+000  0.69433740E+001  0.46552865E+002  0.11381637E+003  0.30127802E+003  0.59147425E+003
  0.00000000E+000  0.00000000E+000  0.00000000E+000  0.00000000E+000  0.42174584E-001  0.36748801E+000  0.69433722E+001  0.46552827E+002  0.11381625E+003  0.30127760E+003  0.59147340E+003
  0.00000000E+000  0.00000000E+000  0.00000000E+000  0.00000000E+000  0.42174584E-001  0.36748800E+000  0.69433705E+001  0.46552790E+002  0.11381614E+003  0.30127718E+003  0.59147255E+003
  0.00000000E+000  0.00000000E+000  0.00000000E+000  0.00000000E+000  0.42174584E-001  0.36748799E+000  0.69433689E+001  0.46552755E+002  0.11381603E+003  0.30127677E+003  0.59147171E+003
  0.00000000E+000  0.00000000E+000  0.00000000E+000  0.00000000E+000  0.42174584E-001  0.36748798E+000  0.69433674E+001  0.46552721E+002  0.11381593E+003  0.30127637E+003  0.59147087E+003
  0.00000000E+000  0.00000000E+000  0.00000000E+000  0.00000000E+000  0.42174583E-001  0.36748797E+000  0.69433661E+001  0.46552690E+002  0.11381583E+003  0.30127598E+003  0.59147004E+003
  0.00000000E+000  0.00000000E+000  0.00000000E+000  0.00000000E+000  0.42174583E-001  0.36748797E+000  0.69433649E+001  0.46552659E+002  0.11381573E+003  0.30127559E+003  0.59146922E+003
  0.00000000E+000  0.00000000E+000  0.00000000E+000  0.00000000E+000  0.42174583E-001  0.36748796E+000  0.69433637E+001  0.46552630E+002  0.11381563E+003  0.30127521E+003  0.59146840E+003
  0.00000000E+000  0.00000000E+000  0.00000000E+000  0.00000000E+000  0.42174583E-001  0.36748795E+000  0.69433627E+001  0.46552603E+002  0.11381554E+003  0.30127483E+003  0.59146759E+003
  0.00000000E+000  0.00000000E+000  0.00000000E+000  0.00000000E+000  0.42174583E-001  0.36748795E+000  0.69433617E+001  0.46552577E+002  0.11381545E+003  0.30127447E+003  0.59146678E+003
  0.00000000E+000  0.00000000E+000  0.00000000E+000  0.00000000E+000  0.42174583E-001  0.36748795E+000  0.69433609E+001  0.46552552E+002  0.11381536E+003  0.30127411E+003  0.59146599E+003
  0.00000000E+000  0.00000000E+000  0.00000000E+000  0.00000000E+000  0.42174583E-001  0.36748794E+000  0.69433601E+001  0.46552529E+002  0.11381528E+003  0.30127376E+003  0.59146521E+003
  0.00000000E+000  0.00000000E+000  0.00000000E+000  0.00000000E+000  0.42174582E-001  0.36748794E+000  0.69433593E+001  0.46552507E+002  0.11381519E+003  0.30127341E+003  0.59146443E+003
  0.00000000E+000  0.00000000E+000  0.00000000E+000  0.00000000E+000  0.42174582E-001  0.36748793E+000  0.69433587E+001  0.46552486E+002  0.11381512E+003  0.30127308E+003  0.59146367E+003
  0.00000000E+000  0.00000000E+000  0.00000000E+000  0.00000000E+000  0.42174582E-001  0.36748793E+000  0.69433580E+001  0.46552467E+002  0.11381504E+003  0.30127275E+003  0.59146292E+003
