  0.31178386E+000  0.34318292E+000  0.45302731E+000  0.59869855E+000  0.79152961E+000  0.88614167E+000  0.11861585E+001  0.18581807E+001  0.26133795E+001  0.43728536E+001  0.81153041E+001
  0.31117551E+000  0.34311153E+000  0.45295674E+000  0.59808677E+000  0.79143106E+000  0.88590391E+000  0.11861592E+001  0.18580652E+001  0.26132930E+001  0.43787297E+001  0.81172100E+001
  0.31065787E+000  0.34300851E+000  0.45286652E+000  0.59763433E+000  0.79136189E+000  0.88569494E+000  0.11861227E+001  0.18580204E+001  0.26135371E+001  0.43805170E+001  0.81170948E+001
  0.31021763E+000  0.34295122E+000  0.45280523E+000  0.59721783E+000  0.79153011E+000  0.88551158E+000  0.11860637E+001  0.18582847E+001  0.26134120E+001  0.43811013E+001  0.81169915E+001
  0.30984344E+000  0.34290558E+000  0.45277935E+000  0.59683041E+000  0.79151425E+000  0.88535688E+000  0.11860511E+001  0.18582863E+001  0.26133056E+001  0.43809243E+001  0.81169006E+001
  0.30952563E+000  0.34286690E+000  0.45271388E+000  0.59656267E+000  0.79167155E+000  0.88522838E+000  0.11860401E+001  0.18582716E+001  0.26132152E+001  0.43804403E+001  0.81168217E+001
  0.30925570E+000  0.34283405E+000  0.45270208E+000  0.59630695E+000  0.79179158E+000  0.88511693E+000  0.11860305E+001  0.18582420E+001  0.26131383E+001  0.43797321E+001  0.81167536E+001
  0.30902624E+000  0.34280607E+000  0.45266233E+000  0.59608973E+000  0.79178222E+000  0.88502091E+000  0.11859241E+001  0.18582140E+001  0.26130730E+001  0.43792561E+001  0.81166952E+001
  0.30883182E+000  0.34278219E+000  0.45264237E+000  0.59590522E+000  0.79176307E+000  0.88492966E+000  0.11858830E+001  0.18582041E+001  0.26130174E+001  0.43791779E+001  0.81166453E+001
  0.30866646E+000  0.34276177E+000  0.45264176E+000  0.59574844E+000  0.79178082E+000  0.88487253E+000  0.11858743E+001  0.18581785E+001  0.26129702E+001  0.43776671E+001  0.81166027E+001
  0.30852601E+000  0.34274428E+000  0.45261352E+000  0.59561524E+000  0.79178612E+000  0.88480015E+000  0.11859199E+001  0.18581680E+001  0.26129301E+001  0.43759042E+001  0.81165664E+001
  0.30840672E+000  0.34272929E+000  0.45259864E+000  0.59550210E+000  0.79172550E+000  0.88475844E+000  0.11858922E+001  0.18581591E+001  0.26128960E+001  0.43758749E+001  0.81165355E+001
  0.30830542E+000  0.34271642E+000  0.45258824E+000  0.59540600E+000  0.79165436E+000  0.88472312E+000  0.11858685E+001  0.18581515E+001  0.26128671E+001  0.43758565E+001  0.81165093E+001
  0.30821942E+000  0.34270537E+000  0.45257944E+000  0.59532442E+000  0.79163165E+000  0.88468520E+000  0.11858477E+001  0.18581451E+001  0.26128426E+001  0.43758458E+001  0.81164871E+001
  0.30814646E+000  0.34269586E+000  0.45257201E+000  0.59525519E+000  0.79160569E+000  0.88465203E+000  0.11858282E+001  0.18581397E+001  0.26128218E+001  0.43747482E+001  0.81164682E+001
  0.30808459E+000  0.34268768E+000  0.45256576E+000  0.59519648E+000  0.79159008E+000  0.88463105E+000  0.11857995E+001  0.18581351E+001  0.26128042E+001  0.43723974E+001  0.81164523E+001
  0.30803217E+000  0.34268064E+000  0.45256051E+000  0.59514674E+000  0.79157431E+000  0.88460314E+000  0.11857551E+001  0.18581071E+001  0.26127911E+001  0.43723584E+001  0.81164388E+001
  0.30798783E+000  0.34267458E+000  0.45255612E+000  0.59510466E+000  0.79156712E+000  0.88458821E+000  0.11857197E+001  0.18581044E+001  0.26127841E+001  0.43723253E+001  0.81164274E+001
  0.30795036E+000  0.34266935E+000  0.45255247E+000  0.59506910E+000  0.79149984E+000  0.88457570E+000  0.11856635E+001  0.18581021E+001  0.26127783E+001  0.43722971E+001  0.81164179E+001
  0.30791878E+000  0.34266486E+000  0.45254944E+000  0.59503912E+000  0.79140595E+000  0.88456527E+000  0.11856487E+001  0.18581002E+001  0.26127735E+001  0.43722733E+001  0.81164099E+001
  0.30789221E+000  0.34266098E+000  0.45254695E+000  0.59501390E+000  0.79131556E+000  0.88454605E+000  0.11856120E+001  0.18580986E+001  0.26127694E+001  0.43722531E+001  0.81164032E+001
  0.30786992E+000  0.34265765E+000  0.45254492E+000  0.59499275E+000  0.79130725E+000  0.88453873E+000  0.11856003E+001  0.18580973E+001  0.26127661E+001  0.43722360E+001  0.81163976E+001
  0.30785130E+000  0.34265478E+000  0.45254650E+000  0.59497507E+000  0.79129932E+000  0.88453269E+000  0.11855910E+001  0.18580963E+001  0.26127633E+001  0.43722217E+001  0.81163930E+001
  0.30783579E+000  0.34265231E+000  0.45254367E+000  0.59496035E+000  0.79129175E+000  0.88452773E+000  0.11855837E+001  0.18580954E+001  0.26127611E+001  0.43722096E+001  0.81163892E+001
  0.30782295E+000  0.34265018E+000  0.45254137E+000  0.59494816E+000  0.79128454E+000  0.88452369E+000  0.11855266E+001  0.18580948E+001  0.26127592E+001  0.43721994E+001  0.81163861E+001
  0.30781237E+000  0.34264836E+000  0.45254018E+000  0.59493812E+000  0.79127768E+000  0.88452043E+000  0.11855199E+001  0.18580943E+001  0.26127578E+001  0.43721909E+001  0.81163836E+001
  0.30780372E+000  0.34264680E+000  0.45253961E+000  0.59492990E+000  0.79059343E+000  0.88451782E+000  0.11855144E+001  0.18580939E+001  0.26127566E+001  0.43721839E+001  0.81163816E+001
  0.30779669E+000  0.34264545E+000  0.45253920E+000  0.59492323E+000  0.79058755E+000  0.88451576E+000  0.11855100E+001  0.18580936E+001  0.26127558E+001  0.43721780E+001  0.81163800E+001
  0.30779104E+000  0.34264431E+000  0.45253894E+000  0.59491786E+000  0.79058223E+000  0.88451417E+000  0.11855064E+001  0.18580935E+001  0.26127551E+001  0.43721732E+001  0.81163788E+001
  0.30778654E+000  0.34264332E+000  0.45253881E+000  0.59491360E+000  0.79057742E+000  0.88451296E+000  0.11855014E+001  0.18580934E+001  0.26127546E+001  0.43721693E+001  0.81163779E+001
  0.30778302E+000  0.34264249E+000  0.45253877E+000  0.59491025E+000  0.79057304E+000  0.88451207E+000  0.11854993E+001  0.18580933E+001  0.26127543E+001  0.43721661E+001  0.81163773E+001
  0.30778030E+000  0.34264177E+000  0.45253882E+000  0.59490767E+000  0.79056906E+000  0.88449973E+000  0.11854975E+001  0.18580933E+001  0.26127541E+001  0.43721635E+001  0.81163768E+001
  0.30777826E+000  0.34264117E+000  0.45253894E+000  0.59490573E+000  0.79056542E+000  0.88449920E+000  0.11854962E+001  0.18580934E+001  0.26127540E+001  0.43721615E+001  0.81163766E+001
  0.30777676E+000  0.34264065E+000  0.45253911E+000  0.59490431E+000  0.79056210E+000  0.88449884E+000  0.11854950E+001  0.18580935E+001  0.26127540E+001  0.43721599E+001  0.81163764E+001
  0.30777572E+000  0.34264022E+000  0.45253932E+000  0.59490332E+000  0.79055907E+000  0.88449862E+000  0.11854941E+001  0.18580936E+001  0.26127540E+001  0.43721586E+001  0.81163764E+001
  0.30777503E+000  0.34263985E+000  0.45253958E+000  0.59490267E+000  0.79055629E+000  0.88449852E+000  0.11854934E+001  0.18580937E+001  0.26127542E+001  0.43721577E+001  0.81163765E+001
  0.30777464E+000  0.34263955E+000  0.45253986E+000  0.59490230E+000  0.79055376E+000  0.88449851E+000  0.11854928E+001  0.18580939E+001  0.26127543E+001  0.43721570E+001  0.81163766E+001
  0.30777448E+000  0.34263929E+000  0.45254016E+000  0.59490215E+000  0.79055143E+000  0.88449858E+000  0.11854923E+001  0.18580941E+001  0.26127545E+001  0.43721565E+001  0.81163768E+001
  0.30777450E+000  0.34263908E+000  0.45254048E+000  0.59490217E+000  0.79054931E+000  0.88449870E+000  0.11854918E+001  0.18580942E+001  0.26127547E+001  0.43721562E+001  0.81163771E+001
  0.30777466E+000  0.34263891E+000  0.45254081E+000  0.59490232E+000  0.79054737E+000  0.88449886E+000  0.11854915E+001  0.18580944E+001  0.26127550E+001  0.43721560E+001  0.81163774E+001
  0.30777492E+000  0.34263877E+000  0.45254114E+000  0.59490257E+000  0.79054559E+000  0.88449905E+000  0.11854911E+001  0.18580946E+001  0.26127552E+001  0.43721559E+001  0.81163777E+001
  0.30777526E+000  0.34263866E+000  0.45254149E+000  0.59490289E+000  0.79054397E+000  0.88449926E+000  0.11854909E+001  0.18580948E+001  0.26127555E+001  0.43721560E+001  0.81163780E+001
  0.30777566E+000  0.34263858E+000  0.45254183E+000  0.59490327E+000  0.79054249E+000  0.88449950E+000  0.11854906E+001  0.18580950E+001  0.26127557E+001  0.43721560E+001  0.81163784E+001
  0.30777609E+000  0.34263852E+000  0.45254218E+000  0.59490368E+000  0.79054113E+000  0.88449974E+000  0.11854904E+001  0.18580952E+001  0.26127560E+001  0.43721562E+001  0.81163787E+001
  0.30777655E+000  0.34263847E+000  0.45254253E+000  0.59490411E+000  0.79053990E+000  0.88449999E+000  0.11854902E+001  0.18580954E+001  0.26127563E+001  0.43721564E+001  0.81163791E+001
  0.30777703E+000  0.34263845E+000  0.45254287E+000  0.59490456E+000  0.79053877E+000  0.88450024E+000  0.11854901E+001  0.18580956E+001  0.26127566E+001  0.43721566E+001  0.81163794E+001
  0.30777751E+000  0.34263844E+000  0.45254321E+000  0.59490502E+000  0.79053773E+000  0.88450050E+000  0.11854899E+001  0.18580958E+001  0.26127568E+001  0.43721569E+001  0.81163798E+001
  0.30777799E+000  0.34263844E+000  0.45254355E+000  0.59490548E+000  0.79053679E+000  0.88450075E+000  0.11854898E+001  0.18580960E+001  0.26127571E+001  0.43721572E+001  0.81163801E+001
  0.30777847E+000  0.34263845E+000  0.45254389E+000  0.59490593E+000  0.79053593E+000  0.88450101E+000  0.11854897E+001  0.18580962E+001  0.26127574E+001  0.43721575E+001  0.81163805E+001
  0.30777894E+000  0.34263847E+000  0.45254422E+000  0.59490638E+000  0.79053514E+000  0.88450126E+000  0.11854896E+001  0.18580964E+001  0.26127576E+001  0.43721579E+001  0.81163808E+001
  0.30777940E+000  0.34263851E+000  0.45254454E+000  0.59490682E+000  0.79053442E+000  0.88450151E+000  0.11854895E+001  0.18580965E+001  0.26127579E+001  0.43721582E+001  0.81163812E+001
  0.30777985E+000  0.34263855E+000  0.45254486E+000  0.59490724E+000  0.79053377E+000  0.88450176E+000  0.11854894E+001  0.18580967E+001  0.26127581E+001  0.43721586E+001  0.81163815E+001
  0.30778029E+000  0.34263859E+000  0.45254517E+000  0.59490766E+000  0.79053317E+000  0.88450200E+000  0.11854894E+001  0.18580969E+001  0.26127584E+001  0.43721590E+001  0.81163819E+001
  0.30778072E+000  0.34263865E+000  0.45254547E+000  0.59490807E+000  0.79053263E+000  0.88450223E+000  0.11854893E+001  0.18580971E+001  0.26127586E+001  0.43721594E+001  0.81163822E+001
  0.30778114E+000  0.34263871E+000  0.45254577E+000  0.59490846E+000  0.79053213E+000  0.88450247E+000  0.11854689E+001  0.18580972E+001  0.26127589E+001  0.43721598E+001  0.81163825E+001
  0.30778154E+000  0.34263877E+000  0.45254606E+000  0.59490885E+000  0.79053168E+000  0.88450269E+000  0.11854212E+001  0.18580974E+001  0.26127591E+001  0.43721603E+001  0.81163828E+001
  0.30778193E+000  0.34263884E+000  0.45254635E+000  0.59490922E+000  0.79053128E+000  0.88450292E+000  0.11853978E+001  0.18580975E+001  0.26127593E+001  0.43721608E+001  0.81163831E+001
  0.30778230E+000  0.34263892E+000  0.45254662E+000  0.59490957E+000  0.79053092E+000  0.88450313E+000  0.11853763E+001  0.18580977E+001  0.26127595E+001  0.43721613E+001  0.81163834E+001
  0.30778267E+000  0.34263899E+000  0.45254689E+000  0.59490992E+000  0.79053059E+000  0.88450335E+000  0.11853567E+001  0.18580978E+001  0.26127598E+001  0.43721618E+001  0.81163837E+001
  0.30778301E+000  0.34263907E+000  0.45254715E+000  0.59491025E+000  0.79053030E+000  0.88450355E+000  0.11853218E+001  0.18580980E+001  0.26127600E+001  0.43721623E+001  0.81163840E+001
  0.30778335E+000  0.34263916E+000  0.45254741E+000  0.59491056E+000  0.79053004E+000  0.88450375E+000  0.11852676E+001  0.18580981E+001  0.26127602E+001  0.43721629E+001  0.81163843E+001
  0.30778367E+000  0.34263925E+000  0.45254766E+000  0.59491087E+000  0.79052982E+000  0.88450395E+000  0.11852677E+001  0.18580983E+001  0.26127604E+001  0.43721634E+001  0.81163846E+001
  0.30778398E+000  0.34263934E+000  0.45254790E+000  0.59491116E+000  0.79052962E+000  0.88450414E+000  0.11852679E+001  0.18580984E+001  0.26127605E+001  0.43721640E+001  0.81163849E+001
  0.30778427E+000  0.34263943E+000  0.45254813E+000  0.59491144E+000  0.79052945E+000  0.88450432E+000  0.11852681E+001  0.18580985E+001  0.26127607E+001  0.43721646E+001  0.81163851E+001
  0.30778455E+000  0.34263953E+000  0.45254836E+000  0.59491170E+000  0.79052931E+000  0.88450450E+000  0.11852682E+001  0.18580986E+001  0.26127609E+001  0.43721653E+001  0.81163854E+001
  0.30778481E+000  0.34263963E+000  0.45254858E+000  0.59491196E+000  0.79052919E+000  0.88450467E+000  0.11852684E+001  0.18580988E+001  0.26127611E+001  0.43721659E+001  0.81163856E+001
  0.30778507E+000  0.34263973E+000  0.45254879E+000  0.59491220E+000  0.79052909E+000  0.88450484E+000  0.11852686E+001  0.18580989E+001  0.26127613E+001  0.43721666E+001  0.81163859E+001
  0.30778531E+000  0.34263984E+000  0.45254397E+000  0.59491242E+000  0.79052901E+000  0.88450500E+000  0.11852687E+001  0.18580990E+001  0.26127614E+001  0.43721673E+001  0.81163861E+001
  0.30778554E+000  0.34263994E+000  0.45254416E+000  0.59491264E+000  0.79052895E+000  0.88450516E+000  0.11852689E+001  0.18580991E+001  0.26127616E+001  0.43721680E+001  0.81163863E+001
  0.30778575E+000  0.34264005E+000  0.45254434E+000  0.59491285E+000  0.79052890E+000  0.88450531E+000  0.11852690E+001  0.18580993E+001  0.26127617E+001  0.43721687E+001  0.81163866E+001
  0.30778596E+000  0.34264016E+000  0.45254451E+000  0.59491304E+000  0.79052887E+000  0.88450546E+000  0.11852692E+001  0.18580994E+001  0.26127619E+001  0.43721695E+001  0.81163868E+001
  0.30778616E+000  0.34264028E+000  0.45254468E+000  0.59491323E+000  0.79052886E+000  0.88450561E+000  0.11852693E+001  0.18580335E+001  0.26127621E+001  0.43721703E+001  0.81163870E+001
  0.30778635E+000  0.34264040E+000  0.45254485E+000  0.59491341E+000  0.79052886E+000  0.88450575E+000  0.11852695E+001  0.18580142E+001  0.26127622E+001  0.43721711E+001  0.81163872E+001
  0.30778653E+000  0.34264051E+000  0.45254501E+000  0.59491358E+000  0.79052887E+000  0.88450589E+000  0.11852696E+001  0.18579958E+001  0.26127623E+001  0.43721719E+001  0.81163875E+001
  0.30778670E+000  0.34264064E+000  0.45254517E+000  0.59491375E+000  0.79052889E+000  0.88450603E+000  0.11852697E+001  0.18579785E+001  0.26127625E+001  0.43721727E+001  0.81163877E+001
  0.30778687E+000  0.34264076E+000  0.45254532E+000  0.59491391E+000  0.79052893E+000  0.88450616E+000  0.11852699E+001  0.18579621E+001  0.26127626E+001  0.43721736E+001  0.81163879E+001
  0.30778703E+000  0.34264088E+000  0.45254547E+000  0.59491406E+000  0.79052897E+000  0.88450629E+000  0.11852700E+001  0.18579467E+001  0.26127628E+001  0.43721745E+001  0.81163881E+001
  0.30778719E+000  0.34264101E+000  0.45254562E+000  0.59491421E+000  0.79052902E+000  0.88450642E+000  0.11852702E+001  0.18579323E+001  0.26127629E+001  0.43721754E+001  0.81163883E+001
  0.30778735E+000  0.34264114E+000  0.45254577E+000  0.59491436E+000  0.79052907E+000  0.88450655E+000  0.11852703E+001  0.18579188E+001  0.26127631E+001  0.43721763E+001  0.81163885E+001
  0.30778750E+000  0.34264127E+000  0.45254591E+000  0.59491450E+000  0.79052913E+000  0.88450668E+000  0.11852704E+001  0.18579063E+001  0.26127632E+001  0.43721772E+001  0.81163887E+001
  0.30778765E+000  0.34264140E+000  0.45254606E+000  0.59491464E+000  0.79052920E+000  0.88450680E+000  0.11852706E+001  0.18578946E+001  0.26127633E+001  0.43721782E+001  0.81163889E+001
  0.30778779E+000  0.34264153E+000  0.45254620E+000  0.59491478E+000  0.79052927E+000  0.88450692E+000  0.11852707E+001  0.18578838E+001  0.26127634E+001  0.43721791E+001  0.81163891E+001
  0.30778794E+000  0.34264165E+000  0.45254633E+000  0.59491492E+000  0.79052934E+000  0.88450704E+000  0.11852708E+001  0.18578737E+001  0.26127636E+001  0.43721801E+001  0.81163893E+001
  0.30778808E+000  0.34264178E+000  0.45254646E+000  0.59491505E+000  0.79052941E+000  0.88450716E+000  0.11852709E+001  0.18578644E+001  0.26127637E+001  0.43721811E+001  0.81163895E+001
  0.30778822E+000  0.34264190E+000  0.45254660E+000  0.59491518E+000  0.79052948E+000  0.88450727E+000  0.11852711E+001  0.18578558E+001  0.26127638E+001  0.43721821E+001  0.81163897E+001
  0.30778835E+000  0.34264203E+000  0.45254672E+000  0.59491531E+000  0.79052956E+000  0.88450739E+000  0.11852712E+001  0.18578479E+001  0.26127639E+001  0.43721832E+001  0.81163899E+001
  0.30778848E+000  0.34264214E+000  0.45254684E+000  0.59491544E+000  0.79052963E+000  0.88450749E+000  0.11852713E+001  0.18578405E+001  0.26127640E+001  0.43721842E+001  0.81163901E+001
  0.30778861E+000  0.34264226E+000  0.45254696E+000  0.59491556E+000  0.79052970E+000  0.88450760E+000  0.11852714E+001  0.18578336E+001  0.26127642E+001  0.43721853E+001  0.81163902E+001
  0.30778874E+000  0.34264237E+000  0.45254708E+000  0.59491568E+000  0.79052977E+000  0.88450770E+000  0.11852715E+001  0.18578271E+001  0.26127643E+001  0.43721864E+001  0.81163904E+001
  0.30778886E+000  0.34264248E+000  0.45254719E+000  0.59491580E+000  0.79052984E+000  0.88450780E+000  0.11852716E+001  0.18578210E+001  0.26127644E+001  0.43721875E+001  0.81163906E+001
  0.30778898E+000  0.34264259E+000  0.45254729E+000  0.59491591E+000  0.79052990E+000  0.88450789E+000  0.11852717E+001  0.18578152E+001  0.26127645E+001  0.43721886E+001  0.81163908E+001
  0.30778909E+000  0.34264268E+000  0.45254739E+000  0.59491601E+000  0.79052997E+000  0.88450798E+000  0.11852718E+001  0.18578097E+001  0.26127646E+001  0.43721897E+001  0.81163909E+001
  0.30778920E+000  0.34264278E+000  0.45254749E+000  0.59491612E+000  0.79053002E+000  0.88450806E+000  0.11852719E+001  0.18578043E+001  0.26127646E+001  0.43721908E+001  0.81163911E+001
  0.30778930E+000  0.34264287E+000  0.45254758E+000  0.59491621E+000  0.79053008E+000  0.88450814E+000  0.11852720E+001  0.18577991E+001  0.26127647E+001  0.43721919E+001  0.81163912E+001
  0.30778940E+000  0.34264295E+000  0.45254766E+000  0.59491631E+000  0.79053013E+000  0.88450822E+000  0.11852720E+001  0.18577939E+001  0.26127648E+001  0.43721931E+001  0.81163914E+001
  0.30778949E+000  0.34264303E+000  0.45254774E+000  0.59491639E+000  0.79053017E+000  0.88450829E+000  0.11852721E+001  0.18577887E+001  0.26127649E+001  0.43721942E+001  0.81163915E+001
  0.30778958E+000  0.34264311E+000  0.45254782E+000  0.59491648E+000  0.79053021E+000  0.88450835E+000  0.11852722E+001  0.18577835E+001  0.26127649E+001  0.43721954E+001  0.81163917E+001
  0.30778966E+000  0.34264318E+000  0.45254789E+000  0.59491655E+000  0.79053025E+000  0.88450842E+000  0.11852722E+001  0.18577783E+001  0.26127650E+001  0.43721965E+001  0.81163918E+001
  0.30778974E+000  0.34264325E+000  0.45254795E+000  0.59491663E+000  0.79053028E+000  0.88450847E+000  0.11852723E+001  0.18577729E+001  0.26127651E+001  0.43721976E+001  0.81163920E+001
  0.30778981E+000  0.34264331E+000  0.45254801E+000  0.59491670E+000  0.79053031E+000  0.88450853E+000  0.11852723E+001  0.18577673E+001  0.26127651E+001  0.43721988E+001  0.81163921E+001
  0.30778987E+000  0.34264336E+000  0.45254807E+000  0.59491676E+000  0.79053034E+000  0.88450858E+000  0.11852724E+001  0.18577616E+001  0.26127652E+001  0.43721999E+001  0.81163922E+001
  0.30778994E+000  0.34264342E+000  0.45254812E+000  0.59491682E+000  0.79053036E+000  0.88450863E+000  0.11852724E+001  0.18577557E+001  0.26127652E+001  0.43722010E+001  0.81163924E+001
  0.30779000E+000  0.34264347E+000  0.45254817E+000  0.59491687E+000  0.79053037E+000  0.88450867E+000  0.11852725E+001  0.18577496E+001  0.26127653E+001  0.43722021E+001  0.81163925E+001
  0.30779005E+000  0.34264351E+000  0.45254821E+000  0.59491692E+000  0.79053039E+000  0.88450871E+000  0.11852725E+001  0.18577432E+001  0.26127653E+001  0.43722032E+001  0.81163926E+001
  0.30779010E+000  0.34264355E+000  0.45254825E+000  0.59491697E+000  0.79053040E+000  0.88450874E+000  0.11852726E+001  0.18577365E+001  0.26127653E+001  0.43722042E+001  0.81163927E+001
  0.30779014E+000  0.34264359E+000  0.45254829E+000  0.59491701E+000  0.79053041E+000  0.88450878E+000  0.11852726E+001  0.18577296E+001  0.26127654E+001  0.43722053E+001  0.81163928E+001
  0.30779019E+000  0.34264362E+000  0.45254833E+000  0.59491705E+000  0.79053041E+000  0.88450881E+000  0.11852726E+001  0.18577224E+001  0.26127654E+001  0.43722063E+001  0.81163930E+001
  0.30779022E+000  0.34264365E+000  0.45254836E+000  0.59491709E+000  0.79053041E+000  0.88450883E+000  0.11852727E+001  0.18577149E+001  0.26127654E+001  0.43722073E+001  0.81163931E+001
  0.30779026E+000  0.34264368E+000  0.45254838E+000  0.59491712E+000  0.79053041E+000  0.88450886E+000  0.11852727E+001  0.18577071E+001  0.26127655E+001  0.43722083E+001  0.81163932E+001
  0.30779029E+000  0.34264371E+000  0.45254841E+000  0.59491715E+000  0.79053041E+000  0.88450888E+000  0.11852727E+001  0.18576990E+001  0.26127655E+001  0.43722092E+001  0.81163933E+001
  0.30779032E+000  0.34264373E+000  0.45254843E+000  0.59491718E+000  0.79053040E+000  0.88450890E+000  0.11852727E+001  0.18576906E+001  0.26127655E+001  0.43722101E+001  0.81163934E+001
  0.30779035E+000  0.34264375E+000  0.45254846E+000  0.59491721E+000  0.79053039E+000  0.88450892E+000  0.11852727E+001  0.18576820E+001  0.26127655E+001  0.43722110E+001  0.81163935E+001
  0.30779037E+000  0.34264377E+000  0.45254847E+000  0.59491723E+000  0.79053038E+000  0.88450894E+000  0.11852728E+001  0.18576731E+001  0.26127655E+001  0.43722118E+001  0.81163936E+001
  0.30779039E+000  0.34264379E+000  0.45254849E+000  0.59491725E+000  0.79053037E+000  0.88450895E+000  0.11852728E+001  0.18576639E+001  0.26127655E+001  0.43722126E+001  0.81163937E+001
  0.30779041E+000  0.34264380E+000  0.45254851E+000  0.59491727E+000  0.79053036E+000  0.88450897E+000  0.11852728E+001  0.18576544E+001  0.26127655E+001  0.43722134E+001  0.81163938E+001
  0.30779043E+000  0.34264381E+000  0.45254852E+000  0.59491729E+000  0.79053034E+000  0.88450898E+000  0.11852728E+001  0.18576447E+001  0.26127655E+001  0.43722141E+001  0.81163939E+001
  0.30779044E+000  0.34264382E+000  0.45254853E+000  0.59491730E+000  0.79053033E+000  0.88450899E+000  0.11852728E+001  0.18576347E+001  0.26127656E+001  0.43722147E+001  0.81163940E+001
  0.30779046E+000  0.34264383E+000  0.45254854E+000  0.59491731E+000  0.79053031E+000  0.88450900E+000  0.11852728E+001  0.18576246E+001  0.26127656E+001  0.43722153E+001  0.81163941E+001
  0.30779047E+000  0.34264384E+000  0.45254855E+000  0.59491733E+000  0.79053029E+000  0.88450900E+000  0.11852728E+001  0.18576142E+001  0.26127656E+001  0.43722159E+001  0.81163942E+001
  0.30779048E+000  0.34264385E+000  0.45254856E+000  0.59491734E+000  0.79053028E+000  0.88450901E+000  0.11852728E+001  0.18576036E+001  0.26127656E+001  0.43722164E+001  0.81163942E+001
  0.30779049E+000  0.34264385E+000  0.45254857E+000  0.59491735E+000  0.79053026E+000  0.88450901E+000  0.11852728E+001  0.18575928E+001  0.26127656E+001  0.43722168E+001  0.81163943E+001
  0.30779050E+000  0.34264386E+000  0.45254857E+000  0.59491735E+000  0.79053024E+000  0.88450902E+000  0.11852728E+001  0.18575794E+001  0.26127656E+001  0.43722172E+001  0.81163944E+001
  0.30779051E+000  0.34264386E+000  0.45254858E+000  0.59491736E+000  0.79053021E+000  0.88450902E+000  0.11852728E+001  0.18575646E+001  0.26127655E+001  0.43722175E+001  0.81163945E+001
  0.30779051E+000  0.34264386E+000  0.45254858E+000  0.59491737E+000  0.79053019E+000  0.88450903E+000  0.11852728E+001  0.18575495E+001  0.26127655E+001  0.43722177E+001  0.81163946E+001
  0.30779052E+000  0.34264386E+000  0.45254859E+000  0.59491737E+000  0.79053017E+000  0.88450903E+000  0.11852728E+001  0.18575343E+001  0.26127655E+001  0.43722179E+001  0.81163947E+001
  0.30779052E+000  0.34264386E+000  0.45254859E+000  0.59491738E+000  0.79053015E+000  0.88450903E+000  0.11852728E+001  0.18575334E+001  0.26127655E+001  0.43722180E+001  0.81163947E+001
  0.30779053E+000  0.34264386E+000  0.45254859E+000  0.59491738E+000  0.79053012E+000  0.88450903E+000  0.11852728E+001  0.18575327E+001  0.26127655E+001  0.43722181E+001  0.81163948E+001
  0.30779053E+000  0.34264386E+000  0.45254860E+000  0.59491738E+000  0.79053010E+000  0.88450903E+000  0.11852728E+001  0.18575320E+001  0.26127655E+001  0.43722180E+001  0.81163949E+001
  0.30779053E+000  0.34264386E+000  0.45254860E+000  0.59491739E+000  0.79053008E+000  0.88450903E+000  0.11852728E+001  0.18575313E+001  0.26127655E+001  0.43722179E+001  0.81163949E+001
  0.30779054E+000  0.34264386E+000  0.45254860E+000  0.59491739E+000  0.79053005E+000  0.88450903E+000  0.11852728E+001  0.18575306E+001  0.26127655E+001  0.43722178E+001  0.81163950E+001
  0.30779054E+000  0.34264386E+000  0.45254860E+000  0.59491739E+000  0.79053003E+000  0.88450903E+000  0.11852728E+001  0.18575299E+001  0.26127655E+001  0.43722175E+001  0.81163951E+001
  0.30779054E+000  0.34264386E+000  0.45254860E+000  0.59491739E+000  0.79053000E+000  0.88450903E+000  0.11852728E+001  0.18575291E+001  0.26127655E+001  0.43722172E+001  0.81163951E+001
  0.30779054E+000  0.34264386E+000  0.45254860E+000  0.59491739E+000  0.79052998E+000  0.88450903E+000  0.11852728E+001  0.18575284E+001  0.26127655E+001  0.43722168E+001  0.81163952E+001
  0.30779054E+000  0.34264385E+000  0.45254860E+000  0.59491739E+000  0.79052995E+000  0.88450903E+000  0.11852728E+001  0.18575277E+001  0.26127654E+001  0.43722163E+001  0.81163952E+001
  0.30779054E+000  0.34264385E+000  0.45254860E+000  0.59491739E+000  0.79052993E+000  0.88450902E+000  0.11852728E+001  0.18575270E+001  0.26127654E+001  0.43722158E+001  0.81163953E+001
  0.30779054E+000  0.34264385E+000  0.45254860E+000  0.59491739E+000  0.79052991E+000  0.88450902E+000  0.11852728E+001  0.18575263E+001  0.26127654E+001  0.43722152E+001  0.81163953E+001
  0.30779054E+000  0.34264385E+000  0.45254860E+000  0.59491739E+000  0.79052988E+000  0.88450902E+000  0.11852728E+001  0.18575256E+001  0.26127654E+001  0.43722145E+001  0.81163954E+001
  0.30779054E+000  0.34264384E+000  0.45254860E+000  0.59491739E+000  0.79052986E+000  0.88450902E+000  0.11852728E+001  0.18575249E+001  0.26127654E+001  0.43722138E+001  0.81163954E+001
  0.30779054E+000  0.34264384E+000  0.45254860E+000  0.59491739E+000  0.79052983E+000  0.88450902E+000  0.11852728E+001  0.18575242E+001  0.26127654E+001  0.43722129E+001  0.81163954E+001
  0.30779054E+000  0.34264384E+000  0.45254859E+000  0.59491739E+000  0.79052981E+000  0.88450901E+000  0.11852728E+001  0.18575235E+001  0.26127653E+001  0.43722121E+001  0.81163955E+001
  0.30779054E+000  0.34264384E+000  0.45254859E+000  0.59491739E+000  0.79052978E+000  0.88450901E+000  0.11852728E+001  0.18575228E+001  0.26127653E+001  0.43722111E+001  0.81163955E+001
  0.30779054E+000  0.34264383E+000  0.45254859E+000  0.59491739E+000  0.79052976E+000  0.88450901E+000  0.11852728E+001  0.18575221E+001  0.26127653E+001  0.43722101E+001  0.81163955E+001
  0.30779054E+000  0.34264383E+000  0.45254859E+000  0.59491739E+000  0.79052973E+000  0.88450901E+000  0.11852728E+001  0.18575214E+001  0.26127653E+001  0.43722090E+001  0.81163955E+001
  0.30779054E+000  0.34264383E+000  0.45254859E+000  0.59491739E+000  0.79052971E+000  0.88450900E+000  0.11852728E+001  0.18575207E+001  0.26127653E+001  0.43722079E+001  0.81163956E+001
  0.30779054E+000  0.34264382E+000  0.45254859E+000  0.59491739E+000  0.79052968E+000  0.88450900E+000  0.11852728E+001  0.18575201E+001  0.26127653E+001  0.43722067E+001  0.81163956E+001
  0.30779053E+000  0.34264382E+000  0.45254859E+000  0.59491739E+000  0.79052966E+000  0.88450900E+000  0.11852728E+001  0.18575194E+001  0.26127652E+001  0.43722054E+001  0.81163956E+001
  0.30779053E+000  0.34264382E+000  0.45254859E+000  0.59491738E+000  0.79052964E+000  0.88450900E+000  0.11852728E+001  0.18575187E+001  0.26127652E+001  0.43722041E+001  0.81163956E+001
  0.30779053E+000  0.34264381E+000  0.45254858E+000  0.59491738E+000  0.79052961E+000  0.88450899E+000  0.11852728E+001  0.18575181E+001  0.26127652E+001  0.43722027E+001  0.81163956E+001
  0.30779053E+000  0.34264381E+000  0.45254858E+000  0.59491738E+000  0.79052959E+000  0.88450899E+000  0.11852728E+001  0.18575174E+001  0.26127652E+001  0.43722013E+001  0.81163956E+001
  0.30779053E+000  0.34264381E+000  0.45254858E+000  0.59491738E+000  0.79052957E+000  0.88450899E+000  0.11852728E+001  0.18575168E+001  0.26127652E+001  0.43721999E+001  0.81163955E+001
  0.30779053E+000  0.34264381E+000  0.45254858E+000  0.59491738E+000  0.79052954E+000  0.88450899E+000  0.11852728E+001  0.18575162E+001  0.26127652E+001  0.43721984E+001  0.81163955E+001
  0.30779053E+000  0.34264380E+000  0.45254858E+000  0.59491738E+000  0.79052952E+000  0.88450898E+000  0.11852728E+001  0.18575155E+001  0.26127651E+001  0.43721968E+001  0.81163955E+001
  0.30779053E+000  0.34264380E+000  0.45254858E+000  0.59491738E+000  0.79052950E+000  0.88450898E+000  0.11852728E+001  0.18575149E+001  0.26127651E+001  0.43721953E+001  0.81163955E+001
  0.30779053E+000  0.34264380E+000  0.45254858E+000  0.59491738E+000  0.79052948E+000  0.88450898E+000  0.11852728E+001  0.18575143E+001  0.26127651E+001  0.43721936E+001  0.81163954E+001
  0.30779052E+000  0.34264380E+000  0.45254858E+000  0.59491738E+000  0.79052946E+000  0.88450898E+000  0.11852728E+001  0.18575137E+001  0.26127651E+001  0.43721920E+001  0.81163954E+001
  0.30779052E+000  0.34264379E+000  0.45254857E+000  0.59491737E+000  0.79052944E+000  0.88450897E+000  0.11852728E+001  0.18575131E+001  0.26127651E+001  0.43721903E+001  0.81163954E+001
  0.30779052E+000  0.34264379E+000  0.45254857E+000  0.59491737E+000  0.79052942E+000  0.88450897E+000  0.11852728E+001  0.18575125E+001  0.26127651E+001  0.43721886E+001  0.81163953E+001
  0.30779052E+000  0.34264379E+000  0.45254857E+000  0.59491737E+000  0.79052940E+000  0.88450897E+000  0.11852728E+001  0.18575120E+001  0.26127650E+001  0.43721869E+001  0.81163953E+001
  0.30779052E+000  0.34264379E+000  0.45254857E+000  0.59491737E+000  0.79052938E+000  0.88450897E+000  0.11852728E+001  0.18575114E+001  0.26127650E+001  0.43721852E+001  0.81163952E+001
  0.30779052E+000  0.34264379E+000  0.45254857E+000  0.59491737E+000  0.79052936E+000  0.88450897E+000  0.11852728E+001  0.18575108E+001  0.26127650E+001  0.43721834E+001  0.81163952E+001
  0.30779052E+000  0.34264378E+000  0.45254857E+000  0.59491737E+000  0.79052934E+000  0.88450896E+000  0.11852728E+001  0.18575103E+001  0.26127650E+001  0.43721817E+001  0.81163951E+001
  0.30779052E+000  0.34264378E+000  0.45254857E+000  0.59491737E+000  0.79052932E+000  0.88450896E+000  0.11852728E+001  0.18575097E+001  0.26127650E+001  0.43721799E+001  0.81163950E+001
  0.30779052E+000  0.34264378E+000  0.45254857E+000  0.59491737E+000  0.79052931E+000  0.88450896E+000  0.11852728E+001  0.18575092E+001  0.26127650E+001  0.43721781E+001  0.81163950E+001
  0.30779052E+000  0.34264378E+000  0.45254857E+000  0.59491737E+000  0.79052929E+000  0.88450896E+000  0.11852728E+001  0.18575086E+001  0.26127650E+001  0.43721763E+001  0.81163949E+001
  0.30779051E+000  0.34264378E+000  0.45254857E+000  0.59491737E+000  0.79052928E+000  0.88450896E+000  0.11852728E+001  0.18575081E+001  0.26127649E+001  0.43721745E+001  0.81163948E+001
  0.30779051E+000  0.34264378E+000  0.45254856E+000  0.59491737E+000  0.79052926E+000  0.88450896E+000  0.11852728E+001  0.18575076E+001  0.26127649E+001  0.43721727E+001  0.81163948E+001
  0.30779051E+000  0.34264377E+000  0.45254856E+000  0.59491737E+000  0.79052925E+000  0.88450895E+000  0.11852728E+001  0.18575071E+001  0.26127649E+001  0.43721709E+001  0.81163947E+001
  0.30779051E+000  0.34264377E+000  0.45254856E+000  0.59491736E+000  0.79052923E+000  0.88450895E+000  0.11852728E+001  0.18575066E+001  0.26127649E+001  0.43721691E+001  0.81163946E+001
  0.30779051E+000  0.34264377E+000  0.45254856E+000  0.59491736E+000  0.79052922E+000  0.88450895E+000  0.11852728E+001  0.18575061E+001  0.26127649E+001  0.43721673E+001  0.81163945E+001
  0.30779051E+000  0.34264377E+000  0.45254856E+000  0.59491736E+000  0.79052921E+000  0.88450895E+000  0.11852728E+001  0.18575056E+001  0.26127649E+001  0.43721655E+001  0.81163944E+001
  0.30779051E+000  0.34264377E+000  0.45254856E+000  0.59491736E+000  0.79052919E+000  0.88450895E+000  0.11852728E+001  0.18575051E+001  0.26127649E+001  0.43721637E+001  0.81163943E+001
  0.30779051E+000  0.34264377E+000  0.45254856E+000  0.59491736E+000  0.79052918E+000  0.88450895E+000  0.11852728E+001  0.18575046E+001  0.26127648E+001  0.43721620E+001  0.81163943E+001
  0.30779051E+000  0.34264377E+000  0.45254856E+000  0.59491736E+000  0.79052917E+000  0.88450895E+000  0.11852728E+001  0.18575042E+001  0.26127648E+001  0.43721602E+001  0.81163942E+001
  0.30779051E+000  0.34264377E+000  0.45254856E+000  0.59491736E+000  0.79052916E+000  0.88450895E+000  0.11852728E+001  0.18575037E+001  0.26127648E+001  0.43721585E+001  0.81163941E+001
  0.30779051E+000  0.34264377E+000  0.45254856E+000  0.59491736E+000  0.79052915E+000  0.88450895E+000  0.11852728E+001  0.18575033E+001  0.26127648E+001  0.43721567E+001  0.81163940E+001
  0.30779051E+000  0.34264376E+000  0.45254856E+000  0.59491736E+000  0.79052914E+000  0.88450894E+000  0.11852727E+001  0.18575028E+001  0.26127648E+001  0.43721550E+001  0.81163939E+001
  0.30779051E+000  0.34264376E+000  0.45254856E+000  0.59491736E+000  0.79052913E+000  0.88450894E+000  0.11852727E+001  0.18575024E+001  0.26127648E+001  0.43721533E+001  0.81163938E+001
  0.30779051E+000  0.34264376E+000  0.45254856E+000  0.59491736E+000  0.79052912E+000  0.88450894E+000  0.11852727E+001  0.18575020E+001  0.26127648E+001  0.43721516E+001  0.81163937E+001
  0.30779051E+000  0.34264376E+000  0.45254856E+000  0.59491736E+000  0.79052911E+000  0.88450894E+000  0.11852727E+001  0.18575016E+001  0.26127648E+001  0.43721499E+001  0.81163936E+001
  0.30779051E+000  0.34264376E+000  0.45254856E+000  0.59491736E+000  0.79052910E+000  0.88450894E+000  0.11852727E+001  0.18575012E+001  0.26127648E+001  0.43721483E+001  0.81163935E+001
  0.30779050E+000  0.34264376E+000  0.45254856E+000  0.59491736E+000  0.79052910E+000  0.88450894E+000  0.11852727E+001  0.18575008E+001  0.26127647E+001  0.43721466E+001  0.81163934E+001
  0.30779050E+000  0.34264376E+000  0.45254856E+000  0.59491736E+000  0.79052909E+000  0.88450894E+000  0.11852727E+001  0.18575004E+001  0.26127647E+001  0.43721450E+001  0.81163933E+001
  0.30779050E+000  0.34264376E+000  0.45254856E+000  0.59491736E+000  0.79052908E+000  0.88450894E+000  0.11852727E+001  0.18575000E+001  0.26127647E+001  0.43721434E+001  0.81163932E+001
  0.30779050E+000  0.34264376E+000  0.45254855E+000  0.59491736E+000  0.79052908E+000  0.88450894E+000  0.11852727E+001  0.18574997E+001  0.26127647E+001  0.43721419E+001  0.81163931E+001
  0.30779050E+000  0.34264376E+000  0.45254855E+000  0.59491736E+000  0.79052907E+000  0.88450894E+000  0.11852727E+001  0.18574993E+001  0.26127647E+001  0.43721403E+001  0.81163930E+001
  0.30779050E+000  0.34264376E+000  0.45254855E+000  0.59491736E+000  0.79052906E+000  0.88450894E+000  0.11852727E+001  0.18574989E+001  0.26127647E+001  0.43721388E+001  0.81163929E+001
  0.30779050E+000  0.34264376E+000  0.45254855E+000  0.59491736E+000  0.79052906E+000  0.88450894E+000  0.11852727E+001  0.18574986E+001  0.26127647E+001  0.43721373E+001  0.81163928E+001
  0.30779050E+000  0.34264376E+000  0.45254855E+000  0.59491736E+000  0.79052905E+000  0.88450894E+000  0.11852727E+001  0.18574983E+001  0.26127647E+001  0.43721358E+001  0.81163927E+001
  0.30779050E+000  0.34264376E+000  0.45254855E+000  0.59491736E+000  0.79052905E+000  0.88450894E+000  0.11852727E+001  0.18574980E+001  0.26127647E+001  0.43721343E+001  0.81163926E+001
  0.30779050E+000  0.34264376E+000  0.45254855E+000  0.59491736E+000  0.79052904E+000  0.88450894E+000  0.11852727E+001  0.18574977E+001  0.26127646E+001  0.43721329E+001  0.81163925E+001
  0.30779050E+000  0.34264376E+000  0.45254855E+000  0.59491735E+000  0.79052904E+000  0.88450893E+000  0.11852727E+001  0.18574974E+001  0.26127646E+001  0.43721315E+001  0.81163924E+001
  0.30779050E+000  0.34264376E+000  0.45254855E+000  0.59491735E+000  0.79052904E+000  0.88450893E+000  0.11852727E+001  0.18574971E+001  0.26127646E+001  0.43721301E+001  0.81163923E+001
  0.30779050E+000  0.34264376E+000  0.45254855E+000  0.59491735E+000  0.79052903E+000  0.88450893E+000  0.11852727E+001  0.18574968E+001  0.26127646E+001  0.43721288E+001  0.81163922E+001
  0.30779050E+000  0.34264376E+000  0.45254855E+000  0.59491735E+000  0.79052903E+000  0.88450893E+000  0.11852727E+001  0.18574965E+001  0.26127646E+001  0.43721274E+001  0.81163921E+001
  0.30779050E+000  0.34264376E+000  0.45254855E+000  0.59491735E+000  0.79052903E+000  0.88450893E+000  0.11852727E+001  0.18574963E+001  0.26127646E+001  0.43721261E+001  0.81163920E+001
  0.30779050E+000  0.34264376E+000  0.45254855E+000  0.59491735E+000  0.79052902E+000  0.88450893E+000  0.11852727E+001  0.18574960E+001  0.26127646E+001  0.43721248E+001  0.81163919E+001
  0.30779050E+000  0.34264376E+000  0.45254855E+000  0.59491735E+000  0.79052902E+000  0.88450893E+000  0.11852727E+001  0.18574958E+001  0.26127646E+001  0.43721236E+001  0.81163919E+001
  0.30779050E+000  0.34264376E+000  0.45254855E+000  0.59491735E+000  0.79052902E+000  0.88450893E+000  0.11852727E+001  0.18574955E+001  0.26127646E+001  0.43721224E+001  0.81163918E+001
  0.30779050E+000  0.34264375E+000  0.45254855E+000  0.59491736E+000  0.79052901E+000  0.88450893E+000  0.11852727E+001  0.18574953E+001  0.26127646E+001  0.43721212E+001  0.81163917E+001
  0.30779050E+000  0.34264375E+000  0.45254855E+000  0.59491736E+000  0.79052901E+000  0.88450893E+000  0.11852727E+001  0.18574951E+001  0.26127646E+001  0.43721200E+001  0.81163916E+001
