  0.15690432E+000  0.20439892E+000  0.39873511E+000  0.60069623E+000  0.90929913E+000  0.10482374E+001  0.15616815E+001  0.34682282E+001  0.50328833E+001  0.86252299E+001  0.13804026E+002
  0.15703139E+000  0.20445713E+000  0.39879648E+000  0.60072353E+000  0.90993053E+000  0.10489334E+001  0.15617406E+001  0.34683103E+001  0.50329156E+001  0.86252579E+001  0.13804032E+002
  0.15711265E+000  0.20449936E+000  0.39884722E+000  0.60074190E+000  0.91053026E+000  0.10495361E+001  0.15617603E+001  0.34683753E+001  0.50329458E+001  0.86252884E+001  0.13804038E+002
  0.15718618E+000  0.20453823E+000  0.39890122E+000  0.60077121E+000  0.91098559E+000  0.10500244E+001  0.15617758E+001  0.34684262E+001  0.50329712E+001  0.86253177E+001  0.13804043E+002
  0.15726628E+000  0.20456763E+000  0.39894068E+000  0.60080208E+000  0.91129941E+000  0.10504398E+001  0.15618031E+001  0.34684660E+001  0.50330554E+001  0.86253443E+001  0.13804047E+002
  0.15732472E+000  0.20459055E+000  0.39897132E+000  0.60084364E+000  0.91183324E+000  0.10508228E+001  0.15618369E+001  0.34684971E+001  0.50331356E+001  0.86253679E+001  0.13804051E+002
  0.15735027E+000  0.20461513E+000  0.39899704E+000  0.60084740E+000  0.91194219E+000  0.10511324E+001  0.15618739E+001  0.34685216E+001  0.50330215E+001  0.86253884E+001  0.13804054E+002
  0.15741326E+000  0.20476411E+000  0.39902168E+000  0.60086130E+000  0.91216178E+000  0.10514004E+001  0.15619010E+001  0.34685410E+001  0.50330313E+001  0.86254061E+001  0.13804057E+002
  0.15742157E+000  0.20478901E+000  0.39904328E+000  0.60087250E+000  0.91238287E+000  0.10515949E+001  0.15619220E+001  0.34682428E+001  0.50330384E+001  0.86254213E+001  0.13804059E+002
  0.15743685E+000  0.20479246E+000  0.39906167E+000  0.60088205E+000  0.91257038E+000  0.10518209E+001  0.15619396E+001  0.34682927E+001  0.50330433E+001  0.86254343E+001  0.13804061E+002
  0.15744974E+000  0.20479709E+000  0.39907730E+000  0.60089058E+000  0.91273173E+000  0.10518982E+001  0.15619553E+001  0.34683334E+001  0.50330463E+001  0.86254454E+001  0.13804063E+002
  0.15746068E+000  0.20480270E+000  0.39909058E+000  0.60089854E+000  0.91286105E+000  0.10520769E+001  0.15619702E+001  0.34683668E+001  0.50330479E+001  0.86254549E+001  0.13804064E+002
  0.15753613E+000  0.20481493E+000  0.39910183E+000  0.60091228E+000  0.91297835E+000  0.10522040E+001  0.15619850E+001  0.34683944E+001  0.50330485E+001  0.86254630E+001  0.13804065E+002
  0.15754448E+000  0.20484531E+000  0.39909412E+000  0.60093945E+000  0.91304795E+000  0.10523161E+001  0.15620008E+001  0.34684172E+001  0.50330483E+001  0.86254698E+001  0.13804066E+002
  0.15755155E+000  0.20487023E+000  0.39910093E+000  0.60092107E+000  0.91315836E+000  0.10524226E+001  0.15620197E+001  0.34684361E+001  0.50330475E+001  0.86254757E+001  0.13804067E+002
  0.15755755E+000  0.20489062E+000  0.39911246E+000  0.60092844E+000  0.91319818E+000  0.10524658E+001  0.15620381E+001  0.34684518E+001  0.50330464E+001  0.86254806E+001  0.13804068E+002
  0.15756264E+000  0.20490726E+000  0.39912243E+000  0.60093580E+000  0.91327511E+000  0.10524916E+001  0.15620562E+001  0.34684649E+001  0.50330451E+001  0.86254848E+001  0.13804069E+002
  0.15756697E+000  0.20492082E+000  0.39913080E+000  0.60094315E+000  0.91334109E+000  0.10525778E+001  0.15620740E+001  0.34684758E+001  0.50330436E+001  0.86254884E+001  0.13804069E+002
  0.15757063E+000  0.20493185E+000  0.39913779E+000  0.60095048E+000  0.91338577E+000  0.10525959E+001  0.15618767E+001  0.34684848E+001  0.50330421E+001  0.86254914E+001  0.13804069E+002
  0.15757374E+000  0.20494288E+000  0.39912246E+000  0.60095778E+000  0.91341042E+000  0.10526113E+001  0.15618982E+001  0.34684924E+001  0.50330406E+001  0.86254939E+001  0.13804070E+002
  0.15757636E+000  0.20494462E+000  0.39912504E+000  0.60096504E+000  0.91343124E+000  0.10527134E+001  0.15619162E+001  0.34684986E+001  0.50330390E+001  0.86254960E+001  0.13804070E+002
  0.15761762E+000  0.20494620E+000  0.39912723E+000  0.60097225E+000  0.91344878E+000  0.10527360E+001  0.15619313E+001  0.34685038E+001  0.50330375E+001  0.86254978E+001  0.13804070E+002
  0.15761819E+000  0.20494763E+000  0.39912909E+000  0.60097939E+000  0.91346479E+000  0.10527625E+001  0.15619438E+001  0.34685082E+001  0.50330361E+001  0.86254993E+001  0.13804071E+002
  0.15761867E+000  0.20494891E+000  0.39913066E+000  0.60098547E+000  0.91347904E+000  0.10527702E+001  0.15619542E+001  0.34685117E+001  0.50330346E+001  0.86255006E+001  0.13804071E+002
  0.15761907E+000  0.20495004E+000  0.39913199E+000  0.60098761E+000  0.91349092E+000  0.10527765E+001  0.15621897E+001  0.34685147E+001  0.50330332E+001  0.86255016E+001  0.13804071E+002
  0.15761942E+000  0.20495103E+000  0.39913312E+000  0.60098913E+000  0.91350076E+000  0.10527818E+001  0.15622051E+001  0.34685171E+001  0.50330318E+001  0.86255024E+001  0.13804071E+002
  0.15761971E+000  0.20495188E+000  0.39913406E+000  0.60099102E+000  0.91350886E+000  0.10528166E+001  0.15622201E+001  0.34685191E+001  0.50330304E+001  0.86255031E+001  0.13804071E+002
  0.15761996E+000  0.20495262E+000  0.39913486E+000  0.60099310E+000  0.91351550E+000  0.10528201E+001  0.15622347E+001  0.34685207E+001  0.50330291E+001  0.86255036E+001  0.13804071E+002
  0.15762016E+000  0.20495324E+000  0.39913554E+000  0.60099504E+000  0.91352089E+000  0.10528229E+001  0.15622491E+001  0.34685220E+001  0.50330277E+001  0.86255041E+001  0.13804071E+002
  0.15762032E+000  0.20495377E+000  0.39913611E+000  0.60099688E+000  0.91352522E+000  0.10528252E+001  0.15622630E+001  0.34685231E+001  0.50330264E+001  0.86255044E+001  0.13804071E+002
  0.15762046E+000  0.20495421E+000  0.39913659E+000  0.60099861E+000  0.91352867E+000  0.10528270E+001  0.15622766E+001  0.34685239E+001  0.50330251E+001  0.86255047E+001  0.13804071E+002
  0.15762057E+000  0.20495457E+000  0.39913700E+000  0.60100027E+000  0.91353137E+000  0.10528284E+001  0.15622898E+001  0.34685246E+001  0.50330239E+001  0.86255049E+001  0.13804071E+002
  0.15762065E+000  0.20495486E+000  0.39913734E+000  0.60100184E+000  0.91353346E+000  0.10528295E+001  0.15623026E+001  0.34685252E+001  0.50330226E+001  0.86255050E+001  0.13804071E+002
  0.15762071E+000  0.20495510E+000  0.39913764E+000  0.60100335E+000  0.91353505E+000  0.10528508E+001  0.15623150E+001  0.34685256E+001  0.50330214E+001  0.86255052E+001  0.13804071E+002
  0.15762076E+000  0.20495528E+000  0.39913790E+000  0.60100479E+000  0.91353621E+000  0.10528513E+001  0.15623270E+001  0.34685259E+001  0.50330202E+001  0.86255052E+001  0.13804071E+002
  0.15762079E+000  0.20495542E+000  0.39913812E+000  0.60100618E+000  0.91353703E+000  0.10528516E+001  0.15623386E+001  0.34685262E+001  0.50330190E+001  0.86255053E+001  0.13804071E+002
  0.15762080E+000  0.20495553E+000  0.39913831E+000  0.60100751E+000  0.91353758E+000  0.10528518E+001  0.15623498E+001  0.34685264E+001  0.50330179E+001  0.86255053E+001  0.13804071E+002
  0.15762081E+000  0.20495560E+000  0.39913848E+000  0.60100880E+000  0.91353791E+000  0.10528518E+001  0.15623606E+001  0.34685265E+001  0.50330168E+001  0.86255053E+001  0.13804071E+002
  0.15762081E+000  0.20495565E+000  0.39913864E+000  0.60101004E+000  0.91353806E+000  0.10528517E+001  0.15623709E+001  0.34685266E+001  0.50330157E+001  0.86255053E+001  0.13804071E+002
  0.15762080E+000  0.20495567E+000  0.39913878E+000  0.60101124E+000  0.91353808E+000  0.10528516E+001  0.15623808E+001  0.34685267E+001  0.50330147E+001  0.86255053E+001  0.13804071E+002
  0.15762078E+000  0.20495568E+000  0.39913891E+000  0.60101240E+000  0.91353800E+000  0.10528514E+001  0.15623903E+001  0.34685268E+001  0.50330138E+001  0.86255052E+001  0.13804071E+002
  0.15762076E+000  0.20495567E+000  0.39913903E+000  0.60101351E+000  0.91353783E+000  0.10528512E+001  0.15623993E+001  0.34685268E+001  0.50330128E+001  0.86255052E+001  0.13804071E+002
  0.15762073E+000  0.20495565E+000  0.39913914E+000  0.60101459E+000  0.91353760E+000  0.10528509E+001  0.15624078E+001  0.34685269E+001  0.50330119E+001  0.86255052E+001  0.13804071E+002
  0.15762070E+000  0.20495562E+000  0.39913925E+000  0.60101562E+000  0.91353733E+000  0.10528507E+001  0.15624159E+001  0.34685269E+001  0.50330111E+001  0.86255051E+001  0.13804071E+002
  0.15762066E+000  0.20495558E+000  0.39913934E+000  0.60101662E+000  0.91353703E+000  0.10528504E+001  0.15624235E+001  0.34685270E+001  0.50330103E+001  0.86255051E+001  0.13804071E+002
  0.15762062E+000  0.20495553E+000  0.39913944E+000  0.60101757E+000  0.91353670E+000  0.10528501E+001  0.15624307E+001  0.34685270E+001  0.50330096E+001  0.86255051E+001  0.13804071E+002
  0.15762057E+000  0.20495548E+000  0.39913952E+000  0.60101849E+000  0.91353636E+000  0.10528498E+001  0.15624374E+001  0.34685270E+001  0.50330089E+001  0.86255050E+001  0.13804071E+002
  0.15762053E+000  0.20495543E+000  0.39913961E+000  0.60101936E+000  0.91353601E+000  0.10528301E+001  0.15624436E+001  0.34685271E+001  0.50330082E+001  0.86255050E+001  0.13804071E+002
  0.15762048E+000  0.20495537E+000  0.39913968E+000  0.60102020E+000  0.91353566E+000  0.10528298E+001  0.15624494E+001  0.34685271E+001  0.50330076E+001  0.86255050E+001  0.13804071E+002
  0.15762042E+000  0.20495531E+000  0.39913975E+000  0.60102099E+000  0.91353530E+000  0.10528296E+001  0.15624548E+001  0.34685271E+001  0.50330071E+001  0.86255049E+001  0.13804071E+002
  0.15762037E+000  0.20495524E+000  0.39913981E+000  0.60102174E+000  0.91353494E+000  0.10528294E+001  0.15624600E+001  0.34685272E+001  0.50330066E+001  0.86255049E+001  0.13804071E+002
  0.15762031E+000  0.20495518E+000  0.39913987E+000  0.60102244E+000  0.91353458E+000  0.10528291E+001  0.15624648E+001  0.34685272E+001  0.50330062E+001  0.86255049E+001  0.13804071E+002
  0.15762025E+000  0.20495511E+000  0.39913992E+000  0.60102311E+000  0.91353423E+000  0.10528289E+001  0.15624691E+001  0.34685273E+001  0.50330059E+001  0.86255049E+001  0.13804071E+002
  0.15762018E+000  0.20495504E+000  0.39913997E+000  0.60102373E+000  0.91353388E+000  0.10528287E+001  0.15624731E+001  0.34685273E+001  0.50330056E+001  0.86255049E+001  0.13804071E+002
  0.15762012E+000  0.20495497E+000  0.39914000E+000  0.60102432E+000  0.91353354E+000  0.10528285E+001  0.15624766E+001  0.34685273E+001  0.50330053E+001  0.86255049E+001  0.13804071E+002
  0.15762005E+000  0.20495491E+000  0.39914003E+000  0.60102486E+000  0.91353320E+000  0.10528283E+001  0.15624799E+001  0.34685274E+001  0.50330051E+001  0.86255049E+001  0.13804071E+002
  0.15761999E+000  0.20495484E+000  0.39914006E+000  0.60102536E+000  0.91353287E+000  0.10528281E+001  0.15624828E+001  0.34685274E+001  0.50330050E+001  0.86255049E+001  0.13804071E+002
  0.15761992E+000  0.20495477E+000  0.39914007E+000  0.60102582E+000  0.91353255E+000  0.10528279E+001  0.15624854E+001  0.34685275E+001  0.50330049E+001  0.86255049E+001  0.13804071E+002
  0.15761985E+000  0.20495470E+000  0.39914008E+000  0.60102624E+000  0.91353223E+000  0.10528277E+001  0.15624877E+001  0.34685275E+001  0.50330049E+001  0.86255049E+001  0.13804071E+002
  0.15761979E+000  0.20495464E+000  0.39914008E+000  0.60102662E+000  0.91353192E+000  0.10528275E+001  0.15624897E+001  0.34685275E+001  0.50330050E+001  0.86255049E+001  0.13804071E+002
  0.15761972E+000  0.20495457E+000  0.39914008E+000  0.60102696E+000  0.91353162E+000  0.10528274E+001  0.15624916E+001  0.34685276E+001  0.50330051E+001  0.86255049E+001  0.13804071E+002
  0.15761965E+000  0.20495451E+000  0.39914006E+000  0.60102727E+000  0.91353133E+000  0.10528272E+001  0.15624931E+001  0.34685276E+001  0.50330052E+001  0.86255050E+001  0.13804071E+002
  0.15761959E+000  0.20495444E+000  0.39914004E+000  0.60102754E+000  0.91353105E+000  0.10528270E+001  0.15624945E+001  0.34685277E+001  0.50330055E+001  0.86255050E+001  0.13804071E+002
  0.15761952E+000  0.20495438E+000  0.39914002E+000  0.60102778E+000  0.91353077E+000  0.10528269E+001  0.15624958E+001  0.34685277E+001  0.50330057E+001  0.86255050E+001  0.13804071E+002
  0.15761946E+000  0.20495432E+000  0.39913998E+000  0.60102799E+000  0.91353051E+000  0.10528267E+001  0.15624968E+001  0.34685277E+001  0.50330061E+001  0.86255051E+001  0.13804071E+002
  0.15761939E+000  0.20495426E+000  0.39913994E+000  0.60102816E+000  0.91353025E+000  0.10528266E+001  0.15624977E+001  0.34685278E+001  0.50330064E+001  0.86255051E+001  0.13804071E+002
  0.15761933E+000  0.20495421E+000  0.39913989E+000  0.60102831E+000  0.91353000E+000  0.10528265E+001  0.15624984E+001  0.34685278E+001  0.50330069E+001  0.86255052E+001  0.13804071E+002
  0.15761927E+000  0.20495415E+000  0.39913984E+000  0.60102843E+000  0.91352976E+000  0.10528264E+001  0.15624991E+001  0.34685279E+001  0.50330073E+001  0.86255052E+001  0.13804071E+002
  0.15761921E+000  0.20495410E+000  0.39913978E+000  0.60102852E+000  0.91352954E+000  0.10528262E+001  0.15624996E+001  0.34685279E+001  0.50330079E+001  0.86255053E+001  0.13804071E+002
  0.15761915E+000  0.20495404E+000  0.39913972E+000  0.60102859E+000  0.91352931E+000  0.10528261E+001  0.15625000E+001  0.34685280E+001  0.50330084E+001  0.86255054E+001  0.13804071E+002
  0.15761910E+000  0.20495399E+000  0.39913965E+000  0.60102863E+000  0.91352910E+000  0.10528260E+001  0.15625003E+001  0.34685280E+001  0.50330090E+001  0.86255054E+001  0.13804071E+002
  0.15761904E+000  0.20495394E+000  0.39913957E+000  0.60102865E+000  0.91352889E+000  0.10528259E+001  0.15625005E+001  0.34685281E+001  0.50330097E+001  0.86255055E+001  0.13804071E+002
  0.15761899E+000  0.20495389E+000  0.39913949E+000  0.60102866E+000  0.91352869E+000  0.10528258E+001  0.15625007E+001  0.34685281E+001  0.50330104E+001  0.86255056E+001  0.13804071E+002
  0.15761893E+000  0.20495385E+000  0.39913941E+000  0.60102864E+000  0.91352850E+000  0.10528257E+001  0.15625008E+001  0.34685282E+001  0.50330111E+001  0.86255057E+001  0.13804071E+002
  0.15761888E+000  0.20495380E+000  0.39913932E+000  0.60102861E+000  0.91352830E+000  0.10528256E+001  0.15625008E+001  0.34685282E+001  0.50330118E+001  0.86255058E+001  0.13804071E+002
  0.15761883E+000  0.20495375E+000  0.39913922E+000  0.60102856E+000  0.91352812E+000  0.10528256E+001  0.15625008E+001  0.34685283E+001  0.50330126E+001  0.86255058E+001  0.13804071E+002
  0.15761878E+000  0.20495371E+000  0.39913912E+000  0.60102850E+000  0.91352793E+000  0.10528255E+001  0.15625007E+001  0.34685283E+001  0.50330134E+001  0.86255059E+001  0.13804071E+002
  0.15761873E+000  0.20495366E+000  0.39913902E+000  0.60102842E+000  0.91352775E+000  0.10528254E+001  0.15625006E+001  0.34685284E+001  0.50330142E+001  0.86255060E+001  0.13804071E+002
  0.15761868E+000  0.20495362E+000  0.39913892E+000  0.60102834E+000  0.91352758E+000  0.10528253E+001  0.15625004E+001  0.34685284E+001  0.50330151E+001  0.86255062E+001  0.13804071E+002
  0.15761863E+000  0.20495357E+000  0.39913881E+000  0.60102824E+000  0.91352740E+000  0.10528252E+001  0.15625002E+001  0.34685284E+001  0.50330160E+001  0.86255063E+001  0.13804071E+002
  0.15761858E+000  0.20495353E+000  0.39913870E+000  0.60102813E+000  0.91352723E+000  0.10528252E+001  0.15625000E+001  0.34685285E+001  0.50330169E+001  0.86255064E+001  0.13804071E+002
  0.15761853E+000  0.20495349E+000  0.39913859E+000  0.60102802E+000  0.91352706E+000  0.10528251E+001  0.15624997E+001  0.34685285E+001  0.50330178E+001  0.86255065E+001  0.13804071E+002
  0.15761848E+000  0.20495344E+000  0.39913848E+000  0.60102790E+000  0.91352689E+000  0.10528250E+001  0.15624995E+001  0.34685286E+001  0.50330187E+001  0.86255066E+001  0.13804071E+002
  0.15761844E+000  0.20495340E+000  0.39913837E+000  0.60102778E+000  0.91352672E+000  0.10528249E+001  0.15624992E+001  0.34685286E+001  0.50330196E+001  0.86255067E+001  0.13804071E+002
  0.15761839E+000  0.20495336E+000  0.39913826E+000  0.60102765E+000  0.91352656E+000  0.10528249E+001  0.15624989E+001  0.34685287E+001  0.50330205E+001  0.86255069E+001  0.13804071E+002
  0.15761835E+000  0.20495332E+000  0.39913815E+000  0.60102752E+000  0.91352640E+000  0.10528248E+001  0.15624986E+001  0.34685287E+001  0.50330215E+001  0.86255070E+001  0.13804071E+002
  0.15761830E+000  0.20495329E+000  0.39913805E+000  0.60102738E+000  0.91352624E+000  0.10528247E+001  0.15624982E+001  0.34685287E+001  0.50330224E+001  0.86255071E+001  0.13804071E+002
  0.15761826E+000  0.20495325E+000  0.39913794E+000  0.60102725E+000  0.91352609E+000  0.10528246E+001  0.15624979E+001  0.34685287E+001  0.50330234E+001  0.86255073E+001  0.13804071E+002
  0.15761822E+000  0.20495321E+000  0.39913784E+000  0.60102711E+000  0.91352594E+000  0.10528246E+001  0.15624976E+001  0.34685288E+001  0.50330243E+001  0.86255074E+001  0.13804071E+002
  0.15761818E+000  0.20495318E+000  0.39913774E+000  0.60102698E+000  0.91352580E+000  0.10528245E+001  0.15624972E+001  0.34685288E+001  0.50330252E+001  0.86255076E+001  0.13804071E+002
  0.15761815E+000  0.20495315E+000  0.39913764E+000  0.60102684E+000  0.91352566E+000  0.10528245E+001  0.15624969E+001  0.34685288E+001  0.50330262E+001  0.86255077E+001  0.13804071E+002
  0.15761811E+000  0.20495312E+000  0.39913755E+000  0.60102671E+000  0.91352553E+000  0.10528244E+001  0.15624966E+001  0.34685288E+001  0.50330271E+001  0.86255079E+001  0.13804071E+002
  0.15761808E+000  0.20495309E+000  0.39913745E+000  0.60102658E+000  0.91352540E+000  0.10528243E+001  0.15624962E+001  0.34685288E+001  0.50330280E+001  0.86255081E+001  0.13804071E+002
  0.15761805E+000  0.20495306E+000  0.39913737E+000  0.60102645E+000  0.91352528E+000  0.10528243E+001  0.15624959E+001  0.34685288E+001  0.50330289E+001  0.86255082E+001  0.13804071E+002
  0.15761802E+000  0.20495303E+000  0.39913728E+000  0.60102632E+000  0.91352516E+000  0.10528242E+001  0.15624956E+001  0.34685288E+001  0.50330297E+001  0.86255084E+001  0.13804071E+002
  0.15761799E+000  0.20495300E+000  0.39913720E+000  0.60102619E+000  0.91352505E+000  0.10528242E+001  0.15624953E+001  0.34685287E+001  0.50330305E+001  0.86255086E+001  0.13804071E+002
  0.15761796E+000  0.20495298E+000  0.39913713E+000  0.60102607E+000  0.91352495E+000  0.10528241E+001  0.15624949E+001  0.34685287E+001  0.50330314E+001  0.86255087E+001  0.13804071E+002
  0.15761794E+000  0.20495296E+000  0.39913706E+000  0.60102595E+000  0.91352485E+000  0.10528241E+001  0.15624946E+001  0.34685287E+001  0.50330321E+001  0.86255089E+001  0.13804071E+002
  0.15761791E+000  0.20495293E+000  0.39913699E+000  0.60102584E+000  0.91352476E+000  0.10528240E+001  0.15624943E+001  0.34685286E+001  0.50330329E+001  0.86255091E+001  0.13804071E+002
  0.15761789E+000  0.20495291E+000  0.39913692E+000  0.60102572E+000  0.91352467E+000  0.10528240E+001  0.15624940E+001  0.34685286E+001  0.50330336E+001  0.86255093E+001  0.13804071E+002
  0.15761787E+000  0.20495289E+000  0.39913686E+000  0.60102562E+000  0.91352459E+000  0.10528240E+001  0.15624937E+001  0.34685285E+001  0.50330342E+001  0.86255095E+001  0.13804071E+002
  0.15761785E+000  0.20495288E+000  0.39913681E+000  0.60102551E+000  0.91352451E+000  0.10528239E+001  0.15624934E+001  0.34685284E+001  0.50330348E+001  0.86255096E+001  0.13804071E+002
  0.15761784E+000  0.20495286E+000  0.39913675E+000  0.60102541E+000  0.91352444E+000  0.10528239E+001  0.15624931E+001  0.34685283E+001  0.50330354E+001  0.86255098E+001  0.13804071E+002
  0.15761782E+000  0.20495284E+000  0.39913670E+000  0.60102531E+000  0.91352438E+000  0.10528239E+001  0.15624929E+001  0.34685283E+001  0.50330359E+001  0.86255100E+001  0.13804071E+002
  0.15761781E+000  0.20495283E+000  0.39913665E+000  0.60102521E+000  0.91352432E+000  0.10528239E+001  0.15624926E+001  0.34685282E+001  0.50330363E+001  0.86255102E+001  0.13804071E+002
  0.15761779E+000  0.20495281E+000  0.39913661E+000  0.60102512E+000  0.91352426E+000  0.10528238E+001  0.15624923E+001  0.34685280E+001  0.50330367E+001  0.86255104E+001  0.13804071E+002
  0.15761778E+000  0.20495280E+000  0.39913657E+000  0.60102503E+000  0.91352421E+000  0.10528238E+001  0.15624920E+001  0.34685279E+001  0.50330370E+001  0.86255106E+001  0.13804071E+002
  0.15761777E+000  0.20495278E+000  0.39913653E+000  0.60102495E+000  0.91352416E+000  0.10528238E+001  0.15624918E+001  0.34685278E+001  0.50330373E+001  0.86255107E+001  0.13804071E+002
  0.15761776E+000  0.20495277E+000  0.39913649E+000  0.60102486E+000  0.91352411E+000  0.10528238E+001  0.15624915E+001  0.34685277E+001  0.50330375E+001  0.86255109E+001  0.13804071E+002
  0.15761775E+000  0.20495276E+000  0.39913646E+000  0.60102478E+000  0.91352407E+000  0.10528237E+001  0.15624913E+001  0.34685275E+001  0.50330376E+001  0.86255111E+001  0.13804071E+002
  0.15761774E+000  0.20495274E+000  0.39913642E+000  0.60102471E+000  0.91352404E+000  0.10528237E+001  0.15624910E+001  0.34685274E+001  0.50330376E+001  0.86255113E+001  0.13804071E+002
  0.15761773E+000  0.20495273E+000  0.39913639E+000  0.60102463E+000  0.91352400E+000  0.10528237E+001  0.15624908E+001  0.34685272E+001  0.50330376E+001  0.86255114E+001  0.13804071E+002
  0.15761773E+000  0.20495272E+000  0.39913636E+000  0.60102456E+000  0.91352397E+000  0.10528237E+001  0.15624905E+001  0.34685270E+001  0.50330374E+001  0.86255116E+001  0.13804071E+002
  0.15761772E+000  0.20495271E+000  0.39913634E+000  0.60102449E+000  0.91352394E+000  0.10528237E+001  0.15624903E+001  0.34685268E+001  0.50330372E+001  0.86255118E+001  0.13804071E+002
  0.15761771E+000  0.20495270E+000  0.39913631E+000  0.60102442E+000  0.91352391E+000  0.10528237E+001  0.15624901E+001  0.34685266E+001  0.50330370E+001  0.86255119E+001  0.13804071E+002
  0.15761771E+000  0.20495269E+000  0.39913629E+000  0.60102436E+000  0.91352389E+000  0.10528237E+001  0.15624899E+001  0.34685264E+001  0.50330366E+001  0.86255121E+001  0.13804071E+002
  0.15761771E+000  0.20495268E+000  0.39913626E+000  0.60102429E+000  0.91352387E+000  0.10528237E+001  0.15624896E+001  0.34685262E+001  0.50330362E+001  0.86255122E+001  0.13804071E+002
  0.15761770E+000  0.20495267E+000  0.39913624E+000  0.60102423E+000  0.91352385E+000  0.10528237E+001  0.15624894E+001  0.34685260E+001  0.50330357E+001  0.86255124E+001  0.13804071E+002
  0.15761770E+000  0.20495266E+000  0.39913622E+000  0.60102417E+000  0.91352383E+000  0.10528236E+001  0.15624892E+001  0.34685258E+001  0.50330351E+001  0.86255125E+001  0.13804071E+002
  0.15761769E+000  0.20495265E+000  0.39913620E+000  0.60102411E+000  0.91352381E+000  0.10528236E+001  0.15624890E+001  0.34685256E+001  0.50330344E+001  0.86255126E+001  0.13804071E+002
  0.15761769E+000  0.20495264E+000  0.39913618E+000  0.60102405E+000  0.91352380E+000  0.10528236E+001  0.15624888E+001  0.34685253E+001  0.50330336E+001  0.86255127E+001  0.13804071E+002
  0.15761769E+000  0.20495263E+000  0.39913617E+000  0.60102400E+000  0.91352378E+000  0.10528236E+001  0.15624886E+001  0.34685251E+001  0.50330328E+001  0.86255128E+001  0.13804071E+002
  0.15761769E+000  0.20495262E+000  0.39913615E+000  0.60102394E+000  0.91352377E+000  0.10528236E+001  0.15624884E+001  0.34685248E+001  0.50330319E+001  0.86255129E+001  0.13804071E+002
  0.15761769E+000  0.20495261E+000  0.39913613E+000  0.60102389E+000  0.91352376E+000  0.10528236E+001  0.15624882E+001  0.34685245E+001  0.50330309E+001  0.86255130E+001  0.13804071E+002
  0.15761768E+000  0.20495261E+000  0.39913612E+000  0.60102384E+000  0.91352375E+000  0.10528236E+001  0.15624880E+001  0.34685243E+001  0.50330298E+001  0.86255131E+001  0.13804071E+002
  0.15761768E+000  0.20495260E+000  0.39913610E+000  0.60102378E+000  0.91352374E+000  0.10528236E+001  0.15624878E+001  0.34685240E+001  0.50330287E+001  0.86255132E+001  0.13804071E+002
  0.15761768E+000  0.20495259E+000  0.39913608E+000  0.60102373E+000  0.91352373E+000  0.10528236E+001  0.15624877E+001  0.34685237E+001  0.50330275E+001  0.86255132E+001  0.13804071E+002
  0.15761768E+000  0.20495258E+000  0.39913607E+000  0.60102368E+000  0.91352372E+000  0.10528236E+001  0.15624875E+001  0.34685234E+001  0.50330262E+001  0.86255133E+001  0.13804071E+002
  0.15761768E+000  0.20495257E+000  0.39913605E+000  0.60102363E+000  0.91352372E+000  0.10528236E+001  0.15624873E+001  0.34685231E+001  0.50330249E+001  0.86255133E+001  0.13804071E+002
  0.15761768E+000  0.20495257E+000  0.39913604E+000  0.60102358E+000  0.91352371E+000  0.10528236E+001  0.15624871E+001  0.34685228E+001  0.50330235E+001  0.86255133E+001  0.13804071E+002
  0.15761768E+000  0.20495256E+000  0.39913603E+000  0.60102353E+000  0.91352371E+000  0.10528236E+001  0.15624870E+001  0.34685225E+001  0.50330221E+001  0.86255133E+001  0.13804071E+002
  0.15761768E+000  0.20495255E+000  0.39913601E+000  0.60102348E+000  0.91352370E+000  0.10528236E+001  0.15624868E+001  0.34685222E+001  0.50330205E+001  0.86255133E+001  0.13804071E+002
  0.15761768E+000  0.20495255E+000  0.39913600E+000  0.60102343E+000  0.91352370E+000  0.10528236E+001  0.15624866E+001  0.34685219E+001  0.50330190E+001  0.86255133E+001  0.13804071E+002
  0.15761768E+000  0.20495254E+000  0.39913598E+000  0.60102338E+000  0.91352369E+000  0.10528236E+001  0.15624865E+001  0.34685216E+001  0.50330174E+001  0.86255133E+001  0.13804071E+002
  0.15761768E+000  0.20495253E+000  0.39913597E+000  0.60102333E+000  0.91352369E+000  0.10528236E+001  0.15624863E+001  0.34685213E+001  0.50330157E+001  0.86255132E+001  0.13804071E+002
  0.15761768E+000  0.20495253E+000  0.39913595E+000  0.60102329E+000  0.91352369E+000  0.10528236E+001  0.15624862E+001  0.34685210E+001  0.50330140E+001  0.86255132E+001  0.13804071E+002
  0.15761768E+000  0.20495252E+000  0.39913594E+000  0.60102324E+000  0.91352368E+000  0.10528236E+001  0.15624860E+001  0.34685206E+001  0.50330122E+001  0.86255131E+001  0.13804071E+002
  0.15761768E+000  0.20495251E+000  0.39913593E+000  0.60102319E+000  0.91352368E+000  0.10528236E+001  0.15624858E+001  0.34685203E+001  0.50330104E+001  0.86255130E+001  0.13804071E+002
  0.15761768E+000  0.20495251E+000  0.39913591E+000  0.60102314E+000  0.91352368E+000  0.10528236E+001  0.15624857E+001  0.34685200E+001  0.50330086E+001  0.86255129E+001  0.13804071E+002
  0.15761768E+000  0.20495250E+000  0.39913590E+000  0.60102309E+000  0.91352368E+000  0.10528236E+001  0.15624855E+001  0.34685197E+001  0.50330067E+001  0.86255128E+001  0.13804071E+002
  0.15761768E+000  0.20495250E+000  0.39913588E+000  0.60102304E+000  0.91352367E+000  0.10528236E+001  0.15624854E+001  0.34685194E+001  0.50330048E+001  0.86255127E+001  0.13804071E+002
  0.15761768E+000  0.20495249E+000  0.39913587E+000  0.60102299E+000  0.91352367E+000  0.10528236E+001  0.15624852E+001  0.34685190E+001  0.50330028E+001  0.86255125E+001  0.13804071E+002
  0.15761768E+000  0.20495249E+000  0.39913586E+000  0.60102295E+000  0.91352367E+000  0.10528236E+001  0.15624851E+001  0.34685187E+001  0.50330009E+001  0.86255124E+001  0.13804071E+002
  0.15761768E+000  0.20495248E+000  0.39913584E+000  0.60102290E+000  0.91352367E+000  0.10528236E+001  0.15624849E+001  0.34685184E+001  0.50329989E+001  0.86255122E+001  0.13804071E+002
  0.15761768E+000  0.20495248E+000  0.39913583E+000  0.60102285E+000  0.91352367E+000  0.10528236E+001  0.15624848E+001  0.34685181E+001  0.50329969E+001  0.86255121E+001  0.13804071E+002
  0.15761768E+000  0.20495247E+000  0.39913582E+000  0.60102280E+000  0.91352367E+000  0.10528236E+001  0.15624846E+001  0.34685178E+001  0.50329949E+001  0.86255119E+001  0.13804071E+002
  0.15761768E+000  0.20495247E+000  0.39913580E+000  0.60102276E+000  0.91352367E+000  0.10528236E+001  0.15624845E+001  0.34685174E+001  0.50329928E+001  0.86255117E+001  0.13804071E+002
  0.15761768E+000  0.20495247E+000  0.39913579E+000  0.60102271E+000  0.91352366E+000  0.10528236E+001  0.15624843E+001  0.34685171E+001  0.50329908E+001  0.86255115E+001  0.13804071E+002
  0.15761768E+000  0.20495246E+000  0.39913578E+000  0.60102266E+000  0.91352366E+000  0.10528236E+001  0.15624842E+001  0.34685168E+001  0.50329887E+001  0.86255113E+001  0.13804071E+002
  0.15761768E+000  0.20495246E+000  0.39913577E+000  0.60102262E+000  0.91352366E+000  0.10528236E+001  0.15624840E+001  0.34685165E+001  0.50329866E+001  0.86255111E+001  0.13804071E+002
  0.15761768E+000  0.20495246E+000  0.39913575E+000  0.60102257E+000  0.91352366E+000  0.10528236E+001  0.15624839E+001  0.34685162E+001  0.50329846E+001  0.86255109E+001  0.13804071E+002
  0.15761768E+000  0.20495245E+000  0.39913574E+000  0.60102253E+000  0.91352366E+000  0.10528236E+001  0.15624837E+001  0.34685159E+001  0.50329825E+001  0.86255106E+001  0.13804071E+002
  0.15761768E+000  0.20495245E+000  0.39913573E+000  0.60102249E+000  0.91352366E+000  0.10528236E+001  0.15624836E+001  0.34685156E+001  0.50329804E+001  0.86255104E+001  0.13804071E+002
  0.15761768E+000  0.20495245E+000  0.39913572E+000  0.60102244E+000  0.91352366E+000  0.10528236E+001  0.15624835E+001  0.34685153E+001  0.50329784E+001  0.86255101E+001  0.13804071E+002
  0.15761768E+000  0.20495244E+000  0.39913571E+000  0.60102240E+000  0.91352366E+000  0.10528236E+001  0.15624833E+001  0.34685150E+001  0.50329763E+001  0.86255099E+001  0.13804071E+002
  0.15761768E+000  0.20495244E+000  0.39913570E+000  0.60102236E+000  0.91352366E+000  0.10528236E+001  0.15624832E+001  0.34685147E+001  0.50329742E+001  0.86255096E+001  0.13804071E+002
  0.15761769E+000  0.20495244E+000  0.39913569E+000  0.60102232E+000  0.91352366E+000  0.10528236E+001  0.15624830E+001  0.34685144E+001  0.50329722E+001  0.86255093E+001  0.13804071E+002
  0.15761769E+000  0.20495244E+000  0.39913568E+000  0.60102228E+000  0.91352366E+000  0.10528236E+001  0.15624829E+001  0.34685142E+001  0.50329701E+001  0.86255091E+001  0.13804071E+002
  0.15761769E+000  0.20495244E+000  0.39913567E+000  0.60102224E+000  0.91352366E+000  0.10528236E+001  0.15624828E+001  0.34685139E+001  0.50329681E+001  0.86255088E+001  0.13804071E+002
  0.15761769E+000  0.20495243E+000  0.39913566E+000  0.60102221E+000  0.91352366E+000  0.10528236E+001  0.15624826E+001  0.34685136E+001  0.50329661E+001  0.86255085E+001  0.13804071E+002
  0.15761769E+000  0.20495243E+000  0.39913565E+000  0.60102217E+000  0.91352366E+000  0.10528236E+001  0.15624825E+001  0.34685133E+001  0.50329641E+001  0.86255082E+001  0.13804071E+002
  0.15761769E+000  0.20495243E+000  0.39913564E+000  0.60102214E+000  0.91352366E+000  0.10528236E+001  0.15624824E+001  0.34685130E+001  0.50329621E+001  0.86255079E+001  0.13804071E+002
  0.15761769E+000  0.20495243E+000  0.39913563E+000  0.60102210E+000  0.91352366E+000  0.10528236E+001  0.15624823E+001  0.34685128E+001  0.50329601E+001  0.86255076E+001  0.13804071E+002
  0.15761769E+000  0.20495243E+000  0.39913563E+000  0.60102207E+000  0.91352365E+000  0.10528236E+001  0.15624822E+001  0.34685125E+001  0.50329582E+001  0.86255073E+001  0.13804071E+002
  0.15761769E+000  0.20495243E+000  0.39913562E+000  0.60102204E+000  0.91352365E+000  0.10528236E+001  0.15624820E+001  0.34685123E+001  0.50329562E+001  0.86255070E+001  0.13804071E+002
  0.15761769E+000  0.20495242E+000  0.39913561E+000  0.60102201E+000  0.91352365E+000  0.10528236E+001  0.15624819E+001  0.34685120E+001  0.50329543E+001  0.86255067E+001  0.13804071E+002
  0.15761769E+000  0.20495242E+000  0.39913560E+000  0.60102198E+000  0.91352365E+000  0.10528236E+001  0.15624818E+001  0.34685117E+001  0.50329524E+001  0.86255064E+001  0.13804071E+002
  0.15761769E+000  0.20495242E+000  0.39913560E+000  0.60102195E+000  0.91352365E+000  0.10528236E+001  0.15624817E+001  0.34685115E+001  0.50329505E+001  0.86255061E+001  0.13804071E+002
  0.15761769E+000  0.20495242E+000  0.39913559E+000  0.60102192E+000  0.91352365E+000  0.10528236E+001  0.15624816E+001  0.34685113E+001  0.50329487E+001  0.86255058E+001  0.13804071E+002
  0.15761769E+000  0.20495242E+000  0.39913559E+000  0.60102190E+000  0.91352365E+000  0.10528236E+001  0.15624815E+001  0.34685110E+001  0.50329469E+001  0.86255055E+001  0.13804071E+002
  0.15761769E+000  0.20495242E+000  0.39913558E+000  0.60102187E+000  0.91352365E+000  0.10528236E+001  0.15624814E+001  0.34685108E+001  0.50329451E+001  0.86255052E+001  0.13804071E+002
  0.15761769E+000  0.20495242E+000  0.39913558E+000  0.60102185E+000  0.91352365E+000  0.10528236E+001  0.15624813E+001  0.34685105E+001  0.50329433E+001  0.86255049E+001  0.13804071E+002
  0.15761769E+000  0.20495242E+000  0.39913557E+000  0.60102183E+000  0.91352365E+000  0.10528236E+001  0.15624812E+001  0.34685103E+001  0.50329415E+001  0.86255046E+001  0.13804071E+002
  0.15761769E+000  0.20495242E+000  0.39913557E+000  0.60102181E+000  0.91352365E+000  0.10528236E+001  0.15624811E+001  0.34685101E+001  0.50329398E+001  0.86255043E+001  0.13804071E+002
  0.15761769E+000  0.20495242E+000  0.39913556E+000  0.60102179E+000  0.91352365E+000  0.10528236E+001  0.15624810E+001  0.34685099E+001  0.50329381E+001  0.86255040E+001  0.13804071E+002
  0.15761769E+000  0.20495242E+000  0.39913556E+000  0.60102177E+000  0.91352365E+000  0.10528236E+001  0.15624809E+001  0.34685096E+001  0.50329364E+001  0.86255037E+001  0.13804071E+002
  0.15761769E+000  0.20495242E+000  0.39913555E+000  0.60102175E+000  0.91352365E+000  0.10528236E+001  0.15624809E+001  0.34685094E+001  0.50329347E+001  0.86255034E+001  0.13804071E+002
  0.15761769E+000  0.20495242E+000  0.39913555E+000  0.60102173E+000  0.91352365E+000  0.10528236E+001  0.15624808E+001  0.34685092E+001  0.50329331E+001  0.86255031E+001  0.13804071E+002
  0.15761769E+000  0.20495241E+000  0.39913555E+000  0.60102171E+000  0.91352365E+000  0.10528236E+001  0.15624807E+001  0.34685090E+001  0.50329315E+001  0.86255028E+001  0.13804071E+002
  0.15761769E+000  0.20495241E+000  0.39913554E+000  0.60102170E+000  0.91352365E+000  0.10528236E+001  0.15624806E+001  0.34685088E+001  0.50329299E+001  0.86255025E+001  0.13804071E+002
  0.15761769E+000  0.20495241E+000  0.39913554E+000  0.60102168E+000  0.91352365E+000  0.10528236E+001  0.15624806E+001  0.34685086E+001  0.50329284E+001  0.86255022E+001  0.13804071E+002
  0.15761769E+000  0.20495241E+000  0.39913554E+000  0.60102167E+000  0.91352365E+000  0.10528236E+001  0.15624805E+001  0.34685084E+001  0.50329268E+001  0.86255019E+001  0.13804071E+002
  0.15761769E+000  0.20495241E+000  0.39913554E+000  0.60102166E+000  0.91352365E+000  0.10528236E+001  0.15624804E+001  0.34685082E+001  0.50329253E+001  0.86255017E+001  0.13804071E+002
  0.15761769E+000  0.20495241E+000  0.39913553E+000  0.60102165E+000  0.91352365E+000  0.10528236E+001  0.15624804E+001  0.34685080E+001  0.50329239E+001  0.86255014E+001  0.13804071E+002
  0.15761769E+000  0.20495241E+000  0.39913553E+000  0.60102163E+000  0.91352365E+000  0.10528236E+001  0.15624803E+001  0.34685078E+001  0.50329224E+001  0.86255011E+001  0.13804071E+002
  0.15761769E+000  0.20495241E+000  0.39913553E+000  0.60102162E+000  0.91352365E+000  0.10528236E+001  0.15624803E+001  0.34685077E+001  0.50329210E+001  0.86255009E+001  0.13804071E+002
  0.15761769E+000  0.20495241E+000  0.39913553E+000  0.60102161E+000  0.91352365E+000  0.10528236E+001  0.15624802E+001  0.34685075E+001  0.50329196E+001  0.86255006E+001  0.13804071E+002
  0.15761769E+000  0.20495241E+000  0.39913553E+000  0.60102160E+000  0.91352365E+000  0.10528236E+001  0.15624802E+001  0.34685073E+001  0.50329182E+001  0.86255003E+001  0.13804071E+002
  0.15761769E+000  0.20495241E+000  0.39913552E+000  0.60102160E+000  0.91352365E+000  0.10528236E+001  0.15624801E+001  0.34685072E+001  0.50329169E+001  0.86255001E+001  0.13804071E+002
  0.15761769E+000  0.20495241E+000  0.39913552E+000  0.60102159E+000  0.91352365E+000  0.10528236E+001  0.15624801E+001  0.34685070E+001  0.50329156E+001  0.86254998E+001  0.13804071E+002
  0.15761769E+000  0.20495241E+000  0.39913552E+000  0.60102158E+000  0.91352365E+000  0.10528236E+001  0.15624800E+001  0.34685068E+001  0.50329143E+001  0.86254996E+001  0.13804071E+002
  0.15761769E+000  0.20495241E+000  0.39913552E+000  0.60102157E+000  0.91352365E+000  0.10528236E+001  0.15624800E+001  0.34685067E+001  0.50329131E+001  0.86254993E+001  0.13804071E+002
  0.15761769E+000  0.20495241E+000  0.39913552E+000  0.60102157E+000  0.91352365E+000  0.10528236E+001  0.15624800E+001  0.34685065E+001  0.50329119E+001  0.86254991E+001  0.13804071E+002
  0.15761769E+000  0.20495241E+000  0.39913552E+000  0.60102156E+000  0.91352365E+000  0.10528236E+001  0.15624799E+001  0.34685064E+001  0.50329107E+001  0.86254988E+001  0.13804071E+002
  0.15761769E+000  0.20495241E+000  0.39913552E+000  0.60102155E+000  0.91352365E+000  0.10528236E+001  0.15624799E+001  0.34685063E+001  0.50329095E+001  0.86254986E+001  0.13804071E+002
  0.15761769E+000  0.20495241E+000  0.39913551E+000  0.60102155E+000  0.91352365E+000  0.10528236E+001  0.15624799E+001  0.34685061E+001  0.50329084E+001  0.86254984E+001  0.13804071E+002
  0.15761769E+000  0.20495241E+000  0.39913551E+000  0.60102154E+000  0.91352365E+000  0.10528236E+001  0.15624798E+001  0.34685060E+001  0.50329073E+001  0.86254982E+001  0.13804071E+002
  0.15761769E+000  0.20495241E+000  0.39913551E+000  0.60102154E+000  0.91352364E+000  0.10528236E+001  0.15624798E+001  0.34685059E+001  0.50329062E+001  0.86254979E+001  0.13804071E+002
  0.15761769E+000  0.20495241E+000  0.39913551E+000  0.60102153E+000  0.91352364E+000  0.10528236E+001  0.15624798E+001  0.34685057E+001  0.50329051E+001  0.86254977E+001  0.13804071E+002
  0.15761769E+000  0.20495241E+000  0.39913551E+000  0.60102153E+000  0.91352364E+000  0.10528236E+001  0.15624797E+001  0.34685056E+001  0.50329041E+001  0.86254975E+001  0.13804071E+002
