  0.30162787E+002
  0.30162887E+002
  0.30162982E+002
  0.30163074E+002
  0.30163163E+002
  0.30163250E+002
  0.30163335E+002
  0.30163420E+002
  0.30163504E+002
  0.30163587E+002
  0.30163671E+002
  0.30163754E+002
  0.30163837E+002
  0.30163920E+002
  0.30164004E+002
  0.30164088E+002
  0.30164172E+002
  0.30164258E+002
  0.30164344E+002
  0.30164431E+002
  0.30164519E+002
  0.30164609E+002
  0.30164700E+002
  0.30164793E+002
  0.30164887E+002
  0.30164984E+002
  0.30165082E+002
  0.30165183E+002
  0.30165287E+002
  0.30165393E+002
  0.30165502E+002
  0.30165614E+002
  0.30165729E+002
  0.30165848E+002
  0.30165970E+002
  0.30166096E+002
  0.30166226E+002
  0.30166360E+002
  0.30166498E+002
  0.30166641E+002
  0.30166788E+002
  0.30166940E+002
  0.30167097E+002
  0.30167259E+002
  0.30167426E+002
  0.30167598E+002
  0.30167776E+002
  0.30167959E+002
  0.30168148E+002
  0.30168343E+002
  0.30168544E+002
  0.30168750E+002
  0.30168963E+002
  0.30169181E+002
  0.30169406E+002
  0.30169637E+002
  0.30169874E+002
  0.30170118E+002
  0.30170368E+002
  0.30170624E+002
  0.30170886E+002
  0.30171155E+002
  0.30171431E+002
  0.30171712E+002
  0.30172000E+002
  0.30172295E+002
  0.30172595E+002
  0.30172902E+002
  0.30173216E+002
  0.30173535E+002
  0.30173861E+002
  0.30174192E+002
  0.30174530E+002
  0.30174873E+002
  0.30175222E+002
  0.30175577E+002
  0.30175938E+002
  0.30176304E+002
  0.30176675E+002
  0.30177052E+002
  0.30177434E+002
  0.30177820E+002
  0.30178212E+002
  0.30178608E+002
  0.30179009E+002
  0.30179415E+002
  0.30179825E+002
  0.30180239E+002
  0.30180657E+002
  0.30181080E+002
  0.30181506E+002
  0.30181936E+002
  0.30182370E+002
  0.30182808E+002
  0.30183249E+002
  0.30183694E+002
  0.30184143E+002
  0.30184594E+002
  0.30185050E+002
  0.30185508E+002
  0.30185970E+002
  0.30186435E+002
  0.30186904E+002
  0.30187375E+002
  0.30187850E+002
  0.30188328E+002
  0.30188809E+002
  0.30189294E+002
  0.30189781E+002
  0.30190272E+002
  0.30190765E+002
  0.30191262E+002
  0.30191762E+002
  0.30192265E+002
  0.30192770E+002
  0.30193279E+002
  0.30193790E+002
  0.30194304E+002
  0.30194821E+002
  0.30195341E+002
  0.30195863E+002
  0.30196387E+002
  0.30196914E+002
  0.30197444E+002
  0.30197976E+002
  0.30198509E+002
  0.30199045E+002
  0.30199583E+002
  0.30200122E+002
  0.30200663E+002
  0.30201205E+002
  0.30201749E+002
  0.30202294E+002
  0.30202840E+002
  0.30203387E+002
  0.30203934E+002
  0.30204482E+002
  0.30205030E+002
  0.30205578E+002
  0.30206126E+002
  0.30206673E+002
  0.30207220E+002
  0.30207767E+002
  0.30208312E+002
  0.30208856E+002
  0.30209399E+002
  0.30209940E+002
  0.30210479E+002
  0.30211016E+002
  0.30211551E+002
  0.30212083E+002
  0.30212612E+002
  0.30213139E+002
  0.30213662E+002
  0.30214182E+002
  0.30214698E+002
  0.30215211E+002
  0.30215719E+002
  0.30216223E+002
  0.30216723E+002
  0.30217218E+002
  0.30217708E+002
  0.30218193E+002
  0.30218673E+002
  0.30219148E+002
  0.30219617E+002
  0.30220081E+002
  0.30220538E+002
  0.30220990E+002
  0.30221435E+002
  0.30221874E+002
  0.30222307E+002
  0.30222733E+002
  0.30223153E+002
  0.30223566E+002
  0.30223972E+002
  0.30224371E+002
  0.30224763E+002
  0.30225148E+002
  0.30225526E+002
  0.30225897E+002
  0.30226261E+002
  0.30226617E+002
  0.30226967E+002
  0.30227309E+002
  0.30227643E+002
  0.30227970E+002
  0.30228290E+002
  0.30228603E+002
  0.30228909E+002
  0.30229207E+002
  0.30229498E+002
  0.30229781E+002
  0.30230058E+002
  0.30230327E+002
  0.30230590E+002
  0.30230845E+002
  0.30231093E+002
  0.30231335E+002
  0.30231570E+002
