  0.14996076E+001  0.10285535E+001  0.70830939E+001  0.11103991E+003
  0.14996105E+001  0.10285562E+001  0.70830864E+001  0.11104031E+003
  0.14996129E+001  0.10285595E+001  0.70830868E+001  0.11104068E+003
  0.14996148E+001  0.10285629E+001  0.70830913E+001  0.11104104E+003
  0.14996165E+001  0.10285662E+001  0.70830977E+001  0.11104138E+003
  0.14996180E+001  0.10285694E+001  0.70831052E+001  0.11104172E+003
  0.14996194E+001  0.10285725E+001  0.70831132E+001  0.11104205E+003
  0.14996207E+001  0.10285755E+001  0.70831215E+001  0.11104238E+003
  0.14996220E+001  0.10285784E+001  0.70831299E+001  0.11104270E+003
  0.14996232E+001  0.10285812E+001  0.70831384E+001  0.11104302E+003
  0.14996244E+001  0.10285839E+001  0.70831470E+001  0.11104334E+003
  0.14996257E+001  0.10285866E+001  0.70831557E+001  0.11104366E+003
  0.14996269E+001  0.10285893E+001  0.70831644E+001  0.11104398E+003
  0.14996282E+001  0.10285919E+001  0.70831732E+001  0.11104430E+003
  0.14996295E+001  0.10285944E+001  0.70831822E+001  0.11104462E+003
  0.14996308E+001  0.10285970E+001  0.70831912E+001  0.11104495E+003
  0.14996322E+001  0.10285995E+001  0.70832004E+001  0.11104527E+003
  0.14996336E+001  0.10286020E+001  0.70832097E+001  0.11104560E+003
  0.14996351E+001  0.10286045E+001  0.70832191E+001  0.11104593E+003
  0.14996367E+001  0.10286071E+001  0.70832288E+001  0.11104626E+003
  0.14996383E+001  0.10286096E+001  0.70832386E+001  0.11104660E+003
  0.14996400E+001  0.10286121E+001  0.70832485E+001  0.11104695E+003
  0.14996418E+001  0.10286147E+001  0.70832587E+001  0.11104730E+003
  0.14996436E+001  0.10286173E+001  0.70832691E+001  0.11104765E+003
  0.14996455E+001  0.10286199E+001  0.70832798E+001  0.11104802E+003
  0.14996476E+001  0.10286226E+001  0.70832906E+001  0.11104839E+003
  0.14996497E+001  0.10286253E+001  0.70833018E+001  0.11104877E+003
  0.14996519E+001  0.10286281E+001  0.70833132E+001  0.11104915E+003
  0.14996542E+001  0.10286309E+001  0.70833249E+001  0.11104955E+003
  0.14996567E+001  0.10286338E+001  0.70833368E+001  0.11104996E+003
  0.14996593E+001  0.10286368E+001  0.70833492E+001  0.11105038E+003
  0.14996620E+001  0.10286398E+001  0.70833618E+001  0.11105081E+003
  0.14996648E+001  0.10286429E+001  0.70833749E+001  0.11105125E+003
  0.14996678E+001  0.10286462E+001  0.70833883E+001  0.11105170E+003
  0.14996709E+001  0.10286495E+001  0.70834021E+001  0.11105217E+003
  0.14996742E+001  0.10286529E+001  0.70834164E+001  0.11105265E+003
  0.14996777E+001  0.10286565E+001  0.70834311E+001  0.11105315E+003
  0.14996813E+001  0.10286602E+001  0.70834463E+001  0.11105367E+003
  0.14996851E+001  0.10286640E+001  0.70834619E+001  0.11105419E+003
  0.14996892E+001  0.10286679E+001  0.70834782E+001  0.11105474E+003
  0.14996934E+001  0.10286721E+001  0.70834949E+001  0.11105531E+003
  0.14996978E+001  0.10286763E+001  0.70835123E+001  0.11105589E+003
  0.14997024E+001  0.10286807E+001  0.70835303E+001  0.11105649E+003
  0.14997072E+001  0.10286854E+001  0.70835489E+001  0.11105711E+003
  0.14997123E+001  0.10286902E+001  0.70835681E+001  0.11105775E+003
  0.14997176E+001  0.10286951E+001  0.70835881E+001  0.11105841E+003
  0.14997232E+001  0.10287003E+001  0.70836087E+001  0.11105909E+003
  0.14997290E+001  0.10287058E+001  0.70836302E+001  0.11105979E+003
  0.14997350E+001  0.10287114E+001  0.70836524E+001  0.11106051E+003
  0.14997413E+001  0.10287173E+001  0.70836753E+001  0.11106125E+003
  0.14997479E+001  0.10287234E+001  0.70836991E+001  0.11106202E+003
  0.14997548E+001  0.10287298E+001  0.70837238E+001  0.11106281E+003
  0.14997619E+001  0.10287364E+001  0.70837492E+001  0.11106362E+003
  0.14997694E+001  0.10287433E+001  0.70837756E+001  0.11106445E+003
  0.14997771E+001  0.10287505E+001  0.70838028E+001  0.11106531E+003
  0.14997851E+001  0.10287580E+001  0.70838309E+001  0.11106619E+003
  0.14997934E+001  0.10287659E+001  0.70838598E+001  0.11106709E+003
  0.14998020E+001  0.10287740E+001  0.70838897E+001  0.11106802E+003
  0.14998109E+001  0.10287825E+001  0.70839204E+001  0.11106897E+003
  0.14998200E+001  0.10287913E+001  0.70839520E+001  0.11106995E+003
  0.14998295E+001  0.10288005E+001  0.70839845E+001  0.11107094E+003
  0.14998393E+001  0.10288100E+001  0.70840179E+001  0.11107197E+003
  0.14998494E+001  0.10288198E+001  0.70840522E+001  0.11107301E+003
  0.14998597E+001  0.10288301E+001  0.70840875E+001  0.11107409E+003
  0.14998704E+001  0.10288407E+001  0.70841238E+001  0.11107518E+003
  0.14998813E+001  0.10288516E+001  0.70841610E+001  0.11107630E+003
  0.14998925E+001  0.10288629E+001  0.70841993E+001  0.11107744E+003
  0.14999040E+001  0.10288746E+001  0.70842387E+001  0.11107861E+003
  0.14999157E+001  0.10288866E+001  0.70842793E+001  0.11107979E+003
  0.14999277E+001  0.10288990E+001  0.70843212E+001  0.11108101E+003
  0.14999399E+001  0.10289117E+001  0.70843644E+001  0.11108224E+003
  0.14999524E+001  0.10289248E+001  0.70844089E+001  0.11108350E+003
  0.14999652E+001  0.10289382E+001  0.70844550E+001  0.11108477E+003
  0.14999781E+001  0.10289519E+001  0.70845026E+001  0.11108607E+003
  0.14999913E+001  0.10289659E+001  0.70845519E+001  0.11108739E+003
  0.15000047E+001  0.10289803E+001  0.70846028E+001  0.11108873E+003
  0.15000183E+001  0.10289950E+001  0.70846555E+001  0.11109010E+003
  0.15000320E+001  0.10290100E+001  0.70847100E+001  0.11109148E+003
  0.15000460E+001  0.10290253E+001  0.70847662E+001  0.11109288E+003
  0.15000602E+001  0.10290410E+001  0.70848243E+001  0.11109430E+003
  0.15000745E+001  0.10290569E+001  0.70848843E+001  0.11109573E+003
  0.15000890E+001  0.10290732E+001  0.70849461E+001  0.11109719E+003
  0.15001036E+001  0.10290897E+001  0.70850096E+001  0.11109866E+003
  0.15001184E+001  0.10291066E+001  0.70850750E+001  0.11110015E+003
  0.15001334E+001  0.10291237E+001  0.70851421E+001  0.11110165E+003
  0.15001484E+001  0.10291411E+001  0.70852110E+001  0.11110317E+003
  0.15001636E+001  0.10291588E+001  0.70852814E+001  0.11110471E+003
  0.15001789E+001  0.10291768E+001  0.70853535E+001  0.11110626E+003
  0.15001943E+001  0.10291949E+001  0.70854271E+001  0.11110783E+003
  0.15002098E+001  0.10292134E+001  0.70855021E+001  0.11110941E+003
  0.15002253E+001  0.10292320E+001  0.70855786E+001  0.11111100E+003
  0.15002410E+001  0.10292508E+001  0.70856563E+001  0.11111261E+003
  0.15002567E+001  0.10292699E+001  0.70857353E+001  0.11111423E+003
  0.15002724E+001  0.10292890E+001  0.70858155E+001  0.11111587E+003
  0.15002882E+001  0.10293083E+001  0.70858967E+001  0.11111752E+003
  0.15003040E+001  0.10293277E+001  0.70859790E+001  0.11111918E+003
  0.15003198E+001  0.10293472E+001  0.70860621E+001  0.11112085E+003
  0.15003357E+001  0.10293667E+001  0.70861461E+001  0.11112254E+003
  0.15003515E+001  0.10293862E+001  0.70862309E+001  0.11112424E+003
  0.15003673E+001  0.10294057E+001  0.70863164E+001  0.11112596E+003
  0.15003831E+001  0.10294252E+001  0.70864025E+001  0.11112768E+003
  0.15003989E+001  0.10294446E+001  0.70864892E+001  0.11112942E+003
  0.15004147E+001  0.10294639E+001  0.70865764E+001  0.11113117E+003
  0.15004304E+001  0.10294830E+001  0.70866639E+001  0.11113294E+003
  0.15004460E+001  0.10295020E+001  0.70867519E+001  0.11113471E+003
  0.15004616E+001  0.10295208E+001  0.70868401E+001  0.11113650E+003
  0.15004771E+001  0.10295393E+001  0.70869285E+001  0.11113831E+003
  0.15004925E+001  0.10295576E+001  0.70870170E+001  0.11114012E+003
  0.15005078E+001  0.10295756E+001  0.70871056E+001  0.11114195E+003
  0.15005230E+001  0.10295932E+001  0.70871942E+001  0.11114379E+003
  0.15005381E+001  0.10296105E+001  0.70872826E+001  0.11114564E+003
  0.15005531E+001  0.10296274E+001  0.70873709E+001  0.11114751E+003
  0.15005680E+001  0.10296439E+001  0.70874589E+001  0.11114939E+003
  0.15005826E+001  0.10296600E+001  0.70875465E+001  0.11115128E+003
  0.15005971E+001  0.10296757E+001  0.70876337E+001  0.11115319E+003
  0.15006115E+001  0.10296909E+001  0.70877202E+001  0.11115511E+003
  0.15006256E+001  0.10297056E+001  0.70878061E+001  0.11115704E+003
  0.15006395E+001  0.10297198E+001  0.70878912E+001  0.11115898E+003
  0.15006532E+001  0.10297335E+001  0.70879753E+001  0.11116094E+003
  0.15006666E+001  0.10297467E+001  0.70880584E+001  0.11116290E+003
  0.15006798E+001  0.10297595E+001  0.70881403E+001  0.11116489E+003
  0.15006926E+001  0.10297716E+001  0.70882208E+001  0.11116688E+003
  0.15007052E+001  0.10297833E+001  0.70882999E+001  0.11116888E+003
  0.15007174E+001  0.10297945E+001  0.70883774E+001  0.11117090E+003
  0.15007292E+001  0.10298051E+001  0.70884532E+001  0.11117293E+003
  0.15007407E+001  0.10298153E+001  0.70885271E+001  0.11117497E+003
  0.15007518E+001  0.10298249E+001  0.70885990E+001  0.11117702E+003
  0.15007624E+001  0.10298341E+001  0.70886688E+001  0.11117908E+003
  0.15007727E+001  0.10298428E+001  0.70887363E+001  0.11118115E+003
  0.15007824E+001  0.10298510E+001  0.70888014E+001  0.11118323E+003
  0.15007917E+001  0.10298587E+001  0.70888641E+001  0.11118532E+003
  0.15008005E+001  0.10298660E+001  0.70889241E+001  0.11118742E+003
  0.15008089E+001  0.10298729E+001  0.70889814E+001  0.11118953E+003
  0.15008166E+001  0.10298794E+001  0.70890360E+001  0.11119164E+003
  0.15008239E+001  0.10298854E+001  0.70890877E+001  0.11119376E+003
  0.15008306E+001  0.10298911E+001  0.70891365E+001  0.11119589E+003
  0.15008368E+001  0.10298963E+001  0.70891824E+001  0.11119803E+003
  0.15008424E+001  0.10299013E+001  0.70892252E+001  0.11120016E+003
  0.15008475E+001  0.10299058E+001  0.70892650E+001  0.11120231E+003
  0.15008520E+001  0.10299100E+001  0.70893018E+001  0.11120445E+003
  0.15008560E+001  0.10299139E+001  0.70893356E+001  0.11120660E+003
  0.15008594E+001  0.10299175E+001  0.70893664E+001  0.11120875E+003
  0.15008623E+001  0.10299207E+001  0.70893942E+001  0.11121090E+003
  0.15008647E+001  0.10299237E+001  0.70894191E+001  0.11121305E+003
  0.15008665E+001  0.10299264E+001  0.70894411E+001  0.11121520E+003
  0.15008679E+001  0.10299288E+001  0.70894603E+001  0.11121735E+003
  0.15008688E+001  0.10299310E+001  0.70894767E+001  0.11121950E+003
  0.15008692E+001  0.10299329E+001  0.70894905E+001  0.11122164E+003
  0.15008692E+001  0.10299345E+001  0.70895017E+001  0.11122377E+003
  0.15008687E+001  0.10299359E+001  0.70895105E+001  0.11122590E+003
  0.15008679E+001  0.10299371E+001  0.70895170E+001  0.11122802E+003
  0.15008667E+001  0.10299381E+001  0.70895212E+001  0.11123014E+003
  0.15008651E+001  0.10299388E+001  0.70895233E+001  0.11123224E+003
  0.15008632E+001  0.10299394E+001  0.70895234E+001  0.11123434E+003
  0.15008611E+001  0.10299398E+001  0.70895217E+001  0.11123642E+003
  0.15008586E+001  0.10299400E+001  0.70895181E+001  0.11123849E+003
  0.15008559E+001  0.10299400E+001  0.70895130E+001  0.11124055E+003
  0.15008530E+001  0.10299399E+001  0.70895063E+001  0.11124259E+003
  0.15008498E+001  0.10299396E+001  0.70894983E+001  0.11124462E+003
  0.15008465E+001  0.10299391E+001  0.70894890E+001  0.11124663E+003
  0.15008431E+001  0.10299386E+001  0.70894786E+001  0.11124863E+003
  0.15008395E+001  0.10299379E+001  0.70894671E+001  0.11125060E+003
  0.15008358E+001  0.10299371E+001  0.70894547E+001  0.11125256E+003
  0.15008321E+001  0.10299362E+001  0.70894416E+001  0.11125450E+003
  0.15008283E+001  0.10299352E+001  0.70894277E+001  0.11125641E+003
  0.15008244E+001  0.10299341E+001  0.70894133E+001  0.11125831E+003
  0.15008206E+001  0.10299329E+001  0.70893984E+001  0.11126018E+003
  0.15008167E+001  0.10299316E+001  0.70893830E+001  0.11126203E+003
  0.15008128E+001  0.10299303E+001  0.70893674E+001  0.11126386E+003
  0.15008090E+001  0.10299290E+001  0.70893515E+001  0.11126566E+003
  0.15008052E+001  0.10299276E+001  0.70893355E+001  0.11126744E+003
  0.15008014E+001  0.10299261E+001  0.70893194E+001  0.11126919E+003
  0.15007978E+001  0.10299246E+001  0.70893033E+001  0.11127092E+003
  0.15007941E+001  0.10299231E+001  0.70892872E+001  0.11127262E+003
  0.15007906E+001  0.10299216E+001  0.70892712E+001  0.11127429E+003
  0.15007872E+001  0.10299201E+001  0.70892554E+001  0.11127594E+003
  0.15007838E+001  0.10299186E+001  0.70892397E+001  0.11127756E+003
  0.15007805E+001  0.10299171E+001  0.70892243E+001  0.11127914E+003
  0.15007774E+001  0.10299156E+001  0.70892092E+001  0.11128070E+003
  0.15007743E+001  0.10299141E+001  0.70891944E+001  0.11128224E+003
  0.15007714E+001  0.10299126E+001  0.70891799E+001  0.11128374E+003
  0.15007685E+001  0.10299111E+001  0.70891657E+001  0.11128521E+003
  0.15007658E+001  0.10299097E+001  0.70891520E+001  0.11128666E+003
  0.15007632E+001  0.10299083E+001  0.70891386E+001  0.11128807E+003
  0.15007607E+001  0.10299069E+001  0.70891256E+001  0.11128945E+003
  0.15007583E+001  0.10299056E+001  0.70891131E+001  0.11129081E+003
  0.15007560E+001  0.10299042E+001  0.70891010E+001  0.11129213E+003
  0.15007538E+001  0.10299030E+001  0.70890893E+001  0.11129343E+003
  0.15007518E+001  0.10299017E+001  0.70890781E+001  0.11129469E+003
  0.15007498E+001  0.10299006E+001  0.70890673E+001  0.11129593E+003
  0.15007479E+001  0.10298994E+001  0.70890569E+001  0.11129714E+003
  0.15007462E+001  0.10298983E+001  0.70890469E+001  0.11129831E+003
  0.15007445E+001  0.10298972E+001  0.70890374E+001  0.11129946E+003
  0.15007429E+001  0.10298962E+001  0.70890283E+001  0.11130058E+003
  0.15007414E+001  0.10298952E+001  0.70890196E+001  0.11130167E+003
  0.15007400E+001  0.10298943E+001  0.70890114E+001  0.11130273E+003
  0.15007387E+001  0.10298934E+001  0.70890035E+001  0.11130376E+003
  0.15007374E+001  0.10298925E+001  0.70889960E+001  0.11130476E+003
  0.15007363E+001  0.10298917E+001  0.70889889E+001  0.11130574E+003
  0.15007352E+001  0.10298909E+001  0.70889821E+001  0.11130668E+003
