  0.36437536E-001  0.37176275E+000  0.31341359E+001  0.11710883E+003
  0.36439564E-001  0.37176249E+000  0.31341463E+001  0.11710922E+003
  0.36441299E-001  0.37176254E+000  0.31341568E+001  0.11710958E+003
  0.36442854E-001  0.37176276E+000  0.31341672E+001  0.11710994E+003
  0.36444303E-001  0.37176305E+000  0.31341778E+001  0.11711028E+003
  0.36445678E-001  0.37176338E+000  0.31341884E+001  0.11711062E+003
  0.36446990E-001  0.37176373E+000  0.31341991E+001  0.11711095E+003
  0.36448245E-001  0.37176410E+000  0.31342100E+001  0.11711127E+003
  0.36449447E-001  0.37176450E+000  0.31342209E+001  0.11711160E+003
  0.36450604E-001  0.37176492E+000  0.31342320E+001  0.11711192E+003
  0.36451721E-001  0.37176537E+000  0.31342433E+001  0.11711224E+003
  0.36452804E-001  0.37176584E+000  0.31342547E+001  0.11711256E+003
  0.36453862E-001  0.37176632E+000  0.31342663E+001  0.11711288E+003
  0.36454898E-001  0.37176682E+000  0.31342780E+001  0.11711320E+003
  0.36455919E-001  0.37176732E+000  0.31342899E+001  0.11711352E+003
  0.36456928E-001  0.37176783E+000  0.31343019E+001  0.11711384E+003
  0.36457930E-001  0.37176835E+000  0.31343142E+001  0.11711416E+003
  0.36458927E-001  0.37176887E+000  0.31343267E+001  0.11711449E+003
  0.36459923E-001  0.37176939E+000  0.31343394E+001  0.11711482E+003
  0.36460920E-001  0.37176992E+000  0.31343523E+001  0.11711515E+003
  0.36461921E-001  0.37177045E+000  0.31343655E+001  0.11711549E+003
  0.36462927E-001  0.37177099E+000  0.31343789E+001  0.11711584E+003
  0.36463940E-001  0.37177155E+000  0.31343926E+001  0.11711619E+003
  0.36464962E-001  0.37177212E+000  0.31344066E+001  0.11711654E+003
  0.36465995E-001  0.37177271E+000  0.31344209E+001  0.11711690E+003
  0.36467041E-001  0.37177333E+000  0.31344356E+001  0.11711727E+003
  0.36468100E-001  0.37177398E+000  0.31344507E+001  0.11711765E+003
  0.36469176E-001  0.37177466E+000  0.31344661E+001  0.11711804E+003
  0.36470269E-001  0.37177538E+000  0.31344820E+001  0.11711843E+003
  0.36471381E-001  0.37177614E+000  0.31344983E+001  0.11711884E+003
  0.36472513E-001  0.37177695E+000  0.31345150E+001  0.11711926E+003
  0.36473668E-001  0.37177781E+000  0.31345323E+001  0.11711969E+003
  0.36474847E-001  0.37177873E+000  0.31345501E+001  0.11712013E+003
  0.36476037E-001  0.37177972E+000  0.31345684E+001  0.11712058E+003
  0.36477192E-001  0.37178085E+000  0.31345873E+001  0.11712105E+003
  0.36478373E-001  0.37178204E+000  0.31346067E+001  0.11712153E+003
  0.36479583E-001  0.37178332E+000  0.31346268E+001  0.11712203E+003
  0.36480822E-001  0.37178467E+000  0.31346475E+001  0.11712254E+003
  0.36482093E-001  0.37178611E+000  0.31346689E+001  0.11712307E+003
  0.36483397E-001  0.37178765E+000  0.31346910E+001  0.11712362E+003
  0.36484736E-001  0.37178928E+000  0.31347137E+001  0.11712418E+003
  0.36486112E-001  0.37179102E+000  0.31347373E+001  0.11712476E+003
  0.36487525E-001  0.37179287E+000  0.31347615E+001  0.11712536E+003
  0.36488978E-001  0.37179483E+000  0.31347866E+001  0.11712598E+003
  0.36490471E-001  0.37179692E+000  0.31348125E+001  0.11712662E+003
  0.36492007E-001  0.37179914E+000  0.31348392E+001  0.11712728E+003
  0.36493585E-001  0.37180149E+000  0.31348669E+001  0.11712796E+003
  0.36495207E-001  0.37180399E+000  0.31348954E+001  0.11712866E+003
  0.36496873E-001  0.37180664E+000  0.31349249E+001  0.11712938E+003
  0.36498584E-001  0.37180945E+000  0.31349554E+001  0.11713012E+003
  0.36500338E-001  0.37181244E+000  0.31349869E+001  0.11713089E+003
  0.36502136E-001  0.37181559E+000  0.31350195E+001  0.11713168E+003
  0.36503977E-001  0.37181894E+000  0.31350532E+001  0.11713249E+003
  0.36505859E-001  0.37182247E+000  0.31350880E+001  0.11713332E+003
  0.36507781E-001  0.37182621E+000  0.31351240E+001  0.11713418E+003
  0.36509740E-001  0.37183016E+000  0.31351613E+001  0.11713506E+003
  0.36511734E-001  0.37183433E+000  0.31351997E+001  0.11713597E+003
  0.36513761E-001  0.37183872E+000  0.31352395E+001  0.11713689E+003
  0.36515817E-001  0.37184334E+000  0.31352806E+001  0.11713785E+003
  0.36517899E-001  0.37184821E+000  0.31353230E+001  0.11713882E+003
  0.36520002E-001  0.37185331E+000  0.31353668E+001  0.11713982E+003
  0.36522124E-001  0.37185867E+000  0.31354121E+001  0.11714084E+003
  0.36524260E-001  0.37186427E+000  0.31354587E+001  0.11714189E+003
  0.36526406E-001  0.37187012E+000  0.31355069E+001  0.11714296E+003
  0.36528558E-001  0.37187623E+000  0.31355565E+001  0.11714405E+003
  0.36530711E-001  0.37188259E+000  0.31356076E+001  0.11714517E+003
  0.36532527E-001  0.37188953E+000  0.31356603E+001  0.11714631E+003
  0.36533456E-001  0.37189759E+000  0.31357145E+001  0.11714748E+003
  0.36534361E-001  0.37190591E+000  0.31357703E+001  0.11714867E+003
  0.36535243E-001  0.37191446E+000  0.31358276E+001  0.11714988E+003
  0.36536102E-001  0.37192324E+000  0.31358865E+001  0.11715111E+003
  0.36536936E-001  0.37193223E+000  0.31359471E+001  0.11715237E+003
  0.36537745E-001  0.37194142E+000  0.31360092E+001  0.11715364E+003
  0.36538530E-001  0.37195080E+000  0.31360728E+001  0.11715494E+003
  0.36539291E-001  0.37196033E+000  0.31361381E+001  0.11715627E+003
  0.36540028E-001  0.37197001E+000  0.31362049E+001  0.11715761E+003
  0.36540741E-001  0.37197982E+000  0.31362733E+001  0.11715897E+003
  0.36541431E-001  0.37198973E+000  0.31363431E+001  0.11716036E+003
  0.36542097E-001  0.37199972E+000  0.31364145E+001  0.11716176E+003
  0.36542740E-001  0.37200976E+000  0.31364874E+001  0.11716318E+003
  0.36543360E-001  0.37201983E+000  0.31365617E+001  0.11716462E+003
  0.36543958E-001  0.37202991E+000  0.31366375E+001  0.11716608E+003
  0.36544533E-001  0.37203996E+000  0.31367146E+001  0.11716756E+003
  0.36545086E-001  0.37204996E+000  0.31367932E+001  0.11716906E+003
  0.36545617E-001  0.37205987E+000  0.31368731E+001  0.11717057E+003
  0.36546125E-001  0.37206966E+000  0.31369544E+001  0.11717210E+003
  0.36546611E-001  0.37207931E+000  0.31370369E+001  0.11717365E+003
  0.36547074E-001  0.37208877E+000  0.31371208E+001  0.11717521E+003
  0.36547514E-001  0.37209801E+000  0.31372060E+001  0.11717679E+003
  0.36547930E-001  0.37210701E+000  0.31372925E+001  0.11717839E+003
  0.36548323E-001  0.37211572E+000  0.31373803E+001  0.11717999E+003
  0.36548691E-001  0.37212412E+000  0.31374694E+001  0.11718162E+003
  0.36549035E-001  0.37213218E+000  0.31375597E+001  0.11718325E+003
  0.36549353E-001  0.37213987E+000  0.31376513E+001  0.11718491E+003
  0.36549646E-001  0.37214715E+000  0.31377441E+001  0.11718657E+003
  0.36549912E-001  0.37215400E+000  0.31378381E+001  0.11718825E+003
  0.36550153E-001  0.37216041E+000  0.31379332E+001  0.11718994E+003
  0.36550367E-001  0.37216634E+000  0.31380295E+001  0.11719165E+003
  0.36550555E-001  0.37217179E+000  0.31381269E+001  0.11719336E+003
  0.36550716E-001  0.37217674E+000  0.31382254E+001  0.11719509E+003
  0.36550851E-001  0.37218118E+000  0.31383248E+001  0.11719684E+003
  0.36550961E-001  0.37218511E+000  0.31384251E+001  0.11719859E+003
  0.36551045E-001  0.37218851E+000  0.31385262E+001  0.11720036E+003
  0.36551104E-001  0.37219139E+000  0.31386280E+001  0.11720215E+003
  0.36551139E-001  0.37219376E+000  0.31387303E+001  0.11720394E+003
  0.36551151E-001  0.37219562E+000  0.31388332E+001  0.11720575E+003
  0.36551141E-001  0.37219699E+000  0.31389363E+001  0.11720757E+003
  0.36551109E-001  0.37219788E+000  0.31390397E+001  0.11720940E+003
  0.36551058E-001  0.37219830E+000  0.31391430E+001  0.11721125E+003
  0.36550987E-001  0.37219828E+000  0.31392462E+001  0.11721311E+003
  0.36550900E-001  0.37219783E+000  0.31393491E+001  0.11721498E+003
  0.36550796E-001  0.37219699E+000  0.31394515E+001  0.11721686E+003
  0.36550677E-001  0.37219578E+000  0.31395532E+001  0.11721876E+003
  0.36550545E-001  0.37219423E+000  0.31396541E+001  0.11722067E+003
  0.36550401E-001  0.37219236E+000  0.31397539E+001  0.11722260E+003
  0.36550246E-001  0.37219020E+000  0.31398525E+001  0.11722454E+003
  0.36550082E-001  0.37218779E+000  0.31399496E+001  0.11722649E+003
  0.36549911E-001  0.37218515E+000  0.31400452E+001  0.11722845E+003
  0.36549733E-001  0.37218231E+000  0.31401390E+001  0.11723043E+003
  0.36549549E-001  0.37217930E+000  0.31402309E+001  0.11723242E+003
  0.36549362E-001  0.37217615E+000  0.31403206E+001  0.11723442E+003
  0.36549171E-001  0.37217289E+000  0.31404082E+001  0.11723643E+003
  0.36548979E-001  0.37216954E+000  0.31404933E+001  0.11723846E+003
  0.36548786E-001  0.37216612E+000  0.31405760E+001  0.11724050E+003
  0.36548593E-001  0.37216266E+000  0.31406561E+001  0.11724255E+003
  0.36548402E-001  0.37215918E+000  0.31407334E+001  0.11724461E+003
  0.36548211E-001  0.37215569E+000  0.31408080E+001  0.11724668E+003
  0.36548024E-001  0.37215222E+000  0.31408798E+001  0.11724877E+003
  0.36547839E-001  0.37214879E+000  0.31409487E+001  0.11725086E+003
  0.36547658E-001  0.37214540E+000  0.31410146E+001  0.11725296E+003
  0.36547481E-001  0.37214207E+000  0.31410776E+001  0.11725507E+003
  0.36547309E-001  0.37213881E+000  0.31411377E+001  0.11725719E+003
  0.36547141E-001  0.37213563E+000  0.31411948E+001  0.11725931E+003
  0.36546979E-001  0.37213253E+000  0.31412490E+001  0.11726145E+003
  0.36546822E-001  0.37212954E+000  0.31413003E+001  0.11726358E+003
  0.36546670E-001  0.37212664E+000  0.31413488E+001  0.11726573E+003
  0.36546525E-001  0.37212385E+000  0.31413944E+001  0.11726788E+003
  0.36546385E-001  0.37212116E+000  0.31414374E+001  0.11727003E+003
  0.36546251E-001  0.37211859E+000  0.31414777E+001  0.11727218E+003
  0.36546123E-001  0.37211613E+000  0.31415155E+001  0.11727434E+003
  0.36546000E-001  0.37211377E+000  0.31415508E+001  0.11727650E+003
  0.36545884E-001  0.37211153E+000  0.31415837E+001  0.11727866E+003
  0.36545773E-001  0.37210940E+000  0.31416143E+001  0.11728081E+003
  0.36545668E-001  0.37210738E+000  0.31416427E+001  0.11728297E+003
  0.36545568E-001  0.37210546E+000  0.31416690E+001  0.11728512E+003
  0.36545473E-001  0.37210365E+000  0.31416933E+001  0.11728727E+003
  0.36545384E-001  0.37210194E+000  0.31417158E+001  0.11728941E+003
  0.36545300E-001  0.37210033E+000  0.31417365E+001  0.11729155E+003
  0.36545220E-001  0.37209881E+000  0.31417554E+001  0.11729368E+003
  0.36545146E-001  0.37209738E+000  0.31417728E+001  0.11729580E+003
  0.36545075E-001  0.37209604E+000  0.31417888E+001  0.11729792E+003
  0.36545009E-001  0.37209479E+000  0.31418033E+001  0.11730002E+003
  0.36544947E-001  0.37209361E+000  0.31418166E+001  0.11730211E+003
  0.36544889E-001  0.37209251E+000  0.31418286E+001  0.11730420E+003
  0.36544835E-001  0.37209149E+000  0.31418395E+001  0.11730627E+003
  0.36544784E-001  0.37209053E+000  0.31418494E+001  0.11730832E+003
  0.36544737E-001  0.37208963E+000  0.31418584E+001  0.11731036E+003
  0.36544693E-001  0.37208880E+000  0.31418664E+001  0.11731239E+003
  0.36544652E-001  0.37208803E+000  0.31418737E+001  0.11731440E+003
  0.36544613E-001  0.37208731E+000  0.31418802E+001  0.11731639E+003
  0.36544578E-001  0.37208665E+000  0.31418860E+001  0.11731837E+003
  0.36544545E-001  0.37208603E+000  0.31418912E+001  0.11732033E+003
  0.36544514E-001  0.37208546E+000  0.31418958E+001  0.11732226E+003
  0.36544485E-001  0.37208493E+000  0.31419000E+001  0.11732418E+003
  0.36544459E-001  0.37208443E+000  0.31419036E+001  0.11732607E+003
  0.36544434E-001  0.37208398E+000  0.31419068E+001  0.11732795E+003
  0.36544412E-001  0.37208356E+000  0.31419097E+001  0.11732980E+003
  0.36544391E-001  0.37208318E+000  0.31419122E+001  0.11733163E+003
  0.36544371E-001  0.37208282E+000  0.31419144E+001  0.11733343E+003
  0.36544353E-001  0.37208249E+000  0.31419163E+001  0.11733521E+003
  0.36544337E-001  0.37208219E+000  0.31419179E+001  0.11733697E+003
  0.36544321E-001  0.37208191E+000  0.31419194E+001  0.11733870E+003
  0.36544307E-001  0.37208165E+000  0.31419206E+001  0.11734040E+003
  0.36544295E-001  0.37208142E+000  0.31419216E+001  0.11734208E+003
  0.36544283E-001  0.37208120E+000  0.31419225E+001  0.11734373E+003
  0.36544272E-001  0.37208100E+000  0.31419233E+001  0.11734535E+003
  0.36544262E-001  0.37208082E+000  0.31419240E+001  0.11734695E+003
  0.36544252E-001  0.37208065E+000  0.31419245E+001  0.11734852E+003
  0.36544244E-001  0.37208050E+000  0.31419249E+001  0.11735006E+003
  0.36544236E-001  0.37208036E+000  0.31419253E+001  0.11735157E+003
  0.36544229E-001  0.37208023E+000  0.31419256E+001  0.11735305E+003
  0.36544222E-001  0.37208011E+000  0.31419258E+001  0.11735451E+003
  0.36544216E-001  0.37208000E+000  0.31419260E+001  0.11735593E+003
  0.36544211E-001  0.37207990E+000  0.31419261E+001  0.11735733E+003
  0.36544206E-001  0.37207981E+000  0.31419262E+001  0.11735870E+003
  0.36544201E-001  0.37207973E+000  0.31419262E+001  0.11736004E+003
  0.36544197E-001  0.37207966E+000  0.31419263E+001  0.11736135E+003
  0.36544193E-001  0.37207959E+000  0.31419263E+001  0.11736263E+003
  0.36544189E-001  0.37207953E+000  0.31419263E+001  0.11736388E+003
  0.36544186E-001  0.37207947E+000  0.31419262E+001  0.11736510E+003
  0.36544183E-001  0.37207942E+000  0.31419262E+001  0.11736629E+003
  0.36544180E-001  0.37207937E+000  0.31419261E+001  0.11736746E+003
  0.36544178E-001  0.37207932E+000  0.31419261E+001  0.11736859E+003
  0.36544176E-001  0.37207928E+000  0.31419260E+001  0.11736970E+003
  0.36544174E-001  0.37207925E+000  0.31419259E+001  0.11737077E+003
  0.36544172E-001  0.37207922E+000  0.31419258E+001  0.11737182E+003
  0.36544170E-001  0.37207919E+000  0.31419257E+001  0.11737285E+003
  0.36544169E-001  0.37207916E+000  0.31419257E+001  0.11737384E+003
  0.36544167E-001  0.37207913E+000  0.31419256E+001  0.11737481E+003
  0.36544166E-001  0.37207911E+000  0.31419255E+001  0.11737574E+003
