  0.15876857E+001
  0.15876834E+001
  0.15876850E+001
  0.15876893E+001
  0.15876953E+001
  0.15877025E+001
  0.15877105E+001
  0.15877191E+001
  0.15877280E+001
  0.15877372E+001
  0.15877466E+001
  0.15877561E+001
  0.15877656E+001
  0.15877753E+001
  0.15877850E+001
  0.15877947E+001
  0.15878045E+001
  0.15878142E+001
  0.15878241E+001
  0.15878339E+001
  0.15878438E+001
  0.15878538E+001
  0.15878637E+001
  0.15878737E+001
  0.15878837E+001
  0.15878938E+001
  0.15879039E+001
  0.15879140E+001
  0.15879241E+001
  0.15879342E+001
  0.15879443E+001
  0.15879544E+001
  0.15879645E+001
  0.15879745E+001
  0.15879845E+001
  0.15879944E+001
  0.15880042E+001
  0.15880139E+001
  0.15880236E+001
  0.15880331E+001
  0.15880425E+001
  0.15880517E+001
  0.15880607E+001
  0.15880695E+001
  0.15880782E+001
  0.15880866E+001
  0.15880947E+001
  0.15881025E+001
  0.15881101E+001
  0.15881173E+001
  0.15881242E+001
  0.15881307E+001
  0.15881368E+001
  0.15881424E+001
  0.15881476E+001
  0.15881524E+001
  0.15881566E+001
  0.15881602E+001
  0.15881633E+001
  0.15881658E+001
  0.15881677E+001
  0.15881690E+001
  0.15881696E+001
  0.15881696E+001
  0.15881689E+001
  0.15881675E+001
  0.15881654E+001
  0.15881627E+001
  0.15881593E+001
  0.15881552E+001
  0.15881505E+001
  0.15881452E+001
  0.15881392E+001
  0.15881328E+001
  0.15881258E+001
  0.15881184E+001
  0.15881105E+001
  0.15881023E+001
  0.15880938E+001
  0.15880850E+001
  0.15880761E+001
  0.15880670E+001
  0.15880578E+001
  0.15880486E+001
  0.15880394E+001
  0.15880303E+001
  0.15880214E+001
  0.15880125E+001
  0.15880038E+001
  0.15879954E+001
  0.15879871E+001
  0.15879791E+001
  0.15879713E+001
  0.15879638E+001
  0.15879565E+001
  0.15879495E+001
  0.15879427E+001
  0.15879361E+001
  0.15879298E+001
  0.15879236E+001
  0.15879177E+001
  0.15879119E+001
  0.15879062E+001
  0.15879008E+001
  0.15878954E+001
  0.15878902E+001
  0.15878851E+001
  0.15878800E+001
  0.15878751E+001
  0.15878702E+001
  0.15878655E+001
  0.15878607E+001
  0.15878561E+001
  0.15878514E+001
  0.15878469E+001
  0.15878423E+001
  0.15878378E+001
  0.15878334E+001
  0.15878290E+001
  0.15878246E+001
  0.15878203E+001
  0.15878160E+001
  0.15878117E+001
  0.15878075E+001
  0.15878033E+001
  0.15877991E+001
  0.15877950E+001
  0.15877910E+001
  0.15877870E+001
  0.15877830E+001
  0.15877791E+001
  0.15877753E+001
  0.15877715E+001
  0.15877677E+001
  0.15877641E+001
  0.15877604E+001
  0.15877569E+001
  0.15877534E+001
  0.15877500E+001
  0.15877467E+001
  0.15877435E+001
  0.15877403E+001
  0.15877372E+001
  0.15877342E+001
  0.15877313E+001
  0.15877284E+001
  0.15877256E+001
  0.15877230E+001
  0.15877204E+001
  0.15877179E+001
  0.15877154E+001
  0.15877131E+001
  0.15877109E+001
  0.15877087E+001
  0.15877066E+001
  0.15877046E+001
  0.15877027E+001
  0.15877009E+001
  0.15876992E+001
  0.15876975E+001
  0.15876959E+001
  0.15876944E+001
  0.15876930E+001
  0.15876917E+001
  0.15876904E+001
  0.15876892E+001
  0.15876881E+001
  0.15876870E+001
  0.15876860E+001
  0.15876851E+001
  0.15876842E+001
  0.15876834E+001
  0.15876827E+001
  0.15876820E+001
  0.15876813E+001
  0.15876808E+001
  0.15876802E+001
  0.15876797E+001
  0.15876793E+001
  0.15876789E+001
  0.15876785E+001
  0.15876782E+001
  0.15876779E+001
  0.15876777E+001
  0.15876775E+001
  0.15876773E+001
  0.15876771E+001
  0.15876770E+001
  0.15876769E+001
  0.15876769E+001
  0.15876768E+001
  0.15876768E+001
  0.15876768E+001
  0.15876768E+001
  0.15876768E+001
  0.15876769E+001
  0.15876769E+001
  0.15876770E+001
  0.15876771E+001
  0.15876772E+001
