  0.10980180E+001  0.57861555E+000  0.92172280E+000  0.37523868E+001
  0.10980188E+001  0.57861793E+000  0.92173100E+000  0.37523661E+001
  0.10980207E+001  0.57862043E+000  0.92173953E+000  0.37523599E+001
  0.10980232E+001  0.57862300E+000  0.92174818E+000  0.37523633E+001
  0.10980262E+001  0.57862559E+000  0.92175684E+000  0.37523730E+001
  0.10980296E+001  0.57862818E+000  0.92176548E+000  0.37523872E+001
  0.10980332E+001  0.57863075E+000  0.92177405E+000  0.37524045E+001
  0.10980371E+001  0.57863329E+000  0.92178254E+000  0.37524238E+001
  0.10980410E+001  0.57863581E+000  0.92179095E+000  0.37524447E+001
  0.10980451E+001  0.57863829E+000  0.92179927E+000  0.37524666E+001
  0.10980492E+001  0.57864073E+000  0.92180751E+000  0.37524894E+001
  0.10980533E+001  0.57864314E+000  0.92181566E+000  0.37525127E+001
  0.10980574E+001  0.57864551E+000  0.92182375E+000  0.37525364E+001
  0.10980614E+001  0.57864785E+000  0.92183176E+000  0.37525606E+001
  0.10980655E+001  0.57865015E+000  0.92183971E+000  0.37525850E+001
  0.10980695E+001  0.57865241E+000  0.92184761E+000  0.37526098E+001
  0.10980734E+001  0.57865464E+000  0.92185545E+000  0.37526348E+001
  0.10980773E+001  0.57865684E+000  0.92186325E+000  0.37526601E+001
  0.10980811E+001  0.57865901E+000  0.92187100E+000  0.37526856E+001
  0.10980849E+001  0.57866115E+000  0.92187872E+000  0.37527114E+001
  0.10980887E+001  0.57866326E+000  0.92188640E+000  0.37527374E+001
  0.10980924E+001  0.57866535E+000  0.92189406E+000  0.37527637E+001
  0.10980960E+001  0.57866742E+000  0.92190169E+000  0.37527902E+001
  0.10980995E+001  0.57866947E+000  0.92190930E+000  0.37528170E+001
  0.10981030E+001  0.57867150E+000  0.92191688E+000  0.37528440E+001
  0.10981065E+001  0.57867351E+000  0.92192445E+000  0.37528712E+001
  0.10981099E+001  0.57867550E+000  0.92193201E+000  0.37528986E+001
  0.10981132E+001  0.57867747E+000  0.92193954E+000  0.37529262E+001
  0.10981164E+001  0.57867942E+000  0.92194706E+000  0.37529539E+001
  0.10981196E+001  0.57868135E+000  0.92195456E+000  0.37529817E+001
  0.10981227E+001  0.57868325E+000  0.92196204E+000  0.37530097E+001
  0.10981257E+001  0.57868513E+000  0.92196949E+000  0.37530378E+001
  0.10981286E+001  0.57868697E+000  0.92197692E+000  0.37530658E+001
  0.10981313E+001  0.57868878E+000  0.92198432E+000  0.37530940E+001
  0.10981340E+001  0.57869054E+000  0.92199168E+000  0.37531220E+001
  0.10981366E+001  0.57869226E+000  0.92199899E+000  0.37531501E+001
  0.10981390E+001  0.57869393E+000  0.92200625E+000  0.37531781E+001
  0.10981413E+001  0.57869554E+000  0.92201345E+000  0.37532059E+001
  0.10981434E+001  0.57869708E+000  0.92202058E+000  0.37532337E+001
  0.10981454E+001  0.57869854E+000  0.92202762E+000  0.37532613E+001
  0.10981471E+001  0.57869993E+000  0.92203456E+000  0.37532886E+001
  0.10981487E+001  0.57870122E+000  0.92204139E+000  0.37533158E+001
  0.10981501E+001  0.57870241E+000  0.92204810E+000  0.37533427E+001
  0.10981512E+001  0.57870350E+000  0.92205466E+000  0.37533693E+001
  0.10981520E+001  0.57870447E+000  0.92206105E+000  0.37533956E+001
  0.10981526E+001  0.57870531E+000  0.92206726E+000  0.37534215E+001
  0.10981529E+001  0.57870603E+000  0.92207326E+000  0.37534470E+001
  0.10981529E+001  0.57870660E+000  0.92207902E+000  0.37534721E+001
  0.10981526E+001  0.57870702E+000  0.92208452E+000  0.37534967E+001
  0.10981520E+001  0.57870728E+000  0.92208973E+000  0.37535208E+001
  0.10981510E+001  0.57870738E+000  0.92209461E+000  0.37535443E+001
  0.10981496E+001  0.57870731E+000  0.92209912E+000  0.37535672E+001
  0.10981479E+001  0.57870707E+000  0.92210324E+000  0.37535894E+001
  0.10981458E+001  0.57870666E+000  0.92210691E+000  0.37536109E+001
  0.10981433E+001  0.57870606E+000  0.92211009E+000  0.37536316E+001
  0.10981403E+001  0.57870529E+000  0.92211274E+000  0.37536515E+001
  0.10981370E+001  0.57870434E+000  0.92211481E+000  0.37536705E+001
  0.10981333E+001  0.57870321E+000  0.92211627E+000  0.37536886E+001
  0.10981292E+001  0.57870190E+000  0.92211705E+000  0.37537056E+001
  0.10981247E+001  0.57870042E+000  0.92211713E+000  0.37537216E+001
  0.10981198E+001  0.57869877E+000  0.92211647E+000  0.37537364E+001
  0.10981145E+001  0.57869697E+000  0.92211504E+000  0.37537500E+001
  0.10981089E+001  0.57869500E+000  0.92211281E+000  0.37537623E+001
  0.10981030E+001  0.57869288E+000  0.92210978E+000  0.37537733E+001
  0.10980967E+001  0.57869062E+000  0.92210593E+000  0.37537828E+001
  0.10980901E+001  0.57868821E+000  0.92210129E+000  0.37537909E+001
  0.10980833E+001  0.57868568E+000  0.92209585E+000  0.37537974E+001
  0.10980762E+001  0.57868303E+000  0.92208967E+000  0.37538024E+001
  0.10980689E+001  0.57868026E+000  0.92208276E+000  0.37538057E+001
  0.10980613E+001  0.57867739E+000  0.92207520E+000  0.37538073E+001
  0.10980537E+001  0.57867443E+000  0.92206702E+000  0.37538073E+001
  0.10980458E+001  0.57867139E+000  0.92205830E+000  0.37538056E+001
  0.10980379E+001  0.57866828E+000  0.92204910E+000  0.37538021E+001
  0.10980298E+001  0.57866513E+000  0.92203951E+000  0.37537971E+001
  0.10980217E+001  0.57866193E+000  0.92202959E+000  0.37537904E+001
  0.10980135E+001  0.57865872E+000  0.92201942E+000  0.37537822E+001
  0.10980054E+001  0.57865550E+000  0.92200908E+000  0.37537725E+001
  0.10979972E+001  0.57865230E+000  0.92199865E+000  0.37537615E+001
  0.10979890E+001  0.57864913E+000  0.92198818E+000  0.37537493E+001
  0.10979808E+001  0.57864600E+000  0.92197775E+000  0.37537360E+001
  0.10979726E+001  0.57864293E+000  0.92196742E+000  0.37537218E+001
  0.10979645E+001  0.57863993E+000  0.92195724E+000  0.37537067E+001
  0.10979564E+001  0.57863703E+000  0.92194727E+000  0.37536910E+001
  0.10979483E+001  0.57863422E+000  0.92193754E+000  0.37536749E+001
  0.10979403E+001  0.57863151E+000  0.92192809E+000  0.37536584E+001
  0.10979323E+001  0.57862893E+000  0.92191897E+000  0.37536417E+001
  0.10979243E+001  0.57862647E+000  0.92191019E+000  0.37536249E+001
  0.10979164E+001  0.57862414E+000  0.92190178E+000  0.37536082E+001
  0.10979084E+001  0.57862195E+000  0.92189374E+000  0.37535917E+001
  0.10979005E+001  0.57861989E+000  0.92188610E+000  0.37535755E+001
  0.10978926E+001  0.57861796E+000  0.92187887E+000  0.37535596E+001
  0.10978847E+001  0.57861617E+000  0.92187204E+000  0.37535441E+001
  0.10978767E+001  0.57861452E+000  0.92186561E+000  0.37535290E+001
  0.10978688E+001  0.57861299E+000  0.92185958E+000  0.37535144E+001
  0.10978608E+001  0.57861159E+000  0.92185395E+000  0.37535003E+001
  0.10978528E+001  0.57861030E+000  0.92184870E+000  0.37534867E+001
  0.10978447E+001  0.57860913E+000  0.92184383E+000  0.37534736E+001
  0.10978367E+001  0.57860805E+000  0.92183932E+000  0.37534610E+001
  0.10978285E+001  0.57860707E+000  0.92183516E+000  0.37534488E+001
  0.10978204E+001  0.57860617E+000  0.92183134E+000  0.37534371E+001
  0.10978122E+001  0.57860534E+000  0.92182784E+000  0.37534257E+001
  0.10978040E+001  0.57860457E+000  0.92182465E+000  0.37534147E+001
  0.10977958E+001  0.57860385E+000  0.92182175E+000  0.37534041E+001
  0.10977875E+001  0.57860316E+000  0.92181913E+000  0.37533937E+001
  0.10977792E+001  0.57860250E+000  0.92181676E+000  0.37533836E+001
  0.10977710E+001  0.57860185E+000  0.92181464E+000  0.37533737E+001
  0.10977627E+001  0.57860120E+000  0.92181275E+000  0.37533641E+001
  0.10977544E+001  0.57860054E+000  0.92181108E+000  0.37533546E+001
  0.10977462E+001  0.57859985E+000  0.92180961E+000  0.37533452E+001
  0.10977380E+001  0.57859914E+000  0.92180832E+000  0.37533360E+001
  0.10977298E+001  0.57859838E+000  0.92180721E+000  0.37533269E+001
  0.10977217E+001  0.57859757E+000  0.92180626E+000  0.37533178E+001
  0.10977137E+001  0.57859670E+000  0.92180546E+000  0.37533089E+001
  0.10977057E+001  0.57859576E+000  0.92180480E+000  0.37533000E+001
  0.10976978E+001  0.57859475E+000  0.92180426E+000  0.37532911E+001
  0.10976901E+001  0.57859366E+000  0.92180383E+000  0.37532823E+001
  0.10976824E+001  0.57859249E+000  0.92180350E+000  0.37532735E+001
  0.10976748E+001  0.57859123E+000  0.92180326E+000  0.37532647E+001
  0.10976674E+001  0.57858989E+000  0.92180310E+000  0.37532560E+001
  0.10976602E+001  0.57858846E+000  0.92180301E+000  0.37532473E+001
  0.10976530E+001  0.57858694E+000  0.92180298E+000  0.37532386E+001
  0.10976461E+001  0.57858535E+000  0.92180300E+000  0.37532299E+001
  0.10976392E+001  0.57858367E+000  0.92180306E+000  0.37532213E+001
  0.10976326E+001  0.57858191E+000  0.92180316E+000  0.37532127E+001
  0.10976261E+001  0.57858008E+000  0.92180328E+000  0.37532041E+001
  0.10976198E+001  0.57857818E+000  0.92180342E+000  0.37531956E+001
  0.10976137E+001  0.57857622E+000  0.92180357E+000  0.37531871E+001
  0.10976078E+001  0.57857420E+000  0.92180373E+000  0.37531786E+001
  0.10976021E+001  0.57857214E+000  0.92180388E+000  0.37531702E+001
  0.10975966E+001  0.57857003E+000  0.92180403E+000  0.37531619E+001
  0.10975912E+001  0.57856789E+000  0.92180416E+000  0.37531536E+001
  0.10975861E+001  0.57856573E+000  0.92180429E+000  0.37531454E+001
  0.10975811E+001  0.57856355E+000  0.92180439E+000  0.37531373E+001
  0.10975763E+001  0.57856136E+000  0.92180447E+000  0.37531292E+001
  0.10975717E+001  0.57855916E+000  0.92180453E+000  0.37531213E+001
  0.10975673E+001  0.57855697E+000  0.92180456E+000  0.37531134E+001
  0.10975631E+001  0.57855479E+000  0.92180456E+000  0.37531056E+001
  0.10975591E+001  0.57855263E+000  0.92180454E+000  0.37530980E+001
  0.10975552E+001  0.57855049E+000  0.92180448E+000  0.37530904E+001
  0.10975515E+001  0.57854839E+000  0.92180440E+000  0.37530830E+001
  0.10975480E+001  0.57854631E+000  0.92180429E+000  0.37530757E+001
  0.10975447E+001  0.57854428E+000  0.92180415E+000  0.37530685E+001
  0.10975415E+001  0.57854230E+000  0.92180399E+000  0.37530615E+001
  0.10975384E+001  0.57854036E+000  0.92180380E+000  0.37530546E+001
  0.10975355E+001  0.57853847E+000  0.92180359E+000  0.37530479E+001
  0.10975328E+001  0.57853664E+000  0.92180335E+000  0.37530413E+001
  0.10975302E+001  0.57853487E+000  0.92180310E+000  0.37530349E+001
  0.10975278E+001  0.57853316E+000  0.92180282E+000  0.37530286E+001
  0.10975254E+001  0.57853150E+000  0.92180253E+000  0.37530225E+001
  0.10975232E+001  0.57852991E+000  0.92180223E+000  0.37530166E+001
  0.10975211E+001  0.57852838E+000  0.92180191E+000  0.37530108E+001
  0.10975192E+001  0.57852691E+000  0.92180159E+000  0.37530052E+001
  0.10975173E+001  0.57852551E+000  0.92180126E+000  0.37529998E+001
  0.10975156E+001  0.57852417E+000  0.92180092E+000  0.37529946E+001
  0.10975139E+001  0.57852289E+000  0.92180057E+000  0.37529896E+001
  0.10975124E+001  0.57852167E+000  0.92180023E+000  0.37529848E+001
  0.10975109E+001  0.57852051E+000  0.92179988E+000  0.37529801E+001
  0.10975096E+001  0.57851941E+000  0.92179954E+000  0.37529756E+001
  0.10975083E+001  0.57851837E+000  0.92179920E+000  0.37529713E+001
  0.10975071E+001  0.57851738E+000  0.92179886E+000  0.37529672E+001
  0.10975059E+001  0.57851644E+000  0.92179853E+000  0.37529633E+001
  0.10975049E+001  0.57851556E+000  0.92179820E+000  0.37529596E+001
  0.10975039E+001  0.57851473E+000  0.92179789E+000  0.37529561E+001
  0.10975029E+001  0.57851394E+000  0.92179758E+000  0.37529527E+001
  0.10975021E+001  0.57851321E+000  0.92179728E+000  0.37529495E+001
  0.10975013E+001  0.57851251E+000  0.92179699E+000  0.37529465E+001
  0.10975005E+001  0.57851186E+000  0.92179671E+000  0.37529437E+001
  0.10974998E+001  0.57851125E+000  0.92179644E+000  0.37529411E+001
  0.10974991E+001  0.57851068E+000  0.92179618E+000  0.37529386E+001
  0.10974985E+001  0.57851014E+000  0.92179593E+000  0.37529363E+001
  0.10974980E+001  0.57850964E+000  0.92179569E+000  0.37529341E+001
  0.10974974E+001  0.57850917E+000  0.92179546E+000  0.37529321E+001
  0.10974969E+001  0.57850873E+000  0.92179525E+000  0.37529303E+001
  0.10974965E+001  0.57850832E+000  0.92179505E+000  0.37529286E+001
  0.10974960E+001  0.57850794E+000  0.92179485E+000  0.37529270E+001
  0.10974956E+001  0.57850759E+000  0.92179467E+000  0.37529256E+001
  0.10974953E+001  0.57850726E+000  0.92179450E+000  0.37529243E+001
  0.10974949E+001  0.57850695E+000  0.92179433E+000  0.37529232E+001
  0.10974946E+001  0.57850667E+000  0.92179418E+000  0.37529222E+001
  0.10974943E+001  0.57850640E+000  0.92179404E+000  0.37529213E+001
  0.10974940E+001  0.57850616E+000  0.92179390E+000  0.37529205E+001
  0.10974938E+001  0.57850593E+000  0.92179378E+000  0.37529198E+001
  0.10974936E+001  0.57850572E+000  0.92179366E+000  0.37529193E+001
  0.10974933E+001  0.57850552E+000  0.92179355E+000  0.37529188E+001
  0.10974931E+001  0.57850534E+000  0.92179345E+000  0.37529184E+001
  0.10974930E+001  0.57850517E+000  0.92179336E+000  0.37529182E+001
  0.10974928E+001  0.57850502E+000  0.92179327E+000  0.37529180E+001
  0.10974926E+001  0.57850487E+000  0.92179319E+000  0.37529179E+001
  0.10974925E+001  0.57850474E+000  0.92179311E+000  0.37529178E+001
  0.10974924E+001  0.57850462E+000  0.92179304E+000  0.37529179E+001
  0.10974922E+001  0.57850450E+000  0.92179298E+000  0.37529180E+001
  0.10974921E+001  0.57850440E+000  0.92179292E+000  0.37529182E+001
  0.10974920E+001  0.57850430E+000  0.92179287E+000  0.37529184E+001
  0.10974919E+001  0.57850422E+000  0.92179281E+000  0.37529187E+001
  0.10974918E+001  0.57850413E+000  0.92179277E+000  0.37529191E+001
  0.10974918E+001  0.57850406E+000  0.92179273E+000  0.37529195E+001
  0.10974917E+001  0.57850399E+000  0.92179269E+000  0.37529199E+001
  0.10974916E+001  0.57850393E+000  0.92179265E+000  0.37529204E+001
  0.10974915E+001  0.57850387E+000  0.92179262E+000  0.37529209E+001
  0.10974915E+001  0.57850381E+000  0.92179259E+000  0.37529214E+001
