 -0.15587242E+000  0.23012029E+000  0.22770873E+001  0.39994080E+001
 -0.15587369E+000  0.23012887E+000  0.22771041E+001  0.39993746E+001
 -0.15587521E+000  0.23013725E+000  0.22771208E+001  0.39993578E+001
 -0.15587672E+000  0.23014520E+000  0.22771372E+001  0.39993520E+001
 -0.15587817E+000  0.23015273E+000  0.22771534E+001  0.39993537E+001
 -0.15587955E+000  0.23015988E+000  0.22771693E+001  0.39993609E+001
 -0.15588084E+000  0.23016666E+000  0.22771849E+001  0.39993718E+001
 -0.15588205E+000  0.23017311E+000  0.22772002E+001  0.39993855E+001
 -0.15588317E+000  0.23017926E+000  0.22772152E+001  0.39994013E+001
 -0.15588420E+000  0.23018514E+000  0.22772298E+001  0.39994186E+001
 -0.15588516E+000  0.23019079E+000  0.22772441E+001  0.39994371E+001
 -0.15588605E+000  0.23019622E+000  0.22772581E+001  0.39994565E+001
 -0.15588687E+000  0.23020147E+000  0.22772717E+001  0.39994768E+001
 -0.15588764E+000  0.23020656E+000  0.22772851E+001  0.39994977E+001
 -0.15588836E+000  0.23021150E+000  0.22772981E+001  0.39995191E+001
 -0.15588903E+000  0.23021631E+000  0.22773110E+001  0.39995410E+001
 -0.15588967E+000  0.23022101E+000  0.22773235E+001  0.39995634E+001
 -0.15589028E+000  0.23022560E+000  0.22773359E+001  0.39995862E+001
 -0.15589085E+000  0.23023010E+000  0.22773481E+001  0.39996094E+001
 -0.15589140E+000  0.23023452E+000  0.22773602E+001  0.39996329E+001
 -0.15589192E+000  0.23023886E+000  0.22773721E+001  0.39996568E+001
 -0.15589242E+000  0.23024313E+000  0.22773839E+001  0.39996809E+001
 -0.15589290E+000  0.23024733E+000  0.22773956E+001  0.39997054E+001
 -0.15589336E+000  0.23025148E+000  0.22774072E+001  0.39997300E+001
 -0.15589381E+000  0.23025557E+000  0.22774187E+001  0.39997549E+001
 -0.15589424E+000  0.23025962E+000  0.22774302E+001  0.39997800E+001
 -0.15589465E+000  0.23026363E+000  0.22774417E+001  0.39998053E+001
 -0.15589505E+000  0.23026760E+000  0.22774531E+001  0.39998307E+001
 -0.15589544E+000  0.23027154E+000  0.22774645E+001  0.39998562E+001
 -0.15589582E+000  0.23027545E+000  0.22774759E+001  0.39998817E+001
 -0.15589618E+000  0.23027934E+000  0.22774873E+001  0.39999072E+001
 -0.15589654E+000  0.23028322E+000  0.22774986E+001  0.39999327E+001
 -0.15589688E+000  0.23028709E+000  0.22775100E+001  0.39999581E+001
 -0.15589719E+000  0.23029093E+000  0.22775213E+001  0.39999834E+001
 -0.15589741E+000  0.23029468E+000  0.22775326E+001  0.40000084E+001
 -0.15589761E+000  0.23029843E+000  0.22775440E+001  0.40000332E+001
 -0.15589780E+000  0.23030219E+000  0.22775553E+001  0.40000576E+001
 -0.15589797E+000  0.23030595E+000  0.22775666E+001  0.40000817E+001
 -0.15589813E+000  0.23030973E+000  0.22775779E+001  0.40001053E+001
 -0.15589827E+000  0.23031352E+000  0.22775892E+001  0.40001283E+001
 -0.15589840E+000  0.23031734E+000  0.22776006E+001  0.40001508E+001
 -0.15589851E+000  0.23032118E+000  0.22776119E+001  0.40001726E+001
 -0.15589860E+000  0.23032505E+000  0.22776232E+001  0.40001936E+001
 -0.15589867E+000  0.23032896E+000  0.22776346E+001  0.40002138E+001
 -0.15589873E+000  0.23033290E+000  0.22776459E+001  0.40002330E+001
 -0.15589876E+000  0.23033689E+000  0.22776573E+001  0.40002513E+001
 -0.15589877E+000  0.23034094E+000  0.22776687E+001  0.40002684E+001
 -0.15589876E+000  0.23034504E+000  0.22776801E+001  0.40002843E+001
 -0.15589872E+000  0.23034922E+000  0.22776915E+001  0.40002989E+001
 -0.15589866E+000  0.23035346E+000  0.22777030E+001  0.40003120E+001
 -0.15589857E+000  0.23035780E+000  0.22777144E+001  0.40003236E+001
 -0.15589845E+000  0.23036222E+000  0.22777259E+001  0.40003336E+001
 -0.15589831E+000  0.23036676E+000  0.22777374E+001  0.40003418E+001
 -0.15589813E+000  0.23037141E+000  0.22777489E+001  0.40003481E+001
 -0.15589792E+000  0.23037620E+000  0.22777605E+001  0.40003523E+001
 -0.15589768E+000  0.23038113E+000  0.22777721E+001  0.40003544E+001
 -0.15589740E+000  0.23038623E+000  0.22777837E+001  0.40003542E+001
 -0.15589709E+000  0.23039151E+000  0.22777954E+001  0.40003516E+001
 -0.15589674E+000  0.23039698E+000  0.22778072E+001  0.40003464E+001
 -0.15589635E+000  0.23040267E+000  0.22778191E+001  0.40003385E+001
 -0.15589593E+000  0.23040860E+000  0.22778311E+001  0.40003277E+001
 -0.15589547E+000  0.23041478E+000  0.22778432E+001  0.40003140E+001
 -0.15589497E+000  0.23042123E+000  0.22778556E+001  0.40002972E+001
 -0.15589443E+000  0.23042798E+000  0.22778681E+001  0.40002773E+001
 -0.15589384E+000  0.23043505E+000  0.22778809E+001  0.40002540E+001
 -0.15589322E+000  0.23044246E+000  0.22778939E+001  0.40002274E+001
 -0.15589221E+000  0.23044989E+000  0.22779073E+001  0.40001973E+001
 -0.15589027E+000  0.23045680E+000  0.22779210E+001  0.40001637E+001
 -0.15588827E+000  0.23046410E+000  0.22779351E+001  0.40001266E+001
 -0.15588622E+000  0.23047181E+000  0.22779497E+001  0.40000860E+001
 -0.15588412E+000  0.23047995E+000  0.22779648E+001  0.40000418E+001
 -0.15588198E+000  0.23048855E+000  0.22779805E+001  0.39999941E+001
 -0.15587980E+000  0.23049762E+000  0.22779967E+001  0.39999429E+001
 -0.15587758E+000  0.23050718E+000  0.22780136E+001  0.39998884E+001
 -0.15587534E+000  0.23051726E+000  0.22780312E+001  0.39998306E+001
 -0.15587307E+000  0.23052785E+000  0.22780495E+001  0.39997697E+001
 -0.15587077E+000  0.23053898E+000  0.22780685E+001  0.39997058E+001
 -0.15586846E+000  0.23055067E+000  0.22780884E+001  0.39996390E+001
 -0.15586613E+000  0.23056291E+000  0.22781092E+001  0.39995697E+001
 -0.15586379E+000  0.23057573E+000  0.22781307E+001  0.39994979E+001
 -0.15586144E+000  0.23058913E+000  0.22781532E+001  0.39994238E+001
 -0.15585908E+000  0.23060312E+000  0.22781765E+001  0.39993478E+001
 -0.15585672E+000  0.23061770E+000  0.22782008E+001  0.39992700E+001
 -0.15585437E+000  0.23063288E+000  0.22782259E+001  0.39991906E+001
 -0.15585202E+000  0.23064867E+000  0.22782518E+001  0.39991098E+001
 -0.15584967E+000  0.23066505E+000  0.22782786E+001  0.39990279E+001
 -0.15584734E+000  0.23068205E+000  0.22783062E+001  0.39989450E+001
 -0.15584501E+000  0.23069964E+000  0.22783346E+001  0.39988613E+001
 -0.15584269E+000  0.23071784E+000  0.22783637E+001  0.39987770E+001
 -0.15584039E+000  0.23073663E+000  0.22783935E+001  0.39986923E+001
 -0.15583811E+000  0.23075600E+000  0.22784239E+001  0.39986072E+001
 -0.15583584E+000  0.23077594E+000  0.22784549E+001  0.39985219E+001
 -0.15583358E+000  0.23079645E+000  0.22784865E+001  0.39984365E+001
 -0.15583135E+000  0.23081749E+000  0.22785185E+001  0.39983511E+001
 -0.15582914E+000  0.23083904E+000  0.22785510E+001  0.39982657E+001
 -0.15582694E+000  0.23086110E+000  0.22785839E+001  0.39981804E+001
 -0.15582478E+000  0.23088361E+000  0.22786172E+001  0.39980953E+001
 -0.15582263E+000  0.23090656E+000  0.22786509E+001  0.39980102E+001
 -0.15582051E+000  0.23092991E+000  0.22786849E+001  0.39979253E+001
 -0.15581842E+000  0.23095362E+000  0.22787191E+001  0.39978406E+001
 -0.15581635E+000  0.23097764E+000  0.22787537E+001  0.39977561E+001
 -0.15581432E+000  0.23100194E+000  0.22787886E+001  0.39976717E+001
 -0.15581231E+000  0.23102647E+000  0.22788238E+001  0.39975875E+001
 -0.15581034E+000  0.23105118E+000  0.22788593E+001  0.39975034E+001
 -0.15580840E+000  0.23107601E+000  0.22788951E+001  0.39974194E+001
 -0.15580650E+000  0.23110091E+000  0.22789313E+001  0.39973355E+001
 -0.15580463E+000  0.23112584E+000  0.22789679E+001  0.39972517E+001
 -0.15580280E+000  0.23115073E+000  0.22790048E+001  0.39971679E+001
 -0.15580102E+000  0.23117553E+000  0.22790421E+001  0.39970842E+001
 -0.15579927E+000  0.23120019E+000  0.22790799E+001  0.39970006E+001
 -0.15579757E+000  0.23122466E+000  0.22791182E+001  0.39969170E+001
 -0.15579591E+000  0.23124887E+000  0.22791570E+001  0.39968335E+001
 -0.15579429E+000  0.23127279E+000  0.22791963E+001  0.39967500E+001
 -0.15579272E+000  0.23129636E+000  0.22792361E+001  0.39966665E+001
 -0.15579120E+000  0.23131954E+000  0.22792765E+001  0.39965831E+001
 -0.15578972E+000  0.23134228E+000  0.22793175E+001  0.39964998E+001
 -0.15578830E+000  0.23136455E+000  0.22793590E+001  0.39964166E+001
 -0.15578692E+000  0.23138630E+000  0.22794011E+001  0.39963336E+001
 -0.15578559E+000  0.23140751E+000  0.22794438E+001  0.39962507E+001
 -0.15578431E+000  0.23142815E+000  0.22794870E+001  0.39961681E+001
 -0.15578308E+000  0.23144818E+000  0.22795308E+001  0.39960857E+001
 -0.15578189E+000  0.23146760E+000  0.22795750E+001  0.39960036E+001
 -0.15578076E+000  0.23148637E+000  0.22796197E+001  0.39959220E+001
 -0.15577967E+000  0.23150449E+000  0.22796648E+001  0.39958408E+001
 -0.15577863E+000  0.23152194E+000  0.22797103E+001  0.39957600E+001
 -0.15577763E+000  0.23153873E+000  0.22797560E+001  0.39956799E+001
 -0.15577668E+000  0.23155483E+000  0.22798020E+001  0.39956005E+001
 -0.15577578E+000  0.23157026E+000  0.22798482E+001  0.39955218E+001
 -0.15577492E+000  0.23158502E+000  0.22798944E+001  0.39954439E+001
 -0.15577410E+000  0.23159911E+000  0.22799406E+001  0.39953669E+001
 -0.15577333E+000  0.23161253E+000  0.22799868E+001  0.39952909E+001
 -0.15577259E+000  0.23162531E+000  0.22800328E+001  0.39952160E+001
 -0.15577189E+000  0.23163745E+000  0.22800786E+001  0.39951422E+001
 -0.15577123E+000  0.23164896E+000  0.22801240E+001  0.39950696E+001
 -0.15577061E+000  0.23165986E+000  0.22801691E+001  0.39949984E+001
 -0.15577002E+000  0.23167018E+000  0.22802136E+001  0.39949285E+001
 -0.15576947E+000  0.23167992E+000  0.22802576E+001  0.39948601E+001
 -0.15576895E+000  0.23168910E+000  0.22803009E+001  0.39947931E+001
 -0.15576846E+000  0.23169775E+000  0.22803436E+001  0.39947278E+001
 -0.15576800E+000  0.23170589E+000  0.22803854E+001  0.39946641E+001
 -0.15576757E+000  0.23171353E+000  0.22804264E+001  0.39946020E+001
 -0.15576716E+000  0.23172071E+000  0.22804664E+001  0.39945417E+001
 -0.15576678E+000  0.23172743E+000  0.22805055E+001  0.39944831E+001
 -0.15576642E+000  0.23173372E+000  0.22805436E+001  0.39944263E+001
 -0.15576609E+000  0.23173960E+000  0.22805807E+001  0.39943713E+001
 -0.15576578E+000  0.23174509E+000  0.22806166E+001  0.39943182E+001
 -0.15576549E+000  0.23175022E+000  0.22806514E+001  0.39942669E+001
 -0.15576522E+000  0.23175500E+000  0.22806851E+001  0.39942175E+001
 -0.15576497E+000  0.23175944E+000  0.22807176E+001  0.39941699E+001
 -0.15576474E+000  0.23176358E+000  0.22807490E+001  0.39941241E+001
 -0.15576452E+000  0.23176743E+000  0.22807791E+001  0.39940802E+001
 -0.15576432E+000  0.23177100E+000  0.22808081E+001  0.39940382E+001
 -0.15576413E+000  0.23177431E+000  0.22808359E+001  0.39939979E+001
 -0.15576395E+000  0.23177738E+000  0.22808625E+001  0.39939594E+001
 -0.15576379E+000  0.23178022E+000  0.22808879E+001  0.39939227E+001
 -0.15576364E+000  0.23178285E+000  0.22809122E+001  0.39938876E+001
 -0.15576350E+000  0.23178528E+000  0.22809354E+001  0.39938543E+001
 -0.15576338E+000  0.23178753E+000  0.22809574E+001  0.39938226E+001
 -0.15576326E+000  0.23178961E+000  0.22809783E+001  0.39937925E+001
 -0.15576315E+000  0.23179152E+000  0.22809982E+001  0.39937640E+001
 -0.15576305E+000  0.23179329E+000  0.22810171E+001  0.39937369E+001
 -0.15576295E+000  0.23179491E+000  0.22810349E+001  0.39937114E+001
 -0.15576287E+000  0.23179641E+000  0.22810518E+001  0.39936872E+001
 -0.15576279E+000  0.23179779E+000  0.22810678E+001  0.39936644E+001
 -0.15576271E+000  0.23179905E+000  0.22810828E+001  0.39936430E+001
 -0.15576265E+000  0.23180022E+000  0.22810970E+001  0.39936228E+001
 -0.15576258E+000  0.23180129E+000  0.22811103E+001  0.39936038E+001
 -0.15576253E+000  0.23180227E+000  0.22811229E+001  0.39935860E+001
 -0.15576248E+000  0.23180317E+000  0.22811347E+001  0.39935693E+001
 -0.15576243E+000  0.23180400E+000  0.22811457E+001  0.39935536E+001
 -0.15576238E+000  0.23180475E+000  0.22811561E+001  0.39935390E+001
 -0.15576234E+000  0.23180545E+000  0.22811658E+001  0.39935253E+001
 -0.15576231E+000  0.23180608E+000  0.22811748E+001  0.39935126E+001
 -0.15576227E+000  0.23180666E+000  0.22811833E+001  0.39935007E+001
 -0.15576224E+000  0.23180719E+000  0.22811912E+001  0.39934897E+001
 -0.15576221E+000  0.23180768E+000  0.22811986E+001  0.39934795E+001
 -0.15576219E+000  0.23180812E+000  0.22812055E+001  0.39934700E+001
 -0.15576216E+000  0.23180853E+000  0.22812119E+001  0.39934612E+001
 -0.15576214E+000  0.23180890E+000  0.22812179E+001  0.39934530E+001
 -0.15576212E+000  0.23180924E+000  0.22812234E+001  0.39934455E+001
 -0.15576210E+000  0.23180955E+000  0.22812285E+001  0.39934386E+001
 -0.15576208E+000  0.23180983E+000  0.22812333E+001  0.39934323E+001
 -0.15576207E+000  0.23181009E+000  0.22812378E+001  0.39934265E+001
 -0.15576206E+000  0.23181032E+000  0.22812419E+001  0.39934211E+001
 -0.15576204E+000  0.23181053E+000  0.22812457E+001  0.39934162E+001
 -0.15576203E+000  0.23181073E+000  0.22812492E+001  0.39934118E+001
 -0.15576202E+000  0.23181091E+000  0.22812525E+001  0.39934077E+001
 -0.15576201E+000  0.23181107E+000  0.22812555E+001  0.39934041E+001
 -0.15576200E+000  0.23181121E+000  0.22812583E+001  0.39934008E+001
 -0.15576199E+000  0.23181135E+000  0.22812608E+001  0.39933978E+001
 -0.15576199E+000  0.23181147E+000  0.22812632E+001  0.39933951E+001
 -0.15576198E+000  0.23181158E+000  0.22812654E+001  0.39933927E+001
 -0.15576197E+000  0.23181168E+000  0.22812674E+001  0.39933905E+001
 -0.15576197E+000  0.23181177E+000  0.22812692E+001  0.39933887E+001
 -0.15576196E+000  0.23181185E+000  0.22812710E+001  0.39933870E+001
 -0.15576196E+000  0.23181193E+000  0.22812725E+001  0.39933855E+001
 -0.15576196E+000  0.23181200E+000  0.22812740E+001  0.39933843E+001
 -0.15576195E+000  0.23181206E+000  0.22812753E+001  0.39933832E+001
 -0.15576195E+000  0.23181211E+000  0.22812765E+001  0.39933823E+001
 -0.15576195E+000  0.23181217E+000  0.22812776E+001  0.39933815E+001
