 -0.50351565E-001
 -0.50352431E-001
 -0.50353249E-001
 -0.50354009E-001
 -0.50354710E-001
 -0.50355355E-001
 -0.50355949E-001
 -0.50356495E-001
 -0.50356998E-001
 -0.50357463E-001
 -0.50357892E-001
 -0.50358289E-001
 -0.50358658E-001
 -0.50359001E-001
 -0.50359320E-001
 -0.50359618E-001
 -0.50359897E-001
 -0.50360158E-001
 -0.50360403E-001
 -0.50360633E-001
 -0.50360849E-001
 -0.50361053E-001
 -0.50361246E-001
 -0.50361428E-001
 -0.50361601E-001
 -0.50361764E-001
 -0.50361919E-001
 -0.50362066E-001
 -0.50362205E-001
 -0.50362337E-001
 -0.50362463E-001
 -0.50362583E-001
 -0.50362696E-001
 -0.50362804E-001
 -0.50362907E-001
 -0.50363004E-001
 -0.50363096E-001
 -0.50363184E-001
 -0.50363266E-001
 -0.50363344E-001
 -0.50363417E-001
 -0.50363486E-001
 -0.50363551E-001
 -0.50363610E-001
 -0.50363666E-001
 -0.50363717E-001
 -0.50363764E-001
 -0.50363807E-001
 -0.50363845E-001
 -0.50363880E-001
 -0.50363910E-001
 -0.50363936E-001
 -0.50363958E-001
 -0.50363975E-001
 -0.50363989E-001
 -0.50363999E-001
 -0.50364006E-001
 -0.50364008E-001
 -0.50364007E-001
 -0.50364003E-001
 -0.50363996E-001
 -0.50363985E-001
 -0.50363972E-001
 -0.50363955E-001
 -0.50363936E-001
 -0.50363915E-001
 -0.50363891E-001
 -0.50363864E-001
 -0.50363836E-001
 -0.50363805E-001
 -0.50363772E-001
 -0.50363737E-001
 -0.50363700E-001
 -0.50363660E-001
 -0.50363618E-001
 -0.50363573E-001
 -0.50363526E-001
 -0.50363476E-001
 -0.50363423E-001
 -0.50363366E-001
 -0.50363306E-001
 -0.50363242E-001
 -0.50363175E-001
 -0.50363102E-001
 -0.50363026E-001
 -0.50362945E-001
 -0.50362859E-001
 -0.50362768E-001
 -0.50362673E-001
 -0.50362572E-001
 -0.50362466E-001
 -0.50362355E-001
 -0.50362239E-001
 -0.50362118E-001
 -0.50361993E-001
 -0.50361862E-001
 -0.50361727E-001
 -0.50361588E-001
 -0.50361445E-001
 -0.50361297E-001
 -0.50361146E-001
 -0.50360991E-001
 -0.50360833E-001
 -0.50360672E-001
 -0.50360508E-001
 -0.50360342E-001
 -0.50360173E-001
 -0.50360001E-001
 -0.50359828E-001
 -0.50359653E-001
 -0.50359476E-001
 -0.50359298E-001
 -0.50359119E-001
 -0.50358939E-001
 -0.50358758E-001
 -0.50358576E-001
 -0.50358395E-001
 -0.50358213E-001
 -0.50358031E-001
 -0.50357849E-001
 -0.50357668E-001
 -0.50357488E-001
 -0.50357309E-001
 -0.50357130E-001
 -0.50356953E-001
 -0.50356778E-001
 -0.50356604E-001
 -0.50356432E-001
 -0.50356262E-001
 -0.50356094E-001
 -0.50355929E-001
 -0.50355766E-001
 -0.50355606E-001
 -0.50355448E-001
 -0.50355294E-001
 -0.50355143E-001
 -0.50354995E-001
 -0.50354850E-001
 -0.50354709E-001
 -0.50354572E-001
 -0.50354438E-001
 -0.50354308E-001
 -0.50354181E-001
 -0.50354058E-001
 -0.50353939E-001
 -0.50353824E-001
 -0.50353713E-001
 -0.50353605E-001
 -0.50353502E-001
 -0.50353402E-001
 -0.50353306E-001
 -0.50353213E-001
 -0.50353125E-001
 -0.50353040E-001
 -0.50352958E-001
 -0.50352880E-001
 -0.50352806E-001
 -0.50352734E-001
 -0.50352666E-001
 -0.50352602E-001
 -0.50352540E-001
 -0.50352482E-001
 -0.50352426E-001
 -0.50352373E-001
 -0.50352323E-001
 -0.50352275E-001
 -0.50352231E-001
 -0.50352188E-001
 -0.50352148E-001
 -0.50352110E-001
 -0.50352074E-001
 -0.50352040E-001
 -0.50352009E-001
 -0.50351979E-001
 -0.50351951E-001
 -0.50351924E-001
 -0.50351899E-001
 -0.50351876E-001
 -0.50351854E-001
 -0.50351834E-001
 -0.50351815E-001
 -0.50351797E-001
 -0.50351780E-001
 -0.50351765E-001
 -0.50351750E-001
 -0.50351737E-001
 -0.50351724E-001
 -0.50351712E-001
 -0.50351701E-001
 -0.50351691E-001
 -0.50351681E-001
 -0.50351672E-001
 -0.50351664E-001
 -0.50351657E-001
 -0.50351649E-001
 -0.50351643E-001
 -0.50351637E-001
 -0.50351631E-001
 -0.50351626E-001
 -0.50351621E-001
