  0.12513153E+001
  0.12513135E+001
  0.12513132E+001
  0.12513135E+001
  0.12513143E+001
  0.12513153E+001
  0.12513165E+001
  0.12513178E+001
  0.12513192E+001
  0.12513207E+001
  0.12513222E+001
  0.12513238E+001
  0.12513254E+001
  0.12513270E+001
  0.12513286E+001
  0.12513302E+001
  0.12513319E+001
  0.12513336E+001
  0.12513353E+001
  0.12513370E+001
  0.12513387E+001
  0.12513405E+001
  0.12513423E+001
  0.12513441E+001
  0.12513460E+001
  0.12513479E+001
  0.12513498E+001
  0.12513518E+001
  0.12513538E+001
  0.12513559E+001
  0.12513580E+001
  0.12513601E+001
  0.12513623E+001
  0.12513646E+001
  0.12513669E+001
  0.12513693E+001
  0.12513718E+001
  0.12513743E+001
  0.12513768E+001
  0.12513795E+001
  0.12513822E+001
  0.12513849E+001
  0.12513878E+001
  0.12513907E+001
  0.12513936E+001
  0.12513967E+001
  0.12513998E+001
  0.12514030E+001
  0.12514062E+001
  0.12514096E+001
  0.12514130E+001
  0.12514164E+001
  0.12514200E+001
  0.12514236E+001
  0.12514272E+001
  0.12514310E+001
  0.12514348E+001
  0.12514387E+001
  0.12514426E+001
  0.12514466E+001
  0.12514507E+001
  0.12514548E+001
  0.12514589E+001
  0.12514631E+001
  0.12514674E+001
  0.12514717E+001
  0.12514761E+001
  0.12514805E+001
  0.12514849E+001
  0.12514894E+001
  0.12514939E+001
  0.12514984E+001
  0.12515030E+001
  0.12515076E+001
  0.12515122E+001
  0.12515168E+001
  0.12515215E+001
  0.12515262E+001
  0.12515309E+001
  0.12515356E+001
  0.12515404E+001
  0.12515452E+001
  0.12515499E+001
  0.12515548E+001
  0.12515596E+001
  0.12515644E+001
  0.12515693E+001
  0.12515742E+001
  0.12515790E+001
  0.12515840E+001
  0.12515889E+001
  0.12515938E+001
  0.12515988E+001
  0.12516037E+001
  0.12516087E+001
  0.12516137E+001
  0.12516187E+001
  0.12516237E+001
  0.12516287E+001
  0.12516338E+001
  0.12516388E+001
  0.12516439E+001
  0.12516490E+001
  0.12516541E+001
  0.12516592E+001
  0.12516643E+001
  0.12516694E+001
  0.12516746E+001
  0.12516798E+001
  0.12516850E+001
  0.12516902E+001
  0.12516954E+001
  0.12517006E+001
  0.12517059E+001
  0.12517112E+001
  0.12517165E+001
  0.12517218E+001
  0.12517272E+001
  0.12517325E+001
  0.12517379E+001
  0.12517434E+001
  0.12517488E+001
  0.12517543E+001
  0.12517598E+001
  0.12517654E+001
  0.12517709E+001
  0.12517765E+001
  0.12517822E+001
  0.12517878E+001
  0.12517935E+001
  0.12517992E+001
  0.12518050E+001
  0.12518107E+001
  0.12518165E+001
  0.12518224E+001
  0.12518282E+001
  0.12518341E+001
  0.12518400E+001
  0.12518459E+001
  0.12518518E+001
  0.12518578E+001
  0.12518638E+001
  0.12518698E+001
  0.12518758E+001
  0.12518818E+001
  0.12518878E+001
  0.12518938E+001
  0.12518998E+001
  0.12519059E+001
  0.12519119E+001
  0.12519179E+001
  0.12519240E+001
  0.12519300E+001
  0.12519360E+001
  0.12519420E+001
  0.12519480E+001
  0.12519539E+001
  0.12519599E+001
  0.12519658E+001
  0.12519717E+001
  0.12519776E+001
  0.12519834E+001
  0.12519892E+001
  0.12519949E+001
  0.12520007E+001
  0.12520063E+001
  0.12520120E+001
  0.12520175E+001
  0.12520231E+001
  0.12520285E+001
  0.12520340E+001
  0.12520393E+001
  0.12520446E+001
  0.12520499E+001
  0.12520551E+001
  0.12520602E+001
  0.12520652E+001
  0.12520702E+001
  0.12520751E+001
  0.12520800E+001
  0.12520847E+001
  0.12520894E+001
  0.12520940E+001
  0.12520986E+001
  0.12521030E+001
  0.12521074E+001
  0.12521117E+001
  0.12521159E+001
  0.12521200E+001
  0.12521241E+001
  0.12521280E+001
  0.12521319E+001
  0.12521357E+001
  0.12521394E+001
  0.12521431E+001
  0.12521466E+001
  0.12521501E+001
  0.12521534E+001
  0.12521567E+001
  0.12521600E+001
