  0.59904270E+000
  0.59904946E+000
  0.59905135E+000
  0.59905253E+000
  0.59905376E+000
  0.59905512E+000
  0.59905651E+000
  0.59905787E+000
  0.59905917E+000
  0.59906037E+000
  0.59906148E+000
  0.59906248E+000
  0.59906337E+000
  0.59906417E+000
  0.59906488E+000
  0.59906549E+000
  0.59906603E+000
  0.59906650E+000
  0.59906689E+000
  0.59906723E+000
  0.59906751E+000
  0.59906773E+000
  0.59906791E+000
  0.59906805E+000
  0.59906814E+000
  0.59906820E+000
  0.59906823E+000
  0.59906822E+000
  0.59906819E+000
  0.59906813E+000
  0.59906804E+000
  0.59906794E+000
  0.59906782E+000
  0.59906768E+000
  0.59906752E+000
  0.59906735E+000
  0.59906717E+000
  0.59906698E+000
  0.59906679E+000
  0.59906658E+000
  0.59906638E+000
  0.59906617E+000
  0.59906595E+000
  0.59906574E+000
  0.59906553E+000
  0.59906531E+000
  0.59906510E+000
  0.59906490E+000
  0.59906470E+000
  0.59906450E+000
  0.59906431E+000
  0.59906412E+000
  0.59906394E+000
  0.59906376E+000
  0.59906359E+000
  0.59906343E+000
  0.59906328E+000
  0.59906313E+000
  0.59906299E+000
  0.59906286E+000
  0.59906275E+000
  0.59906264E+000
  0.59906254E+000
  0.59906246E+000
  0.59906239E+000
  0.59906233E+000
  0.59906230E+000
  0.59906228E+000
  0.59906228E+000
  0.59906230E+000
  0.59906234E+000
  0.59906241E+000
  0.59906250E+000
  0.59906262E+000
  0.59906276E+000
  0.59906294E+000
  0.59906314E+000
  0.59906337E+000
  0.59906363E+000
  0.59906392E+000
  0.59906424E+000
  0.59906458E+000
  0.59906495E+000
  0.59906534E+000
  0.59906575E+000
  0.59906618E+000
  0.59906663E+000
  0.59906709E+000
  0.59906757E+000
  0.59906805E+000
  0.59906854E+000
  0.59906903E+000
  0.59906953E+000
  0.59907002E+000
  0.59907052E+000
  0.59907101E+000
  0.59907150E+000
  0.59907198E+000
  0.59907246E+000
  0.59907294E+000
  0.59907341E+000
  0.59907387E+000
  0.59907432E+000
  0.59907477E+000
  0.59907522E+000
  0.59907566E+000
  0.59907609E+000
  0.59907652E+000
  0.59907694E+000
  0.59907736E+000
  0.59907777E+000
  0.59907817E+000
  0.59907858E+000
  0.59907897E+000
  0.59907937E+000
  0.59907975E+000
  0.59908014E+000
  0.59908051E+000
  0.59908089E+000
  0.59908125E+000
  0.59908161E+000
  0.59908197E+000
  0.59908232E+000
  0.59908266E+000
  0.59908299E+000
  0.59908332E+000
  0.59908364E+000
  0.59908395E+000
  0.59908425E+000
  0.59908455E+000
  0.59908484E+000
  0.59908511E+000
  0.59908538E+000
  0.59908564E+000
  0.59908589E+000
  0.59908613E+000
  0.59908635E+000
  0.59908657E+000
  0.59908678E+000
  0.59908697E+000
  0.59908716E+000
  0.59908733E+000
  0.59908750E+000
  0.59908765E+000
  0.59908780E+000
  0.59908793E+000
  0.59908805E+000
  0.59908817E+000
  0.59908827E+000
  0.59908836E+000
  0.59908845E+000
  0.59908852E+000
  0.59908859E+000
  0.59908865E+000
  0.59908870E+000
  0.59908874E+000
  0.59908878E+000
  0.59908881E+000
  0.59908883E+000
  0.59908884E+000
  0.59908885E+000
  0.59908886E+000
  0.59908886E+000
  0.59908885E+000
  0.59908884E+000
  0.59908883E+000
  0.59908881E+000
  0.59908879E+000
  0.59908877E+000
  0.59908875E+000
  0.59908872E+000
  0.59908869E+000
  0.59908866E+000
  0.59908863E+000
  0.59908859E+000
  0.59908856E+000
  0.59908852E+000
  0.59908849E+000
  0.59908845E+000
  0.59908841E+000
  0.59908838E+000
  0.59908834E+000
  0.59908830E+000
  0.59908827E+000
  0.59908823E+000
  0.59908820E+000
  0.59908816E+000
  0.59908813E+000
  0.59908810E+000
  0.59908807E+000
  0.59908803E+000
  0.59908800E+000
  0.59908798E+000
  0.59908795E+000
  0.59908792E+000
  0.59908789E+000
  0.59908787E+000
  0.59908784E+000
  0.59908782E+000
  0.59908780E+000
