  0.70134675E+000  0.85310450E+000  0.10371927E+001  0.24136176E+001
  0.70133594E+000  0.85311242E+000  0.10371956E+001  0.24136105E+001
  0.70132936E+000  0.85311661E+000  0.10371983E+001  0.24136087E+001
  0.70132484E+000  0.85311906E+000  0.10372009E+001  0.24136095E+001
  0.70132134E+000  0.85312075E+000  0.10372032E+001  0.24136120E+001
  0.70131845E+000  0.85312207E+000  0.10372053E+001  0.24136156E+001
  0.70131597E+000  0.85312317E+000  0.10372072E+001  0.24136199E+001
  0.70131382E+000  0.85312412E+000  0.10372090E+001  0.24136246E+001
  0.70131197E+000  0.85312492E+000  0.10372106E+001  0.24136297E+001
  0.70131037E+000  0.85312561E+000  0.10372121E+001  0.24136351E+001
  0.70130898E+000  0.85312619E+000  0.10372135E+001  0.24136406E+001
  0.70130777E+000  0.85312669E+000  0.10372148E+001  0.24136463E+001
  0.70130669E+000  0.85312710E+000  0.10372160E+001  0.24136521E+001
  0.70130573E+000  0.85312745E+000  0.10372171E+001  0.24136580E+001
  0.70130485E+000  0.85312775E+000  0.10372182E+001  0.24136639E+001
  0.70130403E+000  0.85312800E+000  0.10372193E+001  0.24136699E+001
  0.70130326E+000  0.85312821E+000  0.10372204E+001  0.24136760E+001
  0.70130252E+000  0.85312840E+000  0.10372215E+001  0.24136822E+001
  0.70130181E+000  0.85312857E+000  0.10372226E+001  0.24136884E+001
  0.70130110E+000  0.85312873E+000  0.10372237E+001  0.24136947E+001
  0.70130041E+000  0.85312888E+000  0.10372247E+001  0.24137012E+001
  0.70129972E+000  0.85312905E+000  0.10372258E+001  0.24137076E+001
  0.70129902E+000  0.85312923E+000  0.10372269E+001  0.24137142E+001
  0.70129833E+000  0.85312942E+000  0.10372280E+001  0.24137210E+001
  0.70129762E+000  0.85312964E+000  0.10372291E+001  0.24137278E+001
  0.70129690E+000  0.85312989E+000  0.10372302E+001  0.24137347E+001
  0.70129618E+000  0.85313017E+000  0.10372313E+001  0.24137418E+001
  0.70129544E+000  0.85313048E+000  0.10372324E+001  0.24137491E+001
  0.70129469E+000  0.85313083E+000  0.10372334E+001  0.24137565E+001
  0.70129392E+000  0.85313122E+000  0.10372345E+001  0.24137641E+001
  0.70129313E+000  0.85313165E+000  0.10372355E+001  0.24137718E+001
  0.70129233E+000  0.85313212E+000  0.10372366E+001  0.24137798E+001
  0.70129150E+000  0.85313263E+000  0.10372376E+001  0.24137879E+001
  0.70129081E+000  0.85313303E+000  0.10372387E+001  0.24137962E+001
  0.70129077E+000  0.85313278E+000  0.10372397E+001  0.24138048E+001
  0.70129074E+000  0.85313255E+000  0.10372408E+001  0.24138135E+001
  0.70129071E+000  0.85313233E+000  0.10372419E+001  0.24138225E+001
  0.70129068E+000  0.85313211E+000  0.10372429E+001  0.24138317E+001
  0.70129066E+000  0.85313189E+000  0.10372441E+001  0.24138411E+001
  0.70129064E+000  0.85313167E+000  0.10372452E+001  0.24138507E+001
  0.70129062E+000  0.85313146E+000  0.10372463E+001  0.24138605E+001
  0.70129061E+000  0.85313123E+000  0.10372475E+001  0.24138706E+001
  0.70129061E+000  0.85313100E+000  0.10372488E+001  0.24138810E+001
  0.70129061E+000  0.85313076E+000  0.10372501E+001  0.24138915E+001
  0.70129062E+000  0.85313051E+000  0.10372514E+001  0.24139023E+001
  0.70129064E+000  0.85313024E+000  0.10372527E+001  0.24139134E+001
  0.70129067E+000  0.85312995E+000  0.10372542E+001  0.24139247E+001
  0.70129070E+000  0.85312965E+000  0.10372556E+001  0.24139362E+001
  0.70129076E+000  0.85312933E+000  0.10372572E+001  0.24139480E+001
  0.70129082E+000  0.85312898E+000  0.10372587E+001  0.24139600E+001
  0.70129091E+000  0.85312861E+000  0.10372604E+001  0.24139723E+001
  0.70129101E+000  0.85312821E+000  0.10372620E+001  0.24139847E+001
  0.70129113E+000  0.85312778E+000  0.10372638E+001  0.24139975E+001
  0.70129129E+000  0.85312731E+000  0.10372656E+001  0.24140104E+001
  0.70129147E+000  0.85312680E+000  0.10372674E+001  0.24140236E+001
  0.70129168E+000  0.85312626E+000  0.10372693E+001  0.24140370E+001
  0.70129193E+000  0.85312567E+000  0.10372712E+001  0.24140507E+001
  0.70129223E+000  0.85312504E+000  0.10372732E+001  0.24140645E+001
  0.70129256E+000  0.85312435E+000  0.10372753E+001  0.24140785E+001
  0.70129295E+000  0.85312361E+000  0.10372774E+001  0.24140927E+001
  0.70129339E+000  0.85312282E+000  0.10372796E+001  0.24141071E+001
  0.70129389E+000  0.85312198E+000  0.10372818E+001  0.24141217E+001
  0.70129444E+000  0.85312108E+000  0.10372841E+001  0.24141364E+001
  0.70129506E+000  0.85312012E+000  0.10372865E+001  0.24141512E+001
  0.70129574E+000  0.85311910E+000  0.10372889E+001  0.24141662E+001
  0.70129649E+000  0.85311803E+000  0.10372913E+001  0.24141813E+001
  0.70129766E+000  0.85311655E+000  0.10372938E+001  0.24141965E+001
  0.70129987E+000  0.85311405E+000  0.10372964E+001  0.24142118E+001
  0.70130216E+000  0.85311150E+000  0.10372991E+001  0.24142271E+001
  0.70130452E+000  0.85310890E+000  0.10373018E+001  0.24142425E+001
  0.70130696E+000  0.85310625E+000  0.10373046E+001  0.24142580E+001
  0.70130946E+000  0.85310357E+000  0.10373074E+001  0.24142734E+001
  0.70131202E+000  0.85310087E+000  0.10373103E+001  0.24142889E+001
  0.70131463E+000  0.85309816E+000  0.10373133E+001  0.24143044E+001
  0.70131729E+000  0.85309545E+000  0.10373164E+001  0.24143199E+001
  0.70131999E+000  0.85309274E+000  0.10373195E+001  0.24143353E+001
  0.70132272E+000  0.85309005E+000  0.10373228E+001  0.24143508E+001
  0.70132547E+000  0.85308739E+000  0.10373261E+001  0.24143661E+001
  0.70132825E+000  0.85308476E+000  0.10373294E+001  0.24143815E+001
  0.70133103E+000  0.85308218E+000  0.10373329E+001  0.24143967E+001
  0.70133382E+000  0.85307965E+000  0.10373365E+001  0.24144119E+001
  0.70133660E+000  0.85307718E+000  0.10373401E+001  0.24144271E+001
  0.70133938E+000  0.85307477E+000  0.10373438E+001  0.24144421E+001
  0.70134214E+000  0.85307245E+000  0.10373477E+001  0.24144571E+001
  0.70134488E+000  0.85307020E+000  0.10373516E+001  0.24144720E+001
  0.70134760E+000  0.85306804E+000  0.10373556E+001  0.24144868E+001
  0.70135029E+000  0.85306597E+000  0.10373596E+001  0.24145015E+001
  0.70135295E+000  0.85306399E+000  0.10373638E+001  0.24145162E+001
  0.70135557E+000  0.85306211E+000  0.10373680E+001  0.24145308E+001
  0.70135815E+000  0.85306033E+000  0.10373724E+001  0.24145453E+001
  0.70136069E+000  0.85305865E+000  0.10373768E+001  0.24145597E+001
  0.70136318E+000  0.85305707E+000  0.10373813E+001  0.24145740E+001
  0.70136563E+000  0.85305560E+000  0.10373858E+001  0.24145883E+001
  0.70136803E+000  0.85305423E+000  0.10373904E+001  0.24146025E+001
  0.70137038E+000  0.85305297E+000  0.10373951E+001  0.24146167E+001
  0.70137268E+000  0.85305181E+000  0.10373998E+001  0.24146308E+001
  0.70137492E+000  0.85305076E+000  0.10374046E+001  0.24146448E+001
  0.70137712E+000  0.85304981E+000  0.10374095E+001  0.24146588E+001
  0.70137926E+000  0.85304896E+000  0.10374143E+001  0.24146727E+001
  0.70138135E+000  0.85304821E+000  0.10374193E+001  0.24146866E+001
  0.70138338E+000  0.85304756E+000  0.10374242E+001  0.24147005E+001
  0.70138536E+000  0.85304700E+000  0.10374293E+001  0.24147143E+001
  0.70138728E+000  0.85304653E+000  0.10374343E+001  0.24147281E+001
  0.70138915E+000  0.85304616E+000  0.10374394E+001  0.24147419E+001
  0.70139097E+000  0.85304587E+000  0.10374445E+001  0.24147557E+001
  0.70139273E+000  0.85304566E+000  0.10374496E+001  0.24147695E+001
  0.70139443E+000  0.85304553E+000  0.10374548E+001  0.24147833E+001
  0.70139608E+000  0.85304548E+000  0.10374600E+001  0.24147971E+001
  0.70139768E+000  0.85304550E+000  0.10374653E+001  0.24148109E+001
  0.70139922E+000  0.85304559E+000  0.10374705E+001  0.24148248E+001
  0.70140071E+000  0.85304574E+000  0.10374758E+001  0.24148387E+001
  0.70140214E+000  0.85304595E+000  0.10374811E+001  0.24148526E+001
  0.70140352E+000  0.85304621E+000  0.10374865E+001  0.24148666E+001
  0.70140484E+000  0.85304653E+000  0.10374919E+001  0.24148806E+001
  0.70140612E+000  0.85304689E+000  0.10374973E+001  0.24148947E+001
  0.70140734E+000  0.85304729E+000  0.10375027E+001  0.24149089E+001
  0.70140851E+000  0.85304773E+000  0.10375081E+001  0.24149231E+001
  0.70140964E+000  0.85304820E+000  0.10375136E+001  0.24149375E+001
  0.70141071E+000  0.85304870E+000  0.10375191E+001  0.24149519E+001
  0.70141174E+000  0.85304923E+000  0.10375246E+001  0.24149665E+001
  0.70141271E+000  0.85304977E+000  0.10375301E+001  0.24149812E+001
  0.70141365E+000  0.85305033E+000  0.10375356E+001  0.24149960E+001
  0.70141453E+000  0.85305091E+000  0.10375411E+001  0.24150110E+001
  0.70141538E+000  0.85305149E+000  0.10375466E+001  0.24150261E+001
  0.70141618E+000  0.85305209E+000  0.10375521E+001  0.24150414E+001
  0.70141694E+000  0.85305268E+000  0.10375576E+001  0.24150568E+001
  0.70141766E+000  0.85305328E+000  0.10375631E+001  0.24150725E+001
  0.70141835E+000  0.85305387E+000  0.10375685E+001  0.24150883E+001
  0.70141899E+000  0.85305446E+000  0.10375739E+001  0.24151042E+001
  0.70141961E+000  0.85305504E+000  0.10375793E+001  0.24151204E+001
  0.70142018E+000  0.85305561E+000  0.10375846E+001  0.24151368E+001
  0.70142073E+000  0.85305617E+000  0.10375899E+001  0.24151534E+001
  0.70142124E+000  0.85305672E+000  0.10375951E+001  0.24151702E+001
  0.70142172E+000  0.85305726E+000  0.10376002E+001  0.24151873E+001
  0.70142217E+000  0.85305778E+000  0.10376053E+001  0.24152045E+001
  0.70142260E+000  0.85305829E+000  0.10376103E+001  0.24152220E+001
  0.70142300E+000  0.85305878E+000  0.10376152E+001  0.24152397E+001
  0.70142337E+000  0.85305926E+000  0.10376200E+001  0.24152576E+001
  0.70142372E+000  0.85305971E+000  0.10376247E+001  0.24152758E+001
  0.70142405E+000  0.85306015E+000  0.10376293E+001  0.24152942E+001
  0.70142436E+000  0.85306057E+000  0.10376337E+001  0.24153128E+001
  0.70142464E+000  0.85306098E+000  0.10376381E+001  0.24153316E+001
  0.70142491E+000  0.85306136E+000  0.10376424E+001  0.24153507E+001
  0.70142516E+000  0.85306173E+000  0.10376465E+001  0.24153699E+001
  0.70142539E+000  0.85306208E+000  0.10376505E+001  0.24153894E+001
  0.70142561E+000  0.85306241E+000  0.10376544E+001  0.24154090E+001
  0.70142581E+000  0.85306273E+000  0.10376581E+001  0.24154289E+001
  0.70142600E+000  0.85306303E+000  0.10376618E+001  0.24154489E+001
  0.70142617E+000  0.85306331E+000  0.10376653E+001  0.24154691E+001
  0.70142633E+000  0.85306358E+000  0.10376686E+001  0.24154894E+001
  0.70142648E+000  0.85306383E+000  0.10376718E+001  0.24155099E+001
  0.70142662E+000  0.85306407E+000  0.10376749E+001  0.24155306E+001
  0.70142675E+000  0.85306429E+000  0.10376779E+001  0.24155513E+001
  0.70142687E+000  0.85306450E+000  0.10376807E+001  0.24155722E+001
  0.70142698E+000  0.85306470E+000  0.10376834E+001  0.24155932E+001
  0.70142708E+000  0.85306488E+000  0.10376860E+001  0.24156142E+001
  0.70142717E+000  0.85306505E+000  0.10376885E+001  0.24156354E+001
  0.70142726E+000  0.85306522E+000  0.10376908E+001  0.24156565E+001
  0.70142734E+000  0.85306537E+000  0.10376931E+001  0.24156777E+001
  0.70142742E+000  0.85306551E+000  0.10376952E+001  0.24156990E+001
  0.70142748E+000  0.85306564E+000  0.10376972E+001  0.24157202E+001
  0.70142755E+000  0.85306576E+000  0.10376991E+001  0.24157415E+001
  0.70142760E+000  0.85306588E+000  0.10377009E+001  0.24157627E+001
  0.70142766E+000  0.85306598E+000  0.10377026E+001  0.24157839E+001
  0.70142771E+000  0.85306608E+000  0.10377042E+001  0.24158050E+001
  0.70142775E+000  0.85306617E+000  0.10377057E+001  0.24158260E+001
  0.70142779E+000  0.85306626E+000  0.10377071E+001  0.24158470E+001
  0.70142783E+000  0.85306633E+000  0.10377084E+001  0.24158679E+001
  0.70142786E+000  0.85306641E+000  0.10377097E+001  0.24158886E+001
  0.70142790E+000  0.85306647E+000  0.10377108E+001  0.24159093E+001
  0.70142792E+000  0.85306654E+000  0.10377119E+001  0.24159298E+001
  0.70142795E+000  0.85306659E+000  0.10377130E+001  0.24159501E+001
  0.70142798E+000  0.85306665E+000  0.10377139E+001  0.24159703E+001
  0.70142800E+000  0.85306669E+000  0.10377148E+001  0.24159903E+001
  0.70142802E+000  0.85306674E+000  0.10377157E+001  0.24160101E+001
  0.70142804E+000  0.85306678E+000  0.10377165E+001  0.24160298E+001
  0.70142806E+000  0.85306682E+000  0.10377172E+001  0.24160492E+001
  0.70142807E+000  0.85306685E+000  0.10377179E+001  0.24160684E+001
  0.70142809E+000  0.85306689E+000  0.10377185E+001  0.24160873E+001
  0.70142810E+000  0.85306692E+000  0.10377191E+001  0.24161060E+001
  0.70142811E+000  0.85306694E+000  0.10377197E+001  0.24161245E+001
  0.70142812E+000  0.85306697E+000  0.10377202E+001  0.24161427E+001
  0.70142813E+000  0.85306699E+000  0.10377206E+001  0.24161606E+001
  0.70142814E+000  0.85306701E+000  0.10377211E+001  0.24161783E+001
  0.70142815E+000  0.85306703E+000  0.10377215E+001  0.24161957E+001
  0.70142816E+000  0.85306705E+000  0.10377219E+001  0.24162127E+001
  0.70142816E+000  0.85306707E+000  0.10377222E+001  0.24162296E+001
  0.70142817E+000  0.85306708E+000  0.10377225E+001  0.24162461E+001
  0.70142817E+000  0.85306709E+000  0.10377228E+001  0.24162623E+001
  0.70142818E+000  0.85306711E+000  0.10377231E+001  0.24162782E+001
  0.70142818E+000  0.85306712E+000  0.10377234E+001  0.24162938E+001
  0.70142819E+000  0.85306713E+000  0.10377236E+001  0.24163090E+001
  0.70142819E+000  0.85306714E+000  0.10377238E+001  0.24163240E+001
  0.70142820E+000  0.85306715E+000  0.10377240E+001  0.24163386E+001
  0.70142820E+000  0.85306715E+000  0.10377242E+001  0.24163530E+001
  0.70142820E+000  0.85306716E+000  0.10377244E+001  0.24163670E+001
  0.70142821E+000  0.85306717E+000  0.10377245E+001  0.24163807E+001
  0.70142821E+000  0.85306717E+000  0.10377247E+001  0.24163940E+001
  0.70142821E+000  0.85306718E+000  0.10377248E+001  0.24164071E+001
  0.70142821E+000  0.85306718E+000  0.10377249E+001  0.24164198E+001
