 -0.44450475E+000
 -0.44453063E+000
 -0.44454790E+000
 -0.44456024E+000
 -0.44456947E+000
 -0.44457662E+000
 -0.44458234E+000
 -0.44458708E+000
 -0.44459113E+000
 -0.44459468E+000
 -0.44459787E+000
 -0.44460082E+000
 -0.44460358E+000
 -0.44460622E+000
 -0.44460875E+000
 -0.44461121E+000
 -0.44461361E+000
 -0.44461598E+000
 -0.44461831E+000
 -0.44462061E+000
 -0.44462290E+000
 -0.44462517E+000
 -0.44462743E+000
 -0.44462968E+000
 -0.44463193E+000
 -0.44463418E+000
 -0.44463644E+000
 -0.44463871E+000
 -0.44464101E+000
 -0.44464332E+000
 -0.44464567E+000
 -0.44464806E+000
 -0.44465049E+000
 -0.44465297E+000
 -0.44465552E+000
 -0.44465813E+000
 -0.44466082E+000
 -0.44466359E+000
 -0.44466644E+000
 -0.44466938E+000
 -0.44467243E+000
 -0.44467557E+000
 -0.44467881E+000
 -0.44468216E+000
 -0.44468563E+000
 -0.44468920E+000
 -0.44469289E+000
 -0.44469669E+000
 -0.44470061E+000
 -0.44470465E+000
 -0.44470880E+000
 -0.44471307E+000
 -0.44471746E+000
 -0.44472196E+000
 -0.44472658E+000
 -0.44473131E+000
 -0.44473615E+000
 -0.44474111E+000
 -0.44474618E+000
 -0.44475136E+000
 -0.44475665E+000
 -0.44476204E+000
 -0.44476754E+000
 -0.44477315E+000
 -0.44477886E+000
 -0.44478467E+000
 -0.44479057E+000
 -0.44479658E+000
 -0.44480269E+000
 -0.44480889E+000
 -0.44481519E+000
 -0.44482158E+000
 -0.44482806E+000
 -0.44483463E+000
 -0.44484130E+000
 -0.44484805E+000
 -0.44485488E+000
 -0.44486180E+000
 -0.44486881E+000
 -0.44487589E+000
 -0.44488304E+000
 -0.44489027E+000
 -0.44489757E+000
 -0.44490494E+000
 -0.44491237E+000
 -0.44491986E+000
 -0.44492740E+000
 -0.44493499E+000
 -0.44494263E+000
 -0.44495032E+000
 -0.44495805E+000
 -0.44496581E+000
 -0.44497361E+000
 -0.44498143E+000
 -0.44498929E+000
 -0.44499717E+000
 -0.44500508E+000
 -0.44501300E+000
 -0.44502095E+000
 -0.44502892E+000
 -0.44503690E+000
 -0.44504491E+000
 -0.44505293E+000
 -0.44506097E+000
 -0.44506903E+000
 -0.44507710E+000
 -0.44508519E+000
 -0.44509331E+000
 -0.44510144E+000
 -0.44510959E+000
 -0.44511776E+000
 -0.44512596E+000
 -0.44513418E+000
 -0.44514242E+000
 -0.44515069E+000
 -0.44515898E+000
 -0.44516730E+000
 -0.44517565E+000
 -0.44518402E+000
 -0.44519243E+000
 -0.44520086E+000
 -0.44520932E+000
 -0.44521781E+000
 -0.44522634E+000
 -0.44523489E+000
 -0.44524347E+000
 -0.44525208E+000
 -0.44526072E+000
 -0.44526939E+000
 -0.44527809E+000
 -0.44528681E+000
 -0.44529556E+000
 -0.44530433E+000
 -0.44531313E+000
 -0.44532195E+000
 -0.44533079E+000
 -0.44533964E+000
 -0.44534851E+000
 -0.44535740E+000
 -0.44536629E+000
 -0.44537520E+000
 -0.44538411E+000
 -0.44539302E+000
 -0.44540193E+000
 -0.44541085E+000
 -0.44541975E+000
 -0.44542865E+000
 -0.44543753E+000
 -0.44544640E+000
 -0.44545525E+000
 -0.44546408E+000
 -0.44547288E+000
 -0.44548166E+000
 -0.44549040E+000
 -0.44549910E+000
 -0.44550777E+000
 -0.44551639E+000
 -0.44552496E+000
 -0.44553349E+000
 -0.44554196E+000
 -0.44555037E+000
 -0.44555872E+000
 -0.44556701E+000
 -0.44557522E+000
 -0.44558337E+000
 -0.44559144E+000
 -0.44559944E+000
 -0.44560735E+000
 -0.44561518E+000
 -0.44562292E+000
 -0.44563058E+000
 -0.44563814E+000
 -0.44564560E+000
 -0.44565297E+000
 -0.44566024E+000
 -0.44566741E+000
 -0.44567448E+000
 -0.44568144E+000
 -0.44568829E+000
 -0.44569503E+000
 -0.44570166E+000
 -0.44570818E+000
 -0.44571458E+000
 -0.44572087E+000
 -0.44572705E+000
 -0.44573310E+000
 -0.44573904E+000
 -0.44574486E+000
 -0.44575057E+000
 -0.44575615E+000
 -0.44576161E+000
 -0.44576696E+000
 -0.44577218E+000
 -0.44577729E+000
 -0.44578228E+000
 -0.44578715E+000
 -0.44579189E+000
 -0.44579653E+000
 -0.44580104E+000
 -0.44580544E+000
