  0.11443867E+001
  0.11443867E+001
  0.11443862E+001
  0.11443856E+001
  0.11443850E+001
  0.11443844E+001
  0.11443838E+001
  0.11443831E+001
  0.11443825E+001
  0.11443819E+001
  0.11443813E+001
  0.11443807E+001
  0.11443801E+001
  0.11443795E+001
  0.11443789E+001
  0.11443783E+001
  0.11443777E+001
  0.11443771E+001
  0.11443765E+001
  0.11443759E+001
  0.11443754E+001
  0.11443748E+001
  0.11443742E+001
  0.11443736E+001
  0.11443730E+001
  0.11443724E+001
  0.11443718E+001
  0.11443712E+001
  0.11443706E+001
  0.11443700E+001
  0.11443694E+001
  0.11443687E+001
  0.11443681E+001
  0.11443675E+001
  0.11443668E+001
  0.11443661E+001
  0.11443655E+001
  0.11443648E+001
  0.11443641E+001
  0.11443634E+001
  0.11443627E+001
  0.11443620E+001
  0.11443613E+001
  0.11443606E+001
  0.11443599E+001
  0.11443592E+001
  0.11443584E+001
  0.11443577E+001
  0.11443569E+001
  0.11443562E+001
  0.11443554E+001
  0.11443547E+001
  0.11443539E+001
  0.11443531E+001
  0.11443524E+001
  0.11443516E+001
  0.11443508E+001
  0.11443500E+001
  0.11443493E+001
  0.11443485E+001
  0.11443477E+001
  0.11443469E+001
  0.11443461E+001
  0.11443454E+001
  0.11443446E+001
  0.11443438E+001
  0.11443430E+001
  0.11443422E+001
  0.11443414E+001
  0.11443406E+001
  0.11443398E+001
  0.11443390E+001
  0.11443382E+001
  0.11443374E+001
  0.11443365E+001
  0.11443357E+001
  0.11443348E+001
  0.11443340E+001
  0.11443331E+001
  0.11443322E+001
  0.11443313E+001
  0.11443303E+001
  0.11443294E+001
  0.11443284E+001
  0.11443274E+001
  0.11443264E+001
  0.11443253E+001
  0.11443243E+001
  0.11443232E+001
  0.11443220E+001
  0.11443209E+001
  0.11443197E+001
  0.11443185E+001
  0.11443173E+001
  0.11443160E+001
  0.11443147E+001
  0.11443134E+001
  0.11443121E+001
  0.11443108E+001
  0.11443094E+001
  0.11443080E+001
  0.11443066E+001
  0.11443052E+001
  0.11443038E+001
  0.11443023E+001
  0.11443009E+001
  0.11442994E+001
  0.11442979E+001
  0.11442964E+001
  0.11442949E+001
  0.11442934E+001
  0.11442919E+001
  0.11442904E+001
  0.11442889E+001
  0.11442874E+001
  0.11442858E+001
  0.11442843E+001
  0.11442828E+001
  0.11442813E+001
  0.11442797E+001
  0.11442782E+001
  0.11442767E+001
  0.11442752E+001
  0.11442737E+001
  0.11442722E+001
  0.11442707E+001
  0.11442692E+001
  0.11442678E+001
  0.11442663E+001
  0.11442648E+001
  0.11442634E+001
  0.11442620E+001
  0.11442605E+001
  0.11442591E+001
  0.11442577E+001
  0.11442564E+001
  0.11442550E+001
  0.11442537E+001
  0.11442523E+001
  0.11442510E+001
  0.11442497E+001
  0.11442485E+001
  0.11442472E+001
  0.11442460E+001
  0.11442448E+001
  0.11442436E+001
  0.11442424E+001
  0.11442412E+001
  0.11442401E+001
  0.11442390E+001
  0.11442379E+001
  0.11442369E+001
  0.11442358E+001
  0.11442348E+001
  0.11442338E+001
  0.11442329E+001
  0.11442319E+001
  0.11442310E+001
  0.11442301E+001
  0.11442292E+001
  0.11442284E+001
  0.11442275E+001
  0.11442267E+001
  0.11442259E+001
  0.11442252E+001
  0.11442244E+001
  0.11442237E+001
  0.11442230E+001
  0.11442224E+001
  0.11442217E+001
  0.11442211E+001
  0.11442205E+001
  0.11442199E+001
  0.11442193E+001
  0.11442187E+001
  0.11442182E+001
  0.11442177E+001
  0.11442172E+001
  0.11442167E+001
  0.11442163E+001
  0.11442158E+001
  0.11442154E+001
  0.11442150E+001
  0.11442146E+001
  0.11442142E+001
  0.11442139E+001
  0.11442135E+001
  0.11442132E+001
  0.11442129E+001
  0.11442126E+001
  0.11442123E+001
  0.11442120E+001
  0.11442117E+001
  0.11442114E+001
  0.11442112E+001
  0.11442110E+001
  0.11442107E+001
  0.11442105E+001
  0.11442103E+001
  0.11442101E+001
