  0.52674496E+000
  0.52674518E+000
  0.52674514E+000
  0.52674502E+000
  0.52674487E+000
  0.52674471E+000
  0.52674454E+000
  0.52674436E+000
  0.52674418E+000
  0.52674400E+000
  0.52674382E+000
  0.52674363E+000
  0.52674345E+000
  0.52674326E+000
  0.52674308E+000
  0.52674290E+000
  0.52674271E+000
  0.52674253E+000
  0.52674234E+000
  0.52674216E+000
  0.52674197E+000
  0.52674179E+000
  0.52674160E+000
  0.52674141E+000
  0.52674122E+000
  0.52674103E+000
  0.52674083E+000
  0.52674064E+000
  0.52674044E+000
  0.52674024E+000
  0.52674004E+000
  0.52673984E+000
  0.52673963E+000
  0.52673942E+000
  0.52673921E+000
  0.52673900E+000
  0.52673878E+000
  0.52673856E+000
  0.52673833E+000
  0.52673811E+000
  0.52673788E+000
  0.52673765E+000
  0.52673741E+000
  0.52673718E+000
  0.52673694E+000
  0.52673669E+000
  0.52673645E+000
  0.52673620E+000
  0.52673594E+000
  0.52673569E+000
  0.52673543E+000
  0.52673517E+000
  0.52673491E+000
  0.52673464E+000
  0.52673438E+000
  0.52673410E+000
  0.52673383E+000
  0.52673355E+000
  0.52673328E+000
  0.52673299E+000
  0.52673271E+000
  0.52673242E+000
  0.52673213E+000
  0.52673184E+000
  0.52673154E+000
  0.52673124E+000
  0.52673094E+000
  0.52673063E+000
  0.52673032E+000
  0.52673000E+000
  0.52672968E+000
  0.52672935E+000
  0.52672901E+000
  0.52672867E+000
  0.52672832E+000
  0.52672797E+000
  0.52672760E+000
  0.52672722E+000
  0.52672684E+000
  0.52672644E+000
  0.52672603E+000
  0.52672561E+000
  0.52672518E+000
  0.52672473E+000
  0.52672427E+000
  0.52672379E+000
  0.52672330E+000
  0.52672280E+000
  0.52672228E+000
  0.52672174E+000
  0.52672119E+000
  0.52672063E+000
  0.52672005E+000
  0.52671946E+000
  0.52671885E+000
  0.52671823E+000
  0.52671759E+000
  0.52671694E+000
  0.52671628E+000
  0.52671561E+000
  0.52671492E+000
  0.52671423E+000
  0.52671352E+000
  0.52671281E+000
  0.52671209E+000
  0.52671136E+000
  0.52671062E+000
  0.52670987E+000
  0.52670912E+000
  0.52670836E+000
  0.52670760E+000
  0.52670683E+000
  0.52670606E+000
  0.52670528E+000
  0.52670450E+000
  0.52670372E+000
  0.52670294E+000
  0.52670216E+000
  0.52670138E+000
  0.52670059E+000
  0.52669981E+000
  0.52669903E+000
  0.52669825E+000
  0.52669748E+000
  0.52669670E+000
  0.52669593E+000
  0.52669517E+000
  0.52669441E+000
  0.52669365E+000
  0.52669290E+000
  0.52669216E+000
  0.52669142E+000
  0.52669069E+000
  0.52668996E+000
  0.52668925E+000
  0.52668854E+000
  0.52668784E+000
  0.52668715E+000
  0.52668647E+000
  0.52668580E+000
  0.52668513E+000
  0.52668448E+000
  0.52668384E+000
  0.52668321E+000
  0.52668260E+000
  0.52668199E+000
  0.52668139E+000
  0.52668081E+000
  0.52668024E+000
  0.52667968E+000
  0.52667913E+000
  0.52667860E+000
  0.52667808E+000
  0.52667757E+000
  0.52667707E+000
  0.52667658E+000
  0.52667611E+000
  0.52667565E+000
  0.52667521E+000
  0.52667477E+000
  0.52667435E+000
  0.52667394E+000
  0.52667354E+000
  0.52667315E+000
  0.52667278E+000
  0.52667242E+000
  0.52667207E+000
  0.52667173E+000
  0.52667140E+000
  0.52667108E+000
  0.52667077E+000
  0.52667048E+000
  0.52667019E+000
  0.52666992E+000
  0.52666965E+000
  0.52666940E+000
  0.52666915E+000
  0.52666891E+000
  0.52666869E+000
  0.52666847E+000
  0.52666826E+000
  0.52666806E+000
  0.52666786E+000
  0.52666768E+000
  0.52666750E+000
  0.52666733E+000
  0.52666716E+000
  0.52666701E+000
  0.52666686E+000
  0.52666672E+000
  0.52666658E+000
  0.52666645E+000
  0.52666632E+000
  0.52666620E+000
  0.52666609E+000
  0.52666598E+000
  0.52666588E+000
  0.52666578E+000
  0.52666568E+000
  0.52666559E+000
