  0.62173257E+000  0.10087959E+001  0.12363066E+001  0.42333769E+001
  0.62173308E+000  0.10087958E+001  0.12363074E+001  0.42333835E+001
  0.62173330E+000  0.10087958E+001  0.12363077E+001  0.42333891E+001
  0.62173343E+000  0.10087957E+001  0.12363078E+001  0.42333942E+001
  0.62173351E+000  0.10087957E+001  0.12363079E+001  0.42333990E+001
  0.62173356E+000  0.10087956E+001  0.12363080E+001  0.42334038E+001
  0.62173360E+000  0.10087955E+001  0.12363080E+001  0.42334085E+001
  0.62173361E+000  0.10087955E+001  0.12363081E+001  0.42334131E+001
  0.62173361E+000  0.10087954E+001  0.12363082E+001  0.42334178E+001
  0.62173361E+000  0.10087954E+001  0.12363082E+001  0.42334225E+001
  0.62173360E+000  0.10087953E+001  0.12363083E+001  0.42334272E+001
  0.62173358E+000  0.10087953E+001  0.12363084E+001  0.42334320E+001
  0.62173356E+000  0.10087952E+001  0.12363084E+001  0.42334367E+001
  0.62173354E+000  0.10087951E+001  0.12363085E+001  0.42334415E+001
  0.62173352E+000  0.10087951E+001  0.12363086E+001  0.42334464E+001
  0.62173350E+000  0.10087950E+001  0.12363087E+001  0.42334513E+001
  0.62173349E+000  0.10087949E+001  0.12363087E+001  0.42334562E+001
  0.62173347E+000  0.10087949E+001  0.12363088E+001  0.42334612E+001
  0.62173345E+000  0.10087948E+001  0.12363089E+001  0.42334663E+001
  0.62173344E+000  0.10087948E+001  0.12363090E+001  0.42334715E+001
  0.62173343E+000  0.10087947E+001  0.12363091E+001  0.42334767E+001
  0.62173342E+000  0.10087946E+001  0.12363092E+001  0.42334820E+001
  0.62173341E+000  0.10087946E+001  0.12363093E+001  0.42334875E+001
  0.62173341E+000  0.10087945E+001  0.12363094E+001  0.42334931E+001
  0.62173340E+000  0.10087945E+001  0.12363095E+001  0.42334988E+001
  0.62173341E+000  0.10087944E+001  0.12363096E+001  0.42335046E+001
  0.62173341E+000  0.10087944E+001  0.12363097E+001  0.42335106E+001
  0.62173342E+000  0.10087943E+001  0.12363099E+001  0.42335167E+001
  0.62173343E+000  0.10087943E+001  0.12363100E+001  0.42335230E+001
  0.62173344E+000  0.10087942E+001  0.12363102E+001  0.42335295E+001
  0.62173346E+000  0.10087942E+001  0.12363103E+001  0.42335361E+001
  0.62173349E+000  0.10087941E+001  0.12363105E+001  0.42335430E+001
  0.62173352E+000  0.10087941E+001  0.12363107E+001  0.42335501E+001
  0.62173355E+000  0.10087941E+001  0.12363109E+001  0.42335574E+001
  0.62173359E+000  0.10087940E+001  0.12363111E+001  0.42335649E+001
  0.62173364E+000  0.10087940E+001  0.12363114E+001  0.42335727E+001
  0.62173369E+000  0.10087940E+001  0.12363116E+001  0.42335808E+001
  0.62173375E+000  0.10087940E+001  0.12363119E+001  0.42335891E+001
  0.62173381E+000  0.10087940E+001  0.12363122E+001  0.42335977E+001
  0.62173389E+000  0.10087939E+001  0.12363125E+001  0.42336066E+001
  0.62173397E+000  0.10087939E+001  0.12363129E+001  0.42336158E+001
  0.62173406E+000  0.10087939E+001  0.12363133E+001  0.42336253E+001
  0.62173416E+000  0.10087939E+001  0.12363137E+001  0.42336351E+001
  0.62173426E+000  0.10087940E+001  0.12363141E+001  0.42336453E+001
  0.62173438E+000  0.10087940E+001  0.12363145E+001  0.42336558E+001
  0.62173451E+000  0.10087940E+001  0.12363150E+001  0.42336666E+001
  0.62173465E+000  0.10087940E+001  0.12363156E+001  0.42336778E+001
  0.62173481E+000  0.10087941E+001  0.12363161E+001  0.42336894E+001
  0.62173497E+000  0.10087941E+001  0.12363167E+001  0.42337013E+001
  0.62173515E+000  0.10087942E+001  0.12363173E+001  0.42337136E+001
  0.62173534E+000  0.10087943E+001  0.12363180E+001  0.42337263E+001
  0.62173554E+000  0.10087943E+001  0.12363187E+001  0.42337393E+001
  0.62173577E+000  0.10087944E+001  0.12363195E+001  0.42337528E+001
  0.62173600E+000  0.10087945E+001  0.12363203E+001  0.42337666E+001
  0.62173625E+000  0.10087947E+001  0.12363212E+001  0.42337808E+001
  0.62173652E+000  0.10087948E+001  0.12363221E+001  0.42337955E+001
  0.62173681E+000  0.10087949E+001  0.12363230E+001  0.42338105E+001
  0.62173711E+000  0.10087951E+001  0.12363241E+001  0.42338259E+001
  0.62173743E+000  0.10087952E+001  0.12363251E+001  0.42338417E+001
  0.62173777E+000  0.10087954E+001  0.12363262E+001  0.42338580E+001
  0.62173813E+000  0.10087956E+001  0.12363274E+001  0.42338746E+001
  0.62173850E+000  0.10087958E+001  0.12363287E+001  0.42338916E+001
  0.62173890E+000  0.10087960E+001  0.12363300E+001  0.42339090E+001
  0.62173932E+000  0.10087963E+001  0.12363313E+001  0.42339268E+001
  0.62173975E+000  0.10087965E+001  0.12363328E+001  0.42339450E+001
  0.62174021E+000  0.10087968E+001  0.12363343E+001  0.42339636E+001
  0.62174069E+000  0.10087971E+001  0.12363358E+001  0.42339825E+001
  0.62174119E+000  0.10087974E+001  0.12363375E+001  0.42340018E+001
  0.62174171E+000  0.10087977E+001  0.12363392E+001  0.42340215E+001
  0.62174225E+000  0.10087980E+001  0.12363409E+001  0.42340416E+001
  0.62174281E+000  0.10087983E+001  0.12363428E+001  0.42340619E+001
  0.62174339E+000  0.10087987E+001  0.12363447E+001  0.42340826E+001
  0.62174400E+000  0.10087991E+001  0.12363467E+001  0.42341037E+001
  0.62174462E+000  0.10087995E+001  0.12363488E+001  0.42341250E+001
  0.62174526E+000  0.10087999E+001  0.12363509E+001  0.42341467E+001
  0.62174592E+000  0.10088003E+001  0.12363532E+001  0.42341686E+001
  0.62174660E+000  0.10088007E+001  0.12363555E+001  0.42341909E+001
  0.62174730E+000  0.10088012E+001  0.12363579E+001  0.42342134E+001
  0.62174802E+000  0.10088016E+001  0.12363603E+001  0.42342361E+001
  0.62174875E+000  0.10088021E+001  0.12363629E+001  0.42342591E+001
  0.62174950E+000  0.10088026E+001  0.12363655E+001  0.42342823E+001
  0.62175027E+000  0.10088031E+001  0.12363682E+001  0.42343057E+001
  0.62175106E+000  0.10088036E+001  0.12363710E+001  0.42343293E+001
  0.62175186E+000  0.10088042E+001  0.12363739E+001  0.42343531E+001
  0.62175268E+000  0.10088047E+001  0.12363768E+001  0.42343771E+001
  0.62175352E+000  0.10088053E+001  0.12363798E+001  0.42344013E+001
  0.62175437E+000  0.10088059E+001  0.12363830E+001  0.42344256E+001
  0.62175523E+000  0.10088064E+001  0.12363861E+001  0.42344500E+001
  0.62175611E+000  0.10088070E+001  0.12363894E+001  0.42344746E+001
  0.62175701E+000  0.10088077E+001  0.12363927E+001  0.42344994E+001
  0.62175791E+000  0.10088083E+001  0.12363961E+001  0.42345242E+001
  0.62175883E+000  0.10088089E+001  0.12363996E+001  0.42345492E+001
  0.62175977E+000  0.10088096E+001  0.12364032E+001  0.42345743E+001
  0.62176071E+000  0.10088102E+001  0.12364068E+001  0.42345995E+001
  0.62176167E+000  0.10088109E+001  0.12364104E+001  0.42346249E+001
  0.62176264E+000  0.10088116E+001  0.12364142E+001  0.42346503E+001
  0.62176362E+000  0.10088123E+001  0.12364180E+001  0.42346759E+001
  0.62176461E+000  0.10088130E+001  0.12364218E+001  0.42347016E+001
  0.62176561E+000  0.10088137E+001  0.12364257E+001  0.42347275E+001
  0.62176662E+000  0.10088144E+001  0.12364297E+001  0.42347535E+001
  0.62176764E+000  0.10088151E+001  0.12364337E+001  0.42347796E+001
  0.62176867E+000  0.10088159E+001  0.12364378E+001  0.42348059E+001
  0.62176970E+000  0.10088166E+001  0.12364418E+001  0.42348323E+001
  0.62177073E+000  0.10088174E+001  0.12364460E+001  0.42348589E+001
  0.62177178E+000  0.10088181E+001  0.12364501E+001  0.42348856E+001
  0.62177282E+000  0.10088189E+001  0.12364543E+001  0.42349125E+001
  0.62177387E+000  0.10088196E+001  0.12364585E+001  0.42349397E+001
  0.62177493E+000  0.10088204E+001  0.12364628E+001  0.42349670E+001
  0.62177598E+000  0.10088211E+001  0.12364670E+001  0.42349945E+001
  0.62177704E+000  0.10088219E+001  0.12364713E+001  0.42350222E+001
  0.62177809E+000  0.10088227E+001  0.12364756E+001  0.42350501E+001
  0.62177915E+000  0.10088234E+001  0.12364799E+001  0.42350783E+001
  0.62178020E+000  0.10088242E+001  0.12364842E+001  0.42351067E+001
  0.62178125E+000  0.10088249E+001  0.12364885E+001  0.42351353E+001
  0.62178230E+000  0.10088257E+001  0.12364928E+001  0.42351641E+001
  0.62178334E+000  0.10088264E+001  0.12364971E+001  0.42351932E+001
  0.62178438E+000  0.10088272E+001  0.12365014E+001  0.42352226E+001
  0.62178541E+000  0.10088279E+001  0.12365056E+001  0.42352522E+001
  0.62178644E+000  0.10088286E+001  0.12365099E+001  0.42352821E+001
  0.62178746E+000  0.10088294E+001  0.12365141E+001  0.42353122E+001
  0.62178847E+000  0.10088301E+001  0.12365183E+001  0.42353426E+001
  0.62178948E+000  0.10088308E+001  0.12365224E+001  0.42353733E+001
  0.62179047E+000  0.10088315E+001  0.12365266E+001  0.42354042E+001
  0.62179145E+000  0.10088322E+001  0.12365307E+001  0.42354354E+001
  0.62179243E+000  0.10088328E+001  0.12365347E+001  0.42354669E+001
  0.62179339E+000  0.10088335E+001  0.12365387E+001  0.42354986E+001
  0.62179434E+000  0.10088341E+001  0.12365427E+001  0.42355307E+001
  0.62179528E+000  0.10088348E+001  0.12365466E+001  0.42355629E+001
  0.62179620E+000  0.10088354E+001  0.12365505E+001  0.42355955E+001
  0.62179711E+000  0.10088360E+001  0.12365543E+001  0.42356283E+001
  0.62179801E+000  0.10088366E+001  0.12365580E+001  0.42356613E+001
  0.62179889E+000  0.10088371E+001  0.12365617E+001  0.42356946E+001
  0.62179975E+000  0.10088377E+001  0.12365654E+001  0.42357282E+001
  0.62180060E+000  0.10088383E+001  0.12365689E+001  0.42357619E+001
  0.62180143E+000  0.10088388E+001  0.12365724E+001  0.42357959E+001
  0.62180225E+000  0.10088393E+001  0.12365759E+001  0.42358301E+001
  0.62180305E+000  0.10088398E+001  0.12365792E+001  0.42358645E+001
  0.62180383E+000  0.10088403E+001  0.12365825E+001  0.42358991E+001
  0.62180459E+000  0.10088408E+001  0.12365857E+001  0.42359339E+001
  0.62180533E+000  0.10088412E+001  0.12365888E+001  0.42359689E+001
  0.62180606E+000  0.10088417E+001  0.12365919E+001  0.42360040E+001
  0.62180676E+000  0.10088421E+001  0.12365949E+001  0.42360392E+001
  0.62180745E+000  0.10088425E+001  0.12365978E+001  0.42360746E+001
  0.62180812E+000  0.10088429E+001  0.12366006E+001  0.42361101E+001
  0.62180877E+000  0.10088433E+001  0.12366033E+001  0.42361457E+001
  0.62180939E+000  0.10088437E+001  0.12366060E+001  0.42361814E+001
  0.62181000E+000  0.10088441E+001  0.12366086E+001  0.42362171E+001
  0.62181059E+000  0.10088444E+001  0.12366111E+001  0.42362529E+001
  0.62181116E+000  0.10088447E+001  0.12366135E+001  0.42362888E+001
  0.62181171E+000  0.10088451E+001  0.12366159E+001  0.42363246E+001
  0.62181224E+000  0.10088454E+001  0.12366181E+001  0.42363605E+001
  0.62181275E+000  0.10088457E+001  0.12366203E+001  0.42363963E+001
  0.62181325E+000  0.10088460E+001  0.12366224E+001  0.42364321E+001
  0.62181372E+000  0.10088462E+001  0.12366245E+001  0.42364678E+001
  0.62181418E+000  0.10088465E+001  0.12366264E+001  0.42365034E+001
  0.62181461E+000  0.10088467E+001  0.12366283E+001  0.42365390E+001
  0.62181503E+000  0.10088470E+001  0.12366301E+001  0.42365744E+001
  0.62181543E+000  0.10088472E+001  0.12366319E+001  0.42366097E+001
  0.62181581E+000  0.10088474E+001  0.12366335E+001  0.42366449E+001
  0.62181618E+000  0.10088476E+001  0.12366351E+001  0.42366799E+001
  0.62181653E+000  0.10088478E+001  0.12366367E+001  0.42367147E+001
  0.62181686E+000  0.10088480E+001  0.12366381E+001  0.42367493E+001
  0.62181718E+000  0.10088482E+001  0.12366395E+001  0.42367836E+001
  0.62181748E+000  0.10088484E+001  0.12366409E+001  0.42368178E+001
  0.62181777E+000  0.10088486E+001  0.12366421E+001  0.42368516E+001
  0.62181804E+000  0.10088487E+001  0.12366434E+001  0.42368852E+001
  0.62181830E+000  0.10088489E+001  0.12366445E+001  0.42369185E+001
  0.62181855E+000  0.10088490E+001  0.12366456E+001  0.42369515E+001
  0.62181878E+000  0.10088491E+001  0.12366467E+001  0.42369841E+001
  0.62181900E+000  0.10088493E+001  0.12366477E+001  0.42370164E+001
  0.62181921E+000  0.10088494E+001  0.12366486E+001  0.42370484E+001
  0.62181941E+000  0.10088495E+001  0.12366495E+001  0.42370800E+001
  0.62181959E+000  0.10088496E+001  0.12366504E+001  0.42371112E+001
  0.62181977E+000  0.10088497E+001  0.12366512E+001  0.42371420E+001
  0.62181993E+000  0.10088498E+001  0.12366520E+001  0.42371724E+001
  0.62182009E+000  0.10088499E+001  0.12366527E+001  0.42372024E+001
  0.62182023E+000  0.10088500E+001  0.12366534E+001  0.42372319E+001
  0.62182037E+000  0.10088501E+001  0.12366540E+001  0.42372610E+001
  0.62182050E+000  0.10088501E+001  0.12366546E+001  0.42372897E+001
  0.62182062E+000  0.10088502E+001  0.12366552E+001  0.42373179E+001
  0.62182073E+000  0.10088503E+001  0.12366558E+001  0.42373456E+001
  0.62182084E+000  0.10088503E+001  0.12366563E+001  0.42373728E+001
  0.62182093E+000  0.10088504E+001  0.12366568E+001  0.42373996E+001
  0.62182103E+000  0.10088505E+001  0.12366572E+001  0.42374259E+001
  0.62182111E+000  0.10088505E+001  0.12366576E+001  0.42374517E+001
  0.62182119E+000  0.10088506E+001  0.12366580E+001  0.42374770E+001
  0.62182127E+000  0.10088506E+001  0.12366584E+001  0.42375017E+001
  0.62182134E+000  0.10088506E+001  0.12366588E+001  0.42375260E+001
  0.62182140E+000  0.10088507E+001  0.12366591E+001  0.42375498E+001
  0.62182146E+000  0.10088507E+001  0.12366594E+001  0.42375730E+001
  0.62182152E+000  0.10088508E+001  0.12366597E+001  0.42375958E+001
  0.62182157E+000  0.10088508E+001  0.12366600E+001  0.42376180E+001
  0.62182162E+000  0.10088508E+001  0.12366602E+001  0.42376397E+001
  0.62182167E+000  0.10088509E+001  0.12366605E+001  0.42376609E+001
  0.62182171E+000  0.10088509E+001  0.12366607E+001  0.42376816E+001
  0.62182175E+000  0.10088509E+001  0.12366609E+001  0.42377018E+001
  0.62182178E+000  0.10088509E+001  0.12366611E+001  0.42377214E+001
  0.62182182E+000  0.10088510E+001  0.12366613E+001  0.42377406E+001
  0.62182185E+000  0.10088510E+001  0.12366614E+001  0.42377592E+001
  0.62182188E+000  0.10088510E+001  0.12366616E+001  0.42377774E+001
