 -0.11943488E+000  0.60188304E+000  0.54112233E+001  0.12110823E+003
 -0.11943413E+000  0.60189136E+000  0.54112505E+001  0.12110859E+003
 -0.11943391E+000  0.60189979E+000  0.54112775E+001  0.12110894E+003
 -0.11943386E+000  0.60190796E+000  0.54113044E+001  0.12110929E+003
 -0.11943387E+000  0.60191578E+000  0.54113311E+001  0.12110963E+003
 -0.11943387E+000  0.60192325E+000  0.54113577E+001  0.12110998E+003
 -0.11943385E+000  0.60193038E+000  0.54113840E+001  0.12111032E+003
 -0.11943381E+000  0.60193721E+000  0.54114102E+001  0.12111066E+003
 -0.11943372E+000  0.60194376E+000  0.54114361E+001  0.12111100E+003
 -0.11943360E+000  0.60195006E+000  0.54114618E+001  0.12111134E+003
 -0.11943344E+000  0.60195616E+000  0.54114874E+001  0.12111167E+003
 -0.11943324E+000  0.60196206E+000  0.54115128E+001  0.12111201E+003
 -0.11943301E+000  0.60196779E+000  0.54115380E+001  0.12111235E+003
 -0.11943274E+000  0.60197337E+000  0.54115630E+001  0.12111269E+003
 -0.11943244E+000  0.60197882E+000  0.54115880E+001  0.12111304E+003
 -0.11943211E+000  0.60198415E+000  0.54116129E+001  0.12111338E+003
 -0.11943174E+000  0.60198936E+000  0.54116378E+001  0.12111373E+003
 -0.11943135E+000  0.60199447E+000  0.54116626E+001  0.12111408E+003
 -0.11943093E+000  0.60199949E+000  0.54116875E+001  0.12111443E+003
 -0.11943048E+000  0.60200444E+000  0.54117125E+001  0.12111479E+003
 -0.11943000E+000  0.60200931E+000  0.54117375E+001  0.12111515E+003
 -0.11942949E+000  0.60201412E+000  0.54117628E+001  0.12111552E+003
 -0.11942896E+000  0.60201888E+000  0.54117882E+001  0.12111589E+003
 -0.11942840E+000  0.60202360E+000  0.54118138E+001  0.12111627E+003
 -0.11942781E+000  0.60202829E+000  0.54118397E+001  0.12111666E+003
 -0.11942720E+000  0.60203295E+000  0.54118659E+001  0.12111705E+003
 -0.11942655E+000  0.60203761E+000  0.54118924E+001  0.12111746E+003
 -0.11942588E+000  0.60204226E+000  0.54119192E+001  0.12111787E+003
 -0.11942517E+000  0.60204692E+000  0.54119465E+001  0.12111829E+003
 -0.11942444E+000  0.60205159E+000  0.54119742E+001  0.12111872E+003
 -0.11942367E+000  0.60205629E+000  0.54120023E+001  0.12111916E+003
 -0.11942287E+000  0.60206103E+000  0.54120309E+001  0.12111962E+003
 -0.11942203E+000  0.60206582E+000  0.54120600E+001  0.12112009E+003
 -0.11942115E+000  0.60207065E+000  0.54120897E+001  0.12112056E+003
 -0.11942021E+000  0.60207553E+000  0.54121199E+001  0.12112106E+003
 -0.11941923E+000  0.60208047E+000  0.54121507E+001  0.12112156E+003
 -0.11941821E+000  0.60208550E+000  0.54121821E+001  0.12112209E+003
 -0.11941715E+000  0.60209062E+000  0.54122141E+001  0.12112262E+003
 -0.11941603E+000  0.60209584E+000  0.54122468E+001  0.12112317E+003
 -0.11941487E+000  0.60210117E+000  0.54122802E+001  0.12112374E+003
 -0.11941366E+000  0.60210662E+000  0.54123143E+001  0.12112433E+003
 -0.11941239E+000  0.60211220E+000  0.54123492E+001  0.12112493E+003
 -0.11941107E+000  0.60211792E+000  0.54123848E+001  0.12112555E+003
 -0.11940969E+000  0.60212379E+000  0.54124212E+001  0.12112619E+003
 -0.11940825E+000  0.60212982E+000  0.54124584E+001  0.12112685E+003
 -0.11940675E+000  0.60213603E+000  0.54124966E+001  0.12112753E+003
 -0.11940518E+000  0.60214243E+000  0.54125356E+001  0.12112823E+003
 -0.11940355E+000  0.60214904E+000  0.54125755E+001  0.12112894E+003
 -0.11940185E+000  0.60215586E+000  0.54126164E+001  0.12112968E+003
 -0.11940007E+000  0.60216292E+000  0.54126584E+001  0.12113044E+003
 -0.11939823E+000  0.60217023E+000  0.54127013E+001  0.12113121E+003
 -0.11939632E+000  0.60217782E+000  0.54127454E+001  0.12113201E+003
 -0.11939433E+000  0.60218569E+000  0.54127906E+001  0.12113283E+003
 -0.11939227E+000  0.60219389E+000  0.54128369E+001  0.12113367E+003
 -0.11939014E+000  0.60220241E+000  0.54128845E+001  0.12113453E+003
 -0.11938794E+000  0.60221129E+000  0.54129333E+001  0.12113542E+003
 -0.11938566E+000  0.60222056E+000  0.54129834E+001  0.12113632E+003
 -0.11938333E+000  0.60223023E+000  0.54130349E+001  0.12113725E+003
 -0.11938092E+000  0.60224033E+000  0.54130878E+001  0.12113819E+003
 -0.11937846E+000  0.60225088E+000  0.54131421E+001  0.12113916E+003
 -0.11937593E+000  0.60226191E+000  0.54131979E+001  0.12114015E+003
 -0.11937334E+000  0.60227344E+000  0.54132553E+001  0.12114116E+003
 -0.11937071E+000  0.60228550E+000  0.54133143E+001  0.12114219E+003
 -0.11936802E+000  0.60229811E+000  0.54133750E+001  0.12114324E+003
 -0.11936529E+000  0.60231128E+000  0.54134373E+001  0.12114431E+003
 -0.11936251E+000  0.60232505E+000  0.54135015E+001  0.12114540E+003
 -0.11935969E+000  0.60233942E+000  0.54135676E+001  0.12114651E+003
 -0.11935681E+000  0.60235439E+000  0.54136355E+001  0.12114764E+003
 -0.11935391E+000  0.60237001E+000  0.54137054E+001  0.12114879E+003
 -0.11935097E+000  0.60238627E+000  0.54137773E+001  0.12114996E+003
 -0.11934802E+000  0.60240319E+000  0.54138514E+001  0.12115115E+003
 -0.11934504E+000  0.60242078E+000  0.54139275E+001  0.12115236E+003
 -0.11934205E+000  0.60243905E+000  0.54140058E+001  0.12115359E+003
 -0.11933905E+000  0.60245798E+000  0.54140864E+001  0.12115483E+003
 -0.11933605E+000  0.60247759E+000  0.54141692E+001  0.12115610E+003
 -0.11933304E+000  0.60249787E+000  0.54142544E+001  0.12115738E+003
 -0.11933003E+000  0.60251880E+000  0.54143418E+001  0.12115868E+003
 -0.11932703E+000  0.60254040E+000  0.54144316E+001  0.12115999E+003
 -0.11932403E+000  0.60256263E+000  0.54145237E+001  0.12116133E+003
 -0.11932105E+000  0.60258549E+000  0.54146181E+001  0.12116268E+003
 -0.11931808E+000  0.60260897E+000  0.54147149E+001  0.12116405E+003
 -0.11931512E+000  0.60263303E+000  0.54148140E+001  0.12116543E+003
 -0.11931219E+000  0.60265766E+000  0.54149154E+001  0.12116683E+003
 -0.11930928E+000  0.60268284E+000  0.54150191E+001  0.12116825E+003
 -0.11930640E+000  0.60270853E+000  0.54151249E+001  0.12116968E+003
 -0.11930355E+000  0.60273472E+000  0.54152330E+001  0.12117113E+003
 -0.11930072E+000  0.60276135E+000  0.54153432E+001  0.12117260E+003
 -0.11929793E+000  0.60278841E+000  0.54154554E+001  0.12117408E+003
 -0.11929518E+000  0.60281585E+000  0.54155698E+001  0.12117557E+003
 -0.11929246E+000  0.60284364E+000  0.54156860E+001  0.12117708E+003
 -0.11928978E+000  0.60287172E+000  0.54158042E+001  0.12117860E+003
 -0.11928714E+000  0.60290007E+000  0.54159243E+001  0.12118014E+003
 -0.11928455E+000  0.60292863E+000  0.54160462E+001  0.12118169E+003
 -0.11928200E+000  0.60295735E+000  0.54161698E+001  0.12118326E+003
 -0.11927949E+000  0.60298619E+000  0.54162951E+001  0.12118484E+003
 -0.11927703E+000  0.60301510E+000  0.54164220E+001  0.12118643E+003
 -0.11927462E+000  0.60304402E+000  0.54165505E+001  0.12118804E+003
 -0.11927226E+000  0.60307291E+000  0.54166804E+001  0.12118966E+003
 -0.11926996E+000  0.60310170E+000  0.54168118E+001  0.12119129E+003
 -0.11926770E+000  0.60313036E+000  0.54169445E+001  0.12119293E+003
 -0.11926550E+000  0.60315883E+000  0.54170785E+001  0.12119459E+003
 -0.11926336E+000  0.60318705E+000  0.54172137E+001  0.12119627E+003
 -0.11926127E+000  0.60321498E+000  0.54173500E+001  0.12119795E+003
 -0.11925923E+000  0.60324257E+000  0.54174873E+001  0.12119965E+003
 -0.11925726E+000  0.60326977E+000  0.54176255E+001  0.12120136E+003
 -0.11925535E+000  0.60329654E+000  0.54177645E+001  0.12120308E+003
 -0.11925349E+000  0.60332283E+000  0.54179042E+001  0.12120482E+003
 -0.11925169E+000  0.60334861E+000  0.54180445E+001  0.12120657E+003
 -0.11924996E+000  0.60337383E+000  0.54181852E+001  0.12120833E+003
 -0.11924828E+000  0.60339847E+000  0.54183262E+001  0.12121011E+003
 -0.11924667E+000  0.60342249E+000  0.54184673E+001  0.12121190E+003
 -0.11924511E+000  0.60344587E+000  0.54186085E+001  0.12121370E+003
 -0.11924361E+000  0.60346857E+000  0.54187495E+001  0.12121551E+003
 -0.11924218E+000  0.60349059E+000  0.54188902E+001  0.12121734E+003
 -0.11924080E+000  0.60351189E+000  0.54190304E+001  0.12121918E+003
 -0.11923948E+000  0.60353248E+000  0.54191699E+001  0.12122104E+003
 -0.11923822E+000  0.60355233E+000  0.54193086E+001  0.12122290E+003
 -0.11923701E+000  0.60357145E+000  0.54194463E+001  0.12122478E+003
 -0.11923586E+000  0.60358982E+000  0.54195828E+001  0.12122668E+003
 -0.11923476E+000  0.60360745E+000  0.54197179E+001  0.12122859E+003
 -0.11923371E+000  0.60362434E+000  0.54198514E+001  0.12123051E+003
 -0.11923272E+000  0.60364049E+000  0.54199832E+001  0.12123244E+003
 -0.11923178E+000  0.60365591E+000  0.54201130E+001  0.12123438E+003
 -0.11923088E+000  0.60367061E+000  0.54202408E+001  0.12123634E+003
 -0.11923003E+000  0.60368460E+000  0.54203663E+001  0.12123831E+003
 -0.11922923E+000  0.60369790E+000  0.54204895E+001  0.12124029E+003
 -0.11922847E+000  0.60371052E+000  0.54206100E+001  0.12124228E+003
 -0.11922776E+000  0.60372249E+000  0.54207280E+001  0.12124429E+003
 -0.11922708E+000  0.60373381E+000  0.54208431E+001  0.12124630E+003
 -0.11922644E+000  0.60374450E+000  0.54209552E+001  0.12124833E+003
 -0.11922585E+000  0.60375460E+000  0.54210644E+001  0.12125036E+003
 -0.11922528E+000  0.60376411E+000  0.54211705E+001  0.12125240E+003
 -0.11922475E+000  0.60377307E+000  0.54212734E+001  0.12125446E+003
 -0.11922426E+000  0.60378149E+000  0.54213730E+001  0.12125652E+003
 -0.11922379E+000  0.60378940E+000  0.54214694E+001  0.12125858E+003
 -0.11922335E+000  0.60379682E+000  0.54215624E+001  0.12126066E+003
 -0.11922295E+000  0.60380376E+000  0.54216521E+001  0.12126274E+003
 -0.11922256E+000  0.60381027E+000  0.54217384E+001  0.12126482E+003
 -0.11922221E+000  0.60381634E+000  0.54218213E+001  0.12126691E+003
 -0.11922188E+000  0.60382202E+000  0.54219009E+001  0.12126900E+003
 -0.11922157E+000  0.60382731E+000  0.54219771E+001  0.12127110E+003
 -0.11922128E+000  0.60383224E+000  0.54220501E+001  0.12127320E+003
 -0.11922101E+000  0.60383683E+000  0.54221198E+001  0.12127529E+003
 -0.11922076E+000  0.60384110E+000  0.54221863E+001  0.12127739E+003
 -0.11922052E+000  0.60384506E+000  0.54222497E+001  0.12127949E+003
 -0.11922031E+000  0.60384875E+000  0.54223099E+001  0.12128158E+003
 -0.11922011E+000  0.60385216E+000  0.54223672E+001  0.12128368E+003
 -0.11921992E+000  0.60385532E+000  0.54224216E+001  0.12128577E+003
 -0.11921975E+000  0.60385825E+000  0.54224731E+001  0.12128785E+003
 -0.11921959E+000  0.60386096E+000  0.54225218E+001  0.12128993E+003
 -0.11921944E+000  0.60386347E+000  0.54225679E+001  0.12129200E+003
 -0.11921931E+000  0.60386578E+000  0.54226114E+001  0.12129406E+003
 -0.11921918E+000  0.60386792E+000  0.54226524E+001  0.12129611E+003
 -0.11921906E+000  0.60386989E+000  0.54226911E+001  0.12129816E+003
 -0.11921896E+000  0.60387171E+000  0.54227275E+001  0.12130019E+003
 -0.11921886E+000  0.60387338E+000  0.54227616E+001  0.12130221E+003
 -0.11921877E+000  0.60387492E+000  0.54227937E+001  0.12130422E+003
 -0.11921868E+000  0.60387634E+000  0.54228238E+001  0.12130621E+003
 -0.11921860E+000  0.60387764E+000  0.54228520E+001  0.12130819E+003
 -0.11921853E+000  0.60387883E+000  0.54228784E+001  0.12131016E+003
 -0.11921847E+000  0.60387993E+000  0.54229031E+001  0.12131211E+003
 -0.11921841E+000  0.60388094E+000  0.54229261E+001  0.12131404E+003
 -0.11921835E+000  0.60388186E+000  0.54229477E+001  0.12131595E+003
 -0.11921830E+000  0.60388271E+000  0.54229677E+001  0.12131784E+003
 -0.11921825E+000  0.60388349E+000  0.54229864E+001  0.12131972E+003
 -0.11921821E+000  0.60388420E+000  0.54230038E+001  0.12132157E+003
 -0.11921817E+000  0.60388485E+000  0.54230200E+001  0.12132340E+003
 -0.11921814E+000  0.60388544E+000  0.54230350E+001  0.12132521E+003
 -0.11921810E+000  0.60388599E+000  0.54230490E+001  0.12132700E+003
 -0.11921807E+000  0.60388649E+000  0.54230620E+001  0.12132877E+003
 -0.11921805E+000  0.60388694E+000  0.54230740E+001  0.12133051E+003
 -0.11921802E+000  0.60388736E+000  0.54230851E+001  0.12133222E+003
 -0.11921800E+000  0.60388773E+000  0.54230954E+001  0.12133391E+003
 -0.11921798E+000  0.60388808E+000  0.54231050E+001  0.12133558E+003
 -0.11921796E+000  0.60388840E+000  0.54231138E+001  0.12133722E+003
 -0.11921794E+000  0.60388868E+000  0.54231219E+001  0.12133883E+003
 -0.11921792E+000  0.60388894E+000  0.54231294E+001  0.12134042E+003
 -0.11921791E+000  0.60388918E+000  0.54231364E+001  0.12134198E+003
 -0.11921790E+000  0.60388940E+000  0.54231428E+001  0.12134351E+003
 -0.11921788E+000  0.60388960E+000  0.54231487E+001  0.12134502E+003
 -0.11921787E+000  0.60388978E+000  0.54231541E+001  0.12134649E+003
 -0.11921786E+000  0.60388994E+000  0.54231591E+001  0.12134794E+003
 -0.11921785E+000  0.60389009E+000  0.54231637E+001  0.12134936E+003
 -0.11921784E+000  0.60389023E+000  0.54231680E+001  0.12135075E+003
 -0.11921784E+000  0.60389035E+000  0.54231719E+001  0.12135211E+003
 -0.11921783E+000  0.60389046E+000  0.54231754E+001  0.12135345E+003
 -0.11921782E+000  0.60389056E+000  0.54231787E+001  0.12135475E+003
 -0.11921782E+000  0.60389066E+000  0.54231817E+001  0.12135603E+003
 -0.11921781E+000  0.60389074E+000  0.54231845E+001  0.12135728E+003
 -0.11921781E+000  0.60389082E+000  0.54231870E+001  0.12135850E+003
 -0.11921780E+000  0.60389088E+000  0.54231894E+001  0.12135969E+003
 -0.11921780E+000  0.60389095E+000  0.54231915E+001  0.12136085E+003
 -0.11921780E+000  0.60389100E+000  0.54231934E+001  0.12136198E+003
 -0.11921779E+000  0.60389106E+000  0.54231952E+001  0.12136308E+003
 -0.11921779E+000  0.60389110E+000  0.54231969E+001  0.12136416E+003
 -0.11921779E+000  0.60389114E+000  0.54231984E+001  0.12136521E+003
 -0.11921779E+000  0.60389118E+000  0.54231997E+001  0.12136623E+003
 -0.11921778E+000  0.60389122E+000  0.54232010E+001  0.12136722E+003
 -0.11921778E+000  0.60389125E+000  0.54232021E+001  0.12136819E+003
 -0.11921778E+000  0.60389128E+000  0.54232032E+001  0.12136913E+003
