  0.90541852E+000
  0.90541849E+000
  0.90541817E+000
  0.90541777E+000
  0.90541733E+000
  0.90541689E+000
  0.90541645E+000
  0.90541600E+000
  0.90541557E+000
  0.90541514E+000
  0.90541471E+000
  0.90541428E+000
  0.90541386E+000
  0.90541345E+000
  0.90541303E+000
  0.90541262E+000
  0.90541221E+000
  0.90541180E+000
  0.90541139E+000
  0.90541098E+000
  0.90541057E+000
  0.90541016E+000
  0.90540975E+000
  0.90540934E+000
  0.90540892E+000
  0.90540851E+000
  0.90540808E+000
  0.90540766E+000
  0.90540723E+000
  0.90540680E+000
  0.90540637E+000
  0.90540593E+000
  0.90540548E+000
  0.90540503E+000
  0.90540458E+000
  0.90540412E+000
  0.90540365E+000
  0.90540318E+000
  0.90540271E+000
  0.90540222E+000
  0.90540174E+000
  0.90540125E+000
  0.90540075E+000
  0.90540025E+000
  0.90539974E+000
  0.90539923E+000
  0.90539872E+000
  0.90539820E+000
  0.90539768E+000
  0.90539715E+000
  0.90539662E+000
  0.90539609E+000
  0.90539555E+000
  0.90539502E+000
  0.90539448E+000
  0.90539394E+000
  0.90539339E+000
  0.90539285E+000
  0.90539230E+000
  0.90539176E+000
  0.90539121E+000
  0.90539066E+000
  0.90539011E+000
  0.90538956E+000
  0.90538901E+000
  0.90538846E+000
  0.90538791E+000
  0.90538735E+000
  0.90538680E+000
  0.90538624E+000
  0.90538568E+000
  0.90538511E+000
  0.90538454E+000
  0.90538397E+000
  0.90538339E+000
  0.90538280E+000
  0.90538220E+000
  0.90538160E+000
  0.90538098E+000
  0.90538035E+000
  0.90537971E+000
  0.90537906E+000
  0.90537839E+000
  0.90537771E+000
  0.90537701E+000
  0.90537629E+000
  0.90537555E+000
  0.90537480E+000
  0.90537403E+000
  0.90537324E+000
  0.90537243E+000
  0.90537161E+000
  0.90537076E+000
  0.90536990E+000
  0.90536902E+000
  0.90536812E+000
  0.90536721E+000
  0.90536629E+000
  0.90536534E+000
  0.90536439E+000
  0.90536342E+000
  0.90536244E+000
  0.90536145E+000
  0.90536045E+000
  0.90535943E+000
  0.90535841E+000
  0.90535738E+000
  0.90535635E+000
  0.90535531E+000
  0.90535426E+000
  0.90535321E+000
  0.90535215E+000
  0.90535109E+000
  0.90535003E+000
  0.90534897E+000
  0.90534790E+000
  0.90534683E+000
  0.90534577E+000
  0.90534470E+000
  0.90534364E+000
  0.90534258E+000
  0.90534152E+000
  0.90534046E+000
  0.90533941E+000
  0.90533836E+000
  0.90533732E+000
  0.90533628E+000
  0.90533525E+000
  0.90533422E+000
  0.90533320E+000
  0.90533219E+000
  0.90533119E+000
  0.90533020E+000
  0.90532921E+000
  0.90532824E+000
  0.90532728E+000
  0.90532632E+000
  0.90532538E+000
  0.90532445E+000
  0.90532354E+000
  0.90532263E+000
  0.90532174E+000
  0.90532086E+000
  0.90532000E+000
  0.90531915E+000
  0.90531832E+000
  0.90531750E+000
  0.90531669E+000
  0.90531590E+000
  0.90531513E+000
  0.90531437E+000
  0.90531362E+000
  0.90531290E+000
  0.90531219E+000
  0.90531149E+000
  0.90531081E+000
  0.90531015E+000
  0.90530951E+000
  0.90530888E+000
  0.90530826E+000
  0.90530767E+000
  0.90530709E+000
  0.90530652E+000
  0.90530597E+000
  0.90530544E+000
  0.90530492E+000
  0.90530442E+000
  0.90530394E+000
  0.90530346E+000
  0.90530301E+000
  0.90530257E+000
  0.90530214E+000
  0.90530173E+000
  0.90530133E+000
  0.90530094E+000
  0.90530057E+000
  0.90530021E+000
  0.90529986E+000
  0.90529953E+000
  0.90529921E+000
  0.90529890E+000
  0.90529860E+000
  0.90529831E+000
  0.90529804E+000
  0.90529777E+000
  0.90529752E+000
  0.90529728E+000
  0.90529704E+000
  0.90529682E+000
  0.90529660E+000
  0.90529640E+000
  0.90529620E+000
  0.90529601E+000
  0.90529583E+000
  0.90529566E+000
  0.90529549E+000
  0.90529533E+000
  0.90529518E+000
  0.90529504E+000
  0.90529490E+000
