  0.31750473E+002
  0.31750571E+002
  0.31750667E+002
  0.31750763E+002
  0.31750858E+002
  0.31750952E+002
  0.31751046E+002
  0.31751139E+002
  0.31751232E+002
  0.31751325E+002
  0.31751417E+002
  0.31751510E+002
  0.31751602E+002
  0.31751695E+002
  0.31751789E+002
  0.31751882E+002
  0.31751977E+002
  0.31752072E+002
  0.31752168E+002
  0.31752265E+002
  0.31752363E+002
  0.31752463E+002
  0.31752564E+002
  0.31752666E+002
  0.31752771E+002
  0.31752877E+002
  0.31752986E+002
  0.31753097E+002
  0.31753211E+002
  0.31753327E+002
  0.31753446E+002
  0.31753568E+002
  0.31753694E+002
  0.31753822E+002
  0.31753954E+002
  0.31754090E+002
  0.31754230E+002
  0.31754374E+002
  0.31754522E+002
  0.31754674E+002
  0.31754830E+002
  0.31754992E+002
  0.31755158E+002
  0.31755328E+002
  0.31755504E+002
  0.31755685E+002
  0.31755871E+002
  0.31756062E+002
  0.31756259E+002
  0.31756460E+002
  0.31756668E+002
  0.31756881E+002
  0.31757100E+002
  0.31757324E+002
  0.31757554E+002
  0.31757789E+002
  0.31758031E+002
  0.31758278E+002
  0.31758531E+002
  0.31758790E+002
  0.31759054E+002
  0.31759324E+002
  0.31759600E+002
  0.31759882E+002
  0.31760169E+002
  0.31760462E+002
  0.31760761E+002
  0.31761065E+002
  0.31761375E+002
  0.31761690E+002
  0.31762011E+002
  0.31762337E+002
  0.31762669E+002
  0.31763006E+002
  0.31763348E+002
  0.31763696E+002
  0.31764048E+002
  0.31764406E+002
  0.31764769E+002
  0.31765137E+002
  0.31765510E+002
  0.31765887E+002
  0.31766270E+002
  0.31766657E+002
  0.31767049E+002
  0.31767445E+002
  0.31767846E+002
  0.31768252E+002
  0.31768661E+002
  0.31769075E+002
  0.31769493E+002
  0.31769915E+002
  0.31770342E+002
  0.31770772E+002
  0.31771206E+002
  0.31771644E+002
  0.31772085E+002
  0.31772530E+002
  0.31772979E+002
  0.31773432E+002
  0.31773888E+002
  0.31774347E+002
  0.31774810E+002
  0.31775276E+002
  0.31775746E+002
  0.31776218E+002
  0.31776694E+002
  0.31777174E+002
  0.31777656E+002
  0.31778142E+002
  0.31778631E+002
  0.31779123E+002
  0.31779618E+002
  0.31780116E+002
  0.31780617E+002
  0.31781121E+002
  0.31781628E+002
  0.31782138E+002
  0.31782650E+002
  0.31783165E+002
  0.31783683E+002
  0.31784203E+002
  0.31784726E+002
  0.31785251E+002
  0.31785779E+002
  0.31786308E+002
  0.31786840E+002
  0.31787374E+002
  0.31787909E+002
  0.31788446E+002
  0.31788985E+002
  0.31789524E+002
  0.31790066E+002
  0.31790608E+002
  0.31791151E+002
  0.31791694E+002
  0.31792239E+002
  0.31792783E+002
  0.31793328E+002
  0.31793873E+002
  0.31794417E+002
  0.31794961E+002
  0.31795504E+002
  0.31796046E+002
  0.31796587E+002
  0.31797127E+002
  0.31797665E+002
  0.31798202E+002
  0.31798736E+002
  0.31799269E+002
  0.31799798E+002
  0.31800325E+002
  0.31800850E+002
  0.31801371E+002
  0.31801889E+002
  0.31802403E+002
  0.31802913E+002
  0.31803420E+002
  0.31803922E+002
  0.31804420E+002
  0.31804914E+002
  0.31805403E+002
  0.31805886E+002
  0.31806365E+002
  0.31806838E+002
  0.31807306E+002
  0.31807769E+002
  0.31808225E+002
  0.31808676E+002
  0.31809120E+002
  0.31809558E+002
  0.31809990E+002
  0.31810416E+002
  0.31810835E+002
  0.31811247E+002
  0.31811653E+002
  0.31812051E+002
  0.31812443E+002
  0.31812828E+002
  0.31813205E+002
  0.31813576E+002
  0.31813939E+002
  0.31814295E+002
  0.31814644E+002
  0.31814986E+002
  0.31815320E+002
  0.31815648E+002
  0.31815967E+002
  0.31816280E+002
  0.31816585E+002
  0.31816883E+002
  0.31817174E+002
  0.31817458E+002
  0.31817735E+002
  0.31818004E+002
  0.31818266E+002
  0.31818522E+002
  0.31818770E+002
  0.31819012E+002
  0.31819247E+002
