  0.53379849E-005
  0.53349616E-005
  0.53331396E-005
  0.53320525E-005
  0.53313780E-005
  0.53309325E-005
  0.53306131E-005
  0.53303625E-005
  0.53301488E-005
  0.53299547E-005
  0.53297706E-005
  0.53295918E-005
  0.53294155E-005
  0.53292406E-005
  0.53290666E-005
  0.53288932E-005
  0.53287205E-005
  0.53285484E-005
  0.53283770E-005
  0.53282063E-005
  0.53280363E-005
  0.53278670E-005
  0.53276984E-005
  0.53275303E-005
  0.53273627E-005
  0.53271956E-005
  0.53270289E-005
  0.53268625E-005
  0.53266963E-005
  0.53265302E-005
  0.53263642E-005
  0.53261982E-005
  0.53260322E-005
  0.53258662E-005
  0.53257000E-005
  0.53255336E-005
  0.53253672E-005
  0.53252006E-005
  0.53250339E-005
  0.53248671E-005
  0.53247003E-005
  0.53245336E-005
  0.53243670E-005
  0.53242006E-005
  0.53240347E-005
  0.53238692E-005
  0.53237045E-005
  0.53235406E-005
  0.53233778E-005
  0.53232163E-005
  0.53230563E-005
  0.53228981E-005
  0.53227418E-005
  0.53225877E-005
  0.53224361E-005
  0.53222871E-005
  0.53221409E-005
  0.53219977E-005
  0.53218576E-005
  0.53217209E-005
  0.53215876E-005
  0.53214578E-005
  0.53213316E-005
  0.53212091E-005
  0.53210902E-005
  0.53209749E-005
  0.53208634E-005
  0.53207554E-005
  0.53206511E-005
  0.53205503E-005
  0.53204529E-005
  0.53203589E-005
  0.53202682E-005
  0.53201807E-005
  0.53200963E-005
  0.53200149E-005
  0.53199363E-005
  0.53198606E-005
  0.53197875E-005
  0.53197171E-005
  0.53196491E-005
  0.53195835E-005
  0.53195202E-005
  0.53194592E-005
  0.53194003E-005
  0.53193435E-005
  0.53192886E-005
  0.53192358E-005
  0.53191848E-005
  0.53191357E-005
  0.53190883E-005
  0.53190427E-005
  0.53189988E-005
  0.53189566E-005
  0.53189160E-005
  0.53188770E-005
  0.53188396E-005
  0.53188038E-005
  0.53187694E-005
  0.53187366E-005
  0.53187052E-005
  0.53186752E-005
  0.53186467E-005
  0.53186195E-005
  0.53185936E-005
  0.53185691E-005
  0.53185458E-005
  0.53185237E-005
  0.53185029E-005
  0.53184832E-005
  0.53184647E-005
  0.53184472E-005
  0.53184308E-005
  0.53184154E-005
  0.53184010E-005
  0.53183875E-005
  0.53183749E-005
  0.53183632E-005
  0.53183522E-005
  0.53183420E-005
  0.53183326E-005
  0.53183238E-005
  0.53183157E-005
  0.53183082E-005
  0.53183012E-005
  0.53182948E-005
  0.53182889E-005
  0.53182835E-005
  0.53182785E-005
  0.53182740E-005
  0.53182698E-005
  0.53182659E-005
  0.53182624E-005
  0.53182592E-005
  0.53182563E-005
  0.53182537E-005
  0.53182512E-005
  0.53182490E-005
  0.53182471E-005
  0.53182452E-005
  0.53182436E-005
  0.53182421E-005
  0.53182408E-005
  0.53182395E-005
  0.53182384E-005
  0.53182374E-005
  0.53182365E-005
  0.53182357E-005
  0.53182350E-005
  0.53182343E-005
  0.53182338E-005
  0.53182332E-005
  0.53182328E-005
  0.53182323E-005
  0.53182319E-005
  0.53182316E-005
  0.53182313E-005
  0.53182310E-005
  0.53182308E-005
  0.53182305E-005
  0.53182303E-005
  0.53182302E-005
  0.53182300E-005
  0.53182299E-005
  0.53182297E-005
  0.53182296E-005
  0.53182295E-005
  0.53182294E-005
  0.53182294E-005
  0.53182293E-005
  0.53182292E-005
  0.53182292E-005
  0.53182291E-005
  0.53182291E-005
  0.53182290E-005
  0.53182290E-005
  0.53182290E-005
  0.53182289E-005
  0.53182289E-005
  0.53182289E-005
  0.53182289E-005
  0.53182289E-005
  0.53182288E-005
  0.53182288E-005
  0.53182288E-005
  0.53182288E-005
  0.53182288E-005
  0.53182288E-005
  0.53182288E-005
  0.53182288E-005
  0.53182288E-005
  0.53182288E-005
  0.53182288E-005
  0.53182288E-005
  0.53182287E-005
  0.53182287E-005
  0.53182287E-005
  0.53182287E-005
  0.53182287E-005
  0.53182287E-005
