  0.21458434E+000
  0.21463079E+000
  0.21464045E+000
  0.21464368E+000
  0.21464575E+000
  0.21464772E+000
  0.21464983E+000
  0.21465208E+000
  0.21465446E+000
  0.21465691E+000
  0.21465943E+000
  0.21466198E+000
  0.21466455E+000
  0.21466712E+000
  0.21466970E+000
  0.21467226E+000
  0.21467481E+000
  0.21467734E+000
  0.21467986E+000
  0.21468236E+000
  0.21468484E+000
  0.21468731E+000
  0.21468977E+000
  0.21469221E+000
  0.21469464E+000
  0.21469707E+000
  0.21469948E+000
  0.21470190E+000
  0.21470431E+000
  0.21470671E+000
  0.21470912E+000
  0.21471153E+000
  0.21471395E+000
  0.21471637E+000
  0.21471879E+000
  0.21472122E+000
  0.21472366E+000
  0.21472610E+000
  0.21472855E+000
  0.21473101E+000
  0.21473347E+000
  0.21473594E+000
  0.21473840E+000
  0.21474087E+000
  0.21474334E+000
  0.21474580E+000
  0.21474826E+000
  0.21475070E+000
  0.21475313E+000
  0.21475555E+000
  0.21475794E+000
  0.21476030E+000
  0.21476264E+000
  0.21476494E+000
  0.21476721E+000
  0.21476945E+000
  0.21477164E+000
  0.21477379E+000
  0.21477590E+000
  0.21477797E+000
  0.21477999E+000
  0.21478197E+000
  0.21478390E+000
  0.21478578E+000
  0.21478761E+000
  0.21478940E+000
  0.21479113E+000
  0.21479282E+000
  0.21479444E+000
  0.21479601E+000
  0.21479753E+000
  0.21479897E+000
  0.21480036E+000
  0.21480167E+000
  0.21480292E+000
  0.21480409E+000
  0.21480518E+000
  0.21480620E+000
  0.21480713E+000
  0.21480798E+000
  0.21480874E+000
  0.21480941E+000
  0.21480999E+000
  0.21481048E+000
  0.21481089E+000
  0.21481120E+000
  0.21481142E+000
  0.21481155E+000
  0.21481160E+000
  0.21481156E+000
  0.21481144E+000
  0.21481123E+000
  0.21481095E+000
  0.21481059E+000
  0.21481016E+000
  0.21480966E+000
  0.21480909E+000
  0.21480847E+000
  0.21480778E+000
  0.21480703E+000
  0.21480624E+000
  0.21480540E+000
  0.21480452E+000
  0.21480360E+000
  0.21480264E+000
  0.21480165E+000
  0.21480064E+000
  0.21479960E+000
  0.21479854E+000
  0.21479747E+000
  0.21479638E+000
  0.21479529E+000
  0.21479419E+000
  0.21479309E+000
  0.21479199E+000
  0.21479090E+000
  0.21478981E+000
  0.21478874E+000
  0.21478767E+000
  0.21478662E+000
  0.21478558E+000
  0.21478456E+000
  0.21478356E+000
  0.21478258E+000
  0.21478163E+000
  0.21478069E+000
  0.21477978E+000
  0.21477889E+000
  0.21477803E+000
  0.21477719E+000
  0.21477638E+000
  0.21477559E+000
  0.21477482E+000
  0.21477408E+000
  0.21477337E+000
  0.21477267E+000
  0.21477201E+000
  0.21477136E+000
  0.21477074E+000
  0.21477014E+000
  0.21476956E+000
  0.21476901E+000
  0.21476847E+000
  0.21476796E+000
  0.21476746E+000
  0.21476698E+000
  0.21476653E+000
  0.21476609E+000
  0.21476566E+000
  0.21476526E+000
  0.21476487E+000
  0.21476450E+000
  0.21476414E+000
  0.21476380E+000
  0.21476347E+000
  0.21476315E+000
  0.21476285E+000
  0.21476257E+000
  0.21476229E+000
  0.21476203E+000
  0.21476178E+000
  0.21476154E+000
  0.21476131E+000
  0.21476110E+000
  0.21476089E+000
  0.21476069E+000
  0.21476051E+000
  0.21476033E+000
  0.21476016E+000
  0.21476000E+000
  0.21475985E+000
  0.21475971E+000
  0.21475957E+000
  0.21475944E+000
  0.21475932E+000
  0.21475921E+000
  0.21475910E+000
  0.21475900E+000
  0.21475890E+000
  0.21475881E+000
  0.21475873E+000
  0.21475865E+000
  0.21475857E+000
  0.21475850E+000
  0.21475844E+000
  0.21475837E+000
  0.21475832E+000
  0.21475826E+000
  0.21475821E+000
  0.21475816E+000
  0.21475812E+000
  0.21475808E+000
  0.21475804E+000
  0.21475800E+000
  0.21475797E+000
  0.21475794E+000
  0.21475791E+000
  0.21475788E+000
  0.21475786E+000
  0.21475783E+000
