  0.14115454E+000
  0.14116303E+000
  0.14116814E+000
  0.14117151E+000
  0.14117387E+000
  0.14117562E+000
  0.14117695E+000
  0.14117802E+000
  0.14117889E+000
  0.14117962E+000
  0.14118024E+000
  0.14118078E+000
  0.14118125E+000
  0.14118167E+000
  0.14118205E+000
  0.14118238E+000
  0.14118268E+000
  0.14118295E+000
  0.14118319E+000
  0.14118341E+000
  0.14118360E+000
  0.14118377E+000
  0.14118392E+000
  0.14118406E+000
  0.14118417E+000
  0.14118427E+000
  0.14118435E+000
  0.14118441E+000
  0.14118446E+000
  0.14118450E+000
  0.14118452E+000
  0.14118454E+000
  0.14118453E+000
  0.14118452E+000
  0.14118450E+000
  0.14118446E+000
  0.14118442E+000
  0.14118437E+000
  0.14118431E+000
  0.14118425E+000
  0.14118418E+000
  0.14118410E+000
  0.14118402E+000
  0.14118393E+000
  0.14118384E+000
  0.14118375E+000
  0.14118365E+000
  0.14118355E+000
  0.14118345E+000
  0.14118335E+000
  0.14118324E+000
  0.14118314E+000
  0.14118303E+000
  0.14118292E+000
  0.14118281E+000
  0.14118270E+000
  0.14118259E+000
  0.14118248E+000
  0.14118236E+000
  0.14118225E+000
  0.14118214E+000
  0.14118202E+000
  0.14118191E+000
  0.14118180E+000
  0.14118169E+000
  0.14118158E+000
  0.14118147E+000
  0.14118136E+000
  0.14118125E+000
  0.14118114E+000
  0.14118104E+000
  0.14118093E+000
  0.14118083E+000
  0.14118073E+000
  0.14118063E+000
  0.14118052E+000
  0.14118042E+000
  0.14118032E+000
  0.14118021E+000
  0.14118011E+000
  0.14117999E+000
  0.14117988E+000
  0.14117976E+000
  0.14117963E+000
  0.14117950E+000
  0.14117937E+000
  0.14117922E+000
  0.14117907E+000
  0.14117891E+000
  0.14117874E+000
  0.14117856E+000
  0.14117837E+000
  0.14117818E+000
  0.14117798E+000
  0.14117776E+000
  0.14117754E+000
  0.14117731E+000
  0.14117707E+000
  0.14117683E+000
  0.14117657E+000
  0.14117631E+000
  0.14117604E+000
  0.14117576E+000
  0.14117548E+000
  0.14117519E+000
  0.14117489E+000
  0.14117459E+000
  0.14117428E+000
  0.14117396E+000
  0.14117364E+000
  0.14117332E+000
  0.14117299E+000
  0.14117265E+000
  0.14117231E+000
  0.14117197E+000
  0.14117162E+000
  0.14117127E+000
  0.14117092E+000
  0.14117056E+000
  0.14117020E+000
  0.14116984E+000
  0.14116948E+000
  0.14116911E+000
  0.14116875E+000
  0.14116838E+000
  0.14116801E+000
  0.14116764E+000
  0.14116727E+000
  0.14116690E+000
  0.14116654E+000
  0.14116617E+000
  0.14116581E+000
  0.14116545E+000
  0.14116509E+000
  0.14116474E+000
  0.14116438E+000
  0.14116404E+000
  0.14116370E+000
  0.14116336E+000
  0.14116302E+000
  0.14116270E+000
  0.14116238E+000
  0.14116206E+000
  0.14116175E+000
  0.14116145E+000
  0.14116116E+000
  0.14116087E+000
  0.14116059E+000
  0.14116032E+000
  0.14116005E+000
  0.14115980E+000
  0.14115955E+000
  0.14115931E+000
  0.14115908E+000
  0.14115885E+000
  0.14115863E+000
  0.14115842E+000
  0.14115822E+000
  0.14115803E+000
  0.14115784E+000
  0.14115767E+000
  0.14115750E+000
  0.14115733E+000
  0.14115718E+000
  0.14115703E+000
  0.14115688E+000
  0.14115675E+000
  0.14115662E+000
  0.14115650E+000
  0.14115638E+000
  0.14115627E+000
  0.14115616E+000
  0.14115606E+000
  0.14115597E+000
  0.14115588E+000
  0.14115579E+000
  0.14115571E+000
  0.14115564E+000
  0.14115557E+000
  0.14115550E+000
  0.14115544E+000
  0.14115538E+000
  0.14115532E+000
  0.14115527E+000
  0.14115522E+000
  0.14115517E+000
  0.14115513E+000
  0.14115509E+000
  0.14115505E+000
  0.14115501E+000
  0.14115498E+000
  0.14115495E+000
  0.14115492E+000
  0.14115489E+000
  0.14115486E+000
  0.14115484E+000
  0.14115482E+000
  0.14115480E+000
  0.14115478E+000
  0.14115476E+000
