  0.13182827E+000
  0.13177953E+000
  0.13174837E+000
  0.13172529E+000
  0.13170663E+000
  0.13169075E+000
  0.13167675E+000
  0.13166415E+000
  0.13165261E+000
  0.13164193E+000
  0.13163194E+000
  0.13162253E+000
  0.13161361E+000
  0.13160512E+000
  0.13159699E+000
  0.13158918E+000
  0.13158164E+000
  0.13157436E+000
  0.13156729E+000
  0.13156041E+000
  0.13155369E+000
  0.13154713E+000
  0.13154070E+000
  0.13153439E+000
  0.13152818E+000
  0.13152206E+000
  0.13151602E+000
  0.13151006E+000
  0.13150416E+000
  0.13149831E+000
  0.13149252E+000
  0.13148677E+000
  0.13148107E+000
  0.13147540E+000
  0.13146978E+000
  0.13146419E+000
  0.13145863E+000
  0.13145312E+000
  0.13144764E+000
  0.13144220E+000
  0.13143680E+000
  0.13143145E+000
  0.13142614E+000
  0.13142088E+000
  0.13141568E+000
  0.13141053E+000
  0.13140545E+000
  0.13140043E+000
  0.13139548E+000
  0.13139060E+000
  0.13138581E+000
  0.13138109E+000
  0.13137647E+000
  0.13137193E+000
  0.13136749E+000
  0.13136314E+000
  0.13135889E+000
  0.13135475E+000
  0.13135071E+000
  0.13134677E+000
  0.13134295E+000
  0.13133923E+000
  0.13133561E+000
  0.13133211E+000
  0.13132871E+000
  0.13132541E+000
  0.13132222E+000
  0.13131914E+000
  0.13131615E+000
  0.13131327E+000
  0.13131048E+000
  0.13130778E+000
  0.13130518E+000
  0.13130267E+000
  0.13130024E+000
  0.13129789E+000
  0.13129563E+000
  0.13129344E+000
  0.13129133E+000
  0.13128930E+000
  0.13128733E+000
  0.13128543E+000
  0.13128360E+000
  0.13128183E+000
  0.13128013E+000
  0.13127849E+000
  0.13127690E+000
  0.13127537E+000
  0.13127390E+000
  0.13127249E+000
  0.13127112E+000
  0.13126981E+000
  0.13126855E+000
  0.13126735E+000
  0.13126619E+000
  0.13126508E+000
  0.13126401E+000
  0.13126300E+000
  0.13126203E+000
  0.13126110E+000
  0.13126022E+000
  0.13125938E+000
  0.13125858E+000
  0.13125782E+000
  0.13125710E+000
  0.13125642E+000
  0.13125577E+000
  0.13125516E+000
  0.13125459E+000
  0.13125405E+000
  0.13125354E+000
  0.13125306E+000
  0.13125261E+000
  0.13125219E+000
  0.13125180E+000
  0.13125143E+000
  0.13125109E+000
  0.13125077E+000
  0.13125047E+000
  0.13125019E+000
  0.13124994E+000
  0.13124970E+000
  0.13124948E+000
  0.13124928E+000
  0.13124909E+000
  0.13124891E+000
  0.13124875E+000
  0.13124861E+000
  0.13124847E+000
  0.13124835E+000
  0.13124823E+000
  0.13124813E+000
  0.13124804E+000
  0.13124795E+000
  0.13124787E+000
  0.13124780E+000
  0.13124773E+000
  0.13124767E+000
  0.13124761E+000
  0.13124756E+000
  0.13124752E+000
  0.13124748E+000
  0.13124744E+000
  0.13124741E+000
  0.13124738E+000
  0.13124735E+000
  0.13124732E+000
  0.13124730E+000
  0.13124728E+000
  0.13124726E+000
  0.13124725E+000
  0.13124723E+000
  0.13124722E+000
  0.13124720E+000
  0.13124719E+000
  0.13124718E+000
  0.13124717E+000
  0.13124717E+000
  0.13124716E+000
  0.13124715E+000
  0.13124715E+000
  0.13124714E+000
  0.13124714E+000
  0.13124713E+000
  0.13124713E+000
  0.13124713E+000
  0.13124712E+000
  0.13124712E+000
  0.13124712E+000
  0.13124712E+000
  0.13124711E+000
  0.13124711E+000
  0.13124711E+000
  0.13124711E+000
  0.13124711E+000
  0.13124711E+000
  0.13124711E+000
  0.13124711E+000
  0.13124711E+000
  0.13124710E+000
  0.13124710E+000
  0.13124710E+000
  0.13124710E+000
  0.13124710E+000
  0.13124710E+000
  0.13124710E+000
  0.13124710E+000
  0.13124710E+000
  0.13124710E+000
  0.13124710E+000
  0.13124710E+000
  0.13124710E+000
  0.13124710E+000
  0.13124710E+000
  0.13124710E+000
  0.13124710E+000
  0.13124710E+000
  0.13124710E+000
  0.13124710E+000
  0.13124710E+000
