  0.46799517E-001
  0.46773011E-001
  0.46757037E-001
  0.46747506E-001
  0.46741593E-001
  0.46737687E-001
  0.46734887E-001
  0.46732689E-001
  0.46730816E-001
  0.46729114E-001
  0.46727500E-001
  0.46725932E-001
  0.46724387E-001
  0.46722854E-001
  0.46721328E-001
  0.46719808E-001
  0.46718294E-001
  0.46716785E-001
  0.46715282E-001
  0.46713786E-001
  0.46712295E-001
  0.46710811E-001
  0.46709332E-001
  0.46707859E-001
  0.46706390E-001
  0.46704925E-001
  0.46703463E-001
  0.46702004E-001
  0.46700546E-001
  0.46699091E-001
  0.46697635E-001
  0.46696180E-001
  0.46694725E-001
  0.46693269E-001
  0.46691812E-001
  0.46690354E-001
  0.46688894E-001
  0.46687434E-001
  0.46685972E-001
  0.46684510E-001
  0.46683048E-001
  0.46681586E-001
  0.46680125E-001
  0.46678667E-001
  0.46677212E-001
  0.46675761E-001
  0.46674317E-001
  0.46672880E-001
  0.46671453E-001
  0.46670037E-001
  0.46668634E-001
  0.46667247E-001
  0.46665877E-001
  0.46664526E-001
  0.46663196E-001
  0.46661890E-001
  0.46660608E-001
  0.46659353E-001
  0.46658125E-001
  0.46656926E-001
  0.46655758E-001
  0.46654620E-001
  0.46653513E-001
  0.46652439E-001
  0.46651396E-001
  0.46650386E-001
  0.46649408E-001
  0.46648462E-001
  0.46647547E-001
  0.46646663E-001
  0.46645809E-001
  0.46644985E-001
  0.46644190E-001
  0.46643423E-001
  0.46642683E-001
  0.46641969E-001
  0.46641280E-001
  0.46640616E-001
  0.46639976E-001
  0.46639358E-001
  0.46638762E-001
  0.46638187E-001
  0.46637632E-001
  0.46637097E-001
  0.46636581E-001
  0.46636083E-001
  0.46635602E-001
  0.46635139E-001
  0.46634692E-001
  0.46634261E-001
  0.46633846E-001
  0.46633446E-001
  0.46633061E-001
  0.46632691E-001
  0.46632335E-001
  0.46631993E-001
  0.46631666E-001
  0.46631351E-001
  0.46631050E-001
  0.46630762E-001
  0.46630487E-001
  0.46630224E-001
  0.46629974E-001
  0.46629735E-001
  0.46629508E-001
  0.46629293E-001
  0.46629089E-001
  0.46628896E-001
  0.46628713E-001
  0.46628541E-001
  0.46628378E-001
  0.46628225E-001
  0.46628081E-001
  0.46627946E-001
  0.46627820E-001
  0.46627702E-001
  0.46627591E-001
  0.46627488E-001
  0.46627392E-001
  0.46627303E-001
  0.46627220E-001
  0.46627143E-001
  0.46627072E-001
  0.46627006E-001
  0.46626945E-001
  0.46626889E-001
  0.46626837E-001
  0.46626790E-001
  0.46626746E-001
  0.46626706E-001
  0.46626669E-001
  0.46626636E-001
  0.46626605E-001
  0.46626577E-001
  0.46626551E-001
  0.46626528E-001
  0.46626507E-001
  0.46626488E-001
  0.46626470E-001
  0.46626454E-001
  0.46626440E-001
  0.46626427E-001
  0.46626415E-001
  0.46626404E-001
  0.46626395E-001
  0.46626386E-001
  0.46626378E-001
  0.46626371E-001
  0.46626364E-001
  0.46626359E-001
  0.46626354E-001
  0.46626349E-001
  0.46626345E-001
  0.46626341E-001
  0.46626338E-001
  0.46626335E-001
  0.46626332E-001
  0.46626329E-001
  0.46626327E-001
  0.46626325E-001
  0.46626324E-001
  0.46626322E-001
  0.46626321E-001
  0.46626319E-001
  0.46626318E-001
  0.46626317E-001
  0.46626316E-001
  0.46626316E-001
  0.46626315E-001
  0.46626314E-001
  0.46626314E-001
  0.46626313E-001
  0.46626313E-001
  0.46626312E-001
  0.46626312E-001
  0.46626312E-001
  0.46626312E-001
  0.46626311E-001
  0.46626311E-001
  0.46626311E-001
  0.46626311E-001
  0.46626311E-001
  0.46626310E-001
  0.46626310E-001
  0.46626310E-001
  0.46626310E-001
  0.46626310E-001
  0.46626310E-001
  0.46626310E-001
  0.46626310E-001
  0.46626310E-001
  0.46626310E-001
  0.46626310E-001
  0.46626310E-001
  0.46626310E-001
  0.46626310E-001
  0.46626310E-001
  0.46626310E-001
  0.46626310E-001
  0.46626310E-001
