  0.81430501E+000
  0.81430506E+000
  0.81430509E+000
  0.81430512E+000
  0.81430513E+000
  0.81430514E+000
  0.81430515E+000
  0.81430515E+000
  0.81430514E+000
  0.81430513E+000
  0.81430512E+000
  0.81430511E+000
  0.81430509E+000
  0.81430507E+000
  0.81430505E+000
  0.81430502E+000
  0.81430500E+000
  0.81430497E+000
  0.81430494E+000
  0.81430490E+000
  0.81430487E+000
  0.81430483E+000
  0.81430479E+000
  0.81430474E+000
  0.81430470E+000
  0.81430465E+000
  0.81430460E+000
  0.81430455E+000
  0.81430449E+000
  0.81430443E+000
  0.81430437E+000
  0.81430430E+000
  0.81430423E+000
  0.81430416E+000
  0.81430408E+000
  0.81430400E+000
  0.81430391E+000
  0.81430383E+000
  0.81430373E+000
  0.81430363E+000
  0.81430353E+000
  0.81430342E+000
  0.81430331E+000
  0.81430319E+000
  0.81430306E+000
  0.81430293E+000
  0.81430279E+000
  0.81430264E+000
  0.81430249E+000
  0.81430232E+000
  0.81430215E+000
  0.81430197E+000
  0.81430177E+000
  0.81430157E+000
  0.81430136E+000
  0.81430113E+000
  0.81430089E+000
  0.81430064E+000
  0.81430038E+000
  0.81430010E+000
  0.81429980E+000
  0.81429949E+000
  0.81429917E+000
  0.81429882E+000
  0.81429846E+000
  0.81429807E+000
  0.81429767E+000
  0.81429725E+000
  0.81429680E+000
  0.81429634E+000
  0.81429585E+000
  0.81429534E+000
  0.81429480E+000
  0.81429425E+000
  0.81429366E+000
  0.81429305E+000
  0.81429242E+000
  0.81429176E+000
  0.81429108E+000
  0.81429038E+000
  0.81428964E+000
  0.81428889E+000
  0.81428810E+000
  0.81428730E+000
  0.81428647E+000
  0.81428561E+000
  0.81428474E+000
  0.81428384E+000
  0.81428292E+000
  0.81428198E+000
  0.81428101E+000
  0.81428003E+000
  0.81427903E+000
  0.81427801E+000
  0.81427698E+000
  0.81427593E+000
  0.81427487E+000
  0.81427379E+000
  0.81427270E+000
  0.81427160E+000
  0.81427049E+000
  0.81426938E+000
  0.81426825E+000
  0.81426713E+000
  0.81426600E+000
  0.81426486E+000
  0.81426373E+000
  0.81426260E+000
  0.81426147E+000
  0.81426034E+000
  0.81425923E+000
  0.81425812E+000
  0.81425702E+000
  0.81425593E+000
  0.81425485E+000
  0.81425379E+000
  0.81425274E+000
  0.81425171E+000
  0.81425070E+000
  0.81424972E+000
  0.81424875E+000
  0.81424781E+000
  0.81424689E+000
  0.81424600E+000
  0.81424514E+000
  0.81424431E+000
  0.81424350E+000
  0.81424273E+000
  0.81424199E+000
  0.81424129E+000
  0.81424062E+000
  0.81423998E+000
  0.81423938E+000
  0.81423882E+000
  0.81423830E+000
  0.81423781E+000
  0.81423736E+000
  0.81423695E+000
  0.81423657E+000
  0.81423624E+000
  0.81423594E+000
  0.81423568E+000
  0.81423546E+000
  0.81423528E+000
  0.81423514E+000
  0.81423503E+000
  0.81423496E+000
  0.81423493E+000
  0.81423493E+000
  0.81423497E+000
  0.81423504E+000
  0.81423515E+000
  0.81423529E+000
  0.81423546E+000
  0.81423566E+000
  0.81423589E+000
  0.81423615E+000
  0.81423644E+000
  0.81423675E+000
  0.81423709E+000
  0.81423745E+000
  0.81423784E+000
  0.81423825E+000
  0.81423868E+000
  0.81423913E+000
  0.81423960E+000
  0.81424008E+000
  0.81424058E+000
  0.81424110E+000
  0.81424163E+000
  0.81424217E+000
  0.81424272E+000
  0.81424328E+000
  0.81424386E+000
  0.81424443E+000
  0.81424502E+000
  0.81424561E+000
  0.81424621E+000
  0.81424681E+000
  0.81424742E+000
  0.81424802E+000
  0.81424863E+000
  0.81424924E+000
  0.81424984E+000
  0.81425045E+000
  0.81425105E+000
  0.81425165E+000
  0.81425225E+000
  0.81425284E+000
  0.81425343E+000
  0.81425401E+000
  0.81425459E+000
  0.81425516E+000
  0.81425572E+000
  0.81425627E+000
  0.81425682E+000
  0.81425736E+000
  0.81425789E+000
  0.81425841E+000
  0.81425892E+000
