  0.86193873E+000
  0.86194174E+000
  0.86194346E+000
  0.86194437E+000
  0.86194475E+000
  0.86194479E+000
  0.86194460E+000
  0.86194425E+000
  0.86194380E+000
  0.86194329E+000
  0.86194274E+000
  0.86194216E+000
  0.86194157E+000
  0.86194097E+000
  0.86194037E+000
  0.86193977E+000
  0.86193917E+000
  0.86193856E+000
  0.86193796E+000
  0.86193736E+000
  0.86193675E+000
  0.86193613E+000
  0.86193551E+000
  0.86193488E+000
  0.86193425E+000
  0.86193360E+000
  0.86193295E+000
  0.86193229E+000
  0.86193161E+000
  0.86193093E+000
  0.86193024E+000
  0.86192955E+000
  0.86192884E+000
  0.86192814E+000
  0.86192743E+000
  0.86192671E+000
  0.86192600E+000
  0.86192528E+000
  0.86192457E+000
  0.86192386E+000
  0.86192315E+000
  0.86192245E+000
  0.86192176E+000
  0.86192107E+000
  0.86192040E+000
  0.86191973E+000
  0.86191907E+000
  0.86191843E+000
  0.86191779E+000
  0.86191718E+000
  0.86191657E+000
  0.86191599E+000
  0.86191542E+000
  0.86191487E+000
  0.86191434E+000
  0.86191383E+000
  0.86191335E+000
  0.86191289E+000
  0.86191246E+000
  0.86191207E+000
  0.86191170E+000
  0.86191137E+000
  0.86191107E+000
  0.86191082E+000
  0.86191060E+000
  0.86191043E+000
  0.86191031E+000
  0.86191023E+000
  0.86191021E+000
  0.86191023E+000
  0.86191031E+000
  0.86191044E+000
  0.86191062E+000
  0.86191085E+000
  0.86191114E+000
  0.86191147E+000
  0.86191186E+000
  0.86191229E+000
  0.86191276E+000
  0.86191327E+000
  0.86191381E+000
  0.86191439E+000
  0.86191499E+000
  0.86191560E+000
  0.86191624E+000
  0.86191688E+000
  0.86191754E+000
  0.86191819E+000
  0.86191884E+000
  0.86191949E+000
  0.86192012E+000
  0.86192075E+000
  0.86192136E+000
  0.86192195E+000
  0.86192253E+000
  0.86192309E+000
  0.86192363E+000
  0.86192416E+000
  0.86192466E+000
  0.86192515E+000
  0.86192562E+000
  0.86192607E+000
  0.86192651E+000
  0.86192694E+000
  0.86192735E+000
  0.86192774E+000
  0.86192813E+000
  0.86192850E+000
  0.86192887E+000
  0.86192922E+000
  0.86192957E+000
  0.86192991E+000
  0.86193024E+000
  0.86193057E+000
  0.86193089E+000
  0.86193120E+000
  0.86193151E+000
  0.86193181E+000
  0.86193211E+000
  0.86193241E+000
  0.86193270E+000
  0.86193298E+000
  0.86193326E+000
  0.86193354E+000
  0.86193381E+000
  0.86193408E+000
  0.86193434E+000
  0.86193460E+000
  0.86193485E+000
  0.86193510E+000
  0.86193534E+000
  0.86193558E+000
  0.86193581E+000
  0.86193604E+000
  0.86193627E+000
  0.86193648E+000
  0.86193670E+000
  0.86193690E+000
  0.86193710E+000
  0.86193730E+000
  0.86193749E+000
  0.86193767E+000
  0.86193785E+000
  0.86193802E+000
  0.86193818E+000
  0.86193834E+000
  0.86193849E+000
  0.86193864E+000
  0.86193878E+000
  0.86193891E+000
  0.86193904E+000
  0.86193916E+000
  0.86193928E+000
  0.86193939E+000
  0.86193949E+000
  0.86193959E+000
  0.86193968E+000
  0.86193977E+000
  0.86193985E+000
  0.86193992E+000
  0.86193999E+000
  0.86194005E+000
  0.86194011E+000
  0.86194017E+000
  0.86194022E+000
  0.86194026E+000
  0.86194030E+000
  0.86194034E+000
  0.86194037E+000
  0.86194039E+000
  0.86194042E+000
  0.86194044E+000
  0.86194045E+000
  0.86194046E+000
  0.86194047E+000
  0.86194048E+000
  0.86194048E+000
  0.86194048E+000
  0.86194047E+000
  0.86194047E+000
  0.86194046E+000
  0.86194045E+000
  0.86194043E+000
  0.86194042E+000
  0.86194040E+000
  0.86194038E+000
  0.86194036E+000
  0.86194034E+000
  0.86194032E+000
  0.86194029E+000
  0.86194027E+000
  0.86194024E+000
  0.86194021E+000
  0.86194019E+000
  0.86194016E+000
  0.86194013E+000
  0.86194010E+000
  0.86194007E+000
  0.86194004E+000
  0.86194000E+000
