  0.88685064E+000
  0.88685058E+000
  0.88685050E+000
  0.88685040E+000
  0.88685030E+000
  0.88685020E+000
  0.88685010E+000
  0.88685000E+000
  0.88684990E+000
  0.88684980E+000
  0.88684970E+000
  0.88684961E+000
  0.88684951E+000
  0.88684942E+000
  0.88684933E+000
  0.88684923E+000
  0.88684914E+000
  0.88684906E+000
  0.88684897E+000
  0.88684888E+000
  0.88684879E+000
  0.88684870E+000
  0.88684862E+000
  0.88684853E+000
  0.88684844E+000
  0.88684836E+000
  0.88684827E+000
  0.88684818E+000
  0.88684810E+000
  0.88684801E+000
  0.88684792E+000
  0.88684783E+000
  0.88684774E+000
  0.88684765E+000
  0.88684756E+000
  0.88684747E+000
  0.88684737E+000
  0.88684728E+000
  0.88684718E+000
  0.88684708E+000
  0.88684698E+000
  0.88684688E+000
  0.88684677E+000
  0.88684667E+000
  0.88684656E+000
  0.88684644E+000
  0.88684633E+000
  0.88684620E+000
  0.88684608E+000
  0.88684595E+000
  0.88684581E+000
  0.88684567E+000
  0.88684552E+000
  0.88684537E+000
  0.88684521E+000
  0.88684504E+000
  0.88684486E+000
  0.88684467E+000
  0.88684446E+000
  0.88684425E+000
  0.88684402E+000
  0.88684378E+000
  0.88684353E+000
  0.88684326E+000
  0.88684297E+000
  0.88684267E+000
  0.88684234E+000
  0.88684200E+000
  0.88684163E+000
  0.88684124E+000
  0.88684083E+000
  0.88684040E+000
  0.88683994E+000
  0.88683945E+000
  0.88683894E+000
  0.88683840E+000
  0.88683783E+000
  0.88683724E+000
  0.88683661E+000
  0.88683596E+000
  0.88683528E+000
  0.88683457E+000
  0.88683383E+000
  0.88683306E+000
  0.88683226E+000
  0.88683143E+000
  0.88683058E+000
  0.88682970E+000
  0.88682880E+000
  0.88682787E+000
  0.88682691E+000
  0.88682594E+000
  0.88682494E+000
  0.88682392E+000
  0.88682288E+000
  0.88682182E+000
  0.88682075E+000
  0.88681967E+000
  0.88681857E+000
  0.88681746E+000
  0.88681634E+000
  0.88681521E+000
  0.88681407E+000
  0.88681293E+000
  0.88681179E+000
  0.88681065E+000
  0.88680951E+000
  0.88680837E+000
  0.88680724E+000
  0.88680611E+000
  0.88680499E+000
  0.88680388E+000
  0.88680278E+000
  0.88680170E+000
  0.88680063E+000
  0.88679958E+000
  0.88679855E+000
  0.88679754E+000
  0.88679656E+000
  0.88679560E+000
  0.88679466E+000
  0.88679375E+000
  0.88679287E+000
  0.88679202E+000
  0.88679120E+000
  0.88679041E+000
  0.88678966E+000
  0.88678894E+000
  0.88678826E+000
  0.88678761E+000
  0.88678701E+000
  0.88678644E+000
  0.88678591E+000
  0.88678542E+000
  0.88678497E+000
  0.88678455E+000
  0.88678418E+000
  0.88678386E+000
  0.88678357E+000
  0.88678332E+000
  0.88678311E+000
  0.88678294E+000
  0.88678282E+000
  0.88678273E+000
  0.88678268E+000
  0.88678267E+000
  0.88678270E+000
  0.88678276E+000
  0.88678286E+000
  0.88678300E+000
  0.88678317E+000
  0.88678338E+000
  0.88678362E+000
  0.88678389E+000
  0.88678419E+000
  0.88678452E+000
  0.88678487E+000
  0.88678526E+000
  0.88678567E+000
  0.88678610E+000
  0.88678656E+000
  0.88678704E+000
  0.88678754E+000
  0.88678806E+000
  0.88678860E+000
  0.88678916E+000
  0.88678973E+000
  0.88679031E+000
  0.88679091E+000
  0.88679152E+000
  0.88679214E+000
  0.88679277E+000
  0.88679341E+000
  0.88679406E+000
  0.88679471E+000
  0.88679536E+000
  0.88679602E+000
  0.88679669E+000
  0.88679735E+000
  0.88679802E+000
  0.88679868E+000
  0.88679935E+000
  0.88680001E+000
  0.88680067E+000
  0.88680133E+000
  0.88680198E+000
  0.88680263E+000
  0.88680327E+000
  0.88680391E+000
  0.88680454E+000
  0.88680517E+000
  0.88680578E+000
  0.88680639E+000
  0.88680699E+000
  0.88680758E+000
  0.88680816E+000
  0.88680873E+000
  0.88680929E+000
  0.88680984E+000
  0.88681037E+000
