  0.45959661E+000
  0.45959698E+000
  0.45959735E+000
  0.45959772E+000
  0.45959808E+000
  0.45959844E+000
  0.45959880E+000
  0.45959916E+000
  0.45959952E+000
  0.45959988E+000
  0.45960025E+000
  0.45960061E+000
  0.45960098E+000
  0.45960135E+000
  0.45960172E+000
  0.45960210E+000
  0.45960247E+000
  0.45960285E+000
  0.45960324E+000
  0.45960363E+000
  0.45960402E+000
  0.45960442E+000
  0.45960482E+000
  0.45960524E+000
  0.45960565E+000
  0.45960608E+000
  0.45960652E+000
  0.45960696E+000
  0.45960742E+000
  0.45960789E+000
  0.45960836E+000
  0.45960885E+000
  0.45960936E+000
  0.45960987E+000
  0.45961040E+000
  0.45961095E+000
  0.45961151E+000
  0.45961209E+000
  0.45961268E+000
  0.45961329E+000
  0.45961392E+000
  0.45961456E+000
  0.45961522E+000
  0.45961590E+000
  0.45961660E+000
  0.45961732E+000
  0.45961806E+000
  0.45961881E+000
  0.45961959E+000
  0.45962038E+000
  0.45962120E+000
  0.45962203E+000
  0.45962289E+000
  0.45962376E+000
  0.45962465E+000
  0.45962556E+000
  0.45962649E+000
  0.45962743E+000
  0.45962840E+000
  0.45962938E+000
  0.45963037E+000
  0.45963138E+000
  0.45963241E+000
  0.45963345E+000
  0.45963451E+000
  0.45963557E+000
  0.45963665E+000
  0.45963774E+000
  0.45963885E+000
  0.45963996E+000
  0.45964108E+000
  0.45964221E+000
  0.45964334E+000
  0.45964448E+000
  0.45964563E+000
  0.45964678E+000
  0.45964794E+000
  0.45964909E+000
  0.45965025E+000
  0.45965141E+000
  0.45965257E+000
  0.45965374E+000
  0.45965489E+000
  0.45965605E+000
  0.45965721E+000
  0.45965836E+000
  0.45965951E+000
  0.45966065E+000
  0.45966179E+000
  0.45966293E+000
  0.45966406E+000
  0.45966519E+000
  0.45966631E+000
  0.45966743E+000
  0.45966855E+000
  0.45966966E+000
  0.45967077E+000
  0.45967188E+000
  0.45967299E+000
  0.45967409E+000
  0.45967520E+000
  0.45967631E+000
  0.45967742E+000
  0.45967853E+000
  0.45967965E+000
  0.45968077E+000
  0.45968190E+000
  0.45968304E+000
  0.45968418E+000
  0.45968534E+000
  0.45968650E+000
  0.45968768E+000
  0.45968887E+000
  0.45969008E+000
  0.45969130E+000
  0.45969254E+000
  0.45969379E+000
  0.45969507E+000
  0.45969636E+000
  0.45969767E+000
  0.45969901E+000
  0.45970037E+000
  0.45970175E+000
  0.45970315E+000
  0.45970458E+000
  0.45970603E+000
  0.45970750E+000
  0.45970901E+000
  0.45971053E+000
  0.45971209E+000
  0.45971367E+000
  0.45971527E+000
  0.45971690E+000
  0.45971856E+000
  0.45972024E+000
  0.45972195E+000
  0.45972369E+000
  0.45972545E+000
  0.45972723E+000
  0.45972904E+000
  0.45973087E+000
  0.45973272E+000
  0.45973459E+000
  0.45973649E+000
  0.45973840E+000
  0.45974033E+000
  0.45974229E+000
  0.45974425E+000
  0.45974624E+000
  0.45974824E+000
  0.45975025E+000
  0.45975227E+000
  0.45975431E+000
  0.45975635E+000
  0.45975840E+000
  0.45976046E+000
  0.45976253E+000
  0.45976460E+000
  0.45976667E+000
  0.45976874E+000
  0.45977081E+000
  0.45977288E+000
  0.45977495E+000
  0.45977701E+000
  0.45977907E+000
  0.45978112E+000
  0.45978316E+000
  0.45978519E+000
  0.45978721E+000
  0.45978922E+000
  0.45979121E+000
  0.45979319E+000
  0.45979515E+000
  0.45979709E+000
  0.45979902E+000
  0.45980092E+000
  0.45980281E+000
  0.45980467E+000
  0.45980651E+000
  0.45980833E+000
  0.45981012E+000
  0.45981189E+000
  0.45981363E+000
  0.45981534E+000
  0.45981703E+000
  0.45981869E+000
  0.45982032E+000
  0.45982192E+000
  0.45982349E+000
  0.45982504E+000
  0.45982655E+000
  0.45982803E+000
  0.45982948E+000
  0.45983090E+000
  0.45983229E+000
  0.45983365E+000
  0.45983497E+000
  0.45983627E+000
  0.45983753E+000
  0.45983876E+000
