  0.35685431E+000
  0.35685388E+000
  0.35685378E+000
  0.35685392E+000
  0.35685423E+000
  0.35685465E+000
  0.35685514E+000
  0.35685569E+000
  0.35685627E+000
  0.35685687E+000
  0.35685749E+000
  0.35685813E+000
  0.35685877E+000
  0.35685942E+000
  0.35686008E+000
  0.35686075E+000
  0.35686143E+000
  0.35686212E+000
  0.35686281E+000
  0.35686351E+000
  0.35686423E+000
  0.35686496E+000
  0.35686570E+000
  0.35686645E+000
  0.35686722E+000
  0.35686801E+000
  0.35686882E+000
  0.35686964E+000
  0.35687049E+000
  0.35687136E+000
  0.35687224E+000
  0.35687316E+000
  0.35687409E+000
  0.35687505E+000
  0.35687604E+000
  0.35687706E+000
  0.35687810E+000
  0.35687917E+000
  0.35688027E+000
  0.35688140E+000
  0.35688256E+000
  0.35688375E+000
  0.35688497E+000
  0.35688622E+000
  0.35688751E+000
  0.35688883E+000
  0.35689018E+000
  0.35689157E+000
  0.35689299E+000
  0.35689444E+000
  0.35689592E+000
  0.35689744E+000
  0.35689899E+000
  0.35690057E+000
  0.35690219E+000
  0.35690383E+000
  0.35690550E+000
  0.35690720E+000
  0.35690893E+000
  0.35691069E+000
  0.35691247E+000
  0.35691428E+000
  0.35691610E+000
  0.35691795E+000
  0.35691982E+000
  0.35692170E+000
  0.35692360E+000
  0.35692552E+000
  0.35692745E+000
  0.35692938E+000
  0.35693133E+000
  0.35693328E+000
  0.35693524E+000
  0.35693721E+000
  0.35693917E+000
  0.35694114E+000
  0.35694310E+000
  0.35694506E+000
  0.35694702E+000
  0.35694897E+000
  0.35695092E+000
  0.35695286E+000
  0.35695479E+000
  0.35695671E+000
  0.35695862E+000
  0.35696052E+000
  0.35696241E+000
  0.35696428E+000
  0.35696615E+000
  0.35696800E+000
  0.35696984E+000
  0.35697166E+000
  0.35697347E+000
  0.35697527E+000
  0.35697706E+000
  0.35697884E+000
  0.35698060E+000
  0.35698235E+000
  0.35698410E+000
  0.35698583E+000
  0.35698755E+000
  0.35698926E+000
  0.35699097E+000
  0.35699267E+000
  0.35699436E+000
  0.35699604E+000
  0.35699773E+000
  0.35699941E+000
  0.35700109E+000
  0.35700276E+000
  0.35700444E+000
  0.35700612E+000
  0.35700781E+000
  0.35700950E+000
  0.35701120E+000
  0.35701290E+000
  0.35701461E+000
  0.35701633E+000
  0.35701807E+000
  0.35701981E+000
  0.35702157E+000
  0.35702334E+000
  0.35702513E+000
  0.35702694E+000
  0.35702877E+000
  0.35703061E+000
  0.35703247E+000
  0.35703435E+000
  0.35703626E+000
  0.35703818E+000
  0.35704013E+000
  0.35704210E+000
  0.35704409E+000
  0.35704611E+000
  0.35704815E+000
  0.35705021E+000
  0.35705230E+000
  0.35705441E+000
  0.35705654E+000
  0.35705870E+000
  0.35706088E+000
  0.35706308E+000
  0.35706530E+000
  0.35706755E+000
  0.35706981E+000
  0.35707210E+000
  0.35707440E+000
  0.35707672E+000
  0.35707906E+000
  0.35708141E+000
  0.35708378E+000
  0.35708617E+000
  0.35708856E+000
  0.35709097E+000
  0.35709339E+000
  0.35709581E+000
  0.35709825E+000
  0.35710069E+000
  0.35710313E+000
  0.35710558E+000
  0.35710802E+000
  0.35711047E+000
  0.35711292E+000
  0.35711536E+000
  0.35711780E+000
  0.35712023E+000
  0.35712265E+000
  0.35712507E+000
  0.35712747E+000
  0.35712986E+000
  0.35713223E+000
  0.35713460E+000
  0.35713694E+000
  0.35713927E+000
  0.35714157E+000
  0.35714386E+000
  0.35714612E+000
  0.35714836E+000
  0.35715058E+000
  0.35715277E+000
  0.35715493E+000
  0.35715707E+000
  0.35715918E+000
  0.35716126E+000
  0.35716330E+000
  0.35716532E+000
  0.35716731E+000
  0.35716926E+000
  0.35717118E+000
  0.35717306E+000
  0.35717491E+000
  0.35717673E+000
  0.35717851E+000
  0.35718026E+000
  0.35718197E+000
  0.35718364E+000
  0.35718528E+000
  0.35718688E+000
  0.35718844E+000
  0.35718997E+000
