  0.15761760E+000  0.20494725E+000  0.39911814E+000  0.60098627E+000  0.91351912E+000  0.10528233E+001  0.15622428E+001  0.34607313E+001  0.50312751E+001  0.86250062E+001  0.13804039E+002
  0.15761760E+000  0.20494729E+000  0.39911821E+000  0.60098627E+000  0.91351913E+000  0.10528233E+001  0.15622428E+001  0.34607314E+001  0.50312752E+001  0.86250079E+001  0.13804039E+002
  0.15761760E+000  0.20494733E+000  0.39911822E+000  0.60098627E+000  0.91351915E+000  0.10528233E+001  0.15622427E+001  0.34607315E+001  0.50312753E+001  0.86250088E+001  0.13804039E+002
  0.15761760E+000  0.20494736E+000  0.39911822E+000  0.60098627E+000  0.91351916E+000  0.10528233E+001  0.15622426E+001  0.34607316E+001  0.50312754E+001  0.86250093E+001  0.13804039E+002
  0.15761760E+000  0.20494739E+000  0.39911822E+000  0.60098627E+000  0.91351916E+000  0.10528233E+001  0.15622424E+001  0.34607317E+001  0.50312755E+001  0.86250096E+001  0.13804039E+002
  0.15761760E+000  0.20494742E+000  0.39911821E+000  0.60098627E+000  0.91351917E+000  0.10528233E+001  0.15622422E+001  0.34607318E+001  0.50312756E+001  0.86250097E+001  0.13804039E+002
  0.15761760E+000  0.20494743E+000  0.39911820E+000  0.60098627E+000  0.91351918E+000  0.10528233E+001  0.15622420E+001  0.34607319E+001  0.50312757E+001  0.86250098E+001  0.13804039E+002
  0.15761760E+000  0.20494745E+000  0.39911818E+000  0.60098627E+000  0.91351918E+000  0.10528233E+001  0.15622417E+001  0.34607321E+001  0.50312758E+001  0.86250099E+001  0.13804039E+002
  0.15761760E+000  0.20494746E+000  0.39911817E+000  0.60098627E+000  0.91351919E+000  0.10528233E+001  0.15622414E+001  0.34607323E+001  0.50312759E+001  0.86250100E+001  0.13804039E+002
  0.15761760E+000  0.20494746E+000  0.39911816E+000  0.60098627E+000  0.91351919E+000  0.10528233E+001  0.15622411E+001  0.34607325E+001  0.50312760E+001  0.86250101E+001  0.13804040E+002
  0.15761760E+000  0.20494747E+000  0.39911814E+000  0.60098627E+000  0.91351919E+000  0.10528233E+001  0.15622407E+001  0.34607327E+001  0.50312762E+001  0.86250101E+001  0.13804040E+002
  0.15761760E+000  0.20494747E+000  0.39911813E+000  0.60098626E+000  0.91351920E+000  0.10528233E+001  0.15622404E+001  0.34607329E+001  0.50312763E+001  0.86250102E+001  0.13804040E+002
  0.15761760E+000  0.20494748E+000  0.39911811E+000  0.60098626E+000  0.91351920E+000  0.10528233E+001  0.15622401E+001  0.34607331E+001  0.50312764E+001  0.86250102E+001  0.13804040E+002
  0.15761760E+000  0.20494748E+000  0.39911810E+000  0.60098626E+000  0.91351921E+000  0.10528233E+001  0.15622398E+001  0.34607333E+001  0.50312765E+001  0.86250103E+001  0.13804040E+002
  0.15761760E+000  0.20494748E+000  0.39911809E+000  0.60098626E+000  0.91351921E+000  0.10528233E+001  0.15622395E+001  0.34607336E+001  0.50312766E+001  0.86250103E+001  0.13804040E+002
  0.15761760E+000  0.20494748E+000  0.39911808E+000  0.60098626E+000  0.91351922E+000  0.10528233E+001  0.15622392E+001  0.34607338E+001  0.50312767E+001  0.86250104E+001  0.13804040E+002
  0.15761760E+000  0.20494748E+000  0.39911807E+000  0.60098626E+000  0.91351922E+000  0.10528233E+001  0.15622390E+001  0.34607341E+001  0.50312768E+001  0.86250105E+001  0.13804040E+002
  0.15761760E+000  0.20494748E+000  0.39911806E+000  0.60098626E+000  0.91351922E+000  0.10528233E+001  0.15622388E+001  0.34607343E+001  0.50312769E+001  0.86250105E+001  0.13804040E+002
  0.15761760E+000  0.20494749E+000  0.39911805E+000  0.60098626E+000  0.91351923E+000  0.10528233E+001  0.15622386E+001  0.34607346E+001  0.50312771E+001  0.86250106E+001  0.13804040E+002
  0.15761760E+000  0.20494749E+000  0.39911804E+000  0.60098626E+000  0.91351923E+000  0.10528233E+001  0.15622384E+001  0.34607349E+001  0.50312772E+001  0.86250107E+001  0.13804040E+002
  0.15761760E+000  0.20494749E+000  0.39911804E+000  0.60098626E+000  0.91351924E+000  0.10528233E+001  0.15622383E+001  0.34607352E+001  0.50312773E+001  0.86250107E+001  0.13804040E+002
  0.15761760E+000  0.20494749E+000  0.39911803E+000  0.60098626E+000  0.91351924E+000  0.10528233E+001  0.15622382E+001  0.34607356E+001  0.50312774E+001  0.86250108E+001  0.13804040E+002
  0.15761760E+000  0.20494749E+000  0.39911803E+000  0.60098626E+000  0.91351925E+000  0.10528233E+001  0.15622382E+001  0.34607359E+001  0.50312776E+001  0.86250109E+001  0.13804040E+002
  0.15761760E+000  0.20494749E+000  0.39911803E+000  0.60098626E+000  0.91351925E+000  0.10528233E+001  0.15622381E+001  0.34607363E+001  0.50312777E+001  0.86250109E+001  0.13804040E+002
  0.15761760E+000  0.20494749E+000  0.39911802E+000  0.60098626E+000  0.91351926E+000  0.10528233E+001  0.15622381E+001  0.34607366E+001  0.50312778E+001  0.86250110E+001  0.13804040E+002
  0.15761760E+000  0.20494749E+000  0.39911802E+000  0.60098626E+000  0.91351926E+000  0.10528233E+001  0.15622382E+001  0.34607370E+001  0.50312780E+001  0.86250111E+001  0.13804040E+002
  0.15761760E+000  0.20494750E+000  0.39911803E+000  0.60098626E+000  0.91351927E+000  0.10528233E+001  0.15622382E+001  0.34607375E+001  0.50312781E+001  0.86250112E+001  0.13804040E+002
  0.15761760E+000  0.20494750E+000  0.39911803E+000  0.60098626E+000  0.91351927E+000  0.10528233E+001  0.15622383E+001  0.34607379E+001  0.50312783E+001  0.86250113E+001  0.13804040E+002
  0.15761760E+000  0.20494750E+000  0.39911803E+000  0.60098625E+000  0.91351928E+000  0.10528233E+001  0.15622384E+001  0.34607384E+001  0.50312784E+001  0.86250113E+001  0.13804040E+002
  0.15761760E+000  0.20494750E+000  0.39911804E+000  0.60098625E+000  0.91351929E+000  0.10528233E+001  0.15622385E+001  0.34607389E+001  0.50312786E+001  0.86250114E+001  0.13804040E+002
  0.15761760E+000  0.20494750E+000  0.39911805E+000  0.60098625E+000  0.91351929E+000  0.10528233E+001  0.15622386E+001  0.34607394E+001  0.50312788E+001  0.86250115E+001  0.13804040E+002
  0.15761760E+000  0.20494751E+000  0.39911806E+000  0.60098625E+000  0.91351930E+000  0.10528233E+001  0.15622387E+001  0.34607399E+001  0.50312789E+001  0.86250116E+001  0.13804040E+002
  0.15761760E+000  0.20494751E+000  0.39911807E+000  0.60098625E+000  0.91351931E+000  0.10528233E+001  0.15622389E+001  0.34607405E+001  0.50312791E+001  0.86250117E+001  0.13804040E+002
  0.15761760E+000  0.20494751E+000  0.39911808E+000  0.60098625E+000  0.91351932E+000  0.10528233E+001  0.15622390E+001  0.34607411E+001  0.50312793E+001  0.86250118E+001  0.13804040E+002
  0.15761760E+000  0.20494752E+000  0.39911810E+000  0.60098625E+000  0.91351932E+000  0.10528233E+001  0.15622392E+001  0.34607418E+001  0.50312795E+001  0.86250119E+001  0.13804040E+002
  0.15761760E+000  0.20494752E+000  0.39911811E+000  0.60098626E+000  0.91351933E+000  0.10528233E+001  0.15622394E+001  0.34607425E+001  0.50312797E+001  0.86250120E+001  0.13804040E+002
  0.15761760E+000  0.20494752E+000  0.39911813E+000  0.60098626E+000  0.91351934E+000  0.10528233E+001  0.15622396E+001  0.34607432E+001  0.50312799E+001  0.86250122E+001  0.13804040E+002
  0.15761760E+000  0.20494753E+000  0.39911815E+000  0.60098626E+000  0.91351935E+000  0.10528233E+001  0.15622398E+001  0.34607440E+001  0.50312801E+001  0.86250123E+001  0.13804040E+002
  0.15761760E+000  0.20494753E+000  0.39911818E+000  0.60098626E+000  0.91351936E+000  0.10528233E+001  0.15622400E+001  0.34607447E+001  0.50312803E+001  0.86250124E+001  0.13804040E+002
  0.15761760E+000  0.20494754E+000  0.39911821E+000  0.60098626E+000  0.91351938E+000  0.10528233E+001  0.15622402E+001  0.34607456E+001  0.50312805E+001  0.86250125E+001  0.13804040E+002
  0.15761761E+000  0.20494754E+000  0.39911823E+000  0.60098626E+000  0.91351939E+000  0.10528233E+001  0.15622405E+001  0.34607464E+001  0.50312808E+001  0.86250127E+001  0.13804040E+002
  0.15761761E+000  0.20494755E+000  0.39911827E+000  0.60098626E+000  0.91351940E+000  0.10528233E+001  0.15622408E+001  0.34607474E+001  0.50312810E+001  0.86250128E+001  0.13804040E+002
  0.15761761E+000  0.20494755E+000  0.39911830E+000  0.60098626E+000  0.91351942E+000  0.10528233E+001  0.15622411E+001  0.34607483E+001  0.50312813E+001  0.86250130E+001  0.13804040E+002
  0.15761761E+000  0.20494756E+000  0.39911834E+000  0.60098626E+000  0.91351943E+000  0.10528233E+001  0.15622415E+001  0.34607493E+001  0.50312816E+001  0.86250131E+001  0.13804040E+002
  0.15761761E+000  0.20494757E+000  0.39911838E+000  0.60098626E+000  0.91351945E+000  0.10528233E+001  0.15622419E+001  0.34607502E+001  0.50312818E+001  0.86250133E+001  0.13804040E+002
  0.15761761E+000  0.20494757E+000  0.39911843E+000  0.60098626E+000  0.91351946E+000  0.10528233E+001  0.15622423E+001  0.34607513E+001  0.50312821E+001  0.86250135E+001  0.13804040E+002
  0.15761761E+000  0.20494758E+000  0.39911848E+000  0.60098626E+000  0.91351948E+000  0.10528233E+001  0.15622428E+001  0.34607523E+001  0.50312824E+001  0.86250136E+001  0.13804040E+002
  0.15761761E+000  0.20494759E+000  0.39911853E+000  0.60098627E+000  0.91351950E+000  0.10528233E+001  0.15622433E+001  0.34607534E+001  0.50312828E+001  0.86250138E+001  0.13804040E+002
  0.15761761E+000  0.20494760E+000  0.39911859E+000  0.60098627E+000  0.91351952E+000  0.10528233E+001  0.15622438E+001  0.34607545E+001  0.50312831E+001  0.86250140E+001  0.13804040E+002
  0.15761761E+000  0.20494761E+000  0.39911865E+000  0.60098627E+000  0.91351955E+000  0.10528233E+001  0.15622444E+001  0.34607556E+001  0.50312834E+001  0.86250142E+001  0.13804040E+002
  0.15761761E+000  0.20494762E+000  0.39911871E+000  0.60098627E+000  0.91351957E+000  0.10528233E+001  0.15622451E+001  0.34607567E+001  0.50312838E+001  0.86250144E+001  0.13804040E+002
  0.15761761E+000  0.20494763E+000  0.39911878E+000  0.60098627E+000  0.91351959E+000  0.10528233E+001  0.15622458E+001  0.34607578E+001  0.50312842E+001  0.86250146E+001  0.13804040E+002
  0.15761761E+000  0.20494765E+000  0.39911885E+000  0.60098628E+000  0.91351962E+000  0.10528233E+001  0.15622466E+001  0.34607590E+001  0.50312846E+001  0.86250148E+001  0.13804040E+002
  0.15761761E+000  0.20494766E+000  0.39911893E+000  0.60098628E+000  0.91351965E+000  0.10528233E+001  0.15622474E+001  0.34607601E+001  0.50312850E+001  0.86250151E+001  0.13804040E+002
  0.15761761E+000  0.20494768E+000  0.39911901E+000  0.60098628E+000  0.91351967E+000  0.10528233E+001  0.15622484E+001  0.34607613E+001  0.50312854E+001  0.86250153E+001  0.13804041E+002
  0.15761761E+000  0.20494769E+000  0.39911909E+000  0.60098629E+000  0.91351970E+000  0.10528233E+001  0.15622493E+001  0.34607625E+001  0.50312859E+001  0.86250156E+001  0.13804041E+002
  0.15761761E+000  0.20494771E+000  0.39911918E+000  0.60098629E+000  0.91351974E+000  0.10528233E+001  0.15622504E+001  0.34607637E+001  0.50312864E+001  0.86250158E+001  0.13804041E+002
  0.15761761E+000  0.20494773E+000  0.39911927E+000  0.60098629E+000  0.91351977E+000  0.10528233E+001  0.15622515E+001  0.34607650E+001  0.50312869E+001  0.86250161E+001  0.13804041E+002
  0.15761761E+000  0.20494775E+000  0.39911936E+000  0.60098630E+000  0.91351980E+000  0.10528233E+001  0.15622527E+001  0.34607662E+001  0.50312874E+001  0.86250164E+001  0.13804041E+002
  0.15761761E+000  0.20494777E+000  0.39911946E+000  0.60098630E+000  0.91351984E+000  0.10528233E+001  0.15622540E+001  0.34607675E+001  0.50312880E+001  0.86250167E+001  0.13804041E+002
  0.15761761E+000  0.20494779E+000  0.39911956E+000  0.60098631E+000  0.91351987E+000  0.10528233E+001  0.15622553E+001  0.34607688E+001  0.50312886E+001  0.86250170E+001  0.13804041E+002
  0.15761761E+000  0.20494781E+000  0.39911967E+000  0.60098631E+000  0.91351991E+000  0.10528233E+001  0.15622568E+001  0.34607701E+001  0.50312892E+001  0.86250173E+001  0.13804041E+002
  0.15761762E+000  0.20494783E+000  0.39911978E+000  0.60098632E+000  0.91351994E+000  0.10528233E+001  0.15622583E+001  0.34607715E+001  0.50312898E+001  0.86250176E+001  0.13804041E+002
  0.15761762E+000  0.20494786E+000  0.39911989E+000  0.60098632E+000  0.91351998E+000  0.10528233E+001  0.15622598E+001  0.34607729E+001  0.50312905E+001  0.86250180E+001  0.13804041E+002
  0.15761762E+000  0.20494789E+000  0.39912000E+000  0.60098633E+000  0.91352002E+000  0.10528233E+001  0.15622615E+001  0.34607744E+001  0.50312912E+001  0.86250183E+001  0.13804041E+002
  0.15761762E+000  0.20494791E+000  0.39912012E+000  0.60098634E+000  0.91352006E+000  0.10528233E+001  0.15622632E+001  0.34607759E+001  0.50312920E+001  0.86250187E+001  0.13804041E+002
  0.15761762E+000  0.20494794E+000  0.39912024E+000  0.60098634E+000  0.91352010E+000  0.10528233E+001  0.15622649E+001  0.34607774E+001  0.50312927E+001  0.86250191E+001  0.13804041E+002
  0.15761762E+000  0.20494797E+000  0.39912036E+000  0.60098635E+000  0.91352014E+000  0.10528233E+001  0.15622668E+001  0.34607790E+001  0.50312936E+001  0.86250195E+001  0.13804041E+002
  0.15761762E+000  0.20494800E+000  0.39912049E+000  0.60098636E+000  0.91352019E+000  0.10528233E+001  0.15622686E+001  0.34607807E+001  0.50312944E+001  0.86250199E+001  0.13804041E+002
  0.15761762E+000  0.20494804E+000  0.39912062E+000  0.60098636E+000  0.91352023E+000  0.10528233E+001  0.15622705E+001  0.34607824E+001  0.50312954E+001  0.86250204E+001  0.13804041E+002
  0.15761762E+000  0.20494807E+000  0.39912075E+000  0.60098637E+000  0.91352027E+000  0.10528233E+001  0.15622725E+001  0.34607842E+001  0.50312963E+001  0.86250209E+001  0.13804041E+002
  0.15761762E+000  0.20494811E+000  0.39912088E+000  0.60098638E+000  0.91352031E+000  0.10528233E+001  0.15622744E+001  0.34607861E+001  0.50312973E+001  0.86250213E+001  0.13804041E+002
  0.15761762E+000  0.20494814E+000  0.39912102E+000  0.60098639E+000  0.91352036E+000  0.10528233E+001  0.15622764E+001  0.34607880E+001  0.50312984E+001  0.86250218E+001  0.13804041E+002
  0.15761762E+000  0.20494818E+000  0.39912116E+000  0.60098639E+000  0.91352040E+000  0.10528233E+001  0.15622784E+001  0.34607901E+001  0.50312995E+001  0.86250224E+001  0.13804041E+002
  0.15761762E+000  0.20494822E+000  0.39912130E+000  0.60098640E+000  0.91352044E+000  0.10528233E+001  0.15622805E+001  0.34607922E+001  0.50313007E+001  0.86250229E+001  0.13804041E+002
  0.15761763E+000  0.20494826E+000  0.39912144E+000  0.60098641E+000  0.91352049E+000  0.10528233E+001  0.15622825E+001  0.34607944E+001  0.50313019E+001  0.86250235E+001  0.13804042E+002
  0.15761763E+000  0.20494830E+000  0.39912159E+000  0.60098642E+000  0.91352053E+000  0.10528233E+001  0.15622846E+001  0.34607967E+001  0.50313032E+001  0.86250241E+001  0.13804042E+002
  0.15761763E+000  0.20494834E+000  0.39912173E+000  0.60098643E+000  0.91352058E+000  0.10528233E+001  0.15622866E+001  0.34607991E+001  0.50313046E+001  0.86250247E+001  0.13804042E+002
  0.15761763E+000  0.20494838E+000  0.39912188E+000  0.60098644E+000  0.91352062E+000  0.10528233E+001  0.15622887E+001  0.34608061E+001  0.50313060E+001  0.86250254E+001  0.13804042E+002
  0.15761763E+000  0.20494843E+000  0.39912204E+000  0.60098645E+000  0.91352067E+000  0.10528233E+001  0.15622907E+001  0.34608222E+001  0.50313074E+001  0.86250261E+001  0.13804042E+002
  0.15761763E+000  0.20494847E+000  0.39912219E+000  0.60098646E+000  0.91352071E+000  0.10528233E+001  0.15622928E+001  0.34608389E+001  0.50313090E+001  0.86250268E+001  0.13804042E+002
  0.15761763E+000  0.20494852E+000  0.39912235E+000  0.60098647E+000  0.91352076E+000  0.10528233E+001  0.15622948E+001  0.34608563E+001  0.50313105E+001  0.86250275E+001  0.13804042E+002
  0.15761763E+000  0.20494857E+000  0.39912251E+000  0.60098648E+000  0.91352080E+000  0.10528233E+001  0.15622969E+001  0.34608701E+001  0.50313122E+001  0.86250283E+001  0.13804042E+002
  0.15761763E+000  0.20494861E+000  0.39912267E+000  0.60098649E+000  0.91352085E+000  0.10528233E+001  0.15622990E+001  0.34608791E+001  0.50313139E+001  0.86250291E+001  0.13804042E+002
  0.15761763E+000  0.20494866E+000  0.39912284E+000  0.60098650E+000  0.91352089E+000  0.10528233E+001  0.15623011E+001  0.34608884E+001  0.50313157E+001  0.86250299E+001  0.13804042E+002
  0.15761764E+000  0.20494871E+000  0.39912300E+000  0.60098651E+000  0.91352094E+000  0.10528233E+001  0.15623031E+001  0.34608981E+001  0.50313176E+001  0.86250308E+001  0.13804042E+002
  0.15761764E+000  0.20494876E+000  0.39912317E+000  0.60098652E+000  0.91352098E+000  0.10528234E+001  0.15623052E+001  0.34609082E+001  0.50313195E+001  0.86250317E+001  0.13804042E+002
  0.15761764E+000  0.20494882E+000  0.39912334E+000  0.60098653E+000  0.91352103E+000  0.10528234E+001  0.15623073E+001  0.34609186E+001  0.50313215E+001  0.86250327E+001  0.13804042E+002
  0.15761764E+000  0.20494887E+000  0.39912352E+000  0.60098655E+000  0.91352107E+000  0.10528234E+001  0.15623094E+001  0.34609294E+001  0.50313236E+001  0.86250336E+001  0.13804042E+002
  0.15761764E+000  0.20494893E+000  0.39912369E+000  0.60098656E+000  0.91352112E+000  0.10528234E+001  0.15623116E+001  0.34609406E+001  0.50313258E+001  0.86250347E+001  0.13804042E+002
  0.15761764E+000  0.20494898E+000  0.39912387E+000  0.60098657E+000  0.91352116E+000  0.10528234E+001  0.15623137E+001  0.34609521E+001  0.50313280E+001  0.86250358E+001  0.13804042E+002
  0.15761764E+000  0.20494904E+000  0.39912404E+000  0.60098658E+000  0.91352121E+000  0.10528234E+001  0.15623159E+001  0.34609639E+001  0.50313303E+001  0.86250369E+001  0.13804042E+002
  0.15761764E+000  0.20494910E+000  0.39912422E+000  0.60098659E+000  0.91352125E+000  0.10528234E+001  0.15623180E+001  0.34609761E+001  0.50313327E+001  0.86250380E+001  0.13804042E+002
  0.15761765E+000  0.20494916E+000  0.39912440E+000  0.60098661E+000  0.91352130E+000  0.10528234E+001  0.15623202E+001  0.34609887E+001  0.50313351E+001  0.86250393E+001  0.13804043E+002
  0.15761765E+000  0.20494922E+000  0.39912459E+000  0.60098662E+000  0.91352134E+000  0.10528234E+001  0.15623224E+001  0.34610016E+001  0.50313376E+001  0.86250405E+001  0.13804043E+002
  0.15761765E+000  0.20494928E+000  0.39912477E+000  0.60098663E+000  0.91352139E+000  0.10528234E+001  0.15623247E+001  0.34610148E+001  0.50313403E+001  0.86250419E+001  0.13804043E+002
  0.15761765E+000  0.20494934E+000  0.39912495E+000  0.60098665E+000  0.91352144E+000  0.10528234E+001  0.15623269E+001  0.34610284E+001  0.50313430E+001  0.86250432E+001  0.13804043E+002
  0.15761765E+000  0.20494940E+000  0.39912514E+000  0.60098666E+000  0.91352148E+000  0.10528234E+001  0.15623292E+001  0.34610423E+001  0.50313457E+001  0.86250447E+001  0.13804043E+002
  0.15761765E+000  0.20494947E+000  0.39912533E+000  0.60098667E+000  0.91352153E+000  0.10528234E+001  0.15623314E+001  0.34610565E+001  0.50313486E+001  0.86250462E+001  0.13804043E+002
  0.15761765E+000  0.20494953E+000  0.39912551E+000  0.60098668E+000  0.91352157E+000  0.10528234E+001  0.15623337E+001  0.34611039E+001  0.50313515E+001  0.86250477E+001  0.13804043E+002
  0.15761765E+000  0.20494960E+000  0.39912570E+000  0.60098670E+000  0.91352162E+000  0.10528234E+001  0.15623360E+001  0.34611564E+001  0.50313545E+001  0.86250494E+001  0.13804043E+002
  0.15761766E+000  0.20494967E+000  0.39912589E+000  0.60098671E+000  0.91352166E+000  0.10528234E+001  0.15623384E+001  0.34612099E+001  0.50313577E+001  0.86250511E+001  0.13804043E+002
  0.15761766E+000  0.20494973E+000  0.39912608E+000  0.60098673E+000  0.91352171E+000  0.10528234E+001  0.15623407E+001  0.34612645E+001  0.50313831E+001  0.86250528E+001  0.13804043E+002
  0.15761766E+000  0.20494980E+000  0.39912627E+000  0.60098674E+000  0.91352175E+000  0.10528234E+001  0.15623431E+001  0.34613232E+001  0.50313909E+001  0.86250547E+001  0.13804043E+002
  0.15761766E+000  0.20494987E+000  0.39912646E+000  0.60098675E+000  0.91352180E+000  0.10528235E+001  0.15623454E+001  0.34614181E+001  0.50313990E+001  0.86250566E+001  0.13804043E+002
  0.15761766E+000  0.20494994E+000  0.39912665E+000  0.60098727E+000  0.91352184E+000  0.10528235E+001  0.15623478E+001  0.34615146E+001  0.50314073E+001  0.86250586E+001  0.13804043E+002
  0.15761766E+000  0.20495001E+000  0.39912684E+000  0.60098796E+000  0.91352189E+000  0.10528235E+001  0.15623502E+001  0.34615768E+001  0.50314157E+001  0.86250607E+001  0.13804043E+002
  0.15761766E+000  0.20495008E+000  0.39912703E+000  0.60098865E+000  0.91352193E+000  0.10528235E+001  0.15623526E+001  0.34615873E+001  0.50314244E+001  0.86250628E+001  0.13804043E+002
  0.15761766E+000  0.20495015E+000  0.39912722E+000  0.60098934E+000  0.91352197E+000  0.10528235E+001  0.15623549E+001  0.34615978E+001  0.50314332E+001  0.86250651E+001  0.13804044E+002
  0.15761767E+000  0.20495022E+000  0.39912741E+000  0.60099004E+000  0.91352202E+000  0.10528235E+001  0.15623573E+001  0.34616086E+001  0.50314423E+001  0.86250674E+001  0.13804044E+002
  0.15761767E+000  0.20495029E+000  0.39912760E+000  0.60099073E+000  0.91352206E+000  0.10528235E+001  0.15623597E+001  0.34616903E+001  0.50314515E+001  0.86250698E+001  0.13804044E+002
  0.15761767E+000  0.20495036E+000  0.39912779E+000  0.60099142E+000  0.91352210E+000  0.10528235E+001  0.15623621E+001  0.34618083E+001  0.50314609E+001  0.86250723E+001  0.13804044E+002
  0.15761767E+000  0.20495043E+000  0.39912798E+000  0.60099211E+000  0.91352215E+000  0.10528235E+001  0.15623645E+001  0.34620710E+001  0.50314705E+001  0.86250749E+001  0.13804044E+002
  0.15761767E+000  0.20495050E+000  0.39912817E+000  0.60099280E+000  0.91352219E+000  0.10528235E+001  0.15623669E+001  0.34623260E+001  0.50314803E+001  0.86250776E+001  0.13804044E+002
  0.15761767E+000  0.20495056E+000  0.39912836E+000  0.60099349E+000  0.91352223E+000  0.10528235E+001  0.15623693E+001  0.34623423E+001  0.50314903E+001  0.86250804E+001  0.13804044E+002
  0.15761767E+000  0.20495063E+000  0.39912855E+000  0.60099418E+000  0.91352227E+000  0.10528235E+001  0.15623717E+001  0.34625418E+001  0.50315004E+001  0.86250833E+001  0.13804044E+002
  0.15761767E+000  0.20495070E+000  0.39912874E+000  0.60099487E+000  0.91352231E+000  0.10528235E+001  0.15623740E+001  0.34626066E+001  0.50315107E+001  0.86250863E+001  0.13804044E+002
  0.15761767E+000  0.20495076E+000  0.39912893E+000  0.60099555E+000  0.91352235E+000  0.10528235E+001  0.15623764E+001  0.34626130E+001  0.50315211E+001  0.86250893E+001  0.13804044E+002
  0.15761767E+000  0.20495083E+000  0.39912911E+000  0.60099623E+000  0.91352239E+000  0.10528235E+001  0.15623788E+001  0.34626194E+001  0.50315317E+001  0.86250925E+001  0.13804045E+002
  0.15761768E+000  0.20495089E+000  0.39912930E+000  0.60099690E+000  0.91352243E+000  0.10528235E+001  0.15623811E+001  0.34626258E+001  0.50315425E+001  0.86250958E+001  0.13804045E+002
  0.15761768E+000  0.20495096E+000  0.39912949E+000  0.60099758E+000  0.91352246E+000  0.10528235E+001  0.15623834E+001  0.34626323E+001  0.50315533E+001  0.86250991E+001  0.13804045E+002
  0.15761768E+000  0.20495102E+000  0.39912967E+000  0.60099824E+000  0.91352250E+000  0.10528235E+001  0.15623857E+001  0.34626389E+001  0.50315644E+001  0.86251026E+001  0.13804045E+002
  0.15761768E+000  0.20495108E+000  0.39912985E+000  0.60099891E+000  0.91352254E+000  0.10528235E+001  0.15623880E+001  0.34628020E+001  0.50315755E+001  0.86251062E+001  0.13804045E+002
  0.15761768E+000  0.20495114E+000  0.39913003E+000  0.60099957E+000  0.91352257E+000  0.10528235E+001  0.15623903E+001  0.34628972E+001  0.50315867E+001  0.86251098E+001  0.13804045E+002
  0.15761768E+000  0.20495120E+000  0.39913021E+000  0.60100022E+000  0.91352261E+000  0.10528235E+001  0.15623926E+001  0.34629487E+001  0.50315981E+001  0.86251136E+001  0.13804045E+002
  0.15761768E+000  0.20495125E+000  0.39913039E+000  0.60100087E+000  0.91352264E+000  0.10528235E+001  0.15623948E+001  0.34630003E+001  0.50316096E+001  0.86251174E+001  0.13804045E+002
  0.15761768E+000  0.20495131E+000  0.39913056E+000  0.60100151E+000  0.91352268E+000  0.10528235E+001  0.15623971E+001  0.34630521E+001  0.50316223E+001  0.86251214E+001  0.13804046E+002
  0.15761768E+000  0.20495136E+000  0.39913074E+000  0.60100215E+000  0.91352271E+000  0.10528235E+001  0.15623993E+001  0.34630931E+001  0.50316374E+001  0.86251254E+001  0.13804046E+002
  0.15761768E+000  0.20495141E+000  0.39913091E+000  0.60100278E+000  0.91352274E+000  0.10528235E+001  0.15624014E+001  0.34630969E+001  0.50316527E+001  0.86251295E+001  0.13804046E+002
  0.15761768E+000  0.20495146E+000  0.39913108E+000  0.60100340E+000  0.91352277E+000  0.10528236E+001  0.15624036E+001  0.34631008E+001  0.50316680E+001  0.86251338E+001  0.13804046E+002
  0.15761768E+000  0.20495151E+000  0.39913125E+000  0.60100401E+000  0.91352281E+000  0.10528236E+001  0.15624058E+001  0.34631047E+001  0.50316834E+001  0.86251381E+001  0.13804046E+002
  0.15761768E+000  0.20495156E+000  0.39913141E+000  0.60100462E+000  0.91352284E+000  0.10528236E+001  0.15624079E+001  0.34631086E+001  0.50316989E+001  0.86251425E+001  0.13804046E+002
  0.15761768E+000  0.20495160E+000  0.39913157E+000  0.60100521E+000  0.91352287E+000  0.10528236E+001  0.15624100E+001  0.34631124E+001  0.50317144E+001  0.86251469E+001  0.13804047E+002
  0.15761768E+000  0.20495164E+000  0.39913173E+000  0.60100580E+000  0.91352289E+000  0.10528236E+001  0.15624120E+001  0.34631163E+001  0.50317300E+001  0.86251515E+001  0.13804047E+002
  0.15761769E+000  0.20495169E+000  0.39913189E+000  0.60100638E+000  0.91352292E+000  0.10528236E+001  0.15624141E+001  0.34632780E+001  0.50317456E+001  0.86251561E+001  0.13804047E+002
  0.15761769E+000  0.20495173E+000  0.39913204E+000  0.60100695E+000  0.91352295E+000  0.10528236E+001  0.15624161E+001  0.34632854E+001  0.50317613E+001  0.86251608E+001  0.13804047E+002
  0.15761769E+000  0.20495176E+000  0.39913219E+000  0.60100751E+000  0.91352298E+000  0.10528236E+001  0.15624181E+001  0.34632929E+001  0.50317769E+001  0.86251655E+001  0.13804047E+002
  0.15761769E+000  0.20495180E+000  0.39913233E+000  0.60100806E+000  0.91352300E+000  0.10528236E+001  0.15624201E+001  0.34633002E+001  0.50317926E+001  0.86251704E+001  0.13804048E+002
  0.15761769E+000  0.20495184E+000  0.39913248E+000  0.60100860E+000  0.91352303E+000  0.10528236E+001  0.15624220E+001  0.34633076E+001  0.50318082E+001  0.86251752E+001  0.13804048E+002
  0.15761769E+000  0.20495187E+000  0.39913261E+000  0.60100913E+000  0.91352305E+000  0.10528236E+001  0.15624239E+001  0.34633149E+001  0.50318239E+001  0.86251802E+001  0.13804048E+002
  0.15761769E+000  0.20495190E+000  0.39913275E+000  0.60100965E+000  0.91352308E+000  0.10528236E+001  0.15624258E+001  0.34633903E+001  0.50318395E+001  0.86251852E+001  0.13804048E+002
  0.15761769E+000  0.20495193E+000  0.39913288E+000  0.60101015E+000  0.91352310E+000  0.10528236E+001  0.15624276E+001  0.34634840E+001  0.50318550E+001  0.86251902E+001  0.13804048E+002
  0.15761769E+000  0.20495196E+000  0.39913301E+000  0.60101064E+000  0.91352312E+000  0.10528236E+001  0.15624294E+001  0.34635769E+001  0.50318705E+001  0.86251953E+001  0.13804049E+002
  0.15761769E+000  0.20495199E+000  0.39913313E+000  0.60101112E+000  0.91352315E+000  0.10528236E+001  0.15624312E+001  0.34636689E+001  0.50318883E+001  0.86252004E+001  0.13804049E+002
  0.15761769E+000  0.20495202E+000  0.39913325E+000  0.60101159E+000  0.91352317E+000  0.10528236E+001  0.15624329E+001  0.34637600E+001  0.50319068E+001  0.86252056E+001  0.13804049E+002
  0.15761769E+000  0.20495204E+000  0.39913337E+000  0.60101205E+000  0.91352319E+000  0.10528236E+001  0.15624346E+001  0.34638502E+001  0.50319252E+001  0.86252108E+001  0.13804049E+002
  0.15761769E+000  0.20495206E+000  0.39913348E+000  0.60101249E+000  0.91352321E+000  0.10528236E+001  0.15624363E+001  0.34639729E+001  0.50319435E+001  0.86252160E+001  0.13804050E+002
  0.15761769E+000  0.20495209E+000  0.39913359E+000  0.60101292E+000  0.91352323E+000  0.10528236E+001  0.15624379E+001  0.34643270E+001  0.50319617E+001  0.86252212E+001  0.13804050E+002
  0.15761769E+000  0.20495211E+000  0.39913369E+000  0.60101333E+000  0.91352325E+000  0.10528236E+001  0.15624395E+001  0.34644548E+001  0.50319797E+001  0.86252265E+001  0.13804050E+002
  0.15761769E+000  0.20495213E+000  0.39913379E+000  0.60101374E+000  0.91352327E+000  0.10528236E+001  0.15624411E+001  0.34645563E+001  0.50319976E+001  0.86252318E+001  0.13804050E+002
  0.15761769E+000  0.20495215E+000  0.39913389E+000  0.60101413E+000  0.91352329E+000  0.10528236E+001  0.15624426E+001  0.34646565E+001  0.50320154E+001  0.86252370E+001  0.13804051E+002
  0.15761769E+000  0.20495216E+000  0.39913398E+000  0.60101450E+000  0.91352330E+000  0.10528236E+001  0.15624442E+001  0.34647553E+001  0.50320330E+001  0.86252423E+001  0.13804051E+002
  0.15761769E+000  0.20495218E+000  0.39913407E+000  0.60101486E+000  0.91352332E+000  0.10528236E+001  0.15624457E+001  0.34648528E+001  0.50320504E+001  0.86252476E+001  0.13804051E+002
  0.15761769E+000  0.20495220E+000  0.39913415E+000  0.60101521E+000  0.91352334E+000  0.10528236E+001  0.15624472E+001  0.34649419E+001  0.50320677E+001  0.86252529E+001  0.13804052E+002
  0.15761769E+000  0.20495221E+000  0.39913423E+000  0.60101555E+000  0.91352335E+000  0.10528236E+001  0.15624486E+001  0.34650255E+001  0.50320847E+001  0.86252582E+001  0.13804052E+002
  0.15761769E+000  0.20495223E+000  0.39913431E+000  0.60101587E+000  0.91352337E+000  0.10528236E+001  0.15624500E+001  0.34651078E+001  0.50321016E+001  0.86252634E+001  0.13804052E+002
  0.15761769E+000  0.20495224E+000  0.39913438E+000  0.60101618E+000  0.91352338E+000  0.10528236E+001  0.15624514E+001  0.34651887E+001  0.50321183E+001  0.86252686E+001  0.13804053E+002
  0.15761769E+000  0.20495225E+000  0.39913445E+000  0.60101648E+000  0.91352339E+000  0.10528236E+001  0.15624527E+001  0.34652682E+001  0.50321569E+001  0.86252738E+001  0.13804053E+002
  0.15761769E+000  0.20495226E+000  0.39913451E+000  0.60101676E+000  0.91352341E+000  0.10528236E+001  0.15624539E+001  0.34653464E+001  0.50322851E+001  0.86252790E+001  0.13804053E+002
  0.15761769E+000  0.20495227E+000  0.39913458E+000  0.60101704E+000  0.91352342E+000  0.10528236E+001  0.15624552E+001  0.34654231E+001  0.50322928E+001  0.86252842E+001  0.13804053E+002
  0.15761769E+000  0.20495228E+000  0.39913464E+000  0.60101730E+000  0.91352343E+000  0.10528236E+001  0.15624563E+001  0.34668998E+001  0.50323005E+001  0.86252893E+001  0.13804054E+002
  0.15761769E+000  0.20495229E+000  0.39913469E+000  0.60101754E+000  0.91352344E+000  0.10528236E+001  0.15624575E+001  0.34669336E+001  0.50323080E+001  0.86252944E+001  0.13804054E+002
  0.15761769E+000  0.20495230E+000  0.39913475E+000  0.60101778E+000  0.91352346E+000  0.10528236E+001  0.15624586E+001  0.34669668E+001  0.50323154E+001  0.86252995E+001  0.13804054E+002
  0.15761769E+000  0.20495231E+000  0.39913480E+000  0.60101801E+000  0.91352347E+000  0.10528236E+001  0.15624596E+001  0.34669993E+001  0.50323227E+001  0.86253045E+001  0.13804055E+002
  0.15761769E+000  0.20495232E+000  0.39913484E+000  0.60101822E+000  0.91352348E+000  0.10528236E+001  0.15624607E+001  0.34670311E+001  0.50323299E+001  0.86253094E+001  0.13804055E+002
  0.15761769E+000  0.20495232E+000  0.39913489E+000  0.60101842E+000  0.91352349E+000  0.10528236E+001  0.15624616E+001  0.34670622E+001  0.50323369E+001  0.86253143E+001  0.13804055E+002
  0.15761769E+000  0.20495233E+000  0.39913493E+000  0.60101862E+000  0.91352350E+000  0.10528236E+001  0.15624626E+001  0.34670926E+001  0.50323439E+001  0.86253192E+001  0.13804056E+002
  0.15761769E+000  0.20495234E+000  0.39913497E+000  0.60101880E+000  0.91352350E+000  0.10528236E+001  0.15624635E+001  0.34671223E+001  0.50323507E+001  0.86253240E+001  0.13804056E+002
  0.15761769E+000  0.20495234E+000  0.39913501E+000  0.60101897E+000  0.91352351E+000  0.10528236E+001  0.15624643E+001  0.34684277E+001  0.50323573E+001  0.86253287E+001  0.13804056E+002
  0.15761769E+000  0.20495235E+000  0.39913504E+000  0.60101913E+000  0.91352352E+000  0.10528236E+001  0.15624652E+001  0.34684306E+001  0.50323639E+001  0.86253334E+001  0.13804057E+002
  0.15761769E+000  0.20495235E+000  0.39913508E+000  0.60101929E+000  0.91352353E+000  0.10528236E+001  0.15624660E+001  0.34684334E+001  0.50323703E+001  0.86253380E+001  0.13804057E+002
  0.15761769E+000  0.20495236E+000  0.39913511E+000  0.60101944E+000  0.91352354E+000  0.10528236E+001  0.15624667E+001  0.34684362E+001  0.50323766E+001  0.86253426E+001  0.13804057E+002
  0.15761769E+000  0.20495236E+000  0.39913513E+000  0.60101957E+000  0.91352354E+000  0.10528236E+001  0.15624674E+001  0.34684389E+001  0.50323828E+001  0.86253471E+001  0.13804058E+002
  0.15761769E+000  0.20495237E+000  0.39913516E+000  0.60101970E+000  0.91352355E+000  0.10528236E+001  0.15624681E+001  0.34684415E+001  0.50323888E+001  0.86253515E+001  0.13804058E+002
  0.15761769E+000  0.20495237E+000  0.39913519E+000  0.60101982E+000  0.91352356E+000  0.10528236E+001  0.15624688E+001  0.34684441E+001  0.50324049E+001  0.86253558E+001  0.13804058E+002
  0.15761769E+000  0.20495237E+000  0.39913521E+000  0.60101994E+000  0.91352356E+000  0.10528236E+001  0.15624694E+001  0.34684466E+001  0.50324213E+001  0.86253601E+001  0.13804058E+002
  0.15761769E+000  0.20495238E+000  0.39913523E+000  0.60102005E+000  0.91352357E+000  0.10528236E+001  0.15624700E+001  0.34684490E+001  0.50324374E+001  0.86253643E+001  0.13804059E+002
  0.15761769E+000  0.20495238E+000  0.39913525E+000  0.60102015E+000  0.91352357E+000  0.10528236E+001  0.15624706E+001  0.34684513E+001  0.50324531E+001  0.86253685E+001  0.13804059E+002
  0.15761769E+000  0.20495238E+000  0.39913527E+000  0.60102024E+000  0.91352358E+000  0.10528236E+001  0.15624711E+001  0.34684536E+001  0.50324684E+001  0.86253725E+001  0.13804059E+002
  0.15761769E+000  0.20495238E+000  0.39913529E+000  0.60102033E+000  0.91352358E+000  0.10528236E+001  0.15624716E+001  0.34684558E+001  0.50324833E+001  0.86253765E+001  0.13804060E+002
  0.15761769E+000  0.20495239E+000  0.39913531E+000  0.60102041E+000  0.91352359E+000  0.10528236E+001  0.15624721E+001  0.34684579E+001  0.50324978E+001  0.86253804E+001  0.13804060E+002
  0.15761769E+000  0.20495239E+000  0.39913532E+000  0.60102049E+000  0.91352359E+000  0.10528236E+001  0.15624726E+001  0.34684600E+001  0.50325119E+001  0.86253842E+001  0.13804060E+002
  0.15761769E+000  0.20495239E+000  0.39913534E+000  0.60102056E+000  0.91352359E+000  0.10528236E+001  0.15624730E+001  0.34684620E+001  0.50325257E+001  0.86253880E+001  0.13804061E+002
  0.15761769E+000  0.20495239E+000  0.39913535E+000  0.60102063E+000  0.91352360E+000  0.10528236E+001  0.15624734E+001  0.34684639E+001  0.50325391E+001  0.86253917E+001  0.13804061E+002
  0.15761769E+000  0.20495239E+000  0.39913536E+000  0.60102070E+000  0.91352360E+000  0.10528236E+001  0.15624738E+001  0.34684658E+001  0.50325521E+001  0.86253952E+001  0.13804061E+002
  0.15761769E+000  0.20495239E+000  0.39913537E+000  0.60102075E+000  0.91352360E+000  0.10528236E+001  0.15624741E+001  0.34684676E+001  0.50325647E+001  0.86253987E+001  0.13804061E+002
  0.15761769E+000  0.20495240E+000  0.39913538E+000  0.60102081E+000  0.91352361E+000  0.10528236E+001  0.15624745E+001  0.34684693E+001  0.50325770E+001  0.86254022E+001  0.13804062E+002
  0.15761769E+000  0.20495240E+000  0.39913539E+000  0.60102086E+000  0.91352361E+000  0.10528236E+001  0.15624748E+001  0.34684710E+001  0.50325889E+001  0.86254055E+001  0.13804062E+002
  0.15761769E+000  0.20495240E+000  0.39913540E+000  0.60102091E+000  0.91352361E+000  0.10528236E+001  0.15624751E+001  0.34684726E+001  0.50326004E+001  0.86254088E+001  0.13804062E+002
  0.15761769E+000  0.20495240E+000  0.39913541E+000  0.60102095E+000  0.91352361E+000  0.10528236E+001  0.15624754E+001  0.34684741E+001  0.50326115E+001  0.86254120E+001  0.13804062E+002
  0.15761769E+000  0.20495240E+000  0.39913542E+000  0.60102099E+000  0.91352362E+000  0.10528236E+001  0.15624757E+001  0.34684756E+001  0.50326223E+001  0.86254151E+001  0.13804063E+002
  0.15761769E+000  0.20495240E+000  0.39913542E+000  0.60102103E+000  0.91352362E+000  0.10528236E+001  0.15624759E+001  0.34684770E+001  0.50326328E+001  0.86254181E+001  0.13804063E+002
  0.15761769E+000  0.20495240E+000  0.39913543E+000  0.60102107E+000  0.91352362E+000  0.10528236E+001  0.15624762E+001  0.34684784E+001  0.50326429E+001  0.86254210E+001  0.13804063E+002
  0.15761769E+000  0.20495240E+000  0.39913544E+000  0.60102110E+000  0.91352362E+000  0.10528236E+001  0.15624764E+001  0.34684797E+001  0.50326535E+001  0.86254239E+001  0.13804063E+002
  0.15761769E+000  0.20495240E+000  0.39913544E+000  0.60102113E+000  0.91352362E+000  0.10528236E+001  0.15624766E+001  0.34684810E+001  0.50326643E+001  0.86254266E+001  0.13804064E+002
  0.15761769E+000  0.20495240E+000  0.39913545E+000  0.60102116E+000  0.91352363E+000  0.10528236E+001  0.15624768E+001  0.34684822E+001  0.50326746E+001  0.86254293E+001  0.13804064E+002
  0.15761769E+000  0.20495240E+000  0.39913545E+000  0.60102118E+000  0.91352363E+000  0.10528236E+001  0.15624770E+001  0.34684833E+001  0.50326846E+001  0.86254320E+001  0.13804064E+002
  0.15761769E+000  0.20495240E+000  0.39913546E+000  0.60102121E+000  0.91352363E+000  0.10528236E+001  0.15624772E+001  0.34684844E+001  0.50326943E+001  0.86254345E+001  0.13804064E+002
  0.15761769E+000  0.20495241E+000  0.39913546E+000  0.60102123E+000  0.91352363E+000  0.10528236E+001  0.15624773E+001  0.34684855E+001  0.50327036E+001  0.86254370E+001  0.13804065E+002
  0.15761769E+000  0.20495241E+000  0.39913547E+000  0.60102125E+000  0.91352363E+000  0.10528236E+001  0.15624775E+001  0.34684865E+001  0.50327125E+001  0.86254394E+001  0.13804065E+002
