 -0.82474055E+000 -0.64376516E+000 -0.27738353E+000 -0.66274142E-004  0.78654983E-001  0.17382225E+001  0.12031229E+002  0.59173089E+002  0.13400191E+003  0.34790422E+003  0.65682747E+003
 -0.82474173E+000 -0.64376762E+000 -0.27738546E+000 -0.66268039E-004  0.78711182E-001  0.17382460E+001  0.12031303E+002  0.59173087E+002  0.13400190E+003  0.34790418E+003  0.65682739E+003
 -0.82474362E+000 -0.64377125E+000 -0.27738755E+000 -0.66264335E-004  0.78756812E-001  0.17382668E+001  0.12031376E+002  0.59173086E+002  0.13400189E+003  0.34790416E+003  0.65682733E+003
 -0.82474609E+000 -0.64377551E+000 -0.27738954E+000 -0.66262205E-004  0.78795648E-001  0.17382860E+001  0.12031446E+002  0.59173086E+002  0.13400189E+003  0.34790415E+003  0.65682730E+003
 -0.82474887E+000 -0.64377988E+000 -0.27739137E+000 -0.66260929E-004  0.78830639E-001  0.17383039E+001  0.12031516E+002  0.59173086E+002  0.13400188E+003  0.34790414E+003  0.65682728E+003
 -0.82475168E+000 -0.64378405E+000 -0.27739310E+000 -0.66260092E-004  0.78863025E-001  0.17383209E+001  0.12031585E+002  0.59173086E+002  0.13400188E+003  0.34790414E+003  0.65682726E+003
 -0.82475436E+000 -0.64378787E+000 -0.27739475E+000 -0.66259464E-004  0.78893183E-001  0.17383370E+001  0.12031653E+002  0.59173086E+002  0.13400188E+003  0.34790413E+003  0.65682725E+003
 -0.82475682E+000 -0.64379130E+000 -0.27739635E+000 -0.66258922E-004  0.78921233E-001  0.17383524E+001  0.12031720E+002  0.59173086E+002  0.13400188E+003  0.34790413E+003  0.65682725E+003
 -0.82475901E+000 -0.64379437E+000 -0.27739792E+000 -0.66258401E-004  0.78947300E-001  0.17383670E+001  0.12031786E+002  0.59173086E+002  0.13400188E+003  0.34790413E+003  0.65682725E+003
 -0.82476095E+000 -0.64379710E+000 -0.27739944E+000 -0.66257870E-004  0.78971578E-001  0.17383809E+001  0.12031853E+002  0.59173086E+002  0.13400188E+003  0.34790413E+003  0.65682724E+003
 -0.82476264E+000 -0.64379956E+000 -0.27740091E+000 -0.66257314E-004  0.78994309E-001  0.17383944E+001  0.12031919E+002  0.59173086E+002  0.13400188E+003  0.34790413E+003  0.65682724E+003
 -0.82476412E+000 -0.64380179E+000 -0.27740234E+000 -0.66256729E-004  0.79015760E-001  0.17384074E+001  0.12031985E+002  0.59173086E+002  0.13400188E+003  0.34790413E+003  0.65682724E+003
 -0.82476541E+000 -0.64380383E+000 -0.27740370E+000 -0.66256115E-004  0.79036184E-001  0.17384201E+001  0.12032051E+002  0.59173086E+002  0.13400188E+003  0.34790413E+003  0.65682724E+003
 -0.82476654E+000 -0.64380570E+000 -0.27740501E+000 -0.66255474E-004  0.79055817E-001  0.17384326E+001  0.12032117E+002  0.59173086E+002  0.13400188E+003  0.34790413E+003  0.65682724E+003
 -0.82476754E+000 -0.64380745E+000 -0.27740625E+000 -0.66254809E-004  0.79074860E-001  0.17384448E+001  0.12032183E+002  0.59173086E+002  0.13400188E+003  0.34790413E+003  0.65682724E+003
 -0.82476843E+000 -0.64380909E+000 -0.27740742E+000 -0.66254122E-004  0.79093485E-001  0.17384570E+001  0.12032250E+002  0.59173086E+002  0.13400188E+003  0.34790413E+003  0.65682724E+003
 -0.82476922E+000 -0.64381065E+000 -0.27740851E+000 -0.66253416E-004  0.79111835E-001  0.17384690E+001  0.12032317E+002  0.59173086E+002  0.13400188E+003  0.34790413E+003  0.65682724E+003
 -0.82476993E+000 -0.64381214E+000 -0.27740953E+000 -0.66252693E-004  0.79130027E-001  0.17384810E+001  0.12032385E+002  0.59173086E+002  0.13400188E+003  0.34790413E+003  0.65682724E+003
 -0.82477057E+000 -0.64381357E+000 -0.27741046E+000 -0.66251953E-004  0.79148157E-001  0.17384930E+001  0.12032453E+002  0.59173086E+002  0.13400188E+003  0.34790413E+003  0.65682724E+003
 -0.82477116E+000 -0.64381497E+000 -0.27741132E+000 -0.66251199E-004  0.79166307E-001  0.17385048E+001  0.12032521E+002  0.59173086E+002  0.13400188E+003  0.34790413E+003  0.65682724E+003
 -0.82477170E+000 -0.64381633E+000 -0.27741210E+000 -0.66250430E-004  0.79184541E-001  0.17385166E+001  0.12032591E+002  0.59173086E+002  0.13400188E+003  0.34790413E+003  0.65682725E+003
 -0.82477220E+000 -0.64381767E+000 -0.27741279E+000 -0.66249647E-004  0.79202919E-001  0.17385284E+001  0.12032661E+002  0.59173086E+002  0.13400188E+003  0.34790413E+003  0.65682725E+003
 -0.82477267E+000 -0.64381899E+000 -0.27741340E+000 -0.66248850E-004  0.79221490E-001  0.17385400E+001  0.12032732E+002  0.59173086E+002  0.13400188E+003  0.34790413E+003  0.65682725E+003
 -0.82477312E+000 -0.64382030E+000 -0.27741393E+000 -0.66248039E-004  0.79240298E-001  0.17385516E+001  0.12032803E+002  0.59173086E+002  0.13400188E+003  0.34790413E+003  0.65682725E+003
 -0.82477355E+000 -0.64382160E+000 -0.27741438E+000 -0.66247214E-004  0.79259386E-001  0.17385631E+001  0.12032876E+002  0.59173087E+002  0.13400188E+003  0.34790413E+003  0.65682725E+003
 -0.82477396E+000 -0.64382289E+000 -0.27741474E+000 -0.66246375E-004  0.79278794E-001  0.17385745E+001  0.12032950E+002  0.59173087E+002  0.13400188E+003  0.34790413E+003  0.65682725E+003
 -0.82477437E+000 -0.64382416E+000 -0.27741502E+000 -0.66245520E-004  0.79298560E-001  0.17385858E+001  0.12033025E+002  0.59173087E+002  0.13400188E+003  0.34790413E+003  0.65682725E+003
 -0.82477477E+000 -0.64382543E+000 -0.27741521E+000 -0.66244650E-004  0.79318723E-001  0.17385970E+001  0.12033101E+002  0.59173087E+002  0.13400188E+003  0.34790413E+003  0.65682725E+003
 -0.82477516E+000 -0.64382667E+000 -0.27741533E+000 -0.66243765E-004  0.79339324E-001  0.17386082E+001  0.12033179E+002  0.59173087E+002  0.13400188E+003  0.34790413E+003  0.65682725E+003
 -0.82477555E+000 -0.64382789E+000 -0.27741536E+000 -0.66242862E-004  0.79360404E-001  0.17386192E+001  0.12033258E+002  0.59173087E+002  0.13400188E+003  0.34790413E+003  0.65682725E+003
 -0.82477594E+000 -0.64382908E+000 -0.27741531E+000 -0.66241943E-004  0.79382009E-001  0.17386302E+001  0.12033339E+002  0.59173087E+002  0.13400188E+003  0.34790413E+003  0.65682725E+003
 -0.82477632E+000 -0.64383023E+000 -0.27741517E+000 -0.66241006E-004  0.79404187E-001  0.17386411E+001  0.12033422E+002  0.59173087E+002  0.13400188E+003  0.34790413E+003  0.65682725E+003
 -0.82477670E+000 -0.64383133E+000 -0.27741496E+000 -0.66240052E-004  0.79426990E-001  0.17386520E+001  0.12033507E+002  0.59173087E+002  0.13400189E+003  0.34790413E+003  0.65682725E+003
 -0.82477707E+000 -0.64383237E+000 -0.27741466E+000 -0.66239078E-004  0.79457286E-001  0.17386629E+001  0.12033593E+002  0.59173087E+002  0.13400189E+003  0.34790413E+003  0.65682725E+003
 -0.82477742E+000 -0.64383334E+000 -0.27741428E+000 -0.66238085E-004  0.79519070E-001  0.17386738E+001  0.12033682E+002  0.59173087E+002  0.13400189E+003  0.34790413E+003  0.65682725E+003
 -0.82477776E+000 -0.64383422E+000 -0.27741383E+000 -0.66237073E-004  0.79582930E-001  0.17386848E+001  0.12033772E+002  0.59173087E+002  0.13400189E+003  0.34790413E+003  0.65682725E+003
 -0.82477807E+000 -0.64383500E+000 -0.27741329E+000 -0.66236041E-004  0.79649063E-001  0.17386958E+001  0.12033864E+002  0.59173087E+002  0.13400189E+003  0.34790413E+003  0.65682725E+003
 -0.82477834E+000 -0.64383567E+000 -0.27741267E+000 -0.66234988E-004  0.79717688E-001  0.17387069E+001  0.12033958E+002  0.59173087E+002  0.13400189E+003  0.34790413E+003  0.65682726E+003
 -0.82477857E+000 -0.64383620E+000 -0.27741198E+000 -0.66233914E-004  0.79789044E-001  0.17387181E+001  0.12034055E+002  0.59173087E+002  0.13400189E+003  0.34790413E+003  0.65682726E+003
 -0.82477874E+000 -0.64383658E+000 -0.27741120E+000 -0.66232818E-004  0.79863395E-001  0.17387295E+001  0.12034153E+002  0.59173087E+002  0.13400189E+003  0.34790413E+003  0.65682726E+003
 -0.82477884E+000 -0.64383679E+000 -0.27741035E+000 -0.66231701E-004  0.79941027E-001  0.17387411E+001  0.12034254E+002  0.59173087E+002  0.13400189E+003  0.34790413E+003  0.65682726E+003
 -0.82477885E+000 -0.64383681E+000 -0.27740943E+000 -0.66230561E-004  0.80022255E-001  0.17387529E+001  0.12034356E+002  0.59173087E+002  0.13400189E+003  0.34790413E+003  0.65682726E+003
 -0.82477876E+000 -0.64383663E+000 -0.27740843E+000 -0.66229399E-004  0.80107412E-001  0.17387649E+001  0.12034461E+002  0.59173087E+002  0.13400189E+003  0.34790413E+003  0.65682726E+003
 -0.82477855E+000 -0.64383622E+000 -0.27740736E+000 -0.66228213E-004  0.80196857E-001  0.17387771E+001  0.12034567E+002  0.59173088E+002  0.13400189E+003  0.34790413E+003  0.65682726E+003
 -0.82477821E+000 -0.64383557E+000 -0.27740621E+000 -0.66227004E-004  0.80290968E-001  0.17387897E+001  0.12034676E+002  0.59173088E+002  0.13400189E+003  0.34790413E+003  0.65682726E+003
 -0.82477771E+000 -0.64383465E+000 -0.27740499E+000 -0.66225771E-004  0.80390137E-001  0.17388026E+001  0.12034787E+002  0.59173088E+002  0.13400189E+003  0.34790413E+003  0.65682726E+003
 -0.82477704E+000 -0.64383345E+000 -0.27740371E+000 -0.66224513E-004  0.80494768E-001  0.17388158E+001  0.12034900E+002  0.59173088E+002  0.13400189E+003  0.34790413E+003  0.65682726E+003
 -0.82477618E+000 -0.64383194E+000 -0.27740235E+000 -0.66223231E-004  0.80605267E-001  0.17388293E+001  0.12035016E+002  0.59173088E+002  0.13400189E+003  0.34790413E+003  0.65682726E+003
 -0.82477511E+000 -0.64383012E+000 -0.27740093E+000 -0.66221923E-004  0.80722035E-001  0.17388433E+001  0.12035134E+002  0.59173088E+002  0.13400189E+003  0.34790414E+003  0.65682727E+003
 -0.82477382E+000 -0.64382795E+000 -0.27739944E+000 -0.66220591E-004  0.80845459E-001  0.17388577E+001  0.12035254E+002  0.59173088E+002  0.13400189E+003  0.34790414E+003  0.65682727E+003
 -0.82477229E+000 -0.64382544E+000 -0.27739788E+000 -0.66219232E-004  0.80975901E-001  0.17388725E+001  0.12035377E+002  0.59173088E+002  0.13400189E+003  0.34790414E+003  0.65682727E+003
 -0.82477051E+000 -0.64382255E+000 -0.27739626E+000 -0.66217848E-004  0.81113686E-001  0.17388878E+001  0.12035502E+002  0.59173088E+002  0.13400189E+003  0.34790414E+003  0.65682727E+003
 -0.82476845E+000 -0.64381928E+000 -0.27739458E+000 -0.66216438E-004  0.81259093E-001  0.17389036E+001  0.12035630E+002  0.59173088E+002  0.13400189E+003  0.34790414E+003  0.65682727E+003
 -0.82476612E+000 -0.64381561E+000 -0.27739283E+000 -0.66215001E-004  0.81412341E-001  0.17389200E+001  0.12035761E+002  0.59173088E+002  0.13400189E+003  0.34790414E+003  0.65682727E+003
 -0.82476350E+000 -0.64381153E+000 -0.27739102E+000 -0.66213537E-004  0.81573581E-001  0.17389369E+001  0.12035895E+002  0.59173088E+002  0.13400189E+003  0.34790414E+003  0.65682727E+003
 -0.82476058E+000 -0.64380704E+000 -0.27738915E+000 -0.66212046E-004  0.81742888E-001  0.17389544E+001  0.12036033E+002  0.59173089E+002  0.13400189E+003  0.34790414E+003  0.65682727E+003
 -0.82475735E+000 -0.64380211E+000 -0.27738723E+000 -0.66210527E-004  0.81920252E-001  0.17389725E+001  0.12036173E+002  0.59173089E+002  0.13400189E+003  0.34790414E+003  0.65682727E+003
 -0.82475381E+000 -0.64379674E+000 -0.27738524E+000 -0.66208980E-004  0.82105580E-001  0.17389913E+001  0.12036317E+002  0.59173089E+002  0.13400189E+003  0.34790414E+003  0.65682728E+003
 -0.82474995E+000 -0.64379093E+000 -0.27738320E+000 -0.66207405E-004  0.82298686E-001  0.17390107E+001  0.12036465E+002  0.59173089E+002  0.13400189E+003  0.34790414E+003  0.65682728E+003
 -0.82474577E+000 -0.64378466E+000 -0.27738110E+000 -0.66205802E-004  0.82499305E-001  0.17390308E+001  0.12036616E+002  0.59173089E+002  0.13400189E+003  0.34790414E+003  0.65682728E+003
 -0.82474127E+000 -0.64377794E+000 -0.27737894E+000 -0.66204170E-004  0.82707083E-001  0.17390517E+001  0.12036771E+002  0.59173089E+002  0.13400189E+003  0.34790414E+003  0.65682728E+003
 -0.82473646E+000 -0.64377076E+000 -0.27737673E+000 -0.66202508E-004  0.82921596E-001  0.17390734E+001  0.12036930E+002  0.59173089E+002  0.13400189E+003  0.34790414E+003  0.65682728E+003
 -0.82473133E+000 -0.64376312E+000 -0.27737446E+000 -0.66200817E-004  0.83142350E-001  0.17390959E+001  0.12037093E+002  0.59173089E+002  0.13400189E+003  0.34790414E+003  0.65682728E+003
 -0.82472588E+000 -0.64375502E+000 -0.27737214E+000 -0.66199097E-004  0.83368789E-001  0.17391192E+001  0.12037261E+002  0.59173090E+002  0.13400189E+003  0.34790414E+003  0.65682728E+003
 -0.82472013E+000 -0.64374646E+000 -0.27736977E+000 -0.66197346E-004  0.83600310E-001  0.17391434E+001  0.12037432E+002  0.59173090E+002  0.13400189E+003  0.34790414E+003  0.65682728E+003
 -0.82471408E+000 -0.64373745E+000 -0.27736735E+000 -0.66195565E-004  0.83836262E-001  0.17391685E+001  0.12037608E+002  0.59173090E+002  0.13400189E+003  0.34790414E+003  0.65682729E+003
 -0.82470774E+000 -0.64372799E+000 -0.27736487E+000 -0.66193754E-004  0.84012247E-001  0.17391946E+001  0.12037788E+002  0.59173090E+002  0.13400189E+003  0.34790414E+003  0.65682729E+003
 -0.82470111E+000 -0.64371809E+000 -0.27736235E+000 -0.66191913E-004  0.84023236E-001  0.17392216E+001  0.12037973E+002  0.59173090E+002  0.13400189E+003  0.34790414E+003  0.65682729E+003
 -0.82469422E+000 -0.64370777E+000 -0.27735977E+000 -0.66190041E-004  0.84034331E-001  0.17392496E+001  0.12038162E+002  0.59173090E+002  0.13400189E+003  0.34790414E+003  0.65682729E+003
 -0.82468707E+000 -0.64369703E+000 -0.27735715E+000 -0.66188141E-004  0.84045496E-001  0.17392786E+001  0.12038356E+002  0.59173091E+002  0.13400189E+003  0.34790414E+003  0.65682729E+003
 -0.82467967E+000 -0.64368590E+000 -0.27735448E+000 -0.66186211E-004  0.84056699E-001  0.17393087E+001  0.12038554E+002  0.59173091E+002  0.13400189E+003  0.34790414E+003  0.65682729E+003
 -0.82467204E+000 -0.64367437E+000 -0.27735176E+000 -0.66184252E-004  0.84067904E-001  0.17393398E+001  0.12038758E+002  0.59173091E+002  0.13400190E+003  0.34790414E+003  0.65682730E+003
 -0.82466421E+000 -0.64366249E+000 -0.27734900E+000 -0.66182266E-004  0.84079079E-001  0.17393721E+001  0.12038966E+002  0.59173091E+002  0.13400190E+003  0.34790414E+003  0.65682730E+003
 -0.82465618E+000 -0.64365027E+000 -0.27734619E+000 -0.66180252E-004  0.84090189E-001  0.17394055E+001  0.12039179E+002  0.59173091E+002  0.13400190E+003  0.34790414E+003  0.65682730E+003
 -0.82464798E+000 -0.64363773E+000 -0.27734335E+000 -0.66178212E-004  0.84101202E-001  0.17394401E+001  0.12039396E+002  0.59173091E+002  0.13400190E+003  0.34790415E+003  0.65682730E+003
 -0.82463963E+000 -0.64362489E+000 -0.27734046E+000 -0.66176148E-004  0.84112088E-001  0.17394758E+001  0.12039619E+002  0.59173092E+002  0.13400190E+003  0.34790415E+003  0.65682730E+003
 -0.82463114E+000 -0.64361179E+000 -0.27733753E+000 -0.66174060E-004  0.84122815E-001  0.17395127E+001  0.12039846E+002  0.59173092E+002  0.13400190E+003  0.34790415E+003  0.65682730E+003
 -0.82462255E+000 -0.64359846E+000 -0.27733457E+000 -0.66171949E-004  0.84133357E-001  0.17395508E+001  0.12040079E+002  0.59173092E+002  0.13400190E+003  0.34790415E+003  0.65682730E+003
 -0.82461388E+000 -0.64358492E+000 -0.27733157E+000 -0.66169818E-004  0.84143687E-001  0.17395901E+001  0.12040316E+002  0.59173092E+002  0.13400190E+003  0.34790415E+003  0.65682731E+003
 -0.82460514E+000 -0.64357121E+000 -0.27732854E+000 -0.66167668E-004  0.84153782E-001  0.17396307E+001  0.12040559E+002  0.59173092E+002  0.13400190E+003  0.34790415E+003  0.65682731E+003
 -0.82459636E+000 -0.64355735E+000 -0.27732549E+000 -0.66165502E-004  0.84163620E-001  0.17396726E+001  0.12040806E+002  0.59173093E+002  0.13400190E+003  0.34790415E+003  0.65682731E+003
 -0.82458757E+000 -0.64354338E+000 -0.27732240E+000 -0.66163320E-004  0.84173184E-001  0.17397157E+001  0.12041058E+002  0.59173093E+002  0.13400190E+003  0.34790415E+003  0.65682731E+003
 -0.82457879E+000 -0.64352934E+000 -0.27731929E+000 -0.66161125E-004  0.84182458E-001  0.17397600E+001  0.12041315E+002  0.59173093E+002  0.13400190E+003  0.34790415E+003  0.65682731E+003
 -0.82457003E+000 -0.64351525E+000 -0.27731617E+000 -0.66158919E-004  0.84191430E-001  0.17398057E+001  0.12041577E+002  0.59173093E+002  0.13400190E+003  0.34790415E+003  0.65682732E+003
 -0.82456133E+000 -0.64350115E+000 -0.27731302E+000 -0.66156705E-004  0.84200090E-001  0.17398526E+001  0.12041843E+002  0.59173094E+002  0.13400191E+003  0.34790415E+003  0.65682732E+003
 -0.82455270E+000 -0.64348707E+000 -0.27730986E+000 -0.66154486E-004  0.84208433E-001  0.17399008E+001  0.12042114E+002  0.59173094E+002  0.13400191E+003  0.34790415E+003  0.65682732E+003
 -0.82454416E+000 -0.64347304E+000 -0.27730670E+000 -0.66152262E-004  0.84216455E-001  0.17399503E+001  0.12042390E+002  0.59173094E+002  0.13400191E+003  0.34790416E+003  0.65682732E+003
 -0.82453573E+000 -0.64345909E+000 -0.27730353E+000 -0.66150038E-004  0.84224154E-001  0.17400010E+001  0.12042670E+002  0.59173094E+002  0.13400191E+003  0.34790416E+003  0.65682732E+003
 -0.82452743E+000 -0.64344524E+000 -0.27730036E+000 -0.66147816E-004  0.84231532E-001  0.17400531E+001  0.12042954E+002  0.59173095E+002  0.13400191E+003  0.34790416E+003  0.65682732E+003
 -0.82451928E+000 -0.64343154E+000 -0.27729719E+000 -0.66145599E-004  0.84238593E-001  0.17401063E+001  0.12043242E+002  0.59173095E+002  0.13400191E+003  0.34790416E+003  0.65682733E+003
 -0.82451128E+000 -0.64341800E+000 -0.27729403E+000 -0.66143389E-004  0.84245343E-001  0.17401608E+001  0.12043535E+002  0.59173095E+002  0.13400191E+003  0.34790416E+003  0.65682733E+003
 -0.82450346E+000 -0.64340464E+000 -0.27729089E+000 -0.66141190E-004  0.84251789E-001  0.17402164E+001  0.12043831E+002  0.59173095E+002  0.13400191E+003  0.34790416E+003  0.65682733E+003
 -0.82449581E+000 -0.64339150E+000 -0.27728776E+000 -0.66139004E-004  0.84257939E-001  0.17402732E+001  0.12044131E+002  0.59173096E+002  0.13400191E+003  0.34790416E+003  0.65682733E+003
 -0.82448836E+000 -0.64337858E+000 -0.27728466E+000 -0.66136835E-004  0.84263804E-001  0.17403310E+001  0.12044434E+002  0.59173096E+002  0.13400192E+003  0.34790417E+003  0.65682733E+003
 -0.82448111E+000 -0.64336592E+000 -0.27728159E+000 -0.66134684E-004  0.84269394E-001  0.17403900E+001  0.12044740E+002  0.59173096E+002  0.13400192E+003  0.34790417E+003  0.65682734E+003
 -0.82447407E+000 -0.64335352E+000 -0.27727854E+000 -0.66132556E-004  0.84274720E-001  0.17404498E+001  0.12045049E+002  0.59173097E+002  0.13400192E+003  0.34790417E+003  0.65682734E+003
 -0.82446725E+000 -0.64334140E+000 -0.27727553E+000 -0.66130453E-004  0.84279794E-001  0.17405106E+001  0.12045362E+002  0.59173097E+002  0.13400192E+003  0.34790417E+003  0.65682734E+003
 -0.82446064E+000 -0.64332959E+000 -0.27727257E+000 -0.66128377E-004  0.84284626E-001  0.17405722E+001  0.12045676E+002  0.59173097E+002  0.13400192E+003  0.34790417E+003  0.65682734E+003
 -0.82445425E+000 -0.64331808E+000 -0.27726964E+000 -0.66126331E-004  0.84289229E-001  0.17406345E+001  0.12045993E+002  0.59173097E+002  0.13400192E+003  0.34790418E+003  0.65682735E+003
 -0.82444809E+000 -0.64330688E+000 -0.27726677E+000 -0.66124318E-004  0.84293613E-001  0.17406974E+001  0.12046313E+002  0.59173098E+002  0.13400192E+003  0.34790418E+003  0.65682735E+003
 -0.82444216E+000 -0.64329602E+000 -0.27726395E+000 -0.66122341E-004  0.84297790E-001  0.17407609E+001  0.12046634E+002  0.59173098E+002  0.13400192E+003  0.34790418E+003  0.65682735E+003
 -0.82443644E+000 -0.64328548E+000 -0.27726118E+000 -0.66120401E-004  0.84301769E-001  0.17408248E+001  0.12046957E+002  0.59173098E+002  0.13400193E+003  0.34790418E+003  0.65682735E+003
 -0.82443096E+000 -0.64327529E+000 -0.27725847E+000 -0.66118501E-004  0.84305560E-001  0.17408889E+001  0.12047282E+002  0.59173099E+002  0.13400193E+003  0.34790418E+003  0.65682736E+003
 -0.82442569E+000 -0.64326543E+000 -0.27725582E+000 -0.66116644E-004  0.84309172E-001  0.17409533E+001  0.12047608E+002  0.59173099E+002  0.13400193E+003  0.34790419E+003  0.65682736E+003
 -0.82442064E+000 -0.64325592E+000 -0.27725324E+000 -0.66114829E-004  0.84312614E-001  0.17410177E+001  0.12047936E+002  0.59173099E+002  0.13400193E+003  0.34790419E+003  0.65682736E+003
 -0.82441581E+000 -0.64324675E+000 -0.27725073E+000 -0.66113061E-004  0.84315893E-001  0.17410820E+001  0.12048266E+002  0.59173100E+002  0.13400193E+003  0.34790419E+003  0.65682736E+003
 -0.82441119E+000 -0.64323793E+000 -0.27724828E+000 -0.66111339E-004  0.84319018E-001  0.17411462E+001  0.12048596E+002  0.59173100E+002  0.13400193E+003  0.34790420E+003  0.65682737E+003
 -0.82440678E+000 -0.64322945E+000 -0.27724590E+000 -0.66109665E-004  0.84321996E-001  0.17412099E+001  0.12048927E+002  0.59173100E+002  0.13400194E+003  0.34790420E+003  0.65682737E+003
 -0.82440258E+000 -0.64322130E+000 -0.27724359E+000 -0.66108041E-004  0.84324831E-001  0.17412733E+001  0.12049259E+002  0.59173101E+002  0.13400194E+003  0.34790420E+003  0.65682737E+003
 -0.82439857E+000 -0.64321349E+000 -0.27724136E+000 -0.66106467E-004  0.84327531E-001  0.17413360E+001  0.12049592E+002  0.59173101E+002  0.13400194E+003  0.34790420E+003  0.65682738E+003
 -0.82439475E+000 -0.64320602E+000 -0.27723920E+000 -0.66104945E-004  0.84330102E-001  0.17413980E+001  0.12049926E+002  0.59173101E+002  0.13400194E+003  0.34790421E+003  0.65682738E+003
 -0.82439112E+000 -0.64319887E+000 -0.27723711E+000 -0.66103474E-004  0.84332547E-001  0.17414592E+001  0.12050260E+002  0.59173102E+002  0.13400194E+003  0.34790421E+003  0.65682738E+003
 -0.82438768E+000 -0.64319203E+000 -0.27723510E+000 -0.66102055E-004  0.84334873E-001  0.17415194E+001  0.12050594E+002  0.59173102E+002  0.13400194E+003  0.34790421E+003  0.65682739E+003
 -0.82438440E+000 -0.64318551E+000 -0.27723316E+000 -0.66100688E-004  0.84337084E-001  0.17415786E+001  0.12050929E+002  0.59173102E+002  0.13400195E+003  0.34790422E+003  0.65682739E+003
 -0.82438130E+000 -0.64317930E+000 -0.27723130E+000 -0.66099373E-004  0.84339184E-001  0.17416366E+001  0.12051263E+002  0.59173102E+002  0.13400195E+003  0.34790422E+003  0.65682739E+003
 -0.82437836E+000 -0.64317338E+000 -0.27722951E+000 -0.66098110E-004  0.84341177E-001  0.17416933E+001  0.12051597E+002  0.59173103E+002  0.13400195E+003  0.34790423E+003  0.65682740E+003
 -0.82437558E+000 -0.64316776E+000 -0.27722779E+000 -0.66096899E-004  0.84343068E-001  0.17417487E+001  0.12051931E+002  0.59173103E+002  0.13400195E+003  0.34790423E+003  0.65682740E+003
 -0.82437294E+000 -0.64316241E+000 -0.27722615E+000 -0.66095739E-004  0.84344860E-001  0.17418026E+001  0.12052264E+002  0.59173103E+002  0.13400195E+003  0.34790423E+003  0.65682741E+003
 -0.82437046E+000 -0.64315734E+000 -0.27722458E+000 -0.66094630E-004  0.84346557E-001  0.17418551E+001  0.12052597E+002  0.59173104E+002  0.13400196E+003  0.34790424E+003  0.65682741E+003
 -0.82436811E+000 -0.64315253E+000 -0.27722307E+000 -0.66093570E-004  0.84348163E-001  0.17419060E+001  0.12052928E+002  0.59173104E+002  0.13400196E+003  0.34790424E+003  0.65682742E+003
 -0.82436589E+000 -0.64314798E+000 -0.27722164E+000 -0.66092559E-004  0.84349682E-001  0.17419553E+001  0.12053258E+002  0.59173104E+002  0.13400196E+003  0.34790425E+003  0.65682742E+003
 -0.82436380E+000 -0.64314367E+000 -0.27722028E+000 -0.66091597E-004  0.84351116E-001  0.17420029E+001  0.12053586E+002  0.59173105E+002  0.13400196E+003  0.34790425E+003  0.65682743E+003
 -0.82436184E+000 -0.64313960E+000 -0.27721898E+000 -0.66090681E-004  0.84352469E-001  0.17420488E+001  0.12053913E+002  0.59173105E+002  0.13400196E+003  0.34790426E+003  0.65682743E+003
 -0.82435999E+000 -0.64313575E+000 -0.27721774E+000 -0.66089810E-004  0.84353745E-001  0.17420931E+001  0.12054237E+002  0.59173105E+002  0.13400197E+003  0.34790426E+003  0.65682744E+003
 -0.82435825E+000 -0.64313212E+000 -0.27721657E+000 -0.66088984E-004  0.84354947E-001  0.17421356E+001  0.12054558E+002  0.59173106E+002  0.13400197E+003  0.34790427E+003  0.65682744E+003
 -0.82435661E+000 -0.64312870E+000 -0.27721546E+000 -0.66088201E-004  0.84356078E-001  0.17421763E+001  0.12054877E+002  0.59173106E+002  0.13400197E+003  0.34790427E+003  0.65682745E+003
 -0.82435508E+000 -0.64312549E+000 -0.27721440E+000 -0.66087460E-004  0.84357141E-001  0.17422154E+001  0.12055193E+002  0.59173106E+002  0.13400197E+003  0.34790428E+003  0.65682745E+003
 -0.82435364E+000 -0.64312246E+000 -0.27721341E+000 -0.66086759E-004  0.84358140E-001  0.17422527E+001  0.12055505E+002  0.59173107E+002  0.13400197E+003  0.34790428E+003  0.65682746E+003
 -0.82435229E+000 -0.64311961E+000 -0.27721246E+000 -0.66086098E-004  0.84359077E-001  0.17422883E+001  0.12055813E+002  0.59173107E+002  0.13400197E+003  0.34790429E+003  0.65682747E+003
 -0.82435103E+000 -0.64311694E+000 -0.27721157E+000 -0.66085473E-004  0.84359956E-001  0.17423222E+001  0.12056116E+002  0.59173107E+002  0.13400198E+003  0.34790429E+003  0.65682747E+003
 -0.82434984E+000 -0.64311444E+000 -0.27721074E+000 -0.66084885E-004  0.84360779E-001  0.17423545E+001  0.12056415E+002  0.59173107E+002  0.13400198E+003  0.34790430E+003  0.65682748E+003
 -0.82434874E+000 -0.64311209E+000 -0.27720995E+000 -0.66084331E-004  0.84361549E-001  0.17423851E+001  0.12056710E+002  0.59173108E+002  0.13400198E+003  0.34790430E+003  0.65682749E+003
 -0.82434771E+000 -0.64310989E+000 -0.27720920E+000 -0.66083810E-004  0.84362269E-001  0.17424142E+001  0.12056999E+002  0.59173108E+002  0.13400198E+003  0.34790431E+003  0.65682750E+003
 -0.82434674E+000 -0.64310783E+000 -0.27720850E+000 -0.66083321E-004  0.84362942E-001  0.17424417E+001  0.12057282E+002  0.59173108E+002  0.13400198E+003  0.34790431E+003  0.65682750E+003
 -0.82434584E+000 -0.64310590E+000 -0.27720785E+000 -0.66082862E-004  0.84363569E-001  0.17424677E+001  0.12057560E+002  0.59173109E+002  0.13400199E+003  0.34790432E+003  0.65682751E+003
 -0.82434500E+000 -0.64310411E+000 -0.27720723E+000 -0.66082431E-004  0.84364155E-001  0.17424922E+001  0.12057831E+002  0.59173109E+002  0.13400199E+003  0.34790433E+003  0.65682752E+003
 -0.82434422E+000 -0.64310243E+000 -0.27720665E+000 -0.66082028E-004  0.84364700E-001  0.17425153E+001  0.12058096E+002  0.59173109E+002  0.13400199E+003  0.34790433E+003  0.65682753E+003
 -0.82434350E+000 -0.64310087E+000 -0.27720611E+000 -0.66081651E-004  0.84365208E-001  0.17425371E+001  0.12058355E+002  0.59173109E+002  0.13400199E+003  0.34790434E+003  0.65682754E+003
 -0.82434282E+000 -0.64309941E+000 -0.27720561E+000 -0.66081299E-004  0.84365680E-001  0.17425576E+001  0.12058606E+002  0.59173110E+002  0.13400199E+003  0.34790434E+003  0.65682755E+003
 -0.82434219E+000 -0.64309805E+000 -0.27720514E+000 -0.66080969E-004  0.84366119E-001  0.17425768E+001  0.12058851E+002  0.59173110E+002  0.13400200E+003  0.34790435E+003  0.65682756E+003
 -0.82434161E+000 -0.64309679E+000 -0.27720469E+000 -0.66080662E-004  0.84366527E-001  0.17425948E+001  0.12059089E+002  0.59173110E+002  0.13400200E+003  0.34790436E+003  0.65682757E+003
 -0.82434107E+000 -0.64309561E+000 -0.27720428E+000 -0.66080376E-004  0.84366905E-001  0.17426117E+001  0.12059319E+002  0.59173110E+002  0.13400200E+003  0.34790436E+003  0.65682758E+003
 -0.82434057E+000 -0.64309452E+000 -0.27720390E+000 -0.66080109E-004  0.84367256E-001  0.17426275E+001  0.12059541E+002  0.59173111E+002  0.13400200E+003  0.34790437E+003  0.65682758E+003
 -0.82434010E+000 -0.64309351E+000 -0.27720354E+000 -0.66079861E-004  0.84367581E-001  0.17426422E+001  0.12059756E+002  0.59173111E+002  0.13400200E+003  0.34790438E+003  0.65682759E+003
 -0.82433967E+000 -0.64309257E+000 -0.27720321E+000 -0.66079630E-004  0.84367882E-001  0.17426560E+001  0.12059964E+002  0.59173111E+002  0.13400200E+003  0.34790438E+003  0.65682761E+003
 -0.82433927E+000 -0.64309170E+000 -0.27720290E+000 -0.66079415E-004  0.84368160E-001  0.17426688E+001  0.12060164E+002  0.59173111E+002  0.13400201E+003  0.34790439E+003  0.65682762E+003
 -0.82433890E+000 -0.64309089E+000 -0.27720261E+000 -0.66079216E-004  0.84368418E-001  0.17426808E+001  0.12060356E+002  0.59173112E+002  0.13400201E+003  0.34790440E+003  0.65682763E+003
 -0.82433856E+000 -0.64309015E+000 -0.27720235E+000 -0.66079031E-004  0.84368656E-001  0.17426919E+001  0.12060541E+002  0.59173112E+002  0.13400201E+003  0.34790440E+003  0.65682764E+003
 -0.82433825E+000 -0.64308945E+000 -0.27720210E+000 -0.66078859E-004  0.84368876E-001  0.17427023E+001  0.12060718E+002  0.59173112E+002  0.13400201E+003  0.34790441E+003  0.65682765E+003
 -0.82433796E+000 -0.64308882E+000 -0.27720187E+000 -0.66078701E-004  0.84369078E-001  0.17427119E+001  0.12060888E+002  0.59173112E+002  0.13400201E+003  0.34790441E+003  0.65682766E+003
 -0.82433769E+000 -0.64308823E+000 -0.27720166E+000 -0.66078554E-004  0.84369265E-001  0.17427208E+001  0.12061050E+002  0.59173113E+002  0.13400201E+003  0.34790442E+003  0.65682767E+003
 -0.82433744E+000 -0.64308768E+000 -0.27720146E+000 -0.66078418E-004  0.84369438E-001  0.17427291E+001  0.12061205E+002  0.59173113E+002  0.13400202E+003  0.34790443E+003  0.65682768E+003
 -0.82433721E+000 -0.64308718E+000 -0.27720128E+000 -0.66078292E-004  0.84369597E-001  0.17427367E+001  0.12061353E+002  0.59173113E+002  0.13400202E+003  0.34790443E+003  0.65682769E+003
 -0.82433700E+000 -0.64308672E+000 -0.27720111E+000 -0.66078176E-004  0.84369743E-001  0.17427438E+001  0.12061494E+002  0.59173113E+002  0.13400202E+003  0.34790444E+003  0.65682771E+003
 -0.82433681E+000 -0.64308629E+000 -0.27720095E+000 -0.66078069E-004  0.84369877E-001  0.17427504E+001  0.12061628E+002  0.59173113E+002  0.13400202E+003  0.34790445E+003  0.65682772E+003
 -0.82433663E+000 -0.64308590E+000 -0.27720081E+000 -0.66077970E-004  0.84370001E-001  0.17427564E+001  0.12061755E+002  0.59173114E+002  0.13400202E+003  0.34790445E+003  0.65682773E+003
 -0.82433647E+000 -0.64308553E+000 -0.27720068E+000 -0.66077878E-004  0.84370115E-001  0.17427620E+001  0.12061876E+002  0.59173114E+002  0.13400202E+003  0.34790446E+003  0.65682774E+003
 -0.82433632E+000 -0.64308520E+000 -0.27720055E+000 -0.66077794E-004  0.84370219E-001  0.17427672E+001  0.12061990E+002  0.59173114E+002  0.13400203E+003  0.34790446E+003  0.65682775E+003
 -0.82433618E+000 -0.64308489E+000 -0.27720044E+000 -0.66077717E-004  0.84370315E-001  0.17427720E+001  0.12062099E+002  0.59173114E+002  0.13400203E+003  0.34790447E+003  0.65682777E+003
 -0.82433606E+000 -0.64308461E+000 -0.27720034E+000 -0.66077646E-004  0.84370403E-001  0.17427763E+001  0.12062201E+002  0.59173114E+002  0.13400203E+003  0.34790448E+003  0.65682778E+003
 -0.82433594E+000 -0.64308436E+000 -0.27720024E+000 -0.66077580E-004  0.84370484E-001  0.17427804E+001  0.12062298E+002  0.59173114E+002  0.13400203E+003  0.34790448E+003  0.65682779E+003
 -0.82433584E+000 -0.64308412E+000 -0.27720015E+000 -0.66077520E-004  0.84370558E-001  0.17427841E+001  0.12062389E+002  0.59173115E+002  0.13400203E+003  0.34790449E+003  0.65682780E+003
 -0.82433574E+000 -0.64308390E+000 -0.27720007E+000 -0.66077464E-004  0.84370626E-001  0.17427875E+001  0.12062475E+002  0.59173115E+002  0.13400203E+003  0.34790449E+003  0.65682781E+003
 -0.82433565E+000 -0.64308370E+000 -0.27720000E+000 -0.66077413E-004  0.84370688E-001  0.17427906E+001  0.12062556E+002  0.59173115E+002  0.13400203E+003  0.34790450E+003  0.65682783E+003
 -0.82433557E+000 -0.64308352E+000 -0.27719993E+000 -0.66077367E-004  0.84370745E-001  0.17427935E+001  0.12062632E+002  0.59173115E+002  0.13400203E+003  0.34790451E+003  0.65682784E+003
 -0.82433549E+000 -0.64308335E+000 -0.27719987E+000 -0.66077324E-004  0.84370797E-001  0.17427962E+001  0.12062704E+002  0.59173115E+002  0.13400204E+003  0.34790451E+003  0.65682785E+003
 -0.82433542E+000 -0.64308320E+000 -0.27719981E+000 -0.66077285E-004  0.84370845E-001  0.17427986E+001  0.12062771E+002  0.59173115E+002  0.13400204E+003  0.34790452E+003  0.65682786E+003
 -0.82433536E+000 -0.64308306E+000 -0.27719976E+000 -0.66077248E-004  0.84370888E-001  0.17428008E+001  0.12062833E+002  0.59173116E+002  0.13400204E+003  0.34790452E+003  0.65682788E+003
 -0.82433531E+000 -0.64308293E+000 -0.27719971E+000 -0.66077215E-004  0.84370928E-001  0.17428029E+001  0.12062892E+002  0.59173116E+002  0.13400204E+003  0.34790453E+003  0.65682789E+003
 -0.82433525E+000 -0.64308281E+000 -0.27719967E+000 -0.66077185E-004  0.84370965E-001  0.17428047E+001  0.12062947E+002  0.59173116E+002  0.13400204E+003  0.34790453E+003  0.65682790E+003
 -0.82433521E+000 -0.64308270E+000 -0.27719963E+000 -0.66077158E-004  0.84370998E-001  0.17428064E+001  0.12062999E+002  0.59173116E+002  0.13400204E+003  0.34790454E+003  0.65682791E+003
 -0.82433516E+000 -0.64308261E+000 -0.27719959E+000 -0.66077132E-004  0.84371028E-001  0.17428080E+001  0.12063047E+002  0.59173116E+002  0.13400204E+003  0.34790454E+003  0.65682793E+003
 -0.82433512E+000 -0.64308252E+000 -0.27719955E+000 -0.66077109E-004  0.84371056E-001  0.17428094E+001  0.12063092E+002  0.59173116E+002  0.13400204E+003  0.34790455E+003  0.65682794E+003
 -0.82433509E+000 -0.64308243E+000 -0.27719952E+000 -0.66077088E-004  0.84371081E-001  0.17428108E+001  0.12063133E+002  0.59173116E+002  0.13400204E+003  0.34790456E+003  0.65682795E+003
 -0.82433505E+000 -0.64308236E+000 -0.27719950E+000 -0.66077069E-004  0.84371104E-001  0.17428119E+001  0.12063172E+002  0.59173116E+002  0.13400205E+003  0.34790456E+003  0.65682796E+003
 -0.82433502E+000 -0.64308229E+000 -0.27719947E+000 -0.66077051E-004  0.84371125E-001  0.17428130E+001  0.12063209E+002  0.59173116E+002  0.13400205E+003  0.34790457E+003  0.65682797E+003
 -0.82433500E+000 -0.64308223E+000 -0.27719945E+000 -0.66077035E-004  0.84371144E-001  0.17428140E+001  0.12063242E+002  0.59173117E+002  0.13400205E+003  0.34790457E+003  0.65682798E+003
 -0.82433497E+000 -0.64308217E+000 -0.27719942E+000 -0.66077020E-004  0.84371162E-001  0.17428149E+001  0.12063274E+002  0.59173117E+002  0.13400205E+003  0.34790457E+003  0.65682800E+003
 -0.82433495E+000 -0.64308212E+000 -0.27719940E+000 -0.66077007E-004  0.84371178E-001  0.17428158E+001  0.12063303E+002  0.59173117E+002  0.13400205E+003  0.34790458E+003  0.65682801E+003
 -0.82433493E+000 -0.64308208E+000 -0.27719939E+000 -0.66076994E-004  0.84371192E-001  0.17428165E+001  0.12063330E+002  0.59173117E+002  0.13400205E+003  0.34790458E+003  0.65682802E+003
 -0.82433491E+000 -0.64308203E+000 -0.27719937E+000 -0.66076983E-004  0.84371205E-001  0.17428172E+001  0.12063355E+002  0.59173117E+002  0.13400205E+003  0.34790459E+003  0.65682803E+003
 -0.82433489E+000 -0.64308199E+000 -0.27719936E+000 -0.66076973E-004  0.84371217E-001  0.17428179E+001  0.12063378E+002  0.59173117E+002  0.13400205E+003  0.34790459E+003  0.65682804E+003
 -0.82433488E+000 -0.64308196E+000 -0.27719934E+000 -0.66076964E-004  0.84371228E-001  0.17428184E+001  0.12063399E+002  0.59173117E+002  0.13400205E+003  0.34790460E+003  0.65682805E+003
 -0.82433486E+000 -0.64308193E+000 -0.27719933E+000 -0.66076955E-004  0.84371238E-001  0.17428189E+001  0.12063419E+002  0.59173117E+002  0.13400205E+003  0.34790460E+003  0.65682806E+003
 -0.82433485E+000 -0.64308190E+000 -0.27719932E+000 -0.66076948E-004  0.84371247E-001  0.17428194E+001  0.12063437E+002  0.59173117E+002  0.13400205E+003  0.34790460E+003  0.65682807E+003
 -0.82433484E+000 -0.64308187E+000 -0.27719931E+000 -0.66076941E-004  0.84371255E-001  0.17428199E+001  0.12063454E+002  0.59173117E+002  0.13400205E+003  0.34790461E+003  0.65682808E+003
 -0.82433483E+000 -0.64308185E+000 -0.27719930E+000 -0.66076934E-004  0.84371263E-001  0.17428202E+001  0.12063470E+002  0.59173117E+002  0.13400205E+003  0.34790461E+003  0.65682809E+003
 -0.82433482E+000 -0.64308182E+000 -0.27719929E+000 -0.66076928E-004  0.84371269E-001  0.17428206E+001  0.12063485E+002  0.59173117E+002  0.13400206E+003  0.34790462E+003  0.65682810E+003
 -0.82433481E+000 -0.64308180E+000 -0.27719928E+000 -0.66076923E-004  0.84371276E-001  0.17428209E+001  0.12063498E+002  0.59173117E+002  0.13400206E+003  0.34790462E+003  0.65682811E+003
 -0.82433480E+000 -0.64308179E+000 -0.27719927E+000 -0.66076918E-004  0.84371281E-001  0.17428212E+001  0.12063510E+002  0.59173117E+002  0.13400206E+003  0.34790462E+003  0.65682812E+003
 -0.82433479E+000 -0.64308177E+000 -0.27719927E+000 -0.66076914E-004  0.84371286E-001  0.17428215E+001  0.12063521E+002  0.59173117E+002  0.13400206E+003  0.34790463E+003  0.65682813E+003
 -0.82433479E+000 -0.64308175E+000 -0.27719926E+000 -0.66076910E-004  0.84371291E-001  0.17428217E+001  0.12063532E+002  0.59173118E+002  0.13400206E+003  0.34790463E+003  0.65682814E+003
 -0.82433478E+000 -0.64308174E+000 -0.27719926E+000 -0.66076907E-004  0.84371295E-001  0.17428220E+001  0.12063542E+002  0.59173118E+002  0.13400206E+003  0.34790463E+003  0.65682815E+003
 -0.82433478E+000 -0.64308173E+000 -0.27719925E+000 -0.66076903E-004  0.84371299E-001  0.17428222E+001  0.12063550E+002  0.59173118E+002  0.13400206E+003  0.34790464E+003  0.65682816E+003
 -0.82433477E+000 -0.64308172E+000 -0.27719925E+000 -0.66076900E-004  0.84371302E-001  0.17428223E+001  0.12063558E+002  0.59173118E+002  0.13400206E+003  0.34790464E+003  0.65682817E+003
 -0.82433477E+000 -0.64308171E+000 -0.27719924E+000 -0.66076898E-004  0.84371305E-001  0.17428225E+001  0.12063566E+002  0.59173118E+002  0.13400206E+003  0.34790464E+003  0.65682818E+003
 -0.82433476E+000 -0.64308170E+000 -0.27719924E+000 -0.66076895E-004  0.84371308E-001  0.17428227E+001  0.12063573E+002  0.59173118E+002  0.13400206E+003  0.34790465E+003  0.65682819E+003
 -0.82433476E+000 -0.64308169E+000 -0.27719924E+000 -0.66076893E-004  0.84371311E-001  0.17428228E+001  0.12063579E+002  0.59173118E+002  0.13400206E+003  0.34790465E+003  0.65682819E+003
 -0.82433476E+000 -0.64308168E+000 -0.27719923E+000 -0.66076891E-004  0.84371313E-001  0.17428229E+001  0.12063585E+002  0.59173118E+002  0.13400206E+003  0.34790465E+003  0.65682820E+003
 -0.82433475E+000 -0.64308168E+000 -0.27719923E+000 -0.66076889E-004  0.84371315E-001  0.17428230E+001  0.12063590E+002  0.59173118E+002  0.13400206E+003  0.34790465E+003  0.65682821E+003
