  0.00000000E+000  0.00000000E+000  0.00000000E+000  0.00000000E+000  0.41772900E-001  0.36576301E+000  0.69180182E+001  0.46401376E+002  0.11350134E+003  0.30046528E+003  0.58995304E+003
  0.00000000E+000  0.00000000E+000  0.00000000E+000  0.00000000E+000  0.41777731E-001  0.36576582E+000  0.69180497E+001  0.46401448E+002  0.11350142E+003  0.30046543E+003  0.58995381E+003
  0.00000000E+000  0.00000000E+000  0.00000000E+000  0.00000000E+000  0.41783814E-001  0.36576901E+000  0.69180808E+001  0.46401518E+002  0.11350148E+003  0.30046554E+003  0.58995449E+003
  0.00000000E+000  0.00000000E+000  0.00000000E+000  0.00000000E+000  0.41789884E-001  0.36577279E+000  0.69181118E+001  0.46401586E+002  0.11350154E+003  0.30046563E+003  0.58995513E+003
  0.00000000E+000  0.00000000E+000  0.00000000E+000  0.00000000E+000  0.41795541E-001  0.36577721E+000  0.69181427E+001  0.46401654E+002  0.11350159E+003  0.30046571E+003  0.58995574E+003
  0.00000000E+000  0.00000000E+000  0.00000000E+000  0.00000000E+000  0.41800728E-001  0.36578217E+000  0.69181736E+001  0.46401722E+002  0.11350165E+003  0.30046579E+003  0.58995633E+003
  0.00000000E+000  0.00000000E+000  0.00000000E+000  0.00000000E+000  0.41805488E-001  0.36578757E+000  0.69182046E+001  0.46401791E+002  0.11350171E+003  0.30046587E+003  0.58995691E+003
  0.00000000E+000  0.00000000E+000  0.00000000E+000  0.00000000E+000  0.41809885E-001  0.36579329E+000  0.69182356E+001  0.46401860E+002  0.11350177E+003  0.30046594E+003  0.58995749E+003
  0.00000000E+000  0.00000000E+000  0.00000000E+000  0.00000000E+000  0.41813975E-001  0.36579923E+000  0.69182667E+001  0.46401930E+002  0.11350183E+003  0.30046602E+003  0.58995806E+003
  0.00000000E+000  0.00000000E+000  0.00000000E+000  0.00000000E+000  0.41817809E-001  0.36580531E+000  0.69182980E+001  0.46402001E+002  0.11350189E+003  0.30046610E+003  0.58995863E+003
  0.00000000E+000  0.00000000E+000  0.00000000E+000  0.00000000E+000  0.41821429E-001  0.36581148E+000  0.69183296E+001  0.46402072E+002  0.11350196E+003  0.30046618E+003  0.58995920E+003
  0.00000000E+000  0.00000000E+000  0.00000000E+000  0.00000000E+000  0.41824873E-001  0.36581768E+000  0.69183615E+001  0.46402145E+002  0.11350202E+003  0.30046626E+003  0.58995977E+003
  0.00000000E+000  0.00000000E+000  0.00000000E+000  0.00000000E+000  0.41828171E-001  0.36582389E+000  0.69183937E+001  0.46402219E+002  0.11350209E+003  0.30046635E+003  0.58996034E+003
  0.00000000E+000  0.00000000E+000  0.00000000E+000  0.00000000E+000  0.41831353E-001  0.36583010E+000  0.69184264E+001  0.46402294E+002  0.11350216E+003  0.30046643E+003  0.58996092E+003
  0.00000000E+000  0.00000000E+000  0.00000000E+000  0.00000000E+000  0.41834443E-001  0.36583628E+000  0.69184596E+001  0.46402371E+002  0.11350224E+003  0.30046652E+003  0.58996150E+003
  0.00000000E+000  0.00000000E+000  0.00000000E+000  0.00000000E+000  0.41837462E-001  0.36584243E+000  0.69184934E+001  0.46402449E+002  0.11350231E+003  0.30046661E+003  0.58996208E+003
  0.00000000E+000  0.00000000E+000  0.00000000E+000  0.00000000E+000  0.41840428E-001  0.36584856E+000  0.69185279E+001  0.46402529E+002  0.11350239E+003  0.30046670E+003  0.58996267E+003
  0.00000000E+000  0.00000000E+000  0.00000000E+000  0.00000000E+000  0.41843357E-001  0.36585466E+000  0.69185631E+001  0.46402611E+002  0.11350247E+003  0.30046679E+003  0.58996327E+003
  0.00000000E+000  0.00000000E+000  0.00000000E+000  0.00000000E+000  0.41846263E-001  0.36586073E+000  0.69185992E+001  0.46402695E+002  0.11350255E+003  0.30046689E+003  0.58996387E+003
  0.00000000E+000  0.00000000E+000  0.00000000E+000  0.00000000E+000  0.41849155E-001  0.36586678E+000  0.69186362E+001  0.46402781E+002  0.11350264E+003  0.30046699E+003  0.58996448E+003
  0.00000000E+000  0.00000000E+000  0.00000000E+000  0.00000000E+000  0.41852044E-001  0.36587281E+000  0.69186743E+001  0.46402869E+002  0.11350273E+003  0.30046709E+003  0.58996510E+003
  0.00000000E+000  0.00000000E+000  0.00000000E+000  0.00000000E+000  0.41854938E-001  0.36587883E+000  0.69187135E+001  0.46402960E+002  0.11350282E+003  0.30046720E+003  0.58996573E+003
  0.00000000E+000  0.00000000E+000  0.00000000E+000  0.00000000E+000  0.41857842E-001  0.36588485E+000  0.69187538E+001  0.46403054E+002  0.11350292E+003  0.30046730E+003  0.58996637E+003
  0.00000000E+000  0.00000000E+000  0.00000000E+000  0.00000000E+000  0.41860763E-001  0.36589087E+000  0.69187955E+001  0.46403151E+002  0.11350301E+003  0.30046741E+003  0.58996702E+003
  0.00000000E+000  0.00000000E+000  0.00000000E+000  0.00000000E+000  0.41863706E-001  0.36589689E+000  0.69188387E+001  0.46403250E+002  0.11350312E+003  0.30046753E+003  0.58996768E+003
  0.00000000E+000  0.00000000E+000  0.00000000E+000  0.00000000E+000  0.41866675E-001  0.36590293E+000  0.69188833E+001  0.46403354E+002  0.11350322E+003  0.30046765E+003  0.58996835E+003
  0.00000000E+000  0.00000000E+000  0.00000000E+000  0.00000000E+000  0.41869675E-001  0.36590898E+000  0.69189295E+001  0.46403461E+002  0.11350334E+003  0.30046777E+003  0.58996904E+003
  0.00000000E+000  0.00000000E+000  0.00000000E+000  0.00000000E+000  0.41872710E-001  0.36591506E+000  0.69189775E+001  0.46403572E+002  0.11350345E+003  0.30046789E+003  0.58996975E+003
  0.00000000E+000  0.00000000E+000  0.00000000E+000  0.00000000E+000  0.41875782E-001  0.36592118E+000  0.69190273E+001  0.46403687E+002  0.11350357E+003  0.30046802E+003  0.58997047E+003
  0.00000000E+000  0.00000000E+000  0.00000000E+000  0.00000000E+000  0.41878896E-001  0.36592733E+000  0.69190790E+001  0.46403807E+002  0.11350370E+003  0.30046816E+003  0.58997122E+003
  0.00000000E+000  0.00000000E+000  0.00000000E+000  0.00000000E+000  0.41882056E-001  0.36593352E+000  0.69191326E+001  0.46403932E+002  0.11350383E+003  0.30046830E+003  0.58997198E+003
  0.00000000E+000  0.00000000E+000  0.00000000E+000  0.00000000E+000  0.41885266E-001  0.36593976E+000  0.69191884E+001  0.46404062E+002  0.11350397E+003  0.30046844E+003  0.58997276E+003
  0.00000000E+000  0.00000000E+000  0.00000000E+000  0.00000000E+000  0.41888528E-001  0.36594605E+000  0.69192464E+001  0.46404197E+002  0.11350411E+003  0.30046860E+003  0.58997356E+003
  0.00000000E+000  0.00000000E+000  0.00000000E+000  0.00000000E+000  0.41891847E-001  0.36595240E+000  0.69193067E+001  0.46404339E+002  0.11350426E+003  0.30046875E+003  0.58997438E+003
  0.00000000E+000  0.00000000E+000  0.00000000E+000  0.00000000E+000  0.41895228E-001  0.36595881E+000  0.69193694E+001  0.46404486E+002  0.11350442E+003  0.30046892E+003  0.58997523E+003
  0.00000000E+000  0.00000000E+000  0.00000000E+000  0.00000000E+000  0.41898674E-001  0.36596530E+000  0.69194345E+001  0.46404640E+002  0.11350458E+003  0.30046909E+003  0.58997610E+003
  0.00000000E+000  0.00000000E+000  0.00000000E+000  0.00000000E+000  0.41902189E-001  0.36597186E+000  0.69195022E+001  0.46404802E+002  0.11350476E+003  0.30046926E+003  0.58997699E+003
  0.00000000E+000  0.00000000E+000  0.00000000E+000  0.00000000E+000  0.41905778E-001  0.36597850E+000  0.69195726E+001  0.46404970E+002  0.11350494E+003  0.30046945E+003  0.58997792E+003
  0.00000000E+000  0.00000000E+000  0.00000000E+000  0.00000000E+000  0.41909445E-001  0.36598523E+000  0.69196456E+001  0.46405146E+002  0.11350513E+003  0.30046964E+003  0.58997886E+003
  0.00000000E+000  0.00000000E+000  0.00000000E+000  0.00000000E+000  0.41913195E-001  0.36599206E+000  0.69197214E+001  0.46405331E+002  0.11350533E+003  0.30046984E+003  0.58997984E+003
  0.00000000E+000  0.00000000E+000  0.00000000E+000  0.00000000E+000  0.41917031E-001  0.36599899E+000  0.69198001E+001  0.46405524E+002  0.11350553E+003  0.30047005E+003  0.58998085E+003
  0.00000000E+000  0.00000000E+000  0.00000000E+000  0.00000000E+000  0.41920958E-001  0.36600603E+000  0.69198818E+001  0.46405727E+002  0.11350575E+003  0.30047027E+003  0.58998189E+003
  0.00000000E+000  0.00000000E+000  0.00000000E+000  0.00000000E+000  0.41924979E-001  0.36601320E+000  0.69199665E+001  0.46405939E+002  0.11350598E+003  0.30047050E+003  0.58998295E+003
  0.00000000E+000  0.00000000E+000  0.00000000E+000  0.00000000E+000  0.41929098E-001  0.36602050E+000  0.69200542E+001  0.46406162E+002  0.11350622E+003  0.30047073E+003  0.58998405E+003
  0.00000000E+000  0.00000000E+000  0.00000000E+000  0.00000000E+000  0.41933318E-001  0.36602794E+000  0.69201452E+001  0.46406396E+002  0.11350647E+003  0.30047098E+003  0.58998518E+003
  0.00000000E+000  0.00000000E+000  0.00000000E+000  0.00000000E+000  0.41937640E-001  0.36603554E+000  0.69202394E+001  0.46406640E+002  0.11350674E+003  0.30047124E+003  0.58998634E+003
  0.00000000E+000  0.00000000E+000  0.00000000E+000  0.00000000E+000  0.41942068E-001  0.36604330E+000  0.69203369E+001  0.46406897E+002  0.11350701E+003  0.30047151E+003  0.58998754E+003
  0.00000000E+000  0.00000000E+000  0.00000000E+000  0.00000000E+000  0.41946601E-001  0.36605125E+000  0.69204377E+001  0.46407167E+002  0.11350730E+003  0.30047180E+003  0.58998877E+003
  0.00000000E+000  0.00000000E+000  0.00000000E+000  0.00000000E+000  0.41951240E-001  0.36605939E+000  0.69205420E+001  0.46407449E+002  0.11350761E+003  0.30047209E+003  0.58999003E+003
  0.00000000E+000  0.00000000E+000  0.00000000E+000  0.00000000E+000  0.41955985E-001  0.36606775E+000  0.69206498E+001  0.46407746E+002  0.11350793E+003  0.30047240E+003  0.58999133E+003
  0.00000000E+000  0.00000000E+000  0.00000000E+000  0.00000000E+000  0.41960833E-001  0.36607633E+000  0.69207612E+001  0.46408057E+002  0.11350827E+003  0.30047272E+003  0.58999267E+003
  0.00000000E+000  0.00000000E+000  0.00000000E+000  0.00000000E+000  0.41965783E-001  0.36608515E+000  0.69208762E+001  0.46408384E+002  0.11350862E+003  0.30047306E+003  0.58999404E+003
  0.00000000E+000  0.00000000E+000  0.00000000E+000  0.00000000E+000  0.41970830E-001  0.36609423E+000  0.69209949E+001  0.46408726E+002  0.11350899E+003  0.30047341E+003  0.58999544E+003
  0.00000000E+000  0.00000000E+000  0.00000000E+000  0.00000000E+000  0.41975969E-001  0.36610359E+000  0.69211172E+001  0.46409085E+002  0.11350938E+003  0.30047378E+003  0.58999688E+003
  0.00000000E+000  0.00000000E+000  0.00000000E+000  0.00000000E+000  0.41981195E-001  0.36611324E+000  0.69212433E+001  0.46409462E+002  0.11350979E+003  0.30047417E+003  0.58999835E+003
  0.00000000E+000  0.00000000E+000  0.00000000E+000  0.00000000E+000  0.41986502E-001  0.36612321E+000  0.69213731E+001  0.46409858E+002  0.11351022E+003  0.30047457E+003  0.58999986E+003
  0.00000000E+000  0.00000000E+000  0.00000000E+000  0.00000000E+000  0.41991880E-001  0.36613350E+000  0.69215067E+001  0.46410273E+002  0.11351067E+003  0.30047499E+003  0.59000141E+003
  0.00000000E+000  0.00000000E+000  0.00000000E+000  0.00000000E+000  0.41997321E-001  0.36614413E+000  0.69216442E+001  0.46410707E+002  0.11351114E+003  0.30047543E+003  0.59000299E+003
  0.00000000E+000  0.00000000E+000  0.00000000E+000  0.00000000E+000  0.42002816E-001  0.36615512E+000  0.69217854E+001  0.46411163E+002  0.11351164E+003  0.30047589E+003  0.59000460E+003
  0.00000000E+000  0.00000000E+000  0.00000000E+000  0.00000000E+000  0.42008353E-001  0.36616649E+000  0.69219305E+001  0.46411640E+002  0.11351216E+003  0.30047637E+003  0.59000625E+003
  0.00000000E+000  0.00000000E+000  0.00000000E+000  0.00000000E+000  0.42013921E-001  0.36617826E+000  0.69220794E+001  0.46412141E+002  0.11351271E+003  0.30047687E+003  0.59000794E+003
  0.00000000E+000  0.00000000E+000  0.00000000E+000  0.00000000E+000  0.42019508E-001  0.36619043E+000  0.69222321E+001  0.46412664E+002  0.11351328E+003  0.30047739E+003  0.59000965E+003
  0.00000000E+000  0.00000000E+000  0.00000000E+000  0.00000000E+000  0.42025101E-001  0.36620302E+000  0.69223886E+001  0.46413212E+002  0.11351388E+003  0.30047794E+003  0.59001140E+003
  0.00000000E+000  0.00000000E+000  0.00000000E+000  0.00000000E+000  0.42030688E-001  0.36621605E+000  0.69225490E+001  0.46413785E+002  0.11351451E+003  0.30047851E+003  0.59001318E+003
  0.00000000E+000  0.00000000E+000  0.00000000E+000  0.00000000E+000  0.42036254E-001  0.36622953E+000  0.69227131E+001  0.46414384E+002  0.11351518E+003  0.30047911E+003  0.59001500E+003
  0.00000000E+000  0.00000000E+000  0.00000000E+000  0.00000000E+000  0.42041787E-001  0.36624348E+000  0.69228810E+001  0.46415009E+002  0.11351587E+003  0.30047973E+003  0.59001684E+003
  0.00000000E+000  0.00000000E+000  0.00000000E+000  0.00000000E+000  0.42047273E-001  0.36625790E+000  0.69230527E+001  0.46415662E+002  0.11351660E+003  0.30048038E+003  0.59001872E+003
  0.00000000E+000  0.00000000E+000  0.00000000E+000  0.00000000E+000  0.42052699E-001  0.36627281E+000  0.69232281E+001  0.46416342E+002  0.11351737E+003  0.30048107E+003  0.59002062E+003
  0.00000000E+000  0.00000000E+000  0.00000000E+000  0.00000000E+000  0.42058052E-001  0.36628823E+000  0.69234073E+001  0.46417052E+002  0.11351817E+003  0.30048178E+003  0.59002255E+003
  0.00000000E+000  0.00000000E+000  0.00000000E+000  0.00000000E+000  0.42063318E-001  0.36630415E+000  0.69235901E+001  0.46417790E+002  0.11351902E+003  0.30048253E+003  0.59002451E+003
  0.00000000E+000  0.00000000E+000  0.00000000E+000  0.00000000E+000  0.42068487E-001  0.36632060E+000  0.69237765E+001  0.46418559E+002  0.11351990E+003  0.30048331E+003  0.59002650E+003
  0.00000000E+000  0.00000000E+000  0.00000000E+000  0.00000000E+000  0.42073547E-001  0.36633758E+000  0.69239665E+001  0.46419357E+002  0.11352082E+003  0.30048412E+003  0.59002852E+003
  0.00000000E+000  0.00000000E+000  0.00000000E+000  0.00000000E+000  0.42078487E-001  0.36635509E+000  0.69241600E+001  0.46420186E+002  0.11352179E+003  0.30048498E+003  0.59003056E+003
  0.00000000E+000  0.00000000E+000  0.00000000E+000  0.00000000E+000  0.42083298E-001  0.36637314E+000  0.69243569E+001  0.46421045E+002  0.11352280E+003  0.30048587E+003  0.59003263E+003
  0.00000000E+000  0.00000000E+000  0.00000000E+000  0.00000000E+000  0.42087972E-001  0.36639173E+000  0.69245572E+001  0.46421936E+002  0.11352386E+003  0.30048680E+003  0.59003472E+003
  0.00000000E+000  0.00000000E+000  0.00000000E+000  0.00000000E+000  0.42092501E-001  0.36641086E+000  0.69247608E+001  0.46422858E+002  0.11352497E+003  0.30048778E+003  0.59003684E+003
  0.00000000E+000  0.00000000E+000  0.00000000E+000  0.00000000E+000  0.42096879E-001  0.36643053E+000  0.69249675E+001  0.46423810E+002  0.11352613E+003  0.30048881E+003  0.59003898E+003
  0.00000000E+000  0.00000000E+000  0.00000000E+000  0.00000000E+000  0.42101101E-001  0.36645074E+000  0.69251774E+001  0.46424794E+002  0.11352733E+003  0.30048988E+003  0.59004115E+003
  0.00000000E+000  0.00000000E+000  0.00000000E+000  0.00000000E+000  0.42105162E-001  0.36647147E+000  0.69253902E+001  0.46425809E+002  0.11352859E+003  0.30049101E+003  0.59004334E+003
  0.00000000E+000  0.00000000E+000  0.00000000E+000  0.00000000E+000  0.42109061E-001  0.36649271E+000  0.69256059E+001  0.46426854E+002  0.11352991E+003  0.30049218E+003  0.59004555E+003
  0.00000000E+000  0.00000000E+000  0.00000000E+000  0.00000000E+000  0.42112796E-001  0.36651445E+000  0.69258243E+001  0.46427930E+002  0.11353127E+003  0.30049342E+003  0.59004779E+003
  0.00000000E+000  0.00000000E+000  0.00000000E+000  0.00000000E+000  0.42116366E-001  0.36653666E+000  0.69260454E+001  0.46429035E+002  0.11353270E+003  0.30049471E+003  0.59005005E+003
  0.00000000E+000  0.00000000E+000  0.00000000E+000  0.00000000E+000  0.42119773E-001  0.36655933E+000  0.69262690E+001  0.46430170E+002  0.11353418E+003  0.30049607E+003  0.59005234E+003
  0.00000000E+000  0.00000000E+000  0.00000000E+000  0.00000000E+000  0.42123017E-001  0.36658243E+000  0.69264951E+001  0.46431334E+002  0.11353571E+003  0.30049749E+003  0.59005465E+003
  0.00000000E+000  0.00000000E+000  0.00000000E+000  0.00000000E+000  0.42126101E-001  0.36660593E+000  0.69267234E+001  0.46432526E+002  0.11353731E+003  0.30049898E+003  0.59005699E+003
  0.00000000E+000  0.00000000E+000  0.00000000E+000  0.00000000E+000  0.42129029E-001  0.36662979E+000  0.69269540E+001  0.46433745E+002  0.11353896E+003  0.30050054E+003  0.59005935E+003
  0.00000000E+000  0.00000000E+000  0.00000000E+000  0.00000000E+000  0.42131804E-001  0.36665398E+000  0.69271867E+001  0.46434992E+002  0.11354067E+003  0.30050217E+003  0.59006174E+003
  0.00000000E+000  0.00000000E+000  0.00000000E+000  0.00000000E+000  0.42134432E-001  0.36667845E+000  0.69274213E+001  0.46436264E+002  0.11354244E+003  0.30050389E+003  0.59006417E+003
  0.00000000E+000  0.00000000E+000  0.00000000E+000  0.00000000E+000  0.42136916E-001  0.36670316E+000  0.69276579E+001  0.46437561E+002  0.11354427E+003  0.30050569E+003  0.59006662E+003
  0.00000000E+000  0.00000000E+000  0.00000000E+000  0.00000000E+000  0.42139264E-001  0.36672806E+000  0.69278964E+001  0.46438882E+002  0.11354615E+003  0.30050757E+003  0.59006911E+003
  0.00000000E+000  0.00000000E+000  0.00000000E+000  0.00000000E+000  0.42141479E-001  0.36675311E+000  0.69281366E+001  0.46440226E+002  0.11354810E+003  0.30050954E+003  0.59007163E+003
  0.00000000E+000  0.00000000E+000  0.00000000E+000  0.00000000E+000  0.42143569E-001  0.36677824E+000  0.69283785E+001  0.46441592E+002  0.11355011E+003  0.30051161E+003  0.59007420E+003
  0.00000000E+000  0.00000000E+000  0.00000000E+000  0.00000000E+000  0.42145539E-001  0.36680341E+000  0.69286221E+001  0.46442980E+002  0.11355217E+003  0.30051377E+003  0.59007680E+003
  0.00000000E+000  0.00000000E+000  0.00000000E+000  0.00000000E+000  0.42147394E-001  0.36682856E+000  0.69288673E+001  0.46444387E+002  0.11355430E+003  0.30051603E+003  0.59007945E+003
  0.00000000E+000  0.00000000E+000  0.00000000E+000  0.00000000E+000  0.42149142E-001  0.36685364E+000  0.69291140E+001  0.46445814E+002  0.11355648E+003  0.30051840E+003  0.59008215E+003
  0.00000000E+000  0.00000000E+000  0.00000000E+000  0.00000000E+000  0.42150787E-001  0.36687859E+000  0.69293622E+001  0.46447258E+002  0.11355872E+003  0.30052088E+003  0.59008490E+003
  0.00000000E+000  0.00000000E+000  0.00000000E+000  0.00000000E+000  0.42152335E-001  0.36690335E+000  0.69296120E+001  0.46448719E+002  0.11356102E+003  0.30052347E+003  0.59008771E+003
  0.00000000E+000  0.00000000E+000  0.00000000E+000  0.00000000E+000  0.42153791E-001  0.36692786E+000  0.69298632E+001  0.46450196E+002  0.11356337E+003  0.30052618E+003  0.59009058E+003
  0.00000000E+000  0.00000000E+000  0.00000000E+000  0.00000000E+000  0.42155161E-001  0.36695209E+000  0.69301158E+001  0.46451688E+002  0.11356578E+003  0.30052901E+003  0.59009352E+003
  0.00000000E+000  0.00000000E+000  0.00000000E+000  0.00000000E+000  0.42156450E-001  0.36697597E+000  0.69303698E+001  0.46453192E+002  0.11356825E+003  0.30053196E+003  0.59009653E+003
  0.00000000E+000  0.00000000E+000  0.00000000E+000  0.00000000E+000  0.42157662E-001  0.36699945E+000  0.69306253E+001  0.46454709E+002  0.11357077E+003  0.30053504E+003  0.59009962E+003
  0.00000000E+000  0.00000000E+000  0.00000000E+000  0.00000000E+000  0.42158801E-001  0.36702249E+000  0.69308821E+001  0.46456237E+002  0.11357334E+003  0.30053826E+003  0.59010280E+003
  0.00000000E+000  0.00000000E+000  0.00000000E+000  0.00000000E+000  0.42159872E-001  0.36704505E+000  0.69311403E+001  0.46457775E+002  0.11357597E+003  0.30054160E+003  0.59010606E+003
  0.00000000E+000  0.00000000E+000  0.00000000E+000  0.00000000E+000  0.42160878E-001  0.36706708E+000  0.69313998E+001  0.46459322E+002  0.11357864E+003  0.30054509E+003  0.59010942E+003
  0.00000000E+000  0.00000000E+000  0.00000000E+000  0.00000000E+000  0.42161823E-001  0.36708856E+000  0.69316606E+001  0.46460877E+002  0.11358137E+003  0.30054872E+003  0.59011289E+003
  0.00000000E+000  0.00000000E+000  0.00000000E+000  0.00000000E+000  0.42162711E-001  0.36710944E+000  0.69319226E+001  0.46462437E+002  0.11358414E+003  0.30055249E+003  0.59011646E+003
  0.00000000E+000  0.00000000E+000  0.00000000E+000  0.00000000E+000  0.42163545E-001  0.36712970E+000  0.69321859E+001  0.46464004E+002  0.11358696E+003  0.30055641E+003  0.59012016E+003
  0.00000000E+000  0.00000000E+000  0.00000000E+000  0.00000000E+000  0.42164327E-001  0.36714932E+000  0.69324502E+001  0.46465574E+002  0.11358982E+003  0.30056049E+003  0.59012398E+003
  0.00000000E+000  0.00000000E+000  0.00000000E+000  0.00000000E+000  0.42165061E-001  0.36716827E+000  0.69327156E+001  0.46467148E+002  0.11359273E+003  0.30056471E+003  0.59012794E+003
  0.00000000E+000  0.00000000E+000  0.00000000E+000  0.00000000E+000  0.42165749E-001  0.36718655E+000  0.69329819E+001  0.46468724E+002  0.11359567E+003  0.30056909E+003  0.59013204E+003
  0.00000000E+000  0.00000000E+000  0.00000000E+000  0.00000000E+000  0.42166393E-001  0.36720413E+000  0.69332490E+001  0.46470300E+002  0.11359866E+003  0.30057363E+003  0.59013629E+003
  0.00000000E+000  0.00000000E+000  0.00000000E+000  0.00000000E+000  0.42166997E-001  0.36722101E+000  0.69335168E+001  0.46471877E+002  0.11360168E+003  0.30057833E+003  0.59014070E+003
  0.00000000E+000  0.00000000E+000  0.00000000E+000  0.00000000E+000  0.42167561E-001  0.36723719E+000  0.69337851E+001  0.46473453E+002  0.11360474E+003  0.30058319E+003  0.59014528E+003
  0.00000000E+000  0.00000000E+000  0.00000000E+000  0.00000000E+000  0.42168089E-001  0.36725267E+000  0.69340537E+001  0.46475026E+002  0.11360783E+003  0.30058821E+003  0.59015003E+003
  0.00000000E+000  0.00000000E+000  0.00000000E+000  0.00000000E+000  0.42168583E-001  0.36726744E+000  0.69343224E+001  0.46476597E+002  0.11361095E+003  0.30059339E+003  0.59015497E+003
  0.00000000E+000  0.00000000E+000  0.00000000E+000  0.00000000E+000  0.42169043E-001  0.36728153E+000  0.69345910E+001  0.46478163E+002  0.11361409E+003  0.30059874E+003  0.59016011E+003
  0.00000000E+000  0.00000000E+000  0.00000000E+000  0.00000000E+000  0.42169473E-001  0.36729492E+000  0.69348593E+001  0.46479725E+002  0.11361727E+003  0.30060425E+003  0.59016545E+003
  0.00000000E+000  0.00000000E+000  0.00000000E+000  0.00000000E+000  0.42169873E-001  0.36730764E+000  0.69351270E+001  0.46481281E+002  0.11362047E+003  0.30060992E+003  0.59017100E+003
  0.00000000E+000  0.00000000E+000  0.00000000E+000  0.00000000E+000  0.42170245E-001  0.36731970E+000  0.69353938E+001  0.46482831E+002  0.11362368E+003  0.30061576E+003  0.59017677E+003
  0.00000000E+000  0.00000000E+000  0.00000000E+000  0.00000000E+000  0.42170592E-001  0.36733112E+000  0.69356594E+001  0.46484374E+002  0.11362692E+003  0.30062176E+003  0.59018277E+003
  0.00000000E+000  0.00000000E+000  0.00000000E+000  0.00000000E+000  0.42170914E-001  0.36734191E+000  0.69359235E+001  0.46485908E+002  0.11363018E+003  0.30062792E+003  0.59018901E+003
  0.00000000E+000  0.00000000E+000  0.00000000E+000  0.00000000E+000  0.42171213E-001  0.36735209E+000  0.69361858E+001  0.46487434E+002  0.11363344E+003  0.30063423E+003  0.59019548E+003
  0.00000000E+000  0.00000000E+000  0.00000000E+000  0.00000000E+000  0.42171490E-001  0.36736168E+000  0.69364459E+001  0.46488951E+002  0.11363672E+003  0.30064071E+003  0.59020221E+003
  0.00000000E+000  0.00000000E+000  0.00000000E+000  0.00000000E+000  0.42171747E-001  0.36737071E+000  0.69367035E+001  0.46490458E+002  0.11364001E+003  0.30064734E+003  0.59020920E+003
  0.00000000E+000  0.00000000E+000  0.00000000E+000  0.00000000E+000  0.42171984E-001  0.36737918E+000  0.69369582E+001  0.46491954E+002  0.11364330E+003  0.30065412E+003  0.59021645E+003
  0.00000000E+000  0.00000000E+000  0.00000000E+000  0.00000000E+000  0.42172204E-001  0.36738714E+000  0.69372098E+001  0.46493439E+002  0.11364660E+003  0.30066105E+003  0.59022397E+003
  0.00000000E+000  0.00000000E+000  0.00000000E+000  0.00000000E+000  0.42172407E-001  0.36739459E+000  0.69374578E+001  0.46494913E+002  0.11364990E+003  0.30066812E+003  0.59023177E+003
  0.00000000E+000  0.00000000E+000  0.00000000E+000  0.00000000E+000  0.42172594E-001  0.36740157E+000  0.69377020E+001  0.46496374E+002  0.11365320E+003  0.30067533E+003  0.59023985E+003
  0.00000000E+000  0.00000000E+000  0.00000000E+000  0.00000000E+000  0.42172766E-001  0.36740809E+000  0.69379421E+001  0.46497823E+002  0.11365649E+003  0.30068268E+003  0.59024822E+003
  0.00000000E+000  0.00000000E+000  0.00000000E+000  0.00000000E+000  0.42172925E-001  0.36741418E+000  0.69381776E+001  0.46499259E+002  0.11365979E+003  0.30069017E+003  0.59025687E+003
  0.00000000E+000  0.00000000E+000  0.00000000E+000  0.00000000E+000  0.42173071E-001  0.36741985E+000  0.69384084E+001  0.46500681E+002  0.11366307E+003  0.30069777E+003  0.59026581E+003
  0.00000000E+000  0.00000000E+000  0.00000000E+000  0.00000000E+000  0.42173206E-001  0.36742514E+000  0.69386341E+001  0.46502090E+002  0.11366634E+003  0.30070551E+003  0.59027505E+003
  0.00000000E+000  0.00000000E+000  0.00000000E+000  0.00000000E+000  0.42173329E-001  0.36743006E+000  0.69388545E+001  0.46503484E+002  0.11366960E+003  0.30071335E+003  0.59028459E+003
  0.00000000E+000  0.00000000E+000  0.00000000E+000  0.00000000E+000  0.42173442E-001  0.36743463E+000  0.69390693E+001  0.46504863E+002  0.11367285E+003  0.30072131E+003  0.59029442E+003
  0.00000000E+000  0.00000000E+000  0.00000000E+000  0.00000000E+000  0.42173545E-001  0.36743888E+000  0.69392784E+001  0.46506227E+002  0.11367608E+003  0.30072937E+003  0.59030455E+003
  0.00000000E+000  0.00000000E+000  0.00000000E+000  0.00000000E+000  0.42173640E-001  0.36744282E+000  0.69394816E+001  0.46507576E+002  0.11367929E+003  0.30073753E+003  0.59031497E+003
  0.00000000E+000  0.00000000E+000  0.00000000E+000  0.00000000E+000  0.42173727E-001  0.36744647E+000  0.69396786E+001  0.46508908E+002  0.11368248E+003  0.30074577E+003  0.59032569E+003
  0.00000000E+000  0.00000000E+000  0.00000000E+000  0.00000000E+000  0.42173806E-001  0.36744984E+000  0.69398694E+001  0.46510224E+002  0.11368565E+003  0.30075411E+003  0.59033670E+003
  0.00000000E+000  0.00000000E+000  0.00000000E+000  0.00000000E+000  0.42173879E-001  0.36745297E+000  0.69400539E+001  0.46511523E+002  0.11368880E+003  0.30076252E+003  0.59034800E+003
  0.00000000E+000  0.00000000E+000  0.00000000E+000  0.00000000E+000  0.42173945E-001  0.36745586E+000  0.69402319E+001  0.46512805E+002  0.11369192E+003  0.30077100E+003  0.59035959E+003
  0.00000000E+000  0.00000000E+000  0.00000000E+000  0.00000000E+000  0.42174005E-001  0.36745853E+000  0.69404035E+001  0.46514069E+002  0.11369502E+003  0.30077954E+003  0.59037146E+003
  0.00000000E+000  0.00000000E+000  0.00000000E+000  0.00000000E+000  0.42174059E-001  0.36746099E+000  0.69405685E+001  0.46515316E+002  0.11369808E+003  0.30078814E+003  0.59038360E+003
  0.00000000E+000  0.00000000E+000  0.00000000E+000  0.00000000E+000  0.42174109E-001  0.36746326E+000  0.69407271E+001  0.46516543E+002  0.11370112E+003  0.30079679E+003  0.59039602E+003
  0.00000000E+000  0.00000000E+000  0.00000000E+000  0.00000000E+000  0.42174155E-001  0.36746535E+000  0.69408791E+001  0.46517751E+002  0.11370413E+003  0.30080547E+003  0.59040869E+003
  0.00000000E+000  0.00000000E+000  0.00000000E+000  0.00000000E+000  0.42174196E-001  0.36746728E+000  0.69410247E+001  0.46518940E+002  0.11370710E+003  0.30081420E+003  0.59042162E+003
  0.00000000E+000  0.00000000E+000  0.00000000E+000  0.00000000E+000  0.42174233E-001  0.36746905E+000  0.69411639E+001  0.46520109E+002  0.11371004E+003  0.30082294E+003  0.59043479E+003
  0.00000000E+000  0.00000000E+000  0.00000000E+000  0.00000000E+000  0.42174267E-001  0.36747067E+000  0.69412968E+001  0.46521258E+002  0.11371295E+003  0.30083171E+003  0.59044821E+003
  0.00000000E+000  0.00000000E+000  0.00000000E+000  0.00000000E+000  0.42174298E-001  0.36747217E+000  0.69414235E+001  0.46522385E+002  0.11371582E+003  0.30084049E+003  0.59046185E+003
  0.00000000E+000  0.00000000E+000  0.00000000E+000  0.00000000E+000  0.42174325E-001  0.36747354E+000  0.69415441E+001  0.46523491E+002  0.11371865E+003  0.30084927E+003  0.59047570E+003
  0.00000000E+000  0.00000000E+000  0.00000000E+000  0.00000000E+000  0.42174351E-001  0.36747480E+000  0.69416587E+001  0.46524576E+002  0.11372144E+003  0.30085804E+003  0.59048976E+003
  0.00000000E+000  0.00000000E+000  0.00000000E+000  0.00000000E+000  0.42174373E-001  0.36747595E+000  0.69417675E+001  0.46525638E+002  0.11372420E+003  0.30086681E+003  0.59050402E+003
  0.00000000E+000  0.00000000E+000  0.00000000E+000  0.00000000E+000  0.42174394E-001  0.36747701E+000  0.69418706E+001  0.46526678E+002  0.11372691E+003  0.30087556E+003  0.59051846E+003
  0.00000000E+000  0.00000000E+000  0.00000000E+000  0.00000000E+000  0.42174413E-001  0.36747798E+000  0.69419683E+001  0.46527695E+002  0.11372959E+003  0.30088429E+003  0.59053307E+003
  0.00000000E+000  0.00000000E+000  0.00000000E+000  0.00000000E+000  0.42174430E-001  0.36747887E+000  0.69420606E+001  0.46528689E+002  0.11373222E+003  0.30089298E+003  0.59054784E+003
  0.00000000E+000  0.00000000E+000  0.00000000E+000  0.00000000E+000  0.42174445E-001  0.36747968E+000  0.69421478E+001  0.46529659E+002  0.11373481E+003  0.30090164E+003  0.59056275E+003
  0.00000000E+000  0.00000000E+000  0.00000000E+000  0.00000000E+000  0.42174458E-001  0.36748042E+000  0.69422300E+001  0.46530605E+002  0.11373736E+003  0.30091025E+003  0.59057780E+003
  0.00000000E+000  0.00000000E+000  0.00000000E+000  0.00000000E+000  0.42174471E-001  0.36748109E+000  0.69423075E+001  0.46531526E+002  0.11373986E+003  0.30091882E+003  0.59059296E+003
  0.00000000E+000  0.00000000E+000  0.00000000E+000  0.00000000E+000  0.42174482E-001  0.36748171E+000  0.69423804E+001  0.46532424E+002  0.11374232E+003  0.30092733E+003  0.59060823E+003
  0.00000000E+000  0.00000000E+000  0.00000000E+000  0.00000000E+000  0.42174492E-001  0.36748228E+000  0.69424489E+001  0.46533297E+002  0.11374473E+003  0.30093577E+003  0.59062359E+003
  0.00000000E+000  0.00000000E+000  0.00000000E+000  0.00000000E+000  0.42174501E-001  0.36748279E+000  0.69425132E+001  0.46534145E+002  0.11374710E+003  0.30094415E+003  0.59063902E+003
  0.00000000E+000  0.00000000E+000  0.00000000E+000  0.00000000E+000  0.42174509E-001  0.36748326E+000  0.69425735E+001  0.46534968E+002  0.11374942E+003  0.30095246E+003  0.59065452E+003
  0.00000000E+000  0.00000000E+000  0.00000000E+000  0.00000000E+000  0.42174516E-001  0.36748369E+000  0.69426300E+001  0.46535766E+002  0.11375170E+003  0.30096069E+003  0.59067006E+003
  0.00000000E+000  0.00000000E+000  0.00000000E+000  0.00000000E+000  0.42174523E-001  0.36748407E+000  0.69426828E+001  0.46536540E+002  0.11375393E+003  0.30096884E+003  0.59068564E+003
  0.00000000E+000  0.00000000E+000  0.00000000E+000  0.00000000E+000  0.42174529E-001  0.36748443E+000  0.69427322E+001  0.46537288E+002  0.11375611E+003  0.30097690E+003  0.59070124E+003
  0.00000000E+000  0.00000000E+000  0.00000000E+000  0.00000000E+000  0.42174534E-001  0.36748475E+000  0.69427784E+001  0.46538012E+002  0.11375824E+003  0.30098487E+003  0.59071685E+003
  0.00000000E+000  0.00000000E+000  0.00000000E+000  0.00000000E+000  0.42174539E-001  0.36748504E+000  0.69428215E+001  0.46538711E+002  0.11376032E+003  0.30099275E+003  0.59073245E+003
  0.00000000E+000  0.00000000E+000  0.00000000E+000  0.00000000E+000  0.42174543E-001  0.36748531E+000  0.69428616E+001  0.46539385E+002  0.11376236E+003  0.30100053E+003  0.59074803E+003
  0.00000000E+000  0.00000000E+000  0.00000000E+000  0.00000000E+000  0.42174547E-001  0.36748555E+000  0.69428990E+001  0.46540035E+002  0.11376435E+003  0.30100820E+003  0.59076357E+003
  0.00000000E+000  0.00000000E+000  0.00000000E+000  0.00000000E+000  0.42174551E-001  0.36748577E+000  0.69429338E+001  0.46540661E+002  0.11376629E+003  0.30101577E+003  0.59077908E+003
  0.00000000E+000  0.00000000E+000  0.00000000E+000  0.00000000E+000  0.42174554E-001  0.36748597E+000  0.69429661E+001  0.46541263E+002  0.11376818E+003  0.30102323E+003  0.59079452E+003
  0.00000000E+000  0.00000000E+000  0.00000000E+000  0.00000000E+000  0.42174557E-001  0.36748616E+000  0.69429962E+001  0.46541841E+002  0.11377002E+003  0.30103057E+003  0.59080989E+003
  0.00000000E+000  0.00000000E+000  0.00000000E+000  0.00000000E+000  0.42174559E-001  0.36748632E+000  0.69430241E+001  0.46542396E+002  0.11377181E+003  0.30103780E+003  0.59082518E+003
  0.00000000E+000  0.00000000E+000  0.00000000E+000  0.00000000E+000  0.42174561E-001  0.36748647E+000  0.69430500E+001  0.46542928E+002  0.11377355E+003  0.30104491E+003  0.59084037E+003
  0.00000000E+000  0.00000000E+000  0.00000000E+000  0.00000000E+000  0.42174563E-001  0.36748661E+000  0.69430740E+001  0.46543438E+002  0.11377525E+003  0.30105191E+003  0.59085546E+003
  0.00000000E+000  0.00000000E+000  0.00000000E+000  0.00000000E+000  0.42174565E-001  0.36748673E+000  0.69430962E+001  0.46543926E+002  0.11377689E+003  0.30105878E+003  0.59087044E+003
  0.00000000E+000  0.00000000E+000  0.00000000E+000  0.00000000E+000  0.42174567E-001  0.36748684E+000  0.69431167E+001  0.46544393E+002  0.11377849E+003  0.30106552E+003  0.59088528E+003
  0.00000000E+000  0.00000000E+000  0.00000000E+000  0.00000000E+000  0.42174568E-001  0.36748694E+000  0.69431357E+001  0.46544839E+002  0.11378004E+003  0.30107214E+003  0.59090000E+003
  0.00000000E+000  0.00000000E+000  0.00000000E+000  0.00000000E+000  0.42174569E-001  0.36748703E+000  0.69431533E+001  0.46545264E+002  0.11378154E+003  0.30107863E+003  0.59091456E+003
  0.00000000E+000  0.00000000E+000  0.00000000E+000  0.00000000E+000  0.42174571E-001  0.36748712E+000  0.69431695E+001  0.46545669E+002  0.11378299E+003  0.30108499E+003  0.59092897E+003
  0.00000000E+000  0.00000000E+000  0.00000000E+000  0.00000000E+000  0.42174572E-001  0.36748719E+000  0.69431845E+001  0.46546055E+002  0.11378440E+003  0.30109122E+003  0.59094322E+003
  0.00000000E+000  0.00000000E+000  0.00000000E+000  0.00000000E+000  0.42174573E-001  0.36748726E+000  0.69431983E+001  0.46546422E+002  0.11378576E+003  0.30109732E+003  0.59095730E+003
  0.00000000E+000  0.00000000E+000  0.00000000E+000  0.00000000E+000  0.42174573E-001  0.36748732E+000  0.69432111E+001  0.46546771E+002  0.11378707E+003  0.30110329E+003  0.59097119E+003
  0.00000000E+000  0.00000000E+000  0.00000000E+000  0.00000000E+000  0.42174574E-001  0.36748738E+000  0.69432228E+001  0.46547103E+002  0.11378834E+003  0.30110912E+003  0.59098491E+003
  0.00000000E+000  0.00000000E+000  0.00000000E+000  0.00000000E+000  0.42174575E-001  0.36748743E+000  0.69432336E+001  0.46547417E+002  0.11378956E+003  0.30111482E+003  0.59099843E+003
  0.00000000E+000  0.00000000E+000  0.00000000E+000  0.00000000E+000  0.42174575E-001  0.36748747E+000  0.69432435E+001  0.46547715E+002  0.11379074E+003  0.30112039E+003  0.59101174E+003
  0.00000000E+000  0.00000000E+000  0.00000000E+000  0.00000000E+000  0.42174576E-001  0.36748751E+000  0.69432527E+001  0.46547998E+002  0.11379188E+003  0.30112582E+003  0.59102486E+003
  0.00000000E+000  0.00000000E+000  0.00000000E+000  0.00000000E+000  0.42174576E-001  0.36748755E+000  0.69432611E+001  0.46548265E+002  0.11379297E+003  0.30113112E+003  0.59103776E+003
  0.00000000E+000  0.00000000E+000  0.00000000E+000  0.00000000E+000  0.42174577E-001  0.36748758E+000  0.69432688E+001  0.46548517E+002  0.11379402E+003  0.30113628E+003  0.59105045E+003
  0.00000000E+000  0.00000000E+000  0.00000000E+000  0.00000000E+000  0.42174577E-001  0.36748761E+000  0.69432759E+001  0.46548756E+002  0.11379503E+003  0.30114131E+003  0.59106292E+003
  0.00000000E+000  0.00000000E+000  0.00000000E+000  0.00000000E+000  0.42174577E-001  0.36748764E+000  0.69432824E+001  0.46548981E+002  0.11379599E+003  0.30114620E+003  0.59107516E+003
  0.00000000E+000  0.00000000E+000  0.00000000E+000  0.00000000E+000  0.42174578E-001  0.36748767E+000  0.69432884E+001  0.46549193E+002  0.11379692E+003  0.30115096E+003  0.59108718E+003
  0.00000000E+000  0.00000000E+000  0.00000000E+000  0.00000000E+000  0.42174578E-001  0.36748769E+000  0.69432939E+001  0.46549393E+002  0.11379781E+003  0.30115559E+003  0.59109897E+003
  0.00000000E+000  0.00000000E+000  0.00000000E+000  0.00000000E+000  0.42174578E-001  0.36748771E+000  0.69432989E+001  0.46549581E+002  0.11379866E+003  0.30116009E+003  0.59111052E+003
  0.00000000E+000  0.00000000E+000  0.00000000E+000  0.00000000E+000  0.42174578E-001  0.36748773E+000  0.69433035E+001  0.46549758E+002  0.11379948E+003  0.30116445E+003  0.59112183E+003
  0.00000000E+000  0.00000000E+000  0.00000000E+000  0.00000000E+000  0.42174579E-001  0.36748774E+000  0.69433077E+001  0.46549925E+002  0.11380026E+003  0.30116869E+003  0.59113291E+003
  0.00000000E+000  0.00000000E+000  0.00000000E+000  0.00000000E+000  0.42174579E-001  0.36748776E+000  0.69433115E+001  0.46550081E+002  0.11380100E+003  0.30117279E+003  0.59114374E+003
  0.00000000E+000  0.00000000E+000  0.00000000E+000  0.00000000E+000  0.42174579E-001  0.36748777E+000  0.69433151E+001  0.46550228E+002  0.11380171E+003  0.30117677E+003  0.59115434E+003
  0.00000000E+000  0.00000000E+000  0.00000000E+000  0.00000000E+000  0.42174579E-001  0.36748778E+000  0.69433183E+001  0.46550365E+002  0.11380239E+003  0.30118062E+003  0.59116468E+003
  0.00000000E+000  0.00000000E+000  0.00000000E+000  0.00000000E+000  0.42174579E-001  0.36748780E+000  0.69433212E+001  0.46550494E+002  0.11380303E+003  0.30118435E+003  0.59117479E+003
  0.00000000E+000  0.00000000E+000  0.00000000E+000  0.00000000E+000  0.42174579E-001  0.36748781E+000  0.69433239E+001  0.46550614E+002  0.11380365E+003  0.30118795E+003  0.59118465E+003
