 -0.93136838E+000 -0.83200798E+000 -0.54954850E+000 -0.18462065E+000 -0.52196989E-002  0.96542082E-003  0.91442160E+000  0.45470511E+001  0.88191833E+001  0.15860427E+002  0.21714189E+002
 -0.93137035E+000 -0.83201017E+000 -0.54955338E+000 -0.18463167E+000 -0.52202735E-002  0.96494172E-003  0.91431881E+000  0.45470965E+001  0.88192306E+001  0.15860057E+002  0.21714343E+002
 -0.93137228E+000 -0.83201274E+000 -0.54955890E+000 -0.18464193E+000 -0.52203585E-002  0.96476574E-003  0.91426914E+000  0.45471420E+001  0.88192720E+001  0.15859781E+002  0.21714493E+002
 -0.93137415E+000 -0.83201552E+000 -0.54956453E+000 -0.18465126E+000 -0.52203839E-002  0.96469429E-003  0.91424979E+000  0.45471872E+001  0.88193054E+001  0.15859608E+002  0.21714636E+002
 -0.93137588E+000 -0.83201832E+000 -0.54956997E+000 -0.18465983E+000 -0.52204100E-002  0.96466227E-003  0.91424762E+000  0.45472316E+001  0.88193298E+001  0.15859522E+002  0.21714776E+002
 -0.93137743E+000 -0.83202101E+000 -0.54957510E+000 -0.18466779E+000 -0.52204422E-002  0.96464631E-003  0.91425510E+000  0.45472743E+001  0.88193461E+001  0.15859500E+002  0.21714910E+002
 -0.93137879E+000 -0.83202349E+000 -0.54957989E+000 -0.18467524E+000 -0.52204782E-002  0.96463763E-003  0.91426791E+000  0.45473150E+001  0.88193562E+001  0.15859524E+002  0.21715041E+002
 -0.93137995E+000 -0.83202573E+000 -0.54958435E+000 -0.18468222E+000 -0.52205154E-002  0.96463276E-003  0.91428360E+000  0.45473531E+001  0.88193628E+001  0.15859578E+002  0.21715169E+002
 -0.93138092E+000 -0.83202771E+000 -0.54958851E+000 -0.18468876E+000 -0.52205523E-002  0.96463022E-003  0.91430077E+000  0.45473883E+001  0.88193687E+001  0.15859652E+002  0.21715293E+002
 -0.93138172E+000 -0.83202945E+000 -0.54959240E+000 -0.18469488E+000 -0.52205880E-002  0.96462933E-003  0.91431863E+000  0.45474207E+001  0.88193764E+001  0.15859738E+002  0.21715414E+002
 -0.93138237E+000 -0.83203097E+000 -0.54959604E+000 -0.18470062E+000 -0.52206221E-002  0.96462972E-003  0.91433674E+000  0.45474503E+001  0.88193876E+001  0.15859832E+002  0.21715532E+002
 -0.93138290E+000 -0.83203229E+000 -0.54959946E+000 -0.18470597E+000 -0.52206546E-002  0.96463113E-003  0.91435483E+000  0.45474775E+001  0.88194034E+001  0.15859929E+002  0.21715648E+002
 -0.93138333E+000 -0.83203345E+000 -0.54960269E+000 -0.18471097E+000 -0.52206854E-002  0.96463341E-003  0.91437275E+000  0.45475028E+001  0.88194246E+001  0.15860028E+002  0.21715761E+002
 -0.93138368E+000 -0.83203446E+000 -0.54960574E+000 -0.18471564E+000 -0.52207146E-002  0.96463641E-003  0.91439040E+000  0.45475266E+001  0.88194509E+001  0.15860129E+002  0.21715871E+002
 -0.93138396E+000 -0.83203536E+000 -0.54960863E+000 -0.18471998E+000 -0.52207423E-002  0.96464002E-003  0.91440772E+000  0.45475497E+001  0.88194823E+001  0.15860229E+002  0.21715980E+002
 -0.93138420E+000 -0.83203616E+000 -0.54961137E+000 -0.18472403E+000 -0.52207685E-002  0.96464416E-003  0.91442467E+000  0.45475724E+001  0.88195181E+001  0.15860329E+002  0.21716086E+002
 -0.93138440E+000 -0.83203688E+000 -0.54961399E+000 -0.18472778E+000 -0.52207936E-002  0.96464875E-003  0.91444125E+000  0.45475954E+001  0.88195576E+001  0.15860429E+002  0.21716190E+002
 -0.93138457E+000 -0.83203754E+000 -0.54961648E+000 -0.18473127E+000 -0.52208174E-002  0.96465372E-003  0.91445743E+000  0.45476189E+001  0.88196002E+001  0.15860528E+002  0.21716293E+002
 -0.93138473E+000 -0.83203815E+000 -0.54961886E+000 -0.18473451E+000 -0.52208401E-002  0.96465903E-003  0.91447322E+000  0.45476434E+001  0.88196453E+001  0.15860626E+002  0.21716393E+002
 -0.93138487E+000 -0.83203872E+000 -0.54962115E+000 -0.18473751E+000 -0.52208618E-002  0.96466463E-003  0.91448864E+000  0.45476690E+001  0.88196923E+001  0.15860724E+002  0.21716493E+002
 -0.93138500E+000 -0.83203926E+000 -0.54962335E+000 -0.18474029E+000 -0.52208826E-002  0.96467048E-003  0.91450369E+000  0.45476958E+001  0.88197406E+001  0.15860821E+002  0.21716590E+002
 -0.93138513E+000 -0.83203978E+000 -0.54962546E+000 -0.18474285E+000 -0.52209025E-002  0.96467656E-003  0.91451838E+000  0.45477239E+001  0.88197899E+001  0.15860917E+002  0.21716686E+002
 -0.93138525E+000 -0.83204029E+000 -0.54962750E+000 -0.18474521E+000 -0.52209215E-002  0.96468283E-003  0.91453275E+000  0.45477532E+001  0.88198398E+001  0.15861013E+002  0.21716781E+002
 -0.93138538E+000 -0.83204080E+000 -0.54962947E+000 -0.18474738E+000 -0.52209399E-002  0.96468927E-003  0.91454682E+000  0.45477836E+001  0.88198902E+001  0.15861109E+002  0.21716874E+002
 -0.93138550E+000 -0.83204130E+000 -0.54963138E+000 -0.18474938E+000 -0.52209575E-002  0.96469586E-003  0.91456060E+000  0.45478150E+001  0.88199409E+001  0.15861204E+002  0.21716967E+002
 -0.93138564E+000 -0.83204181E+000 -0.54963323E+000 -0.18475120E+000 -0.52209745E-002  0.96470257E-003  0.91457414E+000  0.45478472E+001  0.88199917E+001  0.15861299E+002  0.21717057E+002
 -0.93138578E+000 -0.83204232E+000 -0.54963503E+000 -0.18475287E+000 -0.52209908E-002  0.96470940E-003  0.91458747E+000  0.45478801E+001  0.88200426E+001  0.15861394E+002  0.21717147E+002
 -0.93138592E+000 -0.83204284E+000 -0.54963678E+000 -0.18475438E+000 -0.52210067E-002  0.96471632E-003  0.91460060E+000  0.45479135E+001  0.88200935E+001  0.15861488E+002  0.21717235E+002
 -0.93138608E+000 -0.83204337E+000 -0.54963847E+000 -0.18475575E+000 -0.52210219E-002  0.96472333E-003  0.91461357E+000  0.45479472E+001  0.88201444E+001  0.15861581E+002  0.21717322E+002
 -0.93138625E+000 -0.83204392E+000 -0.54964013E+000 -0.18475698E+000 -0.52210368E-002  0.96473039E-003  0.91462642E+000  0.45479812E+001  0.88201953E+001  0.15861674E+002  0.21717408E+002
 -0.93138642E+000 -0.83204449E+000 -0.54964174E+000 -0.18475809E+000 -0.52210511E-002  0.96473751E-003  0.91463915E+000  0.45480154E+001  0.88202462E+001  0.15861767E+002  0.21717493E+002
 -0.93138661E+000 -0.83204507E+000 -0.54964330E+000 -0.18475907E+000 -0.52210651E-002  0.96474466E-003  0.91465180E+000  0.45480496E+001  0.88202971E+001  0.15861859E+002  0.21717576E+002
 -0.93138681E+000 -0.83204567E+000 -0.54964483E+000 -0.18475993E+000 -0.52210787E-002  0.96475183E-003  0.91466438E+000  0.45480837E+001  0.88203480E+001  0.15861950E+002  0.21717657E+002
 -0.93138702E+000 -0.83204629E+000 -0.54964631E+000 -0.18476069E+000 -0.52210920E-002  0.96475901E-003  0.91467691E+000  0.45481178E+001  0.88203988E+001  0.15862040E+002  0.21717737E+002
 -0.93138724E+000 -0.83204692E+000 -0.54964775E+000 -0.18476134E+000 -0.52211050E-002  0.96476618E-003  0.91468938E+000  0.45481518E+001  0.88204496E+001  0.15862130E+002  0.21717815E+002
 -0.93138748E+000 -0.83204757E+000 -0.54964915E+000 -0.18476190E+000 -0.52211177E-002  0.96477333E-003  0.91470181E+000  0.45481856E+001  0.88205003E+001  0.15862218E+002  0.21717892E+002
 -0.93138773E+000 -0.83204824E+000 -0.54965050E+000 -0.18476237E+000 -0.52211302E-002  0.96478043E-003  0.91471419E+000  0.45482192E+001  0.88205509E+001  0.15862305E+002  0.21717967E+002
 -0.93138800E+000 -0.83204893E+000 -0.54965182E+000 -0.18476275E+000 -0.52211424E-002  0.96478749E-003  0.91472651E+000  0.45482526E+001  0.88206012E+001  0.15862390E+002  0.21718039E+002
 -0.93138827E+000 -0.83204962E+000 -0.54965308E+000 -0.18476305E+000 -0.52211545E-002  0.96479447E-003  0.91473877E+000  0.45482857E+001  0.88206514E+001  0.15862474E+002  0.21718109E+002
 -0.93138856E+000 -0.83205033E+000 -0.54965430E+000 -0.18476327E+000 -0.52211665E-002  0.96480137E-003  0.91475095E+000  0.45483185E+001  0.88207012E+001  0.15862556E+002  0.21718177E+002
 -0.93138886E+000 -0.83205105E+000 -0.54965548E+000 -0.18476343E+000 -0.52211782E-002  0.96480818E-003  0.91476303E+000  0.45483511E+001  0.88207505E+001  0.15862636E+002  0.21718242E+002
 -0.93138917E+000 -0.83205177E+000 -0.54965660E+000 -0.18476353E+000 -0.52211899E-002  0.96481487E-003  0.91477500E+000  0.45483833E+001  0.88207994E+001  0.15862713E+002  0.21718304E+002
 -0.93138948E+000 -0.83205250E+000 -0.54965768E+000 -0.18476356E+000 -0.52212015E-002  0.96482143E-003  0.91478685E+000  0.45484151E+001  0.88208477E+001  0.15862788E+002  0.21718363E+002
 -0.93138981E+000 -0.83205323E+000 -0.54965870E+000 -0.18476354E+000 -0.52212129E-002  0.96482786E-003  0.91479855E+000  0.45484466E+001  0.88208952E+001  0.15862861E+002  0.21718419E+002
 -0.93139014E+000 -0.83205396E+000 -0.54965967E+000 -0.18476347E+000 -0.52212242E-002  0.96483414E-003  0.91481008E+000  0.45484775E+001  0.88209418E+001  0.15862931E+002  0.21718472E+002
 -0.93139048E+000 -0.83205467E+000 -0.54966059E+000 -0.18476336E+000 -0.52212354E-002  0.96484026E-003  0.91482143E+000  0.45485079E+001  0.88209874E+001  0.15862997E+002  0.21718520E+002
 -0.93139082E+000 -0.83205538E+000 -0.54966145E+000 -0.18476320E+000 -0.52212465E-002  0.96484620E-003  0.91483259E+000  0.45485377E+001  0.88210318E+001  0.15863061E+002  0.21718565E+002
 -0.93139116E+000 -0.83205607E+000 -0.54966225E+000 -0.18476301E+000 -0.52212575E-002  0.96485197E-003  0.91484352E+000  0.45485668E+001  0.88210749E+001  0.15863121E+002  0.21718606E+002
 -0.93139150E+000 -0.83205675E+000 -0.54966300E+000 -0.18476278E+000 -0.52212683E-002  0.96485756E-003  0.91485421E+000  0.45485951E+001  0.88211164E+001  0.15863177E+002  0.21718642E+002
 -0.93139184E+000 -0.83205740E+000 -0.54966369E+000 -0.18476252E+000 -0.52212790E-002  0.96486295E-003  0.91486465E+000  0.45486226E+001  0.88211564E+001  0.15863229E+002  0.21718674E+002
 -0.93139217E+000 -0.83205803E+000 -0.54966432E+000 -0.18476224E+000 -0.52212894E-002  0.96486815E-003  0.91487481E+000  0.45486492E+001  0.88211944E+001  0.15863276E+002  0.21718701E+002
 -0.93139250E+000 -0.83205863E+000 -0.54966489E+000 -0.18476193E+000 -0.52212997E-002  0.96487314E-003  0.91488468E+000  0.45486748E+001  0.88212305E+001  0.15863320E+002  0.21718722E+002
 -0.93139282E+000 -0.83205920E+000 -0.54966541E+000 -0.18476160E+000 -0.52213098E-002  0.96487793E-003  0.91489424E+000  0.45486992E+001  0.88212643E+001  0.15863359E+002  0.21718739E+002
 -0.93139312E+000 -0.83205974E+000 -0.54966587E+000 -0.18476125E+000 -0.52213197E-002  0.96488251E-003  0.91490346E+000  0.45487224E+001  0.88212957E+001  0.15863392E+002  0.21718750E+002
 -0.93139341E+000 -0.83206024E+000 -0.54966627E+000 -0.18476088E+000 -0.52213293E-002  0.96488687E-003  0.91491232E+000  0.45487443E+001  0.88213246E+001  0.15863421E+002  0.21718756E+002
 -0.93139369E+000 -0.83206070E+000 -0.54966661E+000 -0.18476050E+000 -0.52213387E-002  0.96489101E-003  0.91492080E+000  0.45487646E+001  0.88213507E+001  0.15863445E+002  0.21718756E+002
 -0.93139395E+000 -0.83206112E+000 -0.54966690E+000 -0.18476010E+000 -0.52213479E-002  0.96489493E-003  0.91492887E+000  0.45487834E+001  0.88213740E+001  0.15863463E+002  0.21718750E+002
 -0.93139420E+000 -0.83206151E+000 -0.54966714E+000 -0.18475970E+000 -0.52213568E-002  0.96489862E-003  0.91493651E+000  0.45488005E+001  0.88213941E+001  0.15863476E+002  0.21718739E+002
 -0.93139443E+000 -0.83206185E+000 -0.54966732E+000 -0.18475929E+000 -0.52213655E-002  0.96490208E-003  0.91494370E+000  0.45488157E+001  0.88214111E+001  0.15863483E+002  0.21718721E+002
 -0.93139464E+000 -0.83206216E+000 -0.54966745E+000 -0.18475887E+000 -0.52213740E-002  0.96490529E-003  0.91495041E+000  0.45488290E+001  0.88214246E+001  0.15863484E+002  0.21718697E+002
 -0.93139483E+000 -0.83206243E+000 -0.54966754E+000 -0.18475844E+000 -0.52213823E-002  0.96490826E-003  0.91495660E+000  0.45488402E+001  0.88214347E+001  0.15863480E+002  0.21718668E+002
 -0.93139500E+000 -0.83206266E+000 -0.54966757E+000 -0.18475801E+000 -0.52213904E-002  0.96491097E-003  0.91496226E+000  0.45488493E+001  0.88214412E+001  0.15863470E+002  0.21718632E+002
 -0.93139515E+000 -0.83206285E+000 -0.54966756E+000 -0.18475757E+000 -0.52213982E-002  0.96491341E-003  0.91496734E+000  0.45488560E+001  0.88214441E+001  0.15863454E+002  0.21718590E+002
 -0.93139529E+000 -0.83206301E+000 -0.54966751E+000 -0.18475713E+000 -0.52214059E-002  0.96491559E-003  0.91497183E+000  0.45488604E+001  0.88214432E+001  0.15863432E+002  0.21718542E+002
 -0.93139540E+000 -0.83206313E+000 -0.54966742E+000 -0.18475669E+000 -0.52214134E-002  0.96491749E-003  0.91497570E+000  0.45488623E+001  0.88214385E+001  0.15863405E+002  0.21718489E+002
 -0.93139550E+000 -0.83206322E+000 -0.54966729E+000 -0.18475624E+000 -0.52214206E-002  0.96491911E-003  0.91497892E+000  0.45488617E+001  0.88214301E+001  0.15863372E+002  0.21718430E+002
 -0.93139558E+000 -0.83206328E+000 -0.54966712E+000 -0.18475579E+000 -0.52214276E-002  0.96492044E-003  0.91498146E+000  0.45488585E+001  0.88214179E+001  0.15863334E+002  0.21718366E+002
 -0.93139564E+000 -0.83206331E+000 -0.54966691E+000 -0.18475534E+000 -0.52214344E-002  0.96492148E-003  0.91498331E+000  0.45488527E+001  0.88214020E+001  0.15863291E+002  0.21718297E+002
 -0.93139569E+000 -0.83206332E+000 -0.54966667E+000 -0.18475489E+000 -0.52214408E-002  0.96492223E-003  0.91498444E+000  0.45488443E+001  0.88213825E+001  0.15863243E+002  0.21718223E+002
 -0.93139572E+000 -0.83206329E+000 -0.54966639E+000 -0.18475443E+000 -0.52214470E-002  0.96492268E-003  0.91498484E+000  0.45488333E+001  0.88213595E+001  0.15863191E+002  0.21718145E+002
 -0.93139574E+000 -0.83206325E+000 -0.54966608E+000 -0.18475397E+000 -0.52214527E-002  0.96492284E-003  0.91498450E+000  0.45488197E+001  0.88213332E+001  0.15863134E+002  0.21718063E+002
 -0.93139574E+000 -0.83206318E+000 -0.54966575E+000 -0.18475350E+000 -0.52214581E-002  0.96492271E-003  0.91498341E+000  0.45488036E+001  0.88213036E+001  0.15863074E+002  0.21717978E+002
 -0.93139573E+000 -0.83206309E+000 -0.54966537E+000 -0.18475302E+000 -0.52214630E-002  0.96492230E-003  0.91498157E+000  0.45487852E+001  0.88212712E+001  0.15863010E+002  0.21717890E+002
 -0.93139571E+000 -0.83206298E+000 -0.54966497E+000 -0.18475253E+000 -0.52214673E-002  0.96492163E-003  0.91497899E+000  0.45487645E+001  0.88212360E+001  0.15862944E+002  0.21717800E+002
 -0.93139567E+000 -0.83206284E+000 -0.54966453E+000 -0.18475203E+000 -0.52214710E-002  0.96492070E-003  0.91497568E+000  0.45487416E+001  0.88211983E+001  0.15862875E+002  0.21717708E+002
 -0.93139562E+000 -0.83206269E+000 -0.54966407E+000 -0.18475152E+000 -0.52214740E-002  0.96491954E-003  0.91497166E+000  0.45487168E+001  0.88211585E+001  0.15862805E+002  0.21717614E+002
 -0.93139556E+000 -0.83206252E+000 -0.54966356E+000 -0.18475099E+000 -0.52214763E-002  0.96491818E-003  0.91496696E+000  0.45486901E+001  0.88211168E+001  0.15862733E+002  0.21717520E+002
 -0.93139548E+000 -0.83206232E+000 -0.54966303E+000 -0.18475043E+000 -0.52214777E-002  0.96491663E-003  0.91496160E+000  0.45486619E+001  0.88210735E+001  0.15862661E+002  0.21717426E+002
 -0.93139540E+000 -0.83206211E+000 -0.54966245E+000 -0.18474986E+000 -0.52214782E-002  0.96491494E-003  0.91495564E+000  0.45486323E+001  0.88210290E+001  0.15862589E+002  0.21717332E+002
 -0.93139530E+000 -0.83206187E+000 -0.54966184E+000 -0.18474926E+000 -0.52214778E-002  0.96491314E-003  0.91494911E+000  0.45486015E+001  0.88209835E+001  0.15862516E+002  0.21717238E+002
 -0.93139519E+000 -0.83206162E+000 -0.54966119E+000 -0.18474862E+000 -0.52214763E-002  0.96491127E-003  0.91494206E+000  0.45485698E+001  0.88209374E+001  0.15862445E+002  0.21717146E+002
 -0.93139506E+000 -0.83206134E+000 -0.54966050E+000 -0.18474796E+000 -0.52214738E-002  0.96490937E-003  0.91493456E+000  0.45485374E+001  0.88208910E+001  0.15862375E+002  0.21717055E+002
 -0.93139493E+000 -0.83206103E+000 -0.54965977E+000 -0.18474725E+000 -0.52214701E-002  0.96490749E-003  0.91492665E+000  0.45485045E+001  0.88208445E+001  0.15862306E+002  0.21716967E+002
 -0.93139478E+000 -0.83206071E+000 -0.54965899E+000 -0.18474651E+000 -0.52214652E-002  0.96490567E-003  0.91491839E+000  0.45484713E+001  0.88207983E+001  0.15862239E+002  0.21716880E+002
 -0.93139461E+000 -0.83206036E+000 -0.54965817E+000 -0.18474572E+000 -0.52214591E-002  0.96490395E-003  0.91490984E+000  0.45484379E+001  0.88207526E+001  0.15862174E+002  0.21716796E+002
 -0.93139444E+000 -0.83205999E+000 -0.54965730E+000 -0.18474489E+000 -0.52214517E-002  0.96490239E-003  0.91490107E+000  0.45484047E+001  0.88207075E+001  0.15862111E+002  0.21716715E+002
 -0.93139425E+000 -0.83205959E+000 -0.54965638E+000 -0.18474402E+000 -0.52214431E-002  0.96490102E-003  0.91489212E+000  0.45483717E+001  0.88206634E+001  0.15862051E+002  0.21716636E+002
 -0.93139404E+000 -0.83205916E+000 -0.54965542E+000 -0.18474309E+000 -0.52214332E-002  0.96489988E-003  0.91488305E+000  0.45483392E+001  0.88206203E+001  0.15861994E+002  0.21716561E+002
 -0.93139382E+000 -0.83205871E+000 -0.54965440E+000 -0.18474211E+000 -0.52214220E-002  0.96489901E-003  0.91487391E+000  0.45483071E+001  0.88205784E+001  0.15861939E+002  0.21716488E+002
 -0.93139359E+000 -0.83205823E+000 -0.54965334E+000 -0.18474108E+000 -0.52214095E-002  0.96489845E-003  0.91486474E+000  0.45482757E+001  0.88205378E+001  0.15861887E+002  0.21716419E+002
 -0.93139335E+000 -0.83205773E+000 -0.54965222E+000 -0.18474000E+000 -0.52213958E-002  0.96489821E-003  0.91485557E+000  0.45482450E+001  0.88204986E+001  0.15861838E+002  0.21716353E+002
 -0.93139309E+000 -0.83205720E+000 -0.54965106E+000 -0.18473887E+000 -0.52213808E-002  0.96489833E-003  0.91484645E+000  0.45482151E+001  0.88204608E+001  0.15861792E+002  0.21716290E+002
 -0.93139281E+000 -0.83205665E+000 -0.54964985E+000 -0.18473768E+000 -0.52213646E-002  0.96489881E-003  0.91483740E+000  0.45481859E+001  0.88204245E+001  0.15861748E+002  0.21716229E+002
 -0.93139253E+000 -0.83205607E+000 -0.54964859E+000 -0.18473644E+000 -0.52213473E-002  0.96489968E-003  0.91482844E+000  0.45481577E+001  0.88203896E+001  0.15861706E+002  0.21716172E+002
 -0.93139223E+000 -0.83205547E+000 -0.54964729E+000 -0.18473515E+000 -0.52213288E-002  0.96490095E-003  0.91481960E+000  0.45481303E+001  0.88203561E+001  0.15861667E+002  0.21716117E+002
 -0.93139192E+000 -0.83205485E+000 -0.54964595E+000 -0.18473381E+000 -0.52213092E-002  0.96490261E-003  0.91481087E+000  0.45481037E+001  0.88203240E+001  0.15861630E+002  0.21716065E+002
 -0.93139160E+000 -0.83205420E+000 -0.54964456E+000 -0.18473242E+000 -0.52212886E-002  0.96490467E-003  0.91480227E+000  0.45480780E+001  0.88202932E+001  0.15861595E+002  0.21716015E+002
 -0.93139127E+000 -0.83205354E+000 -0.54964313E+000 -0.18473098E+000 -0.52212670E-002  0.96490712E-003  0.91479381E+000  0.45480530E+001  0.88202637E+001  0.15861562E+002  0.21715967E+002
 -0.93139093E+000 -0.83205285E+000 -0.54964167E+000 -0.18472950E+000 -0.52212445E-002  0.96490995E-003  0.91478547E+000  0.45480289E+001  0.88202353E+001  0.15861531E+002  0.21715922E+002
 -0.93139058E+000 -0.83205214E+000 -0.54964016E+000 -0.18472797E+000 -0.52212211E-002  0.96491316E-003  0.91477727E+000  0.45480055E+001  0.88202080E+001  0.15861501E+002  0.21715878E+002
 -0.93139022E+000 -0.83205142E+000 -0.54963863E+000 -0.18472640E+000 -0.52211969E-002  0.96491674E-003  0.91476919E+000  0.45479828E+001  0.88201818E+001  0.15861472E+002  0.21715837E+002
 -0.93138985E+000 -0.83205067E+000 -0.54963706E+000 -0.18472479E+000 -0.52211719E-002  0.96492066E-003  0.91476122E+000  0.45479607E+001  0.88201564E+001  0.15861445E+002  0.21715796E+002
 -0.93138947E+000 -0.83204992E+000 -0.54963547E+000 -0.18472315E+000 -0.52211463E-002  0.96492491E-003  0.91475337E+000  0.45479392E+001  0.88201319E+001  0.15861419E+002  0.21715758E+002
 -0.93138908E+000 -0.83204914E+000 -0.54963385E+000 -0.18472147E+000 -0.52211200E-002  0.96492947E-003  0.91474561E+000  0.45479183E+001  0.88201082E+001  0.15861394E+002  0.21715720E+002
 -0.93138869E+000 -0.83204836E+000 -0.54963221E+000 -0.18471975E+000 -0.52210932E-002  0.96493432E-003  0.91473795E+000  0.45478979E+001  0.88200852E+001  0.15861369E+002  0.21715684E+002
 -0.93138829E+000 -0.83204756E+000 -0.54963054E+000 -0.18471801E+000 -0.52210659E-002  0.96493945E-003  0.91473037E+000  0.45478779E+001  0.88200627E+001  0.15861345E+002  0.21715649E+002
 -0.93138788E+000 -0.83204675E+000 -0.54962885E+000 -0.18471624E+000 -0.52210382E-002  0.96494483E-003  0.91472286E+000  0.45478583E+001  0.88200408E+001  0.15861322E+002  0.21715615E+002
 -0.93138747E+000 -0.83204592E+000 -0.54962715E+000 -0.18471444E+000 -0.52210101E-002  0.96495044E-003  0.91471541E+000  0.45478391E+001  0.88200194E+001  0.15861299E+002  0.21715582E+002
 -0.93138705E+000 -0.83204509E+000 -0.54962543E+000 -0.18471262E+000 -0.52209816E-002  0.96495626E-003  0.91470802E+000  0.45478202E+001  0.88199984E+001  0.15861277E+002  0.21715549E+002
 -0.93138663E+000 -0.83204425E+000 -0.54962370E+000 -0.18471077E+000 -0.52209530E-002  0.96496227E-003  0.91470068E+000  0.45478017E+001  0.88199778E+001  0.15861255E+002  0.21715518E+002
 -0.93138620E+000 -0.83204341E+000 -0.54962196E+000 -0.18470891E+000 -0.52209241E-002  0.96496845E-003  0.91469339E+000  0.45477834E+001  0.88199574E+001  0.15861233E+002  0.21715486E+002
 -0.93138577E+000 -0.83204255E+000 -0.54962020E+000 -0.18470702E+000 -0.52208950E-002  0.96497479E-003  0.91468613E+000  0.45477653E+001  0.88199374E+001  0.15861211E+002  0.21715456E+002
 -0.93138534E+000 -0.83204169E+000 -0.54961845E+000 -0.18470513E+000 -0.52208659E-002  0.96498126E-003  0.91467891E+000  0.45477475E+001  0.88199177E+001  0.15861189E+002  0.21715426E+002
 -0.93138490E+000 -0.83204083E+000 -0.54961668E+000 -0.18470322E+000 -0.52208367E-002  0.96498786E-003  0.91467172E+000  0.45477298E+001  0.88198981E+001  0.15861167E+002  0.21715396E+002
 -0.93138446E+000 -0.83203996E+000 -0.54961492E+000 -0.18470130E+000 -0.52208075E-002  0.96499455E-003  0.91466455E+000  0.45477123E+001  0.88198788E+001  0.15861146E+002  0.21715367E+002
 -0.93138402E+000 -0.83203910E+000 -0.54961315E+000 -0.18469936E+000 -0.52207784E-002  0.96500133E-003  0.91465742E+000  0.45476950E+001  0.88198596E+001  0.15861124E+002  0.21715339E+002
 -0.93138358E+000 -0.83203823E+000 -0.54961139E+000 -0.18469743E+000 -0.52207494E-002  0.96500819E-003  0.91465032E+000  0.45476779E+001  0.88198406E+001  0.15861103E+002  0.21715310E+002
 -0.93138313E+000 -0.83203736E+000 -0.54960963E+000 -0.18469548E+000 -0.52207205E-002  0.96501510E-003  0.91464324E+000  0.45476609E+001  0.88198218E+001  0.15861081E+002  0.21715283E+002
 -0.93138269E+000 -0.83203649E+000 -0.54960787E+000 -0.18469354E+000 -0.52206917E-002  0.96502207E-003  0.91463620E+000  0.45476441E+001  0.88198031E+001  0.15861060E+002  0.21715255E+002
 -0.93138225E+000 -0.83203562E+000 -0.54960612E+000 -0.18469159E+000 -0.52206632E-002  0.96502907E-003  0.91462919E+000  0.45476274E+001  0.88197845E+001  0.15861039E+002  0.21715228E+002
 -0.93138181E+000 -0.83203476E+000 -0.54960438E+000 -0.18468965E+000 -0.52206348E-002  0.96503611E-003  0.91462222E+000  0.45476108E+001  0.88197661E+001  0.15861017E+002  0.21715201E+002
 -0.93138137E+000 -0.83203391E+000 -0.54960265E+000 -0.18468771E+000 -0.52206068E-002  0.96504316E-003  0.91461528E+000  0.45475944E+001  0.88197478E+001  0.15860996E+002  0.21715174E+002
 -0.93138093E+000 -0.83203305E+000 -0.54960094E+000 -0.18468577E+000 -0.52205790E-002  0.96505023E-003  0.91460839E+000  0.45475781E+001  0.88197296E+001  0.15860974E+002  0.21715148E+002
 -0.93138050E+000 -0.83203221E+000 -0.54959923E+000 -0.18468385E+000 -0.52205516E-002  0.96505731E-003  0.91460154E+000  0.45475620E+001  0.88197116E+001  0.15860953E+002  0.21715122E+002
 -0.93138007E+000 -0.83203137E+000 -0.54959755E+000 -0.18468193E+000 -0.52205245E-002  0.96506438E-003  0.91459475E+000  0.45475460E+001  0.88196937E+001  0.15860931E+002  0.21715096E+002
 -0.93137965E+000 -0.83203054E+000 -0.54959588E+000 -0.18468003E+000 -0.52204978E-002  0.96507145E-003  0.91458801E+000  0.45475301E+001  0.88196759E+001  0.15860910E+002  0.21715071E+002
 -0.93137923E+000 -0.83202972E+000 -0.54959423E+000 -0.18467814E+000 -0.52204715E-002  0.96507852E-003  0.91458134E+000  0.45475144E+001  0.88196584E+001  0.15860889E+002  0.21715045E+002
 -0.93137881E+000 -0.83202892E+000 -0.54959261E+000 -0.18467626E+000 -0.52204455E-002  0.96508557E-003  0.91457473E+000  0.45474989E+001  0.88196409E+001  0.15860868E+002  0.21715021E+002
 -0.93137840E+000 -0.83202812E+000 -0.54959100E+000 -0.18467441E+000 -0.52204200E-002  0.96509260E-003  0.91456819E+000  0.45474836E+001  0.88196237E+001  0.15860847E+002  0.21714996E+002
 -0.93137800E+000 -0.83202734E+000 -0.54958943E+000 -0.18467257E+000 -0.52203950E-002  0.96509962E-003  0.91456174E+000  0.45474684E+001  0.88196066E+001  0.15860826E+002  0.21714972E+002
 -0.93137760E+000 -0.83202657E+000 -0.54958787E+000 -0.18467076E+000 -0.52203703E-002  0.96510662E-003  0.91455536E+000  0.45474534E+001  0.88195898E+001  0.15860805E+002  0.21714948E+002
 -0.93137722E+000 -0.83202581E+000 -0.54958635E+000 -0.18466897E+000 -0.52203462E-002  0.96511359E-003  0.91454908E+000  0.45474387E+001  0.88195731E+001  0.15860785E+002  0.21714924E+002
 -0.93137684E+000 -0.83202507E+000 -0.54958485E+000 -0.18466721E+000 -0.52203225E-002  0.96512054E-003  0.91454288E+000  0.45474241E+001  0.88195567E+001  0.15860764E+002  0.21714901E+002
 -0.93137646E+000 -0.83202434E+000 -0.54958338E+000 -0.18466547E+000 -0.52202993E-002  0.96512747E-003  0.91453679E+000  0.45474097E+001  0.88195404E+001  0.15860744E+002  0.21714878E+002
 -0.93137610E+000 -0.83202364E+000 -0.54958195E+000 -0.18466377E+000 -0.52202766E-002  0.96513436E-003  0.91453080E+000  0.45473956E+001  0.88195244E+001  0.15860724E+002  0.21714855E+002
 -0.93137575E+000 -0.83202294E+000 -0.54958054E+000 -0.18466209E+000 -0.52202544E-002  0.96514123E-003  0.91452493E+000  0.45473817E+001  0.88195087E+001  0.15860705E+002  0.21714833E+002
 -0.93137540E+000 -0.83202227E+000 -0.54957917E+000 -0.18466045E+000 -0.52202327E-002  0.96514807E-003  0.91451916E+000  0.45473681E+001  0.88194932E+001  0.15860685E+002  0.21714811E+002
 -0.93137506E+000 -0.83202161E+000 -0.54957784E+000 -0.18465884E+000 -0.52202115E-002  0.96515487E-003  0.91451352E+000  0.45473547E+001  0.88194780E+001  0.15860666E+002  0.21714790E+002
 -0.93137474E+000 -0.83202097E+000 -0.54957653E+000 -0.18465727E+000 -0.52201909E-002  0.96516164E-003  0.91450799E+000  0.45473415E+001  0.88194631E+001  0.15860648E+002  0.21714768E+002
 -0.93137442E+000 -0.83202035E+000 -0.54957526E+000 -0.18465573E+000 -0.52201707E-002  0.96516837E-003  0.91450260E+000  0.45473287E+001  0.88194485E+001  0.15860629E+002  0.21714748E+002
 -0.93137412E+000 -0.83201975E+000 -0.54957403E+000 -0.18465423E+000 -0.52201511E-002  0.96517507E-003  0.91449733E+000  0.45473161E+001  0.88194342E+001  0.15860611E+002  0.21714727E+002
 -0.93137382E+000 -0.83201917E+000 -0.54957284E+000 -0.18465276E+000 -0.52201320E-002  0.96518172E-003  0.91449220E+000  0.45473038E+001  0.88194202E+001  0.15860593E+002  0.21714707E+002
 -0.93137354E+000 -0.83201861E+000 -0.54957168E+000 -0.18465134E+000 -0.52201135E-002  0.96518833E-003  0.91448721E+000  0.45472917E+001  0.88194065E+001  0.15860576E+002  0.21714688E+002
 -0.93137326E+000 -0.83201806E+000 -0.54957056E+000 -0.18464995E+000 -0.52200954E-002  0.96519490E-003  0.91448235E+000  0.45472800E+001  0.88193932E+001  0.15860559E+002  0.21714668E+002
 -0.93137300E+000 -0.83201754E+000 -0.54956947E+000 -0.18464861E+000 -0.52200779E-002  0.96520141E-003  0.91447764E+000  0.45472686E+001  0.88193802E+001  0.15860543E+002  0.21714650E+002
 -0.93137274E+000 -0.83201703E+000 -0.54956842E+000 -0.18464730E+000 -0.52200609E-002  0.96520787E-003  0.91447306E+000  0.45472574E+001  0.88193675E+001  0.15860527E+002  0.21714631E+002
 -0.93137250E+000 -0.83201655E+000 -0.54956741E+000 -0.18464604E+000 -0.52200445E-002  0.96521428E-003  0.91446864E+000  0.45472466E+001  0.88193553E+001  0.15860511E+002  0.21714613E+002
 -0.93137226E+000 -0.83201608E+000 -0.54956643E+000 -0.18464481E+000 -0.52200285E-002  0.96522063E-003  0.91446436E+000  0.45472361E+001  0.88193433E+001  0.15860496E+002  0.21714596E+002
 -0.93137204E+000 -0.83201563E+000 -0.54956549E+000 -0.18464363E+000 -0.52200131E-002  0.96522691E-003  0.91446023E+000  0.45472259E+001  0.88193318E+001  0.15860481E+002  0.21714579E+002
 -0.93137182E+000 -0.83201520E+000 -0.54956459E+000 -0.18464249E+000 -0.52199982E-002  0.96523313E-003  0.91445624E+000  0.45472160E+001  0.88193206E+001  0.15860467E+002  0.21714562E+002
 -0.93137162E+000 -0.83201479E+000 -0.54956372E+000 -0.18464138E+000 -0.52199838E-002  0.96523928E-003  0.91445241E+000  0.45472064E+001  0.88193097E+001  0.15860454E+002  0.21714546E+002
 -0.93137142E+000 -0.83201440E+000 -0.54956289E+000 -0.18464032E+000 -0.52199699E-002  0.96524535E-003  0.91444872E+000  0.45471972E+001  0.88192993E+001  0.15860440E+002  0.21714530E+002
 -0.93137124E+000 -0.83201402E+000 -0.54956210E+000 -0.18463930E+000 -0.52199565E-002  0.96525134E-003  0.91444518E+000  0.45471883E+001  0.88192892E+001  0.15860428E+002  0.21714515E+002
 -0.93137106E+000 -0.83201366E+000 -0.54956133E+000 -0.18463832E+000 -0.52199436E-002  0.96525725E-003  0.91444179E+000  0.45471796E+001  0.88192795E+001  0.15860416E+002  0.21714500E+002
 -0.93137089E+000 -0.83201332E+000 -0.54956060E+000 -0.18463737E+000 -0.52199312E-002  0.96526307E-003  0.91443854E+000  0.45471713E+001  0.88192702E+001  0.15860404E+002  0.21714486E+002
 -0.93137073E+000 -0.83201300E+000 -0.54955991E+000 -0.18463647E+000 -0.52199192E-002  0.96526880E-003  0.91443544E+000  0.45471633E+001  0.88192613E+001  0.15860393E+002  0.21714472E+002
 -0.93137058E+000 -0.83201269E+000 -0.54955924E+000 -0.18463560E+000 -0.52199078E-002  0.96527443E-003  0.91443248E+000  0.45471557E+001  0.88192527E+001  0.15860382E+002  0.21714459E+002
 -0.93137044E+000 -0.83201240E+000 -0.54955861E+000 -0.18463477E+000 -0.52198968E-002  0.96527997E-003  0.91442967E+000  0.45471483E+001  0.88192445E+001  0.15860372E+002  0.21714446E+002
 -0.93137031E+000 -0.83201212E+000 -0.54955800E+000 -0.18463398E+000 -0.52198862E-002  0.96528539E-003  0.91442699E+000  0.45471412E+001  0.88192367E+001  0.15860363E+002  0.21714433E+002
 -0.93137018E+000 -0.83201186E+000 -0.54955743E+000 -0.18463322E+000 -0.52198761E-002  0.96529072E-003  0.91442445E+000  0.45471345E+001  0.88192292E+001  0.15860353E+002  0.21714421E+002
 -0.93137006E+000 -0.83201161E+000 -0.54955688E+000 -0.18463249E+000 -0.52198664E-002  0.96529593E-003  0.91442205E+000  0.45471280E+001  0.88192221E+001  0.15860345E+002  0.21714410E+002
 -0.93136994E+000 -0.83201137E+000 -0.54955637E+000 -0.18463180E+000 -0.52198571E-002  0.96530103E-003  0.91441978E+000  0.45471218E+001  0.88192153E+001  0.15860337E+002  0.21714399E+002
 -0.93136984E+000 -0.83201115E+000 -0.54955588E+000 -0.18463115E+000 -0.52198483E-002  0.96530601E-003  0.91441764E+000  0.45471159E+001  0.88192089E+001  0.15860329E+002  0.21714388E+002
 -0.93136974E+000 -0.83201094E+000 -0.54955541E+000 -0.18463052E+000 -0.52198398E-002  0.96531087E-003  0.91441562E+000  0.45471103E+001  0.88192029E+001  0.15860322E+002  0.21714378E+002
 -0.93136964E+000 -0.83201074E+000 -0.54955497E+000 -0.18462993E+000 -0.52198318E-002  0.96531561E-003  0.91441373E+000  0.45471050E+001  0.88191971E+001  0.15860316E+002  0.21714368E+002
 -0.93136955E+000 -0.83201055E+000 -0.54955455E+000 -0.18462936E+000 -0.52198241E-002  0.96532022E-003  0.91441197E+000  0.45470999E+001  0.88191917E+001  0.15860310E+002  0.21714358E+002
 -0.93136947E+000 -0.83201038E+000 -0.54955416E+000 -0.18462883E+000 -0.52198168E-002  0.96532471E-003  0.91441032E+000  0.45470951E+001  0.88191867E+001  0.15860304E+002  0.21714349E+002
 -0.93136939E+000 -0.83201021E+000 -0.54955379E+000 -0.18462832E+000 -0.52198098E-002  0.96532907E-003  0.91440878E+000  0.45470905E+001  0.88191819E+001  0.15860299E+002  0.21714340E+002
 -0.93136932E+000 -0.83201006E+000 -0.54955344E+000 -0.18462784E+000 -0.52198032E-002  0.96533331E-003  0.91440735E+000  0.45470862E+001  0.88191774E+001  0.15860294E+002  0.21714332E+002
 -0.93136925E+000 -0.83200991E+000 -0.54955311E+000 -0.18462738E+000 -0.52197969E-002  0.96533741E-003  0.91440604E+000  0.45470821E+001  0.88191732E+001  0.15860290E+002  0.21714324E+002
 -0.93136919E+000 -0.83200978E+000 -0.54955280E+000 -0.18462695E+000 -0.52197909E-002  0.96534139E-003  0.91440482E+000  0.45470783E+001  0.88191693E+001  0.15860286E+002  0.21714316E+002
 -0.93136913E+000 -0.83200965E+000 -0.54955251E+000 -0.18462655E+000 -0.52197853E-002  0.96534523E-003  0.91440371E+000  0.45470746E+001  0.88191657E+001  0.15860282E+002  0.21714309E+002
 -0.93136907E+000 -0.83200953E+000 -0.54955223E+000 -0.18462616E+000 -0.52197799E-002  0.96534895E-003  0.91440269E+000  0.45470712E+001  0.88191624E+001  0.15860279E+002  0.21714302E+002
 -0.93136902E+000 -0.83200942E+000 -0.54955198E+000 -0.18462580E+000 -0.52197749E-002  0.96535253E-003  0.91440177E+000  0.45470680E+001  0.88191593E+001  0.15860276E+002  0.21714296E+002
 -0.93136897E+000 -0.83200931E+000 -0.54955173E+000 -0.18462546E+000 -0.52197701E-002  0.96535599E-003  0.91440094E+000  0.45470651E+001  0.88191564E+001  0.15860274E+002  0.21714290E+002
 -0.93136893E+000 -0.83200922E+000 -0.54955151E+000 -0.18462514E+000 -0.52197655E-002  0.96535932E-003  0.91440019E+000  0.45470623E+001  0.88191538E+001  0.15860272E+002  0.21714284E+002
 -0.93136888E+000 -0.83200912E+000 -0.54955129E+000 -0.18462484E+000 -0.52197612E-002  0.96536252E-003  0.91439953E+000  0.45470596E+001  0.88191514E+001  0.15860270E+002  0.21714278E+002
 -0.93136885E+000 -0.83200904E+000 -0.54955110E+000 -0.18462455E+000 -0.52197572E-002  0.96536560E-003  0.91439894E+000  0.45470572E+001  0.88191493E+001  0.15860269E+002  0.21714273E+002
 -0.93136881E+000 -0.83200896E+000 -0.54955091E+000 -0.18462429E+000 -0.52197534E-002  0.96536856E-003  0.91439843E+000  0.45470549E+001  0.88191473E+001  0.15860268E+002  0.21714268E+002
 -0.93136878E+000 -0.83200889E+000 -0.54955074E+000 -0.18462404E+000 -0.52197498E-002  0.96537139E-003  0.91439800E+000  0.45470528E+001  0.88191456E+001  0.15860267E+002  0.21714263E+002
 -0.93136875E+000 -0.83200882E+000 -0.54955057E+000 -0.18462380E+000 -0.52197464E-002  0.96537411E-003  0.91439763E+000  0.45470509E+001  0.88191440E+001  0.15860267E+002  0.21714258E+002
 -0.93136872E+000 -0.83200876E+000 -0.54955042E+000 -0.18462358E+000 -0.52197432E-002  0.96537671E-003  0.91439733E+000  0.45470491E+001  0.88191426E+001  0.15860267E+002  0.21714254E+002
 -0.93136869E+000 -0.83200870E+000 -0.54955028E+000 -0.18462338E+000 -0.52197402E-002  0.96537919E-003  0.91439709E+000  0.45470475E+001  0.88191414E+001  0.15860267E+002  0.21714250E+002
 -0.93136867E+000 -0.83200864E+000 -0.54955015E+000 -0.18462318E+000 -0.52197374E-002  0.96538157E-003  0.91439691E+000  0.45470460E+001  0.88191404E+001  0.15860267E+002  0.21714246E+002
 -0.93136864E+000 -0.83200859E+000 -0.54955002E+000 -0.18462300E+000 -0.52197348E-002  0.96538383E-003  0.91439678E+000  0.45470446E+001  0.88191395E+001  0.15860268E+002  0.21714242E+002
 -0.93136862E+000 -0.83200854E+000 -0.54954991E+000 -0.18462283E+000 -0.52197323E-002  0.96538599E-003  0.91439671E+000  0.45470433E+001  0.88191388E+001  0.15860269E+002  0.21714239E+002
 -0.93136860E+000 -0.83200850E+000 -0.54954980E+000 -0.18462267E+000 -0.52197300E-002  0.96538804E-003  0.91439668E+000  0.45470422E+001  0.88191382E+001  0.15860270E+002  0.21714236E+002
 -0.93136858E+000 -0.83200846E+000 -0.54954971E+000 -0.18462253E+000 -0.52197278E-002  0.96539000E-003  0.91439670E+000  0.45470412E+001  0.88191377E+001  0.15860271E+002  0.21714233E+002
 -0.93136857E+000 -0.83200842E+000 -0.54954961E+000 -0.18462239E+000 -0.52197258E-002  0.96539186E-003  0.91439677E+000  0.45470402E+001  0.88191373E+001  0.15860272E+002  0.21714230E+002
 -0.93136855E+000 -0.83200839E+000 -0.54954953E+000 -0.18462226E+000 -0.52197239E-002  0.96539362E-003  0.91439688E+000  0.45470394E+001  0.88191371E+001  0.15860274E+002  0.21714227E+002
 -0.93136854E+000 -0.83200835E+000 -0.54954945E+000 -0.18462214E+000 -0.52197221E-002  0.96539530E-003  0.91439702E+000  0.45470387E+001  0.88191370E+001  0.15860275E+002  0.21714225E+002
 -0.93136852E+000 -0.83200832E+000 -0.54954937E+000 -0.18462203E+000 -0.52197204E-002  0.96539689E-003  0.91439720E+000  0.45470380E+001  0.88191370E+001  0.15860277E+002  0.21714222E+002
 -0.93136851E+000 -0.83200830E+000 -0.54954931E+000 -0.18462193E+000 -0.52197188E-002  0.96539839E-003  0.91439741E+000  0.45470375E+001  0.88191370E+001  0.15860279E+002  0.21714220E+002
 -0.93136850E+000 -0.83200827E+000 -0.54954924E+000 -0.18462183E+000 -0.52197174E-002  0.96539981E-003  0.91439766E+000  0.45470370E+001  0.88191372E+001  0.15860281E+002  0.21714218E+002
 -0.93136849E+000 -0.83200825E+000 -0.54954919E+000 -0.18462174E+000 -0.52197160E-002  0.96540116E-003  0.91439793E+000  0.45470366E+001  0.88191374E+001  0.15860283E+002  0.21714216E+002
 -0.93136848E+000 -0.83200823E+000 -0.54954913E+000 -0.18462166E+000 -0.52197148E-002  0.96540243E-003  0.91439822E+000  0.45470362E+001  0.88191378E+001  0.15860286E+002  0.21714214E+002
 -0.93136847E+000 -0.83200821E+000 -0.54954908E+000 -0.18462158E+000 -0.52197136E-002  0.96540363E-003  0.91439855E+000  0.45470359E+001  0.88191381E+001  0.15860288E+002  0.21714212E+002
 -0.93136847E+000 -0.83200819E+000 -0.54954903E+000 -0.18462151E+000 -0.52197125E-002  0.96540476E-003  0.91439889E+000  0.45470357E+001  0.88191386E+001  0.15860290E+002  0.21714211E+002
 -0.93136846E+000 -0.83200817E+000 -0.54954899E+000 -0.18462144E+000 -0.52197115E-002  0.96540582E-003  0.91439925E+000  0.45470355E+001  0.88191391E+001  0.15860293E+002  0.21714209E+002
 -0.93136845E+000 -0.83200816E+000 -0.54954895E+000 -0.18462138E+000 -0.52197105E-002  0.96540683E-003  0.91439963E+000  0.45470354E+001  0.88191397E+001  0.15860296E+002  0.21714208E+002
