  0.30779050E+000  0.34264272E+000  0.45254852E+000  0.59491735E+000  0.79050308E+000  0.88450747E+000  0.11852707E+001  0.18568314E+001  0.26127394E+001  0.43714252E+001  0.81146233E+001
  0.30779050E+000  0.34264265E+000  0.45254852E+000  0.59491735E+000  0.79050306E+000  0.88450747E+000  0.11852707E+001  0.18568315E+001  0.26127392E+001  0.43714234E+001  0.81162301E+001
  0.30779050E+000  0.34264261E+000  0.45254852E+000  0.59491735E+000  0.79050304E+000  0.88450747E+000  0.11852707E+001  0.18568316E+001  0.26127391E+001  0.43714224E+001  0.81162249E+001
  0.30779050E+000  0.34264258E+000  0.45254852E+000  0.59491735E+000  0.79050303E+000  0.88450747E+000  0.11852707E+001  0.18568317E+001  0.26127391E+001  0.43714218E+001  0.81162216E+001
  0.30779050E+000  0.34264255E+000  0.45254852E+000  0.59491735E+000  0.79050303E+000  0.88450748E+000  0.11852707E+001  0.18568319E+001  0.26127391E+001  0.43714214E+001  0.81162195E+001
  0.30779050E+000  0.34264252E+000  0.45254852E+000  0.59491735E+000  0.79050304E+000  0.88450748E+000  0.11852707E+001  0.18568320E+001  0.26127391E+001  0.43714212E+001  0.81162182E+001
  0.30779050E+000  0.34264249E+000  0.45254852E+000  0.59491735E+000  0.79050305E+000  0.88450748E+000  0.11852707E+001  0.18568321E+001  0.26127391E+001  0.43714211E+001  0.81162174E+001
  0.30779050E+000  0.34264246E+000  0.45254852E+000  0.59491735E+000  0.79050307E+000  0.88450749E+000  0.11852707E+001  0.18568323E+001  0.26127391E+001  0.43714211E+001  0.81162169E+001
  0.30779050E+000  0.34264243E+000  0.45254852E+000  0.59491735E+000  0.79050309E+000  0.88450749E+000  0.11852707E+001  0.18568324E+001  0.26127392E+001  0.43714211E+001  0.81162166E+001
  0.30779050E+000  0.34264240E+000  0.45254852E+000  0.59491735E+000  0.79050311E+000  0.88450749E+000  0.11852707E+001  0.18568325E+001  0.26127392E+001  0.43714211E+001  0.81162165E+001
  0.30779050E+000  0.34264238E+000  0.45254852E+000  0.59491735E+000  0.79050314E+000  0.88450750E+000  0.11852707E+001  0.18568327E+001  0.26127392E+001  0.43714211E+001  0.81162164E+001
  0.30779050E+000  0.34264235E+000  0.45254852E+000  0.59491735E+000  0.79050316E+000  0.88450750E+000  0.11852707E+001  0.18568328E+001  0.26127393E+001  0.43714211E+001  0.81162164E+001
  0.30779050E+000  0.34264233E+000  0.45254852E+000  0.59491735E+000  0.79050319E+000  0.88450750E+000  0.11852707E+001  0.18568329E+001  0.26127393E+001  0.43714211E+001  0.81162164E+001
  0.30779050E+000  0.34264231E+000  0.45254852E+000  0.59491735E+000  0.79050322E+000  0.88450751E+000  0.11852707E+001  0.18568331E+001  0.26127393E+001  0.43714211E+001  0.81162164E+001
  0.30779050E+000  0.34264229E+000  0.45254852E+000  0.59491735E+000  0.79050325E+000  0.88450751E+000  0.11852707E+001  0.18568332E+001  0.26127394E+001  0.43714211E+001  0.81162165E+001
  0.30779050E+000  0.34264227E+000  0.45254852E+000  0.59491735E+000  0.79050328E+000  0.88450752E+000  0.11852707E+001  0.18568333E+001  0.26127394E+001  0.43714211E+001  0.81162165E+001
  0.30779050E+000  0.34264225E+000  0.45254852E+000  0.59491735E+000  0.79050332E+000  0.88450752E+000  0.11852708E+001  0.18568335E+001  0.26127394E+001  0.43714211E+001  0.81162166E+001
  0.30779050E+000  0.34264224E+000  0.45254852E+000  0.59491735E+000  0.79050335E+000  0.88450752E+000  0.11852708E+001  0.18568336E+001  0.26127394E+001  0.43714211E+001  0.81162167E+001
  0.30779050E+000  0.34264222E+000  0.45254852E+000  0.59491735E+000  0.79050339E+000  0.88450753E+000  0.11852708E+001  0.18568337E+001  0.26127395E+001  0.43714212E+001  0.81162167E+001
  0.30779050E+000  0.34264221E+000  0.45254852E+000  0.59491735E+000  0.79050342E+000  0.88450753E+000  0.11852708E+001  0.18568339E+001  0.26127395E+001  0.43714212E+001  0.81162168E+001
  0.30779050E+000  0.34264220E+000  0.45254851E+000  0.59491735E+000  0.79050346E+000  0.88450753E+000  0.11852708E+001  0.18568340E+001  0.26127395E+001  0.43714212E+001  0.81162169E+001
  0.30779050E+000  0.34264219E+000  0.45254851E+000  0.59491735E+000  0.79050350E+000  0.88450754E+000  0.11852708E+001  0.18568341E+001  0.26127396E+001  0.43714212E+001  0.81162170E+001
  0.30779050E+000  0.34264218E+000  0.45254851E+000  0.59491735E+000  0.79050354E+000  0.88450754E+000  0.11852708E+001  0.18568343E+001  0.26127396E+001  0.43714212E+001  0.81162171E+001
  0.30779050E+000  0.34264217E+000  0.45254851E+000  0.59491735E+000  0.79050358E+000  0.88450754E+000  0.11852708E+001  0.18568344E+001  0.26127396E+001  0.43714212E+001  0.81162171E+001
  0.30779050E+000  0.34264216E+000  0.45254851E+000  0.59491735E+000  0.79050363E+000  0.88450755E+000  0.11852708E+001  0.18568345E+001  0.26127397E+001  0.43714213E+001  0.81162172E+001
  0.30779050E+000  0.34264216E+000  0.45254851E+000  0.59491735E+000  0.79050367E+000  0.88450755E+000  0.11852708E+001  0.18568347E+001  0.26127397E+001  0.43714213E+001  0.81162173E+001
  0.30779050E+000  0.34264215E+000  0.45254851E+000  0.59491735E+000  0.79050372E+000  0.88450756E+000  0.11852708E+001  0.18568348E+001  0.26127398E+001  0.43714213E+001  0.81162174E+001
  0.30779050E+000  0.34264215E+000  0.45254851E+000  0.59491735E+000  0.79050376E+000  0.88450756E+000  0.11852708E+001  0.18568350E+001  0.26127398E+001  0.43714213E+001  0.81162175E+001
  0.30779050E+000  0.34264214E+000  0.45254851E+000  0.59491735E+000  0.79050381E+000  0.88450756E+000  0.11852708E+001  0.18568351E+001  0.26127398E+001  0.43714213E+001  0.81162176E+001
  0.30779050E+000  0.34264214E+000  0.45254851E+000  0.59491735E+000  0.79050386E+000  0.88450757E+000  0.11852708E+001  0.18568352E+001  0.26127399E+001  0.43714213E+001  0.81162177E+001
  0.30779050E+000  0.34264214E+000  0.45254851E+000  0.59491735E+000  0.79050391E+000  0.88450757E+000  0.11852708E+001  0.18568354E+001  0.26127399E+001  0.43714214E+001  0.81162178E+001
  0.30779050E+000  0.34264214E+000  0.45254851E+000  0.59491735E+000  0.79050396E+000  0.88450758E+000  0.11852708E+001  0.18568355E+001  0.26127399E+001  0.43714214E+001  0.81162179E+001
  0.30779050E+000  0.34264213E+000  0.45254851E+000  0.59491735E+000  0.79050402E+000  0.88450758E+000  0.11852709E+001  0.18568357E+001  0.26127400E+001  0.43714214E+001  0.81162180E+001
  0.30779050E+000  0.34264213E+000  0.45254851E+000  0.59491735E+000  0.79050407E+000  0.88450758E+000  0.11852709E+001  0.18568358E+001  0.26127400E+001  0.43714214E+001  0.81162181E+001
  0.30779050E+000  0.34264213E+000  0.45254851E+000  0.59491735E+000  0.79050412E+000  0.88450759E+000  0.11852709E+001  0.18568360E+001  0.26127401E+001  0.43714214E+001  0.81162182E+001
  0.30779050E+000  0.34264213E+000  0.45254851E+000  0.59491735E+000  0.79050418E+000  0.88450759E+000  0.11852709E+001  0.18568362E+001  0.26127401E+001  0.43714214E+001  0.81162183E+001
  0.30779050E+000  0.34264213E+000  0.45254851E+000  0.59491735E+000  0.79050424E+000  0.88450760E+000  0.11852709E+001  0.18568363E+001  0.26127402E+001  0.43714215E+001  0.81162184E+001
  0.30779050E+000  0.34264213E+000  0.45254851E+000  0.59491735E+000  0.79050430E+000  0.88450760E+000  0.11852709E+001  0.18568365E+001  0.26127402E+001  0.43714215E+001  0.81162185E+001
  0.30779050E+000  0.34264213E+000  0.45254851E+000  0.59491735E+000  0.79050435E+000  0.88450760E+000  0.11852709E+001  0.18568366E+001  0.26127402E+001  0.43714215E+001  0.81162186E+001
  0.30779050E+000  0.34264213E+000  0.45254851E+000  0.59491735E+000  0.79050441E+000  0.88450761E+000  0.11852709E+001  0.18568368E+001  0.26127403E+001  0.43714215E+001  0.81162187E+001
  0.30779050E+000  0.34264214E+000  0.45254851E+000  0.59491735E+000  0.79050447E+000  0.88450761E+000  0.11852709E+001  0.18568370E+001  0.26127403E+001  0.43714215E+001  0.81162189E+001
  0.30779050E+000  0.34264214E+000  0.45254851E+000  0.59491735E+000  0.79050453E+000  0.88450762E+000  0.11852709E+001  0.18568372E+001  0.26127404E+001  0.43714216E+001  0.81162190E+001
  0.30779050E+000  0.34264214E+000  0.45254851E+000  0.59491735E+000  0.79050460E+000  0.88450762E+000  0.11852709E+001  0.18568374E+001  0.26127404E+001  0.43714216E+001  0.81162191E+001
  0.30779050E+000  0.34264214E+000  0.45254851E+000  0.59491735E+000  0.79050466E+000  0.88450763E+000  0.11852709E+001  0.18568375E+001  0.26127405E+001  0.43714216E+001  0.81162193E+001
  0.30779050E+000  0.34264214E+000  0.45254851E+000  0.59491735E+000  0.79050472E+000  0.88450763E+000  0.11852709E+001  0.18568377E+001  0.26127406E+001  0.43714216E+001  0.81162194E+001
  0.30779050E+000  0.34264214E+000  0.45254851E+000  0.59491735E+000  0.79050478E+000  0.88450764E+000  0.11852709E+001  0.18568379E+001  0.26127406E+001  0.43714217E+001  0.81162196E+001
  0.30779050E+000  0.34264215E+000  0.45254851E+000  0.59491735E+000  0.79050485E+000  0.88450764E+000  0.11852709E+001  0.18568381E+001  0.26127407E+001  0.43714217E+001  0.81162197E+001
  0.30779050E+000  0.34264215E+000  0.45254851E+000  0.59491735E+000  0.79050491E+000  0.88450764E+000  0.11852710E+001  0.18568383E+001  0.26127407E+001  0.43714217E+001  0.81162199E+001
  0.30779050E+000  0.34264215E+000  0.45254851E+000  0.59491735E+000  0.79050497E+000  0.88450765E+000  0.11852710E+001  0.18568385E+001  0.26127408E+001  0.43714217E+001  0.81162200E+001
  0.30779050E+000  0.34264216E+000  0.45254851E+000  0.59491735E+000  0.79050504E+000  0.88450765E+000  0.11852710E+001  0.18568388E+001  0.26127408E+001  0.43714218E+001  0.81162202E+001
  0.30779050E+000  0.34264216E+000  0.45254851E+000  0.59491735E+000  0.79050510E+000  0.88450766E+000  0.11852710E+001  0.18568390E+001  0.26127409E+001  0.43714218E+001  0.81162203E+001
  0.30779050E+000  0.34264216E+000  0.45254851E+000  0.59491735E+000  0.79050517E+000  0.88450766E+000  0.11852710E+001  0.18568392E+001  0.26127410E+001  0.43714218E+001  0.81162205E+001
  0.30779050E+000  0.34264216E+000  0.45254851E+000  0.59491735E+000  0.79050523E+000  0.88450767E+000  0.11852710E+001  0.18568394E+001  0.26127410E+001  0.43714219E+001  0.81162207E+001
  0.30779050E+000  0.34264217E+000  0.45254851E+000  0.59491735E+000  0.79050530E+000  0.88450767E+000  0.11852710E+001  0.18568397E+001  0.26127411E+001  0.43714219E+001  0.81162209E+001
  0.30779050E+000  0.34264217E+000  0.45254851E+000  0.59491735E+000  0.79050536E+000  0.88450768E+000  0.11852710E+001  0.18568399E+001  0.26127411E+001  0.43714219E+001  0.81162211E+001
  0.30779050E+000  0.34264218E+000  0.45254851E+000  0.59491735E+000  0.79050543E+000  0.88450768E+000  0.11852710E+001  0.18568401E+001  0.26127412E+001  0.43714220E+001  0.81162212E+001
  0.30779050E+000  0.34264218E+000  0.45254851E+000  0.59491735E+000  0.79050550E+000  0.88450768E+000  0.11852710E+001  0.18568404E+001  0.26127413E+001  0.43714220E+001  0.81162214E+001
  0.30779050E+000  0.34264218E+000  0.45254851E+000  0.59491735E+000  0.79050556E+000  0.88450769E+000  0.11852710E+001  0.18568406E+001  0.26127413E+001  0.43714220E+001  0.81162216E+001
  0.30779050E+000  0.34264219E+000  0.45254851E+000  0.59491735E+000  0.79050563E+000  0.88450769E+000  0.11852710E+001  0.18568409E+001  0.26127414E+001  0.43714221E+001  0.81162218E+001
  0.30779050E+000  0.34264219E+000  0.45254851E+000  0.59491735E+000  0.79050570E+000  0.88450770E+000  0.11852710E+001  0.18568412E+001  0.26127415E+001  0.43714221E+001  0.81162220E+001
  0.30779050E+000  0.34264220E+000  0.45254851E+000  0.59491735E+000  0.79050577E+000  0.88450770E+000  0.11852710E+001  0.18568414E+001  0.26127416E+001  0.43714221E+001  0.81162223E+001
  0.30779050E+000  0.34264220E+000  0.45254851E+000  0.59491735E+000  0.79050584E+000  0.88450771E+000  0.11852710E+001  0.18568417E+001  0.26127416E+001  0.43714222E+001  0.81162225E+001
  0.30779050E+000  0.34264221E+000  0.45254851E+000  0.59491735E+000  0.79050591E+000  0.88450771E+000  0.11852711E+001  0.18568420E+001  0.26127417E+001  0.43714222E+001  0.81162227E+001
  0.30779050E+000  0.34264222E+000  0.45254851E+000  0.59491735E+000  0.79050599E+000  0.88450772E+000  0.11852711E+001  0.18568423E+001  0.26127418E+001  0.43714223E+001  0.81162229E+001
  0.30779050E+000  0.34264222E+000  0.45254851E+000  0.59491735E+000  0.79050606E+000  0.88450772E+000  0.11852711E+001  0.18568425E+001  0.26127418E+001  0.43714223E+001  0.81162231E+001
  0.30779050E+000  0.34264223E+000  0.45254851E+000  0.59491735E+000  0.79050614E+000  0.88450773E+000  0.11852711E+001  0.18568428E+001  0.26127419E+001  0.43714224E+001  0.81162234E+001
  0.30779050E+000  0.34264224E+000  0.45254851E+000  0.59491735E+000  0.79050622E+000  0.88450773E+000  0.11852711E+001  0.18568431E+001  0.26127420E+001  0.43714224E+001  0.81162236E+001
  0.30779050E+000  0.34264225E+000  0.45254851E+000  0.59491735E+000  0.79050630E+000  0.88450774E+000  0.11852711E+001  0.18568434E+001  0.26127421E+001  0.43714225E+001  0.81162238E+001
  0.30779050E+000  0.34264225E+000  0.45254851E+000  0.59491735E+000  0.79050638E+000  0.88450774E+000  0.11852711E+001  0.18568437E+001  0.26127421E+001  0.43714225E+001  0.81162241E+001
  0.30779050E+000  0.34264226E+000  0.45254851E+000  0.59491735E+000  0.79050646E+000  0.88450775E+000  0.11852711E+001  0.18568440E+001  0.26127422E+001  0.43714226E+001  0.81162243E+001
  0.30779050E+000  0.34264227E+000  0.45254851E+000  0.59491735E+000  0.79050655E+000  0.88450775E+000  0.11852711E+001  0.18568443E+001  0.26127423E+001  0.43714226E+001  0.81162246E+001
  0.30779050E+000  0.34264228E+000  0.45254851E+000  0.59491735E+000  0.79050664E+000  0.88450776E+000  0.11852711E+001  0.18568447E+001  0.26127424E+001  0.43714227E+001  0.81162248E+001
  0.30779050E+000  0.34264229E+000  0.45254851E+000  0.59491735E+000  0.79050674E+000  0.88450776E+000  0.11852711E+001  0.18568450E+001  0.26127424E+001  0.43714227E+001  0.81162251E+001
  0.30779050E+000  0.34264230E+000  0.45254851E+000  0.59491735E+000  0.79050683E+000  0.88450777E+000  0.11852711E+001  0.18568453E+001  0.26127425E+001  0.43714228E+001  0.81162253E+001
  0.30779050E+000  0.34264231E+000  0.45254852E+000  0.59491735E+000  0.79050694E+000  0.88450777E+000  0.11852711E+001  0.18568456E+001  0.26127426E+001  0.43714229E+001  0.81162256E+001
  0.30779050E+000  0.34264232E+000  0.45254852E+000  0.59491735E+000  0.79050704E+000  0.88450778E+000  0.11852712E+001  0.18568460E+001  0.26127427E+001  0.43714229E+001  0.81162259E+001
  0.30779050E+000  0.34264234E+000  0.45254852E+000  0.59491735E+000  0.79050716E+000  0.88450778E+000  0.11852712E+001  0.18568463E+001  0.26127428E+001  0.43714230E+001  0.81162261E+001
  0.30779050E+000  0.34264235E+000  0.45254852E+000  0.59491735E+000  0.79050727E+000  0.88450779E+000  0.11852712E+001  0.18568467E+001  0.26127429E+001  0.43714231E+001  0.81162264E+001
  0.30779050E+000  0.34264236E+000  0.45254852E+000  0.59491735E+000  0.79050740E+000  0.88450780E+000  0.11852712E+001  0.18568471E+001  0.26127429E+001  0.43714232E+001  0.81162267E+001
  0.30779050E+000  0.34264238E+000  0.45254852E+000  0.59491735E+000  0.79050752E+000  0.88450780E+000  0.11852712E+001  0.18568474E+001  0.26127430E+001  0.43714232E+001  0.81162270E+001
  0.30779050E+000  0.34264239E+000  0.45254852E+000  0.59491735E+000  0.79050766E+000  0.88450781E+000  0.11852712E+001  0.18568478E+001  0.26127431E+001  0.43714233E+001  0.81162272E+001
  0.30779050E+000  0.34264241E+000  0.45254852E+000  0.59491735E+000  0.79050780E+000  0.88450782E+000  0.11852712E+001  0.18568482E+001  0.26127432E+001  0.43714234E+001  0.81162275E+001
  0.30779050E+000  0.34264242E+000  0.45254852E+000  0.59491735E+000  0.79050795E+000  0.88450782E+000  0.11852712E+001  0.18568486E+001  0.26127433E+001  0.43714235E+001  0.81162278E+001
  0.30779050E+000  0.34264244E+000  0.45254852E+000  0.59491735E+000  0.79050810E+000  0.88450783E+000  0.11852712E+001  0.18568490E+001  0.26127434E+001  0.43714236E+001  0.81162281E+001
  0.30779050E+000  0.34264245E+000  0.45254852E+000  0.59491735E+000  0.79050826E+000  0.88450784E+000  0.11852713E+001  0.18568494E+001  0.26127435E+001  0.43714237E+001  0.81162284E+001
  0.30779050E+000  0.34264247E+000  0.45254852E+000  0.59491735E+000  0.79050843E+000  0.88450785E+000  0.11852713E+001  0.18568499E+001  0.26127436E+001  0.43714238E+001  0.81162287E+001
  0.30779050E+000  0.34264249E+000  0.45254852E+000  0.59491735E+000  0.79050861E+000  0.88450785E+000  0.11852713E+001  0.18568503E+001  0.26127437E+001  0.43714239E+001  0.81162290E+001
  0.30779050E+000  0.34264251E+000  0.45254852E+000  0.59491735E+000  0.79050879E+000  0.88450786E+000  0.11852713E+001  0.18568508E+001  0.26127438E+001  0.43714240E+001  0.81162293E+001
  0.30779050E+000  0.34264252E+000  0.45254852E+000  0.59491735E+000  0.79050898E+000  0.88450787E+000  0.11852713E+001  0.18568513E+001  0.26127439E+001  0.43714241E+001  0.81162296E+001
  0.30779050E+000  0.34264254E+000  0.45254852E+000  0.59491735E+000  0.79050918E+000  0.88450788E+000  0.11852713E+001  0.18568517E+001  0.26127440E+001  0.43714242E+001  0.81162299E+001
  0.30779050E+000  0.34264256E+000  0.45254852E+000  0.59491735E+000  0.79050938E+000  0.88450789E+000  0.11852713E+001  0.18568522E+001  0.26127442E+001  0.43714243E+001  0.81162302E+001
  0.30779050E+000  0.34264258E+000  0.45254852E+000  0.59491735E+000  0.79050959E+000  0.88450790E+000  0.11852713E+001  0.18568528E+001  0.26127443E+001  0.43714244E+001  0.81162306E+001
  0.30779050E+000  0.34264260E+000  0.45254852E+000  0.59491735E+000  0.79050981E+000  0.88450791E+000  0.11852714E+001  0.18568533E+001  0.26127444E+001  0.43714245E+001  0.81162309E+001
  0.30779050E+000  0.34264262E+000  0.45254852E+000  0.59491735E+000  0.79051003E+000  0.88450792E+000  0.11852714E+001  0.18568538E+001  0.26127445E+001  0.43714247E+001  0.81162312E+001
  0.30779050E+000  0.34264264E+000  0.45254852E+000  0.59491735E+000  0.79051026E+000  0.88450793E+000  0.11852714E+001  0.18568544E+001  0.26127447E+001  0.43714248E+001  0.81162316E+001
  0.30779050E+000  0.34264267E+000  0.45254852E+000  0.59491735E+000  0.79051050E+000  0.88450794E+000  0.11852714E+001  0.18568549E+001  0.26127448E+001  0.43714249E+001  0.81162319E+001
  0.30779050E+000  0.34264269E+000  0.45254852E+000  0.59491735E+000  0.79051074E+000  0.88450796E+000  0.11852714E+001  0.18568555E+001  0.26127449E+001  0.43714251E+001  0.81162322E+001
  0.30779050E+000  0.34264271E+000  0.45254852E+000  0.59491735E+000  0.79051098E+000  0.88450797E+000  0.11852714E+001  0.18568561E+001  0.26127451E+001  0.43714252E+001  0.81162326E+001
  0.30779050E+000  0.34264273E+000  0.45254852E+000  0.59491735E+000  0.79051124E+000  0.88450798E+000  0.11852715E+001  0.18568567E+001  0.26127452E+001  0.43714254E+001  0.81162330E+001
  0.30779050E+000  0.34264275E+000  0.45254852E+000  0.59491735E+000  0.79051150E+000  0.88450799E+000  0.11852715E+001  0.18568573E+001  0.26127454E+001  0.43714255E+001  0.81162333E+001
  0.30779050E+000  0.34264278E+000  0.45254852E+000  0.59491735E+000  0.79051176E+000  0.88450801E+000  0.11852715E+001  0.18568580E+001  0.26127455E+001  0.43714257E+001  0.81162337E+001
  0.30779050E+000  0.34264280E+000  0.45254853E+000  0.59491735E+000  0.79051203E+000  0.88450802E+000  0.11852715E+001  0.18568586E+001  0.26127457E+001  0.43714259E+001  0.81162341E+001
  0.30779050E+000  0.34264282E+000  0.45254853E+000  0.59491735E+000  0.79051230E+000  0.88450803E+000  0.11852715E+001  0.18568593E+001  0.26127459E+001  0.43714261E+001  0.81162345E+001
  0.30779050E+000  0.34264284E+000  0.45254853E+000  0.59491735E+000  0.79051258E+000  0.88450805E+000  0.11852715E+001  0.18568599E+001  0.26127460E+001  0.43714263E+001  0.81162349E+001
  0.30779050E+000  0.34264287E+000  0.45254853E+000  0.59491735E+000  0.79051286E+000  0.88450806E+000  0.11852716E+001  0.18568606E+001  0.26127462E+001  0.43714265E+001  0.81162354E+001
  0.30779050E+000  0.34264289E+000  0.45254853E+000  0.59491735E+000  0.79051314E+000  0.88450808E+000  0.11852716E+001  0.18568613E+001  0.26127464E+001  0.43714267E+001  0.81162358E+001
  0.30779050E+000  0.34264291E+000  0.45254853E+000  0.59491735E+000  0.79051343E+000  0.88450809E+000  0.11852716E+001  0.18568620E+001  0.26127466E+001  0.43714269E+001  0.81162363E+001
  0.30779050E+000  0.34264294E+000  0.45254853E+000  0.59491735E+000  0.79051372E+000  0.88450811E+000  0.11852716E+001  0.18568627E+001  0.26127467E+001  0.43714271E+001  0.81162367E+001
  0.30779050E+000  0.34264296E+000  0.45254853E+000  0.59491735E+000  0.79051401E+000  0.88450812E+000  0.11852716E+001  0.18568634E+001  0.26127469E+001  0.43714273E+001  0.81162372E+001
  0.30779050E+000  0.34264298E+000  0.45254853E+000  0.59491735E+000  0.79051431E+000  0.88450814E+000  0.11852717E+001  0.18568641E+001  0.26127471E+001  0.43714275E+001  0.81162377E+001
  0.30779050E+000  0.34264301E+000  0.45254853E+000  0.59491735E+000  0.79051461E+000  0.88450815E+000  0.11852717E+001  0.18568648E+001  0.26127473E+001  0.43714278E+001  0.81162382E+001
  0.30779050E+000  0.34264303E+000  0.45254853E+000  0.59491735E+000  0.79051491E+000  0.88450817E+000  0.11852717E+001  0.18568655E+001  0.26127475E+001  0.43714280E+001  0.81162387E+001
  0.30779050E+000  0.34264305E+000  0.45254853E+000  0.59491735E+000  0.79051521E+000  0.88450819E+000  0.11852717E+001  0.18568663E+001  0.26127477E+001  0.43714283E+001  0.81162393E+001
  0.30779050E+000  0.34264308E+000  0.45254853E+000  0.59491735E+000  0.79051551E+000  0.88450820E+000  0.11852717E+001  0.18568670E+001  0.26127479E+001  0.43714285E+001  0.81162399E+001
  0.30779050E+000  0.34264310E+000  0.45254853E+000  0.59491735E+000  0.79051581E+000  0.88450822E+000  0.11852718E+001  0.18568678E+001  0.26127481E+001  0.43714288E+001  0.81162405E+001
  0.30779050E+000  0.34264312E+000  0.45254853E+000  0.59491735E+000  0.79051612E+000  0.88450824E+000  0.11852718E+001  0.18568685E+001  0.26127483E+001  0.43714291E+001  0.81162411E+001
  0.30779050E+000  0.34264314E+000  0.45254853E+000  0.59491735E+000  0.79051642E+000  0.88450825E+000  0.11852718E+001  0.18568693E+001  0.26127485E+001  0.43714294E+001  0.81162417E+001
  0.30779050E+000  0.34264317E+000  0.45254853E+000  0.59491735E+000  0.79051673E+000  0.88450827E+000  0.11852718E+001  0.18568700E+001  0.26127488E+001  0.43714297E+001  0.81162424E+001
  0.30779050E+000  0.34264319E+000  0.45254853E+000  0.59491735E+000  0.79051703E+000  0.88450829E+000  0.11852718E+001  0.18568708E+001  0.26127490E+001  0.43714300E+001  0.81162431E+001
  0.30779050E+000  0.34264321E+000  0.45254853E+000  0.59491735E+000  0.79051734E+000  0.88450830E+000  0.11852719E+001  0.18568716E+001  0.26127492E+001  0.43714303E+001  0.81162438E+001
  0.30779050E+000  0.34264323E+000  0.45254854E+000  0.59491735E+000  0.79051764E+000  0.88450832E+000  0.11852719E+001  0.18568723E+001  0.26127494E+001  0.43714306E+001  0.81162445E+001
  0.30779050E+000  0.34264325E+000  0.45254854E+000  0.59491735E+000  0.79051795E+000  0.88450834E+000  0.11852719E+001  0.18568731E+001  0.26127496E+001  0.43714309E+001  0.81162453E+001
  0.30779050E+000  0.34264327E+000  0.45254854E+000  0.59491735E+000  0.79051825E+000  0.88450835E+000  0.11852719E+001  0.18568739E+001  0.26127499E+001  0.43714312E+001  0.81162461E+001
  0.30779050E+000  0.34264329E+000  0.45254854E+000  0.59491735E+000  0.79051855E+000  0.88450837E+000  0.11852719E+001  0.18568746E+001  0.26127501E+001  0.43714316E+001  0.81162469E+001
  0.30779050E+000  0.34264331E+000  0.45254854E+000  0.59491735E+000  0.79051885E+000  0.88450839E+000  0.11852720E+001  0.18568754E+001  0.26127503E+001  0.43714319E+001  0.81162477E+001
  0.30779050E+000  0.34264333E+000  0.45254854E+000  0.59491735E+000  0.79051915E+000  0.88450841E+000  0.11852720E+001  0.18568762E+001  0.26127506E+001  0.43714323E+001  0.81162486E+001
  0.30779050E+000  0.34264335E+000  0.45254854E+000  0.59491735E+000  0.79051944E+000  0.88450842E+000  0.11852720E+001  0.18568770E+001  0.26127508E+001  0.43714326E+001  0.81162495E+001
  0.30779050E+000  0.34264337E+000  0.45254854E+000  0.59491735E+000  0.79051973E+000  0.88450844E+000  0.11852720E+001  0.18568777E+001  0.26127510E+001  0.43714330E+001  0.81162505E+001
  0.30779050E+000  0.34264338E+000  0.45254854E+000  0.59491735E+000  0.79052003E+000  0.88450846E+000  0.11852720E+001  0.18568785E+001  0.26127513E+001  0.43714334E+001  0.81162514E+001
  0.30779050E+000  0.34264340E+000  0.45254854E+000  0.59491735E+000  0.79052031E+000  0.88450847E+000  0.11852721E+001  0.18568792E+001  0.26127515E+001  0.43714337E+001  0.81162524E+001
  0.30779050E+000  0.34264342E+000  0.45254854E+000  0.59491735E+000  0.79052060E+000  0.88450849E+000  0.11852721E+001  0.18568800E+001  0.26127518E+001  0.43714341E+001  0.81162535E+001
  0.30779050E+000  0.34264344E+000  0.45254854E+000  0.59491735E+000  0.79052088E+000  0.88450850E+000  0.11852721E+001  0.18568808E+001  0.26127520E+001  0.43714345E+001  0.81162546E+001
  0.30779050E+000  0.34264345E+000  0.45254854E+000  0.59491735E+000  0.79052115E+000  0.88450852E+000  0.11852721E+001  0.18568815E+001  0.26127522E+001  0.43714349E+001  0.81162557E+001
  0.30779050E+000  0.34264347E+000  0.45254854E+000  0.59491735E+000  0.79052143E+000  0.88450853E+000  0.11852721E+001  0.18568823E+001  0.26127525E+001  0.43714353E+001  0.81162568E+001
  0.30779050E+000  0.34264348E+000  0.45254854E+000  0.59491735E+000  0.79052170E+000  0.88450855E+000  0.11852721E+001  0.18568830E+001  0.26127527E+001  0.43714357E+001  0.81162580E+001
  0.30779050E+000  0.34264350E+000  0.45254854E+000  0.59491735E+000  0.79052196E+000  0.88450856E+000  0.11852722E+001  0.18568837E+001  0.26127530E+001  0.43714361E+001  0.81162592E+001
  0.30779050E+000  0.34264351E+000  0.45254854E+000  0.59491735E+000  0.79052222E+000  0.88450858E+000  0.11852722E+001  0.18568845E+001  0.26127532E+001  0.43714366E+001  0.81162604E+001
  0.30779050E+000  0.34264352E+000  0.45254854E+000  0.59491735E+000  0.79052248E+000  0.88450859E+000  0.11852722E+001  0.18568852E+001  0.26127534E+001  0.43714370E+001  0.81162617E+001
  0.30779050E+000  0.34264353E+000  0.45254854E+000  0.59491735E+000  0.79052273E+000  0.88450861E+000  0.11852722E+001  0.18568859E+001  0.26127537E+001  0.43714374E+001  0.81162630E+001
  0.30779050E+000  0.34264355E+000  0.45254854E+000  0.59491735E+000  0.79052298E+000  0.88450862E+000  0.11852722E+001  0.18568866E+001  0.26127539E+001  0.43714378E+001  0.81162643E+001
  0.30779050E+000  0.34264356E+000  0.45254854E+000  0.59491735E+000  0.79052322E+000  0.88450863E+000  0.11852722E+001  0.18568873E+001  0.26127542E+001  0.43714383E+001  0.81162657E+001
  0.30779050E+000  0.34264357E+000  0.45254854E+000  0.59491735E+000  0.79052345E+000  0.88450865E+000  0.11852723E+001  0.18568880E+001  0.26127544E+001  0.43714387E+001  0.81162671E+001
  0.30779050E+000  0.34264358E+000  0.45254854E+000  0.59491735E+000  0.79052369E+000  0.88450866E+000  0.11852723E+001  0.18568940E+001  0.26127546E+001  0.43714391E+001  0.81162685E+001
  0.30779050E+000  0.34264359E+000  0.45254854E+000  0.59491735E+000  0.79052391E+000  0.88450867E+000  0.11852723E+001  0.18569038E+001  0.26127549E+001  0.43714396E+001  0.81162700E+001
  0.30779050E+000  0.34264360E+000  0.45254854E+000  0.59491735E+000  0.79052413E+000  0.88450868E+000  0.11852723E+001  0.18569555E+001  0.26127551E+001  0.43714400E+001  0.81162715E+001
  0.30779050E+000  0.34264361E+000  0.45254854E+000  0.59491735E+000  0.79052434E+000  0.88450870E+000  0.11852723E+001  0.18572052E+001  0.26127553E+001  0.43714405E+001  0.81162730E+001
  0.30779050E+000  0.34264362E+000  0.45254855E+000  0.59491735E+000  0.79052455E+000  0.88450871E+000  0.11852723E+001  0.18572424E+001  0.26127556E+001  0.43714409E+001  0.81162746E+001
  0.30779050E+000  0.34264363E+000  0.45254855E+000  0.59491735E+000  0.79052475E+000  0.88450872E+000  0.11852724E+001  0.18572764E+001  0.26127558E+001  0.43714414E+001  0.81162761E+001
  0.30779050E+000  0.34264363E+000  0.45254855E+000  0.59491735E+000  0.79052495E+000  0.88450873E+000  0.11852724E+001  0.18572782E+001  0.26127560E+001  0.43714418E+001  0.81162777E+001
  0.30779050E+000  0.34264364E+000  0.45254855E+000  0.59491735E+000  0.79052514E+000  0.88450874E+000  0.11852724E+001  0.18572810E+001  0.26127562E+001  0.43714422E+001  0.81162794E+001
  0.30779050E+000  0.34264365E+000  0.45254855E+000  0.59491735E+000  0.79052532E+000  0.88450875E+000  0.11852724E+001  0.18572843E+001  0.26127565E+001  0.43714427E+001  0.81162810E+001
  0.30779050E+000  0.34264366E+000  0.45254855E+000  0.59491735E+000  0.79052550E+000  0.88450876E+000  0.11852724E+001  0.18572876E+001  0.26127567E+001  0.43714431E+001  0.81162827E+001
  0.30779050E+000  0.34264366E+000  0.45254855E+000  0.59491735E+000  0.79052567E+000  0.88450877E+000  0.11852724E+001  0.18572908E+001  0.26127569E+001  0.43714436E+001  0.81162843E+001
  0.30779050E+000  0.34264367E+000  0.45254855E+000  0.59491735E+000  0.79052584E+000  0.88450878E+000  0.11852724E+001  0.18572939E+001  0.26127571E+001  0.43714440E+001  0.81162860E+001
  0.30779050E+000  0.34264367E+000  0.45254855E+000  0.59491735E+000  0.79052600E+000  0.88450878E+000  0.11852724E+001  0.18572970E+001  0.26127573E+001  0.43714445E+001  0.81162878E+001
  0.30779050E+000  0.34264368E+000  0.45254855E+000  0.59491735E+000  0.79052616E+000  0.88450879E+000  0.11852725E+001  0.18573001E+001  0.26127575E+001  0.43714449E+001  0.81162895E+001
  0.30779050E+000  0.34264368E+000  0.45254855E+000  0.59491735E+000  0.79052630E+000  0.88450880E+000  0.11852725E+001  0.18573030E+001  0.26127577E+001  0.43714453E+001  0.81162912E+001
  0.30779050E+000  0.34264369E+000  0.45254855E+000  0.59491735E+000  0.79052645E+000  0.88450881E+000  0.11852725E+001  0.18573059E+001  0.26127579E+001  0.43714458E+001  0.81162930E+001
  0.30779050E+000  0.34264369E+000  0.45254855E+000  0.59491735E+000  0.79052658E+000  0.88450881E+000  0.11852725E+001  0.18573088E+001  0.26127581E+001  0.43714462E+001  0.81162948E+001
  0.30779050E+000  0.34264370E+000  0.45254855E+000  0.59491735E+000  0.79052672E+000  0.88450882E+000  0.11852725E+001  0.18573116E+001  0.26127583E+001  0.43714466E+001  0.81162965E+001
  0.30779050E+000  0.34264370E+000  0.45254855E+000  0.59491735E+000  0.79052684E+000  0.88450883E+000  0.11852725E+001  0.18573143E+001  0.26127585E+001  0.43714470E+001  0.81162983E+001
  0.30779050E+000  0.34264371E+000  0.45254855E+000  0.59491735E+000  0.79052696E+000  0.88450883E+000  0.11852725E+001  0.18573170E+001  0.26127587E+001  0.43714475E+001  0.81163001E+001
  0.30779050E+000  0.34264371E+000  0.45254855E+000  0.59491735E+000  0.79052708E+000  0.88450884E+000  0.11852725E+001  0.18573197E+001  0.26127589E+001  0.43714479E+001  0.81163019E+001
  0.30779050E+000  0.34264371E+000  0.45254855E+000  0.59491735E+000  0.79052719E+000  0.88450884E+000  0.11852725E+001  0.18573222E+001  0.26127591E+001  0.43714483E+001  0.81163037E+001
  0.30779050E+000  0.34264371E+000  0.45254855E+000  0.59491735E+000  0.79052729E+000  0.88450885E+000  0.11852726E+001  0.18573247E+001  0.26127592E+001  0.43714487E+001  0.81163055E+001
  0.30779050E+000  0.34264372E+000  0.45254855E+000  0.59491735E+000  0.79052739E+000  0.88450885E+000  0.11852726E+001  0.18573272E+001  0.26127594E+001  0.43714491E+001  0.81163073E+001
  0.30779050E+000  0.34264372E+000  0.45254855E+000  0.59491735E+000  0.79052749E+000  0.88450886E+000  0.11852726E+001  0.18573295E+001  0.26127596E+001  0.43714495E+001  0.81163091E+001
  0.30779050E+000  0.34264372E+000  0.45254855E+000  0.59491735E+000  0.79052758E+000  0.88450886E+000  0.11852726E+001  0.18573319E+001  0.26127598E+001  0.43714499E+001  0.81163109E+001
  0.30779050E+000  0.34264372E+000  0.45254855E+000  0.59491735E+000  0.79052766E+000  0.88450887E+000  0.11852726E+001  0.18573341E+001  0.26127599E+001  0.43714503E+001  0.81163127E+001
  0.30779050E+000  0.34264373E+000  0.45254855E+000  0.59491735E+000  0.79052775E+000  0.88450887E+000  0.11852726E+001  0.18573363E+001  0.26127601E+001  0.43714507E+001  0.81163144E+001
  0.30779050E+000  0.34264373E+000  0.45254855E+000  0.59491735E+000  0.79052782E+000  0.88450887E+000  0.11852726E+001  0.18573384E+001  0.26127602E+001  0.43714510E+001  0.81163162E+001
  0.30779050E+000  0.34264373E+000  0.45254855E+000  0.59491735E+000  0.79052790E+000  0.88450888E+000  0.11852726E+001  0.18573405E+001  0.26127604E+001  0.43714514E+001  0.81163180E+001
  0.30779050E+000  0.34264373E+000  0.45254855E+000  0.59491735E+000  0.79052797E+000  0.88450888E+000  0.11852726E+001  0.18573425E+001  0.26127605E+001  0.43714518E+001  0.81163197E+001
  0.30779050E+000  0.34264373E+000  0.45254855E+000  0.59491735E+000  0.79052803E+000  0.88450888E+000  0.11852726E+001  0.18573445E+001  0.26127607E+001  0.43714521E+001  0.81163214E+001
  0.30779050E+000  0.34264374E+000  0.45254855E+000  0.59491735E+000  0.79052809E+000  0.88450889E+000  0.11852726E+001  0.18573464E+001  0.26127608E+001  0.43714525E+001  0.81163232E+001
  0.30779050E+000  0.34264374E+000  0.45254855E+000  0.59491735E+000  0.79052815E+000  0.88450889E+000  0.11852726E+001  0.18573482E+001  0.26127610E+001  0.43714528E+001  0.81163249E+001
  0.30779050E+000  0.34264374E+000  0.45254855E+000  0.59491735E+000  0.79052821E+000  0.88450889E+000  0.11852726E+001  0.18573500E+001  0.26127611E+001  0.43714532E+001  0.81163266E+001
  0.30779050E+000  0.34264374E+000  0.45254855E+000  0.59491735E+000  0.79052826E+000  0.88450890E+000  0.11852726E+001  0.18573517E+001  0.26127612E+001  0.43714535E+001  0.81163283E+001
  0.30779050E+000  0.34264374E+000  0.45254855E+000  0.59491735E+000  0.79052831E+000  0.88450890E+000  0.11852726E+001  0.18573534E+001  0.26127614E+001  0.43714538E+001  0.81163299E+001
  0.30779050E+000  0.34264374E+000  0.45254855E+000  0.59491735E+000  0.79052836E+000  0.88450890E+000  0.11852727E+001  0.18573550E+001  0.26127615E+001  0.43714541E+001  0.81163316E+001
  0.30779050E+000  0.34264374E+000  0.45254855E+000  0.59491735E+000  0.79052840E+000  0.88450890E+000  0.11852727E+001  0.18573565E+001  0.26127616E+001  0.43714544E+001  0.81163332E+001
  0.30779050E+000  0.34264374E+000  0.45254855E+000  0.59491735E+000  0.79052844E+000  0.88450890E+000  0.11852727E+001  0.18573580E+001  0.26127617E+001  0.43714548E+001  0.81163348E+001
  0.30779050E+000  0.34264374E+000  0.45254855E+000  0.59491735E+000  0.79052848E+000  0.88450891E+000  0.11852727E+001  0.18573983E+001  0.26127619E+001  0.43714551E+001  0.81163364E+001
  0.30779050E+000  0.34264374E+000  0.45254855E+000  0.59491735E+000  0.79052851E+000  0.88450891E+000  0.11852727E+001  0.18574252E+001  0.26127620E+001  0.43714553E+001  0.81163379E+001
  0.30779050E+000  0.34264374E+000  0.45254855E+000  0.59491735E+000  0.79052855E+000  0.88450891E+000  0.11852727E+001  0.18574285E+001  0.26127621E+001  0.43714556E+001  0.81163395E+001
  0.30779050E+000  0.34264375E+000  0.45254855E+000  0.59491735E+000  0.79052858E+000  0.88450891E+000  0.11852727E+001  0.18574317E+001  0.26127622E+001  0.43714559E+001  0.81163410E+001
  0.30779050E+000  0.34264375E+000  0.45254855E+000  0.59491735E+000  0.79052861E+000  0.88450891E+000  0.11852727E+001  0.18574348E+001  0.26127623E+001  0.43714562E+001  0.81163425E+001
  0.30779050E+000  0.34264375E+000  0.45254855E+000  0.59491735E+000  0.79052863E+000  0.88450891E+000  0.11852727E+001  0.18574378E+001  0.26127624E+001  0.43714564E+001  0.81163439E+001
  0.30779050E+000  0.34264375E+000  0.45254855E+000  0.59491735E+000  0.79052866E+000  0.88450891E+000  0.11852727E+001  0.18574406E+001  0.26127625E+001  0.43714567E+001  0.81163454E+001
  0.30779050E+000  0.34264375E+000  0.45254855E+000  0.59491735E+000  0.79052868E+000  0.88450892E+000  0.11852727E+001  0.18574433E+001  0.26127626E+001  0.43714570E+001  0.81163468E+001
  0.30779050E+000  0.34264375E+000  0.45254855E+000  0.59491735E+000  0.79052871E+000  0.88450892E+000  0.11852727E+001  0.18574459E+001  0.26127627E+001  0.43714572E+001  0.81163482E+001
  0.30779050E+000  0.34264375E+000  0.45254855E+000  0.59491735E+000  0.79052873E+000  0.88450892E+000  0.11852727E+001  0.18574484E+001  0.26127627E+001  0.43714574E+001  0.81163495E+001
  0.30779050E+000  0.34264375E+000  0.45254855E+000  0.59491735E+000  0.79052875E+000  0.88450892E+000  0.11852727E+001  0.18574508E+001  0.26127628E+001  0.43714577E+001  0.81163509E+001
  0.30779050E+000  0.34264375E+000  0.45254855E+000  0.59491735E+000  0.79052876E+000  0.88450892E+000  0.11852727E+001  0.18574531E+001  0.26127629E+001  0.43714579E+001  0.81163522E+001
  0.30779050E+000  0.34264375E+000  0.45254855E+000  0.59491735E+000  0.79052878E+000  0.88450892E+000  0.11852727E+001  0.18574552E+001  0.26127630E+001  0.43714581E+001  0.81163534E+001
  0.30779050E+000  0.34264375E+000  0.45254855E+000  0.59491735E+000  0.79052880E+000  0.88450892E+000  0.11852727E+001  0.18574573E+001  0.26127631E+001  0.43714583E+001  0.81163547E+001
  0.30779050E+000  0.34264375E+000  0.45254855E+000  0.59491735E+000  0.79052881E+000  0.88450892E+000  0.11852727E+001  0.18574592E+001  0.26127631E+001  0.43714585E+001  0.81163559E+001
  0.30779050E+000  0.34264375E+000  0.45254855E+000  0.59491735E+000  0.79052882E+000  0.88450892E+000  0.11852727E+001  0.18574611E+001  0.26127632E+001  0.43714587E+001  0.81163571E+001
  0.30779050E+000  0.34264375E+000  0.45254855E+000  0.59491735E+000  0.79052884E+000  0.88450892E+000  0.11852727E+001  0.18574629E+001  0.26127633E+001  0.43714589E+001  0.81163583E+001
  0.30779050E+000  0.34264375E+000  0.45254855E+000  0.59491735E+000  0.79052885E+000  0.88450892E+000  0.11852727E+001  0.18574646E+001  0.26127633E+001  0.43714591E+001  0.81163594E+001
