  0.30237416E+002
  0.30237671E+002
  0.30237903E+002
  0.30238104E+002
  0.30238275E+002
  0.30238418E+002
  0.30238539E+002
  0.30238641E+002
  0.30238727E+002
  0.30238800E+002
  0.30238862E+002
  0.30238914E+002
  0.30238959E+002
  0.30238997E+002
  0.30239030E+002
  0.30239058E+002
  0.30239082E+002
  0.30239102E+002
  0.30239120E+002
  0.30239136E+002
  0.30239149E+002
  0.30239160E+002
  0.30239170E+002
  0.30239179E+002
  0.30239186E+002
  0.30239193E+002
  0.30239198E+002
  0.30239203E+002
  0.30239207E+002
  0.30239210E+002
  0.30239213E+002
  0.30239215E+002
  0.30239217E+002
  0.30239218E+002
  0.30239219E+002
  0.30239220E+002
  0.30239220E+002
  0.30239220E+002
  0.30239219E+002
  0.30239219E+002
  0.30239218E+002
  0.30239216E+002
  0.30239214E+002
  0.30239212E+002
  0.30239210E+002
  0.30239207E+002
  0.30239204E+002
  0.30239201E+002
  0.30239198E+002
  0.30239194E+002
  0.30239190E+002
  0.30239185E+002
  0.30239181E+002
  0.30239176E+002
  0.30239171E+002
  0.30239166E+002
  0.30239160E+002
  0.30239154E+002
  0.30239149E+002
  0.30239142E+002
  0.30239136E+002
  0.30239130E+002
  0.30239123E+002
  0.30239117E+002
  0.30239110E+002
  0.30239103E+002
  0.30239096E+002
  0.30239089E+002
  0.30239082E+002
  0.30239075E+002
  0.30239068E+002
  0.30239061E+002
  0.30239054E+002
  0.30239047E+002
  0.30239040E+002
  0.30239033E+002
  0.30239027E+002
  0.30239020E+002
  0.30239013E+002
  0.30239006E+002
  0.30239000E+002
  0.30238993E+002
  0.30238987E+002
  0.30238980E+002
  0.30238974E+002
  0.30238968E+002
  0.30238961E+002
  0.30238955E+002
  0.30238949E+002
  0.30238943E+002
  0.30238937E+002
  0.30238931E+002
  0.30238925E+002
  0.30238919E+002
  0.30238913E+002
  0.30238908E+002
  0.30238902E+002
  0.30238896E+002
  0.30238890E+002
  0.30238884E+002
  0.30238879E+002
  0.30238873E+002
  0.30238867E+002
  0.30238861E+002
  0.30238855E+002
  0.30238849E+002
  0.30238843E+002
  0.30238837E+002
  0.30238831E+002
  0.30238825E+002
  0.30238818E+002
  0.30238812E+002
  0.30238805E+002
  0.30238798E+002
  0.30238791E+002
  0.30238784E+002
  0.30238777E+002
  0.30238770E+002
  0.30238762E+002
  0.30238755E+002
  0.30238747E+002
  0.30238738E+002
  0.30238730E+002
  0.30238722E+002
  0.30238713E+002
  0.30238704E+002
  0.30238694E+002
  0.30238685E+002
  0.30238675E+002
  0.30238665E+002
  0.30238655E+002
  0.30238644E+002
  0.30238634E+002
  0.30238623E+002
  0.30238612E+002
  0.30238600E+002
  0.30238588E+002
  0.30238576E+002
  0.30238564E+002
  0.30238552E+002
  0.30238539E+002
  0.30238526E+002
  0.30238513E+002
  0.30238499E+002
  0.30238486E+002
  0.30238472E+002
  0.30238458E+002
  0.30238444E+002
  0.30238429E+002
  0.30238415E+002
  0.30238400E+002
  0.30238385E+002
  0.30238370E+002
  0.30238355E+002
  0.30238340E+002
  0.30238324E+002
  0.30238309E+002
  0.30238293E+002
  0.30238278E+002
  0.30238262E+002
  0.30238246E+002
  0.30238230E+002
  0.30238214E+002
  0.30238199E+002
  0.30238183E+002
  0.30238167E+002
  0.30238151E+002
  0.30238135E+002
  0.30238120E+002
  0.30238104E+002
  0.30238088E+002
  0.30238073E+002
  0.30238057E+002
  0.30238042E+002
  0.30238027E+002
  0.30238012E+002
  0.30237997E+002
  0.30237982E+002
  0.30237967E+002
  0.30237953E+002
  0.30237938E+002
  0.30237924E+002
  0.30237910E+002
  0.30237896E+002
  0.30237883E+002
  0.30237869E+002
  0.30237856E+002
  0.30237843E+002
  0.30237830E+002
  0.30237818E+002
  0.30237805E+002
  0.30237793E+002
  0.30237781E+002
  0.30237770E+002
  0.30237758E+002
  0.30237747E+002
  0.30237736E+002
  0.30237725E+002
  0.30237715E+002
  0.30237705E+002
