  0.14903382E+001  0.10237851E+001  0.71053583E+001  0.11133020E+003
  0.14909844E+001  0.10227009E+001  0.71061535E+001  0.11133086E+003
  0.14913397E+001  0.10240616E+001  0.71046938E+001  0.11133153E+003
  0.14929560E+001  0.10248805E+001  0.71024455E+001  0.11133215E+003
  0.14961913E+001  0.10221444E+001  0.71020839E+001  0.11133269E+003
  0.14962738E+001  0.10296701E+001  0.70945781E+001  0.11133317E+003
  0.14965506E+001  0.10298113E+001  0.70942358E+001  0.11133357E+003
  0.14976630E+001  0.10288741E+001  0.70941161E+001  0.11133393E+003
  0.14993594E+001  0.10272425E+001  0.70940911E+001  0.11133423E+003
  0.14999051E+001  0.10309221E+001  0.70898933E+001  0.11133449E+003
  0.14999142E+001  0.10309545E+001  0.70898697E+001  0.11133472E+003
  0.15010827E+001  0.10300360E+001  0.70896298E+001  0.11133492E+003
  0.15010861E+001  0.10300584E+001  0.70896081E+001  0.11133510E+003
  0.15010864E+001  0.10300772E+001  0.70895882E+001  0.11133525E+003
  0.15012401E+001  0.10299382E+001  0.70895689E+001  0.11133538E+003
  0.15012369E+001  0.10299522E+001  0.70895508E+001  0.11133550E+003
  0.15012326E+001  0.10299640E+001  0.70895336E+001  0.11133561E+003
  0.15012294E+001  0.10299816E+001  0.70895076E+001  0.11133570E+003
  0.15012234E+001  0.10299902E+001  0.70894919E+001  0.11133579E+003
  0.15012169E+001  0.10299976E+001  0.70894769E+001  0.11133586E+003
  0.15012099E+001  0.10300035E+001  0.70894630E+001  0.11133593E+003
  0.15012026E+001  0.10300089E+001  0.70894492E+001  0.11133599E+003
  0.15011951E+001  0.10300135E+001  0.70894360E+001  0.11133605E+003
  0.15011874E+001  0.10300252E+001  0.70894156E+001  0.11133610E+003
  0.15011796E+001  0.10300323E+001  0.70893997E+001  0.11133615E+003
  0.15011717E+001  0.10300415E+001  0.70893817E+001  0.11133619E+003
  0.15011638E+001  0.10300509E+001  0.70893634E+001  0.11133623E+003
  0.15011560E+001  0.10300596E+001  0.70893458E+001  0.11133626E+003
  0.15011481E+001  0.10300672E+001  0.70893294E+001  0.11133630E+003
  0.15011402E+001  0.10300733E+001  0.70893145E+001  0.11133633E+003
  0.15011325E+001  0.10300781E+001  0.70893009E+001  0.11133635E+003
  0.15011247E+001  0.10300816E+001  0.70892887E+001  0.11133638E+003
  0.15011171E+001  0.10300840E+001  0.70892778E+001  0.11133640E+003
  0.15011095E+001  0.10300853E+001  0.70892679E+001  0.11133642E+003
  0.15011020E+001  0.10300857E+001  0.70892589E+001  0.11133644E+003
  0.15010946E+001  0.10300853E+001  0.70892507E+001  0.11133646E+003
  0.15010872E+001  0.10300842E+001  0.70892432E+001  0.11133648E+003
  0.15010799E+001  0.10300826E+001  0.70892363E+001  0.11133649E+003
  0.15010727E+001  0.10300805E+001  0.70892299E+001  0.11133651E+003
  0.15010655E+001  0.10300781E+001  0.70892238E+001  0.11133652E+003
  0.15010583E+001  0.10300753E+001  0.70892180E+001  0.11133653E+003
  0.15010512E+001  0.10300722E+001  0.70892125E+001  0.11133654E+003
  0.15010442E+001  0.10300690E+001  0.70892071E+001  0.11133655E+003
  0.15010372E+001  0.10300657E+001  0.70892019E+001  0.11133656E+003
  0.15010301E+001  0.10300622E+001  0.70891967E+001  0.11133656E+003
  0.15010231E+001  0.10300587E+001  0.70891915E+001  0.11133657E+003
  0.15010162E+001  0.10300552E+001  0.70891864E+001  0.11133657E+003
  0.15010092E+001  0.10300517E+001  0.70891813E+001  0.11133658E+003
  0.15010022E+001  0.10300483E+001  0.70891763E+001  0.11133658E+003
  0.15009952E+001  0.10300449E+001  0.70891712E+001  0.11133658E+003
  0.15009882E+001  0.10300416E+001  0.70891660E+001  0.11133658E+003
  0.15009812E+001  0.10300384E+001  0.70891608E+001  0.11133658E+003
  0.15009742E+001  0.10300353E+001  0.70891555E+001  0.11133657E+003
  0.15009671E+001  0.10300324E+001  0.70891501E+001  0.11133657E+003
  0.15009601E+001  0.10300295E+001  0.70891447E+001  0.11133656E+003
  0.15009531E+001  0.10300268E+001  0.70891392E+001  0.11133656E+003
  0.15009460E+001  0.10300241E+001  0.70891337E+001  0.11133655E+003
  0.15009390E+001  0.10300216E+001  0.70891281E+001  0.11133654E+003
  0.15009320E+001  0.10300191E+001  0.70891225E+001  0.11133653E+003
  0.15009250E+001  0.10300167E+001  0.70891169E+001  0.11133652E+003
  0.15009181E+001  0.10300144E+001  0.70891114E+001  0.11133651E+003
  0.15009112E+001  0.10300122E+001  0.70891059E+001  0.11133650E+003
  0.15009044E+001  0.10300100E+001  0.70891004E+001  0.11133649E+003
  0.15008976E+001  0.10300079E+001  0.70890951E+001  0.11133648E+003
  0.15008909E+001  0.10300058E+001  0.70890898E+001  0.11133647E+003
  0.15008842E+001  0.10300037E+001  0.70890847E+001  0.11133645E+003
  0.15008777E+001  0.10300016E+001  0.70890797E+001  0.11133644E+003
  0.15008712E+001  0.10299995E+001  0.70890749E+001  0.11133643E+003
  0.15008649E+001  0.10299975E+001  0.70890702E+001  0.11133641E+003
  0.15008587E+001  0.10299954E+001  0.70890658E+001  0.11133640E+003
  0.15008526E+001  0.10299933E+001  0.70890615E+001  0.11133638E+003
  0.15008467E+001  0.10299912E+001  0.70890575E+001  0.11133636E+003
  0.15008409E+001  0.10299891E+001  0.70890537E+001  0.11133635E+003
  0.15008353E+001  0.10299870E+001  0.70890502E+001  0.11133633E+003
  0.15008298E+001  0.10299849E+001  0.70890468E+001  0.11133631E+003
  0.15008245E+001  0.10299828E+001  0.70890438E+001  0.11133630E+003
  0.15008194E+001  0.10299806E+001  0.70890409E+001  0.11133628E+003
  0.15008145E+001  0.10299785E+001  0.70890383E+001  0.11133626E+003
  0.15008097E+001  0.10299685E+001  0.70890437E+001  0.11133624E+003
  0.15008052E+001  0.10299663E+001  0.70890415E+001  0.11133623E+003
  0.15008008E+001  0.10299641E+001  0.70890395E+001  0.11133621E+003
  0.15007966E+001  0.10299620E+001  0.70890376E+001  0.11133619E+003
  0.15007926E+001  0.10299598E+001  0.70890359E+001  0.11133617E+003
  0.15007888E+001  0.10299577E+001  0.70890344E+001  0.11133615E+003
  0.15007852E+001  0.10299555E+001  0.70890329E+001  0.11133614E+003
  0.15007818E+001  0.10299534E+001  0.70890316E+001  0.11133612E+003
  0.15007786E+001  0.10299513E+001  0.70890304E+001  0.11133610E+003
  0.15007755E+001  0.10299492E+001  0.70890293E+001  0.11133608E+003
  0.15007726E+001  0.10299471E+001  0.70890283E+001  0.11133606E+003
  0.15007699E+001  0.10299451E+001  0.70890273E+001  0.11133604E+003
  0.15007674E+001  0.10299430E+001  0.70890264E+001  0.11133603E+003
  0.15007650E+001  0.10299410E+001  0.70890255E+001  0.11133601E+003
  0.15007628E+001  0.10299390E+001  0.70890247E+001  0.11133599E+003
  0.15007607E+001  0.10299371E+001  0.70890239E+001  0.11133597E+003
  0.15007588E+001  0.10299351E+001  0.70890231E+001  0.11133595E+003
  0.15007570E+001  0.10299332E+001  0.70890223E+001  0.11133593E+003
  0.15007553E+001  0.10299313E+001  0.70890216E+001  0.11133591E+003
  0.15007538E+001  0.10299294E+001  0.70890208E+001  0.11133589E+003
  0.15007524E+001  0.10299276E+001  0.70890200E+001  0.11133587E+003
  0.15007511E+001  0.10299258E+001  0.70890193E+001  0.11133586E+003
  0.15007499E+001  0.10299240E+001  0.70890185E+001  0.11133584E+003
  0.15007488E+001  0.10299223E+001  0.70890177E+001  0.11133582E+003
  0.15007478E+001  0.10299206E+001  0.70890169E+001  0.11133580E+003
  0.15007469E+001  0.10299189E+001  0.70890161E+001  0.11133578E+003
  0.15007461E+001  0.10299173E+001  0.70890152E+001  0.11133576E+003
  0.15007453E+001  0.10299156E+001  0.70890143E+001  0.11133574E+003
  0.15007446E+001  0.10299140E+001  0.70890133E+001  0.11133571E+003
  0.15007439E+001  0.10299125E+001  0.70890123E+001  0.11133569E+003
  0.15007433E+001  0.10299110E+001  0.70890112E+001  0.11133567E+003
  0.15007427E+001  0.10299095E+001  0.70890101E+001  0.11133565E+003
  0.15007422E+001  0.10299080E+001  0.70890088E+001  0.11133563E+003
  0.15007416E+001  0.10299066E+001  0.70890075E+001  0.11133560E+003
  0.15007411E+001  0.10299052E+001  0.70890060E+001  0.11133558E+003
  0.15007407E+001  0.10299039E+001  0.70890045E+001  0.11133556E+003
  0.15007402E+001  0.10299025E+001  0.70890028E+001  0.11133553E+003
  0.15007397E+001  0.10299013E+001  0.70890009E+001  0.11133551E+003
  0.15007393E+001  0.10299000E+001  0.70889990E+001  0.11133548E+003
  0.15007388E+001  0.10298988E+001  0.70889969E+001  0.11133546E+003
  0.15007383E+001  0.10298977E+001  0.70889946E+001  0.11133543E+003
  0.15007378E+001  0.10298965E+001  0.70889922E+001  0.11133541E+003
  0.15007373E+001  0.10298954E+001  0.70889896E+001  0.11133538E+003
  0.15007368E+001  0.10298944E+001  0.70889868E+001  0.11133535E+003
  0.15007363E+001  0.10298934E+001  0.70889839E+001  0.11133532E+003
  0.15007357E+001  0.10298924E+001  0.70889808E+001  0.11133529E+003
  0.15007351E+001  0.10298915E+001  0.70889775E+001  0.11133526E+003
  0.15007345E+001  0.10298906E+001  0.70889741E+001  0.11133523E+003
  0.15007339E+001  0.10298898E+001  0.70889706E+001  0.11133520E+003
  0.15007333E+001  0.10298890E+001  0.70889669E+001  0.11133516E+003
  0.15007326E+001  0.10298883E+001  0.70889631E+001  0.11133513E+003
  0.15007319E+001  0.10298875E+001  0.70889591E+001  0.11133510E+003
  0.15007312E+001  0.10298869E+001  0.70889551E+001  0.11133506E+003
  0.15007305E+001  0.10298862E+001  0.70889510E+001  0.11133502E+003
  0.15007298E+001  0.10298856E+001  0.70889468E+001  0.11133499E+003
  0.15007290E+001  0.10298851E+001  0.70889426E+001  0.11133495E+003
  0.15007283E+001  0.10298845E+001  0.70889383E+001  0.11133491E+003
  0.15007275E+001  0.10298840E+001  0.70889340E+001  0.11133487E+003
  0.15007268E+001  0.10298836E+001  0.70889298E+001  0.11133483E+003
  0.15007260E+001  0.10298831E+001  0.70889255E+001  0.11133478E+003
  0.15007253E+001  0.10298827E+001  0.70889213E+001  0.11133474E+003
  0.15007246E+001  0.10298823E+001  0.70889171E+001  0.11133470E+003
  0.15007238E+001  0.10298820E+001  0.70889131E+001  0.11133465E+003
  0.15007231E+001  0.10298816E+001  0.70889091E+001  0.11133460E+003
  0.15007225E+001  0.10298813E+001  0.70889052E+001  0.11133456E+003
  0.15007218E+001  0.10298810E+001  0.70889014E+001  0.11133451E+003
  0.15007212E+001  0.10298807E+001  0.70888978E+001  0.11133446E+003
  0.15007206E+001  0.10298804E+001  0.70888943E+001  0.11133441E+003
  0.15007200E+001  0.10298801E+001  0.70888910E+001  0.11133435E+003
  0.15007194E+001  0.10298799E+001  0.70888878E+001  0.11133430E+003
  0.15007189E+001  0.10298797E+001  0.70888848E+001  0.11133425E+003
  0.15007185E+001  0.10298794E+001  0.70888820E+001  0.11133419E+003
  0.15007180E+001  0.10298792E+001  0.70888794E+001  0.11133414E+003
  0.15007176E+001  0.10298790E+001  0.70888769E+001  0.11133408E+003
  0.15007173E+001  0.10298788E+001  0.70888746E+001  0.11133402E+003
  0.15007169E+001  0.10298786E+001  0.70888725E+001  0.11133397E+003
  0.15007166E+001  0.10298785E+001  0.70888706E+001  0.11133391E+003
  0.15007164E+001  0.10298783E+001  0.70888688E+001  0.11133385E+003
  0.15007162E+001  0.10298782E+001  0.70888673E+001  0.11133379E+003
  0.15007160E+001  0.10298780E+001  0.70888659E+001  0.11133373E+003
  0.15007158E+001  0.10298779E+001  0.70888646E+001  0.11133367E+003
  0.15007157E+001  0.10298778E+001  0.70888636E+001  0.11133360E+003
  0.15007156E+001  0.10298777E+001  0.70888626E+001  0.11133354E+003
  0.15007155E+001  0.10298776E+001  0.70888619E+001  0.11133348E+003
  0.15007155E+001  0.10298775E+001  0.70888612E+001  0.11133342E+003
  0.15007155E+001  0.10298774E+001  0.70888607E+001  0.11133335E+003
  0.15007155E+001  0.10298773E+001  0.70888603E+001  0.11133329E+003
  0.15007155E+001  0.10298773E+001  0.70888601E+001  0.11133323E+003
  0.15007156E+001  0.10298772E+001  0.70888599E+001  0.11133317E+003
  0.15007156E+001  0.10298772E+001  0.70888598E+001  0.11133310E+003
  0.15007157E+001  0.10298771E+001  0.70888599E+001  0.11133304E+003
  0.15007158E+001  0.10298771E+001  0.70888600E+001  0.11133298E+003
  0.15007159E+001  0.10298771E+001  0.70888601E+001  0.11133291E+003
  0.15007161E+001  0.10298771E+001  0.70888604E+001  0.11133285E+003
  0.15007162E+001  0.10298771E+001  0.70888607E+001  0.11133279E+003
  0.15007163E+001  0.10298771E+001  0.70888611E+001  0.11133273E+003
  0.15007165E+001  0.10298771E+001  0.70888615E+001  0.11133267E+003
  0.15007166E+001  0.10298771E+001  0.70888619E+001  0.11133260E+003
  0.15007168E+001  0.10298772E+001  0.70888624E+001  0.11133254E+003
  0.15007169E+001  0.10298772E+001  0.70888630E+001  0.11133248E+003
  0.15007171E+001  0.10298772E+001  0.70888635E+001  0.11133242E+003
  0.15007172E+001  0.10298773E+001  0.70888641E+001  0.11133237E+003
  0.15007174E+001  0.10298773E+001  0.70888646E+001  0.11133231E+003
  0.15007175E+001  0.10298773E+001  0.70888652E+001  0.11133225E+003
  0.15007177E+001  0.10298774E+001  0.70888658E+001  0.11133219E+003
  0.15007178E+001  0.10298774E+001  0.70888664E+001  0.11133214E+003
  0.15007180E+001  0.10298775E+001  0.70888670E+001  0.11133208E+003
  0.15007181E+001  0.10298776E+001  0.70888677E+001  0.11133203E+003
  0.15007183E+001  0.10298776E+001  0.70888683E+001  0.11133197E+003
  0.15007184E+001  0.10298777E+001  0.70888689E+001  0.11133192E+003
  0.15007185E+001  0.10298777E+001  0.70888694E+001  0.11133187E+003
  0.15007187E+001  0.10298778E+001  0.70888700E+001  0.11133182E+003
  0.15007188E+001  0.10298778E+001  0.70888706E+001  0.11133177E+003
  0.15007189E+001  0.10298779E+001  0.70888711E+001  0.11133172E+003
  0.15007190E+001  0.10298779E+001  0.70888717E+001  0.11133167E+003
  0.15007191E+001  0.10298780E+001  0.70888722E+001  0.11133162E+003
  0.15007192E+001  0.10298781E+001  0.70888727E+001  0.11133158E+003
  0.15007193E+001  0.10298781E+001  0.70888732E+001  0.11133153E+003
  0.15007194E+001  0.10298782E+001  0.70888737E+001  0.11133149E+003
  0.15007195E+001  0.10298782E+001  0.70888742E+001  0.11133144E+003
  0.15007196E+001  0.10298783E+001  0.70888746E+001  0.11133140E+003
  0.15007197E+001  0.10298783E+001  0.70888751E+001  0.11133136E+003
