  0.36544153E-001  0.37207889E+000  0.31419242E+001  0.11739913E+003
  0.36484630E-001  0.37191404E+000  0.31420996E+001  0.11740020E+003
  0.36443168E-001  0.37178041E+000  0.31422465E+001  0.11740116E+003
  0.36437907E-001  0.37172141E+000  0.31422969E+001  0.11740198E+003
  0.36433386E-001  0.37182928E+000  0.31421899E+001  0.11740266E+003
  0.36429483E-001  0.37191136E+000  0.31421153E+001  0.11740323E+003
  0.36426133E-001  0.37197307E+000  0.31420656E+001  0.11740371E+003
  0.36423291E-001  0.37201904E+000  0.31420347E+001  0.11740410E+003
  0.36420926E-001  0.37205235E+000  0.31420184E+001  0.11740443E+003
  0.36419010E-001  0.37207525E+000  0.31420137E+001  0.11740471E+003
  0.36417511E-001  0.37208973E+000  0.31420181E+001  0.11740494E+003
  0.36416485E-001  0.37209720E+000  0.31420296E+001  0.11740513E+003
  0.36415901E-001  0.37209888E+000  0.31420466E+001  0.11740529E+003
  0.36415700E-001  0.37209581E+000  0.31420679E+001  0.11740542E+003
  0.36415829E-001  0.37208882E+000  0.31420926E+001  0.11740554E+003
  0.36416240E-001  0.37207855E+000  0.31421199E+001  0.11740563E+003
  0.36416887E-001  0.37206559E+000  0.31421492E+001  0.11740571E+003
  0.36417731E-001  0.37205040E+000  0.31421800E+001  0.11740578E+003
  0.36418735E-001  0.37203336E+000  0.31422120E+001  0.11740583E+003
  0.36419869E-001  0.37201482E+000  0.31422447E+001  0.11740588E+003
  0.36421105E-001  0.37199505E+000  0.31422779E+001  0.11740592E+003
  0.36422421E-001  0.37197430E+000  0.31423115E+001  0.11740595E+003
  0.36423796E-001  0.37195277E+000  0.31423452E+001  0.11740597E+003
  0.36425215E-001  0.37193065E+000  0.31423789E+001  0.11740600E+003
  0.36426666E-001  0.37190808E+000  0.31424125E+001  0.11740601E+003
  0.36428139E-001  0.37188520E+000  0.31424457E+001  0.11740603E+003
  0.36431104E-001  0.37186066E+000  0.31424786E+001  0.11740604E+003
  0.36436741E-001  0.37183337E+000  0.31425111E+001  0.11740604E+003
  0.36442250E-001  0.37180622E+000  0.31425429E+001  0.11740605E+003
  0.36447627E-001  0.37177927E+000  0.31425742E+001  0.11740605E+003
  0.36452866E-001  0.37175262E+000  0.31426048E+001  0.11740606E+003
  0.36457966E-001  0.37174425E+000  0.31426168E+001  0.11740606E+003
  0.36462924E-001  0.37175966E+000  0.31426046E+001  0.11740606E+003
  0.36467740E-001  0.37177483E+000  0.31425922E+001  0.11740605E+003
  0.36472412E-001  0.37178976E+000  0.31425797E+001  0.11740605E+003
  0.36476941E-001  0.37180444E+000  0.31425670E+001  0.11740605E+003
  0.36481327E-001  0.37181886E+000  0.31425543E+001  0.11740604E+003
  0.36485569E-001  0.37183301E+000  0.31425414E+001  0.11740603E+003
  0.36489668E-001  0.37184688E+000  0.31425285E+001  0.11740603E+003
  0.36493625E-001  0.37186047E+000  0.31425155E+001  0.11740602E+003
  0.36497437E-001  0.37187377E+000  0.31425024E+001  0.11740601E+003
  0.36501107E-001  0.37188678E+000  0.31424893E+001  0.11740600E+003
  0.36504632E-001  0.37189948E+000  0.31424762E+001  0.11740599E+003
  0.36508012E-001  0.37191188E+000  0.31424631E+001  0.11740598E+003
  0.36511247E-001  0.37192396E+000  0.31424501E+001  0.11740597E+003
  0.36514334E-001  0.37193571E+000  0.31424371E+001  0.11740596E+003
  0.36517273E-001  0.37194714E+000  0.31424242E+001  0.11740594E+003
  0.36520062E-001  0.37195823E+000  0.31424115E+001  0.11740593E+003
  0.36522700E-001  0.37196898E+000  0.31423990E+001  0.11740591E+003
  0.36525186E-001  0.37197938E+000  0.31423866E+001  0.11740590E+003
  0.36527520E-001  0.37198942E+000  0.31423745E+001  0.11740588E+003
  0.36529700E-001  0.37199909E+000  0.31423626E+001  0.11740586E+003
  0.36531728E-001  0.37200840E+000  0.31423510E+001  0.11740585E+003
  0.36533604E-001  0.37201732E+000  0.31423397E+001  0.11740583E+003
  0.36535329E-001  0.37202586E+000  0.31423287E+001  0.11740581E+003
  0.36536908E-001  0.37203401E+000  0.31423181E+001  0.11740579E+003
  0.36538341E-001  0.37204176E+000  0.31423078E+001  0.11740577E+003
  0.36539635E-001  0.37204911E+000  0.31422979E+001  0.11740575E+003
  0.36540794E-001  0.37205606E+000  0.31422884E+001  0.11740572E+003
  0.36541824E-001  0.37206260E+000  0.31422793E+001  0.11740570E+003
  0.36542732E-001  0.37206873E+000  0.31422707E+001  0.11740568E+003
  0.36543525E-001  0.37207445E+000  0.31422624E+001  0.11740565E+003
  0.36544210E-001  0.37207977E+000  0.31422546E+001  0.11740563E+003
  0.36544797E-001  0.37208467E+000  0.31422471E+001  0.11740560E+003
  0.36545293E-001  0.37208918E+000  0.31422402E+001  0.11740558E+003
  0.36545706E-001  0.37209328E+000  0.31422336E+001  0.11740555E+003
  0.36546046E-001  0.37209700E+000  0.31422275E+001  0.11740553E+003
  0.36546319E-001  0.37210033E+000  0.31422218E+001  0.11740550E+003
  0.36546535E-001  0.37210330E+000  0.31422165E+001  0.11740548E+003
  0.36546700E-001  0.37210590E+000  0.31422116E+001  0.11740545E+003
  0.36546820E-001  0.37210816E+000  0.31422070E+001  0.11740543E+003
  0.36546903E-001  0.37211008E+000  0.31422029E+001  0.11740540E+003
  0.36546953E-001  0.37211169E+000  0.31421990E+001  0.11740537E+003
  0.36546975E-001  0.37211300E+000  0.31421955E+001  0.11740535E+003
  0.36546975E-001  0.37211402E+000  0.31421922E+001  0.11740532E+003
  0.36546955E-001  0.37211477E+000  0.31421893E+001  0.11740530E+003
  0.36546919E-001  0.37211528E+000  0.31421866E+001  0.11740527E+003
  0.36546870E-001  0.37211555E+000  0.31421841E+001  0.11740525E+003
  0.36546809E-001  0.37211562E+000  0.31421817E+001  0.11740522E+003
  0.36546739E-001  0.37211548E+000  0.31421796E+001  0.11740520E+003
  0.36546660E-001  0.37211516E+000  0.31421776E+001  0.11740517E+003
  0.36546576E-001  0.37211468E+000  0.31421758E+001  0.11740515E+003
  0.36546485E-001  0.37211404E+000  0.31421741E+001  0.11740513E+003
  0.36546390E-001  0.37211327E+000  0.31421725E+001  0.11740510E+003
  0.36546290E-001  0.37211238E+000  0.31421709E+001  0.11740508E+003
  0.36546188E-001  0.37211137E+000  0.31421695E+001  0.11740506E+003
  0.36546082E-001  0.37211027E+000  0.31421681E+001  0.11740504E+003
  0.36545973E-001  0.37210907E+000  0.31421667E+001  0.11740501E+003
  0.36545863E-001  0.37210779E+000  0.31421654E+001  0.11740499E+003
  0.36545751E-001  0.37210644E+000  0.31421641E+001  0.11740497E+003
  0.36545639E-001  0.37210503E+000  0.31421629E+001  0.11740495E+003
  0.36545526E-001  0.37210357E+000  0.31421616E+001  0.11740493E+003
  0.36545413E-001  0.37210206E+000  0.31421603E+001  0.11740491E+003
  0.36545300E-001  0.37210052E+000  0.31421591E+001  0.11740489E+003
  0.36545190E-001  0.37209894E+000  0.31421578E+001  0.11740487E+003
  0.36545080E-001  0.37209735E+000  0.31421564E+001  0.11740485E+003
  0.36544973E-001  0.37209575E+000  0.31421550E+001  0.11740483E+003
  0.36544869E-001  0.37209414E+000  0.31421536E+001  0.11740481E+003
  0.36544768E-001  0.37209255E+000  0.31421520E+001  0.11740479E+003
  0.36544671E-001  0.37209096E+000  0.31421504E+001  0.11740477E+003
  0.36544578E-001  0.37208941E+000  0.31421487E+001  0.11740475E+003
  0.36544489E-001  0.37208788E+000  0.31421468E+001  0.11740473E+003
  0.36544405E-001  0.37208640E+000  0.31421447E+001  0.11740471E+003
  0.36544326E-001  0.37208497E+000  0.31421425E+001  0.11740469E+003
  0.36544253E-001  0.37208359E+000  0.31421402E+001  0.11740467E+003
  0.36544185E-001  0.37208228E+000  0.31421376E+001  0.11740465E+003
  0.36544122E-001  0.37208103E+000  0.31421348E+001  0.11740463E+003
  0.36544065E-001  0.37207986E+000  0.31421318E+001  0.11740461E+003
  0.36544013E-001  0.37207877E+000  0.31421286E+001  0.11740459E+003
  0.36543967E-001  0.37207776E+000  0.31421251E+001  0.11740457E+003
  0.36543925E-001  0.37207683E+000  0.31421214E+001  0.11740455E+003
  0.36543890E-001  0.37207599E+000  0.31421174E+001  0.11740452E+003
  0.36543859E-001  0.37207523E+000  0.31421133E+001  0.11740450E+003
  0.36543833E-001  0.37207456E+000  0.31421089E+001  0.11740448E+003
  0.36543811E-001  0.37207398E+000  0.31421042E+001  0.11740446E+003
  0.36543793E-001  0.37207348E+000  0.31420994E+001  0.11740444E+003
  0.36543780E-001  0.37207305E+000  0.31420943E+001  0.11740441E+003
  0.36543770E-001  0.37207271E+000  0.31420891E+001  0.11740439E+003
  0.36543764E-001  0.37207244E+000  0.31420837E+001  0.11740436E+003
  0.36543761E-001  0.37207223E+000  0.31420781E+001  0.11740434E+003
  0.36543760E-001  0.37207209E+000  0.31420725E+001  0.11740431E+003
  0.36543762E-001  0.37207201E+000  0.31420667E+001  0.11740429E+003
  0.36543766E-001  0.37207198E+000  0.31420608E+001  0.11740426E+003
  0.36543773E-001  0.37207200E+000  0.31420549E+001  0.11740423E+003
  0.36543780E-001  0.37207206E+000  0.31420489E+001  0.11740420E+003
  0.36543790E-001  0.37207216E+000  0.31420430E+001  0.11740417E+003
  0.36543800E-001  0.37207230E+000  0.31420371E+001  0.11740414E+003
  0.36543812E-001  0.37207246E+000  0.31420312E+001  0.11740411E+003
  0.36543824E-001  0.37207265E+000  0.31420254E+001  0.11740407E+003
  0.36543837E-001  0.37207285E+000  0.31420196E+001  0.11740404E+003
  0.36543850E-001  0.37207308E+000  0.31420140E+001  0.11740400E+003
  0.36543863E-001  0.37207331E+000  0.31420085E+001  0.11740397E+003
  0.36543877E-001  0.37207356E+000  0.31420032E+001  0.11740393E+003
  0.36543891E-001  0.37207381E+000  0.31419980E+001  0.11740389E+003
  0.36543904E-001  0.37207406E+000  0.31419930E+001  0.11740385E+003
  0.36543918E-001  0.37207431E+000  0.31419882E+001  0.11740381E+003
  0.36543931E-001  0.37207456E+000  0.31419835E+001  0.11740377E+003
  0.36543944E-001  0.37207481E+000  0.31419791E+001  0.11740372E+003
  0.36543956E-001  0.37207505E+000  0.31419749E+001  0.11740368E+003
  0.36543968E-001  0.37207529E+000  0.31419709E+001  0.11740363E+003
  0.36543980E-001  0.37207552E+000  0.31419671E+001  0.11740358E+003
  0.36543991E-001  0.37207574E+000  0.31419635E+001  0.11740353E+003
  0.36544002E-001  0.37207595E+000  0.31419602E+001  0.11740349E+003
  0.36544012E-001  0.37207615E+000  0.31419570E+001  0.11740343E+003
  0.36544022E-001  0.37207634E+000  0.31419541E+001  0.11740338E+003
  0.36544031E-001  0.37207653E+000  0.31419513E+001  0.11740333E+003
  0.36544039E-001  0.37207670E+000  0.31419488E+001  0.11740328E+003
  0.36544048E-001  0.37207686E+000  0.31419464E+001  0.11740322E+003
  0.36544055E-001  0.37207702E+000  0.31419442E+001  0.11740317E+003
  0.36544062E-001  0.37207716E+000  0.31419422E+001  0.11740311E+003
  0.36544069E-001  0.37207730E+000  0.31419404E+001  0.11740305E+003
  0.36544076E-001  0.37207742E+000  0.31419387E+001  0.11740299E+003
  0.36544081E-001  0.37207754E+000  0.31419371E+001  0.11740294E+003
  0.36544087E-001  0.37207765E+000  0.31419357E+001  0.11740288E+003
  0.36544092E-001  0.37207775E+000  0.31419344E+001  0.11740282E+003
  0.36544097E-001  0.37207784E+000  0.31419333E+001  0.11740276E+003
  0.36544101E-001  0.37207793E+000  0.31419322E+001  0.11740270E+003
  0.36544106E-001  0.37207801E+000  0.31419313E+001  0.11740263E+003
  0.36544109E-001  0.37207808E+000  0.31419304E+001  0.11740257E+003
  0.36544113E-001  0.37207815E+000  0.31419296E+001  0.11740251E+003
  0.36544116E-001  0.37207821E+000  0.31419290E+001  0.11740245E+003
  0.36544119E-001  0.37207827E+000  0.31419283E+001  0.11740238E+003
  0.36544122E-001  0.37207832E+000  0.31419278E+001  0.11740232E+003
  0.36544125E-001  0.37207837E+000  0.31419273E+001  0.11740226E+003
  0.36544127E-001  0.37207842E+000  0.31419269E+001  0.11740220E+003
  0.36544129E-001  0.37207846E+000  0.31419265E+001  0.11740213E+003
  0.36544131E-001  0.37207850E+000  0.31419262E+001  0.11740207E+003
  0.36544133E-001  0.37207853E+000  0.31419259E+001  0.11740201E+003
  0.36544135E-001  0.37207856E+000  0.31419256E+001  0.11740194E+003
  0.36544137E-001  0.37207859E+000  0.31419254E+001  0.11740188E+003
  0.36544138E-001  0.37207862E+000  0.31419252E+001  0.11740182E+003
  0.36544139E-001  0.37207864E+000  0.31419250E+001  0.11740176E+003
  0.36544141E-001  0.37207866E+000  0.31419249E+001  0.11740170E+003
  0.36544142E-001  0.37207868E+000  0.31419247E+001  0.11740164E+003
  0.36544143E-001  0.37207870E+000  0.31419246E+001  0.11740157E+003
  0.36544144E-001  0.37207872E+000  0.31419245E+001  0.11740151E+003
  0.36544145E-001  0.37207873E+000  0.31419244E+001  0.11740145E+003
  0.36544146E-001  0.37207875E+000  0.31419244E+001  0.11740139E+003
  0.36544147E-001  0.37207876E+000  0.31419243E+001  0.11740134E+003
  0.36544147E-001  0.37207877E+000  0.31419243E+001  0.11740128E+003
  0.36544148E-001  0.37207879E+000  0.31419242E+001  0.11740122E+003
  0.36544149E-001  0.37207880E+000  0.31419242E+001  0.11740116E+003
  0.36544149E-001  0.37207881E+000  0.31419242E+001  0.11740111E+003
  0.36544150E-001  0.37207881E+000  0.31419241E+001  0.11740105E+003
  0.36544150E-001  0.37207882E+000  0.31419241E+001  0.11740100E+003
  0.36544151E-001  0.37207883E+000  0.31419241E+001  0.11740094E+003
  0.36544151E-001  0.37207884E+000  0.31419241E+001  0.11740089E+003
  0.36544152E-001  0.37207884E+000  0.31419241E+001  0.11740084E+003
  0.36544152E-001  0.37207885E+000  0.31419241E+001  0.11740079E+003
  0.36544152E-001  0.37207885E+000  0.31419241E+001  0.11740074E+003
  0.36544153E-001  0.37207886E+000  0.31419241E+001  0.11740069E+003
  0.36544153E-001  0.37207886E+000  0.31419241E+001  0.11740064E+003
  0.36544153E-001  0.37207887E+000  0.31419241E+001  0.11740059E+003
  0.36544153E-001  0.37207887E+000  0.31419241E+001  0.11740055E+003
  0.36544153E-001  0.37207887E+000  0.31419242E+001  0.11740050E+003
  0.36544153E-001  0.37207888E+000  0.31419242E+001  0.11740046E+003
  0.36544153E-001  0.37207888E+000  0.31419242E+001  0.11740041E+003
  0.36544153E-001  0.37207888E+000  0.31419242E+001  0.11740037E+003
  0.36544152E-001  0.37207888E+000  0.31419242E+001  0.11740033E+003
  0.36544150E-001  0.37207887E+000  0.31419242E+001  0.11740029E+003
