  0.15876857E+001
  0.15885955E+001
  0.15892310E+001
  0.15896957E+001
  0.15900394E+001
  0.15902938E+001
  0.15904789E+001
  0.15906103E+001
  0.15906993E+001
  0.15907540E+001
  0.15907817E+001
  0.15907876E+001
  0.15907759E+001
  0.15907504E+001
  0.15907137E+001
  0.15906679E+001
  0.15906150E+001
  0.15905565E+001
  0.15904935E+001
  0.15904270E+001
  0.15903578E+001
  0.15902867E+001
  0.15902141E+001
  0.15901405E+001
  0.15900663E+001
  0.15899919E+001
  0.15899173E+001
  0.15898429E+001
  0.15897688E+001
  0.15896952E+001
  0.15896221E+001
  0.15895497E+001
  0.15894781E+001
  0.15894072E+001
  0.15893373E+001
  0.15892682E+001
  0.15892002E+001
  0.15891332E+001
  0.15890674E+001
  0.15890026E+001
  0.15889391E+001
  0.15888768E+001
  0.15888158E+001
  0.15887561E+001
  0.15886978E+001
  0.15886409E+001
  0.15885855E+001
  0.15885317E+001
  0.15884794E+001
  0.15884287E+001
  0.15883797E+001
  0.15883324E+001
  0.15882868E+001
  0.15882429E+001
  0.15882008E+001
  0.15881605E+001
  0.15881220E+001
  0.15880853E+001
  0.15880504E+001
  0.15880173E+001
  0.15879860E+001
  0.15879565E+001
  0.15879287E+001
  0.15879026E+001
  0.15878782E+001
  0.15878555E+001
  0.15878343E+001
  0.15878147E+001
  0.15877966E+001
  0.15877799E+001
  0.15877647E+001
  0.15877508E+001
  0.15877381E+001
  0.15877267E+001
  0.15877165E+001
  0.15877073E+001
  0.15876992E+001
  0.15876920E+001
  0.15876858E+001
  0.15876804E+001
  0.15876758E+001
  0.15876719E+001
  0.15876687E+001
  0.15876660E+001
  0.15876639E+001
  0.15876622E+001
  0.15876610E+001
  0.15876601E+001
  0.15876595E+001
  0.15876593E+001
  0.15876592E+001
  0.15876594E+001
  0.15876597E+001
  0.15876601E+001
  0.15876607E+001
  0.15876613E+001
  0.15876620E+001
  0.15876627E+001
  0.15876635E+001
  0.15876642E+001
  0.15876650E+001
  0.15876658E+001
  0.15876665E+001
  0.15876673E+001
  0.15876680E+001
  0.15876687E+001
  0.15876694E+001
  0.15876700E+001
  0.15876706E+001
  0.15876712E+001
  0.15876718E+001
  0.15876723E+001
  0.15876728E+001
  0.15876733E+001
  0.15876738E+001
  0.15876742E+001
  0.15876746E+001
  0.15876750E+001
  0.15876754E+001
  0.15876757E+001
  0.15876761E+001
  0.15876764E+001
  0.15876767E+001
  0.15876771E+001
  0.15876773E+001
  0.15876776E+001
  0.15876779E+001
  0.15876782E+001
  0.15876784E+001
  0.15876787E+001
  0.15876789E+001
  0.15876792E+001
  0.15876794E+001
  0.15876796E+001
  0.15876798E+001
  0.15876801E+001
  0.15876803E+001
  0.15876805E+001
  0.15876807E+001
  0.15876809E+001
  0.15876811E+001
  0.15876813E+001
  0.15876815E+001
  0.15876816E+001
  0.15876818E+001
  0.15876820E+001
  0.15876822E+001
  0.15876823E+001
  0.15876825E+001
  0.15876826E+001
  0.15876828E+001
  0.15876829E+001
  0.15876831E+001
  0.15876832E+001
  0.15876834E+001
  0.15876835E+001
  0.15876836E+001
  0.15876837E+001
  0.15876839E+001
  0.15876840E+001
  0.15876841E+001
  0.15876842E+001
  0.15876843E+001
  0.15876844E+001
  0.15876845E+001
  0.15876846E+001
  0.15876847E+001
  0.15876848E+001
  0.15876848E+001
  0.15876849E+001
  0.15876850E+001
  0.15876851E+001
  0.15876851E+001
  0.15876852E+001
  0.15876852E+001
  0.15876853E+001
  0.15876853E+001
  0.15876854E+001
  0.15876854E+001
  0.15876855E+001
  0.15876855E+001
  0.15876856E+001
  0.15876856E+001
  0.15876856E+001
  0.15876857E+001
  0.15876857E+001
  0.15876857E+001
  0.15876857E+001
  0.15876858E+001
  0.15876858E+001
  0.15876858E+001
  0.15876858E+001
  0.15876858E+001
  0.15876859E+001
  0.15876859E+001
  0.15876859E+001
  0.15876859E+001
  0.15876859E+001
  0.15876860E+001
  0.15876860E+001
