  0.10610608E+001  0.59413231E+000  0.94259332E+000  0.37529568E+001
  0.10674252E+001  0.59216353E+000  0.94079275E+000  0.37540009E+001
  0.10777370E+001  0.58585955E+000  0.93863600E+000  0.37546918E+001
  0.10786894E+001  0.59054913E+000  0.93437138E+000  0.37551732E+001
  0.10818001E+001  0.59084987E+000  0.93199268E+000  0.37555153E+001
  0.10822087E+001  0.59718390E+000  0.92602289E+000  0.37557601E+001
  0.10826729E+001  0.59775068E+000  0.92555963E+000  0.37559330E+001
  0.10831330E+001  0.59756679E+000  0.92568987E+000  0.37560522E+001
  0.10881034E+001  0.59280600E+000  0.92575826E+000  0.37561302E+001
  0.10963886E+001  0.58559159E+000  0.92486110E+000  0.37561753E+001
  0.10964532E+001  0.58559866E+000  0.92488024E+000  0.37561952E+001
  0.11022363E+001  0.58026288E+000  0.92445658E+000  0.37561951E+001
  0.11022387E+001  0.58024570E+000  0.92444077E+000  0.37561791E+001
  0.11022161E+001  0.58022169E+000  0.92441334E+000  0.37561509E+001
  0.11021793E+001  0.58018692E+000  0.92437596E+000  0.37561129E+001
  0.11021220E+001  0.58015188E+000  0.92433101E+000  0.37560672E+001
  0.11020519E+001  0.58011303E+000  0.92428011E+000  0.37560155E+001
  0.11019726E+001  0.58009437E+000  0.92420029E+000  0.37559592E+001
  0.11018835E+001  0.58005011E+000  0.92414152E+000  0.37558991E+001
  0.11017876E+001  0.58000419E+000  0.92408026E+000  0.37558364E+001
  0.11016860E+001  0.57995667E+000  0.92401758E+000  0.37557715E+001
  0.11015800E+001  0.57990881E+000  0.92395331E+000  0.37557051E+001
  0.11014704E+001  0.57986053E+000  0.92388833E+000  0.37556376E+001
  0.11013580E+001  0.57983001E+000  0.92380513E+000  0.37555694E+001
  0.11012435E+001  0.57978177E+000  0.92373977E+000  0.37555008E+001
  0.11011274E+001  0.57973391E+000  0.92367461E+000  0.37554319E+001
  0.11010102E+001  0.57968653E+000  0.92360993E+000  0.37553631E+001
  0.11008922E+001  0.57963973E+000  0.92354590E+000  0.37552943E+001
  0.11007738E+001  0.57959356E+000  0.92348268E+000  0.37552257E+001
  0.11006553E+001  0.57954811E+000  0.92342037E+000  0.37551575E+001
  0.11005369E+001  0.57950342E+000  0.92335907E+000  0.37550896E+001
  0.11004188E+001  0.57945954E+000  0.92329883E+000  0.37550222E+001
  0.11003013E+001  0.57941650E+000  0.92323971E+000  0.37549552E+001
  0.11001845E+001  0.57937435E+000  0.92318174E+000  0.37548888E+001
  0.11000686E+001  0.57933311E+000  0.92312494E+000  0.37548229E+001
  0.10999538E+001  0.57929281E+000  0.92306932E+000  0.37547575E+001
  0.10998402E+001  0.57925348E+000  0.92301490E+000  0.37546927E+001
  0.10997280E+001  0.57921514E+000  0.92296167E+000  0.37546286E+001
  0.10996174E+001  0.57917780E+000  0.92290963E+000  0.37545651E+001
  0.10995085E+001  0.57914150E+000  0.92285878E+000  0.37545022E+001
  0.10994014E+001  0.57910624E+000  0.92280912E+000  0.37544401E+001
  0.10992963E+001  0.57907204E+000  0.92276063E+000  0.37543786E+001
  0.10991933E+001  0.57903891E+000  0.92271332E+000  0.37543180E+001
  0.10990926E+001  0.57900688E+000  0.92266718E+000  0.37542581E+001
  0.10989944E+001  0.57897594E+000  0.92262220E+000  0.37541991E+001
  0.10988987E+001  0.57894611E+000  0.92257838E+000  0.37541410E+001
  0.10988057E+001  0.57891740E+000  0.92253573E+000  0.37540838E+001
  0.10987155E+001  0.57888981E+000  0.92249425E+000  0.37540276E+001
  0.10986283E+001  0.57886334E+000  0.92245393E+000  0.37539725E+001
  0.10985441E+001  0.57883800E+000  0.92241480E+000  0.37539184E+001
  0.10984631E+001  0.57881379E+000  0.92237684E+000  0.37538655E+001
  0.10983853E+001  0.57879069E+000  0.92234008E+000  0.37538138E+001
  0.10983109E+001  0.57876871E+000  0.92230450E+000  0.37537634E+001
  0.10982398E+001  0.57874783E+000  0.92227013E+000  0.37537142E+001
  0.10981722E+001  0.57872804E+000  0.92223697E+000  0.37536665E+001
  0.10981080E+001  0.57870934E+000  0.92220503E+000  0.37536201E+001
  0.10980473E+001  0.57869170E+000  0.92217430E+000  0.37535752E+001
  0.10979901E+001  0.57867510E+000  0.92214480E+000  0.37535317E+001
  0.10979363E+001  0.57865952E+000  0.92211652E+000  0.37534898E+001
  0.10978860E+001  0.57864494E+000  0.92208946E+000  0.37534494E+001
  0.10978390E+001  0.57863134E+000  0.92206363E+000  0.37534106E+001
  0.10977954E+001  0.57861868E+000  0.92203901E+000  0.37533734E+001
  0.10977549E+001  0.57860693E+000  0.92201561E+000  0.37533378E+001
  0.10977177E+001  0.57859607E+000  0.92199341E+000  0.37533039E+001
  0.10976834E+001  0.57858605E+000  0.92197241E+000  0.37532715E+001
  0.10976521E+001  0.57857686E+000  0.92195261E+000  0.37532408E+001
  0.10976236E+001  0.57856846E+000  0.92193397E+000  0.37532117E+001
  0.10975978E+001  0.57856081E+000  0.92191650E+000  0.37531842E+001
  0.10975745E+001  0.57855387E+000  0.92190017E+000  0.37531583E+001
  0.10975536E+001  0.57854763E+000  0.92188497E+000  0.37531339E+001
  0.10975351E+001  0.57854203E+000  0.92187087E+000  0.37531112E+001
  0.10975186E+001  0.57853704E+000  0.92185786E+000  0.37530900E+001
  0.10975042E+001  0.57853263E+000  0.92184589E+000  0.37530702E+001
  0.10974916E+001  0.57852877E+000  0.92183495E+000  0.37530520E+001
  0.10974807E+001  0.57852541E+000  0.92182500E+000  0.37530352E+001
  0.10974713E+001  0.57852253E+000  0.92181600E+000  0.37530198E+001
  0.10974635E+001  0.57852009E+000  0.92180790E+000  0.37530058E+001
  0.10974569E+001  0.57851805E+000  0.92180068E+000  0.37529930E+001
  0.10974515E+001  0.57849845E+000  0.92181220E+000  0.37529816E+001
  0.10974472E+001  0.57849711E+000  0.92180657E+000  0.37529713E+001
  0.10974438E+001  0.57849607E+000  0.92180166E+000  0.37529621E+001
  0.10974413E+001  0.57849530E+000  0.92179743E+000  0.37529541E+001
  0.10974395E+001  0.57849476E+000  0.92179382E+000  0.37529470E+001
  0.10974383E+001  0.57849443E+000  0.92179078E+000  0.37529409E+001
  0.10974377E+001  0.57849427E+000  0.92178826E+000  0.37529357E+001
  0.10974375E+001  0.57849427E+000  0.92178621E+000  0.37529313E+001
  0.10974377E+001  0.57849439E+000  0.92178458E+000  0.37529276E+001
  0.10974383E+001  0.57849461E+000  0.92178332E+000  0.37529246E+001
  0.10974391E+001  0.57849491E+000  0.92178238E+000  0.37529222E+001
  0.10974401E+001  0.57849528E+000  0.92178174E+000  0.37529203E+001
  0.10974413E+001  0.57849569E+000  0.92178134E+000  0.37529190E+001
  0.10974427E+001  0.57849613E+000  0.92178115E+000  0.37529180E+001
  0.10974441E+001  0.57849658E+000  0.92178114E+000  0.37529174E+001
  0.10974455E+001  0.57849704E+000  0.92178127E+000  0.37529171E+001
  0.10974470E+001  0.57849749E+000  0.92178153E+000  0.37529171E+001
  0.10974485E+001  0.57849794E+000  0.92178189E+000  0.37529173E+001
  0.10974501E+001  0.57849836E+000  0.92178232E+000  0.37529177E+001
  0.10974516E+001  0.57849875E+000  0.92178280E+000  0.37529182E+001
  0.10974530E+001  0.57849912E+000  0.92178333E+000  0.37529188E+001
  0.10974545E+001  0.57849946E+000  0.92178389E+000  0.37529196E+001
  0.10974559E+001  0.57849976E+000  0.92178445E+000  0.37529204E+001
  0.10974573E+001  0.57850002E+000  0.92178503E+000  0.37529213E+001
  0.10974586E+001  0.57850025E+000  0.92178560E+000  0.37529222E+001
  0.10974599E+001  0.57850044E+000  0.92178616E+000  0.37529231E+001
  0.10974611E+001  0.57850060E+000  0.92178671E+000  0.37529240E+001
  0.10974623E+001  0.57850073E+000  0.92178723E+000  0.37529249E+001
  0.10974635E+001  0.57850082E+000  0.92178773E+000  0.37529259E+001
  0.10974646E+001  0.57850088E+000  0.92178821E+000  0.37529268E+001
  0.10974657E+001  0.57850091E+000  0.92178866E+000  0.37529277E+001
  0.10974668E+001  0.57850092E+000  0.92178908E+000  0.37529285E+001
  0.10974678E+001  0.57850090E+000  0.92178947E+000  0.37529294E+001
  0.10974688E+001  0.57850087E+000  0.92178984E+000  0.37529302E+001
  0.10974697E+001  0.57850081E+000  0.92179017E+000  0.37529310E+001
  0.10974706E+001  0.57850074E+000  0.92179047E+000  0.37529318E+001
  0.10974715E+001  0.57850066E+000  0.92179075E+000  0.37529325E+001
  0.10974724E+001  0.57850057E+000  0.92179100E+000  0.37529333E+001
  0.10974732E+001  0.57850048E+000  0.92179123E+000  0.37529340E+001
  0.10974740E+001  0.57850038E+000  0.92179142E+000  0.37529347E+001
  0.10974748E+001  0.57850027E+000  0.92179160E+000  0.37529353E+001
  0.10974755E+001  0.57850017E+000  0.92179175E+000  0.37529360E+001
  0.10974763E+001  0.57850008E+000  0.92179188E+000  0.37529366E+001
  0.10974770E+001  0.57849999E+000  0.92179199E+000  0.37529372E+001
  0.10974777E+001  0.57849990E+000  0.92179208E+000  0.37529378E+001
  0.10974783E+001  0.57849982E+000  0.92179216E+000  0.37529384E+001
  0.10974790E+001  0.57849976E+000  0.92179222E+000  0.37529389E+001
  0.10974796E+001  0.57849970E+000  0.92179226E+000  0.37529395E+001
  0.10974802E+001  0.57849965E+000  0.92179229E+000  0.37529400E+001
  0.10974807E+001  0.57849962E+000  0.92179231E+000  0.37529405E+001
  0.10974813E+001  0.57849960E+000  0.92179232E+000  0.37529410E+001
  0.10974818E+001  0.57849959E+000  0.92179232E+000  0.37529415E+001
  0.10974823E+001  0.57849959E+000  0.92179231E+000  0.37529420E+001
  0.10974828E+001  0.57849961E+000  0.92179229E+000  0.37529424E+001
  0.10974833E+001  0.57849964E+000  0.92179227E+000  0.37529429E+001
  0.10974837E+001  0.57849967E+000  0.92179224E+000  0.37529434E+001
  0.10974841E+001  0.57849972E+000  0.92179221E+000  0.37529438E+001
  0.10974845E+001  0.57849978E+000  0.92179218E+000  0.37529442E+001
  0.10974849E+001  0.57849985E+000  0.92179215E+000  0.37529447E+001
  0.10974853E+001  0.57849993E+000  0.92179211E+000  0.37529451E+001
  0.10974856E+001  0.57850001E+000  0.92179208E+000  0.37529455E+001
  0.10974859E+001  0.57850010E+000  0.92179205E+000  0.37529459E+001
  0.10974862E+001  0.57850019E+000  0.92179201E+000  0.37529463E+001
  0.10974865E+001  0.57850029E+000  0.92179198E+000  0.37529467E+001
  0.10974868E+001  0.57850040E+000  0.92179195E+000  0.37529471E+001
  0.10974871E+001  0.57850050E+000  0.92179192E+000  0.37529475E+001
  0.10974873E+001  0.57850061E+000  0.92179190E+000  0.37529479E+001
  0.10974876E+001  0.57850072E+000  0.92179188E+000  0.37529483E+001
  0.10974878E+001  0.57850083E+000  0.92179186E+000  0.37529486E+001
  0.10974880E+001  0.57850094E+000  0.92179184E+000  0.37529490E+001
  0.10974882E+001  0.57850105E+000  0.92179183E+000  0.37529493E+001
  0.10974883E+001  0.57850116E+000  0.92179182E+000  0.37529497E+001
  0.10974885E+001  0.57850127E+000  0.92179181E+000  0.37529500E+001
  0.10974887E+001  0.57850137E+000  0.92179180E+000  0.37529504E+001
  0.10974888E+001  0.57850147E+000  0.92179180E+000  0.37529507E+001
  0.10974890E+001  0.57850157E+000  0.92179180E+000  0.37529510E+001
  0.10974891E+001  0.57850166E+000  0.92179180E+000  0.37529514E+001
  0.10974892E+001  0.57850176E+000  0.92179181E+000  0.37529517E+001
  0.10974893E+001  0.57850185E+000  0.92179181E+000  0.37529520E+001
  0.10974894E+001  0.57850193E+000  0.92179182E+000  0.37529523E+001
  0.10974895E+001  0.57850201E+000  0.92179183E+000  0.37529526E+001
  0.10974896E+001  0.57850209E+000  0.92179184E+000  0.37529528E+001
  0.10974897E+001  0.57850216E+000  0.92179185E+000  0.37529531E+001
  0.10974898E+001  0.57850223E+000  0.92179187E+000  0.37529534E+001
  0.10974899E+001  0.57850230E+000  0.92179188E+000  0.37529536E+001
  0.10974899E+001  0.57850236E+000  0.92179189E+000  0.37529539E+001
  0.10974900E+001  0.57850242E+000  0.92179191E+000  0.37529541E+001
  0.10974901E+001  0.57850247E+000  0.92179192E+000  0.37529544E+001
  0.10974901E+001  0.57850253E+000  0.92179194E+000  0.37529546E+001
  0.10974902E+001  0.57850257E+000  0.92179195E+000  0.37529548E+001
  0.10974902E+001  0.57850262E+000  0.92179197E+000  0.37529550E+001
  0.10974903E+001  0.57850266E+000  0.92179199E+000  0.37529552E+001
  0.10974903E+001  0.57850270E+000  0.92179200E+000  0.37529554E+001
  0.10974903E+001  0.57850274E+000  0.92179202E+000  0.37529556E+001
  0.10974904E+001  0.57850278E+000  0.92179203E+000  0.37529558E+001
  0.10974904E+001  0.57850281E+000  0.92179204E+000  0.37529559E+001
  0.10974904E+001  0.57850284E+000  0.92179206E+000  0.37529561E+001
  0.10974905E+001  0.57850287E+000  0.92179207E+000  0.37529562E+001
  0.10974905E+001  0.57850290E+000  0.92179208E+000  0.37529564E+001
  0.10974905E+001  0.57850292E+000  0.92179209E+000  0.37529565E+001
  0.10974905E+001  0.57850294E+000  0.92179211E+000  0.37529566E+001
  0.10974906E+001  0.57850296E+000  0.92179212E+000  0.37529568E+001
  0.10974906E+001  0.57850298E+000  0.92179213E+000  0.37529569E+001
  0.10974906E+001  0.57850300E+000  0.92179214E+000  0.37529570E+001
  0.10974906E+001  0.57850302E+000  0.92179215E+000  0.37529571E+001
  0.10974906E+001  0.57850304E+000  0.92179216E+000  0.37529572E+001
  0.10974907E+001  0.57850305E+000  0.92179216E+000  0.37529572E+001
  0.10974907E+001  0.57850306E+000  0.92179217E+000  0.37529573E+001
  0.10974907E+001  0.57850308E+000  0.92179218E+000  0.37529574E+001
  0.10974907E+001  0.57850309E+000  0.92179219E+000  0.37529575E+001
  0.10974907E+001  0.57850310E+000  0.92179219E+000  0.37529575E+001
  0.10974907E+001  0.57850311E+000  0.92179220E+000  0.37529576E+001
  0.10974907E+001  0.57850312E+000  0.92179221E+000  0.37529576E+001
  0.10974907E+001  0.57850313E+000  0.92179222E+000  0.37529577E+001
  0.10974908E+001  0.57850314E+000  0.92179222E+000  0.37529577E+001
  0.10974908E+001  0.57850315E+000  0.92179223E+000  0.37529578E+001
  0.10974908E+001  0.57850315E+000  0.92179224E+000  0.37529578E+001
  0.10974908E+001  0.57850316E+000  0.92179225E+000  0.37529578E+001
  0.10974908E+001  0.57850317E+000  0.92179226E+000  0.37529579E+001
  0.10974908E+001  0.57850318E+000  0.92179228E+000  0.37529579E+001
  0.10974909E+001  0.57850320E+000  0.92179230E+000  0.37529580E+001
  0.10974909E+001  0.57850322E+000  0.92179233E+000  0.37529580E+001
