 -0.15576191E+000  0.23181266E+000  0.22812896E+001  0.39934029E+001
 -0.15509835E+000  0.23285725E+000  0.22824641E+001  0.39941594E+001
 -0.15465195E+000  0.23363362E+000  0.22833233E+001  0.39946194E+001
 -0.15435977E+000  0.23416833E+000  0.22840446E+001  0.39949300E+001
 -0.15415027E+000  0.23441269E+000  0.22847458E+001  0.39951497E+001
 -0.15400084E+000  0.23458842E+000  0.22852783E+001  0.39953097E+001
 -0.15389752E+000  0.23471041E+000  0.22856773E+001  0.39954259E+001
 -0.15382956E+000  0.23479019E+000  0.22859714E+001  0.39955098E+001
 -0.15378910E+000  0.23483695E+000  0.22861815E+001  0.39955685E+001
 -0.15377055E+000  0.23485740E+000  0.22863230E+001  0.39956068E+001
 -0.15376898E+000  0.23485745E+000  0.22864097E+001  0.39956291E+001
 -0.15378095E+000  0.23484146E+000  0.22864518E+001  0.39956386E+001
 -0.15380365E+000  0.23481301E+000  0.22864575E+001  0.39956374E+001
 -0.15383465E+000  0.23477501E+000  0.22864339E+001  0.39956278E+001
 -0.15387212E+000  0.23472965E+000  0.22863865E+001  0.39956112E+001
 -0.15391464E+000  0.23467864E+000  0.22863194E+001  0.39955888E+001
 -0.15396094E+000  0.23462345E+000  0.22862364E+001  0.39955616E+001
 -0.15401002E+000  0.23456526E+000  0.22861406E+001  0.39955306E+001
 -0.15406116E+000  0.23450491E+000  0.22860342E+001  0.39954963E+001
 -0.15411364E+000  0.23444320E+000  0.22859194E+001  0.39954595E+001
 -0.15416698E+000  0.23438070E+000  0.22857976E+001  0.39954204E+001
 -0.15422070E+000  0.23431791E+000  0.22856704E+001  0.39953796E+001
 -0.15427447E+000  0.23425521E+000  0.22855388E+001  0.39953373E+001
 -0.15432802E+000  0.23419289E+000  0.22854038E+001  0.39952939E+001
 -0.15438107E+000  0.23413120E+000  0.22852663E+001  0.39952495E+001
 -0.15443343E+000  0.23407034E+000  0.22851267E+001  0.39952043E+001
 -0.15448635E+000  0.23401184E+000  0.22849858E+001  0.39951584E+001
 -0.15454085E+000  0.23395696E+000  0.22848440E+001  0.39951120E+001
 -0.15459423E+000  0.23390313E+000  0.22847018E+001  0.39950652E+001
 -0.15464642E+000  0.23385043E+000  0.22845594E+001  0.39950179E+001
 -0.15469739E+000  0.23379891E+000  0.22844171E+001  0.39949704E+001
 -0.15474711E+000  0.23373076E+000  0.22842932E+001  0.39949225E+001
 -0.15479558E+000  0.23364060E+000  0.22841933E+001  0.39948744E+001
 -0.15484278E+000  0.23355240E+000  0.22840937E+001  0.39948260E+001
 -0.15488871E+000  0.23346625E+000  0.22839945E+001  0.39947775E+001
 -0.15493337E+000  0.23338220E+000  0.22838959E+001  0.39947287E+001
 -0.15497676E+000  0.23330031E+000  0.22837980E+001  0.39946798E+001
 -0.15501889E+000  0.23322063E+000  0.22837010E+001  0.39946307E+001
 -0.15505977E+000  0.23314320E+000  0.22836050E+001  0.39945815E+001
 -0.15509939E+000  0.23306807E+000  0.22835101E+001  0.39945322E+001
 -0.15513777E+000  0.23299526E+000  0.22834165E+001  0.39944829E+001
 -0.15517490E+000  0.23292481E+000  0.22833242E+001  0.39944335E+001
 -0.15521080E+000  0.23285676E+000  0.22832335E+001  0.39943841E+001
 -0.15524546E+000  0.23279111E+000  0.22831444E+001  0.39943348E+001
 -0.15527888E+000  0.23272791E+000  0.22830570E+001  0.39942856E+001
 -0.15531107E+000  0.23266717E+000  0.22829714E+001  0.39942367E+001
 -0.15534202E+000  0.23260890E+000  0.22828878E+001  0.39941879E+001
 -0.15537172E+000  0.23255312E+000  0.22828062E+001  0.39941396E+001
 -0.15540018E+000  0.23249984E+000  0.22827268E+001  0.39940916E+001
 -0.15542739E+000  0.23244905E+000  0.22826495E+001  0.39940442E+001
 -0.15545335E+000  0.23240076E+000  0.22825746E+001  0.39939973E+001
 -0.15547806E+000  0.23235494E+000  0.22825020E+001  0.39939510E+001
 -0.15550153E+000  0.23231160E+000  0.22824319E+001  0.39939056E+001
 -0.15552375E+000  0.23227070E+000  0.22823642E+001  0.39938609E+001
 -0.15554474E+000  0.23223221E+000  0.22822991E+001  0.39938171E+001
 -0.15556450E+000  0.23219610E+000  0.22822366E+001  0.39937743E+001
 -0.15558305E+000  0.23216232E+000  0.22821767E+001  0.39937325E+001
 -0.15560042E+000  0.23213084E+000  0.22821195E+001  0.39936918E+001
 -0.15561662E+000  0.23210157E+000  0.22820649E+001  0.39936524E+001
 -0.15563169E+000  0.23207448E+000  0.22820129E+001  0.39936141E+001
 -0.15564565E+000  0.23204947E+000  0.22819636E+001  0.39935772E+001
 -0.15565856E+000  0.23202649E+000  0.22819169E+001  0.39935417E+001
 -0.15567043E+000  0.23200545E+000  0.22818728E+001  0.39935075E+001
 -0.15568132E+000  0.23198627E+000  0.22818312E+001  0.39934748E+001
 -0.15569127E+000  0.23196886E+000  0.22817922E+001  0.39934437E+001
 -0.15570033E+000  0.23195314E+000  0.22817555E+001  0.39934140E+001
 -0.15570854E+000  0.23193900E+000  0.22817213E+001  0.39933860E+001
 -0.15571596E+000  0.23192637E+000  0.22816893E+001  0.39933596E+001
 -0.15572263E+000  0.23191514E+000  0.22816596E+001  0.39933347E+001
 -0.15572860E+000  0.23190523E+000  0.22816320E+001  0.39933116E+001
 -0.15573391E+000  0.23189654E+000  0.22816065E+001  0.39932900E+001
 -0.15573862E+000  0.23188898E+000  0.22815830E+001  0.39932701E+001
 -0.15574277E+000  0.23188246E+000  0.22815614E+001  0.39932519E+001
 -0.15574641E+000  0.23187689E+000  0.22815416E+001  0.39932353E+001
 -0.15574957E+000  0.23187220E+000  0.22815235E+001  0.39932202E+001
 -0.15575230E+000  0.23186829E+000  0.22815070E+001  0.39932068E+001
 -0.15575463E+000  0.23186508E+000  0.22814920E+001  0.39931948E+001
 -0.15575661E+000  0.23186251E+000  0.22814784E+001  0.39931844E+001
 -0.15575827E+000  0.23186050E+000  0.22814662E+001  0.39931754E+001
 -0.15575965E+000  0.23185898E+000  0.22814551E+001  0.39931677E+001
 -0.15576077E+000  0.23185789E+000  0.22814452E+001  0.39931614E+001
 -0.15576167E+000  0.23185716E+000  0.22814364E+001  0.39931563E+001
 -0.15576237E+000  0.23185675E+000  0.22814284E+001  0.39931523E+001
 -0.15576290E+000  0.23185659E+000  0.22814213E+001  0.39931494E+001
 -0.15576328E+000  0.23185665E+000  0.22814150E+001  0.39931476E+001
 -0.15576354E+000  0.23185689E+000  0.22814093E+001  0.39931466E+001
 -0.15576369E+000  0.23185726E+000  0.22814043E+001  0.39931465E+001
 -0.15576376E+000  0.23185772E+000  0.22813998E+001  0.39931471E+001
 -0.15576375E+000  0.23185826E+000  0.22813958E+001  0.39931484E+001
 -0.15576369E+000  0.23185885E+000  0.22813921E+001  0.39931503E+001
 -0.15576358E+000  0.23185945E+000  0.22813889E+001  0.39931526E+001
 -0.15576344E+000  0.23186005E+000  0.22813859E+001  0.39931554E+001
 -0.15576327E+000  0.23186064E+000  0.22813832E+001  0.39931586E+001
 -0.15576308E+000  0.23186119E+000  0.22813808E+001  0.39931621E+001
 -0.15576289E+000  0.23186169E+000  0.22813786E+001  0.39931658E+001
 -0.15576269E+000  0.23186214E+000  0.22813765E+001  0.39931697E+001
 -0.15576249E+000  0.23186252E+000  0.22813747E+001  0.39931737E+001
 -0.15576229E+000  0.23186282E+000  0.22813730E+001  0.39931778E+001
 -0.15576210E+000  0.23186304E+000  0.22813714E+001  0.39931820E+001
 -0.15576191E+000  0.23186316E+000  0.22813700E+001  0.39931861E+001
 -0.15576174E+000  0.23186319E+000  0.22813688E+001  0.39931903E+001
 -0.15576158E+000  0.23186312E+000  0.22813676E+001  0.39931944E+001
 -0.15576143E+000  0.23186295E+000  0.22813666E+001  0.39931985E+001
 -0.15576130E+000  0.23186267E+000  0.22813657E+001  0.39932025E+001
 -0.15576118E+000  0.23186229E+000  0.22813650E+001  0.39932064E+001
 -0.15576107E+000  0.23186180E+000  0.22813644E+001  0.39932102E+001
 -0.15576097E+000  0.23186121E+000  0.22813638E+001  0.39932139E+001
 -0.15576089E+000  0.23186052E+000  0.22813634E+001  0.39932175E+001
 -0.15576082E+000  0.23185973E+000  0.22813631E+001  0.39932210E+001
 -0.15576076E+000  0.23185885E+000  0.22813629E+001  0.39932243E+001
 -0.15576072E+000  0.23185787E+000  0.22813628E+001  0.39932276E+001
 -0.15576068E+000  0.23185682E+000  0.22813628E+001  0.39932308E+001
 -0.15576066E+000  0.23185569E+000  0.22813628E+001  0.39932339E+001
 -0.15576064E+000  0.23185449E+000  0.22813629E+001  0.39932369E+001
 -0.15576063E+000  0.23185324E+000  0.22813630E+001  0.39932399E+001
 -0.15576063E+000  0.23185193E+000  0.22813632E+001  0.39932427E+001
 -0.15576063E+000  0.23185057E+000  0.22813634E+001  0.39932456E+001
 -0.15576065E+000  0.23184918E+000  0.22813636E+001  0.39932484E+001
 -0.15576066E+000  0.23184776E+000  0.22813638E+001  0.39932511E+001
 -0.15576068E+000  0.23184633E+000  0.22813640E+001  0.39932539E+001
 -0.15576071E+000  0.23184488E+000  0.22813641E+001  0.39932566E+001
 -0.15576074E+000  0.23184343E+000  0.22813642E+001  0.39932593E+001
 -0.15576077E+000  0.23184198E+000  0.22813642E+001  0.39932621E+001
 -0.15576080E+000  0.23184055E+000  0.22813641E+001  0.39932648E+001
 -0.15576084E+000  0.23183913E+000  0.22813640E+001  0.39932676E+001
 -0.15576087E+000  0.23183774E+000  0.22813637E+001  0.39932704E+001
 -0.15576091E+000  0.23183637E+000  0.22813634E+001  0.39932733E+001
 -0.15576095E+000  0.23183504E+000  0.22813629E+001  0.39932762E+001
 -0.15576099E+000  0.23183375E+000  0.22813623E+001  0.39932791E+001
 -0.15576103E+000  0.23183249E+000  0.22813617E+001  0.39932821E+001
 -0.15576107E+000  0.23183128E+000  0.22813609E+001  0.39932851E+001
 -0.15576111E+000  0.23183012E+000  0.22813599E+001  0.39932882E+001
 -0.15576114E+000  0.23182900E+000  0.22813589E+001  0.39932913E+001
 -0.15576118E+000  0.23182793E+000  0.22813577E+001  0.39932945E+001
 -0.15576122E+000  0.23182691E+000  0.22813565E+001  0.39932977E+001
 -0.15576125E+000  0.23182595E+000  0.22813551E+001  0.39933009E+001
 -0.15576129E+000  0.23182503E+000  0.22813537E+001  0.39933042E+001
 -0.15576132E+000  0.23182416E+000  0.22813521E+001  0.39933075E+001
 -0.15576135E+000  0.23182334E+000  0.22813505E+001  0.39933108E+001
 -0.15576138E+000  0.23182256E+000  0.22813488E+001  0.39933141E+001
 -0.15576141E+000  0.23182183E+000  0.22813470E+001  0.39933174E+001
 -0.15576144E+000  0.23182115E+000  0.22813452E+001  0.39933207E+001
 -0.15576147E+000  0.23182051E+000  0.22813433E+001  0.39933239E+001
 -0.15576150E+000  0.23181992E+000  0.22813414E+001  0.39933272E+001
 -0.15576152E+000  0.23181936E+000  0.22813395E+001  0.39933304E+001
 -0.15576155E+000  0.23181884E+000  0.22813376E+001  0.39933336E+001
 -0.15576157E+000  0.23181835E+000  0.22813356E+001  0.39933367E+001
 -0.15576159E+000  0.23181790E+000  0.22813337E+001  0.39933398E+001
 -0.15576161E+000  0.23181749E+000  0.22813317E+001  0.39933428E+001
 -0.15576163E+000  0.23181710E+000  0.22813298E+001  0.39933458E+001
 -0.15576165E+000  0.23181674E+000  0.22813279E+001  0.39933487E+001
 -0.15576167E+000  0.23181641E+000  0.22813260E+001  0.39933515E+001
 -0.15576169E+000  0.23181611E+000  0.22813242E+001  0.39933542E+001
 -0.15576170E+000  0.23181582E+000  0.22813224E+001  0.39933568E+001
 -0.15576172E+000  0.23181556E+000  0.22813207E+001  0.39933594E+001
 -0.15576173E+000  0.23181532E+000  0.22813190E+001  0.39933619E+001
 -0.15576175E+000  0.23181510E+000  0.22813174E+001  0.39933643E+001
 -0.15576176E+000  0.23181490E+000  0.22813158E+001  0.39933666E+001
 -0.15576177E+000  0.23181471E+000  0.22813142E+001  0.39933688E+001
 -0.15576178E+000  0.23181454E+000  0.22813128E+001  0.39933709E+001
 -0.15576179E+000  0.23181438E+000  0.22813114E+001  0.39933729E+001
 -0.15576180E+000  0.23181423E+000  0.22813100E+001  0.39933749E+001
 -0.15576181E+000  0.23181410E+000  0.22813087E+001  0.39933767E+001
 -0.15576182E+000  0.23181397E+000  0.22813075E+001  0.39933785E+001
 -0.15576183E+000  0.23181386E+000  0.22813063E+001  0.39933801E+001
 -0.15576184E+000  0.23181375E+000  0.22813052E+001  0.39933817E+001
 -0.15576184E+000  0.23181366E+000  0.22813042E+001  0.39933832E+001
 -0.15576185E+000  0.23181357E+000  0.22813032E+001  0.39933846E+001
 -0.15576186E+000  0.23181349E+000  0.22813022E+001  0.39933860E+001
 -0.15576186E+000  0.23181342E+000  0.22813014E+001  0.39933872E+001
 -0.15576187E+000  0.23181335E+000  0.22813005E+001  0.39933884E+001
 -0.15576187E+000  0.23181329E+000  0.22812997E+001  0.39933896E+001
 -0.15576188E+000  0.23181323E+000  0.22812990E+001  0.39933906E+001
 -0.15576188E+000  0.23181318E+000  0.22812983E+001  0.39933916E+001
 -0.15576188E+000  0.23181313E+000  0.22812977E+001  0.39933925E+001
 -0.15576189E+000  0.23181309E+000  0.22812971E+001  0.39933934E+001
 -0.15576189E+000  0.23181305E+000  0.22812965E+001  0.39933942E+001
 -0.15576189E+000  0.23181301E+000  0.22812960E+001  0.39933950E+001
 -0.15576190E+000  0.23181298E+000  0.22812955E+001  0.39933957E+001
 -0.15576190E+000  0.23181295E+000  0.22812950E+001  0.39933963E+001
 -0.15576190E+000  0.23181292E+000  0.22812946E+001  0.39933970E+001
 -0.15576190E+000  0.23181289E+000  0.22812942E+001  0.39933975E+001
 -0.15576190E+000  0.23181287E+000  0.22812939E+001  0.39933981E+001
 -0.15576191E+000  0.23181285E+000  0.22812935E+001  0.39933986E+001
 -0.15576191E+000  0.23181283E+000  0.22812932E+001  0.39933990E+001
 -0.15576191E+000  0.23181281E+000  0.22812929E+001  0.39933994E+001
 -0.15576191E+000  0.23181280E+000  0.22812926E+001  0.39933998E+001
 -0.15576191E+000  0.23181279E+000  0.22812924E+001  0.39934002E+001
 -0.15576191E+000  0.23181277E+000  0.22812922E+001  0.39934005E+001
 -0.15576191E+000  0.23181277E+000  0.22812920E+001  0.39934008E+001
 -0.15576191E+000  0.23181276E+000  0.22812918E+001  0.39934011E+001
 -0.15576191E+000  0.23181275E+000  0.22812916E+001  0.39934014E+001
 -0.15576191E+000  0.23181274E+000  0.22812914E+001  0.39934016E+001
 -0.15576191E+000  0.23181274E+000  0.22812913E+001  0.39934018E+001
 -0.15576191E+000  0.23181274E+000  0.22812912E+001  0.39934020E+001
 -0.15576190E+000  0.23181274E+000  0.22812910E+001  0.39934022E+001
 -0.15576190E+000  0.23181274E+000  0.22812909E+001  0.39934024E+001
 -0.15576190E+000  0.23181275E+000  0.22812909E+001  0.39934025E+001
 -0.15576188E+000  0.23181277E+000  0.22812908E+001  0.39934027E+001
 -0.15576187E+000  0.23181280E+000  0.22812907E+001  0.39934028E+001
