  0.12534849E+001
  0.12534033E+001
  0.12532532E+001
  0.12531120E+001
  0.12529924E+001
  0.12528924E+001
  0.12528089E+001
  0.12527388E+001
  0.12526795E+001
  0.12526293E+001
  0.12525867E+001
  0.12525503E+001
  0.12525191E+001
  0.12524922E+001
  0.12524689E+001
  0.12524486E+001
  0.12524308E+001
  0.12524152E+001
  0.12524014E+001
  0.12523892E+001
  0.12523784E+001
  0.12523687E+001
  0.12523599E+001
  0.12523520E+001
  0.12523448E+001
  0.12523382E+001
  0.12523322E+001
  0.12523266E+001
  0.12523214E+001
  0.12523166E+001
  0.12523121E+001
  0.12523078E+001
  0.12523039E+001
  0.12523001E+001
  0.12522965E+001
  0.12522931E+001
  0.12522899E+001
  0.12522868E+001
  0.12522839E+001
  0.12522811E+001
  0.12522785E+001
  0.12522760E+001
  0.12522735E+001
  0.12522713E+001
  0.12522691E+001
  0.12522670E+001
  0.12522651E+001
  0.12522633E+001
  0.12522616E+001
  0.12522600E+001
  0.12522585E+001
  0.12522571E+001
  0.12522558E+001
  0.12522546E+001
  0.12522536E+001
  0.12522526E+001
  0.12522517E+001
  0.12522510E+001
  0.12522503E+001
  0.12522497E+001
  0.12522492E+001
  0.12522488E+001
  0.12522484E+001
  0.12522481E+001
  0.12522480E+001
  0.12522478E+001
  0.12522478E+001
  0.12522478E+001
  0.12522478E+001
  0.12522479E+001
  0.12522481E+001
  0.12522483E+001
  0.12522485E+001
  0.12522488E+001
  0.12522491E+001
  0.12522494E+001
  0.12522498E+001
  0.12522501E+001
  0.12522505E+001
  0.12522509E+001
  0.12522513E+001
  0.12522517E+001
  0.12522521E+001
  0.12522525E+001
  0.12522529E+001
  0.12522532E+001
  0.12522536E+001
  0.12522540E+001
  0.12522543E+001
  0.12522547E+001
  0.12522550E+001
  0.12522553E+001
  0.12522557E+001
  0.12522559E+001
  0.12522562E+001
  0.12522565E+001
  0.12522567E+001
  0.12522570E+001
  0.12522572E+001
  0.12522574E+001
  0.12522576E+001
  0.12522578E+001
  0.12522579E+001
  0.12522581E+001
  0.12522582E+001
  0.12522584E+001
  0.12522585E+001
  0.12522586E+001
  0.12522587E+001
  0.12522588E+001
  0.12522588E+001
  0.12522589E+001
  0.12522590E+001
  0.12522590E+001
  0.12522591E+001
  0.12522591E+001
  0.12522591E+001
  0.12522592E+001
  0.12522592E+001
  0.12522592E+001
  0.12522592E+001
  0.12522592E+001
  0.12522592E+001
  0.12522591E+001
  0.12522591E+001
  0.12522591E+001
  0.12522591E+001
  0.12522590E+001
  0.12522590E+001
  0.12522589E+001
  0.12522589E+001
  0.12522588E+001
  0.12522588E+001
  0.12522587E+001
  0.12522586E+001
  0.12522585E+001
  0.12522585E+001
  0.12522584E+001
  0.12522583E+001
  0.12522582E+001
  0.12522581E+001
  0.12522580E+001
  0.12522579E+001
  0.12522578E+001
  0.12522577E+001
  0.12522576E+001
  0.12522574E+001
  0.12522573E+001
  0.12522572E+001
  0.12522571E+001
  0.12522569E+001
  0.12522568E+001
  0.12522567E+001
  0.12522565E+001
  0.12522564E+001
  0.12522562E+001
  0.12522561E+001
  0.12522559E+001
  0.12522558E+001
  0.12522556E+001
  0.12522554E+001
  0.12522553E+001
  0.12522551E+001
  0.12522550E+001
  0.12522548E+001
  0.12522546E+001
  0.12522545E+001
  0.12522543E+001
  0.12522541E+001
  0.12522539E+001
  0.12522538E+001
  0.12522536E+001
  0.12522534E+001
  0.12522532E+001
  0.12522531E+001
  0.12522529E+001
  0.12522527E+001
  0.12522526E+001
  0.12522524E+001
  0.12522522E+001
  0.12522520E+001
  0.12522519E+001
  0.12522517E+001
  0.12522515E+001
  0.12522514E+001
  0.12522512E+001
  0.12522511E+001
  0.12522509E+001
  0.12522507E+001
  0.12522506E+001
  0.12522504E+001
  0.12522503E+001
  0.12522501E+001
  0.12522500E+001
  0.12522498E+001
  0.12522497E+001
  0.12522495E+001
  0.12522494E+001
  0.12522493E+001
  0.12522491E+001
