  0.59998353E+000
  0.59908616E+000
  0.59862952E+000
  0.59842513E+000
  0.59834238E+000
  0.59829860E+000
  0.59827894E+000
  0.59827664E+000
  0.59828639E+000
  0.59830519E+000
  0.59832986E+000
  0.59835825E+000
  0.59838903E+000
  0.59842100E+000
  0.59845358E+000
  0.59848642E+000
  0.59851908E+000
  0.59855126E+000
  0.59858317E+000
  0.59861456E+000
  0.59864519E+000
  0.59867482E+000
  0.59870332E+000
  0.59873062E+000
  0.59876033E+000
  0.59879137E+000
  0.59882186E+000
  0.59885082E+000
  0.59887776E+000
  0.59890249E+000
  0.59892499E+000
  0.59894533E+000
  0.59896362E+000
  0.59897999E+000
  0.59899458E+000
  0.59900752E+000
  0.59901894E+000
  0.59902898E+000
  0.59903772E+000
  0.59904530E+000
  0.59905180E+000
  0.59905734E+000
  0.59906200E+000
  0.59906589E+000
  0.59906908E+000
  0.59907167E+000
  0.59907373E+000
  0.59907535E+000
  0.59907658E+000
  0.59907749E+000
  0.59907814E+000
  0.59907858E+000
  0.59907886E+000
  0.59907901E+000
  0.59907908E+000
  0.59907908E+000
  0.59907904E+000
  0.59907898E+000
  0.59907892E+000
  0.59907887E+000
  0.59907884E+000
  0.59907884E+000
  0.59907888E+000
  0.59907895E+000
  0.59907906E+000
  0.59907921E+000
  0.59907941E+000
  0.59907964E+000
  0.59907990E+000
  0.59908020E+000
  0.59908052E+000
  0.59908086E+000
  0.59908122E+000
  0.59908159E+000
  0.59908197E+000
  0.59908235E+000
  0.59908272E+000
  0.59908310E+000
  0.59908346E+000
  0.59908381E+000
  0.59908415E+000
  0.59908448E+000
  0.59908479E+000
  0.59908508E+000
  0.59908536E+000
  0.59908562E+000
  0.59908586E+000
  0.59908609E+000
  0.59908630E+000
  0.59908650E+000
  0.59908668E+000
  0.59908685E+000
  0.59908700E+000
  0.59908714E+000
  0.59908727E+000
  0.59908738E+000
  0.59908749E+000
  0.59908758E+000
  0.59908767E+000
  0.59908774E+000
  0.59908781E+000
  0.59908787E+000
  0.59908792E+000
  0.59908796E+000
  0.59908800E+000
  0.59908804E+000
  0.59908807E+000
  0.59908809E+000
  0.59908811E+000
  0.59908812E+000
  0.59908814E+000
  0.59908815E+000
  0.59908815E+000
  0.59908815E+000
  0.59908815E+000
  0.59908815E+000
  0.59908815E+000
  0.59908814E+000
  0.59908813E+000
  0.59908812E+000
  0.59908811E+000
  0.59908810E+000
  0.59908808E+000
  0.59908807E+000
  0.59908805E+000
  0.59908803E+000
  0.59908801E+000
  0.59908799E+000
  0.59908797E+000
  0.59908795E+000
  0.59908793E+000
  0.59908791E+000
  0.59908789E+000
  0.59908787E+000
  0.59908785E+000
  0.59908782E+000
  0.59908780E+000
  0.59908778E+000
  0.59908776E+000
  0.59908774E+000
  0.59908772E+000
  0.59908770E+000
  0.59908768E+000
  0.59908766E+000
  0.59908764E+000
  0.59908762E+000
  0.59908760E+000
  0.59908759E+000
  0.59908757E+000
  0.59908756E+000
  0.59908754E+000
  0.59908753E+000
  0.59908752E+000
  0.59908750E+000
  0.59908749E+000
  0.59908748E+000
  0.59908747E+000
  0.59908746E+000
  0.59908746E+000
  0.59908745E+000
  0.59908744E+000
  0.59908744E+000
  0.59908743E+000
  0.59908742E+000
  0.59908742E+000
  0.59908742E+000
  0.59908741E+000
  0.59908741E+000
  0.59908741E+000
  0.59908741E+000
  0.59908740E+000
  0.59908740E+000
  0.59908740E+000
  0.59908740E+000
  0.59908740E+000
  0.59908740E+000
  0.59908740E+000
  0.59908740E+000
  0.59908740E+000
  0.59908740E+000
  0.59908740E+000
  0.59908741E+000
  0.59908741E+000
  0.59908741E+000
  0.59908741E+000
  0.59908741E+000
  0.59908741E+000
  0.59908741E+000
  0.59908741E+000
  0.59908741E+000
  0.59908742E+000
  0.59908742E+000
  0.59908742E+000
  0.59908742E+000
  0.59908742E+000
  0.59908742E+000
  0.59908742E+000
  0.59908742E+000
  0.59908741E+000
  0.59908740E+000
