  0.70346043E+000  0.85475847E+000  0.10384270E+001  0.24172941E+001
  0.70331865E+000  0.85435258E+000  0.10385145E+001  0.24174279E+001
  0.70312613E+000  0.85404063E+000  0.10384732E+001  0.24173732E+001
  0.70291018E+000  0.85383711E+000  0.10384096E+001  0.24172915E+001
  0.70273230E+000  0.85368927E+000  0.10383360E+001  0.24172125E+001
  0.70258592E+000  0.85356676E+000  0.10382733E+001  0.24171438E+001
  0.70246536E+000  0.85346508E+000  0.10382196E+001  0.24170857E+001
  0.70236511E+000  0.85337940E+000  0.10381740E+001  0.24170369E+001
  0.70228039E+000  0.85330613E+000  0.10381351E+001  0.24169965E+001
  0.70220941E+000  0.85324402E+000  0.10381016E+001  0.24169625E+001
  0.70214923E+000  0.85319088E+000  0.10380729E+001  0.24169342E+001
  0.70209768E+000  0.85314552E+000  0.10380479E+001  0.24169105E+001
  0.70205337E+000  0.85310676E+000  0.10380261E+001  0.24168906E+001
  0.70201477E+000  0.85307338E+000  0.10380072E+001  0.24168738E+001
  0.70198084E+000  0.85304455E+000  0.10379908E+001  0.24168597E+001
  0.70195091E+000  0.85301972E+000  0.10379763E+001  0.24168477E+001
  0.70192429E+000  0.85299831E+000  0.10379635E+001  0.24168375E+001
  0.70190032E+000  0.85297973E+000  0.10379522E+001  0.24168289E+001
  0.70187875E+000  0.85296372E+000  0.10379421E+001  0.24168215E+001
  0.70185910E+000  0.85294982E+000  0.10379331E+001  0.24168153E+001
  0.70184117E+000  0.85293779E+000  0.10379249E+001  0.24168099E+001
  0.70182465E+000  0.85292734E+000  0.10379176E+001  0.24168054E+001
  0.70180936E+000  0.85291822E+000  0.10379109E+001  0.24168015E+001
  0.70179515E+000  0.85291027E+000  0.10379047E+001  0.24167981E+001
  0.70178179E+000  0.85290329E+000  0.10378991E+001  0.24167953E+001
  0.70176921E+000  0.85289714E+000  0.10378939E+001  0.24167928E+001
  0.70175522E+000  0.85289380E+000  0.10378892E+001  0.24167907E+001
  0.70173805E+000  0.85289485E+000  0.10378848E+001  0.24167889E+001
  0.70172162E+000  0.85289622E+000  0.10378807E+001  0.24167874E+001
  0.70170589E+000  0.85289781E+000  0.10378769E+001  0.24167860E+001
  0.70169079E+000  0.85289955E+000  0.10378734E+001  0.24167848E+001
  0.70167629E+000  0.85290325E+000  0.10378683E+001  0.24167838E+001
  0.70166235E+000  0.85290942E+000  0.10378611E+001  0.24167829E+001
  0.70164894E+000  0.85291552E+000  0.10378541E+001  0.24167821E+001
  0.70163603E+000  0.85292152E+000  0.10378475E+001  0.24167814E+001
  0.70162360E+000  0.85292740E+000  0.10378411E+001  0.24167807E+001
  0.70161163E+000  0.85293312E+000  0.10378351E+001  0.24167801E+001
  0.70160012E+000  0.85293869E+000  0.10378293E+001  0.24167796E+001
  0.70158904E+000  0.85294408E+000  0.10378238E+001  0.24167791E+001
  0.70157840E+000  0.85294929E+000  0.10378185E+001  0.24167786E+001
  0.70156818E+000  0.85295432E+000  0.10378135E+001  0.24167782E+001
  0.70155838E+000  0.85295917E+000  0.10378087E+001  0.24167778E+001
  0.70154900E+000  0.85296384E+000  0.10378042E+001  0.24167775E+001
  0.70154003E+000  0.85296832E+000  0.10377998E+001  0.24167772E+001
  0.70153148E+000  0.85297263E+000  0.10377957E+001  0.24167769E+001
  0.70152334E+000  0.85297676E+000  0.10377918E+001  0.24167766E+001
  0.70151561E+000  0.85298072E+000  0.10377880E+001  0.24167764E+001
  0.70150828E+000  0.85298450E+000  0.10377844E+001  0.24167762E+001
  0.70150137E+000  0.85298812E+000  0.10377810E+001  0.24167761E+001
  0.70149485E+000  0.85299157E+000  0.10377778E+001  0.24167760E+001
  0.70148874E+000  0.85299487E+000  0.10377747E+001  0.24167759E+001
  0.70148302E+000  0.85299800E+000  0.10377718E+001  0.24167759E+001
  0.70147769E+000  0.85300098E+000  0.10377690E+001  0.24167759E+001
  0.70147274E+000  0.85300381E+000  0.10377664E+001  0.24167759E+001
  0.70146816E+000  0.85300650E+000  0.10377639E+001  0.24167760E+001
  0.70146395E+000  0.85300906E+000  0.10377615E+001  0.24167762E+001
  0.70146008E+000  0.85301148E+000  0.10377593E+001  0.24167763E+001
  0.70145656E+000  0.85301378E+000  0.10377572E+001  0.24167765E+001
  0.70145335E+000  0.85301597E+000  0.10377553E+001  0.24167768E+001
  0.70145045E+000  0.85301805E+000  0.10377535E+001  0.24167770E+001
  0.70144784E+000  0.85302004E+000  0.10377518E+001  0.24167773E+001
  0.70144550E+000  0.85302193E+000  0.10377502E+001  0.24167777E+001
  0.70144341E+000  0.85302376E+000  0.10377488E+001  0.24167780E+001
  0.70144155E+000  0.85302551E+000  0.10377474E+001  0.24167784E+001
  0.70143991E+000  0.85302720E+000  0.10377462E+001  0.24167788E+001
  0.70143847E+000  0.85302884E+000  0.10377451E+001  0.24167792E+001
  0.70143721E+000  0.85303044E+000  0.10377440E+001  0.24167797E+001
  0.70143610E+000  0.85303200E+000  0.10377431E+001  0.24167802E+001
  0.70143514E+000  0.85303353E+000  0.10377423E+001  0.24167807E+001
  0.70143431E+000  0.85303504E+000  0.10377415E+001  0.24167812E+001
  0.70143359E+000  0.85303651E+000  0.10377408E+001  0.24167817E+001
  0.70143298E+000  0.85303797E+000  0.10377402E+001  0.24167823E+001
  0.70143245E+000  0.85303941E+000  0.10377397E+001  0.24167828E+001
  0.70143200E+000  0.85304082E+000  0.10377392E+001  0.24167834E+001
  0.70143162E+000  0.85304222E+000  0.10377388E+001  0.24167840E+001
  0.70143129E+000  0.85304359E+000  0.10377385E+001  0.24167846E+001
  0.70143102E+000  0.85304493E+000  0.10377382E+001  0.24167852E+001
  0.70143079E+000  0.85304625E+000  0.10377380E+001  0.24167858E+001
  0.70143059E+000  0.85304754E+000  0.10377378E+001  0.24167864E+001
  0.70143043E+000  0.85304880E+000  0.10377376E+001  0.24167870E+001
  0.70143030E+000  0.85305002E+000  0.10377374E+001  0.24167877E+001
  0.70143018E+000  0.85305120E+000  0.10377373E+001  0.24167883E+001
  0.70143009E+000  0.85305234E+000  0.10377373E+001  0.24167889E+001
  0.70143002E+000  0.85305344E+000  0.10377372E+001  0.24167895E+001
  0.70142996E+000  0.85305450E+000  0.10377371E+001  0.24167901E+001
  0.70142991E+000  0.85305551E+000  0.10377371E+001  0.24167907E+001
  0.70142987E+000  0.85305647E+000  0.10377371E+001  0.24167913E+001
  0.70142984E+000  0.85305739E+000  0.10377371E+001  0.24167919E+001
  0.70142982E+000  0.85305826E+000  0.10377371E+001  0.24167925E+001
  0.70142981E+000  0.85305909E+000  0.10377371E+001  0.24167931E+001
  0.70142980E+000  0.85305987E+000  0.10377370E+001  0.24167937E+001
  0.70142979E+000  0.85306060E+000  0.10377370E+001  0.24167942E+001
  0.70142979E+000  0.85306130E+000  0.10377370E+001  0.24167948E+001
  0.70142979E+000  0.85306195E+000  0.10377370E+001  0.24167953E+001
  0.70142980E+000  0.85306256E+000  0.10377370E+001  0.24167958E+001
  0.70142980E+000  0.85306313E+000  0.10377370E+001  0.24167963E+001
  0.70142980E+000  0.85306366E+000  0.10377370E+001  0.24167968E+001
  0.70142980E+000  0.85306415E+000  0.10377369E+001  0.24167973E+001
  0.70142981E+000  0.85306461E+000  0.10377369E+001  0.24167977E+001
  0.70142981E+000  0.85306504E+000  0.10377369E+001  0.24167981E+001
  0.70142981E+000  0.85306544E+000  0.10377368E+001  0.24167986E+001
  0.70142980E+000  0.85306581E+000  0.10377368E+001  0.24167990E+001
  0.70142980E+000  0.85306614E+000  0.10377367E+001  0.24167993E+001
  0.70142979E+000  0.85306645E+000  0.10377367E+001  0.24167997E+001
  0.70142978E+000  0.85306674E+000  0.10377366E+001  0.24168000E+001
  0.70142977E+000  0.85306700E+000  0.10377366E+001  0.24168004E+001
  0.70142975E+000  0.85306723E+000  0.10377365E+001  0.24168007E+001
  0.70142974E+000  0.85306745E+000  0.10377365E+001  0.24168010E+001
  0.70142972E+000  0.85306764E+000  0.10377364E+001  0.24168012E+001
  0.70142969E+000  0.85306781E+000  0.10377364E+001  0.24168015E+001
  0.70142967E+000  0.85306796E+000  0.10377363E+001  0.24168017E+001
  0.70142964E+000  0.85306810E+000  0.10377363E+001  0.24168020E+001
  0.70142961E+000  0.85306821E+000  0.10377362E+001  0.24168022E+001
  0.70142958E+000  0.85306831E+000  0.10377361E+001  0.24168024E+001
  0.70142955E+000  0.85306840E+000  0.10377361E+001  0.24168025E+001
  0.70142951E+000  0.85306847E+000  0.10377360E+001  0.24168027E+001
  0.70142948E+000  0.85306852E+000  0.10377360E+001  0.24168029E+001
  0.70142944E+000  0.85306857E+000  0.10377359E+001  0.24168030E+001
  0.70142940E+000  0.85306860E+000  0.10377358E+001  0.24168031E+001
  0.70142936E+000  0.85306862E+000  0.10377357E+001  0.24168033E+001
  0.70142932E+000  0.85306864E+000  0.10377357E+001  0.24168034E+001
  0.70142928E+000  0.85306864E+000  0.10377356E+001  0.24168035E+001
  0.70142925E+000  0.85306863E+000  0.10377355E+001  0.24168036E+001
  0.70142921E+000  0.85306862E+000  0.10377354E+001  0.24168037E+001
  0.70142917E+000  0.85306860E+000  0.10377353E+001  0.24168037E+001
  0.70142913E+000  0.85306858E+000  0.10377352E+001  0.24168038E+001
  0.70142909E+000  0.85306855E+000  0.10377350E+001  0.24168039E+001
  0.70142905E+000  0.85306852E+000  0.10377349E+001  0.24168039E+001
  0.70142902E+000  0.85306848E+000  0.10377348E+001  0.24168039E+001
  0.70142898E+000  0.85306844E+000  0.10377346E+001  0.24168040E+001
  0.70142895E+000  0.85306840E+000  0.10377345E+001  0.24168040E+001
  0.70142891E+000  0.85306836E+000  0.10377343E+001  0.24168040E+001
  0.70142888E+000  0.85306831E+000  0.10377341E+001  0.24168040E+001
  0.70142884E+000  0.85306826E+000  0.10377339E+001  0.24168040E+001
  0.70142881E+000  0.85306822E+000  0.10377338E+001  0.24168040E+001
  0.70142878E+000  0.85306817E+000  0.10377336E+001  0.24168040E+001
  0.70142875E+000  0.85306812E+000  0.10377334E+001  0.24168039E+001
  0.70142873E+000  0.85306808E+000  0.10377332E+001  0.24168039E+001
  0.70142870E+000  0.85306803E+000  0.10377329E+001  0.24168038E+001
  0.70142867E+000  0.85306799E+000  0.10377327E+001  0.24168037E+001
  0.70142865E+000  0.85306794E+000  0.10377325E+001  0.24168036E+001
  0.70142862E+000  0.85306790E+000  0.10377323E+001  0.24168035E+001
  0.70142860E+000  0.85306786E+000  0.10377321E+001  0.24168034E+001
  0.70142858E+000  0.85306782E+000  0.10377318E+001  0.24168032E+001
  0.70142856E+000  0.85306778E+000  0.10377316E+001  0.24168030E+001
  0.70142854E+000  0.85306775E+000  0.10377314E+001  0.24168029E+001
  0.70142852E+000  0.85306771E+000  0.10377312E+001  0.24168027E+001
  0.70142850E+000  0.85306768E+000  0.10377310E+001  0.24168024E+001
  0.70142848E+000  0.85306765E+000  0.10377307E+001  0.24168022E+001
  0.70142847E+000  0.85306762E+000  0.10377305E+001  0.24168019E+001
  0.70142845E+000  0.85306760E+000  0.10377303E+001  0.24168017E+001
  0.70142844E+000  0.85306757E+000  0.10377301E+001  0.24168014E+001
  0.70142842E+000  0.85306755E+000  0.10377299E+001  0.24168010E+001
  0.70142841E+000  0.85306752E+000  0.10377297E+001  0.24168007E+001
  0.70142840E+000  0.85306750E+000  0.10377295E+001  0.24168003E+001
  0.70142839E+000  0.85306748E+000  0.10377294E+001  0.24168000E+001
  0.70142838E+000  0.85306746E+000  0.10377292E+001  0.24167996E+001
  0.70142837E+000  0.85306745E+000  0.10377290E+001  0.24167991E+001
  0.70142836E+000  0.85306743E+000  0.10377288E+001  0.24167987E+001
  0.70142835E+000  0.85306742E+000  0.10377287E+001  0.24167983E+001
  0.70142834E+000  0.85306740E+000  0.10377285E+001  0.24167978E+001
  0.70142833E+000  0.85306739E+000  0.10377284E+001  0.24167973E+001
  0.70142833E+000  0.85306738E+000  0.10377283E+001  0.24167968E+001
  0.70142832E+000  0.85306737E+000  0.10377281E+001  0.24167963E+001
  0.70142831E+000  0.85306736E+000  0.10377280E+001  0.24167958E+001
  0.70142831E+000  0.85306735E+000  0.10377279E+001  0.24167952E+001
  0.70142830E+000  0.85306734E+000  0.10377278E+001  0.24167947E+001
  0.70142830E+000  0.85306734E+000  0.10377277E+001  0.24167941E+001
  0.70142829E+000  0.85306733E+000  0.10377276E+001  0.24167936E+001
  0.70142829E+000  0.85306732E+000  0.10377275E+001  0.24167930E+001
  0.70142829E+000  0.85306732E+000  0.10377274E+001  0.24167924E+001
  0.70142828E+000  0.85306731E+000  0.10377273E+001  0.24167918E+001
  0.70142828E+000  0.85306731E+000  0.10377272E+001  0.24167912E+001
  0.70142828E+000  0.85306730E+000  0.10377272E+001  0.24167906E+001
  0.70142827E+000  0.85306730E+000  0.10377271E+001  0.24167899E+001
  0.70142827E+000  0.85306729E+000  0.10377270E+001  0.24167893E+001
  0.70142827E+000  0.85306729E+000  0.10377270E+001  0.24167887E+001
  0.70142827E+000  0.85306729E+000  0.10377269E+001  0.24167881E+001
  0.70142827E+000  0.85306729E+000  0.10377269E+001  0.24167874E+001
  0.70142827E+000  0.85306728E+000  0.10377268E+001  0.24167868E+001
  0.70142826E+000  0.85306728E+000  0.10377268E+001  0.24167862E+001
  0.70142826E+000  0.85306728E+000  0.10377267E+001  0.24167855E+001
  0.70142826E+000  0.85306728E+000  0.10377267E+001  0.24167849E+001
  0.70142826E+000  0.85306728E+000  0.10377267E+001  0.24167843E+001
  0.70142826E+000  0.85306727E+000  0.10377266E+001  0.24167837E+001
  0.70142826E+000  0.85306727E+000  0.10377266E+001  0.24167830E+001
  0.70142826E+000  0.85306727E+000  0.10377266E+001  0.24167824E+001
  0.70142826E+000  0.85306727E+000  0.10377265E+001  0.24167818E+001
  0.70142826E+000  0.85306727E+000  0.10377265E+001  0.24167812E+001
  0.70142826E+000  0.85306727E+000  0.10377265E+001  0.24167806E+001
  0.70142826E+000  0.85306726E+000  0.10377265E+001  0.24167800E+001
  0.70142826E+000  0.85306726E+000  0.10377264E+001  0.24167794E+001
  0.70142826E+000  0.85306726E+000  0.10377264E+001  0.24167788E+001
  0.70142826E+000  0.85306726E+000  0.10377264E+001  0.24167782E+001
  0.70142826E+000  0.85306726E+000  0.10377264E+001  0.24167777E+001
  0.70142826E+000  0.85306726E+000  0.10377264E+001  0.24167771E+001
  0.70142826E+000  0.85306726E+000  0.10377264E+001  0.24167766E+001
  0.70142826E+000  0.85306725E+000  0.10377264E+001  0.24167760E+001
  0.70142826E+000  0.85306725E+000  0.10377263E+001  0.24167755E+001
  0.70142826E+000  0.85306724E+000  0.10377263E+001  0.24167749E+001
