  0.11428070E+001
  0.11429288E+001
  0.11431062E+001
  0.11432673E+001
  0.11434016E+001
  0.11435131E+001
  0.11436057E+001
  0.11436831E+001
  0.11437486E+001
  0.11438038E+001
  0.11438506E+001
  0.11438906E+001
  0.11439248E+001
  0.11439543E+001
  0.11439799E+001
  0.11440021E+001
  0.11440215E+001
  0.11440386E+001
  0.11440536E+001
  0.11440669E+001
  0.11440787E+001
  0.11440892E+001
  0.11440987E+001
  0.11441072E+001
  0.11441149E+001
  0.11441220E+001
  0.11441285E+001
  0.11441344E+001
  0.11441399E+001
  0.11441450E+001
  0.11441498E+001
  0.11441542E+001
  0.11441584E+001
  0.11441623E+001
  0.11441660E+001
  0.11441695E+001
  0.11441728E+001
  0.11441760E+001
  0.11441790E+001
  0.11441818E+001
  0.11441845E+001
  0.11441870E+001
  0.11441895E+001
  0.11441917E+001
  0.11441939E+001
  0.11441960E+001
  0.11441979E+001
  0.11441997E+001
  0.11442013E+001
  0.11442029E+001
  0.11442044E+001
  0.11442057E+001
  0.11442069E+001
  0.11442080E+001
  0.11442091E+001
  0.11442100E+001
  0.11442108E+001
  0.11442115E+001
  0.11442121E+001
  0.11442127E+001
  0.11442131E+001
  0.11442135E+001
  0.11442138E+001
  0.11442140E+001
  0.11442141E+001
  0.11442142E+001
  0.11442142E+001
  0.11442141E+001
  0.11442140E+001
  0.11442139E+001
  0.11442137E+001
  0.11442134E+001
  0.11442132E+001
  0.11442129E+001
  0.11442125E+001
  0.11442122E+001
  0.11442118E+001
  0.11442114E+001
  0.11442110E+001
  0.11442106E+001
  0.11442102E+001
  0.11442098E+001
  0.11442094E+001
  0.11442091E+001
  0.11442087E+001
  0.11442083E+001
  0.11442079E+001
  0.11442076E+001
  0.11442072E+001
  0.11442069E+001
  0.11442066E+001
  0.11442063E+001
  0.11442060E+001
  0.11442058E+001
  0.11442055E+001
  0.11442053E+001
  0.11442051E+001
  0.11442049E+001
  0.11442047E+001
  0.11442045E+001
  0.11442044E+001
  0.11442043E+001
  0.11442041E+001
  0.11442040E+001
  0.11442039E+001
  0.11442038E+001
  0.11442037E+001
  0.11442037E+001
  0.11442036E+001
  0.11442036E+001
  0.11442035E+001
  0.11442035E+001
  0.11442035E+001
  0.11442035E+001
  0.11442034E+001
  0.11442034E+001
  0.11442034E+001
  0.11442034E+001
  0.11442035E+001
  0.11442035E+001
  0.11442035E+001
  0.11442035E+001
  0.11442035E+001
  0.11442036E+001
  0.11442036E+001
  0.11442036E+001
  0.11442037E+001
  0.11442037E+001
  0.11442038E+001
  0.11442038E+001
  0.11442039E+001
  0.11442039E+001
  0.11442040E+001
  0.11442040E+001
  0.11442041E+001
  0.11442041E+001
  0.11442042E+001
  0.11442042E+001
  0.11442043E+001
  0.11442043E+001
  0.11442044E+001
  0.11442044E+001
  0.11442045E+001
  0.11442045E+001
  0.11442046E+001
  0.11442046E+001
  0.11442047E+001
  0.11442048E+001
  0.11442048E+001
  0.11442049E+001
  0.11442049E+001
  0.11442050E+001
  0.11442050E+001
  0.11442051E+001
  0.11442051E+001
  0.11442051E+001
  0.11442052E+001
  0.11442052E+001
  0.11442053E+001
  0.11442053E+001
  0.11442054E+001
  0.11442054E+001
  0.11442054E+001
  0.11442055E+001
  0.11442055E+001
  0.11442056E+001
  0.11442056E+001
  0.11442056E+001
  0.11442057E+001
  0.11442057E+001
  0.11442057E+001
  0.11442058E+001
  0.11442058E+001
  0.11442058E+001
  0.11442059E+001
  0.11442059E+001
  0.11442059E+001
  0.11442059E+001
  0.11442060E+001
  0.11442060E+001
  0.11442060E+001
  0.11442060E+001
  0.11442061E+001
  0.11442061E+001
  0.11442061E+001
  0.11442061E+001
  0.11442061E+001
  0.11442062E+001
  0.11442062E+001
  0.11442062E+001
  0.11442062E+001
  0.11442062E+001
  0.11442062E+001
  0.11442062E+001
  0.11442063E+001
  0.11442063E+001
  0.11442063E+001
  0.11442063E+001
  0.11442063E+001
  0.11442063E+001
