  0.62051531E+000  0.10065306E+001  0.12350368E+001  0.42378934E+001
  0.62072083E+000  0.10068296E+001  0.12350831E+001  0.42379002E+001
  0.62089858E+000  0.10071482E+001  0.12353107E+001  0.42379397E+001
  0.62104428E+000  0.10074260E+001  0.12355280E+001  0.42379851E+001
  0.62116188E+000  0.10076563E+001  0.12357075E+001  0.42380276E+001
  0.62125903E+000  0.10078463E+001  0.12358539E+001  0.42380653E+001
  0.62133936E+000  0.10080027E+001  0.12359743E+001  0.42380982E+001
  0.62140645E+000  0.10081323E+001  0.12360743E+001  0.42381264E+001
  0.62146337E+000  0.10082411E+001  0.12361582E+001  0.42381502E+001
  0.62151131E+000  0.10083315E+001  0.12362289E+001  0.42381705E+001
  0.62155175E+000  0.10084075E+001  0.12362887E+001  0.42381877E+001
  0.62158602E+000  0.10084716E+001  0.12363396E+001  0.42382027E+001
  0.62161518E+000  0.10085256E+001  0.12363831E+001  0.42382158E+001
  0.62164026E+000  0.10085713E+001  0.12364203E+001  0.42382271E+001
  0.62166194E+000  0.10086103E+001  0.12364525E+001  0.42382370E+001
  0.62168067E+000  0.10086435E+001  0.12364803E+001  0.42382456E+001
  0.62169691E+000  0.10086719E+001  0.12365044E+001  0.42382533E+001
  0.62171112E+000  0.10086963E+001  0.12365254E+001  0.42382600E+001
  0.62172350E+000  0.10087173E+001  0.12365438E+001  0.42382660E+001
  0.62173438E+000  0.10087355E+001  0.12365600E+001  0.42382713E+001
  0.62174396E+000  0.10087512E+001  0.12365742E+001  0.42382761E+001
  0.62175244E+000  0.10087649E+001  0.12365868E+001  0.42382804E+001
  0.62175999E+000  0.10087768E+001  0.12365980E+001  0.42382842E+001
  0.62176673E+000  0.10087872E+001  0.12366080E+001  0.42382878E+001
  0.62177280E+000  0.10087964E+001  0.12366169E+001  0.42382910E+001
  0.62177827E+000  0.10088046E+001  0.12366249E+001  0.42382939E+001
  0.62178325E+000  0.10088119E+001  0.12366322E+001  0.42382966E+001
  0.62178780E+000  0.10088183E+001  0.12366387E+001  0.42382991E+001
  0.62179197E+000  0.10088241E+001  0.12366447E+001  0.42383014E+001
  0.62179584E+000  0.10088293E+001  0.12366501E+001  0.42383036E+001
  0.62179942E+000  0.10088340E+001  0.12366551E+001  0.42383056E+001
  0.62180277E+000  0.10088382E+001  0.12366596E+001  0.42383075E+001
  0.62180591E+000  0.10088421E+001  0.12366637E+001  0.42383093E+001
  0.62180886E+000  0.10088456E+001  0.12366675E+001  0.42383110E+001
  0.62181165E+000  0.10088489E+001  0.12366710E+001  0.42383125E+001
  0.62181429E+000  0.10088519E+001  0.12366742E+001  0.42383140E+001
  0.62181680E+000  0.10088547E+001  0.12366771E+001  0.42383155E+001
  0.62181917E+000  0.10088573E+001  0.12366798E+001  0.42383168E+001
  0.62182143E+000  0.10088596E+001  0.12366823E+001  0.42383181E+001
  0.62182358E+000  0.10088619E+001  0.12366846E+001  0.42383193E+001
  0.62182561E+000  0.10088639E+001  0.12366867E+001  0.42383204E+001
  0.62182755E+000  0.10088658E+001  0.12366886E+001  0.42383215E+001
  0.62182937E+000  0.10088676E+001  0.12366903E+001  0.42383225E+001
  0.62183109E+000  0.10088692E+001  0.12366919E+001  0.42383234E+001
  0.62183271E+000  0.10088707E+001  0.12366933E+001  0.42383243E+001
  0.62183423E+000  0.10088720E+001  0.12366946E+001  0.42383252E+001
  0.62183564E+000  0.10088733E+001  0.12366957E+001  0.42383259E+001
  0.62183695E+000  0.10088744E+001  0.12366967E+001  0.42383267E+001
  0.62183816E+000  0.10088753E+001  0.12366976E+001  0.42383273E+001
  0.62183927E+000  0.10088762E+001  0.12366984E+001  0.42383279E+001
  0.62184027E+000  0.10088769E+001  0.12366991E+001  0.42383285E+001
  0.62184117E+000  0.10088775E+001  0.12366996E+001  0.42383290E+001
  0.62184197E+000  0.10088780E+001  0.12367001E+001  0.42383294E+001
  0.62184267E+000  0.10088784E+001  0.12367004E+001  0.42383298E+001
  0.62184327E+000  0.10088788E+001  0.12367007E+001  0.42383302E+001
  0.62184378E+000  0.10088790E+001  0.12367008E+001  0.42383305E+001
  0.62184419E+000  0.10088791E+001  0.12367009E+001  0.42383307E+001
  0.62184451E+000  0.10088791E+001  0.12367009E+001  0.42383309E+001
  0.62184474E+000  0.10088790E+001  0.12367008E+001  0.42383311E+001
  0.62184489E+000  0.10088789E+001  0.12367007E+001  0.42383312E+001
  0.62184496E+000  0.10088786E+001  0.12367005E+001  0.42383313E+001
  0.62184494E+000  0.10088784E+001  0.12367002E+001  0.42383314E+001
  0.62184486E+000  0.10088780E+001  0.12366998E+001  0.42383314E+001
  0.62184470E+000  0.10088776E+001  0.12366994E+001  0.42383314E+001
  0.62184448E+000  0.10088771E+001  0.12366990E+001  0.42383313E+001
  0.62184420E+000  0.10088766E+001  0.12366985E+001  0.42383312E+001
  0.62184386E+000  0.10088760E+001  0.12366979E+001  0.42383311E+001
  0.62184347E+000  0.10088754E+001  0.12366973E+001  0.42383310E+001
  0.62184304E+000  0.10088747E+001  0.12366967E+001  0.42383309E+001
  0.62184256E+000  0.10088740E+001  0.12366961E+001  0.42383307E+001
  0.62184205E+000  0.10088733E+001  0.12366954E+001  0.42383305E+001
  0.62184151E+000  0.10088726E+001  0.12366947E+001  0.42383303E+001
  0.62184094E+000  0.10088718E+001  0.12366940E+001  0.42383301E+001
  0.62184035E+000  0.10088711E+001  0.12366932E+001  0.42383299E+001
  0.62183974E+000  0.10088703E+001  0.12366925E+001  0.42383296E+001
  0.62183912E+000  0.10088695E+001  0.12366917E+001  0.42383294E+001
  0.62183850E+000  0.10088688E+001  0.12366910E+001  0.42383291E+001
  0.62183787E+000  0.10088680E+001  0.12366902E+001  0.42383289E+001
  0.62183724E+000  0.10088672E+001  0.12366894E+001  0.42383286E+001
  0.62183661E+000  0.10088665E+001  0.12366887E+001  0.42383284E+001
  0.62183599E+000  0.10088657E+001  0.12366880E+001  0.42383281E+001
  0.62183538E+000  0.10088650E+001  0.12366872E+001  0.42383279E+001
  0.62183478E+000  0.10088643E+001  0.12366865E+001  0.42383276E+001
  0.62183419E+000  0.10088636E+001  0.12366858E+001  0.42383274E+001
  0.62183362E+000  0.10088630E+001  0.12366851E+001  0.42383271E+001
  0.62183307E+000  0.10088624E+001  0.12366845E+001  0.42383269E+001
  0.62183253E+000  0.10088617E+001  0.12366838E+001  0.42383267E+001
  0.62183201E+000  0.10088612E+001  0.12366832E+001  0.42383265E+001
  0.62183152E+000  0.10088606E+001  0.12366826E+001  0.42383263E+001
  0.62183104E+000  0.10088601E+001  0.12366820E+001  0.42383261E+001
  0.62183059E+000  0.10088596E+001  0.12366814E+001  0.42383259E+001
  0.62183015E+000  0.10088591E+001  0.12366809E+001  0.42383257E+001
  0.62182974E+000  0.10088586E+001  0.12366803E+001  0.42383255E+001
  0.62182934E+000  0.10088582E+001  0.12366798E+001  0.42383254E+001
  0.62182896E+000  0.10088578E+001  0.12366793E+001  0.42383252E+001
  0.62182861E+000  0.10088574E+001  0.12366789E+001  0.42383251E+001
  0.62182827E+000  0.10088570E+001  0.12366784E+001  0.42383250E+001
  0.62182795E+000  0.10088567E+001  0.12366780E+001  0.42383248E+001
  0.62182765E+000  0.10088564E+001  0.12366775E+001  0.42383247E+001
  0.62182736E+000  0.10088561E+001  0.12366771E+001  0.42383246E+001
  0.62182710E+000  0.10088558E+001  0.12366768E+001  0.42383245E+001
  0.62182684E+000  0.10088555E+001  0.12366764E+001  0.42383244E+001
  0.62182660E+000  0.10088553E+001  0.12366760E+001  0.42383243E+001
  0.62182638E+000  0.10088550E+001  0.12366757E+001  0.42383242E+001
  0.62182617E+000  0.10088548E+001  0.12366753E+001  0.42383242E+001
  0.62182597E+000  0.10088546E+001  0.12366750E+001  0.42383241E+001
  0.62182579E+000  0.10088544E+001  0.12366747E+001  0.42383240E+001
  0.62182561E+000  0.10088542E+001  0.12366744E+001  0.42383239E+001
  0.62182545E+000  0.10088540E+001  0.12366741E+001  0.42383238E+001
  0.62182529E+000  0.10088539E+001  0.12366738E+001  0.42383238E+001
  0.62182515E+000  0.10088537E+001  0.12366736E+001  0.42383237E+001
  0.62182501E+000  0.10088536E+001  0.12366733E+001  0.42383236E+001
  0.62182489E+000  0.10088534E+001  0.12366730E+001  0.42383235E+001
  0.62182477E+000  0.10088533E+001  0.12366728E+001  0.42383234E+001
  0.62182466E+000  0.10088532E+001  0.12366726E+001  0.42383233E+001
  0.62182455E+000  0.10088531E+001  0.12366723E+001  0.42383231E+001
  0.62182445E+000  0.10088530E+001  0.12366721E+001  0.42383230E+001
  0.62182436E+000  0.10088529E+001  0.12366719E+001  0.42383228E+001
  0.62182427E+000  0.10088528E+001  0.12366717E+001  0.42383227E+001
  0.62182419E+000  0.10088527E+001  0.12366714E+001  0.42383225E+001
  0.62182411E+000  0.10088526E+001  0.12366712E+001  0.42383223E+001
  0.62182404E+000  0.10088526E+001  0.12366710E+001  0.42383221E+001
  0.62182397E+000  0.10088525E+001  0.12366708E+001  0.42383219E+001
  0.62182390E+000  0.10088524E+001  0.12366706E+001  0.42383217E+001
  0.62182384E+000  0.10088524E+001  0.12366705E+001  0.42383214E+001
  0.62182378E+000  0.10088523E+001  0.12366703E+001  0.42383212E+001
  0.62182373E+000  0.10088522E+001  0.12366701E+001  0.42383209E+001
  0.62182367E+000  0.10088522E+001  0.12366699E+001  0.42383206E+001
  0.62182362E+000  0.10088521E+001  0.12366697E+001  0.42383202E+001
  0.62182357E+000  0.10088521E+001  0.12366695E+001  0.42383199E+001
  0.62182352E+000  0.10088520E+001  0.12366694E+001  0.42383195E+001
  0.62182348E+000  0.10088520E+001  0.12366692E+001  0.42383191E+001
  0.62182343E+000  0.10088520E+001  0.12366690E+001  0.42383187E+001
  0.62182339E+000  0.10088519E+001  0.12366689E+001  0.42383183E+001
  0.62182335E+000  0.10088519E+001  0.12366687E+001  0.42383178E+001
  0.62182331E+000  0.10088519E+001  0.12366685E+001  0.42383173E+001
  0.62182327E+000  0.10088518E+001  0.12366684E+001  0.42383168E+001
  0.62182324E+000  0.10088518E+001  0.12366682E+001  0.42383163E+001
  0.62182320E+000  0.10088518E+001  0.12366680E+001  0.42383157E+001
  0.62182316E+000  0.10088517E+001  0.12366679E+001  0.42383151E+001
  0.62182313E+000  0.10088517E+001  0.12366677E+001  0.42383145E+001
  0.62182310E+000  0.10088517E+001  0.12366676E+001  0.42383139E+001
  0.62182306E+000  0.10088517E+001  0.12366674E+001  0.42383133E+001
  0.62182303E+000  0.10088517E+001  0.12366673E+001  0.42383126E+001
  0.62182300E+000  0.10088516E+001  0.12366672E+001  0.42383119E+001
  0.62182297E+000  0.10088516E+001  0.12366670E+001  0.42383112E+001
  0.62182294E+000  0.10088516E+001  0.12366669E+001  0.42383104E+001
  0.62182291E+000  0.10088516E+001  0.12366668E+001  0.42383097E+001
  0.62182288E+000  0.10088516E+001  0.12366666E+001  0.42383089E+001
  0.62182285E+000  0.10088515E+001  0.12366665E+001  0.42383081E+001
  0.62182282E+000  0.10088515E+001  0.12366664E+001  0.42383073E+001
  0.62182280E+000  0.10088515E+001  0.12366663E+001  0.42383064E+001
  0.62182277E+000  0.10088515E+001  0.12366661E+001  0.42383056E+001
  0.62182274E+000  0.10088515E+001  0.12366660E+001  0.42383047E+001
  0.62182272E+000  0.10088515E+001  0.12366659E+001  0.42383038E+001
  0.62182269E+000  0.10088515E+001  0.12366658E+001  0.42383029E+001
  0.62182267E+000  0.10088514E+001  0.12366657E+001  0.42383019E+001
  0.62182265E+000  0.10088514E+001  0.12366656E+001  0.42383010E+001
  0.62182263E+000  0.10088514E+001  0.12366655E+001  0.42383000E+001
  0.62182260E+000  0.10088514E+001  0.12366654E+001  0.42382990E+001
  0.62182258E+000  0.10088514E+001  0.12366653E+001  0.42382981E+001
  0.62182256E+000  0.10088514E+001  0.12366652E+001  0.42382971E+001
  0.62182254E+000  0.10088514E+001  0.12366651E+001  0.42382960E+001
  0.62182252E+000  0.10088514E+001  0.12366651E+001  0.42382950E+001
  0.62182251E+000  0.10088514E+001  0.12366650E+001  0.42382940E+001
  0.62182249E+000  0.10088514E+001  0.12366649E+001  0.42382930E+001
  0.62182247E+000  0.10088513E+001  0.12366648E+001  0.42382919E+001
  0.62182246E+000  0.10088513E+001  0.12366648E+001  0.42382909E+001
  0.62182244E+000  0.10088513E+001  0.12366647E+001  0.42382898E+001
  0.62182242E+000  0.10088513E+001  0.12366646E+001  0.42382888E+001
  0.62182241E+000  0.10088513E+001  0.12366646E+001  0.42382877E+001
  0.62182240E+000  0.10088513E+001  0.12366645E+001  0.42382867E+001
  0.62182238E+000  0.10088513E+001  0.12366644E+001  0.42382856E+001
  0.62182237E+000  0.10088513E+001  0.12366644E+001  0.42382845E+001
  0.62182236E+000  0.10088513E+001  0.12366643E+001  0.42382835E+001
  0.62182235E+000  0.10088513E+001  0.12366643E+001  0.42382824E+001
  0.62182234E+000  0.10088513E+001  0.12366642E+001  0.42382814E+001
  0.62182233E+000  0.10088513E+001  0.12366642E+001  0.42382803E+001
  0.62182232E+000  0.10088513E+001  0.12366642E+001  0.42382793E+001
  0.62182231E+000  0.10088513E+001  0.12366641E+001  0.42382783E+001
  0.62182230E+000  0.10088513E+001  0.12366641E+001  0.42382772E+001
  0.62182229E+000  0.10088513E+001  0.12366640E+001  0.42382762E+001
  0.62182229E+000  0.10088512E+001  0.12366640E+001  0.42382752E+001
  0.62182228E+000  0.10088512E+001  0.12366640E+001  0.42382742E+001
  0.62182227E+000  0.10088512E+001  0.12366640E+001  0.42382732E+001
  0.62182227E+000  0.10088512E+001  0.12366639E+001  0.42382723E+001
  0.62182226E+000  0.10088512E+001  0.12366639E+001  0.42382713E+001
  0.62182226E+000  0.10088512E+001  0.12366639E+001  0.42382703E+001
  0.62182225E+000  0.10088512E+001  0.12366638E+001  0.42382694E+001
  0.62182225E+000  0.10088512E+001  0.12366638E+001  0.42382685E+001
  0.62182224E+000  0.10088512E+001  0.12366638E+001  0.42382676E+001
  0.62182224E+000  0.10088512E+001  0.12366638E+001  0.42382667E+001
  0.62182223E+000  0.10088512E+001  0.12366638E+001  0.42382658E+001
  0.62182223E+000  0.10088512E+001  0.12366638E+001  0.42382649E+001
  0.62182223E+000  0.10088512E+001  0.12366637E+001  0.42382641E+001
  0.62182223E+000  0.10088512E+001  0.12366637E+001  0.42382632E+001
  0.62182222E+000  0.10088512E+001  0.12366637E+001  0.42382624E+001
  0.62182222E+000  0.10088512E+001  0.12366637E+001  0.42382616E+001
  0.62182222E+000  0.10088512E+001  0.12366637E+001  0.42382608E+001
  0.62182223E+000  0.10088512E+001  0.12366637E+001  0.42382600E+001
