 -0.11921776E+000  0.60389155E+000  0.54232138E+001  0.12139254E+003
 -0.11861372E+000  0.60477129E+000  0.54245637E+001  0.12139436E+003
 -0.11820878E+000  0.60541404E+000  0.54255698E+001  0.12139578E+003
 -0.11792186E+000  0.60588974E+000  0.54263415E+001  0.12139691E+003
 -0.11771688E+000  0.60624197E+000  0.54269357E+001  0.12139781E+003
 -0.11757136E+000  0.60649978E+000  0.54273936E+001  0.12139854E+003
 -0.11747139E+000  0.60668348E+000  0.54277429E+001  0.12139913E+003
 -0.11740627E+000  0.60680924E+000  0.54280061E+001  0.12139961E+003
 -0.11736817E+000  0.60688930E+000  0.54281999E+001  0.12140000E+003
 -0.11735154E+000  0.60693265E+000  0.54283367E+001  0.12140031E+003
 -0.11735147E+000  0.60694718E+000  0.54284278E+001  0.12140056E+003
 -0.11736447E+000  0.60693866E+000  0.54284813E+001  0.12140077E+003
 -0.11738775E+000  0.60691189E+000  0.54285041E+001  0.12140093E+003
 -0.11741895E+000  0.60687082E+000  0.54285018E+001  0.12140105E+003
 -0.11745629E+000  0.60681846E+000  0.54284790E+001  0.12140115E+003
 -0.11749840E+000  0.60675719E+000  0.54284393E+001  0.12140122E+003
 -0.11754405E+000  0.60668904E+000  0.54283856E+001  0.12140127E+003
 -0.11759229E+000  0.60661566E+000  0.54283206E+001  0.12140131E+003
 -0.11764242E+000  0.60653827E+000  0.54282462E+001  0.12140133E+003
 -0.11769377E+000  0.60645802E+000  0.54281640E+001  0.12140134E+003
 -0.11774587E+000  0.60637575E+000  0.54280756E+001  0.12140134E+003
 -0.11779828E+000  0.60629222E+000  0.54279819E+001  0.12140133E+003
 -0.11785067E+000  0.60620798E+000  0.54278841E+001  0.12140131E+003
 -0.11790280E+000  0.60612354E+000  0.54277828E+001  0.12140129E+003
 -0.11795440E+000  0.60603928E+000  0.54276787E+001  0.12140126E+003
 -0.11800529E+000  0.60595554E+000  0.54275725E+001  0.12140123E+003
 -0.11805524E+000  0.60587251E+000  0.54274645E+001  0.12140119E+003
 -0.11810411E+000  0.60579033E+000  0.54273551E+001  0.12140116E+003
 -0.11815198E+000  0.60570934E+000  0.54272447E+001  0.12140112E+003
 -0.11819879E+000  0.60562970E+000  0.54271336E+001  0.12140107E+003
 -0.11824452E+000  0.60555152E+000  0.54270220E+001  0.12140103E+003
 -0.11828915E+000  0.60547500E+000  0.54269100E+001  0.12140098E+003
 -0.11833266E+000  0.60540025E+000  0.54267979E+001  0.12140093E+003
 -0.11837504E+000  0.60532724E+000  0.54266859E+001  0.12140088E+003
 -0.11841630E+000  0.60525601E+000  0.54265742E+001  0.12140083E+003
 -0.11845643E+000  0.60518664E+000  0.54264629E+001  0.12140077E+003
 -0.11849543E+000  0.60511917E+000  0.54263523E+001  0.12140072E+003
 -0.11853332E+000  0.60505364E+000  0.54262424E+001  0.12140066E+003
 -0.11857010E+000  0.60499008E+000  0.54261335E+001  0.12140061E+003
 -0.11860576E+000  0.60492854E+000  0.54260256E+001  0.12140055E+003
 -0.11864033E+000  0.60486903E+000  0.54259189E+001  0.12140049E+003
 -0.11867379E+000  0.60481159E+000  0.54258135E+001  0.12140044E+003
 -0.11870617E+000  0.60475624E+000  0.54257097E+001  0.12140038E+003
 -0.11873745E+000  0.60470299E+000  0.54256075E+001  0.12140032E+003
 -0.11876764E+000  0.60465187E+000  0.54255071E+001  0.12140025E+003
 -0.11879674E+000  0.60460288E+000  0.54254085E+001  0.12140019E+003
 -0.11882475E+000  0.60455604E+000  0.54253121E+001  0.12140013E+003
 -0.11885166E+000  0.60451136E+000  0.54252178E+001  0.12140007E+003
 -0.11887748E+000  0.60446882E+000  0.54251257E+001  0.12140001E+003
 -0.11890221E+000  0.60442843E+000  0.54250362E+001  0.12139994E+003
 -0.11892583E+000  0.60439018E+000  0.54249491E+001  0.12139988E+003
 -0.11894836E+000  0.60435404E+000  0.54248646E+001  0.12139982E+003
 -0.11896980E+000  0.60432000E+000  0.54247829E+001  0.12139975E+003
 -0.11899015E+000  0.60428802E+000  0.54247039E+001  0.12139969E+003
 -0.11900941E+000  0.60425807E+000  0.54246279E+001  0.12139963E+003
 -0.11902759E+000  0.60423011E+000  0.54245547E+001  0.12139956E+003
 -0.11904471E+000  0.60420409E+000  0.54244846E+001  0.12139950E+003
 -0.11906078E+000  0.60417995E+000  0.54244174E+001  0.12139944E+003
 -0.11907583E+000  0.60415763E+000  0.54243533E+001  0.12139938E+003
 -0.11908986E+000  0.60413708E+000  0.54242923E+001  0.12139931E+003
 -0.11910292E+000  0.60411821E+000  0.54242343E+001  0.12139925E+003
 -0.11911503E+000  0.60410095E+000  0.54241793E+001  0.12139920E+003
 -0.11912622E+000  0.60408522E+000  0.54241274E+001  0.12139914E+003
 -0.11913652E+000  0.60407094E+000  0.54240784E+001  0.12139908E+003
 -0.11914598E+000  0.60405804E+000  0.54240323E+001  0.12139902E+003
 -0.11915462E+000  0.60404642E+000  0.54239892E+001  0.12139897E+003
 -0.11916250E+000  0.60403600E+000  0.54239488E+001  0.12139892E+003
 -0.11916964E+000  0.60402670E+000  0.54239111E+001  0.12139886E+003
 -0.11917609E+000  0.60401844E+000  0.54238761E+001  0.12139881E+003
 -0.11918190E+000  0.60401113E+000  0.54238436E+001  0.12139876E+003
 -0.11918709E+000  0.60400469E+000  0.54238136E+001  0.12139872E+003
 -0.11919172E+000  0.60399906E+000  0.54237859E+001  0.12139867E+003
 -0.11919582E+000  0.60399415E+000  0.54237604E+001  0.12139863E+003
 -0.11919943E+000  0.60398989E+000  0.54237371E+001  0.12139858E+003
 -0.11920259E+000  0.60398621E+000  0.54237157E+001  0.12139854E+003
 -0.11920534E+000  0.60398306E+000  0.54236962E+001  0.12139850E+003
 -0.11920771E+000  0.60398036E+000  0.54236785E+001  0.12139847E+003
 -0.11920974E+000  0.60397807E+000  0.54236625E+001  0.12139843E+003
 -0.11921147E+000  0.60397612E+000  0.54236479E+001  0.12139840E+003
 -0.11921291E+000  0.60397446E+000  0.54236348E+001  0.12139837E+003
 -0.11921411E+000  0.60397305E+000  0.54236229E+001  0.12139834E+003
 -0.11921509E+000  0.60397184E+000  0.54236122E+001  0.12139831E+003
 -0.11921588E+000  0.60397079E+000  0.54236025E+001  0.12139828E+003
 -0.11921651E+000  0.60396987E+000  0.54235938E+001  0.12139825E+003
 -0.11921699E+000  0.60396903E+000  0.54235859E+001  0.12139823E+003
 -0.11921735E+000  0.60396826E+000  0.54235788E+001  0.12139820E+003
 -0.11921761E+000  0.60396752E+000  0.54235724E+001  0.12139818E+003
 -0.11921778E+000  0.60396679E+000  0.54235665E+001  0.12139816E+003
 -0.11921789E+000  0.60396605E+000  0.54235612E+001  0.12139814E+003
 -0.11921794E+000  0.60396529E+000  0.54235562E+001  0.12139812E+003
 -0.11921794E+000  0.60396448E+000  0.54235517E+001  0.12139810E+003
 -0.11921791E+000  0.60396362E+000  0.54235475E+001  0.12139808E+003
 -0.11921786E+000  0.60396270E+000  0.54235436E+001  0.12139807E+003
 -0.11921778E+000  0.60396170E+000  0.54235398E+001  0.12139805E+003
 -0.11921770E+000  0.60396064E+000  0.54235363E+001  0.12139803E+003
 -0.11921761E+000  0.60395949E+000  0.54235330E+001  0.12139802E+003
 -0.11921751E+000  0.60395827E+000  0.54235297E+001  0.12139800E+003
 -0.11921742E+000  0.60395696E+000  0.54235266E+001  0.12139798E+003
 -0.11921733E+000  0.60395558E+000  0.54235235E+001  0.12139797E+003
 -0.11921724E+000  0.60395413E+000  0.54235204E+001  0.12139795E+003
 -0.11921716E+000  0.60395260E+000  0.54235174E+001  0.12139794E+003
 -0.11921709E+000  0.60395101E+000  0.54235144E+001  0.12139792E+003
 -0.11921703E+000  0.60394935E+000  0.54235114E+001  0.12139791E+003
 -0.11921697E+000  0.60394764E+000  0.54235083E+001  0.12139789E+003
 -0.11921692E+000  0.60394588E+000  0.54235051E+001  0.12139787E+003
 -0.11921688E+000  0.60394408E+000  0.54235019E+001  0.12139786E+003
 -0.11921685E+000  0.60394224E+000  0.54234986E+001  0.12139784E+003
 -0.11921683E+000  0.60394038E+000  0.54234952E+001  0.12139782E+003
 -0.11921681E+000  0.60393850E+000  0.54234917E+001  0.12139781E+003
 -0.11921680E+000  0.60393660E+000  0.54234880E+001  0.12139779E+003
 -0.11921679E+000  0.60393470E+000  0.54234842E+001  0.12139777E+003
 -0.11921679E+000  0.60393281E+000  0.54234802E+001  0.12139775E+003
 -0.11921680E+000  0.60393092E+000  0.54234761E+001  0.12139774E+003
 -0.11921681E+000  0.60392906E+000  0.54234717E+001  0.12139772E+003
 -0.11921682E+000  0.60392722E+000  0.54234673E+001  0.12139770E+003
 -0.11921684E+000  0.60392540E+000  0.54234626E+001  0.12139768E+003
 -0.11921685E+000  0.60392363E+000  0.54234577E+001  0.12139766E+003
 -0.11921688E+000  0.60392189E+000  0.54234527E+001  0.12139764E+003
 -0.11921690E+000  0.60392020E+000  0.54234475E+001  0.12139761E+003
 -0.11921692E+000  0.60391856E+000  0.54234421E+001  0.12139759E+003
 -0.11921695E+000  0.60391697E+000  0.54234365E+001  0.12139757E+003
 -0.11921697E+000  0.60391544E+000  0.54234308E+001  0.12139755E+003
 -0.11921700E+000  0.60391396E+000  0.54234250E+001  0.12139752E+003
 -0.11921703E+000  0.60391255E+000  0.54234190E+001  0.12139749E+003
 -0.11921706E+000  0.60391119E+000  0.54234129E+001  0.12139747E+003
 -0.11921708E+000  0.60390990E+000  0.54234067E+001  0.12139744E+003
 -0.11921711E+000  0.60390867E+000  0.54234004E+001  0.12139741E+003
 -0.11921714E+000  0.60390750E+000  0.54233941E+001  0.12139738E+003
 -0.11921717E+000  0.60390639E+000  0.54233877E+001  0.12139735E+003
 -0.11921719E+000  0.60390535E+000  0.54233813E+001  0.12139732E+003
 -0.11921722E+000  0.60390436E+000  0.54233749E+001  0.12139729E+003
 -0.11921724E+000  0.60390343E+000  0.54233684E+001  0.12139725E+003
 -0.11921727E+000  0.60390256E+000  0.54233621E+001  0.12139722E+003
 -0.11921729E+000  0.60390174E+000  0.54233557E+001  0.12139718E+003
 -0.11921731E+000  0.60390097E+000  0.54233495E+001  0.12139715E+003
 -0.11921733E+000  0.60390026E+000  0.54233433E+001  0.12139711E+003
 -0.11921736E+000  0.60389959E+000  0.54233372E+001  0.12139707E+003
 -0.11921738E+000  0.60389897E+000  0.54233312E+001  0.12139703E+003
 -0.11921740E+000  0.60389839E+000  0.54233254E+001  0.12139699E+003
 -0.11921741E+000  0.60389785E+000  0.54233197E+001  0.12139694E+003
 -0.11921743E+000  0.60389735E+000  0.54233141E+001  0.12139690E+003
 -0.11921745E+000  0.60389689E+000  0.54233087E+001  0.12139686E+003
 -0.11921747E+000  0.60389646E+000  0.54233035E+001  0.12139681E+003
 -0.11921748E+000  0.60389607E+000  0.54232984E+001  0.12139676E+003
 -0.11921750E+000  0.60389570E+000  0.54232936E+001  0.12139671E+003
 -0.11921752E+000  0.60389536E+000  0.54232889E+001  0.12139666E+003
 -0.11921753E+000  0.60389505E+000  0.54232844E+001  0.12139661E+003
 -0.11921754E+000  0.60389477E+000  0.54232801E+001  0.12139656E+003
 -0.11921756E+000  0.60389450E+000  0.54232760E+001  0.12139651E+003
 -0.11921757E+000  0.60389426E+000  0.54232720E+001  0.12139646E+003
 -0.11921758E+000  0.60389404E+000  0.54232683E+001  0.12139640E+003
 -0.11921759E+000  0.60389383E+000  0.54232647E+001  0.12139635E+003
 -0.11921760E+000  0.60389364E+000  0.54232613E+001  0.12139629E+003
 -0.11921762E+000  0.60389347E+000  0.54232581E+001  0.12139623E+003
 -0.11921763E+000  0.60389331E+000  0.54232551E+001  0.12139618E+003
 -0.11921763E+000  0.60389316E+000  0.54232523E+001  0.12139612E+003
 -0.11921764E+000  0.60389303E+000  0.54232496E+001  0.12139606E+003
 -0.11921765E+000  0.60389290E+000  0.54232470E+001  0.12139600E+003
 -0.11921766E+000  0.60389279E+000  0.54232447E+001  0.12139594E+003
 -0.11921767E+000  0.60389269E+000  0.54232424E+001  0.12139588E+003
 -0.11921768E+000  0.60389259E+000  0.54232403E+001  0.12139582E+003
 -0.11921768E+000  0.60389250E+000  0.54232384E+001  0.12139576E+003
 -0.11921769E+000  0.60389242E+000  0.54232365E+001  0.12139570E+003
 -0.11921770E+000  0.60389234E+000  0.54232348E+001  0.12139564E+003
 -0.11921770E+000  0.60389228E+000  0.54232332E+001  0.12139558E+003
 -0.11921771E+000  0.60389221E+000  0.54232317E+001  0.12139551E+003
 -0.11921771E+000  0.60389215E+000  0.54232303E+001  0.12139545E+003
 -0.11921772E+000  0.60389210E+000  0.54232291E+001  0.12139539E+003
 -0.11921772E+000  0.60389205E+000  0.54232279E+001  0.12139533E+003
 -0.11921773E+000  0.60389201E+000  0.54232267E+001  0.12139527E+003
 -0.11921773E+000  0.60389196E+000  0.54232257E+001  0.12139521E+003
 -0.11921773E+000  0.60389193E+000  0.54232248E+001  0.12139515E+003
 -0.11921774E+000  0.60389189E+000  0.54232239E+001  0.12139509E+003
 -0.11921774E+000  0.60389186E+000  0.54232231E+001  0.12139503E+003
 -0.11921774E+000  0.60389183E+000  0.54232223E+001  0.12139497E+003
 -0.11921774E+000  0.60389180E+000  0.54232216E+001  0.12139491E+003
 -0.11921775E+000  0.60389178E+000  0.54232209E+001  0.12139485E+003
 -0.11921775E+000  0.60389176E+000  0.54232204E+001  0.12139479E+003
 -0.11921775E+000  0.60389174E+000  0.54232198E+001  0.12139473E+003
 -0.11921775E+000  0.60389172E+000  0.54232193E+001  0.12139467E+003
 -0.11921775E+000  0.60389170E+000  0.54232188E+001  0.12139462E+003
 -0.11921775E+000  0.60389169E+000  0.54232184E+001  0.12139456E+003
 -0.11921775E+000  0.60389168E+000  0.54232180E+001  0.12139451E+003
 -0.11921776E+000  0.60389166E+000  0.54232177E+001  0.12139445E+003
 -0.11921776E+000  0.60389165E+000  0.54232173E+001  0.12139440E+003
 -0.11921776E+000  0.60389164E+000  0.54232170E+001  0.12139434E+003
 -0.11921776E+000  0.60389164E+000  0.54232167E+001  0.12139429E+003
 -0.11921776E+000  0.60389163E+000  0.54232165E+001  0.12139424E+003
 -0.11921776E+000  0.60389162E+000  0.54232163E+001  0.12139419E+003
 -0.11921776E+000  0.60389162E+000  0.54232161E+001  0.12139414E+003
 -0.11921776E+000  0.60389162E+000  0.54232159E+001  0.12139409E+003
 -0.11921776E+000  0.60389161E+000  0.54232157E+001  0.12139404E+003
 -0.11921776E+000  0.60389161E+000  0.54232156E+001  0.12139399E+003
 -0.11921775E+000  0.60389161E+000  0.54232154E+001  0.12139395E+003
 -0.11921775E+000  0.60389161E+000  0.54232153E+001  0.12139390E+003
 -0.11921775E+000  0.60389162E+000  0.54232152E+001  0.12139386E+003
 -0.11921775E+000  0.60389162E+000  0.54232151E+001  0.12139381E+003
 -0.11921774E+000  0.60389163E+000  0.54232151E+001  0.12139377E+003
 -0.11921773E+000  0.60389165E+000  0.54232150E+001  0.12139373E+003
 -0.11921772E+000  0.60389167E+000  0.54232150E+001  0.12139369E+003
