  0.17749939E+001
  0.17751333E+001
  0.17753242E+001
  0.17754957E+001
  0.17756382E+001
  0.17757560E+001
  0.17758535E+001
  0.17759347E+001
  0.17760031E+001
  0.17760604E+001
  0.17761088E+001
  0.17761499E+001
  0.17761848E+001
  0.17762146E+001
  0.17762403E+001
  0.17762624E+001
  0.17762815E+001
  0.17762981E+001
  0.17763125E+001
  0.17763252E+001
  0.17763362E+001
  0.17763460E+001
  0.17763546E+001
  0.17763623E+001
  0.17763691E+001
  0.17763753E+001
  0.17763808E+001
  0.17763859E+001
  0.17763904E+001
  0.17763946E+001
  0.17763984E+001
  0.17764019E+001
  0.17764051E+001
  0.17764081E+001
  0.17764109E+001
  0.17764135E+001
  0.17764159E+001
  0.17764181E+001
  0.17764202E+001
  0.17764222E+001
  0.17764240E+001
  0.17764257E+001
  0.17764273E+001
  0.17764288E+001
  0.17764301E+001
  0.17764314E+001
  0.17764325E+001
  0.17764335E+001
  0.17764345E+001
  0.17764353E+001
  0.17764361E+001
  0.17764367E+001
  0.17764372E+001
  0.17764377E+001
  0.17764381E+001
  0.17764384E+001
  0.17764386E+001
  0.17764387E+001
  0.17764388E+001
  0.17764388E+001
  0.17764387E+001
  0.17764386E+001
  0.17764384E+001
  0.17764381E+001
  0.17764378E+001
  0.17764375E+001
  0.17764371E+001
  0.17764367E+001
  0.17764362E+001
  0.17764357E+001
  0.17764352E+001
  0.17764346E+001
  0.17764341E+001
  0.17764335E+001
  0.17764329E+001
  0.17764323E+001
  0.17764317E+001
  0.17764311E+001
  0.17764305E+001
  0.17764299E+001
  0.17764293E+001
  0.17764287E+001
  0.17764282E+001
  0.17764276E+001
  0.17764271E+001
  0.17764266E+001
  0.17764261E+001
  0.17764256E+001
  0.17764251E+001
  0.17764247E+001
  0.17764242E+001
  0.17764238E+001
  0.17764234E+001
  0.17764231E+001
  0.17764227E+001
  0.17764224E+001
  0.17764220E+001
  0.17764217E+001
  0.17764214E+001
  0.17764212E+001
  0.17764209E+001
  0.17764207E+001
  0.17764204E+001
  0.17764202E+001
  0.17764200E+001
  0.17764198E+001
  0.17764196E+001
  0.17764194E+001
  0.17764192E+001
  0.17764191E+001
  0.17764189E+001
  0.17764187E+001
  0.17764186E+001
  0.17764184E+001
  0.17764183E+001
  0.17764181E+001
  0.17764180E+001
  0.17764179E+001
  0.17764177E+001
  0.17764176E+001
  0.17764174E+001
  0.17764173E+001
  0.17764172E+001
  0.17764170E+001
  0.17764169E+001
  0.17764167E+001
  0.17764166E+001
  0.17764164E+001
  0.17764163E+001
  0.17764161E+001
  0.17764160E+001
  0.17764158E+001
  0.17764156E+001
  0.17764155E+001
  0.17764153E+001
  0.17764151E+001
  0.17764149E+001
  0.17764147E+001
  0.17764146E+001
  0.17764144E+001
  0.17764142E+001
  0.17764139E+001
  0.17764137E+001
  0.17764135E+001
  0.17764133E+001
  0.17764131E+001
  0.17764128E+001
  0.17764126E+001
  0.17764124E+001
  0.17764121E+001
  0.17764119E+001
  0.17764116E+001
  0.17764114E+001
  0.17764111E+001
  0.17764108E+001
  0.17764106E+001
  0.17764103E+001
  0.17764100E+001
  0.17764098E+001
  0.17764095E+001
  0.17764092E+001
  0.17764089E+001
  0.17764086E+001
  0.17764084E+001
  0.17764081E+001
  0.17764078E+001
  0.17764075E+001
  0.17764072E+001
  0.17764069E+001
  0.17764067E+001
  0.17764064E+001
  0.17764061E+001
  0.17764058E+001
  0.17764055E+001
  0.17764052E+001
  0.17764050E+001
  0.17764047E+001
  0.17764044E+001
  0.17764041E+001
  0.17764039E+001
  0.17764036E+001
  0.17764033E+001
  0.17764031E+001
  0.17764028E+001
  0.17764025E+001
  0.17764023E+001
  0.17764020E+001
  0.17764018E+001
  0.17764016E+001
  0.17764013E+001
  0.17764011E+001
  0.17764008E+001
  0.17764006E+001
  0.17764004E+001
  0.17764002E+001
  0.17764000E+001
  0.17763998E+001
  0.17763995E+001
  0.17763993E+001
  0.17763992E+001
