  0.63564954E+000
  0.63571731E+000
  0.63581599E+000
  0.63590560E+000
  0.63598030E+000
  0.63604230E+000
  0.63609379E+000
  0.63613686E+000
  0.63617328E+000
  0.63620398E+000
  0.63623003E+000
  0.63625228E+000
  0.63627133E+000
  0.63628773E+000
  0.63630196E+000
  0.63631432E+000
  0.63632511E+000
  0.63633459E+000
  0.63634293E+000
  0.63635032E+000
  0.63635688E+000
  0.63636274E+000
  0.63636800E+000
  0.63637275E+000
  0.63637705E+000
  0.63638099E+000
  0.63638459E+000
  0.63638790E+000
  0.63639096E+000
  0.63639379E+000
  0.63639643E+000
  0.63639890E+000
  0.63640122E+000
  0.63640340E+000
  0.63640546E+000
  0.63640741E+000
  0.63640926E+000
  0.63641101E+000
  0.63641267E+000
  0.63641425E+000
  0.63641574E+000
  0.63641716E+000
  0.63641851E+000
  0.63641978E+000
  0.63642099E+000
  0.63642212E+000
  0.63642319E+000
  0.63642419E+000
  0.63642512E+000
  0.63642599E+000
  0.63642680E+000
  0.63642754E+000
  0.63642822E+000
  0.63642885E+000
  0.63642941E+000
  0.63642992E+000
  0.63643037E+000
  0.63643077E+000
  0.63643112E+000
  0.63643141E+000
  0.63643166E+000
  0.63643186E+000
  0.63643202E+000
  0.63643214E+000
  0.63643221E+000
  0.63643225E+000
  0.63643226E+000
  0.63643223E+000
  0.63643217E+000
  0.63643209E+000
  0.63643198E+000
  0.63643185E+000
  0.63643169E+000
  0.63643153E+000
  0.63643134E+000
  0.63643115E+000
  0.63643094E+000
  0.63643073E+000
  0.63643051E+000
  0.63643029E+000
  0.63643007E+000
  0.63642985E+000
  0.63642963E+000
  0.63642941E+000
  0.63642919E+000
  0.63642899E+000
  0.63642878E+000
  0.63642859E+000
  0.63642840E+000
  0.63642822E+000
  0.63642805E+000
  0.63642789E+000
  0.63642773E+000
  0.63642759E+000
  0.63642745E+000
  0.63642732E+000
  0.63642720E+000
  0.63642709E+000
  0.63642699E+000
  0.63642690E+000
  0.63642681E+000
  0.63642674E+000
  0.63642667E+000
  0.63642660E+000
  0.63642655E+000
  0.63642650E+000
  0.63642645E+000
  0.63642642E+000
  0.63642638E+000
  0.63642636E+000
  0.63642633E+000
  0.63642632E+000
  0.63642630E+000
  0.63642629E+000
  0.63642629E+000
  0.63642629E+000
  0.63642629E+000
  0.63642629E+000
  0.63642630E+000
  0.63642630E+000
  0.63642632E+000
  0.63642633E+000
  0.63642634E+000
  0.63642636E+000
  0.63642638E+000
  0.63642640E+000
  0.63642642E+000
  0.63642644E+000
  0.63642647E+000
  0.63642649E+000
  0.63642652E+000
  0.63642655E+000
  0.63642657E+000
  0.63642660E+000
  0.63642663E+000
  0.63642666E+000
  0.63642669E+000
  0.63642672E+000
  0.63642675E+000
  0.63642678E+000
  0.63642681E+000
  0.63642684E+000
  0.63642687E+000
  0.63642690E+000
  0.63642693E+000
  0.63642696E+000
  0.63642699E+000
  0.63642701E+000
  0.63642704E+000
  0.63642707E+000
  0.63642710E+000
  0.63642713E+000
  0.63642716E+000
  0.63642718E+000
  0.63642721E+000
  0.63642724E+000
  0.63642726E+000
  0.63642729E+000
  0.63642731E+000
  0.63642733E+000
  0.63642736E+000
  0.63642738E+000
  0.63642740E+000
  0.63642743E+000
  0.63642745E+000
  0.63642747E+000
  0.63642749E+000
  0.63642751E+000
  0.63642753E+000
  0.63642754E+000
  0.63642756E+000
  0.63642758E+000
  0.63642760E+000
  0.63642761E+000
  0.63642763E+000
  0.63642764E+000
  0.63642766E+000
  0.63642767E+000
  0.63642769E+000
  0.63642770E+000
  0.63642771E+000
  0.63642773E+000
  0.63642774E+000
  0.63642775E+000
  0.63642776E+000
  0.63642777E+000
  0.63642778E+000
  0.63642779E+000
  0.63642780E+000
  0.63642781E+000
  0.63642782E+000
  0.63642783E+000
  0.63642784E+000
  0.63642785E+000
  0.63642785E+000
  0.63642786E+000
  0.63642787E+000
  0.63642788E+000
  0.63642788E+000
  0.63642789E+000
