  0.91022944E+000
  0.90901609E+000
  0.90820136E+000
  0.90759120E+000
  0.90712139E+000
  0.90674661E+000
  0.90644771E+000
  0.90620652E+000
  0.90600813E+000
  0.90584801E+000
  0.90571681E+000
  0.90560919E+000
  0.90552166E+000
  0.90544984E+000
  0.90539074E+000
  0.90534272E+000
  0.90530378E+000
  0.90527191E+000
  0.90524657E+000
  0.90522622E+000
  0.90521034E+000
  0.90519798E+000
  0.90518856E+000
  0.90518169E+000
  0.90517680E+000
  0.90517361E+000
  0.90517177E+000
  0.90517103E+000
  0.90517118E+000
  0.90517204E+000
  0.90517346E+000
  0.90517531E+000
  0.90517750E+000
  0.90517994E+000
  0.90518256E+000
  0.90518531E+000
  0.90518814E+000
  0.90519102E+000
  0.90519392E+000
  0.90519682E+000
  0.90519971E+000
  0.90520257E+000
  0.90520540E+000
  0.90520819E+000
  0.90521093E+000
  0.90521364E+000
  0.90521629E+000
  0.90521890E+000
  0.90522145E+000
  0.90522396E+000
  0.90522642E+000
  0.90522882E+000
  0.90523118E+000
  0.90523349E+000
  0.90523575E+000
  0.90523795E+000
  0.90524011E+000
  0.90524221E+000
  0.90524426E+000
  0.90524625E+000
  0.90524820E+000
  0.90525009E+000
  0.90525193E+000
  0.90525372E+000
  0.90525546E+000
  0.90525714E+000
  0.90525878E+000
  0.90526037E+000
  0.90526191E+000
  0.90526340E+000
  0.90526484E+000
  0.90526624E+000
  0.90526758E+000
  0.90526888E+000
  0.90527013E+000
  0.90527133E+000
  0.90527248E+000
  0.90527357E+000
  0.90527462E+000
  0.90527562E+000
  0.90527657E+000
  0.90527747E+000
  0.90527832E+000
  0.90527913E+000
  0.90527988E+000
  0.90528060E+000
  0.90528127E+000
  0.90528190E+000
  0.90528249E+000
  0.90528305E+000
  0.90528357E+000
  0.90528406E+000
  0.90528451E+000
  0.90528494E+000
  0.90528534E+000
  0.90528571E+000
  0.90528606E+000
  0.90528639E+000
  0.90528670E+000
  0.90528699E+000
  0.90528725E+000
  0.90528750E+000
  0.90528774E+000
  0.90528796E+000
  0.90528816E+000
  0.90528836E+000
  0.90528854E+000
  0.90528870E+000
  0.90528886E+000
  0.90528901E+000
  0.90528914E+000
  0.90528927E+000
  0.90528939E+000
  0.90528951E+000
  0.90528961E+000
  0.90528971E+000
  0.90528980E+000
  0.90528989E+000
  0.90528997E+000
  0.90529005E+000
  0.90529012E+000
  0.90529019E+000
  0.90529026E+000
  0.90529032E+000
  0.90529037E+000
  0.90529043E+000
  0.90529048E+000
  0.90529053E+000
  0.90529058E+000
  0.90529063E+000
  0.90529067E+000
  0.90529071E+000
  0.90529076E+000
  0.90529080E+000
  0.90529083E+000
  0.90529087E+000
  0.90529091E+000
  0.90529094E+000
  0.90529098E+000
  0.90529101E+000
  0.90529105E+000
  0.90529108E+000
  0.90529111E+000
  0.90529114E+000
  0.90529118E+000
  0.90529121E+000
  0.90529124E+000
  0.90529127E+000
  0.90529130E+000
  0.90529133E+000
  0.90529136E+000
  0.90529139E+000
  0.90529142E+000
  0.90529145E+000
  0.90529147E+000
  0.90529150E+000
  0.90529153E+000
  0.90529156E+000
  0.90529158E+000
  0.90529161E+000
  0.90529164E+000
  0.90529166E+000
  0.90529169E+000
  0.90529171E+000
  0.90529174E+000
  0.90529176E+000
  0.90529178E+000
  0.90529181E+000
  0.90529183E+000
  0.90529185E+000
  0.90529187E+000
  0.90529189E+000
  0.90529191E+000
  0.90529193E+000
  0.90529195E+000
  0.90529197E+000
  0.90529199E+000
  0.90529201E+000
  0.90529203E+000
  0.90529204E+000
  0.90529206E+000
  0.90529207E+000
  0.90529209E+000
  0.90529210E+000
  0.90529212E+000
  0.90529213E+000
  0.90529215E+000
  0.90529216E+000
  0.90529217E+000
  0.90529218E+000
  0.90529219E+000
  0.90529220E+000
  0.90529222E+000
  0.90529223E+000
  0.90529223E+000
  0.90529224E+000
  0.90529225E+000
  0.90529226E+000
  0.90529227E+000
  0.90529228E+000
