  0.31825102E+002
  0.31826266E+002
  0.31827134E+002
  0.31827800E+002
  0.31828314E+002
  0.31828712E+002
  0.31829018E+002
  0.31829252E+002
  0.31829427E+002
  0.31829554E+002
  0.31829643E+002
  0.31829702E+002
  0.31829735E+002
  0.31829747E+002
  0.31829743E+002
  0.31829725E+002
  0.31829697E+002
  0.31829659E+002
  0.31829614E+002
  0.31829563E+002
  0.31829507E+002
  0.31829447E+002
  0.31829384E+002
  0.31829319E+002
  0.31829253E+002
  0.31829184E+002
  0.31829115E+002
  0.31829046E+002
  0.31828976E+002
  0.31828905E+002
  0.31828835E+002
  0.31828765E+002
  0.31828695E+002
  0.31828626E+002
  0.31828557E+002
  0.31828488E+002
  0.31828420E+002
  0.31828353E+002
  0.31828287E+002
  0.31828221E+002
  0.31828157E+002
  0.31828093E+002
  0.31828030E+002
  0.31827968E+002
  0.31827908E+002
  0.31827848E+002
  0.31827790E+002
  0.31827733E+002
  0.31827677E+002
  0.31827623E+002
  0.31827569E+002
  0.31827518E+002
  0.31827468E+002
  0.31827419E+002
  0.31827372E+002
  0.31827326E+002
  0.31827282E+002
  0.31827240E+002
  0.31827199E+002
  0.31827160E+002
  0.31827122E+002
  0.31827086E+002
  0.31827052E+002
  0.31827019E+002
  0.31826988E+002
  0.31826959E+002
  0.31826931E+002
  0.31826904E+002
  0.31826879E+002
  0.31826855E+002
  0.31826833E+002
  0.31826812E+002
  0.31826792E+002
  0.31826774E+002
  0.31826757E+002
  0.31826741E+002
  0.31826726E+002
  0.31826712E+002
  0.31826699E+002
  0.31826687E+002
  0.31826676E+002
  0.31826665E+002
  0.31826655E+002
  0.31826646E+002
  0.31826638E+002
  0.31826630E+002
  0.31826622E+002
  0.31826615E+002
  0.31826609E+002
  0.31826602E+002
  0.31826596E+002
  0.31826590E+002
  0.31826585E+002
  0.31826579E+002
  0.31826574E+002
  0.31826569E+002
  0.31826564E+002
  0.31826559E+002
  0.31826554E+002
  0.31826549E+002
  0.31826544E+002
  0.31826539E+002
  0.31826534E+002
  0.31826528E+002
  0.31826523E+002
  0.31826518E+002
  0.31826513E+002
  0.31826507E+002
  0.31826502E+002
  0.31826496E+002
  0.31826490E+002
  0.31826484E+002
  0.31826478E+002
  0.31826472E+002
  0.31826465E+002
  0.31826459E+002
  0.31826452E+002
  0.31826445E+002
  0.31826438E+002
  0.31826430E+002
  0.31826423E+002
  0.31826415E+002
  0.31826407E+002
  0.31826399E+002
  0.31826390E+002
  0.31826381E+002
  0.31826372E+002
  0.31826363E+002
  0.31826354E+002
  0.31826344E+002
  0.31826334E+002
  0.31826324E+002
  0.31826313E+002
  0.31826302E+002
  0.31826291E+002
  0.31826280E+002
  0.31826269E+002
  0.31826257E+002
  0.31826245E+002
  0.31826232E+002
  0.31826220E+002
  0.31826207E+002
  0.31826194E+002
  0.31826181E+002
  0.31826168E+002
  0.31826154E+002
  0.31826140E+002
  0.31826126E+002
  0.31826112E+002
  0.31826097E+002
  0.31826083E+002
  0.31826068E+002
  0.31826053E+002
  0.31826038E+002
  0.31826023E+002
  0.31826008E+002
  0.31825992E+002
  0.31825977E+002
  0.31825961E+002
  0.31825946E+002
  0.31825930E+002
  0.31825914E+002
  0.31825899E+002
  0.31825883E+002
  0.31825867E+002
  0.31825852E+002
  0.31825836E+002
  0.31825820E+002
  0.31825804E+002
  0.31825789E+002
  0.31825773E+002
  0.31825758E+002
  0.31825742E+002
  0.31825727E+002
  0.31825712E+002
  0.31825697E+002
  0.31825682E+002
  0.31825667E+002
  0.31825653E+002
  0.31825638E+002
  0.31825624E+002
  0.31825610E+002
  0.31825596E+002
  0.31825582E+002
  0.31825568E+002
  0.31825555E+002
  0.31825542E+002
  0.31825529E+002
  0.31825516E+002
  0.31825504E+002
  0.31825491E+002
  0.31825479E+002
  0.31825467E+002
  0.31825456E+002
  0.31825444E+002
  0.31825433E+002
  0.31825422E+002
  0.31825411E+002
  0.31825401E+002
  0.31825391E+002
