  0.13124710E+000
  0.13122151E+000
  0.13119916E+000
  0.13118072E+000
  0.13116557E+000
  0.13115317E+000
  0.13114308E+000
  0.13113496E+000
  0.13112849E+000
  0.13112345E+000
  0.13111960E+000
  0.13111677E+000
  0.13111481E+000
  0.13111359E+000
  0.13111299E+000
  0.13111293E+000
  0.13111333E+000
  0.13111412E+000
  0.13111525E+000
  0.13111667E+000
  0.13111834E+000
  0.13112023E+000
  0.13112231E+000
  0.13112454E+000
  0.13112692E+000
  0.13112942E+000
  0.13113204E+000
  0.13113474E+000
  0.13113753E+000
  0.13114040E+000
  0.13114332E+000
  0.13114631E+000
  0.13114934E+000
  0.13115241E+000
  0.13115552E+000
  0.13115865E+000
  0.13116181E+000
  0.13116498E+000
  0.13116816E+000
  0.13117134E+000
  0.13117452E+000
  0.13117769E+000
  0.13118084E+000
  0.13118397E+000
  0.13118707E+000
  0.13119013E+000
  0.13119316E+000
  0.13119613E+000
  0.13119905E+000
  0.13120190E+000
  0.13120470E+000
  0.13120741E+000
  0.13121006E+000
  0.13121262E+000
  0.13121509E+000
  0.13121747E+000
  0.13121976E+000
  0.13122196E+000
  0.13122405E+000
  0.13122604E+000
  0.13122794E+000
  0.13122973E+000
  0.13123141E+000
  0.13123300E+000
  0.13123448E+000
  0.13123586E+000
  0.13123715E+000
  0.13123834E+000
  0.13123943E+000
  0.13124044E+000
  0.13124136E+000
  0.13124219E+000
  0.13124294E+000
  0.13124362E+000
  0.13124423E+000
  0.13124477E+000
  0.13124524E+000
  0.13124566E+000
  0.13124602E+000
  0.13124634E+000
  0.13124660E+000
  0.13124683E+000
  0.13124702E+000
  0.13124717E+000
  0.13124730E+000
  0.13124740E+000
  0.13124748E+000
  0.13124754E+000
  0.13124758E+000
  0.13124761E+000
  0.13124762E+000
  0.13124763E+000
  0.13124763E+000
  0.13124762E+000
  0.13124761E+000
  0.13124759E+000
  0.13124757E+000
  0.13124755E+000
  0.13124752E+000
  0.13124750E+000
  0.13124747E+000
  0.13124745E+000
  0.13124743E+000
  0.13124740E+000
  0.13124738E+000
  0.13124736E+000
  0.13124734E+000
  0.13124732E+000
  0.13124730E+000
  0.13124728E+000
  0.13124726E+000
  0.13124725E+000
  0.13124723E+000
  0.13124722E+000
  0.13124721E+000
  0.13124719E+000
  0.13124718E+000
  0.13124717E+000
  0.13124716E+000
  0.13124715E+000
  0.13124714E+000
  0.13124713E+000
  0.13124712E+000
  0.13124712E+000
  0.13124711E+000
  0.13124710E+000
  0.13124710E+000
  0.13124709E+000
  0.13124709E+000
  0.13124708E+000
  0.13124708E+000
  0.13124708E+000
  0.13124707E+000
  0.13124707E+000
  0.13124707E+000
  0.13124707E+000
  0.13124707E+000
  0.13124707E+000
  0.13124706E+000
  0.13124706E+000
  0.13124706E+000
  0.13124706E+000
  0.13124706E+000
  0.13124706E+000
  0.13124706E+000
  0.13124707E+000
  0.13124707E+000
  0.13124707E+000
  0.13124707E+000
  0.13124707E+000
  0.13124707E+000
  0.13124707E+000
  0.13124707E+000
  0.13124708E+000
  0.13124708E+000
  0.13124708E+000
  0.13124708E+000
  0.13124708E+000
  0.13124708E+000
  0.13124708E+000
  0.13124708E+000
  0.13124709E+000
  0.13124709E+000
  0.13124709E+000
  0.13124709E+000
  0.13124709E+000
  0.13124709E+000
  0.13124709E+000
  0.13124709E+000
  0.13124709E+000
  0.13124709E+000
  0.13124709E+000
  0.13124709E+000
  0.13124709E+000
  0.13124709E+000
  0.13124709E+000
  0.13124709E+000
  0.13124709E+000
  0.13124709E+000
  0.13124709E+000
  0.13124709E+000
  0.13124709E+000
  0.13124709E+000
  0.13124709E+000
  0.13124709E+000
  0.13124709E+000
  0.13124709E+000
  0.13124709E+000
  0.13124709E+000
  0.13124709E+000
  0.13124709E+000
  0.13124709E+000
  0.13124709E+000
  0.13124709E+000
  0.13124709E+000
  0.13124709E+000
  0.13124709E+000
  0.13124709E+000
  0.13124709E+000
  0.13124709E+000
