  0.21475755E+000
  0.19199419E+000
  0.18941214E+000
  0.19079811E+000
  0.19295376E+000
  0.19523530E+000
  0.19741028E+000
  0.19937144E+000
  0.20109397E+000
  0.20262469E+000
  0.20396704E+000
  0.20514174E+000
  0.20618983E+000
  0.20712986E+000
  0.20798386E+000
  0.20876916E+000
  0.20949103E+000
  0.21015499E+000
  0.21076918E+000
  0.21133212E+000
  0.21185014E+000
  0.21232303E+000
  0.21275356E+000
  0.21314380E+000
  0.21346642E+000
  0.21372540E+000
  0.21393262E+000
  0.21409802E+000
  0.21422957E+000
  0.21433382E+000
  0.21441611E+000
  0.21448087E+000
  0.21453161E+000
  0.21457128E+000
  0.21460225E+000
  0.21462643E+000
  0.21464536E+000
  0.21466028E+000
  0.21467211E+000
  0.21468167E+000
  0.21468948E+000
  0.21469604E+000
  0.21470165E+000
  0.21470659E+000
  0.21471098E+000
  0.21471500E+000
  0.21471869E+000
  0.21472215E+000
  0.21472537E+000
  0.21472840E+000
  0.21473123E+000
  0.21473388E+000
  0.21473636E+000
  0.21473868E+000
  0.21474081E+000
  0.21474277E+000
  0.21474456E+000
  0.21474619E+000
  0.21474767E+000
  0.21474900E+000
  0.21475020E+000
  0.21475126E+000
  0.21475221E+000
  0.21475304E+000
  0.21475378E+000
  0.21475441E+000
  0.21475497E+000
  0.21475544E+000
  0.21475585E+000
  0.21475619E+000
  0.21475647E+000
  0.21475669E+000
  0.21475687E+000
  0.21475699E+000
  0.21475708E+000
  0.21475713E+000
  0.21475714E+000
  0.21475712E+000
  0.21475709E+000
  0.21475702E+000
  0.21475694E+000
  0.21475684E+000
  0.21475673E+000
  0.21475662E+000
  0.21475650E+000
  0.21475638E+000
  0.21475626E+000
  0.21475614E+000
  0.21475602E+000
  0.21475592E+000
  0.21475581E+000
  0.21475572E+000
  0.21475563E+000
  0.21475555E+000
  0.21475548E+000
  0.21475541E+000
  0.21475536E+000
  0.21475531E+000
  0.21475527E+000
  0.21475523E+000
  0.21475521E+000
  0.21475519E+000
  0.21475517E+000
  0.21475517E+000
  0.21475517E+000
  0.21475518E+000
  0.21475519E+000
  0.21475520E+000
  0.21475523E+000
  0.21475525E+000
  0.21475529E+000
  0.21475532E+000
  0.21475536E+000
  0.21475541E+000
  0.21475545E+000
  0.21475550E+000
  0.21475555E+000
  0.21475561E+000
  0.21475566E+000
  0.21475572E+000
  0.21475578E+000
  0.21475584E+000
  0.21475590E+000
  0.21475596E+000
  0.21475602E+000
  0.21475607E+000
  0.21475613E+000
  0.21475619E+000
  0.21475624E+000
  0.21475630E+000
  0.21475635E+000
  0.21475640E+000
  0.21475645E+000
  0.21475650E+000
  0.21475655E+000
  0.21475659E+000
  0.21475663E+000
  0.21475667E+000
  0.21475671E+000
  0.21475675E+000
  0.21475679E+000
  0.21475682E+000
  0.21475686E+000
  0.21475689E+000
  0.21475692E+000
  0.21475695E+000
  0.21475697E+000
  0.21475700E+000
  0.21475702E+000
  0.21475705E+000
  0.21475707E+000
  0.21475709E+000
  0.21475712E+000
  0.21475714E+000
  0.21475716E+000
  0.21475718E+000
  0.21475719E+000
  0.21475721E+000
  0.21475723E+000
  0.21475724E+000
  0.21475726E+000
  0.21475727E+000
  0.21475729E+000
  0.21475730E+000
  0.21475732E+000
  0.21475733E+000
  0.21475734E+000
  0.21475735E+000
  0.21475736E+000
  0.21475738E+000
  0.21475739E+000
  0.21475740E+000
  0.21475741E+000
  0.21475742E+000
  0.21475742E+000
  0.21475743E+000
  0.21475744E+000
  0.21475745E+000
  0.21475746E+000
  0.21475746E+000
  0.21475747E+000
  0.21475747E+000
  0.21475748E+000
  0.21475749E+000
  0.21475749E+000
  0.21475750E+000
  0.21475750E+000
  0.21475751E+000
  0.21475751E+000
  0.21475751E+000
  0.21475752E+000
  0.21475752E+000
  0.21475752E+000
  0.21475753E+000
  0.21475753E+000
  0.21475753E+000
  0.21475753E+000
  0.21475753E+000
  0.21475753E+000
  0.21475753E+000
