  0.26138386E+000
  0.23520705E+000
  0.23211338E+000
  0.23379707E+000
  0.23635681E+000
  0.23903552E+000
  0.24158964E+000
  0.24389721E+000
  0.24592856E+000
  0.24773627E+000
  0.24932044E+000
  0.25070537E+000
  0.25193577E+000
  0.25303148E+000
  0.25401806E+000
  0.25491671E+000
  0.25573440E+000
  0.25647863E+000
  0.25716076E+000
  0.25778004E+000
  0.25834501E+000
  0.25885631E+000
  0.25931816E+000
  0.25973382E+000
  0.26007658E+000
  0.26035145E+000
  0.26057092E+000
  0.26074558E+000
  0.26088390E+000
  0.26099289E+000
  0.26107827E+000
  0.26114481E+000
  0.26119627E+000
  0.26123584E+000
  0.26126609E+000
  0.26128909E+000
  0.26130651E+000
  0.26131973E+000
  0.26132970E+000
  0.26133736E+000
  0.26134323E+000
  0.26134791E+000
  0.26135170E+000
  0.26135491E+000
  0.26135767E+000
  0.26136018E+000
  0.26136245E+000
  0.26136463E+000
  0.26136668E+000
  0.26136864E+000
  0.26137051E+000
  0.26137230E+000
  0.26137403E+000
  0.26137568E+000
  0.26137723E+000
  0.26137868E+000
  0.26138002E+000
  0.26138127E+000
  0.26138242E+000
  0.26138347E+000
  0.26138444E+000
  0.26138531E+000
  0.26138609E+000
  0.26138680E+000
  0.26138743E+000
  0.26138797E+000
  0.26138845E+000
  0.26138885E+000
  0.26138919E+000
  0.26138946E+000
  0.26138967E+000
  0.26138981E+000
  0.26138990E+000
  0.26138992E+000
  0.26138990E+000
  0.26138981E+000
  0.26138968E+000
  0.26138951E+000
  0.26138929E+000
  0.26138904E+000
  0.26138876E+000
  0.26138846E+000
  0.26138814E+000
  0.26138781E+000
  0.26138747E+000
  0.26138713E+000
  0.26138678E+000
  0.26138645E+000
  0.26138612E+000
  0.26138580E+000
  0.26138549E+000
  0.26138519E+000
  0.26138491E+000
  0.26138464E+000
  0.26138439E+000
  0.26138415E+000
  0.26138394E+000
  0.26138373E+000
  0.26138354E+000
  0.26138337E+000
  0.26138321E+000
  0.26138306E+000
  0.26138293E+000
  0.26138281E+000
  0.26138271E+000
  0.26138261E+000
  0.26138253E+000
  0.26138246E+000
  0.26138240E+000
  0.26138235E+000
  0.26138231E+000
  0.26138229E+000
  0.26138226E+000
  0.26138225E+000
  0.26138225E+000
  0.26138225E+000
  0.26138225E+000
  0.26138227E+000
  0.26138228E+000
  0.26138231E+000
  0.26138233E+000
  0.26138236E+000
  0.26138239E+000
  0.26138243E+000
  0.26138246E+000
  0.26138250E+000
  0.26138254E+000
  0.26138258E+000
  0.26138262E+000
  0.26138266E+000
  0.26138270E+000
  0.26138274E+000
  0.26138278E+000
  0.26138282E+000
  0.26138286E+000
  0.26138290E+000
  0.26138293E+000
  0.26138297E+000
  0.26138300E+000
  0.26138304E+000
  0.26138307E+000
  0.26138310E+000
  0.26138313E+000
  0.26138317E+000
  0.26138319E+000
  0.26138322E+000
  0.26138325E+000
  0.26138328E+000
  0.26138330E+000
  0.26138333E+000
  0.26138335E+000
  0.26138338E+000
  0.26138340E+000
  0.26138342E+000
  0.26138344E+000
  0.26138346E+000
  0.26138348E+000
  0.26138350E+000
  0.26138352E+000
  0.26138354E+000
  0.26138355E+000
  0.26138357E+000
  0.26138359E+000
  0.26138360E+000
  0.26138362E+000
  0.26138363E+000
  0.26138364E+000
  0.26138366E+000
  0.26138367E+000
  0.26138368E+000
  0.26138369E+000
  0.26138370E+000
  0.26138371E+000
  0.26138372E+000
  0.26138373E+000
  0.26138374E+000
  0.26138375E+000
  0.26138376E+000
  0.26138376E+000
  0.26138377E+000
  0.26138378E+000
  0.26138378E+000
  0.26138379E+000
  0.26138379E+000
  0.26138380E+000
  0.26138380E+000
  0.26138381E+000
  0.26138381E+000
  0.26138382E+000
  0.26138382E+000
  0.26138382E+000
  0.26138383E+000
  0.26138383E+000
  0.26138383E+000
  0.26138383E+000
  0.26138383E+000
  0.26138384E+000
  0.26138384E+000
  0.26138383E+000
  0.26138383E+000
