  0.81427371E+000
  0.81427290E+000
  0.81427216E+000
  0.81427153E+000
  0.81427099E+000
  0.81427053E+000
  0.81427014E+000
  0.81426979E+000
  0.81426950E+000
  0.81426924E+000
  0.81426901E+000
  0.81426880E+000
  0.81426862E+000
  0.81426846E+000
  0.81426832E+000
  0.81426819E+000
  0.81426808E+000
  0.81426797E+000
  0.81426787E+000
  0.81426779E+000
  0.81426771E+000
  0.81426763E+000
  0.81426757E+000
  0.81426750E+000
  0.81426745E+000
  0.81426740E+000
  0.81426735E+000
  0.81426730E+000
  0.81426726E+000
  0.81426722E+000
  0.81426719E+000
  0.81426716E+000
  0.81426713E+000
  0.81426710E+000
  0.81426708E+000
  0.81426706E+000
  0.81426704E+000
  0.81426703E+000
  0.81426702E+000
  0.81426701E+000
  0.81426700E+000
  0.81426700E+000
  0.81426700E+000
  0.81426700E+000
  0.81426701E+000
  0.81426702E+000
  0.81426703E+000
  0.81426705E+000
  0.81426707E+000
  0.81426709E+000
  0.81426712E+000
  0.81426715E+000
  0.81426718E+000
  0.81426722E+000
  0.81426726E+000
  0.81426730E+000
  0.81426735E+000
  0.81426740E+000
  0.81426745E+000
  0.81426750E+000
  0.81426756E+000
  0.81426762E+000
  0.81426769E+000
  0.81426775E+000
  0.81426782E+000
  0.81426789E+000
  0.81426797E+000
  0.81426804E+000
  0.81426812E+000
  0.81426820E+000
  0.81426828E+000
  0.81426836E+000
  0.81426845E+000
  0.81426853E+000
  0.81426862E+000
  0.81426871E+000
  0.81426880E+000
  0.81426889E+000
  0.81426898E+000
  0.81426907E+000
  0.81426916E+000
  0.81426925E+000
  0.81426934E+000
  0.81426944E+000
  0.81426953E+000
  0.81426962E+000
  0.81426971E+000
  0.81426981E+000
  0.81426990E+000
  0.81426999E+000
  0.81427009E+000
  0.81427018E+000
  0.81427027E+000
  0.81427036E+000
  0.81427046E+000
  0.81427055E+000
  0.81427064E+000
  0.81427073E+000
  0.81427082E+000
  0.81427091E+000
  0.81427100E+000
  0.81427109E+000
  0.81427118E+000
  0.81427127E+000
  0.81427136E+000
  0.81427145E+000
  0.81427154E+000
  0.81427163E+000
  0.81427171E+000
  0.81427180E+000
  0.81427189E+000
  0.81427198E+000
  0.81427206E+000
  0.81427215E+000
  0.81427223E+000
  0.81427232E+000
  0.81427240E+000
  0.81427249E+000
  0.81427257E+000
  0.81427265E+000
  0.81427273E+000
  0.81427281E+000
  0.81427289E+000
  0.81427297E+000
  0.81427305E+000
  0.81427313E+000
  0.81427320E+000
  0.81427328E+000
  0.81427335E+000
  0.81427343E+000
  0.81427350E+000
  0.81427357E+000
  0.81427363E+000
  0.81427370E+000
  0.81427377E+000
  0.81427383E+000
  0.81427389E+000
  0.81427395E+000
  0.81427401E+000
  0.81427407E+000
  0.81427412E+000
  0.81427418E+000
  0.81427423E+000
  0.81427427E+000
  0.81427432E+000
  0.81427437E+000
  0.81427441E+000
  0.81427445E+000
  0.81427449E+000
  0.81427452E+000
  0.81427456E+000
  0.81427459E+000
  0.81427462E+000
  0.81427464E+000
  0.81427467E+000
  0.81427469E+000
  0.81427471E+000
  0.81427473E+000
  0.81427475E+000
  0.81427476E+000
  0.81427478E+000
  0.81427479E+000
  0.81427480E+000
  0.81427481E+000
  0.81427481E+000
  0.81427482E+000
  0.81427482E+000
  0.81427482E+000
  0.81427482E+000
  0.81427482E+000
  0.81427481E+000
  0.81427481E+000
  0.81427480E+000
  0.81427480E+000
  0.81427479E+000
  0.81427478E+000
  0.81427477E+000
  0.81427476E+000
  0.81427475E+000
  0.81427473E+000
  0.81427472E+000
  0.81427471E+000
  0.81427469E+000
  0.81427468E+000
  0.81427466E+000
  0.81427464E+000
  0.81427463E+000
  0.81427461E+000
  0.81427459E+000
  0.81427457E+000
  0.81427455E+000
  0.81427454E+000
  0.81427452E+000
  0.81427450E+000
  0.81427448E+000
  0.81427446E+000
  0.81427444E+000
  0.81427442E+000
  0.81427440E+000
  0.81427439E+000
