  0.35664679E+000
  0.35671559E+000
  0.35679292E+000
  0.35685949E+000
  0.35691421E+000
  0.35695926E+000
  0.35699691E+000
  0.35702801E+000
  0.35705495E+000
  0.35707742E+000
  0.35709642E+000
  0.35711308E+000
  0.35712668E+000
  0.35713840E+000
  0.35714913E+000
  0.35715805E+000
  0.35716600E+000
  0.35717305E+000
  0.35717884E+000
  0.35718409E+000
  0.35718914E+000
  0.35719341E+000
  0.35719735E+000
  0.35720059E+000
  0.35720375E+000
  0.35720649E+000
  0.35720905E+000
  0.35721135E+000
  0.35721349E+000
  0.35721546E+000
  0.35721728E+000
  0.35721899E+000
  0.35722059E+000
  0.35722208E+000
  0.35722347E+000
  0.35722479E+000
  0.35722603E+000
  0.35722723E+000
  0.35722834E+000
  0.35722938E+000
  0.35723036E+000
  0.35723129E+000
  0.35723214E+000
  0.35723295E+000
  0.35723372E+000
  0.35723445E+000
  0.35723514E+000
  0.35723577E+000
  0.35723635E+000
  0.35723689E+000
  0.35723738E+000
  0.35723783E+000
  0.35723822E+000
  0.35723870E+000
  0.35723903E+000
  0.35723930E+000
  0.35723955E+000
  0.35723977E+000
  0.35723994E+000
  0.35724009E+000
  0.35724024E+000
  0.35724033E+000
  0.35724039E+000
  0.35724041E+000
  0.35724041E+000
  0.35724039E+000
  0.35724034E+000
  0.35724027E+000
  0.35724019E+000
  0.35724009E+000
  0.35723998E+000
  0.35723986E+000
  0.35723972E+000
  0.35723958E+000
  0.35723945E+000
  0.35723930E+000
  0.35723915E+000
  0.35723899E+000
  0.35723883E+000
  0.35723868E+000
  0.35723853E+000
  0.35723838E+000
  0.35723822E+000
  0.35723809E+000
  0.35723793E+000
  0.35723780E+000
  0.35723770E+000
  0.35723760E+000
  0.35723749E+000
  0.35723739E+000
  0.35723730E+000
  0.35723722E+000
  0.35723715E+000
  0.35723707E+000
  0.35723701E+000
  0.35723695E+000
  0.35723690E+000
  0.35723685E+000
  0.35723681E+000
  0.35723677E+000
  0.35723662E+000
  0.35723660E+000
  0.35723657E+000
  0.35723655E+000
  0.35723654E+000
  0.35723652E+000
  0.35723652E+000
  0.35723651E+000
  0.35723651E+000
  0.35723650E+000
  0.35723651E+000
  0.35723651E+000
  0.35723651E+000
  0.35723652E+000
  0.35723653E+000
  0.35723653E+000
  0.35723654E+000
  0.35723655E+000
  0.35723656E+000
  0.35723657E+000
  0.35723658E+000
  0.35723659E+000
  0.35723660E+000
  0.35723661E+000
  0.35723662E+000
  0.35723663E+000
  0.35723664E+000
  0.35723665E+000
  0.35723666E+000
  0.35723666E+000
  0.35723667E+000
  0.35723667E+000
  0.35723667E+000
  0.35723667E+000
  0.35723667E+000
  0.35723667E+000
  0.35723666E+000
  0.35723666E+000
  0.35723665E+000
  0.35723664E+000
  0.35723663E+000
  0.35723662E+000
  0.35723660E+000
  0.35723658E+000
  0.35723656E+000
  0.35723654E+000
  0.35723652E+000
  0.35723649E+000
  0.35723646E+000
  0.35723643E+000
  0.35723640E+000
  0.35723636E+000
  0.35723633E+000
  0.35723629E+000
  0.35723625E+000
  0.35723620E+000
  0.35723616E+000
  0.35723611E+000
  0.35723606E+000
  0.35723601E+000
  0.35723596E+000
  0.35723590E+000
  0.35723585E+000
  0.35723579E+000
  0.35723573E+000
  0.35723567E+000
  0.35723561E+000
  0.35723554E+000
  0.35723548E+000
  0.35723541E+000
  0.35723535E+000
  0.35723528E+000
  0.35723521E+000
  0.35723514E+000
  0.35723507E+000
  0.35723500E+000
  0.35723493E+000
  0.35723486E+000
  0.35723479E+000
  0.35723471E+000
  0.35723464E+000
  0.35723457E+000
  0.35723450E+000
  0.35723443E+000
  0.35723435E+000
  0.35723428E+000
  0.35723421E+000
  0.35723414E+000
  0.35723407E+000
  0.35723400E+000
  0.35723393E+000
  0.35723386E+000
  0.35723380E+000
  0.35723373E+000
  0.35723366E+000
  0.35723360E+000
  0.35723353E+000
  0.35723347E+000
  0.35723341E+000
  0.35723335E+000
