  0.88682554E+000
  0.88680171E+000
  0.88678431E+000
  0.88677142E+000
  0.88676183E+000
  0.88675472E+000
  0.88674955E+000
  0.88674588E+000
  0.88674341E+000
  0.88674191E+000
  0.88674116E+000
  0.88674102E+000
  0.88674137E+000
  0.88674210E+000
  0.88674315E+000
  0.88674444E+000
  0.88674593E+000
  0.88674757E+000
  0.88674932E+000
  0.88675117E+000
  0.88675309E+000
  0.88675505E+000
  0.88675704E+000
  0.88675906E+000
  0.88676109E+000
  0.88676311E+000
  0.88676513E+000
  0.88676714E+000
  0.88676913E+000
  0.88677110E+000
  0.88677305E+000
  0.88677497E+000
  0.88677686E+000
  0.88677872E+000
  0.88678055E+000
  0.88678235E+000
  0.88678411E+000
  0.88678584E+000
  0.88678753E+000
  0.88678918E+000
  0.88679080E+000
  0.88679237E+000
  0.88679391E+000
  0.88679540E+000
  0.88679685E+000
  0.88679826E+000
  0.88679963E+000
  0.88680095E+000
  0.88680223E+000
  0.88680346E+000
  0.88680464E+000
  0.88680578E+000
  0.88680687E+000
  0.88680791E+000
  0.88680891E+000
  0.88680986E+000
  0.88681076E+000
  0.88681161E+000
  0.88681242E+000
  0.88681319E+000
  0.88681391E+000
  0.88681458E+000
  0.88681522E+000
  0.88681581E+000
  0.88681637E+000
  0.88681688E+000
  0.88681736E+000
  0.88681781E+000
  0.88681822E+000
  0.88681860E+000
  0.88681896E+000
  0.88681928E+000
  0.88681958E+000
  0.88681986E+000
  0.88682011E+000
  0.88682034E+000
  0.88682055E+000
  0.88682075E+000
  0.88682093E+000
  0.88682109E+000
  0.88682124E+000
  0.88682138E+000
  0.88682151E+000
  0.88682163E+000
  0.88682175E+000
  0.88682185E+000
  0.88682195E+000
  0.88682205E+000
  0.88682214E+000
  0.88682223E+000
  0.88682232E+000
  0.88682240E+000
  0.88682248E+000
  0.88682257E+000
  0.88682265E+000
  0.88682273E+000
  0.88682281E+000
  0.88682289E+000
  0.88682297E+000
  0.88682305E+000
  0.88682313E+000
  0.88682321E+000
  0.88682329E+000
  0.88682337E+000
  0.88682345E+000
  0.88682353E+000
  0.88682361E+000
  0.88682370E+000
  0.88682378E+000
  0.88682386E+000
  0.88682394E+000
  0.88682403E+000
  0.88682411E+000
  0.88682419E+000
  0.88682427E+000
  0.88682436E+000
  0.88682444E+000
  0.88682452E+000
  0.88682460E+000
  0.88682469E+000
  0.88682477E+000
  0.88682485E+000
  0.88682493E+000
  0.88682500E+000
  0.88682508E+000
  0.88682516E+000
  0.88682524E+000
  0.88682531E+000
  0.88682538E+000
  0.88682546E+000
  0.88682553E+000
  0.88682560E+000
  0.88682566E+000
  0.88682573E+000
  0.88682579E+000
  0.88682586E+000
  0.88682592E+000
  0.88682598E+000
  0.88682604E+000
  0.88682609E+000
  0.88682614E+000
  0.88682619E+000
  0.88682624E+000
  0.88682629E+000
  0.88682633E+000
  0.88682638E+000
  0.88682642E+000
  0.88682645E+000
  0.88682649E+000
  0.88682652E+000
  0.88682655E+000
  0.88682658E+000
  0.88682661E+000
  0.88682663E+000
  0.88682666E+000
  0.88682668E+000
  0.88682669E+000
  0.88682671E+000
  0.88682672E+000
  0.88682673E+000
  0.88682674E+000
  0.88682675E+000
  0.88682676E+000
  0.88682676E+000
  0.88682676E+000
  0.88682676E+000
  0.88682676E+000
  0.88682676E+000
  0.88682676E+000
  0.88682675E+000
  0.88682675E+000
  0.88682674E+000
  0.88682673E+000
  0.88682672E+000
  0.88682671E+000
  0.88682669E+000
  0.88682668E+000
  0.88682667E+000
  0.88682665E+000
  0.88682664E+000
  0.88682662E+000
  0.88682660E+000
  0.88682659E+000
  0.88682657E+000
  0.88682655E+000
  0.88682653E+000
  0.88682651E+000
  0.88682649E+000
  0.88682647E+000
  0.88682645E+000
  0.88682643E+000
  0.88682641E+000
  0.88682639E+000
  0.88682637E+000
  0.88682635E+000
  0.88682633E+000
  0.88682630E+000
  0.88682628E+000
  0.88682626E+000
  0.88682624E+000
