  0.86193873E+000
  0.86153840E+000
  0.86128165E+000
  0.86110559E+000
  0.86098286E+000
  0.86089754E+000
  0.86084041E+000
  0.86080446E+000
  0.86078474E+000
  0.86077785E+000
  0.86078072E+000
  0.86079128E+000
  0.86080784E+000
  0.86082896E+000
  0.86085359E+000
  0.86088092E+000
  0.86091023E+000
  0.86094095E+000
  0.86097270E+000
  0.86100508E+000
  0.86103783E+000
  0.86107069E+000
  0.86110348E+000
  0.86113605E+000
  0.86116828E+000
  0.86120006E+000
  0.86123133E+000
  0.86126201E+000
  0.86129206E+000
  0.86132145E+000
  0.86135016E+000
  0.86137817E+000
  0.86140546E+000
  0.86143203E+000
  0.86145788E+000
  0.86148299E+000
  0.86150738E+000
  0.86153104E+000
  0.86155397E+000
  0.86157617E+000
  0.86159765E+000
  0.86161840E+000
  0.86163844E+000
  0.86165776E+000
  0.86167637E+000
  0.86169426E+000
  0.86171143E+000
  0.86172790E+000
  0.86174366E+000
  0.86175871E+000
  0.86177306E+000
  0.86178670E+000
  0.86179965E+000
  0.86181192E+000
  0.86182350E+000
  0.86183441E+000
  0.86184466E+000
  0.86185425E+000
  0.86186322E+000
  0.86187156E+000
  0.86187931E+000
  0.86188648E+000
  0.86189308E+000
  0.86189915E+000
  0.86190471E+000
  0.86190978E+000
  0.86191438E+000
  0.86191854E+000
  0.86192229E+000
  0.86192564E+000
  0.86192863E+000
  0.86193128E+000
  0.86193361E+000
  0.86193564E+000
  0.86193741E+000
  0.86193892E+000
  0.86194020E+000
  0.86194128E+000
  0.86194217E+000
  0.86194289E+000
  0.86194346E+000
  0.86194390E+000
  0.86194422E+000
  0.86194443E+000
  0.86194456E+000
  0.86194461E+000
  0.86194460E+000
  0.86194453E+000
  0.86194442E+000
  0.86194428E+000
  0.86194410E+000
  0.86194391E+000
  0.86194370E+000
  0.86194349E+000
  0.86194326E+000
  0.86194304E+000
  0.86194281E+000
  0.86194259E+000
  0.86194237E+000
  0.86194216E+000
  0.86194196E+000
  0.86194176E+000
  0.86194158E+000
  0.86194140E+000
  0.86194123E+000
  0.86194107E+000
  0.86194092E+000
  0.86194078E+000
  0.86194065E+000
  0.86194052E+000
  0.86194041E+000
  0.86194030E+000
  0.86194020E+000
  0.86194010E+000
  0.86194001E+000
  0.86193993E+000
  0.86193985E+000
  0.86193978E+000
  0.86193971E+000
  0.86193965E+000
  0.86193959E+000
  0.86193954E+000
  0.86193949E+000
  0.86193944E+000
  0.86193940E+000
  0.86193935E+000
  0.86193931E+000
  0.86193928E+000
  0.86193924E+000
  0.86193921E+000
  0.86193918E+000
  0.86193915E+000
  0.86193912E+000
  0.86193910E+000
  0.86193908E+000
  0.86193905E+000
  0.86193903E+000
  0.86193901E+000
  0.86193899E+000
  0.86193897E+000
  0.86193896E+000
  0.86193894E+000
  0.86193893E+000
  0.86193891E+000
  0.86193890E+000
  0.86193888E+000
  0.86193887E+000
  0.86193886E+000
  0.86193885E+000
  0.86193884E+000
  0.86193883E+000
  0.86193882E+000
  0.86193881E+000
  0.86193880E+000
  0.86193879E+000
  0.86193879E+000
  0.86193878E+000
  0.86193877E+000
  0.86193877E+000
  0.86193876E+000
  0.86193875E+000
  0.86193875E+000
  0.86193874E+000
  0.86193874E+000
  0.86193873E+000
  0.86193873E+000
  0.86193872E+000
  0.86193872E+000
  0.86193872E+000
  0.86193871E+000
  0.86193871E+000
  0.86193871E+000
  0.86193870E+000
  0.86193870E+000
  0.86193870E+000
  0.86193870E+000
  0.86193869E+000
  0.86193869E+000
  0.86193869E+000
  0.86193869E+000
  0.86193869E+000
  0.86193869E+000
  0.86193869E+000
  0.86193868E+000
  0.86193868E+000
  0.86193868E+000
  0.86193868E+000
  0.86193868E+000
  0.86193868E+000
  0.86193868E+000
  0.86193868E+000
  0.86193868E+000
  0.86193868E+000
  0.86193868E+000
  0.86193868E+000
  0.86193868E+000
  0.86193867E+000
  0.86193867E+000
  0.86193867E+000
  0.86193866E+000
