  0.11026458E+000
  0.10896595E+000
  0.10802702E+000
  0.10730409E+000
  0.10674028E+000
  0.10628746E+000
  0.10592377E+000
  0.10562836E+000
  0.10538414E+000
  0.10518538E+000
  0.10502141E+000
  0.10488578E+000
  0.10477429E+000
  0.10468182E+000
  0.10460480E+000
  0.10454123E+000
  0.10448872E+000
  0.10444491E+000
  0.10440908E+000
  0.10437943E+000
  0.10435530E+000
  0.10433556E+000
  0.10431952E+000
  0.10430668E+000
  0.10429637E+000
  0.10428823E+000
  0.10428185E+000
  0.10427695E+000
  0.10427325E+000
  0.10427054E+000
  0.10426863E+000
  0.10426738E+000
  0.10426665E+000
  0.10426635E+000
  0.10426637E+000
  0.10426667E+000
  0.10426717E+000
  0.10426785E+000
  0.10426866E+000
  0.10426958E+000
  0.10427058E+000
  0.10427166E+000
  0.10427279E+000
  0.10427398E+000
  0.10427521E+000
  0.10427649E+000
  0.10427780E+000
  0.10427915E+000
  0.10428053E+000
  0.10428194E+000
  0.10428338E+000
  0.10428485E+000
  0.10428635E+000
  0.10428787E+000
  0.10428942E+000
  0.10429099E+000
  0.10429257E+000
  0.10429417E+000
  0.10429579E+000
  0.10429741E+000
  0.10429904E+000
  0.10430068E+000
  0.10430232E+000
  0.10430396E+000
  0.10430560E+000
  0.10430724E+000
  0.10430888E+000
  0.10431050E+000
  0.10431211E+000
  0.10431371E+000
  0.10431529E+000
  0.10431685E+000
  0.10431839E+000
  0.10431989E+000
  0.10432137E+000
  0.10432282E+000
  0.10432422E+000
  0.10432559E+000
  0.10432691E+000
  0.10432819E+000
  0.10432941E+000
  0.10433059E+000
  0.10433172E+000
  0.10433280E+000
  0.10433383E+000
  0.10433481E+000
  0.10433573E+000
  0.10433661E+000
  0.10433744E+000
  0.10433822E+000
  0.10433896E+000
  0.10433965E+000
  0.10434030E+000
  0.10434091E+000
  0.10434148E+000
  0.10434202E+000
  0.10434252E+000
  0.10434298E+000
  0.10434342E+000
  0.10434382E+000
  0.10434420E+000
  0.10434454E+000
  0.10434487E+000
  0.10434517E+000
  0.10434544E+000
  0.10434570E+000
  0.10434593E+000
  0.10434615E+000
  0.10434634E+000
  0.10434653E+000
  0.10434669E+000
  0.10434684E+000
  0.10434698E+000
  0.10434710E+000
  0.10434722E+000
  0.10434732E+000
  0.10434741E+000
  0.10434749E+000
  0.10434757E+000
  0.10434763E+000
  0.10434769E+000
  0.10434774E+000
  0.10434779E+000
  0.10434783E+000
  0.10434786E+000
  0.10434789E+000
  0.10434792E+000
  0.10434794E+000
  0.10434796E+000
  0.10434797E+000
  0.10434799E+000
  0.10434799E+000
  0.10434800E+000
  0.10434801E+000
  0.10434801E+000
  0.10434801E+000
  0.10434801E+000
  0.10434801E+000
  0.10434801E+000
  0.10434800E+000
  0.10434800E+000
  0.10434799E+000
  0.10434799E+000
  0.10434798E+000
  0.10434798E+000
  0.10434797E+000
  0.10434797E+000
  0.10434796E+000
  0.10434795E+000
  0.10434795E+000
  0.10434794E+000
  0.10434794E+000
  0.10434793E+000
  0.10434793E+000
  0.10434792E+000
  0.10434792E+000
  0.10434791E+000
  0.10434791E+000
  0.10434790E+000
  0.10434790E+000
  0.10434790E+000
  0.10434789E+000
  0.10434789E+000
  0.10434789E+000
  0.10434788E+000
  0.10434788E+000
  0.10434788E+000
  0.10434788E+000
  0.10434788E+000
  0.10434788E+000
  0.10434787E+000
  0.10434787E+000
  0.10434787E+000
  0.10434787E+000
  0.10434787E+000
  0.10434787E+000
  0.10434787E+000
  0.10434787E+000
  0.10434787E+000
  0.10434787E+000
  0.10434787E+000
  0.10434787E+000
  0.10434787E+000
  0.10434787E+000
  0.10434787E+000
  0.10434787E+000
  0.10434787E+000
  0.10434787E+000
  0.10434787E+000
  0.10434787E+000
  0.10434787E+000
  0.10434787E+000
  0.10434787E+000
  0.10434787E+000
  0.10434787E+000
  0.10434787E+000
  0.10434787E+000
  0.10434787E+000
  0.10434787E+000
  0.10434787E+000
