 -0.93136838E+000 -0.83200798E+000 -0.54954850E+000 -0.18462065E+000 -0.52196989E-002  0.96542082E-003  0.91442160E+000  0.45470511E+001  0.88191833E+001  0.15860427E+002  0.21714189E+002
 -0.93062332E+000 -0.83104907E+000 -0.54802249E+000 -0.18274975E+000 -0.47494325E-002  0.10220391E-002  0.91579011E+000  0.45487306E+001  0.88206586E+001  0.15862485E+002  0.21715761E+002
 -0.93008273E+000 -0.83033801E+000 -0.54686555E+000 -0.18138727E+000 -0.46622914E-002  0.10308232E-002  0.91680063E+000  0.45500228E+001  0.88218032E+001  0.15864073E+002  0.21716978E+002
 -0.92969057E+000 -0.82980803E+000 -0.54598196E+000 -0.18038492E+000 -0.46779627E-002  0.10296208E-002  0.91755686E+000  0.45510327E+001  0.88227089E+001  0.15865322E+002  0.21717940E+002
 -0.92941077E+000 -0.82941795E+000 -0.54531069E+000 -0.17965446E+000 -0.47187684E-002  0.10257056E-002  0.91812187E+000  0.45518232E+001  0.88234303E+001  0.15866309E+002  0.21718706E+002
 -0.92921469E+000 -0.82913755E+000 -0.54480468E+000 -0.17913180E+000 -0.47655216E-002  0.10211655E-002  0.91854142E+000  0.45524399E+001  0.88240071E+001  0.15867094E+002  0.21719320E+002
 -0.92908410E+000 -0.82894348E+000 -0.54443059E+000 -0.17877172E+000 -0.48120813E-002  0.10165793E-002  0.91884686E+000  0.45529152E+001  0.88244668E+001  0.15867715E+002  0.21719811E+002
 -0.92900317E+000 -0.82881689E+000 -0.54416218E+000 -0.17853877E+000 -0.48552578E-002  0.10122995E-002  0.91906279E+000  0.45532760E+001  0.88248312E+001  0.15868205E+002  0.21720204E+002
 -0.92896016E+000 -0.82874263E+000 -0.54397839E+000 -0.17840667E+000 -0.48939585E-002  0.10083791E-002  0.91920769E+000  0.45535436E+001  0.88251169E+001  0.15868588E+002  0.21720518E+002
 -0.92894609E+000 -0.82870936E+000 -0.54386346E+000 -0.17835589E+000 -0.49288157E-002  0.10047489E-002  0.91929510E+000  0.45537344E+001  0.88253363E+001  0.15868883E+002  0.21720765E+002
 -0.92895340E+000 -0.82870730E+000 -0.54380350E+000 -0.17836894E+000 -0.49596541E-002  0.10014542E-002  0.91933692E+000  0.45538630E+001  0.88255008E+001  0.15869106E+002  0.21720959E+002
 -0.92897661E+000 -0.82872897E+000 -0.54378848E+000 -0.17843262E+000 -0.49869719E-002  0.99846256E-003  0.91934203E+000  0.45539408E+001  0.88256189E+001  0.15869269E+002  0.21721107E+002
 -0.92901155E+000 -0.82876854E+000 -0.54380996E+000 -0.17853630E+000 -0.50114440E-002  0.99572284E-003  0.91931759E+000  0.45539769E+001  0.88256981E+001  0.15869382E+002  0.21721218E+002
 -0.92905499E+000 -0.82882113E+000 -0.54386063E+000 -0.17867096E+000 -0.50333587E-002  0.99322102E-003  0.91926960E+000  0.45539790E+001  0.88257444E+001  0.15869453E+002  0.21721298E+002
 -0.92910440E+000 -0.82888327E+000 -0.54393482E+000 -0.17882962E+000 -0.50531328E-002  0.99092149E-003  0.91920271E+000  0.45539530E+001  0.88257632E+001  0.15869489E+002  0.21721352E+002
 -0.92915800E+000 -0.82895236E+000 -0.54402795E+000 -0.17900670E+000 -0.50711281E-002  0.98879023E-003  0.91912062E+000  0.45539037E+001  0.88257586E+001  0.15869495E+002  0.21721383E+002
 -0.92921449E+000 -0.82902609E+000 -0.54413605E+000 -0.17919736E+000 -0.50874769E-002  0.98681973E-003  0.91902652E+000  0.45538351E+001  0.88257343E+001  0.15869476E+002  0.21721395E+002
 -0.92927281E+000 -0.82910282E+000 -0.54425589E+000 -0.17939768E+000 -0.51023270E-002  0.98499874E-003  0.91892302E+000  0.45537507E+001  0.88256934E+001  0.15869435E+002  0.21721391E+002
 -0.92933226E+000 -0.82918142E+000 -0.54438500E+000 -0.17960472E+000 -0.51159116E-002  0.98330310E-003  0.91881208E+000  0.45536529E+001  0.88256384E+001  0.15869375E+002  0.21721373E+002
 -0.92939219E+000 -0.82926088E+000 -0.54452106E+000 -0.17981573E+000 -0.51282478E-002  0.98173652E-003  0.91869554E+000  0.45535441E+001  0.88255717E+001  0.15869299E+002  0.21721342E+002
 -0.92945220E+000 -0.82934059E+000 -0.54466236E+000 -0.18002868E+000 -0.51394922E-002  0.98028234E-003  0.91857477E+000  0.45534260E+001  0.88254948E+001  0.15869208E+002  0.21721301E+002
 -0.92951194E+000 -0.82942000E+000 -0.54480736E+000 -0.18024173E+000 -0.51496764E-002  0.97894018E-003  0.91845098E+000  0.45533003E+001  0.88254095E+001  0.15869106E+002  0.21721250E+002
 -0.92957122E+000 -0.82949879E+000 -0.54495486E+000 -0.18045348E+000 -0.51588908E-002  0.97770122E-003  0.91832514E+000  0.45531683E+001  0.88253169E+001  0.15868993E+002  0.21721191E+002
 -0.92962987E+000 -0.82957674E+000 -0.54510389E+000 -0.18066273E+000 -0.51672099E-002  0.97655859E-003  0.91819802E+000  0.45530310E+001  0.88252180E+001  0.15868871E+002  0.21721124E+002
 -0.92968778E+000 -0.82965368E+000 -0.54525360E+000 -0.18086846E+000 -0.51743462E-002  0.97554622E-003  0.91807032E+000  0.45528895E+001  0.88251138E+001  0.15868740E+002  0.21721050E+002
 -0.92974488E+000 -0.82972954E+000 -0.54540335E+000 -0.18106988E+000 -0.51803776E-002  0.97465624E-003  0.91794254E+000  0.45527445E+001  0.88250049E+001  0.15868602E+002  0.21720970E+002
 -0.92980115E+000 -0.82980428E+000 -0.54555260E+000 -0.18126631E+000 -0.51854665E-002  0.97387213E-003  0.91781514E+000  0.45525968E+001  0.88248920E+001  0.15868457E+002  0.21720884E+002
 -0.92985655E+000 -0.82987794E+000 -0.54570093E+000 -0.18145720E+000 -0.51897633E-002  0.97317828E-003  0.91768848E+000  0.45524468E+001  0.88247754E+001  0.15868306E+002  0.21720792E+002
 -0.92991109E+000 -0.82995052E+000 -0.54584799E+000 -0.18164211E+000 -0.51933953E-002  0.97256170E-003  0.91756286E+000  0.45522952E+001  0.88246555E+001  0.15868149E+002  0.21720695E+002
 -0.92996478E+000 -0.83002210E+000 -0.54599353E+000 -0.18182068E+000 -0.51964725E-002  0.97201102E-003  0.91743853E+000  0.45521424E+001  0.88245327E+001  0.15867987E+002  0.21720593E+002
 -0.93001763E+000 -0.83009272E+000 -0.54613733E+000 -0.18199266E+000 -0.51990873E-002  0.97151666E-003  0.91731569E+000  0.45519888E+001  0.88244072E+001  0.15867821E+002  0.21720485E+002
 -0.93006966E+000 -0.83016246E+000 -0.54627922E+000 -0.18215783E+000 -0.52013196E-002  0.97107020E-003  0.91719452E+000  0.45518347E+001  0.88242791E+001  0.15867651E+002  0.21720373E+002
 -0.93012088E+000 -0.83023139E+000 -0.54641908E+000 -0.18231607E+000 -0.52032334E-002  0.97066491E-003  0.91707515E+000  0.45516804E+001  0.88241487E+001  0.15867477E+002  0.21720256E+002
 -0.93017133E+000 -0.83029956E+000 -0.54655681E+000 -0.18246731E+000 -0.52048841E-002  0.97029487E-003  0.91695771E+000  0.45515261E+001  0.88240161E+001  0.15867299E+002  0.21720134E+002
 -0.93022101E+000 -0.83036703E+000 -0.54669232E+000 -0.18261152E+000 -0.52063175E-002  0.96995509E-003  0.91684231E+000  0.45513722E+001  0.88238815E+001  0.15867119E+002  0.21720007E+002
 -0.93026996E+000 -0.83043385E+000 -0.54682555E+000 -0.18274874E+000 -0.52075710E-002  0.96964150E-003  0.91672903E+000  0.45512188E+001  0.88237450E+001  0.15866936E+002  0.21719876E+002
 -0.93031817E+000 -0.83050006E+000 -0.54695643E+000 -0.18287905E+000 -0.52086754E-002  0.96935066E-003  0.91661798E+000  0.45510660E+001  0.88236067E+001  0.15866750E+002  0.21719739E+002
 -0.93036568E+000 -0.83056568E+000 -0.54708492E+000 -0.18300256E+000 -0.52096567E-002  0.96907964E-003  0.91650922E+000  0.45509141E+001  0.88234668E+001  0.15866563E+002  0.21719598E+002
 -0.93041246E+000 -0.83063071E+000 -0.54721093E+000 -0.18311941E+000 -0.52105337E-002  0.96882635E-003  0.91640284E+000  0.45507632E+001  0.88233254E+001  0.15866374E+002  0.21719453E+002
 -0.93045853E+000 -0.83069513E+000 -0.54733442E+000 -0.18322981E+000 -0.52113247E-002  0.96858863E-003  0.91629890E+000  0.45506135E+001  0.88231828E+001  0.15866184E+002  0.21719303E+002
 -0.93050388E+000 -0.83075894E+000 -0.54745530E+000 -0.18333393E+000 -0.52120412E-002  0.96836520E-003  0.91619747E+000  0.45504651E+001  0.88230391E+001  0.15865992E+002  0.21719149E+002
 -0.93054849E+000 -0.83082207E+000 -0.54757351E+000 -0.18343203E+000 -0.52126960E-002  0.96815449E-003  0.91609863E+000  0.45503181E+001  0.88228947E+001  0.15865800E+002  0.21718991E+002
 -0.93059234E+000 -0.83088448E+000 -0.54768894E+000 -0.18352432E+000 -0.52132964E-002  0.96795565E-003  0.91600245E+000  0.45501728E+001  0.88227497E+001  0.15865607E+002  0.21718829E+002
 -0.93063540E+000 -0.83094609E+000 -0.54780151E+000 -0.18361106E+000 -0.52138503E-002  0.96776770E-003  0.91590898E+000  0.45500292E+001  0.88226045E+001  0.15865414E+002  0.21718664E+002
 -0.93067764E+000 -0.83100681E+000 -0.54791111E+000 -0.18369249E+000 -0.52143621E-002  0.96759013E-003  0.91581829E+000  0.45498875E+001  0.88224593E+001  0.15865220E+002  0.21718496E+002
 -0.93071901E+000 -0.83106655E+000 -0.54801762E+000 -0.18376887E+000 -0.52148374E-002  0.96742220E-003  0.91573045E+000  0.45497479E+001  0.88223145E+001  0.15865027E+002  0.21718326E+002
 -0.93075946E+000 -0.83112518E+000 -0.54812093E+000 -0.18384044E+000 -0.52152783E-002  0.96726366E-003  0.91564552E+000  0.45496105E+001  0.88221703E+001  0.15864835E+002  0.21718154E+002
 -0.93079894E+000 -0.83118259E+000 -0.54822094E+000 -0.18390743E+000 -0.52156896E-002  0.96711384E-003  0.91556354E+000  0.45494756E+001  0.88220272E+001  0.15864643E+002  0.21717980E+002
 -0.93083739E+000 -0.83123866E+000 -0.54831751E+000 -0.18397008E+000 -0.52160721E-002  0.96697265E-003  0.91548457E+000  0.45493432E+001  0.88218855E+001  0.15864451E+002  0.21717806E+002
 -0.93087476E+000 -0.83129325E+000 -0.54841054E+000 -0.18402860E+000 -0.52164286E-002  0.96683966E-003  0.91540864E+000  0.45492135E+001  0.88217454E+001  0.15864261E+002  0.21717632E+002
 -0.93091098E+000 -0.83134625E+000 -0.54849992E+000 -0.18408320E+000 -0.52167602E-002  0.96671468E-003  0.91533579E+000  0.45490867E+001  0.88216073E+001  0.15864073E+002  0.21717458E+002
 -0.93094598E+000 -0.83139752E+000 -0.54858555E+000 -0.18413408E+000 -0.52170690E-002  0.96659736E-003  0.91526606E+000  0.45489630E+001  0.88214714E+001  0.15863886E+002  0.21717284E+002
 -0.93097972E+000 -0.83144695E+000 -0.54866736E+000 -0.18418142E+000 -0.52173567E-002  0.96648738E-003  0.91519944E+000  0.45488425E+001  0.88213381E+001  0.15863701E+002  0.21717113E+002
 -0.93101212E+000 -0.83149443E+000 -0.54874527E+000 -0.18422542E+000 -0.52176240E-002  0.96638455E-003  0.91513595E+000  0.45487254E+001  0.88212076E+001  0.15863519E+002  0.21716943E+002
 -0.93104314E+000 -0.83153985E+000 -0.54881922E+000 -0.18426623E+000 -0.52178716E-002  0.96628871E-003  0.91507559E+000  0.45486118E+001  0.88210801E+001  0.15863339E+002  0.21716776E+002
 -0.93107273E+000 -0.83158313E+000 -0.54888918E+000 -0.18430401E+000 -0.52181006E-002  0.96619954E-003  0.91501835E+000  0.45485018E+001  0.88209560E+001  0.15863162E+002  0.21716611E+002
 -0.93110085E+000 -0.83162421E+000 -0.54895512E+000 -0.18433891E+000 -0.52183117E-002  0.96611684E-003  0.91496419E+000  0.45483955E+001  0.88208352E+001  0.15862988E+002  0.21716451E+002
 -0.93112746E+000 -0.83166301E+000 -0.54901705E+000 -0.18437110E+000 -0.52185063E-002  0.96604027E-003  0.91491309E+000  0.45482931E+001  0.88207181E+001  0.15862818E+002  0.21716294E+002
 -0.93115255E+000 -0.83169952E+000 -0.54907500E+000 -0.18440070E+000 -0.52186850E-002  0.96596958E-003  0.91486500E+000  0.45481947E+001  0.88206048E+001  0.15862653E+002  0.21716141E+002
 -0.93117609E+000 -0.83173370E+000 -0.54912899E+000 -0.18442786E+000 -0.52188485E-002  0.96590450E-003  0.91481986E+000  0.45481002E+001  0.88204954E+001  0.15862491E+002  0.21715993E+002
 -0.93119810E+000 -0.83176557E+000 -0.54917911E+000 -0.18445272E+000 -0.52189981E-002  0.96584472E-003  0.91477761E+000  0.45480099E+001  0.88203901E+001  0.15862334E+002  0.21715850E+002
 -0.93121856E+000 -0.83179512E+000 -0.54922542E+000 -0.18447540E+000 -0.52191341E-002  0.96579000E-003  0.91473818E+000  0.45479236E+001  0.88202889E+001  0.15862183E+002  0.21715713E+002
 -0.93123751E+000 -0.83182241E+000 -0.54926803E+000 -0.18449603E+000 -0.52192573E-002  0.96574007E-003  0.91470148E+000  0.45478416E+001  0.88201920E+001  0.15862036E+002  0.21715580E+002
 -0.93125496E+000 -0.83184747E+000 -0.54930705E+000 -0.18451474E+000 -0.52193686E-002  0.96569460E-003  0.91466741E+000  0.45477637E+001  0.88200995E+001  0.15861896E+002  0.21715454E+002
 -0.93127096E+000 -0.83187037E+000 -0.54934262E+000 -0.18453165E+000 -0.52194689E-002  0.96565333E-003  0.91463590E+000  0.45476899E+001  0.88200113E+001  0.15861761E+002  0.21715334E+002
 -0.93128554E+000 -0.83189119E+000 -0.54937488E+000 -0.18454686E+000 -0.52195584E-002  0.96561606E-003  0.91460683E+000  0.45476204E+001  0.88199276E+001  0.15861632E+002  0.21715219E+002
 -0.93129877E+000 -0.83191001E+000 -0.54940399E+000 -0.18456050E+000 -0.52196383E-002  0.96558244E-003  0.91458011E+000  0.45475550E+001  0.88198484E+001  0.15861510E+002  0.21715111E+002
 -0.93131068E+000 -0.83192692E+000 -0.54943010E+000 -0.18457266E+000 -0.52197084E-002  0.96555236E-003  0.91455563E+000  0.45474937E+001  0.88197737E+001  0.15861394E+002  0.21715009E+002
 -0.93132136E+000 -0.83194204E+000 -0.54945338E+000 -0.18458345E+000 -0.52197702E-002  0.96552542E-003  0.91453327E+000  0.45474364E+001  0.88197034E+001  0.15861285E+002  0.21714913E+002
 -0.93133087E+000 -0.83195546E+000 -0.54947402E+000 -0.18459297E+000 -0.52198236E-002  0.96550155E-003  0.91451294E+000  0.45473832E+001  0.88196377E+001  0.15861182E+002  0.21714824E+002
 -0.93133928E+000 -0.83196729E+000 -0.54949218E+000 -0.18460131E+000 -0.52198694E-002  0.96548046E-003  0.91449453E+000  0.45473338E+001  0.88195765E+001  0.15861086E+002  0.21714741E+002
 -0.93134665E+000 -0.83197766E+000 -0.54950804E+000 -0.18460856E+000 -0.52199078E-002  0.96546199E-003  0.91447793E+000  0.45472883E+001  0.88195196E+001  0.15860997E+002  0.21714664E+002
 -0.93135306E+000 -0.83198666E+000 -0.54952177E+000 -0.18461480E+000 -0.52199397E-002  0.96544592E-003  0.91446303E+000  0.45472465E+001  0.88194671E+001  0.15860915E+002  0.21714593E+002
 -0.93135860E+000 -0.83199441E+000 -0.54953355E+000 -0.18462013E+000 -0.52199652E-002  0.96543211E-003  0.91444972E+000  0.45472084E+001  0.88194188E+001  0.15860839E+002  0.21714527E+002
 -0.93136332E+000 -0.83200101E+000 -0.54954355E+000 -0.18462461E+000 -0.52199852E-002  0.96542032E-003  0.91443792E+000  0.45471737E+001  0.88193747E+001  0.15860769E+002  0.21714468E+002
 -0.93136730E+000 -0.83200658E+000 -0.54955193E+000 -0.18462833E+000 -0.52199995E-002  0.96541047E-003  0.91442751E+000  0.45471424E+001  0.88193346E+001  0.15860706E+002  0.21714414E+002
 -0.93137062E+000 -0.83201121E+000 -0.54955885E+000 -0.18463136E+000 -0.52200093E-002  0.96540230E-003  0.91441841E+000  0.45471143E+001  0.88192983E+001  0.15860649E+002  0.21714366E+002
 -0.93137333E+000 -0.83201500E+000 -0.54956445E+000 -0.18463376E+000 -0.52200146E-002  0.96539573E-003  0.91441050E+000  0.45470893E+001  0.88192658E+001  0.15860597E+002  0.21714322E+002
 -0.93137551E+000 -0.83201804E+000 -0.54956889E+000 -0.18463561E+000 -0.52200161E-002  0.96539055E-003  0.91440371E+000  0.45470672E+001  0.88192368E+001  0.15860552E+002  0.21714283E+002
 -0.93137722E+000 -0.83202043E+000 -0.54957230E+000 -0.18463696E+000 -0.52200140E-002  0.96538668E-003  0.91439793E+000  0.45470478E+001  0.88192112E+001  0.15860511E+002  0.21714249E+002
 -0.93137851E+000 -0.83202223E+000 -0.54957481E+000 -0.18463789E+000 -0.52200091E-002  0.96538391E-003  0.91439309E+000  0.45470309E+001  0.88191887E+001  0.15860475E+002  0.21714219E+002
 -0.93137945E+000 -0.83202353E+000 -0.54957654E+000 -0.18463844E+000 -0.52200017E-002  0.96538212E-003  0.91438909E+000  0.45470164E+001  0.88191691E+001  0.15860444E+002  0.21714193E+002
 -0.93138007E+000 -0.83202440E+000 -0.54957760E+000 -0.18463867E+000 -0.52199920E-002  0.96538122E-003  0.91438586E+000  0.45470042E+001  0.88191523E+001  0.15860417E+002  0.21714170E+002
 -0.93138043E+000 -0.83202490E+000 -0.54957809E+000 -0.18463863E+000 -0.52199808E-002  0.96538103E-003  0.91438332E+000  0.45469939E+001  0.88191381E+001  0.15860395E+002  0.21714151E+002
 -0.93138056E+000 -0.83202509E+000 -0.54957811E+000 -0.18463837E+000 -0.52199682E-002  0.96538150E-003  0.91438139E+000  0.45469855E+001  0.88191261E+001  0.15860375E+002  0.21714135E+002
 -0.93138052E+000 -0.83202503E+000 -0.54957774E+000 -0.18463791E+000 -0.52199546E-002  0.96538246E-003  0.91438000E+000  0.45469787E+001  0.88191163E+001  0.15860359E+002  0.21714121E+002
 -0.93138032E+000 -0.83202475E+000 -0.54957705E+000 -0.18463731E+000 -0.52199401E-002  0.96538389E-003  0.91437909E+000  0.45469734E+001  0.88191084E+001  0.15860346E+002  0.21714110E+002
 -0.93138001E+000 -0.83202431E+000 -0.54957611E+000 -0.18463660E+000 -0.52199255E-002  0.96538562E-003  0.91437859E+000  0.45469694E+001  0.88191021E+001  0.15860335E+002  0.21714101E+002
 -0.93137961E+000 -0.83202373E+000 -0.54957498E+000 -0.18463579E+000 -0.52199104E-002  0.96538764E-003  0.91437845E+000  0.45469666E+001  0.88190974E+001  0.15860327E+002  0.21714095E+002
 -0.93137913E+000 -0.83202306E+000 -0.54957371E+000 -0.18463493E+000 -0.52198954E-002  0.96538985E-003  0.91437861E+000  0.45469648E+001  0.88190940E+001  0.15860321E+002  0.21714089E+002
 -0.93137861E+000 -0.83202232E+000 -0.54957234E+000 -0.18463402E+000 -0.52198806E-002  0.96539219E-003  0.91437903E+000  0.45469639E+001  0.88190917E+001  0.15860316E+002  0.21714085E+002
 -0.93137806E+000 -0.83202153E+000 -0.54957091E+000 -0.18463310E+000 -0.52198660E-002  0.96539464E-003  0.91437965E+000  0.45469637E+001  0.88190904E+001  0.15860313E+002  0.21714083E+002
 -0.93137749E+000 -0.83202071E+000 -0.54956946E+000 -0.18463216E+000 -0.52198517E-002  0.96539713E-003  0.91438045E+000  0.45469641E+001  0.88190900E+001  0.15860312E+002  0.21714081E+002
 -0.93137691E+000 -0.83201988E+000 -0.54956799E+000 -0.18463124E+000 -0.52198380E-002  0.96539961E-003  0.91438138E+000  0.45469651E+001  0.88190902E+001  0.15860311E+002  0.21714081E+002
 -0.93137633E+000 -0.83201905E+000 -0.54956654E+000 -0.18463033E+000 -0.52198248E-002  0.96540207E-003  0.91438242E+000  0.45469664E+001  0.88190911E+001  0.15860311E+002  0.21714081E+002
 -0.93137576E+000 -0.83201823E+000 -0.54956512E+000 -0.18462944E+000 -0.52198121E-002  0.96540450E-003  0.91438353E+000  0.45469681E+001  0.88190924E+001  0.15860312E+002  0.21714082E+002
 -0.93137521E+000 -0.83201743E+000 -0.54956375E+000 -0.18462858E+000 -0.52198001E-002  0.96540684E-003  0.91438470E+000  0.45469701E+001  0.88190941E+001  0.15860313E+002  0.21714083E+002
 -0.93137467E+000 -0.83201665E+000 -0.54956243E+000 -0.18462776E+000 -0.52197887E-002  0.96540910E-003  0.91438590E+000  0.45469723E+001  0.88190960E+001  0.15860315E+002  0.21714084E+002
 -0.93137416E+000 -0.83201591E+000 -0.54956116E+000 -0.18462698E+000 -0.52197779E-002  0.96541126E-003  0.91438711E+000  0.45469746E+001  0.88190982E+001  0.15860318E+002  0.21714086E+002
 -0.93137367E+000 -0.83201520E+000 -0.54955996E+000 -0.18462623E+000 -0.52197677E-002  0.96541333E-003  0.91438832E+000  0.45469769E+001  0.88191006E+001  0.15860320E+002  0.21714088E+002
 -0.93137321E+000 -0.83201453E+000 -0.54955882E+000 -0.18462552E+000 -0.52197581E-002  0.96541527E-003  0.91438953E+000  0.45469794E+001  0.88191030E+001  0.15860323E+002  0.21714091E+002
 -0.93137277E+000 -0.83201390E+000 -0.54955775E+000 -0.18462486E+000 -0.52197492E-002  0.96541710E-003  0.91439071E+000  0.45469818E+001  0.88191055E+001  0.15860326E+002  0.21714093E+002
 -0.93137236E+000 -0.83201330E+000 -0.54955674E+000 -0.18462424E+000 -0.52197408E-002  0.96541881E-003  0.91439187E+000  0.45469842E+001  0.88191081E+001  0.15860329E+002  0.21714096E+002
 -0.93137198E+000 -0.83201274E+000 -0.54955580E+000 -0.18462365E+000 -0.52197330E-002  0.96542040E-003  0.91439299E+000  0.45469866E+001  0.88191106E+001  0.15860332E+002  0.21714098E+002
 -0.93137162E+000 -0.83201221E+000 -0.54955492E+000 -0.18462311E+000 -0.52197258E-002  0.96542188E-003  0.91439407E+000  0.45469890E+001  0.88191131E+001  0.15860335E+002  0.21714101E+002
 -0.93137128E+000 -0.83201172E+000 -0.54955411E+000 -0.18462260E+000 -0.52197192E-002  0.96542322E-003  0.91439512E+000  0.45469912E+001  0.88191155E+001  0.15860338E+002  0.21714103E+002
 -0.93137097E+000 -0.83201127E+000 -0.54955335E+000 -0.18462213E+000 -0.52197130E-002  0.96542447E-003  0.91439612E+000  0.45469934E+001  0.88191179E+001  0.15860341E+002  0.21714106E+002
 -0.93137068E+000 -0.83201085E+000 -0.54955266E+000 -0.18462170E+000 -0.52197073E-002  0.96542560E-003  0.91439708E+000  0.45469955E+001  0.88191202E+001  0.15860343E+002  0.21714108E+002
 -0.93137041E+000 -0.83201046E+000 -0.54955201E+000 -0.18462130E+000 -0.52197022E-002  0.96542662E-003  0.91439800E+000  0.45469976E+001  0.88191224E+001  0.15860346E+002  0.21714110E+002
 -0.93137016E+000 -0.83201010E+000 -0.54955142E+000 -0.18462093E+000 -0.52196974E-002  0.96542755E-003  0.91439888E+000  0.45469995E+001  0.88191246E+001  0.15860349E+002  0.21714113E+002
 -0.93136993E+000 -0.83200977E+000 -0.54955088E+000 -0.18462059E+000 -0.52196931E-002  0.96542838E-003  0.91439971E+000  0.45470013E+001  0.88191266E+001  0.15860351E+002  0.21714115E+002
 -0.93136972E+000 -0.83200947E+000 -0.54955038E+000 -0.18462028E+000 -0.52196893E-002  0.96542911E-003  0.91440051E+000  0.45470031E+001  0.88191286E+001  0.15860354E+002  0.21714117E+002
 -0.93136953E+000 -0.83200919E+000 -0.54954992E+000 -0.18462000E+000 -0.52196857E-002  0.96542976E-003  0.91440127E+000  0.45470048E+001  0.88191305E+001  0.15860356E+002  0.21714119E+002
 -0.93136935E+000 -0.83200893E+000 -0.54954951E+000 -0.18461975E+000 -0.52196826E-002  0.96543033E-003  0.91440199E+000  0.45470064E+001  0.88191323E+001  0.15860359E+002  0.21714121E+002
 -0.93136919E+000 -0.83200870E+000 -0.54954913E+000 -0.18461952E+000 -0.52196798E-002  0.96543083E-003  0.91440268E+000  0.45470079E+001  0.88191340E+001  0.15860361E+002  0.21714123E+002
 -0.93136904E+000 -0.83200849E+000 -0.54954879E+000 -0.18461931E+000 -0.52196773E-002  0.96543126E-003  0.91440334E+000  0.45470094E+001  0.88191356E+001  0.15860363E+002  0.21714125E+002
 -0.93136891E+000 -0.83200830E+000 -0.54954848E+000 -0.18461912E+000 -0.52196751E-002  0.96543163E-003  0.91440397E+000  0.45470108E+001  0.88191372E+001  0.15860365E+002  0.21714127E+002
 -0.93136879E+000 -0.83200813E+000 -0.54954821E+000 -0.18461895E+000 -0.52196732E-002  0.96543194E-003  0.91440457E+000  0.45470121E+001  0.88191387E+001  0.15860367E+002  0.21714128E+002
 -0.93136868E+000 -0.83200798E+000 -0.54954796E+000 -0.18461881E+000 -0.52196715E-002  0.96543220E-003  0.91440515E+000  0.45470134E+001  0.88191401E+001  0.15860369E+002  0.21714130E+002
 -0.93136858E+000 -0.83200784E+000 -0.54954774E+000 -0.18461868E+000 -0.52196701E-002  0.96543240E-003  0.91440570E+000  0.45470146E+001  0.88191415E+001  0.15860371E+002  0.21714132E+002
 -0.93136849E+000 -0.83200772E+000 -0.54954754E+000 -0.18461856E+000 -0.52196689E-002  0.96543257E-003  0.91440624E+000  0.45470157E+001  0.88191428E+001  0.15860373E+002  0.21714133E+002
 -0.93136841E+000 -0.83200761E+000 -0.54954737E+000 -0.18461847E+000 -0.52196679E-002  0.96543270E-003  0.91440676E+000  0.45470169E+001  0.88191441E+001  0.15860374E+002  0.21714135E+002
 -0.93136833E+000 -0.83200751E+000 -0.54954722E+000 -0.18461838E+000 -0.52196671E-002  0.96543279E-003  0.91440725E+000  0.45470179E+001  0.88191454E+001  0.15860376E+002  0.21714136E+002
 -0.93136827E+000 -0.83200743E+000 -0.54954709E+000 -0.18461832E+000 -0.52196664E-002  0.96543285E-003  0.91440773E+000  0.45470190E+001  0.88191465E+001  0.15860378E+002  0.21714138E+002
 -0.93136821E+000 -0.83200735E+000 -0.54954697E+000 -0.18461826E+000 -0.52196659E-002  0.96543289E-003  0.91440820E+000  0.45470200E+001  0.88191477E+001  0.15860379E+002  0.21714139E+002
 -0.93136817E+000 -0.83200729E+000 -0.54954688E+000 -0.18461822E+000 -0.52196656E-002  0.96543290E-003  0.91440866E+000  0.45470209E+001  0.88191488E+001  0.15860381E+002  0.21714141E+002
 -0.93136812E+000 -0.83200724E+000 -0.54954680E+000 -0.18461818E+000 -0.52196654E-002  0.96543288E-003  0.91440910E+000  0.45470219E+001  0.88191499E+001  0.15860382E+002  0.21714142E+002
 -0.93136809E+000 -0.83200719E+000 -0.54954673E+000 -0.18461816E+000 -0.52196653E-002  0.96543286E-003  0.91440953E+000  0.45470228E+001  0.88191509E+001  0.15860384E+002  0.21714143E+002
 -0.93136806E+000 -0.83200716E+000 -0.54954668E+000 -0.18461815E+000 -0.52196653E-002  0.96543281E-003  0.91440995E+000  0.45470236E+001  0.88191520E+001  0.15860385E+002  0.21714144E+002
 -0.93136803E+000 -0.83200713E+000 -0.54954664E+000 -0.18461814E+000 -0.52196654E-002  0.96543275E-003  0.91441036E+000  0.45470245E+001  0.88191530E+001  0.15860387E+002  0.21714146E+002
 -0.93136801E+000 -0.83200711E+000 -0.54954661E+000 -0.18461815E+000 -0.52196656E-002  0.96543267E-003  0.91441076E+000  0.45470253E+001  0.88191539E+001  0.15860388E+002  0.21714147E+002
 -0.93136799E+000 -0.83200709E+000 -0.54954660E+000 -0.18461816E+000 -0.52196659E-002  0.96543258E-003  0.91441115E+000  0.45470262E+001  0.88191549E+001  0.15860389E+002  0.21714148E+002
 -0.93136798E+000 -0.83200708E+000 -0.54954659E+000 -0.18461818E+000 -0.52196663E-002  0.96543249E-003  0.91441154E+000  0.45470270E+001  0.88191558E+001  0.15860391E+002  0.21714149E+002
 -0.93136797E+000 -0.83200708E+000 -0.54954659E+000 -0.18461821E+000 -0.52196667E-002  0.96543238E-003  0.91441191E+000  0.45470278E+001  0.88191567E+001  0.15860392E+002  0.21714150E+002
 -0.93136796E+000 -0.83200708E+000 -0.54954660E+000 -0.18461824E+000 -0.52196672E-002  0.96543227E-003  0.91441228E+000  0.45470285E+001  0.88191576E+001  0.15860393E+002  0.21714151E+002
 -0.93136796E+000 -0.83200708E+000 -0.54954661E+000 -0.18461828E+000 -0.52196678E-002  0.96543215E-003  0.91441265E+000  0.45470293E+001  0.88191585E+001  0.15860395E+002  0.21714152E+002
 -0.93136796E+000 -0.83200709E+000 -0.54954664E+000 -0.18461832E+000 -0.52196684E-002  0.96543202E-003  0.91441300E+000  0.45470300E+001  0.88191594E+001  0.15860396E+002  0.21714154E+002
 -0.93136796E+000 -0.83200710E+000 -0.54954666E+000 -0.18461836E+000 -0.52196690E-002  0.96543189E-003  0.91441335E+000  0.45470307E+001  0.88191603E+001  0.15860397E+002  0.21714155E+002
 -0.93136796E+000 -0.83200712E+000 -0.54954670E+000 -0.18461841E+000 -0.52196697E-002  0.96543175E-003  0.91441370E+000  0.45470315E+001  0.88191611E+001  0.15860398E+002  0.21714156E+002
 -0.93136797E+000 -0.83200713E+000 -0.54954673E+000 -0.18461847E+000 -0.52196704E-002  0.96543160E-003  0.91441403E+000  0.45470322E+001  0.88191619E+001  0.15860399E+002  0.21714157E+002
 -0.93136797E+000 -0.83200715E+000 -0.54954678E+000 -0.18461852E+000 -0.52196711E-002  0.96543145E-003  0.91441436E+000  0.45470329E+001  0.88191628E+001  0.15860401E+002  0.21714158E+002
 -0.93136798E+000 -0.83200717E+000 -0.54954682E+000 -0.18461858E+000 -0.52196719E-002  0.96543130E-003  0.91441469E+000  0.45470335E+001  0.88191636E+001  0.15860402E+002  0.21714159E+002
 -0.93136799E+000 -0.83200720E+000 -0.54954687E+000 -0.18461864E+000 -0.52196726E-002  0.96543114E-003  0.91441500E+000  0.45470342E+001  0.88191643E+001  0.15860403E+002  0.21714160E+002
 -0.93136800E+000 -0.83200722E+000 -0.54954692E+000 -0.18461870E+000 -0.52196734E-002  0.96543098E-003  0.91441531E+000  0.45470348E+001  0.88191651E+001  0.15860404E+002  0.21714161E+002
 -0.93136801E+000 -0.83200725E+000 -0.54954697E+000 -0.18461877E+000 -0.52196742E-002  0.96543081E-003  0.91441562E+000  0.45470355E+001  0.88191659E+001  0.15860405E+002  0.21714161E+002
 -0.93136803E+000 -0.83200727E+000 -0.54954702E+000 -0.18461883E+000 -0.52196751E-002  0.96543063E-003  0.91441591E+000  0.45470361E+001  0.88191666E+001  0.15860406E+002  0.21714162E+002
 -0.93136804E+000 -0.83200730E+000 -0.54954708E+000 -0.18461890E+000 -0.52196759E-002  0.96543046E-003  0.91441620E+000  0.45470367E+001  0.88191674E+001  0.15860407E+002  0.21714163E+002
 -0.93136805E+000 -0.83200733E+000 -0.54954713E+000 -0.18461896E+000 -0.52196767E-002  0.96543028E-003  0.91441648E+000  0.45470373E+001  0.88191681E+001  0.15860408E+002  0.21714164E+002
 -0.93136807E+000 -0.83200735E+000 -0.54954719E+000 -0.18461903E+000 -0.52196775E-002  0.96543009E-003  0.91441676E+000  0.45470379E+001  0.88191688E+001  0.15860409E+002  0.21714165E+002
 -0.93136808E+000 -0.83200738E+000 -0.54954724E+000 -0.18461910E+000 -0.52196783E-002  0.96542990E-003  0.91441703E+000  0.45470385E+001  0.88191695E+001  0.15860410E+002  0.21714166E+002
 -0.93136809E+000 -0.83200741E+000 -0.54954730E+000 -0.18461916E+000 -0.52196792E-002  0.96542971E-003  0.91441729E+000  0.45470391E+001  0.88191702E+001  0.15860411E+002  0.21714167E+002
 -0.93136811E+000 -0.83200744E+000 -0.54954735E+000 -0.18461923E+000 -0.52196800E-002  0.96542951E-003  0.91441754E+000  0.45470396E+001  0.88191709E+001  0.15860412E+002  0.21714168E+002
 -0.93136812E+000 -0.83200746E+000 -0.54954741E+000 -0.18461929E+000 -0.52196808E-002  0.96542931E-003  0.91441779E+000  0.45470402E+001  0.88191715E+001  0.15860413E+002  0.21714168E+002
 -0.93136814E+000 -0.83200749E+000 -0.54954746E+000 -0.18461935E+000 -0.52196815E-002  0.96542911E-003  0.91441803E+000  0.45470407E+001  0.88191721E+001  0.15860414E+002  0.21714169E+002
 -0.93136815E+000 -0.83200752E+000 -0.54954751E+000 -0.18461941E+000 -0.52196823E-002  0.96542890E-003  0.91441826E+000  0.45470412E+001  0.88191728E+001  0.15860415E+002  0.21714170E+002
 -0.93136816E+000 -0.83200754E+000 -0.54954756E+000 -0.18461947E+000 -0.52196831E-002  0.96542870E-003  0.91441848E+000  0.45470417E+001  0.88191734E+001  0.15860416E+002  0.21714171E+002
 -0.93136818E+000 -0.83200757E+000 -0.54954762E+000 -0.18461953E+000 -0.52196838E-002  0.96542849E-003  0.91441870E+000  0.45470422E+001  0.88191740E+001  0.15860417E+002  0.21714171E+002
 -0.93136819E+000 -0.83200759E+000 -0.54954766E+000 -0.18461959E+000 -0.52196845E-002  0.96542827E-003  0.91441891E+000  0.45470426E+001  0.88191745E+001  0.15860417E+002  0.21714172E+002
 -0.93136820E+000 -0.83200762E+000 -0.54954771E+000 -0.18461965E+000 -0.52196853E-002  0.96542806E-003  0.91441911E+000  0.45470431E+001  0.88191751E+001  0.15860418E+002  0.21714173E+002
 -0.93136821E+000 -0.83200764E+000 -0.54954776E+000 -0.18461970E+000 -0.52196859E-002  0.96542785E-003  0.91441930E+000  0.45470435E+001  0.88191756E+001  0.15860419E+002  0.21714174E+002
 -0.93136822E+000 -0.83200766E+000 -0.54954780E+000 -0.18461975E+000 -0.52196866E-002  0.96542763E-003  0.91441949E+000  0.45470439E+001  0.88191761E+001  0.15860420E+002  0.21714174E+002
 -0.93136823E+000 -0.83200768E+000 -0.54954784E+000 -0.18461980E+000 -0.52196873E-002  0.96542742E-003  0.91441967E+000  0.45470444E+001  0.88191766E+001  0.15860420E+002  0.21714175E+002
 -0.93136825E+000 -0.83200770E+000 -0.54954789E+000 -0.18461985E+000 -0.52196879E-002  0.96542720E-003  0.91441984E+000  0.45470448E+001  0.88191771E+001  0.15860421E+002  0.21714175E+002
 -0.93136826E+000 -0.83200772E+000 -0.54954792E+000 -0.18461990E+000 -0.52196885E-002  0.96542699E-003  0.91442000E+000  0.45470451E+001  0.88191776E+001  0.15860422E+002  0.21714176E+002
 -0.93136826E+000 -0.83200774E+000 -0.54954796E+000 -0.18461994E+000 -0.52196891E-002  0.96542677E-003  0.91442016E+000  0.45470455E+001  0.88191780E+001  0.15860422E+002  0.21714177E+002
 -0.93136827E+000 -0.83200776E+000 -0.54954800E+000 -0.18461998E+000 -0.52196896E-002  0.96542656E-003  0.91442031E+000  0.45470458E+001  0.88191784E+001  0.15860423E+002  0.21714177E+002
 -0.93136828E+000 -0.83200777E+000 -0.54954803E+000 -0.18462002E+000 -0.52196902E-002  0.96542635E-003  0.91442045E+000  0.45470462E+001  0.88191788E+001  0.15860424E+002  0.21714178E+002
 -0.93136829E+000 -0.83200779E+000 -0.54954806E+000 -0.18462006E+000 -0.52196907E-002  0.96542614E-003  0.91442059E+000  0.45470465E+001  0.88191792E+001  0.15860424E+002  0.21714178E+002
 -0.93136830E+000 -0.83200780E+000 -0.54954810E+000 -0.18462010E+000 -0.52196912E-002  0.96542594E-003  0.91442072E+000  0.45470468E+001  0.88191796E+001  0.15860425E+002  0.21714179E+002
 -0.93136831E+000 -0.83200782E+000 -0.54954812E+000 -0.18462014E+000 -0.52196917E-002  0.96542573E-003  0.91442085E+000  0.45470471E+001  0.88191799E+001  0.15860425E+002  0.21714179E+002
 -0.93136831E+000 -0.83200783E+000 -0.54954815E+000 -0.18462017E+000 -0.52196921E-002  0.96542553E-003  0.91442096E+000  0.45470474E+001  0.88191803E+001  0.15860426E+002  0.21714180E+002
 -0.93136832E+000 -0.83200784E+000 -0.54954818E+000 -0.18462020E+000 -0.52196925E-002  0.96542534E-003  0.91442107E+000  0.45470477E+001  0.88191806E+001  0.15860426E+002  0.21714180E+002
 -0.93136833E+000 -0.83200786E+000 -0.54954820E+000 -0.18462023E+000 -0.52196930E-002  0.96542514E-003  0.91442118E+000  0.45470479E+001  0.88191809E+001  0.15860427E+002  0.21714181E+002
 -0.93136833E+000 -0.83200787E+000 -0.54954823E+000 -0.18462026E+000 -0.52196933E-002  0.96542495E-003  0.91442128E+000  0.45470482E+001  0.88191812E+001  0.15860427E+002  0.21714181E+002
 -0.93136834E+000 -0.83200788E+000 -0.54954825E+000 -0.18462029E+000 -0.52196937E-002  0.96542477E-003  0.91442137E+000  0.45470484E+001  0.88191815E+001  0.15860427E+002  0.21714181E+002
 -0.93136834E+000 -0.83200789E+000 -0.54954827E+000 -0.18462031E+000 -0.52196941E-002  0.96542459E-003  0.91442146E+000  0.45470486E+001  0.88191817E+001  0.15860428E+002  0.21714182E+002
 -0.93136835E+000 -0.83200789E+000 -0.54954829E+000 -0.18462034E+000 -0.52196944E-002  0.96542441E-003  0.91442154E+000  0.45470488E+001  0.88191820E+001  0.15860428E+002  0.21714182E+002
 -0.93136835E+000 -0.83200790E+000 -0.54954830E+000 -0.18462036E+000 -0.52196947E-002  0.96542424E-003  0.91442162E+000  0.45470490E+001  0.88191822E+001  0.15860428E+002  0.21714183E+002
 -0.93136835E+000 -0.83200791E+000 -0.54954832E+000 -0.18462038E+000 -0.52196950E-002  0.96542408E-003  0.91442169E+000  0.45470492E+001  0.88191824E+001  0.15860429E+002  0.21714183E+002
 -0.93136836E+000 -0.83200792E+000 -0.54954833E+000 -0.18462040E+000 -0.52196953E-002  0.96542392E-003  0.91442176E+000  0.45470494E+001  0.88191826E+001  0.15860429E+002  0.21714183E+002
 -0.93136836E+000 -0.83200792E+000 -0.54954835E+000 -0.18462042E+000 -0.52196955E-002  0.96542376E-003  0.91442182E+000  0.45470496E+001  0.88191828E+001  0.15860429E+002  0.21714183E+002
 -0.93136836E+000 -0.83200793E+000 -0.54954836E+000 -0.18462043E+000 -0.52196958E-002  0.96542361E-003  0.91442188E+000  0.45470497E+001  0.88191830E+001  0.15860429E+002  0.21714184E+002
 -0.93136837E+000 -0.83200793E+000 -0.54954837E+000 -0.18462045E+000 -0.52196960E-002  0.96542347E-003  0.91442193E+000  0.45470499E+001  0.88191831E+001  0.15860430E+002  0.21714184E+002
 -0.93136837E+000 -0.83200794E+000 -0.54954838E+000 -0.18462047E+000 -0.52196962E-002  0.96542333E-003  0.91442198E+000  0.45470500E+001  0.88191833E+001  0.15860430E+002  0.21714184E+002
 -0.93136837E+000 -0.83200794E+000 -0.54954839E+000 -0.18462048E+000 -0.52196964E-002  0.96542319E-003  0.91442202E+000  0.45470501E+001  0.88191834E+001  0.15860430E+002  0.21714185E+002
 -0.93136837E+000 -0.83200795E+000 -0.54954840E+000 -0.18462049E+000 -0.52196966E-002  0.96542306E-003  0.91442207E+000  0.45470503E+001  0.88191836E+001  0.15860430E+002  0.21714185E+002
 -0.93136837E+000 -0.83200795E+000 -0.54954841E+000 -0.18462050E+000 -0.52196967E-002  0.96542294E-003  0.91442210E+000  0.45470504E+001  0.88191837E+001  0.15860430E+002  0.21714185E+002
 -0.93136837E+000 -0.83200795E+000 -0.54954842E+000 -0.18462051E+000 -0.52196969E-002  0.96542282E-003  0.91442214E+000  0.45470505E+001  0.88191838E+001  0.15860430E+002  0.21714185E+002
 -0.93136838E+000 -0.83200796E+000 -0.54954843E+000 -0.18462052E+000 -0.52196970E-002  0.96542271E-003  0.91442217E+000  0.45470506E+001  0.88191839E+001  0.15860430E+002  0.21714185E+002
 -0.93136838E+000 -0.83200796E+000 -0.54954843E+000 -0.18462053E+000 -0.52196972E-002  0.96542260E-003  0.91442220E+000  0.45470507E+001  0.88191840E+001  0.15860431E+002  0.21714186E+002
 -0.93136838E+000 -0.83200796E+000 -0.54954844E+000 -0.18462054E+000 -0.52196973E-002  0.96542250E-003  0.91442223E+000  0.45470508E+001  0.88191841E+001  0.15860431E+002  0.21714186E+002
 -0.93136838E+000 -0.83200796E+000 -0.54954844E+000 -0.18462055E+000 -0.52196974E-002  0.96542241E-003  0.91442225E+000  0.45470509E+001  0.88191842E+001  0.15860431E+002  0.21714186E+002
 -0.93136838E+000 -0.83200796E+000 -0.54954844E+000 -0.18462055E+000 -0.52196975E-002  0.96542232E-003  0.91442227E+000  0.45470509E+001  0.88191843E+001  0.15860431E+002  0.21714186E+002
 -0.93136838E+000 -0.83200796E+000 -0.54954844E+000 -0.18462056E+000 -0.52196975E-002  0.96542223E-003  0.91442229E+000  0.45470510E+001  0.88191843E+001  0.15860431E+002  0.21714186E+002
 -0.93136838E+000 -0.83200796E+000 -0.54954844E+000 -0.18462056E+000 -0.52196976E-002  0.96542216E-003  0.91442231E+000  0.45470511E+001  0.88191844E+001  0.15860431E+002  0.21714187E+002
 -0.93136837E+000 -0.83200796E+000 -0.54954844E+000 -0.18462056E+000 -0.52196976E-002  0.96542209E-003  0.91442233E+000  0.45470512E+001  0.88191845E+001  0.15860431E+002  0.21714187E+002
 -0.93136837E+000 -0.83200796E+000 -0.54954843E+000 -0.18462056E+000 -0.52196976E-002  0.96542203E-003  0.91442235E+000  0.45470513E+001  0.88191846E+001  0.15860431E+002  0.21714187E+002
 -0.93136836E+000 -0.83200795E+000 -0.54954841E+000 -0.18462055E+000 -0.52196976E-002  0.96542198E-003  0.91442237E+000  0.45470513E+001  0.88191847E+001  0.15860431E+002  0.21714187E+002
 -0.93136835E+000 -0.83200793E+000 -0.54954838E+000 -0.18462053E+000 -0.52196973E-002  0.96542200E-003  0.91442241E+000  0.45470514E+001  0.88191848E+001  0.15860431E+002  0.21714187E+002
 -0.93136832E+000 -0.83200790E+000 -0.54954834E+000 -0.18462050E+000 -0.52196968E-002  0.96542205E-003  0.91442245E+000  0.45470515E+001  0.88191849E+001  0.15860431E+002  0.21714187E+002
