  0.15876857E+001
  0.15879597E+001
  0.15881831E+001
  0.15883637E+001
  0.15885081E+001
  0.15886222E+001
  0.15887107E+001
  0.15887778E+001
  0.15888269E+001
  0.15888610E+001
  0.15888826E+001
  0.15888936E+001
  0.15888959E+001
  0.15888909E+001
  0.15888798E+001
  0.15888636E+001
  0.15888432E+001
  0.15888194E+001
  0.15887927E+001
  0.15887636E+001
  0.15887326E+001
  0.15887000E+001
  0.15886662E+001
  0.15886315E+001
  0.15885960E+001
  0.15885599E+001
  0.15885235E+001
  0.15884869E+001
  0.15884502E+001
  0.15884136E+001
  0.15883772E+001
  0.15883410E+001
  0.15883053E+001
  0.15882700E+001
  0.15882352E+001
  0.15882011E+001
  0.15881677E+001
  0.15881351E+001
  0.15881034E+001
  0.15880726E+001
  0.15880428E+001
  0.15880140E+001
  0.15879864E+001
  0.15879599E+001
  0.15879346E+001
  0.15879106E+001
  0.15878878E+001
  0.15878663E+001
  0.15878462E+001
  0.15878274E+001
  0.15878099E+001
  0.15877937E+001
  0.15877788E+001
  0.15877652E+001
  0.15877528E+001
  0.15877417E+001
  0.15877317E+001
  0.15877228E+001
  0.15877150E+001
  0.15877081E+001
  0.15877022E+001
  0.15876971E+001
  0.15876928E+001
  0.15876892E+001
  0.15876862E+001
  0.15876838E+001
  0.15876819E+001
  0.15876804E+001
  0.15876792E+001
  0.15876784E+001
  0.15876778E+001
  0.15876775E+001
  0.15876773E+001
  0.15876772E+001
  0.15876773E+001
  0.15876774E+001
  0.15876776E+001
  0.15876779E+001
  0.15876782E+001
  0.15876785E+001
  0.15876788E+001
  0.15876791E+001
  0.15876794E+001
  0.15876798E+001
  0.15876801E+001
  0.15876804E+001
  0.15876807E+001
  0.15876810E+001
  0.15876813E+001
  0.15876816E+001
  0.15876819E+001
  0.15876822E+001
  0.15876825E+001
  0.15876827E+001
  0.15876829E+001
  0.15876832E+001
  0.15876834E+001
  0.15876836E+001
  0.15876838E+001
  0.15876840E+001
  0.15876841E+001
  0.15876843E+001
  0.15876844E+001
  0.15876846E+001
  0.15876847E+001
  0.15876848E+001
  0.15876849E+001
  0.15876850E+001
  0.15876851E+001
  0.15876852E+001
  0.15876852E+001
  0.15876853E+001
  0.15876854E+001
  0.15876854E+001
  0.15876855E+001
  0.15876855E+001
  0.15876855E+001
  0.15876856E+001
  0.15876856E+001
  0.15876856E+001
  0.15876856E+001
  0.15876857E+001
  0.15876857E+001
  0.15876857E+001
  0.15876857E+001
  0.15876857E+001
  0.15876857E+001
  0.15876857E+001
  0.15876858E+001
  0.15876858E+001
  0.15876858E+001
  0.15876858E+001
  0.15876858E+001
  0.15876858E+001
  0.15876858E+001
  0.15876858E+001
  0.15876858E+001
  0.15876858E+001
  0.15876858E+001
  0.15876858E+001
  0.15876858E+001
  0.15876858E+001
  0.15876858E+001
  0.15876858E+001
  0.15876858E+001
  0.15876858E+001
  0.15876858E+001
  0.15876858E+001
  0.15876857E+001
  0.15876857E+001
  0.15876857E+001
  0.15876857E+001
  0.15876857E+001
  0.15876857E+001
  0.15876857E+001
  0.15876857E+001
  0.15876857E+001
  0.15876857E+001
  0.15876857E+001
  0.15876857E+001
  0.15876857E+001
  0.15876857E+001
  0.15876857E+001
  0.15876857E+001
  0.15876857E+001
  0.15876857E+001
  0.15876857E+001
  0.15876857E+001
  0.15876857E+001
  0.15876857E+001
  0.15876857E+001
  0.15876857E+001
  0.15876857E+001
  0.15876857E+001
  0.15876857E+001
  0.15876857E+001
  0.15876857E+001
  0.15876857E+001
  0.15876857E+001
  0.15876857E+001
  0.15876857E+001
  0.15876857E+001
  0.15876857E+001
  0.15876857E+001
  0.15876857E+001
  0.15876857E+001
  0.15876857E+001
  0.15876857E+001
  0.15876857E+001
  0.15876857E+001
  0.15876857E+001
  0.15876857E+001
  0.15876857E+001
  0.15876857E+001
  0.15876857E+001
  0.15876857E+001
  0.15876857E+001
  0.15876857E+001
  0.15876857E+001
  0.15876855E+001
