  0.17435710E+002
  0.17433347E+002
  0.17431074E+002
  0.17429037E+002
  0.17427252E+002
  0.17425703E+002
  0.17424367E+002
  0.17423221E+002
  0.17422242E+002
  0.17421411E+002
  0.17420707E+002
  0.17420114E+002
  0.17419617E+002
  0.17419204E+002
  0.17418864E+002
  0.17418588E+002
  0.17418368E+002
  0.17418196E+002
  0.17418068E+002
  0.17417977E+002
  0.17417920E+002
  0.17417892E+002
  0.17417891E+002
  0.17417914E+002
  0.17417958E+002
  0.17418022E+002
  0.17418103E+002
  0.17418200E+002
  0.17418313E+002
  0.17418439E+002
  0.17418578E+002
  0.17418729E+002
  0.17418892E+002
  0.17419065E+002
  0.17419249E+002
  0.17419442E+002
  0.17419644E+002
  0.17419856E+002
  0.17420076E+002
  0.17420305E+002
  0.17420541E+002
  0.17420785E+002
  0.17421037E+002
  0.17421296E+002
  0.17421562E+002
  0.17421834E+002
  0.17422113E+002
  0.17422397E+002
  0.17422687E+002
  0.17422983E+002
  0.17423284E+002
  0.17423589E+002
  0.17423898E+002
  0.17424211E+002
  0.17424527E+002
  0.17424847E+002
  0.17425168E+002
  0.17425492E+002
  0.17425817E+002
  0.17426143E+002
  0.17426470E+002
  0.17426796E+002
  0.17427122E+002
  0.17427447E+002
  0.17427770E+002
  0.17428091E+002
  0.17428410E+002
  0.17428726E+002
  0.17429037E+002
  0.17429345E+002
  0.17429648E+002
  0.17429947E+002
  0.17430239E+002
  0.17430526E+002
  0.17430806E+002
  0.17431080E+002
  0.17431346E+002
  0.17431604E+002
  0.17431855E+002
  0.17432098E+002
  0.17432332E+002
  0.17432557E+002
  0.17432774E+002
  0.17432982E+002
  0.17433181E+002
  0.17433370E+002
  0.17433551E+002
  0.17433723E+002
  0.17433885E+002
  0.17434039E+002
  0.17434185E+002
  0.17434321E+002
  0.17434450E+002
  0.17434571E+002
  0.17434684E+002
  0.17434789E+002
  0.17434888E+002
  0.17434979E+002
  0.17435064E+002
  0.17435143E+002
  0.17435215E+002
  0.17435282E+002
  0.17435344E+002
  0.17435400E+002
  0.17435452E+002
  0.17435499E+002
  0.17435542E+002
  0.17435581E+002
  0.17435616E+002
  0.17435648E+002
  0.17435677E+002
  0.17435702E+002
  0.17435725E+002
  0.17435745E+002
  0.17435763E+002
  0.17435779E+002
  0.17435793E+002
  0.17435804E+002
  0.17435814E+002
  0.17435823E+002
  0.17435830E+002
  0.17435836E+002
  0.17435841E+002
  0.17435844E+002
  0.17435847E+002
  0.17435848E+002
  0.17435849E+002
  0.17435849E+002
  0.17435849E+002
  0.17435848E+002
  0.17435846E+002
  0.17435844E+002
  0.17435842E+002
  0.17435839E+002
  0.17435836E+002
  0.17435833E+002
  0.17435829E+002
  0.17435826E+002
  0.17435822E+002
  0.17435818E+002
  0.17435814E+002
  0.17435810E+002
  0.17435806E+002
  0.17435802E+002
  0.17435797E+002
  0.17435793E+002
  0.17435789E+002
  0.17435785E+002
  0.17435781E+002
  0.17435777E+002
  0.17435774E+002
  0.17435770E+002
  0.17435766E+002
  0.17435763E+002
  0.17435760E+002
  0.17435757E+002
  0.17435753E+002
  0.17435750E+002
  0.17435748E+002
  0.17435745E+002
  0.17435742E+002
  0.17435740E+002
  0.17435738E+002
  0.17435735E+002
  0.17435733E+002
  0.17435731E+002
  0.17435730E+002
  0.17435728E+002
  0.17435726E+002
  0.17435725E+002
  0.17435724E+002
  0.17435722E+002
  0.17435721E+002
  0.17435720E+002
  0.17435719E+002
  0.17435718E+002
  0.17435717E+002
  0.17435717E+002
  0.17435716E+002
  0.17435715E+002
  0.17435715E+002
  0.17435714E+002
  0.17435714E+002
  0.17435714E+002
  0.17435713E+002
  0.17435713E+002
  0.17435713E+002
  0.17435713E+002
  0.17435712E+002
  0.17435712E+002
  0.17435712E+002
  0.17435712E+002
  0.17435712E+002
  0.17435712E+002
  0.17435712E+002
  0.17435712E+002
  0.17435711E+002
  0.17435711E+002
  0.17435711E+002
  0.17435711E+002
