  0.30162789E+002
  0.30171177E+002
  0.30177561E+002
  0.30182553E+002
  0.30186522E+002
  0.30189719E+002
  0.30192320E+002
  0.30194457E+002
  0.30196224E+002
  0.30197698E+002
  0.30198936E+002
  0.30199984E+002
  0.30200881E+002
  0.30201654E+002
  0.30202329E+002
  0.30202924E+002
  0.30203455E+002
  0.30203934E+002
  0.30204371E+002
  0.30204776E+002
  0.30205155E+002
  0.30205515E+002
  0.30205861E+002
  0.30206197E+002
  0.30206526E+002
  0.30206851E+002
  0.30207176E+002
  0.30207502E+002
  0.30207830E+002
  0.30208163E+002
  0.30208502E+002
  0.30208846E+002
  0.30209199E+002
  0.30209559E+002
  0.30209928E+002
  0.30210306E+002
  0.30210693E+002
  0.30211089E+002
  0.30211495E+002
  0.30211910E+002
  0.30212335E+002
  0.30212770E+002
  0.30213213E+002
  0.30213666E+002
  0.30214127E+002
  0.30214597E+002
  0.30215075E+002
  0.30215561E+002
  0.30216054E+002
  0.30216553E+002
  0.30217060E+002
  0.30217572E+002
  0.30218089E+002
  0.30218611E+002
  0.30219138E+002
  0.30219667E+002
  0.30220200E+002
  0.30220734E+002
  0.30221270E+002
  0.30221806E+002
  0.30222342E+002
  0.30222878E+002
  0.30223411E+002
  0.30223942E+002
  0.30224470E+002
  0.30224994E+002
  0.30225513E+002
  0.30226026E+002
  0.30226534E+002
  0.30227034E+002
  0.30227526E+002
  0.30228011E+002
  0.30228486E+002
  0.30228952E+002
  0.30229407E+002
  0.30229852E+002
  0.30230285E+002
  0.30230707E+002
  0.30231116E+002
  0.30231513E+002
  0.30231896E+002
  0.30232266E+002
  0.30232623E+002
  0.30232965E+002
  0.30233294E+002
  0.30233608E+002
  0.30233908E+002
  0.30234194E+002
  0.30234465E+002
  0.30234723E+002
  0.30234967E+002
  0.30235197E+002
  0.30235414E+002
  0.30235617E+002
  0.30235808E+002
  0.30235987E+002
  0.30236154E+002
  0.30236309E+002
  0.30236454E+002
  0.30236587E+002
  0.30236711E+002
  0.30236825E+002
  0.30236930E+002
  0.30237026E+002
  0.30237114E+002
  0.30237195E+002
  0.30237268E+002
  0.30237334E+002
  0.30237393E+002
  0.30237447E+002
  0.30237495E+002
  0.30237538E+002
  0.30237576E+002
  0.30237609E+002
  0.30237638E+002
  0.30237663E+002
  0.30237685E+002
  0.30237703E+002
  0.30237719E+002
  0.30237731E+002
  0.30237741E+002
  0.30237749E+002
  0.30237754E+002
  0.30237757E+002
  0.30237759E+002
  0.30237759E+002
  0.30237758E+002
  0.30237756E+002
  0.30237752E+002
  0.30237747E+002
  0.30237741E+002
  0.30237735E+002
  0.30237728E+002
  0.30237720E+002
  0.30237712E+002
  0.30237703E+002
  0.30237694E+002
  0.30237685E+002
  0.30237675E+002
  0.30237666E+002
  0.30237656E+002
  0.30237646E+002
  0.30237636E+002
  0.30237626E+002
  0.30237617E+002
  0.30237607E+002
  0.30237597E+002
  0.30237588E+002
  0.30237579E+002
  0.30237570E+002
  0.30237561E+002
  0.30237553E+002
  0.30237544E+002
  0.30237536E+002
  0.30237529E+002
  0.30237521E+002
  0.30237514E+002
  0.30237507E+002
  0.30237501E+002
  0.30237495E+002
  0.30237489E+002
  0.30237483E+002
  0.30237478E+002
  0.30237473E+002
  0.30237468E+002
  0.30237464E+002
  0.30237460E+002
  0.30237456E+002
  0.30237452E+002
  0.30237449E+002
  0.30237446E+002
  0.30237443E+002
  0.30237440E+002
  0.30237438E+002
  0.30237435E+002
  0.30237433E+002
  0.30237431E+002
  0.30237430E+002
  0.30237428E+002
  0.30237427E+002
  0.30237426E+002
  0.30237425E+002
  0.30237424E+002
  0.30237423E+002
  0.30237422E+002
  0.30237421E+002
  0.30237421E+002
  0.30237420E+002
  0.30237420E+002
  0.30237419E+002
  0.30237419E+002
  0.30237419E+002
  0.30237418E+002
  0.30237418E+002
  0.30237418E+002
  0.30237418E+002
  0.30237418E+002
  0.30237418E+002
  0.30237417E+002
  0.30237417E+002
