  0.36437541E-001  0.37176276E+000  0.31341362E+001  0.11710883E+003
  0.36304638E-001  0.37131770E+000  0.31348726E+001  0.11714223E+003
  0.36309840E-001  0.37087135E+000  0.31354916E+001  0.11716759E+003
  0.36309921E-001  0.37116298E+000  0.31353913E+001  0.11718736E+003
  0.36307707E-001  0.37150981E+000  0.31352462E+001  0.11720304E+003
  0.36304359E-001  0.37177370E+000  0.31351885E+001  0.11721562E+003
  0.36300971E-001  0.37197376E+000  0.31351950E+001  0.11722583E+003
  0.36297922E-001  0.37212401E+000  0.31352491E+001  0.11723417E+003
  0.36295420E-001  0.37223489E+000  0.31353389E+001  0.11724104E+003
  0.36293593E-001  0.37231440E+000  0.31354552E+001  0.11724674E+003
  0.36292510E-001  0.37236884E+000  0.31355907E+001  0.11725150E+003
  0.36292200E-001  0.37240309E+000  0.31357397E+001  0.11725552E+003
  0.36292657E-001  0.37242099E+000  0.31358979E+001  0.11725893E+003
  0.36293847E-001  0.37242607E+000  0.31360617E+001  0.11726185E+003
  0.36295723E-001  0.37242066E+000  0.31362287E+001  0.11726439E+003
  0.36298228E-001  0.37240661E+000  0.31363975E+001  0.11726661E+003
  0.36301304E-001  0.37238542E+000  0.31365668E+001  0.11726858E+003
  0.36304891E-001  0.37235834E+000  0.31367360E+001  0.11727035E+003
  0.36308926E-001  0.37232640E+000  0.31369043E+001  0.11727196E+003
  0.36313388E-001  0.37229048E+000  0.31370717E+001  0.11727344E+003
  0.36318271E-001  0.37225133E+000  0.31372377E+001  0.11727483E+003
  0.36323505E-001  0.37220964E+000  0.31374022E+001  0.11727614E+003
  0.36329029E-001  0.37216602E+000  0.31375652E+001  0.11727740E+003
  0.36334789E-001  0.37212104E+000  0.31377266E+001  0.11727862E+003
  0.36340740E-001  0.37207518E+000  0.31378862E+001  0.11727982E+003
  0.36346843E-001  0.37202890E+000  0.31380441E+001  0.11728100E+003
  0.36353064E-001  0.37198258E+000  0.31381999E+001  0.11728218E+003
  0.36359378E-001  0.37193658E+000  0.31383537E+001  0.11728337E+003
  0.36365762E-001  0.37189121E+000  0.31385052E+001  0.11728457E+003
  0.36372200E-001  0.37184676E+000  0.31386544E+001  0.11728579E+003
  0.36378678E-001  0.37180347E+000  0.31388009E+001  0.11728704E+003
  0.36385186E-001  0.37176153E+000  0.31389447E+001  0.11728831E+003
  0.36391716E-001  0.37172111E+000  0.31390855E+001  0.11728961E+003
  0.36398262E-001  0.37168235E+000  0.31392231E+001  0.11729095E+003
  0.36404820E-001  0.37164535E+000  0.31393576E+001  0.11729232E+003
  0.36411385E-001  0.37161018E+000  0.31394886E+001  0.11729373E+003
  0.36417955E-001  0.37157688E+000  0.31396162E+001  0.11729517E+003
  0.36424523E-001  0.37154547E+000  0.31397403E+001  0.11729666E+003
  0.36431086E-001  0.37151596E+000  0.31398609E+001  0.11729819E+003
  0.36437637E-001  0.37148834E+000  0.31399780E+001  0.11729975E+003
  0.36444167E-001  0.37148177E+000  0.31400725E+001  0.11730136E+003
  0.36450666E-001  0.37153259E+000  0.31401081E+001  0.11730300E+003
  0.36457123E-001  0.37158177E+000  0.31401438E+001  0.11730468E+003
  0.36463523E-001  0.37162932E+000  0.31401799E+001  0.11730640E+003
  0.36469850E-001  0.37167523E+000  0.31402164E+001  0.11730816E+003
  0.36476086E-001  0.37171951E+000  0.31402534E+001  0.11730995E+003
  0.36482211E-001  0.37176216E+000  0.31402910E+001  0.11731178E+003
  0.36488204E-001  0.37180319E+000  0.31403293E+001  0.11731364E+003
  0.36494042E-001  0.37184261E+000  0.31403685E+001  0.11731552E+003
  0.36501095E-001  0.37187904E+000  0.31404085E+001  0.11731744E+003
  0.36509238E-001  0.37191259E+000  0.31404495E+001  0.11731938E+003
  0.36516849E-001  0.37194489E+000  0.31404914E+001  0.11732135E+003
  0.36523932E-001  0.37197594E+000  0.31405343E+001  0.11732334E+003
  0.36530492E-001  0.37200574E+000  0.31405781E+001  0.11732535E+003
  0.36536534E-001  0.37203430E+000  0.31406227E+001  0.11732737E+003
  0.36542065E-001  0.37206162E+000  0.31406682E+001  0.11732941E+003
  0.36547095E-001  0.37208771E+000  0.31407144E+001  0.11733146E+003
  0.36551635E-001  0.37211259E+000  0.31407613E+001  0.11733352E+003
  0.36555699E-001  0.37213627E+000  0.31408088E+001  0.11733559E+003
  0.36559301E-001  0.37215877E+000  0.31408569E+001  0.11733766E+003
  0.36562461E-001  0.37218011E+000  0.31409054E+001  0.11733974E+003
  0.36565198E-001  0.37220032E+000  0.31409543E+001  0.11734180E+003
  0.36567535E-001  0.37221940E+000  0.31410035E+001  0.11734387E+003
  0.36569494E-001  0.37223739E+000  0.31410530E+001  0.11734592E+003
  0.36571101E-001  0.37225430E+000  0.31411028E+001  0.11734797E+003
  0.36572381E-001  0.37227015E+000  0.31411528E+001  0.11734999E+003
  0.36573360E-001  0.37228496E+000  0.31412029E+001  0.11735200E+003
  0.36574064E-001  0.37229875E+000  0.31412532E+001  0.11735399E+003
  0.36574519E-001  0.37231152E+000  0.31413036E+001  0.11735596E+003
  0.36574752E-001  0.37232329E+000  0.31413542E+001  0.11735790E+003
  0.36574786E-001  0.37233406E+000  0.31414049E+001  0.11735981E+003
  0.36574646E-001  0.37234385E+000  0.31414558E+001  0.11736168E+003
  0.36574353E-001  0.37235266E+000  0.31415067E+001  0.11736352E+003
  0.36573929E-001  0.37236050E+000  0.31415578E+001  0.11736533E+003
  0.36573394E-001  0.37236737E+000  0.31416090E+001  0.11736709E+003
  0.36572764E-001  0.37237328E+000  0.31416602E+001  0.11736882E+003
  0.36572055E-001  0.37237823E+000  0.31417115E+001  0.11737049E+003
  0.36571283E-001  0.37238223E+000  0.31417628E+001  0.11737213E+003
  0.36570459E-001  0.37238528E+000  0.31418141E+001  0.11737371E+003
  0.36569594E-001  0.37238740E+000  0.31418653E+001  0.11737524E+003
  0.36568698E-001  0.37238860E+000  0.31419163E+001  0.11737673E+003
  0.36567778E-001  0.37238887E+000  0.31419670E+001  0.11737816E+003
  0.36566841E-001  0.37238824E+000  0.31420174E+001  0.11737953E+003
  0.36565892E-001  0.37238672E+000  0.31420675E+001  0.11738086E+003
  0.36564936E-001  0.37238431E+000  0.31421170E+001  0.11738212E+003
  0.36563975E-001  0.37238104E+000  0.31421660E+001  0.11738333E+003
  0.36563013E-001  0.37237692E+000  0.31422143E+001  0.11738449E+003
  0.36562052E-001  0.37237198E+000  0.31422619E+001  0.11738559E+003
  0.36561093E-001  0.37236622E+000  0.31423087E+001  0.11738664E+003
  0.36560138E-001  0.37235968E+000  0.31423546E+001  0.11738763E+003
  0.36559189E-001  0.37235239E+000  0.31423994E+001  0.11738857E+003
  0.36558245E-001  0.37234437E+000  0.31424433E+001  0.11738946E+003
  0.36557309E-001  0.37233567E+000  0.31424859E+001  0.11739029E+003
  0.36556382E-001  0.37232632E+000  0.31425274E+001  0.11739107E+003
  0.36555466E-001  0.37231637E+000  0.31425675E+001  0.11739181E+003
  0.36554561E-001  0.37230586E+000  0.31426062E+001  0.11739250E+003
  0.36553669E-001  0.37229487E+000  0.31426433E+001  0.11739314E+003
  0.36552793E-001  0.37228343E+000  0.31426789E+001  0.11739374E+003
  0.36551934E-001  0.37227163E+000  0.31427127E+001  0.11739429E+003
  0.36551095E-001  0.37225952E+000  0.31427446E+001  0.11739481E+003
  0.36550277E-001  0.37224718E+000  0.31427745E+001  0.11739529E+003
  0.36549482E-001  0.37223469E+000  0.31428023E+001  0.11739573E+003
  0.36548713E-001  0.37222210E+000  0.31428278E+001  0.11739614E+003
  0.36547972E-001  0.37220951E+000  0.31428510E+001  0.11739651E+003
  0.36547261E-001  0.37219699E+000  0.31428716E+001  0.11739686E+003
  0.36546581E-001  0.37218460E+000  0.31428896E+001  0.11739717E+003
  0.36545935E-001  0.37217242E+000  0.31429049E+001  0.11739746E+003
  0.36545323E-001  0.37216051E+000  0.31429173E+001  0.11739773E+003
  0.36544746E-001  0.37214895E+000  0.31429268E+001  0.11739797E+003
  0.36544207E-001  0.37213778E+000  0.31429332E+001  0.11739819E+003
  0.36543705E-001  0.37212706E+000  0.31429366E+001  0.11739839E+003
  0.36543241E-001  0.37211684E+000  0.31429369E+001  0.11739857E+003
  0.36542816E-001  0.37210715E+000  0.31429340E+001  0.11739873E+003
  0.36542428E-001  0.37209803E+000  0.31429280E+001  0.11739888E+003
  0.36542078E-001  0.37208951E+000  0.31429189E+001  0.11739902E+003
  0.36541765E-001  0.37208160E+000  0.31429068E+001  0.11739914E+003
  0.36541489E-001  0.37207432E+000  0.31428916E+001  0.11739925E+003
  0.36541248E-001  0.37206767E+000  0.31428736E+001  0.11739934E+003
  0.36541041E-001  0.37206166E+000  0.31428529E+001  0.11739943E+003
  0.36540868E-001  0.37205628E+000  0.31428295E+001  0.11739951E+003
  0.36540726E-001  0.37205151E+000  0.31428037E+001  0.11739958E+003
  0.36540613E-001  0.37204735E+000  0.31427756E+001  0.11739964E+003
  0.36540529E-001  0.37204377E+000  0.31427455E+001  0.11739970E+003
  0.36540471E-001  0.37204075E+000  0.31427135E+001  0.11739975E+003
  0.36540438E-001  0.37203826E+000  0.31426798E+001  0.11739979E+003
  0.36540427E-001  0.37203627E+000  0.31426448E+001  0.11739983E+003
  0.36540437E-001  0.37203476E+000  0.31426086E+001  0.11739986E+003
  0.36540466E-001  0.37203368E+000  0.31425715E+001  0.11739989E+003
  0.36540513E-001  0.37203301E+000  0.31425337E+001  0.11739991E+003
  0.36540574E-001  0.37203271E+000  0.31424955E+001  0.11739993E+003
  0.36540650E-001  0.37203275E+000  0.31424571E+001  0.11739995E+003
  0.36540737E-001  0.37203309E+000  0.31424186E+001  0.11739996E+003
  0.36540834E-001  0.37203371E+000  0.31423805E+001  0.11739997E+003
  0.36540940E-001  0.37203456E+000  0.31423427E+001  0.11739998E+003
  0.36541054E-001  0.37203562E+000  0.31423057E+001  0.11739998E+003
  0.36541173E-001  0.37203685E+000  0.31422694E+001  0.11739998E+003
  0.36541297E-001  0.37203824E+000  0.31422341E+001  0.11739998E+003
  0.36541424E-001  0.37203975E+000  0.31421999E+001  0.11739997E+003
  0.36541554E-001  0.37204136E+000  0.31421670E+001  0.11739997E+003
  0.36541685E-001  0.37204304E+000  0.31421354E+001  0.11739996E+003
  0.36541816E-001  0.37204478E+000  0.31421053E+001  0.11739995E+003
  0.36541947E-001  0.37204656E+000  0.31420768E+001  0.11739993E+003
  0.36542077E-001  0.37204836E+000  0.31420498E+001  0.11739992E+003
  0.36542205E-001  0.37205016E+000  0.31420245E+001  0.11739990E+003
  0.36542331E-001  0.37205196E+000  0.31420008E+001  0.11739989E+003
  0.36542453E-001  0.37205373E+000  0.31419788E+001  0.11739987E+003
  0.36542573E-001  0.37205547E+000  0.31419585E+001  0.11739985E+003
  0.36542688E-001  0.37205717E+000  0.31419398E+001  0.11739983E+003
  0.36542800E-001  0.37205882E+000  0.31419228E+001  0.11739981E+003
  0.36542907E-001  0.37206042E+000  0.31419074E+001  0.11739978E+003
  0.36543010E-001  0.37206196E+000  0.31418936E+001  0.11739976E+003
  0.36543109E-001  0.37206343E+000  0.31418812E+001  0.11739974E+003
  0.36543202E-001  0.37206484E+000  0.31418703E+001  0.11739971E+003
  0.36543291E-001  0.37206618E+000  0.31418608E+001  0.11739969E+003
  0.36543375E-001  0.37206745E+000  0.31418526E+001  0.11739967E+003
  0.36543455E-001  0.37206865E+000  0.31418456E+001  0.11739964E+003
  0.36543529E-001  0.37206977E+000  0.31418398E+001  0.11739962E+003
  0.36543599E-001  0.37207083E+000  0.31418351E+001  0.11739959E+003
  0.36543664E-001  0.37207181E+000  0.31418315E+001  0.11739957E+003
  0.36543725E-001  0.37207273E+000  0.31418287E+001  0.11739955E+003
  0.36543782E-001  0.37207358E+000  0.31418268E+001  0.11739953E+003
  0.36543834E-001  0.37207436E+000  0.31418257E+001  0.11739950E+003
  0.36543883E-001  0.37207509E+000  0.31418253E+001  0.11739948E+003
  0.36543927E-001  0.37207575E+000  0.31418255E+001  0.11739946E+003
  0.36543968E-001  0.37207635E+000  0.31418263E+001  0.11739944E+003
  0.36544005E-001  0.37207690E+000  0.31418276E+001  0.11739942E+003
  0.36544038E-001  0.37207740E+000  0.31418294E+001  0.11739940E+003
  0.36544069E-001  0.37207785E+000  0.31418315E+001  0.11739938E+003
  0.36544096E-001  0.37207825E+000  0.31418340E+001  0.11739937E+003
  0.36544120E-001  0.37207860E+000  0.31418368E+001  0.11739935E+003
  0.36544142E-001  0.37207892E+000  0.31418397E+001  0.11739933E+003
  0.36544161E-001  0.37207920E+000  0.31418429E+001  0.11739932E+003
  0.36544178E-001  0.37207944E+000  0.31418462E+001  0.11739931E+003
  0.36544193E-001  0.37207965E+000  0.31418496E+001  0.11739929E+003
  0.36544205E-001  0.37207982E+000  0.31418530E+001  0.11739928E+003
  0.36544216E-001  0.37207997E+000  0.31418566E+001  0.11739927E+003
  0.36544225E-001  0.37208010E+000  0.31418601E+001  0.11739926E+003
  0.36544232E-001  0.37208020E+000  0.31418636E+001  0.11739925E+003
  0.36544238E-001  0.37208028E+000  0.31418670E+001  0.11739924E+003
  0.36544243E-001  0.37208033E+000  0.31418705E+001  0.11739923E+003
  0.36544246E-001  0.37208038E+000  0.31418738E+001  0.11739922E+003
  0.36544249E-001  0.37208040E+000  0.31418771E+001  0.11739921E+003
  0.36544250E-001  0.37208042E+000  0.31418802E+001  0.11739920E+003
  0.36544250E-001  0.37208042E+000  0.31418833E+001  0.11739920E+003
  0.36544250E-001  0.37208041E+000  0.31418862E+001  0.11739919E+003
  0.36544249E-001  0.37208038E+000  0.31418890E+001  0.11739919E+003
  0.36544248E-001  0.37208036E+000  0.31418917E+001  0.11739918E+003
  0.36544246E-001  0.37208032E+000  0.31418943E+001  0.11739918E+003
  0.36544243E-001  0.37208028E+000  0.31418967E+001  0.11739917E+003
  0.36544241E-001  0.37208023E+000  0.31418990E+001  0.11739917E+003
  0.36544238E-001  0.37208019E+000  0.31419011E+001  0.11739916E+003
  0.36544234E-001  0.37208013E+000  0.31419032E+001  0.11739916E+003
  0.36544231E-001  0.37208008E+000  0.31419051E+001  0.11739916E+003
  0.36544227E-001  0.37208002E+000  0.31419069E+001  0.11739916E+003
  0.36544223E-001  0.37207996E+000  0.31419085E+001  0.11739915E+003
  0.36544220E-001  0.37207990E+000  0.31419100E+001  0.11739915E+003
  0.36544216E-001  0.37207985E+000  0.31419115E+001  0.11739915E+003
  0.36544212E-001  0.37207979E+000  0.31419128E+001  0.11739915E+003
  0.36544208E-001  0.37207973E+000  0.31419140E+001  0.11739915E+003
  0.36544203E-001  0.37207968E+000  0.31419151E+001  0.11739914E+003
