  0.10338432E+000
  0.10445512E+000
  0.10511242E+000
  0.10553026E+000
  0.10580600E+000
  0.10599286E+000
  0.10612183E+000
  0.10621154E+000
  0.10627424E+000
  0.10631814E+000
  0.10634845E+000
  0.10636882E+000
  0.10638188E+000
  0.10638965E+000
  0.10639362E+000
  0.10639491E+000
  0.10639440E+000
  0.10639269E+000
  0.10639019E+000
  0.10638717E+000
  0.10638386E+000
  0.10638043E+000
  0.10637701E+000
  0.10637369E+000
  0.10637055E+000
  0.10636764E+000
  0.10636502E+000
  0.10636269E+000
  0.10636068E+000
  0.10635900E+000
  0.10635764E+000
  0.10635660E+000
  0.10635586E+000
  0.10635541E+000
  0.10635523E+000
  0.10635530E+000
  0.10635561E+000
  0.10635612E+000
  0.10635683E+000
  0.10635771E+000
  0.10635873E+000
  0.10635989E+000
  0.10636116E+000
  0.10636253E+000
  0.10636398E+000
  0.10636550E+000
  0.10636707E+000
  0.10636869E+000
  0.10637035E+000
  0.10637203E+000
  0.10637374E+000
  0.10637547E+000
  0.10637720E+000
  0.10637894E+000
  0.10638068E+000
  0.10638242E+000
  0.10638415E+000
  0.10638588E+000
  0.10638760E+000
  0.10638930E+000
  0.10639099E+000
  0.10639266E+000
  0.10639432E+000
  0.10639595E+000
  0.10639757E+000
  0.10639916E+000
  0.10640073E+000
  0.10640228E+000
  0.10640380E+000
  0.10640529E+000
  0.10640676E+000
  0.10640821E+000
  0.10640962E+000
  0.10641101E+000
  0.10641238E+000
  0.10641372E+000
  0.10641503E+000
  0.10641631E+000
  0.10641756E+000
  0.10641879E+000
  0.10641998E+000
  0.10642115E+000
  0.10642229E+000
  0.10642339E+000
  0.10642446E+000
  0.10642550E+000
  0.10642650E+000
  0.10642747E+000
  0.10642840E+000
  0.10642930E+000
  0.10643015E+000
  0.10643097E+000
  0.10643175E+000
  0.10643249E+000
  0.10643320E+000
  0.10643387E+000
  0.10643450E+000
  0.10643510E+000
  0.10643567E+000
  0.10643620E+000
  0.10643670E+000
  0.10643717E+000
  0.10643761E+000
  0.10643802E+000
  0.10643841E+000
  0.10643877E+000
  0.10643911E+000
  0.10643942E+000
  0.10643972E+000
  0.10643999E+000
  0.10644025E+000
  0.10644049E+000
  0.10644072E+000
  0.10644092E+000
  0.10644112E+000
  0.10644130E+000
  0.10644147E+000
  0.10644163E+000
  0.10644177E+000
  0.10644191E+000
  0.10644204E+000
  0.10644216E+000
  0.10644228E+000
  0.10644238E+000
  0.10644248E+000
  0.10644258E+000
  0.10644266E+000
  0.10644275E+000
  0.10644282E+000
  0.10644290E+000
  0.10644297E+000
  0.10644303E+000
  0.10644309E+000
  0.10644315E+000
  0.10644321E+000
  0.10644326E+000
  0.10644331E+000
  0.10644336E+000
  0.10644340E+000
  0.10644344E+000
  0.10644348E+000
  0.10644352E+000
  0.10644356E+000
  0.10644359E+000
  0.10644362E+000
  0.10644365E+000
  0.10644368E+000
  0.10644371E+000
  0.10644373E+000
  0.10644376E+000
  0.10644378E+000
  0.10644380E+000
  0.10644382E+000
  0.10644384E+000
  0.10644385E+000
  0.10644387E+000
  0.10644388E+000
  0.10644389E+000
  0.10644391E+000
  0.10644392E+000
  0.10644393E+000
  0.10644394E+000
  0.10644395E+000
  0.10644395E+000
  0.10644396E+000
  0.10644397E+000
  0.10644397E+000
  0.10644397E+000
  0.10644398E+000
  0.10644398E+000
  0.10644398E+000
  0.10644399E+000
  0.10644399E+000
  0.10644399E+000
  0.10644399E+000
  0.10644399E+000
  0.10644399E+000
  0.10644399E+000
  0.10644399E+000
  0.10644399E+000
  0.10644399E+000
  0.10644399E+000
  0.10644399E+000
  0.10644399E+000
  0.10644399E+000
  0.10644399E+000
  0.10644399E+000
  0.10644399E+000
  0.10644399E+000
  0.10644399E+000
  0.10644398E+000
  0.10644398E+000
  0.10644398E+000
  0.10644398E+000
  0.10644398E+000
  0.10644398E+000
  0.10644398E+000
  0.10644398E+000
  0.10644398E+000
  0.10644398E+000
