  0.11509555E+001  0.57173207E+000  0.91500042E+000  0.37130552E+001
  0.11372577E+001  0.57598986E+000  0.92500904E+000  0.37135829E+001
  0.11321013E+001  0.57837546E+000  0.92647401E+000  0.37157822E+001
  0.11282502E+001  0.58304743E+000  0.92437823E+000  0.37177793E+001
  0.11259692E+001  0.58217381E+000  0.92233812E+000  0.37235518E+001
  0.11236567E+001  0.57901518E+000  0.92479918E+000  0.37270180E+001
  0.11193007E+001  0.58254954E+000  0.92314839E+000  0.37298445E+001
  0.11159606E+001  0.58392719E+000  0.91916374E+000  0.37354183E+001
  0.11146897E+001  0.58256814E+000  0.92174060E+000  0.37363097E+001
  0.11138121E+001  0.58056839E+000  0.92212595E+000  0.37389382E+001
  0.11138744E+001  0.57809962E+000  0.92105869E+000  0.37424981E+001
  0.11133663E+001  0.57825783E+000  0.92110541E+000  0.37428456E+001
  0.11130341E+001  0.57635343E+000  0.92307627E+000  0.37431204E+001
  0.11122920E+001  0.57639260E+000  0.92343459E+000  0.37434449E+001
  0.11094601E+001  0.57899214E+000  0.92317465E+000  0.37438928E+001
  0.11093961E+001  0.57830822E+000  0.92353212E+000  0.37442186E+001
  0.11043394E+001  0.58270730E+000  0.92362563E+000  0.37447011E+001
  0.11036944E+001  0.58207981E+000  0.92450288E+000  0.37450009E+001
  0.11035926E+001  0.58174556E+000  0.92451244E+000  0.37453205E+001
  0.11033880E+001  0.58121568E+000  0.92482298E+000  0.37456281E+001
  0.11031957E+001  0.58113354E+000  0.92465770E+000  0.37459439E+001
  0.11030516E+001  0.58097620E+000  0.92453470E+000  0.37462380E+001
  0.11028861E+001  0.58081722E+000  0.92443520E+000  0.37465269E+001
  0.11027455E+001  0.58067382E+000  0.92429753E+000  0.37468094E+001
  0.11024268E+001  0.58072525E+000  0.92409232E+000  0.37471399E+001
  0.11022664E+001  0.58059078E+000  0.92379564E+000  0.37475874E+001
  0.11021215E+001  0.58047043E+000  0.92365509E+000  0.37478476E+001
  0.11019756E+001  0.58035302E+000  0.92355080E+000  0.37480687E+001
  0.11018276E+001  0.57984355E+000  0.92384189E+000  0.37482883E+001
  0.11016812E+001  0.57973338E+000  0.92371668E+000  0.37485237E+001
  0.11015351E+001  0.57962697E+000  0.92359649E+000  0.37487507E+001
  0.11013896E+001  0.57952453E+000  0.92347908E+000  0.37489714E+001
  0.11012449E+001  0.57941469E+000  0.92338001E+000  0.37491819E+001
  0.11011026E+001  0.57929580E+000  0.92329762E+000  0.37493843E+001
  0.11007647E+001  0.57940090E+000  0.92319693E+000  0.37495788E+001
  0.11006238E+001  0.57931455E+000  0.92310095E+000  0.37497655E+001
  0.11004845E+001  0.57923230E+000  0.92301168E+000  0.37499428E+001
  0.11003470E+001  0.57915415E+000  0.92292490E+000  0.37501148E+001
  0.11002114E+001  0.57908007E+000  0.92284262E+000  0.37502799E+001
  0.11000779E+001  0.57901003E+000  0.92276477E+000  0.37504381E+001
  0.11001427E+001  0.57874783E+000  0.92269128E+000  0.37505898E+001
  0.11000137E+001  0.57870880E+000  0.92259888E+000  0.37507351E+001
  0.10998872E+001  0.57865045E+000  0.92253391E+000  0.37508744E+001
  0.10997633E+001  0.57859611E+000  0.92247287E+000  0.37510078E+001
  0.10996421E+001  0.57854522E+000  0.92241618E+000  0.37511355E+001
  0.10995237E+001  0.57849790E+000  0.92236352E+000  0.37512577E+001
  0.10994082E+001  0.57845405E+000  0.92231485E+000  0.37513746E+001
  0.10992958E+001  0.57842461E+000  0.92225899E+000  0.37514865E+001
  0.10991865E+001  0.57838731E+000  0.92221804E+000  0.37515934E+001
  0.10990805E+001  0.57835680E+000  0.92217708E+000  0.37516955E+001
  0.10989779E+001  0.57832549E+000  0.92214348E+000  0.37517931E+001
  0.10988787E+001  0.57829701E+000  0.92211334E+000  0.37518862E+001
  0.10987830E+001  0.57827117E+000  0.92208655E+000  0.37519749E+001
  0.10986909E+001  0.57824788E+000  0.92206295E+000  0.37520595E+001
  0.10986024E+001  0.57822692E+000  0.92204240E+000  0.37521401E+001
  0.10985176E+001  0.57820814E+000  0.92202472E+000  0.37522168E+001
  0.10984365E+001  0.57819137E+000  0.92200969E+000  0.37522897E+001
  0.10983592E+001  0.57857624E+000  0.92159734E+000  0.37523590E+001
  0.10982856E+001  0.57856319E+000  0.92158685E+000  0.37524248E+001
  0.10982158E+001  0.57855171E+000  0.92176144E+000  0.37523041E+001
  0.10981498E+001  0.57854168E+000  0.92175478E+000  0.37523631E+001
  0.10980875E+001  0.57853297E+000  0.92174962E+000  0.37524189E+001
  0.10980289E+001  0.57852544E+000  0.92175808E+000  0.37524035E+001
  0.10979741E+001  0.57854313E+000  0.92170901E+000  0.37525311E+001
  0.10979228E+001  0.57853766E+000  0.92170703E+000  0.37525778E+001
  0.10978752E+001  0.57853307E+000  0.92170573E+000  0.37526217E+001
  0.10978310E+001  0.57852925E+000  0.92170493E+000  0.37526627E+001
  0.10977903E+001  0.57852614E+000  0.92170450E+000  0.37527010E+001
  0.10977529E+001  0.57852366E+000  0.92170433E+000  0.37527365E+001
  0.10977186E+001  0.57852173E+000  0.92170433E+000  0.37527693E+001
  0.10976875E+001  0.57852032E+000  0.92170444E+000  0.37527995E+001
  0.10976664E+001  0.57851223E+000  0.92170462E+000  0.37528270E+001
  0.10976410E+001  0.57851168E+000  0.92170485E+000  0.37528520E+001
  0.10976182E+001  0.57851149E+000  0.92170513E+000  0.37528745E+001
  0.10975979E+001  0.57851164E+000  0.92170546E+000  0.37528946E+001
  0.10975799E+001  0.57851210E+000  0.92170587E+000  0.37529123E+001
  0.10975640E+001  0.57851283E+000  0.92170637E+000  0.37529278E+001
  0.10975501E+001  0.57851381E+000  0.92170699E+000  0.37529411E+001
  0.10975379E+001  0.57851501E+000  0.92170777E+000  0.37529525E+001
  0.10975272E+001  0.57851640E+000  0.92170873E+000  0.37529620E+001
  0.10975180E+001  0.57851797E+000  0.92170988E+000  0.37529698E+001
  0.10975099E+001  0.57851967E+000  0.92171125E+000  0.37529761E+001
  0.10975029E+001  0.57852149E+000  0.92171285E+000  0.37529810E+001
  0.10974969E+001  0.57852331E+000  0.92171469E+000  0.37529846E+001
  0.10974915E+001  0.57852529E+000  0.92171675E+000  0.37529873E+001
  0.10974868E+001  0.57852730E+000  0.92171905E+000  0.37529890E+001
  0.10974826E+001  0.57852932E+000  0.92172156E+000  0.37529899E+001
  0.10974787E+001  0.57853133E+000  0.92172427E+000  0.37529903E+001
  0.10974752E+001  0.57853330E+000  0.92172718E+000  0.37529901E+001
  0.10974719E+001  0.57853522E+000  0.92173025E+000  0.37529896E+001
  0.10974689E+001  0.57853706E+000  0.92173346E+000  0.37529887E+001
  0.10974659E+001  0.57853880E+000  0.92173680E+000  0.37529877E+001
  0.10974631E+001  0.57854043E+000  0.92174025E+000  0.37529865E+001
  0.10974604E+001  0.57854193E+000  0.92174377E+000  0.37529852E+001
  0.10974578E+001  0.57854328E+000  0.92174735E+000  0.37529838E+001
  0.10974552E+001  0.57854448E+000  0.92175097E+000  0.37529825E+001
  0.10974528E+001  0.57854551E+000  0.92175461E+000  0.37529811E+001
  0.10974504E+001  0.57854678E+000  0.92175783E+000  0.37529798E+001
  0.10974481E+001  0.57854745E+000  0.92176145E+000  0.37529786E+001
  0.10974459E+001  0.57854792E+000  0.92176503E+000  0.37529774E+001
  0.10974439E+001  0.57854820E+000  0.92176856E+000  0.37529763E+001
  0.10974420E+001  0.57854827E+000  0.92177203E+000  0.37529753E+001
  0.10974403E+001  0.57854815E+000  0.92177543E+000  0.37529743E+001
  0.10974387E+001  0.57854782E+000  0.92177874E+000  0.37529735E+001
  0.10974373E+001  0.57854729E+000  0.92178195E+000  0.37529727E+001
  0.10974361E+001  0.57854656E+000  0.92178505E+000  0.37529719E+001
  0.10974351E+001  0.57854564E+000  0.92178803E+000  0.37529713E+001
  0.10974343E+001  0.57854454E+000  0.92179089E+000  0.37529707E+001
  0.10974338E+001  0.57854326E+000  0.92179362E+000  0.37529701E+001
  0.10974334E+001  0.57854182E+000  0.92179620E+000  0.37529696E+001
  0.10974333E+001  0.57854022E+000  0.92179865E+000  0.37529692E+001
  0.10974334E+001  0.57853849E+000  0.92180094E+000  0.37529688E+001
  0.10974337E+001  0.57853662E+000  0.92180308E+000  0.37529685E+001
  0.10974342E+001  0.57853465E+000  0.92180507E+000  0.37529681E+001
  0.10974349E+001  0.57853258E+000  0.92180689E+000  0.37529679E+001
  0.10974358E+001  0.57853044E+000  0.92180855E+000  0.37529676E+001
  0.10974369E+001  0.57852824E+000  0.92181005E+000  0.37529674E+001
  0.10974382E+001  0.57852600E+000  0.92181139E+000  0.37529671E+001
  0.10974396E+001  0.57852374E+000  0.92181256E+000  0.37529669E+001
  0.10974412E+001  0.57852148E+000  0.92181357E+000  0.37529667E+001
  0.10974429E+001  0.57851923E+000  0.92181442E+000  0.37529665E+001
  0.10974447E+001  0.57851701E+000  0.92181512E+000  0.37529663E+001
  0.10974466E+001  0.57851483E+000  0.92181566E+000  0.37529661E+001
  0.10974486E+001  0.57851272E+000  0.92181606E+000  0.37529659E+001
  0.10974507E+001  0.57851068E+000  0.92181632E+000  0.37529656E+001
  0.10974528E+001  0.57850873E+000  0.92181644E+000  0.37529654E+001
  0.10974550E+001  0.57850687E+000  0.92181643E+000  0.37529651E+001
  0.10974572E+001  0.57850513E+000  0.92181630E+000  0.37529648E+001
  0.10974595E+001  0.57850349E+000  0.92181606E+000  0.37529645E+001
  0.10974617E+001  0.57850198E+000  0.92181571E+000  0.37529641E+001
  0.10974639E+001  0.57850059E+000  0.92181527E+000  0.37529638E+001
  0.10974661E+001  0.57849933E+000  0.92181474E+000  0.37529634E+001
  0.10974682E+001  0.57849820E+000  0.92181413E+000  0.37529630E+001
  0.10974703E+001  0.57849720E+000  0.92181345E+000  0.37529626E+001
  0.10974724E+001  0.57849633E+000  0.92181271E+000  0.37529621E+001
  0.10974743E+001  0.57849558E+000  0.92181192E+000  0.37529617E+001
  0.10974763E+001  0.57849496E+000  0.92181109E+000  0.37529612E+001
  0.10974781E+001  0.57849445E+000  0.92181023E+000  0.37529608E+001
  0.10974799E+001  0.57849406E+000  0.92180934E+000  0.37529603E+001
  0.10974815E+001  0.57849377E+000  0.92180843E+000  0.37529598E+001
  0.10974831E+001  0.57849358E+000  0.92180752E+000  0.37529593E+001
  0.10974846E+001  0.57849348E+000  0.92180660E+000  0.37529588E+001
  0.10974860E+001  0.57849347E+000  0.92180568E+000  0.37529584E+001
  0.10974873E+001  0.57849353E+000  0.92180477E+000  0.37529579E+001
  0.10974885E+001  0.57849366E+000  0.92180388E+000  0.37529574E+001
  0.10974897E+001  0.57849386E+000  0.92180300E+000  0.37529570E+001
  0.10974907E+001  0.57849411E+000  0.92180215E+000  0.37529565E+001
  0.10974916E+001  0.57849440E+000  0.92180132E+000  0.37529561E+001
  0.10974925E+001  0.57849473E+000  0.92180053E+000  0.37529557E+001
  0.10974932E+001  0.57849510E+000  0.92179977E+000  0.37529554E+001
  0.10974939E+001  0.57849549E+000  0.92179904E+000  0.37529550E+001
  0.10974945E+001  0.57849590E+000  0.92179834E+000  0.37529547E+001
  0.10974950E+001  0.57849633E+000  0.92179769E+000  0.37529544E+001
  0.10974955E+001  0.57849677E+000  0.92179707E+000  0.37529541E+001
  0.10974959E+001  0.57849720E+000  0.92179649E+000  0.37529538E+001
  0.10974962E+001  0.57849765E+000  0.92179595E+000  0.37529536E+001
  0.10974965E+001  0.57849808E+000  0.92179544E+000  0.37529534E+001
  0.10974967E+001  0.57849851E+000  0.92179497E+000  0.37529532E+001
  0.10974968E+001  0.57849893E+000  0.92179454E+000  0.37529531E+001
  0.10974969E+001  0.57849934E+000  0.92179414E+000  0.37529530E+001
  0.10974970E+001  0.57849973E+000  0.92179378E+000  0.37529529E+001
  0.10974970E+001  0.57850011E+000  0.92179345E+000  0.37529528E+001
  0.10974970E+001  0.57850047E+000  0.92179315E+000  0.37529528E+001
  0.10974969E+001  0.57850081E+000  0.92179287E+000  0.37529527E+001
  0.10974968E+001  0.57850113E+000  0.92179263E+000  0.37529527E+001
  0.10974967E+001  0.57850143E+000  0.92179241E+000  0.37529527E+001
  0.10974966E+001  0.57850171E+000  0.92179222E+000  0.37529528E+001
  0.10974964E+001  0.57850197E+000  0.92179205E+000  0.37529528E+001
  0.10974963E+001  0.57850221E+000  0.92179190E+000  0.37529529E+001
  0.10974961E+001  0.57850244E+000  0.92179177E+000  0.37529530E+001
  0.10974959E+001  0.57850264E+000  0.92179166E+000  0.37529531E+001
  0.10974957E+001  0.57850282E+000  0.92179157E+000  0.37529532E+001
  0.10974955E+001  0.57850299E+000  0.92179149E+000  0.37529533E+001
  0.10974953E+001  0.57850314E+000  0.92179143E+000  0.37529534E+001
  0.10974951E+001  0.57850327E+000  0.92179138E+000  0.37529535E+001
  0.10974949E+001  0.57850339E+000  0.92179134E+000  0.37529537E+001
  0.10974946E+001  0.57850349E+000  0.92179131E+000  0.37529538E+001
  0.10974944E+001  0.57850358E+000  0.92179129E+000  0.37529540E+001
  0.10974942E+001  0.57850365E+000  0.92179127E+000  0.37529541E+001
  0.10974940E+001  0.57850372E+000  0.92179127E+000  0.37529542E+001
  0.10974938E+001  0.57850377E+000  0.92179127E+000  0.37529544E+001
  0.10974936E+001  0.57850381E+000  0.92179128E+000  0.37529545E+001
  0.10974934E+001  0.57850385E+000  0.92179129E+000  0.37529547E+001
  0.10974932E+001  0.57850387E+000  0.92179130E+000  0.37529548E+001
  0.10974931E+001  0.57850389E+000  0.92179132E+000  0.37529550E+001
  0.10974929E+001  0.57850390E+000  0.92179134E+000  0.37529551E+001
  0.10974927E+001  0.57850391E+000  0.92179137E+000  0.37529552E+001
  0.10974926E+001  0.57850391E+000  0.92179140E+000  0.37529553E+001
  0.10974924E+001  0.57850390E+000  0.92179142E+000  0.37529555E+001
  0.10974923E+001  0.57850389E+000  0.92179145E+000  0.37529556E+001
  0.10974922E+001  0.57850388E+000  0.92179148E+000  0.37529557E+001
  0.10974920E+001  0.57850386E+000  0.92179151E+000  0.37529558E+001
  0.10974919E+001  0.57850385E+000  0.92179154E+000  0.37529559E+001
  0.10974918E+001  0.57850382E+000  0.92179157E+000  0.37529560E+001
  0.10974917E+001  0.57850380E+000  0.92179160E+000  0.37529561E+001
  0.10974916E+001  0.57850378E+000  0.92179163E+000  0.37529562E+001
  0.10974915E+001  0.57850375E+000  0.92179166E+000  0.37529563E+001
  0.10974914E+001  0.57850372E+000  0.92179168E+000  0.37529564E+001
  0.10974914E+001  0.57850369E+000  0.92179171E+000  0.37529564E+001
  0.10974913E+001  0.57850367E+000  0.92179174E+000  0.37529565E+001
