 -0.15587242E+000  0.23012034E+000  0.22770874E+001  0.39994079E+001
 -0.15348239E+000  0.23392539E+000  0.22795960E+001  0.39918005E+001
 -0.15203052E+000  0.23674648E+000  0.22814132E+001  0.39866039E+001
 -0.15100846E+000  0.23816104E+000  0.22833404E+001  0.39829623E+001
 -0.15027501E+000  0.23903265E+000  0.22848754E+001  0.39803999E+001
 -0.14975250E+000  0.23962098E+000  0.22860033E+001  0.39786173E+001
 -0.14939596E+000  0.24000088E+000  0.22868253E+001  0.39774130E+001
 -0.14916779E+000  0.24022761E+000  0.22874105E+001  0.39766413E+001
 -0.14903863E+000  0.24034007E+000  0.22878102E+001  0.39761965E+001
 -0.14898749E+000  0.24036657E+000  0.22880646E+001  0.39760010E+001
 -0.14899775E+000  0.24032704E+000  0.22882058E+001  0.39759958E+001
 -0.14905496E+000  0.24023561E+000  0.22882593E+001  0.39761351E+001
 -0.14914790E+000  0.24010395E+000  0.22882450E+001  0.39763831E+001
 -0.14926756E+000  0.23994065E+000  0.22881787E+001  0.39767124E+001
 -0.14940682E+000  0.23975289E+000  0.22880721E+001  0.39771015E+001
 -0.14956044E+000  0.23954687E+000  0.22879345E+001  0.39775340E+001
 -0.14972454E+000  0.23932764E+000  0.22877732E+001  0.39779972E+001
 -0.14989620E+000  0.23909928E+000  0.22875937E+001  0.39784813E+001
 -0.15007309E+000  0.23886503E+000  0.22874004E+001  0.39789788E+001
 -0.15025343E+000  0.23862750E+000  0.22871968E+001  0.39794840E+001
 -0.15043583E+000  0.23838883E+000  0.22869856E+001  0.39799923E+001
 -0.15061909E+000  0.23815064E+000  0.22867689E+001  0.39805001E+001
 -0.15080219E+000  0.23791425E+000  0.22865485E+001  0.39810048E+001
 -0.15098430E+000  0.23768067E+000  0.22863256E+001  0.39815043E+001
 -0.15116476E+000  0.23745067E+000  0.22861014E+001  0.39819971E+001
 -0.15134301E+000  0.23722485E+000  0.22858766E+001  0.39824818E+001
 -0.15151860E+000  0.23700372E+000  0.22856519E+001  0.39829575E+001
 -0.15169117E+000  0.23678760E+000  0.22854281E+001  0.39834237E+001
 -0.15186043E+000  0.23657674E+000  0.22852055E+001  0.39838797E+001
 -0.15202615E+000  0.23637130E+000  0.22849847E+001  0.39843252E+001
 -0.15218817E+000  0.23617144E+000  0.22847661E+001  0.39847599E+001
 -0.15234635E+000  0.23597726E+000  0.22845501E+001  0.39851836E+001
 -0.15250059E+000  0.23578884E+000  0.22843370E+001  0.39855963E+001
 -0.15265085E+000  0.23560625E+000  0.22841272E+001  0.39859977E+001
 -0.15279709E+000  0.23542956E+000  0.22839210E+001  0.39863878E+001
 -0.15293929E+000  0.23525882E+000  0.22837187E+001  0.39867666E+001
 -0.15307746E+000  0.23509409E+000  0.22835206E+001  0.39871341E+001
 -0.15321162E+000  0.23493543E+000  0.22833269E+001  0.39874902E+001
 -0.15334179E+000  0.23478288E+000  0.22831379E+001  0.39878350E+001
 -0.15346801E+000  0.23463649E+000  0.22829537E+001  0.39881686E+001
 -0.15359029E+000  0.23447718E+000  0.22827937E+001  0.39884910E+001
 -0.15370869E+000  0.23426878E+000  0.22826942E+001  0.39888023E+001
 -0.15382322E+000  0.23407003E+000  0.22825966E+001  0.39891026E+001
 -0.15393391E+000  0.23388088E+000  0.22825011E+001  0.39893920E+001
 -0.15404078E+000  0.23370126E+000  0.22824078E+001  0.39896707E+001
 -0.15414385E+000  0.23353111E+000  0.22823167E+001  0.39899388E+001
 -0.15424313E+000  0.23337031E+000  0.22822281E+001  0.39901965E+001
 -0.15433861E+000  0.23321874E+000  0.22821420E+001  0.39904438E+001
 -0.15443030E+000  0.23307624E+000  0.22820584E+001  0.39906810E+001
 -0.15451952E+000  0.23294398E+000  0.22819774E+001  0.39909081E+001
 -0.15460617E+000  0.23282166E+000  0.22818993E+001  0.39911252E+001
 -0.15468871E+000  0.23270755E+000  0.22818239E+001  0.39913325E+001
 -0.15476715E+000  0.23260142E+000  0.22817515E+001  0.39915300E+001
 -0.15484153E+000  0.23250306E+000  0.22816821E+001  0.39917177E+001
 -0.15491190E+000  0.23241221E+000  0.22816158E+001  0.39918958E+001
 -0.15497830E+000  0.23232863E+000  0.22815527E+001  0.39920642E+001
 -0.15504081E+000  0.23225203E+000  0.22814930E+001  0.39922231E+001
 -0.15509950E+000  0.23218214E+000  0.22814367E+001  0.39923724E+001
 -0.15515443E+000  0.23211868E+000  0.22813840E+001  0.39925122E+001
 -0.15520571E+000  0.23206134E+000  0.22813348E+001  0.39926427E+001
 -0.15525343E+000  0.23200984E+000  0.22812892E+001  0.39927638E+001
 -0.15529771E+000  0.23196388E+000  0.22812472E+001  0.39928756E+001
 -0.15533867E+000  0.23192318E+000  0.22812089E+001  0.39929783E+001
 -0.15537643E+000  0.23188745E+000  0.22811742E+001  0.39930721E+001
 -0.15541114E+000  0.23185642E+000  0.22811431E+001  0.39931570E+001
 -0.15544295E+000  0.23182981E+000  0.22811155E+001  0.39932333E+001
 -0.15547199E+000  0.23180737E+000  0.22810913E+001  0.39933013E+001
 -0.15549842E+000  0.23178884E+000  0.22810704E+001  0.39933611E+001
 -0.15552241E+000  0.23177398E+000  0.22810527E+001  0.39934131E+001
 -0.15554410E+000  0.23176255E+000  0.22810381E+001  0.39934575E+001
 -0.15556367E+000  0.23175431E+000  0.22810263E+001  0.39934949E+001
 -0.15558125E+000  0.23174904E+000  0.22810171E+001  0.39935254E+001
 -0.15559701E+000  0.23174651E+000  0.22810104E+001  0.39935497E+001
 -0.15561110E+000  0.23174650E+000  0.22810060E+001  0.39935680E+001
 -0.15562367E+000  0.23174879E+000  0.22810036E+001  0.39935809E+001
 -0.15563485E+000  0.23175317E+000  0.22810030E+001  0.39935889E+001
 -0.15564479E+000  0.23175942E+000  0.22810039E+001  0.39935925E+001
 -0.15565360E+000  0.23176734E+000  0.22810061E+001  0.39935922E+001
 -0.15566142E+000  0.23177670E+000  0.22810094E+001  0.39935884E+001
 -0.15566836E+000  0.23178732E+000  0.22810136E+001  0.39935818E+001
 -0.15567452E+000  0.23179901E+000  0.22810185E+001  0.39935727E+001
 -0.15567999E+000  0.23181156E+000  0.22810238E+001  0.39935616E+001
 -0.15568488E+000  0.23182481E+000  0.22810294E+001  0.39935489E+001
 -0.15568925E+000  0.23183860E+000  0.22810351E+001  0.39935351E+001
 -0.15569318E+000  0.23185277E+000  0.22810407E+001  0.39935205E+001
 -0.15569673E+000  0.23186718E+000  0.22810463E+001  0.39935054E+001
 -0.15569996E+000  0.23188170E+000  0.22810516E+001  0.39934901E+001
 -0.15570292E+000  0.23189622E+000  0.22810566E+001  0.39934748E+001
 -0.15570564E+000  0.23191063E+000  0.22810612E+001  0.39934596E+001
 -0.15570816E+000  0.23192484E+000  0.22810655E+001  0.39934449E+001
 -0.15571051E+000  0.23193877E+000  0.22810694E+001  0.39934305E+001
 -0.15571272E+000  0.23195233E+000  0.22810729E+001  0.39934168E+001
 -0.15571480E+000  0.23196546E+000  0.22810761E+001  0.39934035E+001
 -0.15571678E+000  0.23197809E+000  0.22810790E+001  0.39933910E+001
 -0.15571866E+000  0.23199018E+000  0.22810818E+001  0.39933790E+001
 -0.15572046E+000  0.23200166E+000  0.22810844E+001  0.39933676E+001
 -0.15572219E+000  0.23201248E+000  0.22810870E+001  0.39933567E+001
 -0.15572386E+000  0.23202260E+000  0.22810897E+001  0.39933464E+001
 -0.15572547E+000  0.23203198E+000  0.22810926E+001  0.39933365E+001
 -0.15572702E+000  0.23204056E+000  0.22810957E+001  0.39933270E+001
 -0.15572853E+000  0.23204832E+000  0.22810993E+001  0.39933179E+001
 -0.15572999E+000  0.23205522E+000  0.22811033E+001  0.39933091E+001
 -0.15573142E+000  0.23206122E+000  0.22811079E+001  0.39933004E+001
 -0.15573281E+000  0.23206631E+000  0.22811132E+001  0.39932920E+001
 -0.15573416E+000  0.23207045E+000  0.22811192E+001  0.39932837E+001
 -0.15573548E+000  0.23207364E+000  0.22811261E+001  0.39932754E+001
 -0.15573677E+000  0.23207587E+000  0.22811338E+001  0.39932672E+001
 -0.15573803E+000  0.23207712E+000  0.22811423E+001  0.39932591E+001
 -0.15573927E+000  0.23207742E+000  0.22811518E+001  0.39932509E+001
 -0.15574047E+000  0.23207676E+000  0.22811621E+001  0.39932427E+001
 -0.15574165E+000  0.23207517E+000  0.22811734E+001  0.39932345E+001
 -0.15574281E+000  0.23207268E+000  0.22811855E+001  0.39932263E+001
 -0.15574393E+000  0.23206931E+000  0.22811984E+001  0.39932181E+001
 -0.15574503E+000  0.23206510E+000  0.22812120E+001  0.39932100E+001
 -0.15574611E+000  0.23206011E+000  0.22812264E+001  0.39932019E+001
 -0.15574715E+000  0.23205438E+000  0.22812412E+001  0.39931940E+001
 -0.15574817E+000  0.23204796E+000  0.22812566E+001  0.39931862E+001
 -0.15574916E+000  0.23204093E+000  0.22812723E+001  0.39931787E+001
 -0.15575012E+000  0.23203333E+000  0.22812883E+001  0.39931714E+001
 -0.15575105E+000  0.23202524E+000  0.22813043E+001  0.39931645E+001
 -0.15575195E+000  0.23201672E+000  0.22813204E+001  0.39931579E+001
 -0.15575281E+000  0.23200784E+000  0.22813363E+001  0.39931518E+001
 -0.15575365E+000  0.23199866E+000  0.22813520E+001  0.39931463E+001
 -0.15575445E+000  0.23198926E+000  0.22813672E+001  0.39931413E+001
 -0.15575522E+000  0.23197970E+000  0.22813820E+001  0.39931369E+001
 -0.15575595E+000  0.23197004E+000  0.22813961E+001  0.39931333E+001
 -0.15575665E+000  0.23196034E+000  0.22814094E+001  0.39931303E+001
 -0.15575731E+000  0.23195066E+000  0.22814219E+001  0.39931282E+001
 -0.15575794E+000  0.23194105E+000  0.22814335E+001  0.39931269E+001
 -0.15575853E+000  0.23193157E+000  0.22814441E+001  0.39931264E+001
 -0.15575909E+000  0.23192225E+000  0.22814537E+001  0.39931267E+001
 -0.15575962E+000  0.23191314E+000  0.22814621E+001  0.39931279E+001
 -0.15576011E+000  0.23190428E+000  0.22814693E+001  0.39931300E+001
 -0.15576056E+000  0.23189570E+000  0.22814754E+001  0.39931330E+001
 -0.15576099E+000  0.23188742E+000  0.22814803E+001  0.39931368E+001
 -0.15576138E+000  0.23187947E+000  0.22814841E+001  0.39931414E+001
 -0.15576174E+000  0.23187188E+000  0.22814866E+001  0.39931468E+001
 -0.15576207E+000  0.23186465E+000  0.22814880E+001  0.39931530E+001
 -0.15576237E+000  0.23185779E+000  0.22814883E+001  0.39931598E+001
 -0.15576264E+000  0.23185133E+000  0.22814876E+001  0.39931673E+001
 -0.15576288E+000  0.23184525E+000  0.22814858E+001  0.39931754E+001
 -0.15576310E+000  0.23183956E+000  0.22814831E+001  0.39931840E+001
 -0.15576330E+000  0.23183426E+000  0.22814795E+001  0.39931931E+001
 -0.15576347E+000  0.23182935E+000  0.22814750E+001  0.39932026E+001
 -0.15576361E+000  0.23182482E+000  0.22814699E+001  0.39932124E+001
 -0.15576374E+000  0.23182066E+000  0.22814641E+001  0.39932225E+001
 -0.15576384E+000  0.23181685E+000  0.22814577E+001  0.39932328E+001
 -0.15576393E+000  0.23181340E+000  0.22814508E+001  0.39932433E+001
 -0.15576400E+000  0.23181029E+000  0.22814435E+001  0.39932538E+001
 -0.15576406E+000  0.23180749E+000  0.22814358E+001  0.39932643E+001
 -0.15576410E+000  0.23180501E+000  0.22814279E+001  0.39932747E+001
 -0.15576412E+000  0.23180282E+000  0.22814197E+001  0.39932850E+001
 -0.15576413E+000  0.23180090E+000  0.22814115E+001  0.39932952E+001
 -0.15576414E+000  0.23179924E+000  0.22814032E+001  0.39933051E+001
 -0.15576413E+000  0.23179783E+000  0.22813949E+001  0.39933148E+001
 -0.15576411E+000  0.23179664E+000  0.22813866E+001  0.39933243E+001
 -0.15576408E+000  0.23179567E+000  0.22813785E+001  0.39933333E+001
 -0.15576405E+000  0.23179489E+000  0.22813705E+001  0.39933421E+001
 -0.15576401E+000  0.23179430E+000  0.22813627E+001  0.39933504E+001
 -0.15576396E+000  0.23179387E+000  0.22813552E+001  0.39933583E+001
 -0.15576391E+000  0.23179358E+000  0.22813479E+001  0.39933658E+001
 -0.15576385E+000  0.23179344E+000  0.22813409E+001  0.39933729E+001
 -0.15576379E+000  0.23179342E+000  0.22813342E+001  0.39933795E+001
 -0.15576373E+000  0.23179351E+000  0.22813278E+001  0.39933857E+001
 -0.15576367E+000  0.23179369E+000  0.22813218E+001  0.39933915E+001
 -0.15576360E+000  0.23179397E+000  0.22813162E+001  0.39933968E+001
 -0.15576354E+000  0.23179431E+000  0.22813109E+001  0.39934017E+001
 -0.15576347E+000  0.23179473E+000  0.22813060E+001  0.39934061E+001
 -0.15576340E+000  0.23179519E+000  0.22813014E+001  0.39934101E+001
 -0.15576333E+000  0.23179571E+000  0.22812972E+001  0.39934138E+001
 -0.15576327E+000  0.23179626E+000  0.22812933E+001  0.39934170E+001
 -0.15576320E+000  0.23179685E+000  0.22812898E+001  0.39934199E+001
 -0.15576313E+000  0.23179745E+000  0.22812866E+001  0.39934224E+001
 -0.15576307E+000  0.23179808E+000  0.22812838E+001  0.39934245E+001
 -0.15576301E+000  0.23179872E+000  0.22812812E+001  0.39934264E+001
 -0.15576295E+000  0.23179936E+000  0.22812790E+001  0.39934279E+001
 -0.15576289E+000  0.23180001E+000  0.22812770E+001  0.39934292E+001
 -0.15576283E+000  0.23180065E+000  0.22812753E+001  0.39934302E+001
 -0.15576278E+000  0.23180129E+000  0.22812739E+001  0.39934309E+001
 -0.15576272E+000  0.23180191E+000  0.22812726E+001  0.39934314E+001
 -0.15576267E+000  0.23180253E+000  0.22812717E+001  0.39934318E+001
 -0.15576262E+000  0.23180313E+000  0.22812709E+001  0.39934319E+001
 -0.15576258E+000  0.23180371E+000  0.22812703E+001  0.39934319E+001
 -0.15576253E+000  0.23180428E+000  0.22812698E+001  0.39934317E+001
 -0.15576249E+000  0.23180483E+000  0.22812696E+001  0.39934314E+001
 -0.15576245E+000  0.23180535E+000  0.22812694E+001  0.39934309E+001
 -0.15576241E+000  0.23180585E+000  0.22812694E+001  0.39934304E+001
 -0.15576238E+000  0.23180634E+000  0.22812695E+001  0.39934298E+001
 -0.15576234E+000  0.23180679E+000  0.22812697E+001  0.39934291E+001
 -0.15576231E+000  0.23180723E+000  0.22812700E+001  0.39934283E+001
 -0.15576228E+000  0.23180764E+000  0.22812704E+001  0.39934275E+001
 -0.15576225E+000  0.23180803E+000  0.22812709E+001  0.39934266E+001
 -0.15576223E+000  0.23180840E+000  0.22812714E+001  0.39934257E+001
 -0.15576220E+000  0.23180874E+000  0.22812719E+001  0.39934248E+001
 -0.15576218E+000  0.23180907E+000  0.22812725E+001  0.39934239E+001
 -0.15576216E+000  0.23180937E+000  0.22812731E+001  0.39934229E+001
 -0.15576214E+000  0.23180964E+000  0.22812737E+001  0.39934220E+001
 -0.15576213E+000  0.23180990E+000  0.22812744E+001  0.39934211E+001
 -0.15576211E+000  0.23181013E+000  0.22812750E+001  0.39934202E+001
 -0.15576208E+000  0.23181036E+000  0.22812757E+001  0.39934193E+001
