  0.16380372E+001
  0.16377538E+001
  0.16375591E+001
  0.16374272E+001
  0.16373383E+001
  0.16372798E+001
  0.16372448E+001
  0.16372272E+001
  0.16372229E+001
  0.16372282E+001
  0.16372408E+001
  0.16372588E+001
  0.16372802E+001
  0.16373039E+001
  0.16373290E+001
  0.16373549E+001
  0.16373810E+001
  0.16374070E+001
  0.16374326E+001
  0.16374576E+001
  0.16374819E+001
  0.16375052E+001
  0.16375275E+001
  0.16375489E+001
  0.16375691E+001
  0.16375882E+001
  0.16376063E+001
  0.16376233E+001
  0.16376392E+001
  0.16376541E+001
  0.16376680E+001
  0.16376811E+001
  0.16376932E+001
  0.16377046E+001
  0.16377152E+001
  0.16377252E+001
  0.16377346E+001
  0.16377435E+001
  0.16377519E+001
  0.16377600E+001
  0.16377678E+001
  0.16377754E+001
  0.16377829E+001
  0.16377902E+001
  0.16377976E+001
  0.16378049E+001
  0.16378124E+001
  0.16378199E+001
  0.16378275E+001
  0.16378353E+001
  0.16378432E+001
  0.16378512E+001
  0.16378594E+001
  0.16378677E+001
  0.16378760E+001
  0.16378845E+001
  0.16378929E+001
  0.16379014E+001
  0.16379098E+001
  0.16379181E+001
  0.16379262E+001
  0.16379342E+001
  0.16379420E+001
  0.16379495E+001
  0.16379567E+001
  0.16379636E+001
  0.16379702E+001
  0.16379764E+001
  0.16379822E+001
  0.16379876E+001
  0.16379925E+001
  0.16379971E+001
  0.16380013E+001
  0.16380052E+001
  0.16380086E+001
  0.16380117E+001
  0.16380144E+001
  0.16380169E+001
  0.16380191E+001
  0.16380210E+001
  0.16380227E+001
  0.16380241E+001
  0.16380254E+001
  0.16380266E+001
  0.16380276E+001
  0.16380285E+001
  0.16380293E+001
  0.16380300E+001
  0.16380306E+001
  0.16380312E+001
  0.16380317E+001
  0.16380322E+001
  0.16380326E+001
  0.16380330E+001
  0.16380334E+001
  0.16380337E+001
  0.16380340E+001
  0.16380343E+001
  0.16380345E+001
  0.16380348E+001
  0.16380350E+001
  0.16380352E+001
  0.16380353E+001
  0.16380355E+001
  0.16380357E+001
  0.16380358E+001
  0.16380359E+001
  0.16380360E+001
  0.16380361E+001
  0.16380362E+001
  0.16380362E+001
  0.16380363E+001
  0.16380364E+001
  0.16380364E+001
  0.16380365E+001
  0.16380365E+001
  0.16380365E+001
  0.16380365E+001
  0.16380366E+001
  0.16380366E+001
  0.16380366E+001
  0.16380366E+001
  0.16380366E+001
  0.16380366E+001
  0.16380366E+001
  0.16380366E+001
  0.16380366E+001
  0.16380367E+001
  0.16380367E+001
  0.16380367E+001
  0.16380367E+001
  0.16380367E+001
  0.16380367E+001
  0.16380367E+001
  0.16380367E+001
  0.16380367E+001
  0.16380367E+001
  0.16380368E+001
  0.16380368E+001
  0.16380368E+001
  0.16380368E+001
  0.16380368E+001
  0.16380368E+001
  0.16380369E+001
  0.16380369E+001
  0.16380369E+001
  0.16380369E+001
  0.16380369E+001
  0.16380370E+001
  0.16380370E+001
  0.16380370E+001
  0.16380370E+001
  0.16380370E+001
  0.16380371E+001
  0.16380371E+001
  0.16380371E+001
  0.16380371E+001
  0.16380371E+001
  0.16380372E+001
  0.16380372E+001
  0.16380372E+001
  0.16380372E+001
  0.16380372E+001
  0.16380372E+001
  0.16380373E+001
  0.16380373E+001
  0.16380373E+001
  0.16380373E+001
  0.16380373E+001
  0.16380373E+001
  0.16380373E+001
  0.16380373E+001
  0.16380373E+001
  0.16380373E+001
  0.16380373E+001
  0.16380373E+001
  0.16380373E+001
  0.16380373E+001
  0.16380373E+001
  0.16380374E+001
  0.16380374E+001
  0.16380374E+001
  0.16380374E+001
  0.16380374E+001
  0.16380373E+001
  0.16380373E+001
  0.16380373E+001
  0.16380373E+001
  0.16380373E+001
  0.16380373E+001
  0.16380373E+001
  0.16380373E+001
  0.16380373E+001
  0.16380373E+001
  0.16380373E+001
  0.16380373E+001
  0.16380373E+001
  0.16380373E+001
  0.16380373E+001
  0.16380373E+001
