  0.60650683E+000
  0.60349857E+000
  0.60133955E+000
  0.59975534E+000
  0.59861596E+000
  0.59780819E+000
  0.59722332E+000
  0.59681325E+000
  0.59655002E+000
  0.59640397E+000
  0.59635389E+000
  0.59641457E+000
  0.59650529E+000
  0.59660901E+000
  0.59672053E+000
  0.59683410E+000
  0.59694682E+000
  0.59705683E+000
  0.59716362E+000
  0.59726704E+000
  0.59736712E+000
  0.59746414E+000
  0.59755836E+000
  0.59764990E+000
  0.59773904E+000
  0.59782575E+000
  0.59790981E+000
  0.59799100E+000
  0.59806911E+000
  0.59814390E+000
  0.59821520E+000
  0.59828283E+000
  0.59834664E+000
  0.59840652E+000
  0.59846240E+000
  0.59851424E+000
  0.59856206E+000
  0.59860591E+000
  0.59864586E+000
  0.59868206E+000
  0.59871466E+000
  0.59874386E+000
  0.59876988E+000
  0.59879293E+000
  0.59881329E+000
  0.59883118E+000
  0.59884687E+000
  0.59886060E+000
  0.59887261E+000
  0.59888311E+000
  0.59889231E+000
  0.59890182E+000
  0.59891161E+000
  0.59892094E+000
  0.59892961E+000
  0.59893765E+000
  0.59894514E+000
  0.59895213E+000
  0.59895871E+000
  0.59896493E+000
  0.59897085E+000
  0.59897650E+000
  0.59898193E+000
  0.59898716E+000
  0.59899221E+000
  0.59899710E+000
  0.59900184E+000
  0.59900644E+000
  0.59901091E+000
  0.59901525E+000
  0.59901946E+000
  0.59902354E+000
  0.59902749E+000
  0.59903132E+000
  0.59903502E+000
  0.59903860E+000
  0.59904205E+000
  0.59904538E+000
  0.59904858E+000
  0.59905167E+000
  0.59905464E+000
  0.59905750E+000
  0.59906025E+000
  0.59906288E+000
  0.59906540E+000
  0.59906781E+000
  0.59907011E+000
  0.59907230E+000
  0.59907437E+000
  0.59907633E+000
  0.59907818E+000
  0.59907992E+000
  0.59908154E+000
  0.59908305E+000
  0.59908445E+000
  0.59908574E+000
  0.59908693E+000
  0.59908801E+000
  0.59908900E+000
  0.59908990E+000
  0.59909071E+000
  0.59909143E+000
  0.59909208E+000
  0.59909265E+000
  0.59909315E+000
  0.59909359E+000
  0.59909397E+000
  0.59909430E+000
  0.59909458E+000
  0.59909481E+000
  0.59909500E+000
  0.59909515E+000
  0.59909526E+000
  0.59909534E+000
  0.59909538E+000
  0.59909540E+000
  0.59909540E+000
  0.59909536E+000
  0.59909531E+000
  0.59909524E+000
  0.59909515E+000
  0.59909504E+000
  0.59909491E+000
  0.59909477E+000
  0.59909461E+000
  0.59909445E+000
  0.59909427E+000
  0.59909408E+000
  0.59909389E+000
  0.59909368E+000
  0.59909347E+000
  0.59909326E+000
  0.59909304E+000
  0.59909281E+000
  0.59909258E+000
  0.59909235E+000
  0.59909212E+000
  0.59909189E+000
  0.59909166E+000
  0.59909143E+000
  0.59909120E+000
  0.59909098E+000
  0.59909076E+000
  0.59909054E+000
  0.59909033E+000
  0.59909012E+000
  0.59908992E+000
  0.59908972E+000
  0.59908953E+000
  0.59908935E+000
  0.59908917E+000
  0.59908901E+000
  0.59908885E+000
  0.59908869E+000
  0.59908855E+000
  0.59908841E+000
  0.59908829E+000
  0.59908817E+000
  0.59908805E+000
  0.59908795E+000
  0.59908785E+000
  0.59908776E+000
  0.59908768E+000
  0.59908761E+000
  0.59908754E+000
  0.59908748E+000
  0.59908743E+000
  0.59908738E+000
  0.59908734E+000
  0.59908730E+000
  0.59908727E+000
  0.59908724E+000
  0.59908722E+000
  0.59908720E+000
  0.59908719E+000
  0.59908718E+000
  0.59908717E+000
  0.59908717E+000
  0.59908717E+000
  0.59908717E+000
  0.59908717E+000
  0.59908718E+000
  0.59908718E+000
  0.59908719E+000
  0.59908720E+000
  0.59908721E+000
  0.59908722E+000
  0.59908723E+000
  0.59908724E+000
  0.59908725E+000
  0.59908727E+000
  0.59908728E+000
  0.59908729E+000
  0.59908730E+000
  0.59908731E+000
  0.59908733E+000
  0.59908734E+000
  0.59908735E+000
  0.59908736E+000
  0.59908734E+000
