  0.19691179E+001
  0.16005091E+001
  0.15475629E+001
  0.15468690E+001
  0.15689839E+001
  0.16048208E+001
  0.16463112E+001
  0.16878549E+001
  0.17262839E+001
  0.17602125E+001
  0.17891948E+001
  0.18130019E+001
  0.18330100E+001
  0.18497190E+001
  0.18637064E+001
  0.18753929E+001
  0.18851436E+001
  0.18933121E+001
  0.19001957E+001
  0.19060442E+001
  0.19110892E+001
  0.19154989E+001
  0.19193973E+001
  0.19228734E+001
  0.19259923E+001
  0.19288050E+001
  0.19313512E+001
  0.19336579E+001
  0.19357465E+001
  0.19376350E+001
  0.19393393E+001
  0.19408739E+001
  0.19422527E+001
  0.19434893E+001
  0.19445971E+001
  0.19455890E+001
  0.19464777E+001
  0.19472752E+001
  0.19479929E+001
  0.19486413E+001
  0.19492297E+001
  0.19497669E+001
  0.19502600E+001
  0.19507156E+001
  0.19511388E+001
  0.19515341E+001
  0.19519051E+001
  0.19522545E+001
  0.19525847E+001
  0.19528972E+001
  0.19531931E+001
  0.19534319E+001
  0.19536081E+001
  0.19537435E+001
  0.19538516E+001
  0.19539412E+001
  0.19540176E+001
  0.19540843E+001
  0.19541433E+001
  0.19541960E+001
  0.19542431E+001
  0.19542855E+001
  0.19543234E+001
  0.19543573E+001
  0.19543875E+001
  0.19544142E+001
  0.19544376E+001
  0.19544581E+001
  0.19544757E+001
  0.19544906E+001
  0.19545031E+001
  0.19545132E+001
  0.19545212E+001
  0.19545271E+001
  0.19545311E+001
  0.19545334E+001
  0.19545342E+001
  0.19545335E+001
  0.19545315E+001
  0.19545283E+001
  0.19545242E+001
  0.19545192E+001
  0.19545136E+001
  0.19545074E+001
  0.19545007E+001
  0.19544938E+001
  0.19544866E+001
  0.19544792E+001
  0.19544718E+001
  0.19544644E+001
  0.19544571E+001
  0.19544499E+001
  0.19544429E+001
  0.19544360E+001
  0.19544294E+001
  0.19544230E+001
  0.19544169E+001
  0.19544110E+001
  0.19544055E+001
  0.19544002E+001
  0.19543953E+001
  0.19543906E+001
  0.19543863E+001
  0.19543823E+001
  0.19543786E+001
  0.19543753E+001
  0.19543722E+001
  0.19543695E+001
  0.19543671E+001
  0.19543650E+001
  0.19543632E+001
  0.19543616E+001
  0.19543604E+001
  0.19543594E+001
  0.19543586E+001
  0.19543581E+001
  0.19543578E+001
  0.19543577E+001
  0.19543578E+001
  0.19543581E+001
  0.19543585E+001
  0.19543591E+001
  0.19543598E+001
  0.19543606E+001
  0.19543616E+001
  0.19543626E+001
  0.19543637E+001
  0.19543648E+001
  0.19543660E+001
  0.19543673E+001
  0.19543685E+001
  0.19543698E+001
  0.19543712E+001
  0.19543725E+001
  0.19543738E+001
  0.19543751E+001
  0.19543764E+001
  0.19543777E+001
  0.19543790E+001
  0.19543803E+001
  0.19543815E+001
  0.19543827E+001
  0.19543839E+001
  0.19543850E+001
  0.19543862E+001
  0.19543872E+001
  0.19543883E+001
  0.19543893E+001
  0.19543903E+001
  0.19543912E+001
  0.19543921E+001
  0.19543930E+001
  0.19543939E+001
  0.19543947E+001
  0.19543954E+001
  0.19543962E+001
  0.19543969E+001
  0.19543975E+001
  0.19543982E+001
  0.19543988E+001
  0.19543993E+001
  0.19543999E+001
  0.19544004E+001
  0.19544008E+001
  0.19544013E+001
  0.19544017E+001
  0.19544021E+001
  0.19544024E+001
  0.19544028E+001
  0.19544031E+001
  0.19544033E+001
  0.19544036E+001
  0.19544038E+001
  0.19544041E+001
  0.19544042E+001
  0.19544044E+001
  0.19544046E+001
  0.19544047E+001
  0.19544048E+001
  0.19544049E+001
  0.19544050E+001
  0.19544051E+001
  0.19544051E+001
  0.19544052E+001
  0.19544052E+001
  0.19544053E+001
  0.19544053E+001
  0.19544053E+001
  0.19544053E+001
  0.19544053E+001
  0.19544053E+001
  0.19544052E+001
  0.19544052E+001
  0.19544052E+001
  0.19544051E+001
  0.19544051E+001
  0.19544051E+001
  0.19544051E+001
  0.19544050E+001
  0.19544047E+001
