  0.71258769E+000  0.86447487E+000  0.10465845E+001  0.24246873E+001
  0.71223583E+000  0.86310061E+000  0.10457087E+001  0.24221683E+001
  0.71059653E+000  0.86175590E+000  0.10446896E+001  0.24203997E+001
  0.70911628E+000  0.86059358E+000  0.10436694E+001  0.24191231E+001
  0.70792556E+000  0.85955196E+000  0.10427465E+001  0.24181723E+001
  0.70699565E+000  0.85859815E+000  0.10419461E+001  0.24174467E+001
  0.70628310E+000  0.85769980E+000  0.10412632E+001  0.24168833E+001
  0.70571669E+000  0.85688099E+000  0.10406816E+001  0.24164414E+001
  0.70521757E+000  0.85619336E+000  0.10401871E+001  0.24160920E+001
  0.70477845E+000  0.85562111E+000  0.10397663E+001  0.24158146E+001
  0.70439597E+000  0.85514212E+000  0.10394084E+001  0.24155943E+001
  0.70406177E+000  0.85473968E+000  0.10391036E+001  0.24154202E+001
  0.70377167E+000  0.85440030E+000  0.10388437E+001  0.24152832E+001
  0.70351941E+000  0.85411355E+000  0.10386223E+001  0.24151761E+001
  0.70330015E+000  0.85386992E+000  0.10384335E+001  0.24150932E+001
  0.70310963E+000  0.85366224E+000  0.10382724E+001  0.24150300E+001
  0.70294404E+000  0.85348497E+000  0.10381349E+001  0.24149828E+001
  0.70279989E+000  0.85333371E+000  0.10380177E+001  0.24149486E+001
  0.70267429E+000  0.85320483E+000  0.10379177E+001  0.24149252E+001
  0.70256449E+000  0.85309531E+000  0.10378325E+001  0.24149108E+001
  0.70246802E+000  0.85300241E+000  0.10377599E+001  0.24149038E+001
  0.70238288E+000  0.85292381E+000  0.10376981E+001  0.24149031E+001
  0.70230742E+000  0.85285753E+000  0.10376455E+001  0.24149076E+001
  0.70224018E+000  0.85280180E+000  0.10376007E+001  0.24149165E+001
  0.70217994E+000  0.85275512E+000  0.10375626E+001  0.24149291E+001
  0.70212568E+000  0.85271614E+000  0.10375301E+001  0.24149447E+001
  0.70207656E+000  0.85268372E+000  0.10375026E+001  0.24149629E+001
  0.70203184E+000  0.85265688E+000  0.10374794E+001  0.24149832E+001
  0.70199091E+000  0.85263476E+000  0.10374599E+001  0.24150053E+001
  0.70195326E+000  0.85261665E+000  0.10374438E+001  0.24150289E+001
  0.70191845E+000  0.85260191E+000  0.10374305E+001  0.24150536E+001
  0.70188610E+000  0.85259002E+000  0.10374197E+001  0.24150793E+001
  0.70185590E+000  0.85258052E+000  0.10374113E+001  0.24151057E+001
  0.70182760E+000  0.85257304E+000  0.10374049E+001  0.24151327E+001
  0.70180097E+000  0.85256725E+000  0.10374003E+001  0.24151601E+001
  0.70177583E+000  0.85256289E+000  0.10373975E+001  0.24151878E+001
  0.70175204E+000  0.85255975E+000  0.10373962E+001  0.24152158E+001
  0.70172946E+000  0.85255765E+000  0.10373963E+001  0.24152439E+001
  0.70170801E+000  0.85255647E+000  0.10373977E+001  0.24152722E+001
  0.70168759E+000  0.85255609E+000  0.10374003E+001  0.24153005E+001
  0.70166816E+000  0.85255840E+000  0.10374020E+001  0.24153289E+001
  0.70164965E+000  0.85256704E+000  0.10373989E+001  0.24153573E+001
  0.70163205E+000  0.85257592E+000  0.10373970E+001  0.24153857E+001
  0.70161531E+000  0.85258502E+000  0.10373962E+001  0.24154142E+001
  0.70159943E+000  0.85259429E+000  0.10373964E+001  0.24154428E+001
  0.70158438E+000  0.85260371E+000  0.10373975E+001  0.24154715E+001
  0.70157018E+000  0.85261324E+000  0.10373994E+001  0.24155003E+001
  0.70155681E+000  0.85262287E+000  0.10374020E+001  0.24155293E+001
  0.70154427E+000  0.85263257E+000  0.10374053E+001  0.24155584E+001
  0.70153058E+000  0.85264429E+000  0.10374091E+001  0.24155877E+001
  0.70151587E+000  0.85265786E+000  0.10374134E+001  0.24156172E+001
  0.70150243E+000  0.85267097E+000  0.10374182E+001  0.24156468E+001
  0.70149024E+000  0.85268362E+000  0.10374234E+001  0.24156765E+001
  0.70147926E+000  0.85269582E+000  0.10374289E+001  0.24157064E+001
  0.70146947E+000  0.85270756E+000  0.10374348E+001  0.24157364E+001
  0.70146083E+000  0.85271886E+000  0.10374409E+001  0.24157665E+001
  0.70145329E+000  0.85272973E+000  0.10374473E+001  0.24157965E+001
  0.70144680E+000  0.85274017E+000  0.10374540E+001  0.24158266E+001
  0.70144132E+000  0.85275020E+000  0.10374609E+001  0.24158566E+001
  0.70143677E+000  0.85275984E+000  0.10374680E+001  0.24158865E+001
  0.70143312E+000  0.85276911E+000  0.10374753E+001  0.24159163E+001
  0.70143030E+000  0.85277803E+000  0.10374828E+001  0.24159458E+001
  0.70142824E+000  0.85278662E+000  0.10374903E+001  0.24159752E+001
  0.70142688E+000  0.85279492E+000  0.10374980E+001  0.24160042E+001
  0.70142617E+000  0.85280296E+000  0.10375058E+001  0.24160329E+001
  0.70142602E+000  0.85281076E+000  0.10375137E+001  0.24160613E+001
  0.70142638E+000  0.85281835E+000  0.10375217E+001  0.24160893E+001
  0.70142718E+000  0.85282577E+000  0.10375296E+001  0.24161168E+001
  0.70142835E+000  0.85283304E+000  0.10375376E+001  0.24161438E+001
  0.70142985E+000  0.85284020E+000  0.10375456E+001  0.24161703E+001
  0.70143160E+000  0.85284726E+000  0.10375536E+001  0.24161963E+001
  0.70143355E+000  0.85285424E+000  0.10375616E+001  0.24162217E+001
  0.70143565E+000  0.85286118E+000  0.10375695E+001  0.24162466E+001
  0.70143785E+000  0.85286808E+000  0.10375773E+001  0.24162707E+001
  0.70144011E+000  0.85287495E+000  0.10375850E+001  0.24162943E+001
  0.70144237E+000  0.85288181E+000  0.10375926E+001  0.24163171E+001
  0.70144461E+000  0.85288866E+000  0.10376000E+001  0.24163393E+001
  0.70144680E+000  0.85289550E+000  0.10376073E+001  0.24163607E+001
  0.70144890E+000  0.85290233E+000  0.10376144E+001  0.24163815E+001
  0.70145089E+000  0.85290914E+000  0.10376214E+001  0.24164014E+001
  0.70145275E+000  0.85291594E+000  0.10376281E+001  0.24164207E+001
  0.70145446E+000  0.85292270E+000  0.10376346E+001  0.24164392E+001
  0.70145602E+000  0.85292942E+000  0.10376409E+001  0.24164569E+001
  0.70145741E+000  0.85293608E+000  0.10376469E+001  0.24164739E+001
  0.70145863E+000  0.85294268E+000  0.10376527E+001  0.24164902E+001
  0.70145967E+000  0.85294921E+000  0.10376583E+001  0.24165057E+001
  0.70146054E+000  0.85295564E+000  0.10376636E+001  0.24165205E+001
  0.70146124E+000  0.85296197E+000  0.10376686E+001  0.24165345E+001
  0.70146177E+000  0.85296818E+000  0.10376734E+001  0.24165479E+001
  0.70146215E+000  0.85297427E+000  0.10376779E+001  0.24165605E+001
  0.70146237E+000  0.85298022E+000  0.10376822E+001  0.24165725E+001
  0.70146244E+000  0.85298603E+000  0.10376863E+001  0.24165838E+001
  0.70146238E+000  0.85299168E+000  0.10376901E+001  0.24165944E+001
  0.70146220E+000  0.85299717E+000  0.10376936E+001  0.24166044E+001
  0.70146190E+000  0.85300249E+000  0.10376970E+001  0.24166138E+001
  0.70146149E+000  0.85300763E+000  0.10377001E+001  0.24166227E+001
  0.70146099E+000  0.85301260E+000  0.10377031E+001  0.24166309E+001
  0.70146039E+000  0.85301738E+000  0.10377058E+001  0.24166387E+001
  0.70145973E+000  0.85302197E+000  0.10377084E+001  0.24166458E+001
  0.70145899E+000  0.85302638E+000  0.10377108E+001  0.24166525E+001
  0.70145819E+000  0.85303059E+000  0.10377131E+001  0.24166588E+001
  0.70145734E+000  0.85303461E+000  0.10377153E+001  0.24166645E+001
  0.70145644E+000  0.85303844E+000  0.10377173E+001  0.24166698E+001
  0.70145551E+000  0.85304208E+000  0.10377192E+001  0.24166747E+001
  0.70145454E+000  0.85304553E+000  0.10377211E+001  0.24166792E+001
  0.70145355E+000  0.85304878E+000  0.10377228E+001  0.24166834E+001
  0.70145254E+000  0.85305185E+000  0.10377245E+001  0.24166872E+001
  0.70145151E+000  0.85305473E+000  0.10377261E+001  0.24166906E+001
  0.70145048E+000  0.85305742E+000  0.10377276E+001  0.24166938E+001
  0.70144944E+000  0.85305994E+000  0.10377291E+001  0.24166966E+001
  0.70144840E+000  0.85306227E+000  0.10377306E+001  0.24166992E+001
  0.70144737E+000  0.85306443E+000  0.10377320E+001  0.24167015E+001
  0.70144634E+000  0.85306641E+000  0.10377334E+001  0.24167037E+001
  0.70144533E+000  0.85306823E+000  0.10377347E+001  0.24167056E+001
  0.70144433E+000  0.85306989E+000  0.10377360E+001  0.24167073E+001
  0.70144334E+000  0.85307138E+000  0.10377373E+001  0.24167088E+001
  0.70144238E+000  0.85307273E+000  0.10377386E+001  0.24167102E+001
  0.70144144E+000  0.85307393E+000  0.10377398E+001  0.24167115E+001
  0.70144053E+000  0.85307499E+000  0.10377409E+001  0.24167126E+001
  0.70143964E+000  0.85307591E+000  0.10377421E+001  0.24167137E+001
  0.70143878E+000  0.85307671E+000  0.10377431E+001  0.24167147E+001
  0.70143795E+000  0.85307738E+000  0.10377441E+001  0.24167156E+001
  0.70143715E+000  0.85307794E+000  0.10377451E+001  0.24167164E+001
  0.70143638E+000  0.85307840E+000  0.10377460E+001  0.24167172E+001
  0.70143564E+000  0.85307875E+000  0.10377468E+001  0.24167180E+001
  0.70143494E+000  0.85307901E+000  0.10377476E+001  0.24167188E+001
  0.70143427E+000  0.85307918E+000  0.10377483E+001  0.24167195E+001
  0.70143364E+000  0.85307927E+000  0.10377488E+001  0.24167203E+001
  0.70143303E+000  0.85307929E+000  0.10377493E+001  0.24167211E+001
  0.70143247E+000  0.85307924E+000  0.10377498E+001  0.24167219E+001
  0.70143193E+000  0.85307913E+000  0.10377501E+001  0.24167228E+001
  0.70143143E+000  0.85307896E+000  0.10377503E+001  0.24167236E+001
  0.70143096E+000  0.85307875E+000  0.10377504E+001  0.24167245E+001
  0.70143052E+000  0.85307850E+000  0.10377505E+001  0.24167255E+001
  0.70143012E+000  0.85307821E+000  0.10377504E+001  0.24167265E+001
  0.70142974E+000  0.85307788E+000  0.10377502E+001  0.24167275E+001
  0.70142939E+000  0.85307754E+000  0.10377500E+001  0.24167286E+001
  0.70142907E+000  0.85307716E+000  0.10377497E+001  0.24167297E+001
  0.70142878E+000  0.85307678E+000  0.10377493E+001  0.24167308E+001
  0.70142851E+000  0.85307638E+000  0.10377488E+001  0.24167320E+001
  0.70142827E+000  0.85307596E+000  0.10377482E+001  0.24167332E+001
  0.70142805E+000  0.85307555E+000  0.10377476E+001  0.24167344E+001
  0.70142786E+000  0.85307513E+000  0.10377469E+001  0.24167356E+001
  0.70142768E+000  0.85307471E+000  0.10377462E+001  0.24167369E+001
  0.70142753E+000  0.85307429E+000  0.10377454E+001  0.24167381E+001
  0.70142740E+000  0.85307388E+000  0.10377445E+001  0.24167394E+001
  0.70142728E+000  0.85307347E+000  0.10377437E+001  0.24167407E+001
  0.70142718E+000  0.85307307E+000  0.10377428E+001  0.24167419E+001
  0.70142709E+000  0.85307268E+000  0.10377419E+001  0.24167432E+001
  0.70142702E+000  0.85307230E+000  0.10377410E+001  0.24167444E+001
  0.70142697E+000  0.85307194E+000  0.10377400E+001  0.24167456E+001
  0.70142692E+000  0.85307159E+000  0.10377391E+001  0.24167468E+001
  0.70142689E+000  0.85307125E+000  0.10377382E+001  0.24167479E+001
  0.70142687E+000  0.85307092E+000  0.10377372E+001  0.24167491E+001
  0.70142685E+000  0.85307062E+000  0.10377363E+001  0.24167501E+001
  0.70142685E+000  0.85307032E+000  0.10377354E+001  0.24167512E+001
  0.70142685E+000  0.85307004E+000  0.10377346E+001  0.24167522E+001
  0.70142686E+000  0.85306978E+000  0.10377337E+001  0.24167531E+001
  0.70142688E+000  0.85306953E+000  0.10377329E+001  0.24167540E+001
  0.70142690E+000  0.85306930E+000  0.10377321E+001  0.24167549E+001
  0.70142693E+000  0.85306908E+000  0.10377314E+001  0.24167557E+001
  0.70142696E+000  0.85306888E+000  0.10377307E+001  0.24167564E+001
  0.70142699E+000  0.85306869E+000  0.10377300E+001  0.24167571E+001
  0.70142703E+000  0.85306851E+000  0.10377294E+001  0.24167578E+001
  0.70142707E+000  0.85306835E+000  0.10377288E+001  0.24167584E+001
  0.70142711E+000  0.85306820E+000  0.10377282E+001  0.24167590E+001
  0.70142715E+000  0.85306806E+000  0.10377277E+001  0.24167595E+001
  0.70142720E+000  0.85306794E+000  0.10377272E+001  0.24167599E+001
  0.70142724E+000  0.85306782E+000  0.10377268E+001  0.24167604E+001
  0.70142729E+000  0.85306772E+000  0.10377264E+001  0.24167607E+001
  0.70142733E+000  0.85306762E+000  0.10377260E+001  0.24167611E+001
  0.70142738E+000  0.85306754E+000  0.10377257E+001  0.24167614E+001
  0.70142742E+000  0.85306746E+000  0.10377254E+001  0.24167616E+001
  0.70142747E+000  0.85306740E+000  0.10377252E+001  0.24167618E+001
  0.70142751E+000  0.85306734E+000  0.10377249E+001  0.24167620E+001
  0.70142756E+000  0.85306728E+000  0.10377247E+001  0.24167622E+001
  0.70142760E+000  0.85306724E+000  0.10377246E+001  0.24167623E+001
  0.70142764E+000  0.85306720E+000  0.10377244E+001  0.24167624E+001
  0.70142768E+000  0.85306716E+000  0.10377243E+001  0.24167624E+001
  0.70142771E+000  0.85306714E+000  0.10377242E+001  0.24167625E+001
  0.70142775E+000  0.85306711E+000  0.10377241E+001  0.24167625E+001
  0.70142778E+000  0.85306709E+000  0.10377241E+001  0.24167625E+001
  0.70142782E+000  0.85306708E+000  0.10377240E+001  0.24167625E+001
  0.70142785E+000  0.85306706E+000  0.10377240E+001  0.24167625E+001
  0.70142788E+000  0.85306706E+000  0.10377240E+001  0.24167624E+001
  0.70142791E+000  0.85306705E+000  0.10377240E+001  0.24167624E+001
  0.70142793E+000  0.85306705E+000  0.10377240E+001  0.24167623E+001
  0.70142796E+000  0.85306705E+000  0.10377240E+001  0.24167623E+001
  0.70142798E+000  0.85306705E+000  0.10377241E+001  0.24167622E+001
  0.70142800E+000  0.85306705E+000  0.10377241E+001  0.24167621E+001
  0.70142803E+000  0.85306705E+000  0.10377242E+001  0.24167620E+001
  0.70142804E+000  0.85306706E+000  0.10377242E+001  0.24167619E+001
  0.70142806E+000  0.85306706E+000  0.10377243E+001  0.24167618E+001
  0.70142808E+000  0.85306707E+000  0.10377244E+001  0.24167617E+001
  0.70142809E+000  0.85306708E+000  0.10377244E+001  0.24167616E+001
  0.70142811E+000  0.85306709E+000  0.10377245E+001  0.24167615E+001
  0.70142812E+000  0.85306709E+000  0.10377246E+001  0.24167614E+001
  0.70142813E+000  0.85306710E+000  0.10377246E+001  0.24167613E+001
  0.70142814E+000  0.85306711E+000  0.10377247E+001  0.24167612E+001
  0.70142814E+000  0.85306711E+000  0.10377248E+001  0.24167610E+001
