  0.11639268E+001
  0.11596012E+001
  0.11564686E+001
  0.11540635E+001
  0.11521777E+001
  0.11506748E+001
  0.11494605E+001
  0.11484717E+001
  0.11476624E+001
  0.11469987E+001
  0.11464515E+001
  0.11460005E+001
  0.11456276E+001
  0.11453190E+001
  0.11450634E+001
  0.11448515E+001
  0.11446757E+001
  0.11445304E+001
  0.11444106E+001
  0.11443120E+001
  0.11442313E+001
  0.11441655E+001
  0.11441122E+001
  0.11440693E+001
  0.11440350E+001
  0.11440078E+001
  0.11439866E+001
  0.11439703E+001
  0.11439579E+001
  0.11439489E+001
  0.11439425E+001
  0.11439384E+001
  0.11439359E+001
  0.11439349E+001
  0.11439350E+001
  0.11439360E+001
  0.11439377E+001
  0.11439399E+001
  0.11439426E+001
  0.11439457E+001
  0.11439490E+001
  0.11439526E+001
  0.11439564E+001
  0.11439604E+001
  0.11439645E+001
  0.11439687E+001
  0.11439731E+001
  0.11439776E+001
  0.11439822E+001
  0.11439869E+001
  0.11439917E+001
  0.11439966E+001
  0.11440016E+001
  0.11440067E+001
  0.11440118E+001
  0.11440171E+001
  0.11440223E+001
  0.11440277E+001
  0.11440331E+001
  0.11440385E+001
  0.11440439E+001
  0.11440494E+001
  0.11440548E+001
  0.11440603E+001
  0.11440658E+001
  0.11440713E+001
  0.11440767E+001
  0.11440821E+001
  0.11440875E+001
  0.11440928E+001
  0.11440981E+001
  0.11441033E+001
  0.11441084E+001
  0.11441134E+001
  0.11441183E+001
  0.11441232E+001
  0.11441278E+001
  0.11441324E+001
  0.11441368E+001
  0.11441411E+001
  0.11441452E+001
  0.11441491E+001
  0.11441529E+001
  0.11441565E+001
  0.11441599E+001
  0.11441631E+001
  0.11441662E+001
  0.11441691E+001
  0.11441719E+001
  0.11441745E+001
  0.11441770E+001
  0.11441793E+001
  0.11441814E+001
  0.11441835E+001
  0.11441854E+001
  0.11441872E+001
  0.11441888E+001
  0.11441904E+001
  0.11441918E+001
  0.11441932E+001
  0.11441944E+001
  0.11441956E+001
  0.11441967E+001
  0.11441977E+001
  0.11441986E+001
  0.11441994E+001
  0.11442002E+001
  0.11442009E+001
  0.11442016E+001
  0.11442022E+001
  0.11442027E+001
  0.11442032E+001
  0.11442037E+001
  0.11442041E+001
  0.11442045E+001
  0.11442048E+001
  0.11442051E+001
  0.11442054E+001
  0.11442057E+001
  0.11442059E+001
  0.11442061E+001
  0.11442063E+001
  0.11442064E+001
  0.11442065E+001
  0.11442067E+001
  0.11442068E+001
  0.11442068E+001
  0.11442069E+001
  0.11442070E+001
  0.11442070E+001
  0.11442071E+001
  0.11442071E+001
  0.11442071E+001
  0.11442071E+001
  0.11442071E+001
  0.11442071E+001
  0.11442071E+001
  0.11442071E+001
  0.11442071E+001
  0.11442071E+001
  0.11442071E+001
  0.11442071E+001
  0.11442071E+001
  0.11442071E+001
  0.11442070E+001
  0.11442070E+001
  0.11442070E+001
  0.11442070E+001
  0.11442070E+001
  0.11442069E+001
  0.11442069E+001
  0.11442069E+001
  0.11442069E+001
  0.11442069E+001
  0.11442068E+001
  0.11442068E+001
  0.11442068E+001
  0.11442068E+001
  0.11442068E+001
  0.11442068E+001
  0.11442068E+001
  0.11442067E+001
  0.11442067E+001
  0.11442067E+001
  0.11442067E+001
  0.11442067E+001
  0.11442067E+001
  0.11442067E+001
  0.11442067E+001
  0.11442067E+001
  0.11442067E+001
  0.11442067E+001
  0.11442067E+001
  0.11442067E+001
  0.11442067E+001
  0.11442067E+001
  0.11442067E+001
  0.11442067E+001
  0.11442067E+001
  0.11442067E+001
  0.11442067E+001
  0.11442067E+001
  0.11442067E+001
  0.11442067E+001
  0.11442067E+001
  0.11442067E+001
  0.11442067E+001
  0.11442067E+001
  0.11442067E+001
  0.11442067E+001
  0.11442067E+001
  0.11442067E+001
  0.11442067E+001
  0.11442067E+001
  0.11442067E+001
  0.11442067E+001
  0.11442067E+001
  0.11442067E+001
  0.11442067E+001
  0.11442067E+001
