  0.18045163E+001
  0.17978670E+001
  0.17932221E+001
  0.17897477E+001
  0.17870852E+001
  0.17850047E+001
  0.17833512E+001
  0.17820246E+001
  0.17809534E+001
  0.17800865E+001
  0.17793803E+001
  0.17788054E+001
  0.17783354E+001
  0.17779508E+001
  0.17776354E+001
  0.17773765E+001
  0.17771638E+001
  0.17769895E+001
  0.17768473E+001
  0.17767316E+001
  0.17766378E+001
  0.17765622E+001
  0.17765015E+001
  0.17764532E+001
  0.17764149E+001
  0.17763847E+001
  0.17763612E+001
  0.17763431E+001
  0.17763293E+001
  0.17763189E+001
  0.17763112E+001
  0.17763056E+001
  0.17763016E+001
  0.17762988E+001
  0.17762970E+001
  0.17762959E+001
  0.17762952E+001
  0.17762949E+001
  0.17762949E+001
  0.17762951E+001
  0.17762953E+001
  0.17762957E+001
  0.17762962E+001
  0.17762967E+001
  0.17762972E+001
  0.17762979E+001
  0.17762986E+001
  0.17762994E+001
  0.17763003E+001
  0.17763012E+001
  0.17763022E+001
  0.17763033E+001
  0.17763045E+001
  0.17763058E+001
  0.17763072E+001
  0.17763087E+001
  0.17763102E+001
  0.17763119E+001
  0.17763136E+001
  0.17763154E+001
  0.17763172E+001
  0.17763191E+001
  0.17763211E+001
  0.17763232E+001
  0.17763253E+001
  0.17763275E+001
  0.17763297E+001
  0.17763319E+001
  0.17763343E+001
  0.17763366E+001
  0.17763390E+001
  0.17763413E+001
  0.17763437E+001
  0.17763461E+001
  0.17763484E+001
  0.17763508E+001
  0.17763530E+001
  0.17763553E+001
  0.17763574E+001
  0.17763595E+001
  0.17763615E+001
  0.17763635E+001
  0.17763653E+001
  0.17763671E+001
  0.17763687E+001
  0.17763703E+001
  0.17763718E+001
  0.17763732E+001
  0.17763745E+001
  0.17763757E+001
  0.17763769E+001
  0.17763780E+001
  0.17763790E+001
  0.17763800E+001
  0.17763809E+001
  0.17763818E+001
  0.17763826E+001
  0.17763834E+001
  0.17763841E+001
  0.17763848E+001
  0.17763855E+001
  0.17763861E+001
  0.17763867E+001
  0.17763872E+001
  0.17763878E+001
  0.17763882E+001
  0.17763887E+001
  0.17763891E+001
  0.17763895E+001
  0.17763899E+001
  0.17763902E+001
  0.17763906E+001
  0.17763909E+001
  0.17763912E+001
  0.17763914E+001
  0.17763916E+001
  0.17763919E+001
  0.17763921E+001
  0.17763922E+001
  0.17763924E+001
  0.17763926E+001
  0.17763927E+001
  0.17763928E+001
  0.17763929E+001
  0.17763930E+001
  0.17763931E+001
  0.17763932E+001
  0.17763932E+001
  0.17763933E+001
  0.17763934E+001
  0.17763934E+001
  0.17763934E+001
  0.17763935E+001
  0.17763935E+001
  0.17763935E+001
  0.17763935E+001
  0.17763935E+001
  0.17763935E+001
  0.17763935E+001
  0.17763935E+001
  0.17763935E+001
  0.17763935E+001
  0.17763935E+001
  0.17763935E+001
  0.17763935E+001
  0.17763935E+001
  0.17763935E+001
  0.17763935E+001
  0.17763935E+001
  0.17763935E+001
  0.17763935E+001
  0.17763935E+001
  0.17763935E+001
  0.17763935E+001
  0.17763935E+001
  0.17763935E+001
  0.17763935E+001
  0.17763935E+001
  0.17763935E+001
  0.17763935E+001
  0.17763935E+001
  0.17763935E+001
  0.17763935E+001
  0.17763935E+001
  0.17763936E+001
  0.17763936E+001
  0.17763936E+001
  0.17763936E+001
  0.17763936E+001
  0.17763936E+001
  0.17763936E+001
  0.17763936E+001
  0.17763936E+001
  0.17763936E+001
  0.17763936E+001
  0.17763936E+001
  0.17763936E+001
  0.17763936E+001
  0.17763936E+001
  0.17763936E+001
  0.17763937E+001
  0.17763937E+001
  0.17763937E+001
  0.17763937E+001
  0.17763937E+001
  0.17763937E+001
  0.17763937E+001
  0.17763937E+001
  0.17763937E+001
  0.17763937E+001
  0.17763937E+001
  0.17763937E+001
  0.17763937E+001
  0.17763937E+001
  0.17763937E+001
  0.17763937E+001
  0.17763937E+001
  0.17763937E+001
  0.17763937E+001
  0.17763937E+001
