 -0.11943488E+000  0.60188309E+000  0.54112236E+001  0.12110824E+003
 -0.11717775E+000  0.60524309E+000  0.54144686E+001  0.12113403E+003
 -0.11572068E+000  0.60761783E+000  0.54169048E+001  0.12115419E+003
 -0.11469854E+000  0.60932402E+000  0.54187316E+001  0.12117032E+003
 -0.11396731E+000  0.61054246E+000  0.54201216E+001  0.12118344E+003
 -0.11344814E+000  0.61139468E+000  0.54211919E+001  0.12119424E+003
 -0.11309498E+000  0.61197464E+000  0.54220203E+001  0.12120324E+003
 -0.11286987E+000  0.61235162E+000  0.54226595E+001  0.12121081E+003
 -0.11274321E+000  0.61257496E+000  0.54231491E+001  0.12121724E+003
 -0.11269390E+000  0.61268097E+000  0.54235198E+001  0.12122274E+003
 -0.11270524E+000  0.61269588E+000  0.54237965E+001  0.12122750E+003
 -0.11276276E+000  0.61263870E+000  0.54239990E+001  0.12123165E+003
 -0.11285525E+000  0.61252494E+000  0.54241429E+001  0.12123531E+003
 -0.11297372E+000  0.61236672E+000  0.54242403E+001  0.12123856E+003
 -0.11311109E+000  0.61217355E+000  0.54243008E+001  0.12124149E+003
 -0.11326221E+000  0.61195348E+000  0.54243320E+001  0.12124414E+003
 -0.11342324E+000  0.61171306E+000  0.54243400E+001  0.12124658E+003
 -0.11359131E+000  0.61145761E+000  0.54243297E+001  0.12124883E+003
 -0.11376416E+000  0.61119143E+000  0.54243047E+001  0.12125094E+003
 -0.11394004E+000  0.61091799E+000  0.54242684E+001  0.12125293E+003
 -0.11411756E+000  0.61064016E+000  0.54242232E+001  0.12125482E+003
 -0.11429558E+000  0.61036028E+000  0.54241711E+001  0.12125664E+003
 -0.11447316E+000  0.61008027E+000  0.54241138E+001  0.12125840E+003
 -0.11464952E+000  0.60980170E+000  0.54240522E+001  0.12126012E+003
 -0.11482402E+000  0.60952585E+000  0.54239876E+001  0.12126181E+003
 -0.11499616E+000  0.60925375E+000  0.54239206E+001  0.12126348E+003
 -0.11516553E+000  0.60898630E+000  0.54238518E+001  0.12126514E+003
 -0.11533179E+000  0.60872418E+000  0.54237818E+001  0.12126680E+003
 -0.11549467E+000  0.60846795E+000  0.54237107E+001  0.12126845E+003
 -0.11565395E+000  0.60821807E+000  0.54236391E+001  0.12127012E+003
 -0.11580949E+000  0.60797491E+000  0.54235670E+001  0.12127180E+003
 -0.11596116E+000  0.60773879E+000  0.54234947E+001  0.12127349E+003
 -0.11610888E+000  0.60750995E+000  0.54234225E+001  0.12127521E+003
 -0.11625259E+000  0.60728860E+000  0.54233504E+001  0.12127694E+003
 -0.11639227E+000  0.60707491E+000  0.54232786E+001  0.12127871E+003
 -0.11652791E+000  0.60686900E+000  0.54232073E+001  0.12128049E+003
 -0.11665951E+000  0.60667097E+000  0.54231368E+001  0.12128231E+003
 -0.11678710E+000  0.60648090E+000  0.54230672E+001  0.12128415E+003
 -0.11691071E+000  0.60629884E+000  0.54229988E+001  0.12128602E+003
 -0.11703037E+000  0.60612482E+000  0.54229317E+001  0.12128792E+003
 -0.11714613E+000  0.60595895E+000  0.54228662E+001  0.12128985E+003
 -0.11725802E+000  0.60580137E+000  0.54228023E+001  0.12129180E+003
 -0.11736610E+000  0.60565180E+000  0.54227404E+001  0.12129379E+003
 -0.11747039E+000  0.60551020E+000  0.54226810E+001  0.12129580E+003
 -0.11757093E+000  0.60537650E+000  0.54226241E+001  0.12129783E+003
 -0.11766777E+000  0.60525062E+000  0.54225701E+001  0.12129989E+003
 -0.11776091E+000  0.60513247E+000  0.54225191E+001  0.12130198E+003
 -0.11785041E+000  0.60502193E+000  0.54224713E+001  0.12130408E+003
 -0.11793626E+000  0.60491885E+000  0.54224269E+001  0.12130620E+003
 -0.11801843E+000  0.60482302E+000  0.54223860E+001  0.12130835E+003
 -0.11809693E+000  0.60473425E+000  0.54223488E+001  0.12131051E+003
 -0.11817186E+000  0.60465244E+000  0.54223153E+001  0.12131268E+003
 -0.11824322E+000  0.60457736E+000  0.54222858E+001  0.12131487E+003
 -0.11831104E+000  0.60450880E+000  0.54222601E+001  0.12131706E+003
 -0.11837536E+000  0.60444651E+000  0.54222385E+001  0.12131927E+003
 -0.11843624E+000  0.60439024E+000  0.54222209E+001  0.12132148E+003
 -0.11849372E+000  0.60433974E+000  0.54222075E+001  0.12132369E+003
 -0.11854786E+000  0.60429473E+000  0.54221981E+001  0.12132590E+003
 -0.11859873E+000  0.60425494E+000  0.54221928E+001  0.12132811E+003
 -0.11864641E+000  0.60422011E+000  0.54221917E+001  0.12133031E+003
 -0.11869097E+000  0.60418995E+000  0.54221946E+001  0.12133250E+003
 -0.11873251E+000  0.60416420E+000  0.54222015E+001  0.12133468E+003
 -0.11877113E+000  0.60414258E+000  0.54222124E+001  0.12133685E+003
 -0.11880694E+000  0.60412484E+000  0.54222272E+001  0.12133900E+003
 -0.11884004E+000  0.60411072E+000  0.54222459E+001  0.12134112E+003
 -0.11887056E+000  0.60409997E+000  0.54222682E+001  0.12134323E+003
 -0.11889863E+000  0.60409234E+000  0.54222942E+001  0.12134531E+003
 -0.11892436E+000  0.60408759E+000  0.54223236E+001  0.12134735E+003
 -0.11894789E+000  0.60408550E+000  0.54223563E+001  0.12134937E+003
 -0.11896935E+000  0.60408584E+000  0.54223923E+001  0.12135136E+003
 -0.11898888E+000  0.60408837E+000  0.54224312E+001  0.12135330E+003
 -0.11900660E+000  0.60409289E+000  0.54224729E+001  0.12135521E+003
 -0.11902266E+000  0.60409917E+000  0.54225172E+001  0.12135707E+003
 -0.11903717E+000  0.60410700E+000  0.54225638E+001  0.12135890E+003
 -0.11905027E+000  0.60411617E+000  0.54226126E+001  0.12136067E+003
 -0.11906209E+000  0.60412645E+000  0.54226632E+001  0.12136240E+003
 -0.11907273E+000  0.60413765E+000  0.54227154E+001  0.12136409E+003
 -0.11908232E+000  0.60414957E+000  0.54227690E+001  0.12136572E+003
 -0.11909096E+000  0.60416199E+000  0.54228235E+001  0.12136730E+003
 -0.11909876E+000  0.60417473E+000  0.54228789E+001  0.12136882E+003
 -0.11910582E+000  0.60418760E+000  0.54229347E+001  0.12137030E+003
 -0.11911221E+000  0.60420043E+000  0.54229908E+001  0.12137172E+003
 -0.11911804E+000  0.60421305E+000  0.54230468E+001  0.12137308E+003
 -0.11912336E+000  0.60422532E+000  0.54231025E+001  0.12137439E+003
 -0.11912824E+000  0.60423708E+000  0.54231578E+001  0.12137564E+003
 -0.11913276E+000  0.60424822E+000  0.54232123E+001  0.12137684E+003
 -0.11913695E+000  0.60425863E+000  0.54232659E+001  0.12137798E+003
 -0.11914086E+000  0.60426820E+000  0.54233185E+001  0.12137907E+003
 -0.11914454E+000  0.60427686E+000  0.54233699E+001  0.12138010E+003
 -0.11914802E+000  0.60428453E+000  0.54234200E+001  0.12138108E+003
 -0.11915132E+000  0.60429116E+000  0.54234688E+001  0.12138200E+003
 -0.11915447E+000  0.60429670E+000  0.54235161E+001  0.12138287E+003
 -0.11915749E+000  0.60430113E+000  0.54235620E+001  0.12138369E+003
 -0.11916040E+000  0.60430441E+000  0.54236064E+001  0.12138446E+003
 -0.11916320E+000  0.60430654E+000  0.54236493E+001  0.12138519E+003
 -0.11916590E+000  0.60430752E+000  0.54236906E+001  0.12138586E+003
 -0.11916852E+000  0.60430735E+000  0.54237304E+001  0.12138649E+003
 -0.11917107E+000  0.60430604E+000  0.54237686E+001  0.12138708E+003
 -0.11917353E+000  0.60430361E+000  0.54238052E+001  0.12138763E+003
 -0.11917593E+000  0.60430009E+000  0.54238403E+001  0.12138814E+003
 -0.11917825E+000  0.60429551E+000  0.54238738E+001  0.12138860E+003
 -0.11918051E+000  0.60428991E+000  0.54239056E+001  0.12138904E+003
 -0.11918271E+000  0.60428333E+000  0.54239358E+001  0.12138944E+003
 -0.11918484E+000  0.60427582E+000  0.54239642E+001  0.12138980E+003
 -0.11918690E+000  0.60426744E+000  0.54239909E+001  0.12139014E+003
 -0.11918890E+000  0.60425824E+000  0.54240157E+001  0.12139045E+003
 -0.11919084E+000  0.60424829E+000  0.54240386E+001  0.12139073E+003
 -0.11919271E+000  0.60423764E+000  0.54240596E+001  0.12139098E+003
 -0.11919452E+000  0.60422637E+000  0.54240786E+001  0.12139122E+003
 -0.11919627E+000  0.60421454E+000  0.54240954E+001  0.12139143E+003
 -0.11919795E+000  0.60420223E+000  0.54241100E+001  0.12139162E+003
 -0.11919956E+000  0.60418951E+000  0.54241224E+001  0.12139179E+003
 -0.11920112E+000  0.60417646E+000  0.54241324E+001  0.12139195E+003
 -0.11920260E+000  0.60416313E+000  0.54241400E+001  0.12139209E+003
 -0.11920403E+000  0.60414962E+000  0.54241453E+001  0.12139222E+003
 -0.11920539E+000  0.60413598E+000  0.54241480E+001  0.12139233E+003
 -0.11920668E+000  0.60412228E+000  0.54241482E+001  0.12139243E+003
 -0.11920791E+000  0.60410860E+000  0.54241459E+001  0.12139252E+003
 -0.11920908E+000  0.60409499E+000  0.54241411E+001  0.12139260E+003
 -0.11921018E+000  0.60408151E+000  0.54241338E+001  0.12139268E+003
 -0.11921122E+000  0.60406823E+000  0.54241241E+001  0.12139274E+003
 -0.11921220E+000  0.60405519E+000  0.54241119E+001  0.12139280E+003
 -0.11921312E+000  0.60404243E+000  0.54240974E+001  0.12139285E+003
 -0.11921398E+000  0.60403001E+000  0.54240807E+001  0.12139289E+003
 -0.11921478E+000  0.60401796E+000  0.54240618E+001  0.12139293E+003
 -0.11921552E+000  0.60400631E+000  0.54240409E+001  0.12139296E+003
 -0.11921621E+000  0.60399510E+000  0.54240180E+001  0.12139299E+003
 -0.11921685E+000  0.60398434E+000  0.54239934E+001  0.12139302E+003
 -0.11921743E+000  0.60397406E+000  0.54239673E+001  0.12139304E+003
 -0.11921796E+000  0.60396428E+000  0.54239396E+001  0.12139306E+003
 -0.11921844E+000  0.60395500E+000  0.54239107E+001  0.12139308E+003
 -0.11921888E+000  0.60394624E+000  0.54238807E+001  0.12139309E+003
 -0.11921927E+000  0.60393799E+000  0.54238498E+001  0.12139310E+003
 -0.11921962E+000  0.60393025E+000  0.54238182E+001  0.12139311E+003
 -0.11921993E+000  0.60392304E+000  0.54237860E+001  0.12139312E+003
 -0.11922021E+000  0.60391633E+000  0.54237535E+001  0.12139312E+003
 -0.11922044E+000  0.60391012E+000  0.54237207E+001  0.12139312E+003
 -0.11922064E+000  0.60390440E+000  0.54236879E+001  0.12139313E+003
 -0.11922082E+000  0.60389915E+000  0.54236553E+001  0.12139313E+003
 -0.11922096E+000  0.60389437E+000  0.54236230E+001  0.12139312E+003
 -0.11922107E+000  0.60389003E+000  0.54235911E+001  0.12139312E+003
 -0.11922116E+000  0.60388612E+000  0.54235598E+001  0.12139312E+003
 -0.11922122E+000  0.60388262E+000  0.54235293E+001  0.12139311E+003
 -0.11922126E+000  0.60387951E+000  0.54234995E+001  0.12139311E+003
 -0.11922128E+000  0.60387677E+000  0.54234707E+001  0.12139310E+003
 -0.11922129E+000  0.60387439E+000  0.54234429E+001  0.12139309E+003
 -0.11922127E+000  0.60387233E+000  0.54234162E+001  0.12139308E+003
 -0.11922124E+000  0.60387057E+000  0.54233906E+001  0.12139307E+003
 -0.11922120E+000  0.60386911E+000  0.54233663E+001  0.12139306E+003
 -0.11922115E+000  0.60386792E+000  0.54233432E+001  0.12139305E+003
 -0.11922109E+000  0.60386697E+000  0.54233214E+001  0.12139304E+003
 -0.11922101E+000  0.60386625E+000  0.54233010E+001  0.12139302E+003
 -0.11922093E+000  0.60386574E+000  0.54232818E+001  0.12139301E+003
 -0.11922084E+000  0.60386542E+000  0.54232640E+001  0.12139300E+003
 -0.11922075E+000  0.60386528E+000  0.54232475E+001  0.12139298E+003
 -0.11922065E+000  0.60386529E+000  0.54232323E+001  0.12139297E+003
 -0.11922055E+000  0.60386544E+000  0.54232183E+001  0.12139295E+003
 -0.11922045E+000  0.60386572E+000  0.54232057E+001  0.12139294E+003
 -0.11922034E+000  0.60386611E+000  0.54231942E+001  0.12139292E+003
 -0.11922023E+000  0.60386660E+000  0.54231839E+001  0.12139291E+003
 -0.11922013E+000  0.60386716E+000  0.54231747E+001  0.12139289E+003
 -0.11922002E+000  0.60386780E+000  0.54231666E+001  0.12139288E+003
 -0.11921991E+000  0.60386851E+000  0.54231595E+001  0.12139286E+003
 -0.11921981E+000  0.60386926E+000  0.54231534E+001  0.12139285E+003
 -0.11921970E+000  0.60387005E+000  0.54231482E+001  0.12139283E+003
 -0.11921960E+000  0.60387087E+000  0.54231438E+001  0.12139282E+003
 -0.11921950E+000  0.60387171E+000  0.54231403E+001  0.12139280E+003
 -0.11921940E+000  0.60387257E+000  0.54231375E+001  0.12139279E+003
 -0.11921930E+000  0.60387344E+000  0.54231354E+001  0.12139278E+003
 -0.11921921E+000  0.60387431E+000  0.54231339E+001  0.12139276E+003
 -0.11921912E+000  0.60387518E+000  0.54231330E+001  0.12139275E+003
 -0.11921904E+000  0.60387604E+000  0.54231327E+001  0.12139274E+003
 -0.11921896E+000  0.60387689E+000  0.54231328E+001  0.12139273E+003
 -0.11921888E+000  0.60387773E+000  0.54231333E+001  0.12139272E+003
 -0.11921880E+000  0.60387854E+000  0.54231343E+001  0.12139271E+003
 -0.11921873E+000  0.60387933E+000  0.54231355E+001  0.12139269E+003
 -0.11921866E+000  0.60388010E+000  0.54231371E+001  0.12139269E+003
 -0.11921860E+000  0.60388085E+000  0.54231389E+001  0.12139268E+003
 -0.11921854E+000  0.60388156E+000  0.54231409E+001  0.12139267E+003
 -0.11921848E+000  0.60388225E+000  0.54231431E+001  0.12139266E+003
 -0.11921843E+000  0.60388291E+000  0.54231455E+001  0.12139265E+003
 -0.11921837E+000  0.60388353E+000  0.54231479E+001  0.12139264E+003
 -0.11921833E+000  0.60388413E+000  0.54231505E+001  0.12139264E+003
 -0.11921828E+000  0.60388470E+000  0.54231531E+001  0.12139263E+003
 -0.11921824E+000  0.60388523E+000  0.54231558E+001  0.12139262E+003
 -0.11921820E+000  0.60388574E+000  0.54231584E+001  0.12139262E+003
 -0.11921816E+000  0.60388621E+000  0.54231611E+001  0.12139261E+003
 -0.11921813E+000  0.60388666E+000  0.54231638E+001  0.12139261E+003
 -0.11921810E+000  0.60388708E+000  0.54231664E+001  0.12139260E+003
 -0.11921807E+000  0.60388747E+000  0.54231690E+001  0.12139260E+003
 -0.11921804E+000  0.60388783E+000  0.54231716E+001  0.12139259E+003
 -0.11921802E+000  0.60388816E+000  0.54231740E+001  0.12139259E+003
 -0.11921800E+000  0.60388848E+000  0.54231764E+001  0.12139258E+003
 -0.11921798E+000  0.60388876E+000  0.54231788E+001  0.12139258E+003
 -0.11921796E+000  0.60388903E+000  0.54231810E+001  0.12139258E+003
 -0.11921794E+000  0.60388927E+000  0.54231831E+001  0.12139257E+003
 -0.11921793E+000  0.60388949E+000  0.54231852E+001  0.12139257E+003
 -0.11921791E+000  0.60388969E+000  0.54231871E+001  0.12139257E+003
 -0.11921790E+000  0.60388987E+000  0.54231890E+001  0.12139257E+003
 -0.11921788E+000  0.60389004E+000  0.54231908E+001  0.12139256E+003
