  0.63835197E+000
  0.63753472E+000
  0.63714113E+000
  0.63689508E+000
  0.63672953E+000
  0.63661403E+000
  0.63653266E+000
  0.63647577E+000
  0.63643594E+000
  0.63640825E+000
  0.63638898E+000
  0.63637639E+000
  0.63636852E+000
  0.63636416E+000
  0.63636245E+000
  0.63636266E+000
  0.63636423E+000
  0.63636682E+000
  0.63637012E+000
  0.63637390E+000
  0.63637801E+000
  0.63638230E+000
  0.63638668E+000
  0.63639106E+000
  0.63639539E+000
  0.63639960E+000
  0.63640367E+000
  0.63640757E+000
  0.63641128E+000
  0.63641478E+000
  0.63641807E+000
  0.63642114E+000
  0.63642400E+000
  0.63642665E+000
  0.63642910E+000
  0.63643134E+000
  0.63643339E+000
  0.63643526E+000
  0.63643695E+000
  0.63643848E+000
  0.63643986E+000
  0.63644108E+000
  0.63644217E+000
  0.63644312E+000
  0.63644396E+000
  0.63644468E+000
  0.63644529E+000
  0.63644580E+000
  0.63644621E+000
  0.63644653E+000
  0.63644676E+000
  0.63644692E+000
  0.63644700E+000
  0.63644701E+000
  0.63644695E+000
  0.63644683E+000
  0.63644664E+000
  0.63644641E+000
  0.63644612E+000
  0.63644579E+000
  0.63644541E+000
  0.63644500E+000
  0.63644455E+000
  0.63644407E+000
  0.63644356E+000
  0.63644303E+000
  0.63644247E+000
  0.63644190E+000
  0.63644131E+000
  0.63644071E+000
  0.63644011E+000
  0.63643949E+000
  0.63643886E+000
  0.63643824E+000
  0.63643761E+000
  0.63643698E+000
  0.63643635E+000
  0.63643572E+000
  0.63643510E+000
  0.63643449E+000
  0.63643389E+000
  0.63643330E+000
  0.63643272E+000
  0.63643215E+000
  0.63643161E+000
  0.63643108E+000
  0.63643057E+000
  0.63643008E+000
  0.63642962E+000
  0.63642918E+000
  0.63642877E+000
  0.63642838E+000
  0.63642801E+000
  0.63642767E+000
  0.63642736E+000
  0.63642707E+000
  0.63642681E+000
  0.63642657E+000
  0.63642635E+000
  0.63642616E+000
  0.63642598E+000
  0.63642583E+000
  0.63642570E+000
  0.63642558E+000
  0.63642549E+000
  0.63642541E+000
  0.63642534E+000
  0.63642529E+000
  0.63642525E+000
  0.63642522E+000
  0.63642520E+000
  0.63642519E+000
  0.63642520E+000
  0.63642520E+000
  0.63642522E+000
  0.63642525E+000
  0.63642527E+000
  0.63642531E+000
  0.63642535E+000
  0.63642539E+000
  0.63642544E+000
  0.63642549E+000
  0.63642554E+000
  0.63642560E+000
  0.63642565E+000
  0.63642571E+000
  0.63642577E+000
  0.63642583E+000
  0.63642589E+000
  0.63642596E+000
  0.63642602E+000
  0.63642608E+000
  0.63642615E+000
  0.63642621E+000
  0.63642627E+000
  0.63642634E+000
  0.63642640E+000
  0.63642646E+000
  0.63642653E+000
  0.63642659E+000
  0.63642665E+000
  0.63642671E+000
  0.63642677E+000
  0.63642683E+000
  0.63642688E+000
  0.63642694E+000
  0.63642699E+000
  0.63642705E+000
  0.63642710E+000
  0.63642715E+000
  0.63642720E+000
  0.63642725E+000
  0.63642730E+000
  0.63642735E+000
  0.63642739E+000
  0.63642743E+000
  0.63642748E+000
  0.63642752E+000
  0.63642756E+000
  0.63642759E+000
  0.63642763E+000
  0.63642766E+000
  0.63642770E+000
  0.63642773E+000
  0.63642776E+000
  0.63642778E+000
  0.63642781E+000
  0.63642784E+000
  0.63642786E+000
  0.63642788E+000
  0.63642790E+000
  0.63642792E+000
  0.63642794E+000
  0.63642796E+000
  0.63642797E+000
  0.63642799E+000
  0.63642800E+000
  0.63642801E+000
  0.63642802E+000
  0.63642803E+000
  0.63642804E+000
  0.63642805E+000
  0.63642806E+000
  0.63642806E+000
  0.63642807E+000
  0.63642808E+000
  0.63642808E+000
  0.63642808E+000
  0.63642809E+000
  0.63642809E+000
  0.63642809E+000
  0.63642809E+000
  0.63642810E+000
  0.63642810E+000
  0.63642810E+000
  0.63642810E+000
  0.63642810E+000
  0.63642810E+000
  0.63642810E+000
  0.63642810E+000
