  0.93189218E+000
  0.92652331E+000
  0.92250165E+000
  0.91933945E+000
  0.91680957E+000
  0.91475897E+000
  0.91307917E+000
  0.91169483E+000
  0.91054940E+000
  0.90959996E+000
  0.90881002E+000
  0.90815278E+000
  0.90760472E+000
  0.90714740E+000
  0.90676553E+000
  0.90644651E+000
  0.90618008E+000
  0.90595797E+000
  0.90577326E+000
  0.90562004E+000
  0.90549332E+000
  0.90538894E+000
  0.90530339E+000
  0.90523362E+000
  0.90517707E+000
  0.90513158E+000
  0.90509535E+000
  0.90506683E+000
  0.90504472E+000
  0.90502790E+000
  0.90501544E+000
  0.90500655E+000
  0.90500058E+000
  0.90499697E+000
  0.90499525E+000
  0.90499506E+000
  0.90499607E+000
  0.90499805E+000
  0.90500079E+000
  0.90500412E+000
  0.90500792E+000
  0.90501209E+000
  0.90501656E+000
  0.90502127E+000
  0.90502617E+000
  0.90503124E+000
  0.90503645E+000
  0.90504177E+000
  0.90504721E+000
  0.90505274E+000
  0.90505835E+000
  0.90506403E+000
  0.90506978E+000
  0.90507560E+000
  0.90508148E+000
  0.90508740E+000
  0.90509336E+000
  0.90509934E+000
  0.90510535E+000
  0.90511136E+000
  0.90511738E+000
  0.90512340E+000
  0.90512940E+000
  0.90513538E+000
  0.90514134E+000
  0.90514726E+000
  0.90515313E+000
  0.90515896E+000
  0.90516473E+000
  0.90517044E+000
  0.90517606E+000
  0.90518160E+000
  0.90518705E+000
  0.90519239E+000
  0.90519762E+000
  0.90520273E+000
  0.90520770E+000
  0.90521252E+000
  0.90521720E+000
  0.90522172E+000
  0.90522607E+000
  0.90523026E+000
  0.90523427E+000
  0.90523811E+000
  0.90524178E+000
  0.90524527E+000
  0.90524859E+000
  0.90525173E+000
  0.90525471E+000
  0.90525753E+000
  0.90526019E+000
  0.90526269E+000
  0.90526504E+000
  0.90526726E+000
  0.90526933E+000
  0.90527127E+000
  0.90527309E+000
  0.90527478E+000
  0.90527636E+000
  0.90527783E+000
  0.90527920E+000
  0.90528047E+000
  0.90528165E+000
  0.90528273E+000
  0.90528374E+000
  0.90528467E+000
  0.90528552E+000
  0.90528631E+000
  0.90528703E+000
  0.90528768E+000
  0.90528829E+000
  0.90528884E+000
  0.90528934E+000
  0.90528979E+000
  0.90529020E+000
  0.90529057E+000
  0.90529091E+000
  0.90529121E+000
  0.90529147E+000
  0.90529171E+000
  0.90529192E+000
  0.90529211E+000
  0.90529228E+000
  0.90529242E+000
  0.90529255E+000
  0.90529265E+000
  0.90529275E+000
  0.90529282E+000
  0.90529289E+000
  0.90529294E+000
  0.90529298E+000
  0.90529301E+000
  0.90529304E+000
  0.90529306E+000
  0.90529307E+000
  0.90529307E+000
  0.90529307E+000
  0.90529306E+000
  0.90529305E+000
  0.90529304E+000
  0.90529303E+000
  0.90529301E+000
  0.90529299E+000
  0.90529297E+000
  0.90529295E+000
  0.90529293E+000
  0.90529291E+000
  0.90529288E+000
  0.90529286E+000
  0.90529284E+000
  0.90529282E+000
  0.90529280E+000
  0.90529278E+000
  0.90529276E+000
  0.90529274E+000
  0.90529272E+000
  0.90529270E+000
  0.90529269E+000
  0.90529267E+000
  0.90529266E+000
  0.90529264E+000
  0.90529263E+000
  0.90529262E+000
  0.90529261E+000
  0.90529260E+000
  0.90529259E+000
  0.90529258E+000
  0.90529258E+000
  0.90529257E+000
  0.90529256E+000
  0.90529256E+000
  0.90529255E+000
  0.90529255E+000
  0.90529255E+000
  0.90529255E+000
  0.90529254E+000
  0.90529254E+000
  0.90529254E+000
  0.90529254E+000
  0.90529254E+000
  0.90529254E+000
  0.90529254E+000
  0.90529253E+000
  0.90529253E+000
  0.90529253E+000
  0.90529253E+000
  0.90529253E+000
  0.90529253E+000
  0.90529253E+000
  0.90529253E+000
  0.90529253E+000
  0.90529253E+000
  0.90529253E+000
  0.90529253E+000
  0.90529253E+000
  0.90529253E+000
  0.90529252E+000
  0.90529252E+000
  0.90529252E+000
  0.90529252E+000
