  0.31750475E+002
  0.31759136E+002
  0.31765744E+002
  0.31770917E+002
  0.31775030E+002
  0.31778341E+002
  0.31781031E+002
  0.31783234E+002
  0.31785051E+002
  0.31786559E+002
  0.31787818E+002
  0.31788878E+002
  0.31789777E+002
  0.31790545E+002
  0.31791209E+002
  0.31791788E+002
  0.31792298E+002
  0.31792753E+002
  0.31793164E+002
  0.31793539E+002
  0.31793888E+002
  0.31794215E+002
  0.31794527E+002
  0.31794828E+002
  0.31795122E+002
  0.31795411E+002
  0.31795700E+002
  0.31795989E+002
  0.31796281E+002
  0.31796577E+002
  0.31796879E+002
  0.31797187E+002
  0.31797504E+002
  0.31797829E+002
  0.31798163E+002
  0.31798507E+002
  0.31798860E+002
  0.31799224E+002
  0.31799598E+002
  0.31799983E+002
  0.31800378E+002
  0.31800784E+002
  0.31801200E+002
  0.31801626E+002
  0.31802062E+002
  0.31802507E+002
  0.31802963E+002
  0.31803427E+002
  0.31803900E+002
  0.31804381E+002
  0.31804870E+002
  0.31805366E+002
  0.31805868E+002
  0.31806377E+002
  0.31806890E+002
  0.31807409E+002
  0.31807931E+002
  0.31808457E+002
  0.31808985E+002
  0.31809514E+002
  0.31810045E+002
  0.31810575E+002
  0.31811104E+002
  0.31811631E+002
  0.31812156E+002
  0.31812678E+002
  0.31813195E+002
  0.31813707E+002
  0.31814213E+002
  0.31814712E+002
  0.31815204E+002
  0.31815688E+002
  0.31816163E+002
  0.31816629E+002
  0.31817084E+002
  0.31817529E+002
  0.31817963E+002
  0.31818385E+002
  0.31818794E+002
  0.31819191E+002
  0.31819575E+002
  0.31819945E+002
  0.31820302E+002
  0.31820645E+002
  0.31820974E+002
  0.31821288E+002
  0.31821589E+002
  0.31821875E+002
  0.31822147E+002
  0.31822405E+002
  0.31822649E+002
  0.31822879E+002
  0.31823096E+002
  0.31823300E+002
  0.31823491E+002
  0.31823670E+002
  0.31823837E+002
  0.31823993E+002
  0.31824137E+002
  0.31824271E+002
  0.31824395E+002
  0.31824509E+002
  0.31824614E+002
  0.31824711E+002
  0.31824799E+002
  0.31824879E+002
  0.31824952E+002
  0.31825019E+002
  0.31825078E+002
  0.31825132E+002
  0.31825180E+002
  0.31825223E+002
  0.31825261E+002
  0.31825294E+002
  0.31825323E+002
  0.31825349E+002
  0.31825370E+002
  0.31825389E+002
  0.31825404E+002
  0.31825417E+002
  0.31825427E+002
  0.31825434E+002
  0.31825440E+002
  0.31825443E+002
  0.31825445E+002
  0.31825445E+002
  0.31825444E+002
  0.31825441E+002
  0.31825438E+002
  0.31825433E+002
  0.31825427E+002
  0.31825421E+002
  0.31825414E+002
  0.31825406E+002
  0.31825398E+002
  0.31825389E+002
  0.31825380E+002
  0.31825371E+002
  0.31825361E+002
  0.31825351E+002
  0.31825342E+002
  0.31825332E+002
  0.31825322E+002
  0.31825312E+002
  0.31825302E+002
  0.31825293E+002
  0.31825283E+002
  0.31825274E+002
  0.31825265E+002
  0.31825256E+002
  0.31825247E+002
  0.31825238E+002
  0.31825230E+002
  0.31825222E+002
  0.31825214E+002
  0.31825207E+002
  0.31825200E+002
  0.31825193E+002
  0.31825187E+002
  0.31825180E+002
  0.31825175E+002
  0.31825169E+002
  0.31825164E+002
  0.31825159E+002
  0.31825154E+002
  0.31825150E+002
  0.31825145E+002
  0.31825141E+002
  0.31825138E+002
  0.31825134E+002
  0.31825131E+002
  0.31825128E+002
  0.31825126E+002
  0.31825123E+002
  0.31825121E+002
  0.31825119E+002
  0.31825117E+002
  0.31825115E+002
  0.31825114E+002
  0.31825113E+002
  0.31825111E+002
  0.31825110E+002
  0.31825109E+002
  0.31825108E+002
  0.31825108E+002
  0.31825107E+002
  0.31825106E+002
  0.31825106E+002
  0.31825105E+002
  0.31825105E+002
  0.31825105E+002
  0.31825104E+002
  0.31825104E+002
  0.31825104E+002
  0.31825104E+002
  0.31825104E+002
  0.31825103E+002
  0.31825103E+002
  0.31825103E+002
  0.31825103E+002
