  0.12727077E+002
  0.12737829E+002
  0.12746486E+002
  0.12753516E+002
  0.12759268E+002
  0.12764016E+002
  0.12767953E+002
  0.12771234E+002
  0.12773982E+002
  0.12776286E+002
  0.12778228E+002
  0.12779870E+002
  0.12781263E+002
  0.12782450E+002
  0.12783465E+002
  0.12784336E+002
  0.12785086E+002
  0.12785737E+002
  0.12786303E+002
  0.12786798E+002
  0.12787235E+002
  0.12787623E+002
  0.12787969E+002
  0.12788282E+002
  0.12788567E+002
  0.12788830E+002
  0.12789073E+002
  0.12789301E+002
  0.12789518E+002
  0.12789724E+002
  0.12789924E+002
  0.12790117E+002
  0.12790307E+002
  0.12790494E+002
  0.12790679E+002
  0.12790864E+002
  0.12791048E+002
  0.12791233E+002
  0.12791419E+002
  0.12791606E+002
  0.12791794E+002
  0.12791984E+002
  0.12792176E+002
  0.12792370E+002
  0.12792565E+002
  0.12792763E+002
  0.12792962E+002
  0.12793163E+002
  0.12793366E+002
  0.12793571E+002
  0.12793776E+002
  0.12793983E+002
  0.12794192E+002
  0.12794401E+002
  0.12794610E+002
  0.12794821E+002
  0.12795031E+002
  0.12795242E+002
  0.12795453E+002
  0.12795663E+002
  0.12795873E+002
  0.12796082E+002
  0.12796289E+002
  0.12796495E+002
  0.12796700E+002
  0.12796902E+002
  0.12797103E+002
  0.12797301E+002
  0.12797496E+002
  0.12797689E+002
  0.12797878E+002
  0.12798064E+002
  0.12798247E+002
  0.12798426E+002
  0.12798601E+002
  0.12798772E+002
  0.12798939E+002
  0.12799102E+002
  0.12799261E+002
  0.12799415E+002
  0.12799564E+002
  0.12799709E+002
  0.12799849E+002
  0.12799983E+002
  0.12800113E+002
  0.12800238E+002
  0.12800357E+002
  0.12800471E+002
  0.12800580E+002
  0.12800684E+002
  0.12800782E+002
  0.12800875E+002
  0.12800963E+002
  0.12801046E+002
  0.12801124E+002
  0.12801198E+002
  0.12801266E+002
  0.12801330E+002
  0.12801390E+002
  0.12801445E+002
  0.12801496E+002
  0.12801543E+002
  0.12801586E+002
  0.12801626E+002
  0.12801662E+002
  0.12801696E+002
  0.12801726E+002
  0.12801753E+002
  0.12801777E+002
  0.12801799E+002
  0.12801818E+002
  0.12801836E+002
  0.12801851E+002
  0.12801864E+002
  0.12801875E+002
  0.12801884E+002
  0.12801892E+002
  0.12801899E+002
  0.12801904E+002
  0.12801908E+002
  0.12801911E+002
  0.12801913E+002
  0.12801913E+002
  0.12801913E+002
  0.12801913E+002
  0.12801911E+002
  0.12801909E+002
  0.12801906E+002
  0.12801903E+002
  0.12801899E+002
  0.12801895E+002
  0.12801891E+002
  0.12801886E+002
  0.12801881E+002
  0.12801876E+002
  0.12801870E+002
  0.12801865E+002
  0.12801859E+002
  0.12801854E+002
  0.12801848E+002
  0.12801842E+002
  0.12801836E+002
  0.12801831E+002
  0.12801825E+002
  0.12801819E+002
  0.12801814E+002
  0.12801808E+002
  0.12801803E+002
  0.12801798E+002
  0.12801792E+002
  0.12801787E+002
  0.12801783E+002
  0.12801778E+002
  0.12801773E+002
  0.12801769E+002
  0.12801765E+002
  0.12801761E+002
  0.12801757E+002
  0.12801753E+002
  0.12801750E+002
  0.12801746E+002
  0.12801743E+002
  0.12801740E+002
  0.12801737E+002
  0.12801735E+002
  0.12801732E+002
  0.12801730E+002
  0.12801728E+002
  0.12801726E+002
  0.12801724E+002
  0.12801722E+002
  0.12801720E+002
  0.12801719E+002
  0.12801718E+002
  0.12801716E+002
  0.12801715E+002
  0.12801714E+002
  0.12801713E+002
  0.12801712E+002
  0.12801711E+002
  0.12801711E+002
  0.12801710E+002
  0.12801710E+002
  0.12801709E+002
  0.12801709E+002
  0.12801708E+002
  0.12801708E+002
  0.12801708E+002
  0.12801707E+002
  0.12801707E+002
  0.12801707E+002
  0.12801707E+002
  0.12801707E+002
  0.12801707E+002
  0.12801706E+002
  0.12801706E+002
  0.12801706E+002
  0.12801706E+002
  0.12801706E+002
  0.12801706E+002
