  0.20502648E+001
  0.20452637E+001
  0.20409985E+001
  0.20375406E+001
  0.20347402E+001
  0.20324548E+001
  0.20305695E+001
  0.20290041E+001
  0.20277012E+001
  0.20266166E+001
  0.20257111E+001
  0.20249543E+001
  0.20243205E+001
  0.20237891E+001
  0.20233429E+001
  0.20229677E+001
  0.20226522E+001
  0.20223871E+001
  0.20221649E+001
  0.20219788E+001
  0.20218231E+001
  0.20216932E+001
  0.20215851E+001
  0.20214954E+001
  0.20214210E+001
  0.20213596E+001
  0.20213092E+001
  0.20212679E+001
  0.20212344E+001
  0.20212073E+001
  0.20211856E+001
  0.20211685E+001
  0.20211551E+001
  0.20211448E+001
  0.20211373E+001
  0.20211319E+001
  0.20211284E+001
  0.20211264E+001
  0.20211258E+001
  0.20211264E+001
  0.20211279E+001
  0.20211303E+001
  0.20211336E+001
  0.20211375E+001
  0.20211421E+001
  0.20211474E+001
  0.20211532E+001
  0.20211595E+001
  0.20211663E+001
  0.20211736E+001
  0.20211814E+001
  0.20211895E+001
  0.20211981E+001
  0.20212070E+001
  0.20212163E+001
  0.20212259E+001
  0.20212359E+001
  0.20212460E+001
  0.20212564E+001
  0.20212671E+001
  0.20212779E+001
  0.20212888E+001
  0.20212999E+001
  0.20213111E+001
  0.20213224E+001
  0.20213337E+001
  0.20213451E+001
  0.20213565E+001
  0.20213679E+001
  0.20213792E+001
  0.20213904E+001
  0.20214016E+001
  0.20214126E+001
  0.20214235E+001
  0.20214342E+001
  0.20214447E+001
  0.20214550E+001
  0.20214650E+001
  0.20214747E+001
  0.20214842E+001
  0.20214934E+001
  0.20215022E+001
  0.20215107E+001
  0.20215188E+001
  0.20215266E+001
  0.20215340E+001
  0.20215411E+001
  0.20215478E+001
  0.20215542E+001
  0.20215602E+001
  0.20215658E+001
  0.20215711E+001
  0.20215761E+001
  0.20215808E+001
  0.20215852E+001
  0.20215892E+001
  0.20215930E+001
  0.20215965E+001
  0.20215998E+001
  0.20216027E+001
  0.20216055E+001
  0.20216080E+001
  0.20216104E+001
  0.20216125E+001
  0.20216144E+001
  0.20216162E+001
  0.20216178E+001
  0.20216192E+001
  0.20216205E+001
  0.20216217E+001
  0.20216227E+001
  0.20216236E+001
  0.20216244E+001
  0.20216251E+001
  0.20216257E+001
  0.20216263E+001
  0.20216267E+001
  0.20216271E+001
  0.20216274E+001
  0.20216276E+001
  0.20216278E+001
  0.20216280E+001
  0.20216281E+001
  0.20216281E+001
  0.20216282E+001
  0.20216282E+001
  0.20216281E+001
  0.20216280E+001
  0.20216280E+001
  0.20216278E+001
  0.20216277E+001
  0.20216276E+001
  0.20216274E+001
  0.20216272E+001
  0.20216270E+001
  0.20216269E+001
  0.20216266E+001
  0.20216264E+001
  0.20216262E+001
  0.20216260E+001
  0.20216258E+001
  0.20216256E+001
  0.20216254E+001
  0.20216251E+001
  0.20216249E+001
  0.20216247E+001
  0.20216245E+001
  0.20216243E+001
  0.20216241E+001
  0.20216239E+001
  0.20216237E+001
  0.20216235E+001
  0.20216233E+001
  0.20216231E+001
  0.20216230E+001
  0.20216228E+001
  0.20216226E+001
  0.20216225E+001
  0.20216223E+001
  0.20216222E+001
  0.20216221E+001
  0.20216219E+001
  0.20216218E+001
  0.20216217E+001
  0.20216216E+001
  0.20216215E+001
  0.20216214E+001
  0.20216213E+001
  0.20216212E+001
  0.20216211E+001
  0.20216211E+001
  0.20216210E+001
  0.20216209E+001
  0.20216209E+001
  0.20216208E+001
  0.20216208E+001
  0.20216207E+001
  0.20216207E+001
  0.20216207E+001
  0.20216206E+001
  0.20216206E+001
  0.20216206E+001
  0.20216206E+001
  0.20216205E+001
  0.20216205E+001
  0.20216205E+001
  0.20216205E+001
  0.20216205E+001
  0.20216205E+001
  0.20216205E+001
  0.20216204E+001
  0.20216204E+001
  0.20216204E+001
  0.20216204E+001
  0.20216204E+001
  0.20216204E+001
  0.20216204E+001
  0.20216204E+001
  0.20216204E+001
  0.20216204E+001
