  0.53379843E-005
  0.32158666E-005
  0.29913312E-005
  0.31101245E-005
  0.33102325E-005
  0.36308443E-005
  0.39602996E-005
  0.42355199E-005
  0.44477903E-005
  0.46159640E-005
  0.47433414E-005
  0.48408788E-005
  0.49110226E-005
  0.49662436E-005
  0.50127942E-005
  0.50534042E-005
  0.50893862E-005
  0.51214304E-005
  0.51499197E-005
  0.51750924E-005
  0.51971635E-005
  0.52163694E-005
  0.52329405E-005
  0.52470974E-005
  0.52590831E-005
  0.52691434E-005
  0.52775219E-005
  0.52844295E-005
  0.52900639E-005
  0.52946087E-005
  0.52982294E-005
  0.53010738E-005
  0.53032725E-005
  0.53049403E-005
  0.53061769E-005
  0.53070684E-005
  0.53076880E-005
  0.53080980E-005
  0.53083503E-005
  0.53084881E-005
  0.53085466E-005
  0.53085551E-005
  0.53085363E-005
  0.53085081E-005
  0.53084840E-005
  0.53084744E-005
  0.53084867E-005
  0.53085259E-005
  0.53085950E-005
  0.53086952E-005
  0.53088252E-005
  0.53089892E-005
  0.53091875E-005
  0.53094162E-005
  0.53096720E-005
  0.53099522E-005
  0.53102542E-005
  0.53105754E-005
  0.53109134E-005
  0.53112654E-005
  0.53116287E-005
  0.53120006E-005
  0.53123785E-005
  0.53127598E-005
  0.53131420E-005
  0.53135226E-005
  0.53138994E-005
  0.53142700E-005
  0.53146325E-005
  0.53149849E-005
  0.53153253E-005
  0.53156523E-005
  0.53159646E-005
  0.53162611E-005
  0.53165408E-005
  0.53168034E-005
  0.53170484E-005
  0.53172759E-005
  0.53174860E-005
  0.53176792E-005
  0.53178559E-005
  0.53180168E-005
  0.53181629E-005
  0.53182948E-005
  0.53184136E-005
  0.53185201E-005
  0.53186153E-005
  0.53186999E-005
  0.53187749E-005
  0.53188410E-005
  0.53188990E-005
  0.53189495E-005
  0.53189932E-005
  0.53190306E-005
  0.53190622E-005
  0.53190887E-005
  0.53191103E-005
  0.53191277E-005
  0.53191410E-005
  0.53191508E-005
  0.53191573E-005
  0.53191608E-005
  0.53191617E-005
  0.53191601E-005
  0.53191563E-005
  0.53191506E-005
  0.53191430E-005
  0.53191339E-005
  0.53191233E-005
  0.53191114E-005
  0.53190983E-005
  0.53190842E-005
  0.53190691E-005
  0.53190531E-005
  0.53190363E-005
  0.53190188E-005
  0.53190006E-005
  0.53189819E-005
  0.53189627E-005
  0.53189430E-005
  0.53189229E-005
  0.53189025E-005
  0.53188817E-005
  0.53188607E-005
  0.53188396E-005
  0.53188182E-005
  0.53187968E-005
  0.53187754E-005
  0.53187539E-005
  0.53187325E-005
  0.53187112E-005
  0.53186901E-005
  0.53186691E-005
  0.53186484E-005
  0.53186280E-005
  0.53186079E-005
  0.53185881E-005
  0.53185688E-005
  0.53185499E-005
  0.53185315E-005
  0.53185135E-005
  0.53184961E-005
  0.53184793E-005
  0.53184629E-005
  0.53184472E-005
  0.53184321E-005
  0.53184175E-005
  0.53184036E-005
  0.53183903E-005
  0.53183776E-005
  0.53183656E-005
  0.53183541E-005
  0.53183433E-005
  0.53183331E-005
  0.53183234E-005
  0.53183144E-005
  0.53183059E-005
  0.53182980E-005
  0.53182906E-005
  0.53182838E-005
  0.53182775E-005
  0.53182716E-005
  0.53182662E-005
  0.53182613E-005
  0.53182568E-005
  0.53182527E-005
  0.53182490E-005
  0.53182457E-005
  0.53182427E-005
  0.53182400E-005
  0.53182376E-005
  0.53182355E-005
  0.53182337E-005
  0.53182321E-005
  0.53182307E-005
  0.53182295E-005
  0.53182285E-005
  0.53182277E-005
  0.53182271E-005
  0.53182265E-005
  0.53182261E-005
  0.53182258E-005
  0.53182256E-005
  0.53182255E-005
  0.53182254E-005
  0.53182254E-005
  0.53182255E-005
  0.53182256E-005
  0.53182257E-005
  0.53182259E-005
  0.53182261E-005
  0.53182263E-005
  0.53182265E-005
  0.53182267E-005
  0.53182269E-005
  0.53182272E-005
  0.53182275E-005
  0.53182281E-005
  0.53182275E-005
  0.53182248E-005
