  0.26138386E+000
  0.12632379E+000
  0.10306972E+000
  0.10407226E+000
  0.11573206E+000
  0.13313327E+000
  0.15206118E+000
  0.16995022E+000
  0.18563652E+000
  0.19884004E+000
  0.20965470E+000
  0.21820826E+000
  0.22517971E+000
  0.23084591E+000
  0.23547632E+000
  0.23926255E+000
  0.24236003E+000
  0.24490818E+000
  0.24701834E+000
  0.24878004E+000
  0.25027540E+000
  0.25156313E+000
  0.25268607E+000
  0.25367481E+000
  0.25455130E+000
  0.25533278E+000
  0.25603269E+000
  0.25666012E+000
  0.25722223E+000
  0.25772502E+000
  0.25817364E+000
  0.25857277E+000
  0.25892682E+000
  0.25924006E+000
  0.25951662E+000
  0.25976050E+000
  0.25997555E+000
  0.26016542E+000
  0.26033352E+000
  0.26048298E+000
  0.26061660E+000
  0.26073690E+000
  0.26084604E+000
  0.26094583E+000
  0.26103780E+000
  0.26112319E+000
  0.26120297E+000
  0.26127793E+000
  0.26134863E+000
  0.26141550E+000
  0.26147880E+000
  0.26152549E+000
  0.26155396E+000
  0.26157107E+000
  0.26158109E+000
  0.26158663E+000
  0.26158932E+000
  0.26159013E+000
  0.26158965E+000
  0.26158825E+000
  0.26158615E+000
  0.26158349E+000
  0.26158036E+000
  0.26157685E+000
  0.26157300E+000
  0.26156885E+000
  0.26156443E+000
  0.26155978E+000
  0.26155491E+000
  0.26154985E+000
  0.26154461E+000
  0.26153921E+000
  0.26153367E+000
  0.26152799E+000
  0.26152220E+000
  0.26151630E+000
  0.26151033E+000
  0.26150430E+000
  0.26149822E+000
  0.26149213E+000
  0.26148605E+000
  0.26147999E+000
  0.26147400E+000
  0.26146807E+000
  0.26146225E+000
  0.26145654E+000
  0.26145097E+000
  0.26144556E+000
  0.26144031E+000
  0.26143524E+000
  0.26143036E+000
  0.26142567E+000
  0.26142118E+000
  0.26141690E+000
  0.26141283E+000
  0.26140896E+000
  0.26140531E+000
  0.26140187E+000
  0.26139863E+000
  0.26139560E+000
  0.26139277E+000
  0.26139013E+000
  0.26138770E+000
  0.26138545E+000
  0.26138339E+000
  0.26138151E+000
  0.26137981E+000
  0.26137827E+000
  0.26137690E+000
  0.26137568E+000
  0.26137461E+000
  0.26137368E+000
  0.26137289E+000
  0.26137222E+000
  0.26137168E+000
  0.26137124E+000
  0.26137091E+000
  0.26137068E+000
  0.26137053E+000
  0.26137046E+000
  0.26137047E+000
  0.26137055E+000
  0.26137068E+000
  0.26137087E+000
  0.26137110E+000
  0.26137137E+000
  0.26137168E+000
  0.26137202E+000
  0.26137238E+000
  0.26137276E+000
  0.26137316E+000
  0.26137357E+000
  0.26137399E+000
  0.26137441E+000
  0.26137483E+000
  0.26137526E+000
  0.26137568E+000
  0.26137609E+000
  0.26137650E+000
  0.26137690E+000
  0.26137729E+000
  0.26137767E+000
  0.26137804E+000
  0.26137840E+000
  0.26137875E+000
  0.26137908E+000
  0.26137940E+000
  0.26137971E+000
  0.26138000E+000
  0.26138029E+000
  0.26138056E+000
  0.26138081E+000
  0.26138106E+000
  0.26138129E+000
  0.26138151E+000
  0.26138172E+000
  0.26138191E+000
  0.26138210E+000
  0.26138227E+000
  0.26138244E+000
  0.26138259E+000
  0.26138273E+000
  0.26138287E+000
  0.26138300E+000
  0.26138311E+000
  0.26138322E+000
  0.26138332E+000
  0.26138342E+000
  0.26138350E+000
  0.26138358E+000
  0.26138365E+000
  0.26138372E+000
  0.26138378E+000
  0.26138383E+000
  0.26138388E+000
  0.26138392E+000
  0.26138396E+000
  0.26138399E+000
  0.26138402E+000
  0.26138405E+000
  0.26138407E+000
  0.26138409E+000
  0.26138410E+000
  0.26138411E+000
  0.26138412E+000
  0.26138413E+000
  0.26138413E+000
  0.26138414E+000
  0.26138414E+000
  0.26138414E+000
  0.26138413E+000
  0.26138413E+000
  0.26138412E+000
  0.26138412E+000
  0.26138411E+000
  0.26138410E+000
  0.26138409E+000
  0.26138409E+000
  0.26138407E+000
  0.26138401E+000
