  0.46799512E-001
  0.28194348E-001
  0.26225787E-001
  0.27267280E-001
  0.29021678E-001
  0.31832567E-001
  0.34720988E-001
  0.37133916E-001
  0.38994947E-001
  0.40469370E-001
  0.41586121E-001
  0.42441257E-001
  0.43056227E-001
  0.43540363E-001
  0.43948484E-001
  0.44304523E-001
  0.44619987E-001
  0.44900927E-001
  0.45150700E-001
  0.45371396E-001
  0.45564899E-001
  0.45733282E-001
  0.45878565E-001
  0.46002682E-001
  0.46107764E-001
  0.46195966E-001
  0.46269422E-001
  0.46329983E-001
  0.46379381E-001
  0.46419227E-001
  0.46450971E-001
  0.46475908E-001
  0.46495184E-001
  0.46509806E-001
  0.46520648E-001
  0.46528464E-001
  0.46533896E-001
  0.46537491E-001
  0.46539703E-001
  0.46540911E-001
  0.46541424E-001
  0.46541499E-001
  0.46541334E-001
  0.46541086E-001
  0.46540875E-001
  0.46540790E-001
  0.46540898E-001
  0.46541242E-001
  0.46541848E-001
  0.46542726E-001
  0.46543866E-001
  0.46545304E-001
  0.46547042E-001
  0.46549048E-001
  0.46551290E-001
  0.46553747E-001
  0.46556394E-001
  0.46559211E-001
  0.46562174E-001
  0.46565260E-001
  0.46568445E-001
  0.46571706E-001
  0.46575019E-001
  0.46578362E-001
  0.46581713E-001
  0.46585050E-001
  0.46588353E-001
  0.46591603E-001
  0.46594780E-001
  0.46597870E-001
  0.46600854E-001
  0.46603722E-001
  0.46606459E-001
  0.46609058E-001
  0.46611511E-001
  0.46613813E-001
  0.46615962E-001
  0.46617956E-001
  0.46619798E-001
  0.46621491E-001
  0.46623041E-001
  0.46624452E-001
  0.46625732E-001
  0.46626889E-001
  0.46627930E-001
  0.46628864E-001
  0.46629699E-001
  0.46630441E-001
  0.46631098E-001
  0.46631678E-001
  0.46632186E-001
  0.46632629E-001
  0.46633011E-001
  0.46633339E-001
  0.46633617E-001
  0.46633849E-001
  0.46634039E-001
  0.46634191E-001
  0.46634308E-001
  0.46634393E-001
  0.46634450E-001
  0.46634481E-001
  0.46634489E-001
  0.46634475E-001
  0.46634442E-001
  0.46634392E-001
  0.46634326E-001
  0.46634245E-001
  0.46634153E-001
  0.46634048E-001
  0.46633933E-001
  0.46633809E-001
  0.46633677E-001
  0.46633537E-001
  0.46633390E-001
  0.46633236E-001
  0.46633077E-001
  0.46632913E-001
  0.46632744E-001
  0.46632572E-001
  0.46632396E-001
  0.46632216E-001
  0.46632035E-001
  0.46631851E-001
  0.46631665E-001
  0.46631478E-001
  0.46631290E-001
  0.46631102E-001
  0.46630914E-001
  0.46630726E-001
  0.46630540E-001
  0.46630354E-001
  0.46630171E-001
  0.46629989E-001
  0.46629810E-001
  0.46629634E-001
  0.46629461E-001
  0.46629291E-001
  0.46629125E-001
  0.46628964E-001
  0.46628807E-001
  0.46628654E-001
  0.46628506E-001
  0.46628363E-001
  0.46628225E-001
  0.46628092E-001
  0.46627965E-001
  0.46627843E-001
  0.46627726E-001
  0.46627615E-001
  0.46627509E-001
  0.46627409E-001
  0.46627314E-001
  0.46627224E-001
  0.46627140E-001
  0.46627060E-001
  0.46626986E-001
  0.46626917E-001
  0.46626852E-001
  0.46626792E-001
  0.46626737E-001
  0.46626685E-001
  0.46626638E-001
  0.46626595E-001
  0.46626556E-001
  0.46626520E-001
  0.46626487E-001
  0.46626458E-001
  0.46626432E-001
  0.46626408E-001
  0.46626387E-001
  0.46626369E-001
  0.46626353E-001
  0.46626339E-001
  0.46626327E-001
  0.46626316E-001
  0.46626308E-001
  0.46626301E-001
  0.46626295E-001
  0.46626290E-001
  0.46626287E-001
  0.46626284E-001
  0.46626282E-001
  0.46626281E-001
  0.46626281E-001
  0.46626281E-001
  0.46626281E-001
  0.46626282E-001
  0.46626283E-001
  0.46626285E-001
  0.46626286E-001
  0.46626288E-001
  0.46626290E-001
  0.46626292E-001
  0.46626294E-001
  0.46626296E-001
  0.46626298E-001
  0.46626304E-001
  0.46626299E-001
  0.46626275E-001
