  0.21458435E+000
  0.98129439E-001
  0.76843931E-001
  0.76804977E-001
  0.86710382E-001
  0.10130071E+000
  0.11734019E+000
  0.13281631E+000
  0.14664157E+000
  0.15837067E+000
  0.16806858E+000
  0.17576700E+000
  0.18212349E+000
  0.18730555E+000
  0.19152784E+000
  0.19495803E+000
  0.19774004E+000
  0.20000725E+000
  0.20186764E+000
  0.20340865E+000
  0.20471050E+000
  0.20582985E+000
  0.20680750E+000
  0.20767213E+000
  0.20844353E+000
  0.20913682E+000
  0.20976327E+000
  0.21033013E+000
  0.21084285E+000
  0.21130579E+000
  0.21172267E+000
  0.21209686E+000
  0.21243164E+000
  0.21273026E+000
  0.21299597E+000
  0.21323203E+000
  0.21344165E+000
  0.21362793E+000
  0.21379382E+000
  0.21394206E+000
  0.21407517E+000
  0.21419540E+000
  0.21430470E+000
  0.21440474E+000
  0.21449692E+000
  0.21458240E+000
  0.21466208E+000
  0.21473669E+000
  0.21480679E+000
  0.21487278E+000
  0.21493494E+000
  0.21498019E+000
  0.21500692E+000
  0.21502203E+000
  0.21502980E+000
  0.21503288E+000
  0.21503292E+000
  0.21503092E+000
  0.21502748E+000
  0.21502299E+000
  0.21501770E+000
  0.21501178E+000
  0.21500534E+000
  0.21499849E+000
  0.21499129E+000
  0.21498380E+000
  0.21497608E+000
  0.21496818E+000
  0.21496013E+000
  0.21495198E+000
  0.21494376E+000
  0.21493549E+000
  0.21492721E+000
  0.21491893E+000
  0.21491068E+000
  0.21490249E+000
  0.21489437E+000
  0.21488634E+000
  0.21487842E+000
  0.21487064E+000
  0.21486301E+000
  0.21485554E+000
  0.21484826E+000
  0.21484118E+000
  0.21483432E+000
  0.21482768E+000
  0.21482128E+000
  0.21481512E+000
  0.21480921E+000
  0.21480356E+000
  0.21479817E+000
  0.21479304E+000
  0.21478817E+000
  0.21478356E+000
  0.21477921E+000
  0.21477512E+000
  0.21477127E+000
  0.21476767E+000
  0.21476432E+000
  0.21476120E+000
  0.21475832E+000
  0.21475565E+000
  0.21475321E+000
  0.21475098E+000
  0.21474895E+000
  0.21474712E+000
  0.21474548E+000
  0.21474403E+000
  0.21474274E+000
  0.21474163E+000
  0.21474068E+000
  0.21473987E+000
  0.21473921E+000
  0.21473869E+000
  0.21473829E+000
  0.21473801E+000
  0.21473783E+000
  0.21473776E+000
  0.21473778E+000
  0.21473789E+000
  0.21473808E+000
  0.21473833E+000
  0.21473864E+000
  0.21473902E+000
  0.21473943E+000
  0.21473990E+000
  0.21474039E+000
  0.21474092E+000
  0.21474147E+000
  0.21474204E+000
  0.21474262E+000
  0.21474322E+000
  0.21474382E+000
  0.21474442E+000
  0.21474502E+000
  0.21474562E+000
  0.21474622E+000
  0.21474680E+000
  0.21474737E+000
  0.21474794E+000
  0.21474849E+000
  0.21474902E+000
  0.21474954E+000
  0.21475004E+000
  0.21475052E+000
  0.21475099E+000
  0.21475144E+000
  0.21475187E+000
  0.21475228E+000
  0.21475267E+000
  0.21475305E+000
  0.21475340E+000
  0.21475374E+000
  0.21475406E+000
  0.21475437E+000
  0.21475465E+000
  0.21475493E+000
  0.21475518E+000
  0.21475542E+000
  0.21475564E+000
  0.21475585E+000
  0.21475605E+000
  0.21475623E+000
  0.21475640E+000
  0.21475656E+000
  0.21475670E+000
  0.21475683E+000
  0.21475696E+000
  0.21475707E+000
  0.21475717E+000
  0.21475726E+000
  0.21475735E+000
  0.21475742E+000
  0.21475749E+000
  0.21475755E+000
  0.21475760E+000
  0.21475765E+000
  0.21475769E+000
  0.21475773E+000
  0.21475776E+000
  0.21475778E+000
  0.21475780E+000
  0.21475782E+000
  0.21475783E+000
  0.21475784E+000
  0.21475785E+000
  0.21475785E+000
  0.21475785E+000
  0.21475785E+000
  0.21475785E+000
  0.21475785E+000
  0.21475784E+000
  0.21475783E+000
  0.21475782E+000
  0.21475781E+000
  0.21475780E+000
  0.21475779E+000
  0.21475779E+000
  0.21475777E+000
  0.21475773E+000
