  0.14115454E+000
  0.13793578E+000
  0.13600987E+000
  0.13489123E+000
  0.13428218E+000
  0.13397963E+000
  0.13386766E+000
  0.13388446E+000
  0.13401397E+000
  0.13422892E+000
  0.13450794E+000
  0.13485153E+000
  0.13520264E+000
  0.13555165E+000
  0.13589223E+000
  0.13621832E+000
  0.13652692E+000
  0.13681686E+000
  0.13708957E+000
  0.13734784E+000
  0.13759159E+000
  0.13782118E+000
  0.13803716E+000
  0.13824019E+000
  0.13843133E+000
  0.13861129E+000
  0.13878060E+000
  0.13893980E+000
  0.13908944E+000
  0.13923007E+000
  0.13936219E+000
  0.13948630E+000
  0.13960286E+000
  0.13971227E+000
  0.13981494E+000
  0.13991124E+000
  0.14000150E+000
  0.14008607E+000
  0.14016524E+000
  0.14023932E+000
  0.14030858E+000
  0.14037331E+000
  0.14043376E+000
  0.14049018E+000
  0.14054282E+000
  0.14059191E+000
  0.14063765E+000
  0.14068026E+000
  0.14071993E+000
  0.14075683E+000
  0.14079112E+000
  0.14082385E+000
  0.14085504E+000
  0.14088425E+000
  0.14091142E+000
  0.14093660E+000
  0.14095986E+000
  0.14098132E+000
  0.14100105E+000
  0.14101916E+000
  0.14103574E+000
  0.14105088E+000
  0.14106465E+000
  0.14107714E+000
  0.14108842E+000
  0.14109858E+000
  0.14110769E+000
  0.14111583E+000
  0.14112305E+000
  0.14112942E+000
  0.14113502E+000
  0.14113989E+000
  0.14114411E+000
  0.14114773E+000
  0.14115081E+000
  0.14115339E+000
  0.14115555E+000
  0.14115731E+000
  0.14115874E+000
  0.14115987E+000
  0.14116075E+000
  0.14116142E+000
  0.14116191E+000
  0.14116225E+000
  0.14116246E+000
  0.14116259E+000
  0.14116263E+000
  0.14116261E+000
  0.14116255E+000
  0.14116245E+000
  0.14116232E+000
  0.14116218E+000
  0.14116201E+000
  0.14116184E+000
  0.14116166E+000
  0.14116146E+000
  0.14116127E+000
  0.14116107E+000
  0.14116086E+000
  0.14116065E+000
  0.14116044E+000
  0.14116022E+000
  0.14116000E+000
  0.14115978E+000
  0.14115956E+000
  0.14115933E+000
  0.14115911E+000
  0.14115888E+000
  0.14115866E+000
  0.14115843E+000
  0.14115821E+000
  0.14115798E+000
  0.14115776E+000
  0.14115754E+000
  0.14115732E+000
  0.14115711E+000
  0.14115689E+000
  0.14115669E+000
  0.14115648E+000
  0.14115628E+000
  0.14115609E+000
  0.14115590E+000
  0.14115571E+000
  0.14115553E+000
  0.14115536E+000
  0.14115520E+000
  0.14115504E+000
  0.14115489E+000
  0.14115474E+000
  0.14115461E+000
  0.14115448E+000
  0.14115436E+000
  0.14115426E+000
  0.14115415E+000
  0.14115406E+000
  0.14115398E+000
  0.14115391E+000
  0.14115384E+000
  0.14115378E+000
  0.14115373E+000
  0.14115369E+000
  0.14115366E+000
  0.14115364E+000
  0.14115362E+000
  0.14115361E+000
  0.14115360E+000
  0.14115361E+000
  0.14115361E+000
  0.14115363E+000
  0.14115364E+000
  0.14115366E+000
  0.14115369E+000
  0.14115372E+000
  0.14115375E+000
  0.14115378E+000
  0.14115382E+000
  0.14115386E+000
  0.14115390E+000
  0.14115394E+000
  0.14115398E+000
  0.14115402E+000
  0.14115406E+000
  0.14115410E+000
  0.14115414E+000
  0.14115418E+000
  0.14115422E+000
  0.14115426E+000
  0.14115430E+000
  0.14115433E+000
  0.14115436E+000
  0.14115440E+000
  0.14115443E+000
  0.14115446E+000
  0.14115448E+000
  0.14115451E+000
  0.14115453E+000
  0.14115455E+000
  0.14115457E+000
  0.14115459E+000
  0.14115461E+000
  0.14115462E+000
  0.14115463E+000
  0.14115465E+000
  0.14115466E+000
  0.14115467E+000
  0.14115467E+000
  0.14115468E+000
  0.14115468E+000
  0.14115469E+000
  0.14115469E+000
  0.14115469E+000
  0.14115469E+000
  0.14115469E+000
  0.14115469E+000
  0.14115469E+000
  0.14115469E+000
  0.14115469E+000
  0.14115469E+000
  0.14115469E+000
  0.14115467E+000
