  0.15181653E-001
  0.12319852E-001
  0.10048888E-001
  0.82439714E-002
  0.68114400E-002
  0.56442246E-002
  0.46961535E-002
  0.39173909E-002
  0.32664434E-002
  0.27322969E-002
  0.22881588E-002
  0.19174469E-002
  0.16102520E-002
  0.13532048E-002
  0.11370021E-002
  0.95675924E-003
  0.80623086E-003
  0.67907444E-003
  0.57359917E-003
  0.48494049E-003
  0.41136194E-003
  0.34985318E-003
  0.29850786E-003
  0.25603699E-003
  0.22060000E-003
  0.19123202E-003
  0.16683584E-003
  0.14659796E-003
  0.12979033E-003
  0.11581694E-003
  0.10415007E-003
  0.94397624E-004
  0.86183920E-004
  0.79212014E-004
  0.73245418E-004
  0.68081525E-004
  0.63553840E-004
  0.59558029E-004
  0.55958040E-004
  0.52703769E-004
  0.49695695E-004
  0.46912901E-004
  0.44301906E-004
  0.41854283E-004
  0.39529539E-004
  0.37333865E-004
  0.35228854E-004
  0.33235835E-004
  0.31330343E-004
  0.29515361E-004
  0.27780575E-004
  0.26119006E-004
  0.24537482E-004
  0.23038653E-004
  0.21613730E-004
  0.20262895E-004
  0.18976843E-004
  0.17758015E-004
  0.16604029E-004
  0.15509677E-004
  0.14479028E-004
  0.13506590E-004
  0.12589466E-004
  0.11728506E-004
  0.10926655E-004
  0.10176144E-004
  0.94840937E-005
  0.88386554E-005
  0.82496443E-005
  0.77077312E-005
  0.72146055E-005
  0.67647795E-005
  0.63575545E-005
  0.59856355E-005
  0.56504517E-005
  0.53418647E-005
  0.50609794E-005
  0.48001320E-005
  0.45589685E-005
  0.43302496E-005
  0.41129423E-005
  0.39054494E-005
  0.37032694E-005
  0.35075169E-005
  0.33150308E-005
  0.31272138E-005
  0.29409980E-005
  0.27603710E-005
  0.25819104E-005
  0.24081195E-005
  0.22399230E-005
  0.20767147E-005
  0.19188681E-005
  0.17677437E-005
  0.16244603E-005
  0.14871447E-005
  0.13581503E-005
  0.12365481E-005
  0.11227860E-005
  0.10165361E-005
  0.91756159E-006
  0.82622715E-006
  0.74153437E-006
  0.66360812E-006
  0.59186039E-006
  0.52672105E-006
  0.46681955E-006
  0.41221192E-006
  0.36281338E-006
  0.31783326E-006
  0.27692650E-006
  0.24026760E-006
  0.20700026E-006
  0.17731631E-006
  0.15047997E-006
  0.12648529E-006
  0.10518223E-006
  0.86147292E-007
  0.69180953E-007
  0.54344200E-007
  0.41075090E-007
  0.29481858E-007
  0.19328822E-007
  0.10426493E-007
  0.27467280E-008
 -0.38824138E-008
 -0.93953167E-008
 -0.14336369E-007
 -0.18355327E-007
 -0.21811591E-007
 -0.24517933E-007
 -0.26812535E-007
 -0.28605603E-007
 -0.30011218E-007
 -0.30978442E-007
 -0.31658621E-007
 -0.32126689E-007
 -0.32293199E-007
 -0.32247457E-007
 -0.32109889E-007
 -0.31771399E-007
 -0.31265539E-007
 -0.30723138E-007
 -0.30012468E-007
 -0.29267424E-007
 -0.28481623E-007
 -0.27669963E-007
 -0.26784725E-007
 -0.25896426E-007
 -0.24997167E-007
 -0.24066457E-007
 -0.23137652E-007
 -0.22276743E-007
 -0.21349023E-007
 -0.20454637E-007
 -0.19585916E-007
 -0.18701186E-007
 -0.17861529E-007
 -0.17031938E-007
 -0.16243541E-007
 -0.15480465E-007
 -0.14721182E-007
 -0.13977589E-007
 -0.13291348E-007
 -0.12592677E-007
 -0.11956662E-007
 -0.11339436E-007
 -0.10707106E-007
 -0.10148421E-007
 -0.95943578E-008
 -0.90487813E-008
 -0.85723302E-008
 -0.81269379E-008
 -0.76483997E-008
 -0.71804285E-008
 -0.67798704E-008
 -0.64202538E-008
 -0.60137066E-008
 -0.56875190E-008
 -0.53391194E-008
 -0.50517441E-008
 -0.47582707E-008
 -0.44510232E-008
 -0.42122676E-008
 -0.39557688E-008
 -0.37425865E-008
 -0.35087631E-008
 -0.33376009E-008
 -0.31449525E-008
 -0.29570086E-008
 -0.28026366E-008
 -0.26613713E-008
 -0.24998017E-008
 -0.23842743E-008
 -0.22756735E-008
 -0.21679314E-008
 -0.20345756E-008
 -0.14460775E-008
 -0.22816870E-008
 -0.67102933E-008
