  0.29803584E+000
  0.29826460E+000
  0.29893347E+000
  0.29965601E+000
  0.30033796E+000
  0.30095460E+000
  0.30150665E+000
  0.30199604E+000
  0.30242508E+000
  0.30279841E+000
  0.30312321E+000
  0.30340550E+000
  0.30365094E+000
  0.30386397E+000
  0.30404903E+000
  0.30420969E+000
  0.30434899E+000
  0.30446971E+000
  0.30457418E+000
  0.30466457E+000
  0.30474282E+000
  0.30481047E+000
  0.30486889E+000
  0.30491932E+000
  0.30496282E+000
  0.30500029E+000
  0.30503248E+000
  0.30506007E+000
  0.30508364E+000
  0.30510372E+000
  0.30512075E+000
  0.30513513E+000
  0.30514720E+000
  0.30515728E+000
  0.30516561E+000
  0.30517244E+000
  0.30517797E+000
  0.30518236E+000
  0.30518578E+000
  0.30518835E+000
  0.30519019E+000
  0.30519140E+000
  0.30519207E+000
  0.30519226E+000
  0.30519204E+000
  0.30519147E+000
  0.30519060E+000
  0.30518947E+000
  0.30518811E+000
  0.30518657E+000
  0.30518488E+000
  0.30518306E+000
  0.30518113E+000
  0.30517913E+000
  0.30517706E+000
  0.30517494E+000
  0.30517281E+000
  0.30517066E+000
  0.30516852E+000
  0.30516639E+000
  0.30516430E+000
  0.30516224E+000
  0.30516023E+000
  0.30515828E+000
  0.30515639E+000
  0.30515455E+000
  0.30515279E+000
  0.30515109E+000
  0.30514946E+000
  0.30514789E+000
  0.30514639E+000
  0.30514496E+000
  0.30514359E+000
  0.30514228E+000
  0.30514103E+000
  0.30513984E+000
  0.30513871E+000
  0.30513765E+000
  0.30513664E+000
  0.30513568E+000
  0.30513479E+000
  0.30513396E+000
  0.30513319E+000
  0.30513247E+000
  0.30513182E+000
  0.30513122E+000
  0.30513068E+000
  0.30513019E+000
  0.30512976E+000
  0.30512938E+000
  0.30512905E+000
  0.30512876E+000
  0.30512851E+000
  0.30512830E+000
  0.30512813E+000
  0.30512798E+000
  0.30512787E+000
  0.30512778E+000
  0.30512772E+000
  0.30512767E+000
  0.30512764E+000
  0.30512762E+000
  0.30512761E+000
  0.30512761E+000
  0.30512762E+000
  0.30512763E+000
  0.30512764E+000
  0.30512766E+000
  0.30512767E+000
  0.30512769E+000
  0.30512770E+000
  0.30512771E+000
  0.30512772E+000
  0.30512772E+000
  0.30512772E+000
  0.30512772E+000
  0.30512771E+000
  0.30512770E+000
  0.30512768E+000
  0.30512766E+000
  0.30512763E+000
  0.30512760E+000
  0.30512756E+000
  0.30512752E+000
  0.30512748E+000
  0.30512743E+000
  0.30512738E+000
  0.30512732E+000
  0.30512727E+000
  0.30512721E+000
  0.30512715E+000
  0.30512708E+000
  0.30512702E+000
  0.30512695E+000
  0.30512688E+000
  0.30512681E+000
  0.30512675E+000
  0.30512668E+000
  0.30512661E+000
  0.30512654E+000
  0.30512647E+000
  0.30512640E+000
  0.30512633E+000
  0.30512627E+000
  0.30512620E+000
  0.30512614E+000
  0.30512607E+000
  0.30512601E+000
  0.30512595E+000
  0.30512589E+000
  0.30512584E+000
  0.30512578E+000
  0.30512573E+000
  0.30512568E+000
  0.30512563E+000
  0.30512558E+000
  0.30512554E+000
  0.30512550E+000
  0.30512546E+000
  0.30512542E+000
  0.30512538E+000
  0.30512535E+000
  0.30512531E+000
  0.30512528E+000
  0.30512525E+000
  0.30512523E+000
  0.30512520E+000
  0.30512518E+000
  0.30512515E+000
  0.30512513E+000
  0.30512512E+000
  0.30512510E+000
  0.30512508E+000
  0.30512507E+000
  0.30512505E+000
  0.30512504E+000
  0.30512503E+000
  0.30512502E+000
  0.30512501E+000
  0.30512500E+000
  0.30512500E+000
  0.30512499E+000
  0.30512498E+000
  0.30512498E+000
  0.30512497E+000
  0.30512497E+000
  0.30512497E+000
  0.30512496E+000
  0.30512496E+000
  0.30512496E+000
  0.30512496E+000
  0.30512496E+000
  0.30512496E+000
  0.30512495E+000
  0.30512495E+000
  0.30512495E+000
  0.30512495E+000
  0.30512495E+000
  0.30512495E+000
  0.30512493E+000
