  0.91366349E+000
  0.91108787E+000
  0.90904400E+000
  0.90741957E+000
  0.90613030E+000
  0.90507980E+000
  0.90422654E+000
  0.90352565E+000
  0.90293980E+000
  0.90245907E+000
  0.90205934E+000
  0.90172570E+000
  0.90144923E+000
  0.90121788E+000
  0.90102330E+000
  0.90086108E+000
  0.90072561E+000
  0.90061117E+000
  0.90051624E+000
  0.90043645E+000
  0.90037023E+000
  0.90031487E+000
  0.90026866E+000
  0.90023043E+000
  0.90019854E+000
  0.90017211E+000
  0.90015015E+000
  0.90013194E+000
  0.90011681E+000
  0.90010424E+000
  0.90009374E+000
  0.90008496E+000
  0.90007757E+000
  0.90007129E+000
  0.90006592E+000
  0.90006127E+000
  0.90005720E+000
  0.90005360E+000
  0.90005036E+000
  0.90004743E+000
  0.90004473E+000
  0.90004222E+000
  0.90003987E+000
  0.90003767E+000
  0.90003558E+000
  0.90003360E+000
  0.90003171E+000
  0.90002991E+000
  0.90002820E+000
  0.90002656E+000
  0.90002500E+000
  0.90002351E+000
  0.90002208E+000
  0.90002073E+000
  0.90001945E+000
  0.90001824E+000
  0.90001708E+000
  0.90001598E+000
  0.90001494E+000
  0.90001396E+000
  0.90001303E+000
  0.90001216E+000
  0.90001133E+000
  0.90001056E+000
  0.90000983E+000
  0.90000916E+000
  0.90000854E+000
  0.90000795E+000
  0.90000742E+000
  0.90000694E+000
  0.90000649E+000
  0.90000609E+000
  0.90000572E+000
  0.90000539E+000
  0.90000509E+000
  0.90000481E+000
  0.90000455E+000
  0.90000432E+000
  0.90000410E+000
  0.90000390E+000
  0.90000370E+000
  0.90000351E+000
  0.90000333E+000
  0.90000316E+000
  0.90000298E+000
  0.90000281E+000
  0.90000265E+000
  0.90000248E+000
  0.90000232E+000
  0.90000217E+000
  0.90000202E+000
  0.90000187E+000
  0.90000173E+000
  0.90000159E+000
  0.90000146E+000
  0.90000134E+000
  0.90000122E+000
  0.90000111E+000
  0.90000101E+000
  0.90000091E+000
  0.90000083E+000
  0.90000074E+000
  0.90000067E+000
  0.90000060E+000
  0.90000053E+000
  0.90000047E+000
  0.90000042E+000
  0.90000037E+000
  0.90000033E+000
  0.90000029E+000
  0.90000025E+000
  0.90000022E+000
  0.90000019E+000
  0.90000016E+000
  0.90000014E+000
  0.90000011E+000
  0.90000009E+000
  0.90000008E+000
  0.90000006E+000
  0.90000005E+000
  0.90000004E+000
  0.90000003E+000
  0.90000002E+000
  0.90000001E+000
  0.90000000E+000
  0.90000000E+000
  0.89999999E+000
  0.89999999E+000
  0.89999998E+000
  0.89999998E+000
  0.89999998E+000
  0.89999998E+000
  0.89999997E+000
  0.89999997E+000
  0.89999997E+000
  0.89999997E+000
  0.89999997E+000
  0.89999997E+000
  0.89999997E+000
  0.89999997E+000
  0.89999997E+000
  0.89999997E+000
  0.89999997E+000
  0.89999997E+000
  0.89999997E+000
  0.89999997E+000
  0.89999998E+000
  0.89999998E+000
  0.89999998E+000
  0.89999998E+000
  0.89999998E+000
  0.89999998E+000
  0.89999998E+000
  0.89999998E+000
  0.89999998E+000
  0.89999998E+000
  0.89999998E+000
  0.89999998E+000
  0.89999998E+000
  0.89999999E+000
  0.89999999E+000
  0.89999999E+000
  0.89999999E+000
  0.89999999E+000
  0.89999999E+000
  0.89999999E+000
  0.89999999E+000
  0.89999999E+000
  0.89999999E+000
  0.89999999E+000
  0.89999999E+000
  0.89999999E+000
  0.89999999E+000
  0.89999999E+000
  0.89999999E+000
  0.89999999E+000
  0.89999999E+000
  0.89999999E+000
  0.89999999E+000
  0.90000000E+000
  0.90000000E+000
  0.90000000E+000
  0.90000000E+000
  0.90000000E+000
  0.90000000E+000
  0.90000000E+000
  0.90000000E+000
  0.90000000E+000
  0.90000000E+000
  0.90000000E+000
  0.90000000E+000
  0.90000000E+000
  0.90000000E+000
  0.90000000E+000
  0.90000000E+000
  0.90000000E+000
  0.90000000E+000
  0.90000000E+000
  0.90000000E+000
  0.89999999E+000
