 -0.49999999E-002
 -0.42324085E-002
 -0.35826373E-002
 -0.30325192E-002
 -0.25666545E-002
 -0.21720147E-002
 -0.18375920E-002
 -0.15540942E-002
 -0.13136817E-002
 -0.11097421E-002
 -0.93669800E-003
 -0.78984446E-003
 -0.66521050E-003
 -0.55944279E-003
 -0.46970738E-003
 -0.39360708E-003
 -0.32911190E-003
 -0.27450079E-003
 -0.22831262E-003
 -0.18930515E-003
 -0.15642062E-003
 -0.12875691E-003
 -0.10554336E-003
 -0.86120649E-004
 -0.69923773E-004
 -0.56467955E-004
 -0.45336774E-004
 -0.36172250E-004
 -0.28666530E-004
 -0.22554911E-004
 -0.17609969E-004
 -0.13636601E-004
 -0.10467807E-004
 -0.79610966E-005
 -0.59953798E-005
 -0.44682733E-005
 -0.32937315E-005
 -0.23999484E-005
 -0.17274851E-005
 -0.12275876E-005
 -0.86067133E-006
 -0.59495388E-006
 -0.40522728E-006
 -0.27175995E-006
 -0.17932443E-006
 -0.11634569E-006
 -0.74165402E-007
 -0.46416237E-007
 -0.28498839E-007
 -0.17152920E-007
 -0.10112569E-007
 -0.58351272E-008
 -0.32926937E-008
 -0.18155375E-008
 -0.97734228E-009
 -0.51322091E-009
 -0.26266423E-009
 -0.13090407E-009
 -0.63470474E-010
 -0.29913097E-010
 -0.13690554E-010
 -0.60791596E-011
 -0.26164714E-011
 -0.10904843E-011
 -0.43967231E-012
 -0.17132253E-012
 -0.64452393E-013
 -0.23386245E-013
 -0.81758059E-014
 -0.27510308E-014
 -0.89001096E-015
 -0.27654432E-015
 -0.82438904E-016
 -0.23551618E-016
 -0.64409144E-017
 -0.16843175E-017
 -0.42068365E-018
 -0.10024036E-018
 -0.22760361E-019
 -0.49187395E-020
 -0.10105303E-020
 -0.19712562E-021
 -0.36467543E-022
 -0.63900687E-023
 -0.10592546E-023
 -0.16589962E-024
 -0.24518269E-025
 -0.34148912E-026
 -0.44765595E-027
 -0.55159995E-028
 -0.63803302E-029
 -0.69186621E-030
 -0.70238707E-031
 -0.66667775E-032
 -0.59080604E-033
 -0.48815992E-034
 -0.37554391E-035
 -0.26861385E-036
 -0.17838038E-037
 -0.10982308E-038
 -0.62594915E-040
 -0.32979865E-041
 -0.16039233E-042
 -0.71894794E-044
 -0.29657846E-045
 -0.11242275E-046
 -0.39100212E-048
 -0.12457977E-049
 -0.36306666E-051
 -0.96631246E-053
 -0.23450824E-054
 -0.51810592E-056
 -0.10404102E-057
 -0.18959066E-059
 -0.31300408E-061
 -0.46740539E-063
 -0.63027729E-065
 -0.76620064E-067
 -0.83830130E-069
 -0.82408491E-071
 -0.72664305E-073
 -0.57372572E-075
 -0.40492392E-077
 -0.25502081E-079
 -0.14307096E-081
 -0.71373493E-084
 -0.31605538E-086
 -0.12400947E-088
 -0.43036057E-091
 -0.13185910E-093
 -0.35603862E-096
 -0.84566461E-099
 -0.17636458E-101
 -0.32235241E-104
 -0.51539991E-107
 -0.71950624E-110
 -0.87534649E-113
 -0.92630144E-116
 -0.85097886E-119
 -0.67739495E-122
 -0.46631334E-125
 -0.27706307E-128
 -0.14180443E-131
 -0.62395368E-135
 -0.23556069E-138
 -0.76150192E-142
 -0.21036964E-145
 -0.49563084E-149
 -0.99382920E-153
 -0.16925985E-156
  0.00000000E+000
  0.00000000E+000
  0.00000000E+000
  0.00000000E+000
  0.00000000E+000
  0.00000000E+000
  0.00000000E+000
  0.00000000E+000
  0.00000000E+000
  0.00000000E+000
  0.00000000E+000
  0.00000000E+000
  0.00000000E+000
  0.00000000E+000
  0.00000000E+000
  0.00000000E+000
  0.00000000E+000
  0.00000000E+000
  0.00000000E+000
  0.00000000E+000
  0.00000000E+000
  0.00000000E+000
  0.00000000E+000
  0.00000000E+000
  0.00000000E+000
  0.00000000E+000
  0.00000000E+000
  0.00000000E+000
  0.00000000E+000
  0.00000000E+000
  0.00000000E+000
  0.00000000E+000
  0.00000000E+000
  0.00000000E+000
  0.00000000E+000
  0.00000000E+000
  0.00000000E+000
  0.00000000E+000
  0.00000000E+000
  0.00000000E+000
  0.00000000E+000
  0.00000000E+000
  0.00000000E+000
  0.00000000E+000
  0.00000000E+000
  0.00000000E+000
  0.00000000E+000
  0.00000000E+000
  0.00000000E+000
  0.00000000E+000
