 -0.93136838E+000 -0.83200798E+000 -0.54954850E+000 -0.18462065E+000 -0.52196989E-002  0.96542082E-003  0.91442160E+000  0.45470511E+001  0.88191833E+001  0.15860427E+002  0.21714189E+002
 -0.92901545E+000 -0.82891493E+000 -0.54512095E+000 -0.17888466E+000 -0.10096395E-002  0.11241619E-002  0.91054740E+000  0.45471326E+001  0.88148360E+001  0.15839062E+002  0.21694938E+002
 -0.92727694E+000 -0.82647795E+000 -0.54170835E+000 -0.17445856E+000  0.48342539E-004  0.15833202E-002  0.90842064E+000  0.45471938E+001  0.88111994E+001  0.15821845E+002  0.21678705E+002
 -0.92602095E+000 -0.82464476E+000 -0.53901891E+000 -0.17109133E+000  0.49239182E-004  0.18126593E-002  0.90735512E+000  0.45472247E+001  0.88081743E+001  0.15808263E+002  0.21665017E+002
 -0.92512601E+000 -0.82328993E+000 -0.53684265E+000 -0.16856761E+000 -0.11005762E-005  0.18074197E-002  0.90733740E+000  0.45472418E+001  0.88057217E+001  0.15797694E+002  0.21653575E+002
 -0.92449579E+000 -0.82230802E+000 -0.53507846E+000 -0.16670912E+000 -0.11496933E-002  0.17043685E-002  0.90805656E+000  0.45472468E+001  0.88037960E+001  0.15789340E+002  0.21644119E+002
 -0.92406257E+000 -0.82161923E+000 -0.53373088E+000 -0.16537740E+000 -0.21133420E-002  0.15394280E-002  0.90923200E+000  0.45472344E+001  0.88023406E+001  0.15782862E+002  0.21636418E+002
 -0.92377785E+000 -0.82116218E+000 -0.53273066E+000 -0.16447146E+000 -0.28332536E-002  0.13414207E-002  0.91064810E+000  0.45471994E+001  0.88012913E+001  0.15777945E+002  0.21630231E+002
 -0.92360729E+000 -0.82088432E+000 -0.53201763E+000 -0.16391181E+000 -0.33558751E-002  0.11374412E-002  0.91214909E+000  0.45471430E+001  0.88005828E+001  0.15774325E+002  0.21625342E+002
 -0.92352502E+000 -0.82074483E+000 -0.53154010E+000 -0.16363369E+000 -0.37366287E-002  0.11263039E-002  0.91363113E+000  0.45470711E+001  0.88001535E+001  0.15771785E+002  0.21621562E+002
 -0.92351012E+000 -0.82071204E+000 -0.53125505E+000 -0.16358308E+000 -0.40171594E-002  0.11142485E-002  0.91503010E+000  0.45469927E+001  0.87999481E+001  0.15770146E+002  0.21618710E+002
 -0.92354709E+000 -0.82076034E+000 -0.53112719E+000 -0.16371476E+000 -0.42243810E-002  0.11018923E-002  0.91630953E+000  0.45469154E+001  0.87999171E+001  0.15769259E+002  0.21616650E+002
 -0.92362320E+000 -0.82087117E+000 -0.53112723E+000 -0.16399149E+000 -0.43844530E-002  0.10896861E-002  0.91745164E+000  0.45468455E+001  0.88000192E+001  0.15769015E+002  0.21615267E+002
 -0.92372965E+000 -0.82102945E+000 -0.53123225E+000 -0.16438325E+000 -0.45098982E-002  0.10780183E-002  0.91844908E+000  0.45467869E+001  0.88002206E+001  0.15769317E+002  0.21614463E+002
 -0.92385936E+000 -0.82122296E+000 -0.53142215E+000 -0.16486544E+000 -0.46100323E-002  0.10671482E-002  0.91930097E+000  0.45467414E+001  0.88004951E+001  0.15770077E+002  0.21614154E+002
 -0.92400672E+000 -0.82144269E+000 -0.53168034E+000 -0.16541786E+000 -0.46908097E-002  0.10572192E-002  0.92001032E+000  0.45467094E+001  0.88008227E+001  0.15771224E+002  0.21614267E+002
 -0.92416718E+000 -0.82168145E+000 -0.53199314E+000 -0.16602386E+000 -0.47565600E-002  0.10482749E-002  0.92057650E+000  0.45466900E+001  0.88011890E+001  0.15772693E+002  0.21614741E+002
 -0.92433706E+000 -0.82193379E+000 -0.53234923E+000 -0.16666970E+000 -0.48107201E-002  0.10402866E-002  0.92100597E+000  0.45466816E+001  0.88015837E+001  0.15774431E+002  0.21615524E+002
 -0.92451357E+000 -0.82219528E+000 -0.53273907E+000 -0.16734389E+000 -0.48559054E-002  0.10332031E-002  0.92131977E+000  0.45466826E+001  0.88019999E+001  0.15776392E+002  0.21616573E+002
 -0.92469458E+000 -0.82246252E+000 -0.53315506E+000 -0.16803682E+000 -0.48941423E-002  0.10269502E-002  0.92153533E+000  0.45466911E+001  0.88024332E+001  0.15778533E+002  0.21617849E+002
 -0.92487840E+000 -0.82273289E+000 -0.53359102E+000 -0.16874053E+000 -0.49270523E-002  0.10214288E-002  0.92166795E+000  0.45467055E+001  0.88028804E+001  0.15780820E+002  0.21619321E+002
 -0.92506384E+000 -0.82300435E+000 -0.53404151E+000 -0.16944844E+000 -0.49557791E-002  0.10165385E-002  0.92173148E+000  0.45467242E+001  0.88033393E+001  0.15783218E+002  0.21620963E+002
 -0.92524995E+000 -0.82327533E+000 -0.53450205E+000 -0.17015507E+000 -0.49811491E-002  0.10121889E-002  0.92173732E+000  0.45467459E+001  0.88038084E+001  0.15785699E+002  0.21622751E+002
 -0.92543589E+000 -0.82354488E+000 -0.53496894E+000 -0.17085589E+000 -0.50037547E-002  0.10083024E-002  0.92169494E+000  0.45467694E+001  0.88042861E+001  0.15788237E+002  0.21624666E+002
 -0.92562110E+000 -0.82381224E+000 -0.53543919E+000 -0.17154719E+000 -0.50240387E-002  0.10048122E-002  0.92161221E+000  0.45467938E+001  0.88047712E+001  0.15790807E+002  0.21626691E+002
 -0.92580528E+000 -0.82407677E+000 -0.53591037E+000 -0.17222589E+000 -0.50423412E-002  0.10016611E-002  0.92149580E+000  0.45468183E+001  0.88052621E+001  0.15793388E+002  0.21628811E+002
 -0.92598811E+000 -0.82433816E+000 -0.53638054E+000 -0.17288946E+000 -0.50589225E-002  0.99880068E-003  0.92135135E+000  0.45468426E+001  0.88057571E+001  0.15795963E+002  0.21631015E+002
 -0.92616935E+000 -0.82459623E+000 -0.53684814E+000 -0.17353583E+000 -0.50739685E-002  0.99619321E-003  0.92118373E+000  0.45468660E+001  0.88062546E+001  0.15798514E+002  0.21633289E+002
 -0.92634883E+000 -0.82485090E+000 -0.53731192E+000 -0.17416328E+000 -0.50876298E-002  0.99380734E-003  0.92099710E+000  0.45468884E+001  0.88067527E+001  0.15801029E+002  0.21635625E+002
 -0.92652640E+000 -0.82510218E+000 -0.53777091E+000 -0.17477046E+000 -0.51000340E-002  0.99161698E-003  0.92079482E+000  0.45469096E+001  0.88072496E+001  0.15803498E+002  0.21638013E+002
 -0.92670200E+000 -0.82535012E+000 -0.53822438E+000 -0.17535628E+000 -0.51112914E-002  0.98960046E-003  0.92058020E+000  0.45469295E+001  0.88077432E+001  0.15805911E+002  0.21640446E+002
 -0.92687554E+000 -0.82559479E+000 -0.53867174E+000 -0.17591995E+000 -0.51215011E-002  0.98773955E-003  0.92035611E+000  0.45469479E+001  0.88082316E+001  0.15808263E+002  0.21642914E+002
 -0.92704698E+000 -0.82583629E+000 -0.53911259E+000 -0.17646089E+000 -0.51307545E-002  0.98601871E-003  0.92012501E+000  0.45469648E+001  0.88087128E+001  0.15810551E+002  0.21645412E+002
 -0.92721630E+000 -0.82607473E+000 -0.53954660E+000 -0.17697873E+000 -0.51391374E-002  0.98442448E-003  0.91988906E+000  0.45469802E+001  0.88091851E+001  0.15812771E+002  0.21647932E+002
 -0.92738344E+000 -0.82631019E+000 -0.53997353E+000 -0.17747331E+000 -0.51467309E-002  0.98294507E-003  0.91965013E+000  0.45469940E+001  0.88096466E+001  0.15814924E+002  0.21650468E+002
 -0.92754840E+000 -0.82654275E+000 -0.54039322E+000 -0.17794463E+000 -0.51536120E-002  0.98157007E-003  0.91940985E+000  0.45470060E+001  0.88100959E+001  0.15817011E+002  0.21653013E+002
 -0.92771112E+000 -0.82677246E+000 -0.54080554E+000 -0.17839288E+000 -0.51598532E-002  0.98029020E-003  0.91916964E+000  0.45470162E+001  0.88105314E+001  0.15819034E+002  0.21655561E+002
 -0.92787159E+000 -0.82699934E+000 -0.54121035E+000 -0.17881836E+000 -0.51655224E-002  0.97909713E-003  0.91893076E+000  0.45470245E+001  0.88109522E+001  0.15820995E+002  0.21658106E+002
 -0.92802973E+000 -0.82722337E+000 -0.54160755E+000 -0.17922151E+000 -0.51706825E-002  0.97798344E-003  0.91869429E+000  0.45470309E+001  0.88113572E+001  0.15822898E+002  0.21660644E+002
 -0.92818551E+000 -0.82744451E+000 -0.54199701E+000 -0.17960288E+000 -0.51753912E-002  0.97694249E-003  0.91846115E+000  0.45470351E+001  0.88117459E+001  0.15824746E+002  0.21663167E+002
 -0.92833883E+000 -0.82766266E+000 -0.54237860E+000 -0.17996312E+000 -0.51797007E-002  0.97596836E-003  0.91823217E+000  0.45470373E+001  0.88121179E+001  0.15826544E+002  0.21665671E+002
 -0.92848962E+000 -0.82787770E+000 -0.54275213E+000 -0.18030292E+000 -0.51836581E-002  0.97505574E-003  0.91800806E+000  0.45470372E+001  0.88124731E+001  0.15828293E+002  0.21668150E+002
 -0.92863778E+000 -0.82808946E+000 -0.54311743E+000 -0.18062305E+000 -0.51873043E-002  0.97420007E-003  0.91778940E+000  0.45470351E+001  0.88128118E+001  0.15829997E+002  0.21670600E+002
 -0.92878319E+000 -0.82829773E+000 -0.54347425E+000 -0.18092430E+000 -0.51906751E-002  0.97339730E-003  0.91757673E+000  0.45470308E+001  0.88131344E+001  0.15831659E+002  0.21673015E+002
 -0.92892570E+000 -0.82850229E+000 -0.54382234E+000 -0.18120748E+000 -0.51938012E-002  0.97264394E-003  0.91737047E+000  0.45470246E+001  0.88134416E+001  0.15833280E+002  0.21675390E+002
 -0.92906519E+000 -0.82870285E+000 -0.54416140E+000 -0.18147341E+000 -0.51967089E-002  0.97193695E-003  0.91717101E+000  0.45470165E+001  0.88137343E+001  0.15834862E+002  0.21677721E+002
 -0.92920148E+000 -0.82889913E+000 -0.54449114E+000 -0.18172289E+000 -0.51994201E-002  0.97127370E-003  0.91697863E+000  0.45470067E+001  0.88140135E+001  0.15836406E+002  0.21680003E+002
 -0.92933440E+000 -0.82909081E+000 -0.54481122E+000 -0.18195671E+000 -0.52019531E-002  0.97065190E-003  0.91679359E+000  0.45469955E+001  0.88142803E+001  0.15837913E+002  0.21682231E+002
 -0.92946378E+000 -0.82927756E+000 -0.54512130E+000 -0.18217565E+000 -0.52043230E-002  0.97006956E-003  0.91661609E+000  0.45469832E+001  0.88145360E+001  0.15839381E+002  0.21684400E+002
 -0.92958943E+000 -0.82945906E+000 -0.54542105E+000 -0.18238042E+000 -0.52065422E-002  0.96952493E-003  0.91644627E+000  0.45469699E+001  0.88147817E+001  0.15840812E+002  0.21686505E+002
 -0.92971116E+000 -0.82963496E+000 -0.54571012E+000 -0.18257173E+000 -0.52086201E-002  0.96901651E-003  0.91628423E+000  0.45469561E+001  0.88150187E+001  0.15842203E+002  0.21688541E+002
 -0.92982879E+000 -0.82980495E+000 -0.54598821E+000 -0.18275026E+000 -0.52104064E-002  0.96856095E-003  0.91613004E+000  0.45469420E+001  0.88152479E+001  0.15843553E+002  0.21690503E+002
 -0.92994215E+000 -0.82996872E+000 -0.54625503E+000 -0.18291664E+000 -0.52118793E-002  0.96815973E-003  0.91598371E+000  0.45469280E+001  0.88154703E+001  0.15844861E+002  0.21692386E+002
 -0.93005106E+000 -0.83012599E+000 -0.54651031E+000 -0.18307149E+000 -0.52131225E-002  0.96780252E-003  0.91584525E+000  0.45469145E+001  0.88156869E+001  0.15846124E+002  0.21694187E+002
 -0.93015538E+000 -0.83027650E+000 -0.54675383E+000 -0.18321536E+000 -0.52141943E-002  0.96748216E-003  0.91571462E+000  0.45469016E+001  0.88158982E+001  0.15847340E+002  0.21695900E+002
 -0.93025497E+000 -0.83042002E+000 -0.54698539E+000 -0.18334881E+000 -0.52151341E-002  0.96719363E-003  0.91559175E+000  0.45468899E+001  0.88161048E+001  0.15848507E+002  0.21697522E+002
 -0.93034971E+000 -0.83055639E+000 -0.54720489E+000 -0.18347237E+000 -0.52159679E-002  0.96693328E-003  0.91547655E+000  0.45468796E+001  0.88163070E+001  0.15849623E+002  0.21699051E+002
 -0.93043952E+000 -0.83068546E+000 -0.54741224E+000 -0.18358654E+000 -0.52167129E-002  0.96669840E-003  0.91536891E+000  0.45468710E+001  0.88165049E+001  0.15850684E+002  0.21700483E+002
 -0.93052434E+000 -0.83080715E+000 -0.54760744E+000 -0.18369182E+000 -0.52173810E-002  0.96648681E-003  0.91526868E+000  0.45468644E+001  0.88166985E+001  0.15851690E+002  0.21701818E+002
 -0.93060414E+000 -0.83092143E+000 -0.54779054E+000 -0.18378867E+000 -0.52179803E-002  0.96629669E-003  0.91517571E+000  0.45468599E+001  0.88168874E+001  0.15852637E+002  0.21703054E+002
 -0.93067891E+000 -0.83102831E+000 -0.54796165E+000 -0.18387757E+000 -0.52185172E-002  0.96612647E-003  0.91508980E+000  0.45468577E+001  0.88170713E+001  0.15853524E+002  0.21704193E+002
 -0.93074869E+000 -0.83112786E+000 -0.54812095E+000 -0.18395896E+000 -0.52189968E-002  0.96597469E-003  0.91501075E+000  0.45468578E+001  0.88172497E+001  0.15854349E+002  0.21705235E+002
 -0.93081355E+000 -0.83122018E+000 -0.54826867E+000 -0.18403327E+000 -0.52194231E-002  0.96584000E-003  0.91493835E+000  0.45468604E+001  0.88174219E+001  0.15855113E+002  0.21706184E+002
 -0.93087356E+000 -0.83130543E+000 -0.54840509E+000 -0.18410092E+000 -0.52198002E-002  0.96572115E-003  0.91487236E+000  0.45468652E+001  0.88175874E+001  0.15855814E+002  0.21707042E+002
 -0.93092884E+000 -0.83138382E+000 -0.54853057E+000 -0.18416234E+000 -0.52201313E-002  0.96561695E-003  0.91481250E+000  0.45468722E+001  0.88177452E+001  0.15856454E+002  0.21707814E+002
 -0.93097954E+000 -0.83145557E+000 -0.54864549E+000 -0.18421790E+000 -0.52204197E-002  0.96552627E-003  0.91475851E+000  0.45468811E+001  0.88178949E+001  0.15857033E+002  0.21708504E+002
 -0.93102582E+000 -0.83152095E+000 -0.54875027E+000 -0.18426799E+000 -0.52206683E-002  0.96544802E-003  0.91471010E+000  0.45468918E+001  0.88180357E+001  0.15857554E+002  0.21709118E+002
 -0.93106788E+000 -0.83158026E+000 -0.54884540E+000 -0.18431298E+000 -0.52208801E-002  0.96538121E-003  0.91466694E+000  0.45469037E+001  0.88181671E+001  0.15858017E+002  0.21709662E+002
 -0.93110590E+000 -0.83163381E+000 -0.54893136E+000 -0.18435324E+000 -0.52210577E-002  0.96532487E-003  0.91462871E+000  0.45469166E+001  0.88182887E+001  0.15858427E+002  0.21710142E+002
 -0.93114011E+000 -0.83168193E+000 -0.54900867E+000 -0.18438911E+000 -0.52212037E-002  0.96527807E-003  0.91459505E+000  0.45469301E+001  0.88184003E+001  0.15858787E+002  0.21710564E+002
 -0.93117074E+000 -0.83172497E+000 -0.54907787E+000 -0.18442092E+000 -0.52213205E-002  0.96523996E-003  0.91456562E+000  0.45469438E+001  0.88185017E+001  0.15859099E+002  0.21710935E+002
 -0.93119801E+000 -0.83176327E+000 -0.54913951E+000 -0.18444900E+000 -0.52214104E-002  0.96520969E-003  0.91454004E+000  0.45469572E+001  0.88185929E+001  0.15859369E+002  0.21711260E+002
 -0.93122218E+000 -0.83179720E+000 -0.54919414E+000 -0.18447366E+000 -0.52214757E-002  0.96518647E-003  0.91451794E+000  0.45469701E+001  0.88186744E+001  0.15859600E+002  0.21711545E+002
 -0.93124348E+000 -0.83182710E+000 -0.54924231E+000 -0.18449520E+000 -0.52215187E-002  0.96516954E-003  0.91449894E+000  0.45469821E+001  0.88187463E+001  0.15859797E+002  0.21711797E+002
 -0.93126214E+000 -0.83185332E+000 -0.54928458E+000 -0.18451391E+000 -0.52215414E-002  0.96515816E-003  0.91448269E+000  0.45469930E+001  0.88188092E+001  0.15859962E+002  0.21712020E+002
 -0.93127842E+000 -0.83187619E+000 -0.54932147E+000 -0.18453008E+000 -0.52215460E-002  0.96515164E-003  0.91446883E+000  0.45470026E+001  0.88188639E+001  0.15860102E+002  0.21712219E+002
 -0.93129252E+000 -0.83189605E+000 -0.54935351E+000 -0.18454397E+000 -0.52215346E-002  0.96514931E-003  0.91445703E+000  0.45470108E+001  0.88189109E+001  0.15860218E+002  0.21712397E+002
 -0.93130468E+000 -0.83191319E+000 -0.54938120E+000 -0.18455582E+000 -0.52215090E-002  0.96515053E-003  0.91444696E+000  0.45470176E+001  0.88189511E+001  0.15860314E+002  0.21712558E+002
 -0.93131510E+000 -0.83192792E+000 -0.54940500E+000 -0.18456588E+000 -0.52214714E-002  0.96515474E-003  0.91443836E+000  0.45470229E+001  0.88189851E+001  0.15860395E+002  0.21712706E+002
 -0.93132399E+000 -0.83194052E+000 -0.54942537E+000 -0.18457437E+000 -0.52214234E-002  0.96516137E-003  0.91443097E+000  0.45470269E+001  0.88190139E+001  0.15860461E+002  0.21712842E+002
 -0.93133152E+000 -0.83195123E+000 -0.54944273E+000 -0.18458150E+000 -0.52213669E-002  0.96516993E-003  0.91442457E+000  0.45470297E+001  0.88190382E+001  0.15860516E+002  0.21712968E+002
 -0.93133787E+000 -0.83196030E+000 -0.54945746E+000 -0.18458745E+000 -0.52213036E-002  0.96517999E-003  0.91441897E+000  0.45470313E+001  0.88190587E+001  0.15860562E+002  0.21713086E+002
 -0.93134320E+000 -0.83196795E+000 -0.54946992E+000 -0.18459240E+000 -0.52212349E-002  0.96519113E-003  0.91441402E+000  0.45470321E+001  0.88190760E+001  0.15860601E+002  0.21713197E+002
 -0.93134764E+000 -0.83197437E+000 -0.54948043E+000 -0.18459650E+000 -0.52211622E-002  0.96520303E-003  0.91440959E+000  0.45470321E+001  0.88190906E+001  0.15860633E+002  0.21713302E+002
 -0.93135133E+000 -0.83197974E+000 -0.54948928E+000 -0.18459989E+000 -0.52210867E-002  0.96521539E-003  0.91440561E+000  0.45470315E+001  0.88191032E+001  0.15860660E+002  0.21713402E+002
 -0.93135438E+000 -0.83198421E+000 -0.54949673E+000 -0.18460269E+000 -0.52210096E-002  0.96522797E-003  0.91440198E+000  0.45470306E+001  0.88191141E+001  0.15860682E+002  0.21713496E+002
 -0.93135689E+000 -0.83198792E+000 -0.54950299E+000 -0.18460500E+000 -0.52209318E-002  0.96524058E-003  0.91439867E+000  0.45470294E+001  0.88191236E+001  0.15860701E+002  0.21713584E+002
 -0.93135896E+000 -0.83199100E+000 -0.54950827E+000 -0.18460691E+000 -0.52208541E-002  0.96525306E-003  0.91439563E+000  0.45470281E+001  0.88191321E+001  0.15860717E+002  0.21713668E+002
 -0.93136064E+000 -0.83199355E+000 -0.54951273E+000 -0.18460849E+000 -0.52207772E-002  0.96526529E-003  0.91439286E+000  0.45470268E+001  0.88191397E+001  0.15860730E+002  0.21713747E+002
 -0.93136202E+000 -0.83199566E+000 -0.54951651E+000 -0.18460981E+000 -0.52207016E-002  0.96527720E-003  0.91439033E+000  0.45470255E+001  0.88191466E+001  0.15860741E+002  0.21713821E+002
 -0.93136314E+000 -0.83199741E+000 -0.54951973E+000 -0.18461092E+000 -0.52206277E-002  0.96528871E-003  0.91438804E+000  0.45470244E+001  0.88191530E+001  0.15860749E+002  0.21713890E+002
 -0.93136405E+000 -0.83199885E+000 -0.54952250E+000 -0.18461185E+000 -0.52205559E-002  0.96529980E-003  0.91438599E+000  0.45470235E+001  0.88191589E+001  0.15860755E+002  0.21713953E+002
 -0.93136480E+000 -0.83200005E+000 -0.54952488E+000 -0.18461263E+000 -0.52204864E-002  0.96531044E-003  0.91438418E+000  0.45470228E+001  0.88191644E+001  0.15860759E+002  0.21714012E+002
 -0.93136540E+000 -0.83200104E+000 -0.54952696E+000 -0.18461330E+000 -0.52204195E-002  0.96532060E-003  0.91438260E+000  0.45470223E+001  0.88191695E+001  0.15860761E+002  0.21714066E+002
 -0.93136589E+000 -0.83200186E+000 -0.54952877E+000 -0.18461387E+000 -0.52203552E-002  0.96533030E-003  0.91438125E+000  0.45470221E+001  0.88191743E+001  0.15860762E+002  0.21714116E+002
 -0.93136629E+000 -0.83200254E+000 -0.54953036E+000 -0.18461436E+000 -0.52202936E-002  0.96533953E-003  0.91438012E+000  0.45470220E+001  0.88191787E+001  0.15860761E+002  0.21714160E+002
 -0.93136661E+000 -0.83200311E+000 -0.54953177E+000 -0.18461477E+000 -0.52202348E-002  0.96534829E-003  0.91437920E+000  0.45470221E+001  0.88191827E+001  0.15860759E+002  0.21714201E+002
 -0.93136687E+000 -0.83200359E+000 -0.54953302E+000 -0.18461512E+000 -0.52201788E-002  0.96535659E-003  0.91437849E+000  0.45470224E+001  0.88191865E+001  0.15860755E+002  0.21714237E+002
 -0.93136708E+000 -0.83200398E+000 -0.54953413E+000 -0.18461541E+000 -0.52201256E-002  0.96536443E-003  0.91437797E+000  0.45470228E+001  0.88191899E+001  0.15860751E+002  0.21714269E+002
 -0.93136725E+000 -0.83200430E+000 -0.54953513E+000 -0.18461565E+000 -0.52200752E-002  0.96537181E-003  0.91437763E+000  0.45470234E+001  0.88191929E+001  0.15860745E+002  0.21714298E+002
 -0.93136738E+000 -0.83200457E+000 -0.54953601E+000 -0.18461584E+000 -0.52200276E-002  0.96537876E-003  0.91437745E+000  0.45470240E+001  0.88191957E+001  0.15860739E+002  0.21714323E+002
 -0.93136748E+000 -0.83200478E+000 -0.54953680E+000 -0.18461598E+000 -0.52199827E-002  0.96538525E-003  0.91437742E+000  0.45470247E+001  0.88191982E+001  0.15860731E+002  0.21714346E+002
 -0.93136755E+000 -0.83200496E+000 -0.54953751E+000 -0.18461609E+000 -0.52199405E-002  0.96539131E-003  0.91437752E+000  0.45470254E+001  0.88192003E+001  0.15860724E+002  0.21714365E+002
 -0.93136760E+000 -0.83200509E+000 -0.54953813E+000 -0.18461616E+000 -0.52199009E-002  0.96539694E-003  0.91437774E+000  0.45470262E+001  0.88192022E+001  0.15860716E+002  0.21714382E+002
 -0.93136763E+000 -0.83200519E+000 -0.54953868E+000 -0.18461619E+000 -0.52198639E-002  0.96540213E-003  0.91437805E+000  0.45470270E+001  0.88192039E+001  0.15860707E+002  0.21714396E+002
 -0.93136765E+000 -0.83200527E+000 -0.54953917E+000 -0.18461619E+000 -0.52198295E-002  0.96540691E-003  0.91437845E+000  0.45470277E+001  0.88192053E+001  0.15860699E+002  0.21714408E+002
 -0.93136764E+000 -0.83200531E+000 -0.54953959E+000 -0.18461616E+000 -0.52197975E-002  0.96541127E-003  0.91437893E+000  0.45470285E+001  0.88192065E+001  0.15860690E+002  0.21714419E+002
 -0.93136763E+000 -0.83200534E+000 -0.54953997E+000 -0.18461610E+000 -0.52197679E-002  0.96541523E-003  0.91437947E+000  0.45470293E+001  0.88192075E+001  0.15860682E+002  0.21714427E+002
 -0.93136760E+000 -0.83200535E+000 -0.54954029E+000 -0.18461603E+000 -0.52197406E-002  0.96541880E-003  0.91438006E+000  0.45470300E+001  0.88192082E+001  0.15860673E+002  0.21714434E+002
 -0.93136757E+000 -0.83200534E+000 -0.54954056E+000 -0.18461593E+000 -0.52197155E-002  0.96542199E-003  0.91438069E+000  0.45470307E+001  0.88192089E+001  0.15860665E+002  0.21714440E+002
 -0.93136753E+000 -0.83200531E+000 -0.54954080E+000 -0.18461581E+000 -0.52196926E-002  0.96542482E-003  0.91438135E+000  0.45470314E+001  0.88192093E+001  0.15860657E+002  0.21714444E+002
 -0.93136748E+000 -0.83200528E+000 -0.54954099E+000 -0.18461568E+000 -0.52196717E-002  0.96542730E-003  0.91438205E+000  0.45470320E+001  0.88192097E+001  0.15860649E+002  0.21714447E+002
 -0.93136742E+000 -0.83200524E+000 -0.54954116E+000 -0.18461553E+000 -0.52196528E-002  0.96542946E-003  0.91438277E+000  0.45470326E+001  0.88192099E+001  0.15860641E+002  0.21714450E+002
 -0.93136737E+000 -0.83200519E+000 -0.54954130E+000 -0.18461538E+000 -0.52196358E-002  0.96543131E-003  0.91438351E+000  0.45470331E+001  0.88192100E+001  0.15860634E+002  0.21714451E+002
 -0.93136730E+000 -0.83200513E+000 -0.54954141E+000 -0.18461522E+000 -0.52196205E-002  0.96543288E-003  0.91438427E+000  0.45470337E+001  0.88192099E+001  0.15860626E+002  0.21714451E+002
 -0.93136724E+000 -0.83200507E+000 -0.54954151E+000 -0.18461506E+000 -0.52196070E-002  0.96543418E-003  0.91438503E+000  0.45470342E+001  0.88192098E+001  0.15860619E+002  0.21714451E+002
 -0.93136718E+000 -0.83200501E+000 -0.54954159E+000 -0.18461489E+000 -0.52195950E-002  0.96543524E-003  0.91438581E+000  0.45470346E+001  0.88192096E+001  0.15860612E+002  0.21714449E+002
 -0.93136712E+000 -0.83200495E+000 -0.54954165E+000 -0.18461472E+000 -0.52195845E-002  0.96543609E-003  0.91438660E+000  0.45470351E+001  0.88192093E+001  0.15860606E+002  0.21714448E+002
 -0.93136706E+000 -0.83200489E+000 -0.54954170E+000 -0.18461456E+000 -0.52195754E-002  0.96543673E-003  0.91438740E+000  0.45470355E+001  0.88192090E+001  0.15860599E+002  0.21714445E+002
 -0.93136700E+000 -0.83200484E+000 -0.54954174E+000 -0.18461440E+000 -0.52195676E-002  0.96543721E-003  0.91438820E+000  0.45470359E+001  0.88192085E+001  0.15860593E+002  0.21714442E+002
 -0.93136695E+000 -0.83200479E+000 -0.54954178E+000 -0.18461425E+000 -0.52195611E-002  0.96543753E-003  0.91438902E+000  0.45470363E+001  0.88192080E+001  0.15860587E+002  0.21714439E+002
 -0.93136690E+000 -0.83200474E+000 -0.54954182E+000 -0.18461411E+000 -0.52195556E-002  0.96543773E-003  0.91438984E+000  0.45470366E+001  0.88192075E+001  0.15860581E+002  0.21714435E+002
 -0.93136685E+000 -0.83200471E+000 -0.54954186E+000 -0.18461397E+000 -0.52195512E-002  0.96543781E-003  0.91439066E+000  0.45470369E+001  0.88192069E+001  0.15860576E+002  0.21714431E+002
 -0.93136681E+000 -0.83200467E+000 -0.54954189E+000 -0.18461385E+000 -0.52195478E-002  0.96543780E-003  0.91439150E+000  0.45470372E+001  0.88192062E+001  0.15860570E+002  0.21714427E+002
 -0.93136677E+000 -0.83200465E+000 -0.54954193E+000 -0.18461375E+000 -0.52195452E-002  0.96543772E-003  0.91439234E+000  0.45470375E+001  0.88192056E+001  0.15860565E+002  0.21714422E+002
 -0.93136675E+000 -0.83200463E+000 -0.54954198E+000 -0.18461366E+000 -0.52195435E-002  0.96543758E-003  0.91439319E+000  0.45470378E+001  0.88192048E+001  0.15860559E+002  0.21714417E+002
 -0.93136672E+000 -0.83200463E+000 -0.54954203E+000 -0.18461359E+000 -0.52195424E-002  0.96543740E-003  0.91439404E+000  0.45470381E+001  0.88192041E+001  0.15860554E+002  0.21714411E+002
 -0.93136671E+000 -0.83200463E+000 -0.54954210E+000 -0.18461353E+000 -0.52195421E-002  0.96543719E-003  0.91439490E+000  0.45470384E+001  0.88192033E+001  0.15860549E+002  0.21714406E+002
 -0.93136670E+000 -0.83200464E+000 -0.54954217E+000 -0.18461349E+000 -0.52195424E-002  0.96543697E-003  0.91439576E+000  0.45470387E+001  0.88192025E+001  0.15860544E+002  0.21714400E+002
 -0.93136669E+000 -0.83200467E+000 -0.54954225E+000 -0.18461347E+000 -0.52195432E-002  0.96543673E-003  0.91439663E+000  0.45470390E+001  0.88192016E+001  0.15860539E+002  0.21714394E+002
 -0.93136670E+000 -0.83200470E+000 -0.54954234E+000 -0.18461348E+000 -0.52195445E-002  0.96543650E-003  0.91439750E+000  0.45470392E+001  0.88192008E+001  0.15860534E+002  0.21714388E+002
 -0.93136671E+000 -0.83200474E+000 -0.54954244E+000 -0.18461350E+000 -0.52195463E-002  0.96543627E-003  0.91439838E+000  0.45470395E+001  0.88191999E+001  0.15860530E+002  0.21714381E+002
 -0.93136673E+000 -0.83200479E+000 -0.54954255E+000 -0.18461354E+000 -0.52195485E-002  0.96543606E-003  0.91439925E+000  0.45470398E+001  0.88191991E+001  0.15860525E+002  0.21714375E+002
 -0.93136675E+000 -0.83200485E+000 -0.54954268E+000 -0.18461360E+000 -0.52195511E-002  0.96543587E-003  0.91440013E+000  0.45470401E+001  0.88191982E+001  0.15860520E+002  0.21714368E+002
 -0.93136678E+000 -0.83200492E+000 -0.54954282E+000 -0.18461368E+000 -0.52195540E-002  0.96543569E-003  0.91440101E+000  0.45470404E+001  0.88191974E+001  0.15860516E+002  0.21714362E+002
 -0.93136681E+000 -0.83200500E+000 -0.54954296E+000 -0.18461378E+000 -0.52195572E-002  0.96543554E-003  0.91440188E+000  0.45470407E+001  0.88191965E+001  0.15860511E+002  0.21714355E+002
 -0.93136685E+000 -0.83200509E+000 -0.54954312E+000 -0.18461390E+000 -0.52195606E-002  0.96543542E-003  0.91440275E+000  0.45470410E+001  0.88191957E+001  0.15860507E+002  0.21714348E+002
 -0.93136690E+000 -0.83200518E+000 -0.54954329E+000 -0.18461404E+000 -0.52195643E-002  0.96543531E-003  0.91440361E+000  0.45470413E+001  0.88191949E+001  0.15860502E+002  0.21714341E+002
 -0.93136695E+000 -0.83200528E+000 -0.54954347E+000 -0.18461419E+000 -0.52195682E-002  0.96543523E-003  0.91440447E+000  0.45470416E+001  0.88191941E+001  0.15860498E+002  0.21714335E+002
 -0.93136700E+000 -0.83200539E+000 -0.54954366E+000 -0.18461436E+000 -0.52195722E-002  0.96543517E-003  0.91440532E+000  0.45470419E+001  0.88191933E+001  0.15860494E+002  0.21714328E+002
 -0.93136706E+000 -0.83200550E+000 -0.54954386E+000 -0.18461454E+000 -0.52195764E-002  0.96543513E-003  0.91440616E+000  0.45470423E+001  0.88191925E+001  0.15860489E+002  0.21714321E+002
 -0.93136712E+000 -0.83200561E+000 -0.54954407E+000 -0.18461474E+000 -0.52195807E-002  0.96543510E-003  0.91440698E+000  0.45470426E+001  0.88191918E+001  0.15860485E+002  0.21714315E+002
 -0.93136719E+000 -0.83200573E+000 -0.54954428E+000 -0.18461495E+000 -0.52195851E-002  0.96543508E-003  0.91440780E+000  0.45470429E+001  0.88191910E+001  0.15860481E+002  0.21714308E+002
 -0.93136725E+000 -0.83200586E+000 -0.54954450E+000 -0.18461517E+000 -0.52195896E-002  0.96543507E-003  0.91440859E+000  0.45470433E+001  0.88191904E+001  0.15860478E+002  0.21714302E+002
 -0.93136732E+000 -0.83200598E+000 -0.54954472E+000 -0.18461540E+000 -0.52195942E-002  0.96543507E-003  0.91440937E+000  0.45470437E+001  0.88191897E+001  0.15860474E+002  0.21714296E+002
 -0.93136739E+000 -0.83200611E+000 -0.54954494E+000 -0.18461564E+000 -0.52195988E-002  0.96543506E-003  0.91441014E+000  0.45470440E+001  0.88191891E+001  0.15860470E+002  0.21714289E+002
 -0.93136746E+000 -0.83200624E+000 -0.54954517E+000 -0.18461589E+000 -0.52196034E-002  0.96543506E-003  0.91441088E+000  0.45470444E+001  0.88191885E+001  0.15860467E+002  0.21714283E+002
 -0.93136753E+000 -0.83200637E+000 -0.54954540E+000 -0.18461614E+000 -0.52196081E-002  0.96543504E-003  0.91441160E+000  0.45470447E+001  0.88191879E+001  0.15860463E+002  0.21714277E+002
 -0.93136760E+000 -0.83200649E+000 -0.54954563E+000 -0.18461639E+000 -0.52196127E-002  0.96543501E-003  0.91441230E+000  0.45470451E+001  0.88191874E+001  0.15860460E+002  0.21714272E+002
 -0.93136767E+000 -0.83200662E+000 -0.54954586E+000 -0.18461665E+000 -0.52196173E-002  0.96543497E-003  0.91441298E+000  0.45470455E+001  0.88191869E+001  0.15860457E+002  0.21714266E+002
 -0.93136774E+000 -0.83200675E+000 -0.54954608E+000 -0.18461691E+000 -0.52196219E-002  0.96543492E-003  0.91441363E+000  0.45470458E+001  0.88191865E+001  0.15860454E+002  0.21714261E+002
 -0.93136781E+000 -0.83200687E+000 -0.54954630E+000 -0.18461716E+000 -0.52196264E-002  0.96543484E-003  0.91441426E+000  0.45470462E+001  0.88191860E+001  0.15860451E+002  0.21714255E+002
 -0.93136788E+000 -0.83200699E+000 -0.54954652E+000 -0.18461742E+000 -0.52196309E-002  0.96543474E-003  0.91441486E+000  0.45470466E+001  0.88191857E+001  0.15860448E+002  0.21714250E+002
 -0.93136794E+000 -0.83200711E+000 -0.54954674E+000 -0.18461767E+000 -0.52196353E-002  0.96543461E-003  0.91441544E+000  0.45470469E+001  0.88191853E+001  0.15860445E+002  0.21714245E+002
 -0.93136801E+000 -0.83200722E+000 -0.54954695E+000 -0.18461792E+000 -0.52196396E-002  0.96543447E-003  0.91441599E+000  0.45470472E+001  0.88191850E+001  0.15860443E+002  0.21714241E+002
 -0.93136807E+000 -0.83200733E+000 -0.54954715E+000 -0.18461817E+000 -0.52196438E-002  0.96543429E-003  0.91441652E+000  0.45470476E+001  0.88191847E+001  0.15860441E+002  0.21714236E+002
 -0.93136813E+000 -0.83200744E+000 -0.54954734E+000 -0.18461841E+000 -0.52196479E-002  0.96543409E-003  0.91441702E+000  0.45470479E+001  0.88191844E+001  0.15860438E+002  0.21714232E+002
 -0.93136818E+000 -0.83200754E+000 -0.54954753E+000 -0.18461864E+000 -0.52196519E-002  0.96543386E-003  0.91441749E+000  0.45470482E+001  0.88191842E+001  0.15860436E+002  0.21714228E+002
 -0.93136824E+000 -0.83200763E+000 -0.54954771E+000 -0.18461886E+000 -0.52196557E-002  0.96543360E-003  0.91441794E+000  0.45470485E+001  0.88191839E+001  0.15860434E+002  0.21714224E+002
 -0.93136829E+000 -0.83200773E+000 -0.54954789E+000 -0.18461908E+000 -0.52196595E-002  0.96543331E-003  0.91441836E+000  0.45470488E+001  0.88191837E+001  0.15860433E+002  0.21714221E+002
 -0.93136833E+000 -0.83200781E+000 -0.54954805E+000 -0.18461929E+000 -0.52196631E-002  0.96543300E-003  0.91441875E+000  0.45470491E+001  0.88191836E+001  0.15860431E+002  0.21714217E+002
 -0.93136838E+000 -0.83200789E+000 -0.54954820E+000 -0.18461949E+000 -0.52196665E-002  0.96543266E-003  0.91441912E+000  0.45470494E+001  0.88191834E+001  0.15860429E+002  0.21714214E+002
 -0.93136842E+000 -0.83200797E+000 -0.54954835E+000 -0.18461968E+000 -0.52196699E-002  0.96543230E-003  0.91441947E+000  0.45470496E+001  0.88191833E+001  0.15860428E+002  0.21714211E+002
 -0.93136846E+000 -0.83200804E+000 -0.54954849E+000 -0.18461986E+000 -0.52196730E-002  0.96543192E-003  0.91441979E+000  0.45470499E+001  0.88191832E+001  0.15860427E+002  0.21714208E+002
 -0.93136849E+000 -0.83200810E+000 -0.54954861E+000 -0.18462003E+000 -0.52196761E-002  0.96543151E-003  0.91442008E+000  0.45470501E+001  0.88191831E+001  0.15860426E+002  0.21714206E+002
 -0.93136852E+000 -0.83200816E+000 -0.54954873E+000 -0.18462019E+000 -0.52196789E-002  0.96543109E-003  0.91442036E+000  0.45470503E+001  0.88191830E+001  0.15860425E+002  0.21714203E+002
 -0.93136855E+000 -0.83200822E+000 -0.54954884E+000 -0.18462035E+000 -0.52196817E-002  0.96543065E-003  0.91442061E+000  0.45470505E+001  0.88191829E+001  0.15860424E+002  0.21714201E+002
 -0.93136858E+000 -0.83200826E+000 -0.54954894E+000 -0.18462049E+000 -0.52196843E-002  0.96543020E-003  0.91442084E+000  0.45470507E+001  0.88191829E+001  0.15860423E+002  0.21714199E+002
 -0.93136860E+000 -0.83200831E+000 -0.54954903E+000 -0.18462062E+000 -0.52196867E-002  0.96542973E-003  0.91442105E+000  0.45470509E+001  0.88191828E+001  0.15860422E+002  0.21714197E+002
 -0.93136862E+000 -0.83200835E+000 -0.54954911E+000 -0.18462074E+000 -0.52196889E-002  0.96542926E-003  0.91442125E+000  0.45470510E+001  0.88191828E+001  0.15860421E+002  0.21714195E+002
 -0.93136864E+000 -0.83200838E+000 -0.54954918E+000 -0.18462085E+000 -0.52196911E-002  0.96542878E-003  0.91442142E+000  0.45470512E+001  0.88191828E+001  0.15860421E+002  0.21714194E+002
 -0.93136865E+000 -0.83200841E+000 -0.54954925E+000 -0.18462095E+000 -0.52196930E-002  0.96542830E-003  0.91442157E+000  0.45470513E+001  0.88191828E+001  0.15860420E+002  0.21714192E+002
 -0.93136867E+000 -0.83200844E+000 -0.54954930E+000 -0.18462104E+000 -0.52196949E-002  0.96542781E-003  0.91442171E+000  0.45470515E+001  0.88191828E+001  0.15860420E+002  0.21714191E+002
 -0.93136868E+000 -0.83200846E+000 -0.54954935E+000 -0.18462112E+000 -0.52196965E-002  0.96542733E-003  0.91442184E+000  0.45470516E+001  0.88191828E+001  0.15860420E+002  0.21714190E+002
 -0.93136869E+000 -0.83200848E+000 -0.54954939E+000 -0.18462120E+000 -0.52196981E-002  0.96542685E-003  0.91442195E+000  0.45470517E+001  0.88191828E+001  0.15860419E+002  0.21714189E+002
 -0.93136869E+000 -0.83200849E+000 -0.54954943E+000 -0.18462126E+000 -0.52196995E-002  0.96542637E-003  0.91442204E+000  0.45470518E+001  0.88191828E+001  0.15860419E+002  0.21714188E+002
 -0.93136870E+000 -0.83200850E+000 -0.54954946E+000 -0.18462132E+000 -0.52197008E-002  0.96542590E-003  0.91442213E+000  0.45470518E+001  0.88191828E+001  0.15860419E+002  0.21714187E+002
 -0.93136870E+000 -0.83200851E+000 -0.54954948E+000 -0.18462137E+000 -0.52197020E-002  0.96542544E-003  0.91442220E+000  0.45470519E+001  0.88191828E+001  0.15860419E+002  0.21714186E+002
 -0.93136870E+000 -0.83200852E+000 -0.54954949E+000 -0.18462141E+000 -0.52197030E-002  0.96542499E-003  0.91442226E+000  0.45470520E+001  0.88191828E+001  0.15860419E+002  0.21714186E+002
 -0.93136870E+000 -0.83200852E+000 -0.54954951E+000 -0.18462144E+000 -0.52197039E-002  0.96542455E-003  0.91442231E+000  0.45470520E+001  0.88191829E+001  0.15860419E+002  0.21714185E+002
 -0.93136870E+000 -0.83200852E+000 -0.54954951E+000 -0.18462147E+000 -0.52197047E-002  0.96542413E-003  0.91442235E+000  0.45470521E+001  0.88191829E+001  0.15860419E+002  0.21714185E+002
 -0.93136870E+000 -0.83200852E+000 -0.54954951E+000 -0.18462149E+000 -0.52197054E-002  0.96542372E-003  0.91442238E+000  0.45470521E+001  0.88191829E+001  0.15860419E+002  0.21714184E+002
 -0.93136869E+000 -0.83200851E+000 -0.54954951E+000 -0.18462151E+000 -0.52197061E-002  0.96542332E-003  0.91442240E+000  0.45470521E+001  0.88191829E+001  0.15860419E+002  0.21714184E+002
 -0.93136869E+000 -0.83200850E+000 -0.54954950E+000 -0.18462152E+000 -0.52197066E-002  0.96542295E-003  0.91442242E+000  0.45470521E+001  0.88191830E+001  0.15860419E+002  0.21714184E+002
 -0.93136868E+000 -0.83200850E+000 -0.54954949E+000 -0.18462153E+000 -0.52197070E-002  0.96542259E-003  0.91442243E+000  0.45470522E+001  0.88191830E+001  0.15860419E+002  0.21714184E+002
 -0.93136868E+000 -0.83200849E+000 -0.54954948E+000 -0.18462153E+000 -0.52197073E-002  0.96542225E-003  0.91442244E+000  0.45470522E+001  0.88191830E+001  0.15860420E+002  0.21714183E+002
 -0.93136867E+000 -0.83200848E+000 -0.54954946E+000 -0.18462153E+000 -0.52197076E-002  0.96542193E-003  0.91442244E+000  0.45470522E+001  0.88191830E+001  0.15860420E+002  0.21714183E+002
 -0.93136866E+000 -0.83200846E+000 -0.54954944E+000 -0.18462152E+000 -0.52197078E-002  0.96542163E-003  0.91442243E+000  0.45470522E+001  0.88191831E+001  0.15860420E+002  0.21714183E+002
 -0.93136865E+000 -0.83200845E+000 -0.54954942E+000 -0.18462151E+000 -0.52197080E-002  0.96542135E-003  0.91442243E+000  0.45470521E+001  0.88191831E+001  0.15860420E+002  0.21714183E+002
 -0.93136865E+000 -0.83200844E+000 -0.54954940E+000 -0.18462150E+000 -0.52197080E-002  0.96542109E-003  0.91442242E+000  0.45470521E+001  0.88191831E+001  0.15860420E+002  0.21714183E+002
 -0.93136864E+000 -0.83200842E+000 -0.54954937E+000 -0.18462149E+000 -0.52197080E-002  0.96542085E-003  0.91442240E+000  0.45470521E+001  0.88191831E+001  0.15860421E+002  0.21714183E+002
 -0.93136863E+000 -0.83200841E+000 -0.54954935E+000 -0.18462147E+000 -0.52197080E-002  0.96542063E-003  0.91442238E+000  0.45470521E+001  0.88191831E+001  0.15860421E+002  0.21714183E+002
 -0.93136862E+000 -0.83200839E+000 -0.54954932E+000 -0.18462145E+000 -0.52197079E-002  0.96542042E-003  0.91442236E+000  0.45470521E+001  0.88191831E+001  0.15860421E+002  0.21714184E+002
 -0.93136861E+000 -0.83200838E+000 -0.54954929E+000 -0.18462143E+000 -0.52197078E-002  0.96542023E-003  0.91442234E+000  0.45470520E+001  0.88191832E+001  0.15860421E+002  0.21714184E+002
 -0.93136860E+000 -0.83200836E+000 -0.54954926E+000 -0.18462141E+000 -0.52197077E-002  0.96542006E-003  0.91442232E+000  0.45470520E+001  0.88191832E+001  0.15860422E+002  0.21714184E+002
 -0.93136859E+000 -0.83200835E+000 -0.54954924E+000 -0.18462139E+000 -0.52197075E-002  0.96541990E-003  0.91442229E+000  0.45470520E+001  0.88191832E+001  0.15860422E+002  0.21714184E+002
 -0.93136858E+000 -0.83200833E+000 -0.54954921E+000 -0.18462137E+000 -0.52197074E-002  0.96541974E-003  0.91442225E+000  0.45470520E+001  0.88191832E+001  0.15860422E+002  0.21714184E+002
 -0.93136857E+000 -0.83200832E+000 -0.54954918E+000 -0.18462134E+000 -0.52197074E-002  0.96541956E-003  0.91442221E+000  0.45470519E+001  0.88191833E+001  0.15860423E+002  0.21714185E+002
 -0.93136856E+000 -0.83200830E+000 -0.54954915E+000 -0.18462132E+000 -0.52197069E-002  0.96541941E-003  0.91442216E+000  0.45470519E+001  0.88191833E+001  0.15860423E+002  0.21714185E+002
 -0.93136852E+000 -0.83200825E+000 -0.54954908E+000 -0.18462127E+000 -0.52197055E-002  0.96541946E-003  0.91442212E+000  0.45470519E+001  0.88191834E+001  0.15860423E+002  0.21714185E+002
