  0.32105680E+000  0.34611898E+000  0.45690975E+000  0.60957802E+000  0.79762849E+000  0.89360184E+000  0.11950983E+001  0.18694667E+001  0.26206371E+001  0.43808411E+001  0.81354662E+001
  0.31876774E+000  0.34556805E+000  0.45616416E+000  0.60695521E+000  0.79648356E+000  0.89198266E+000  0.11936805E+001  0.18674549E+001  0.26194765E+001  0.43784549E+001  0.81271573E+001
  0.31685708E+000  0.34507899E+000  0.45555491E+000  0.60476532E+000  0.79583830E+000  0.89068807E+000  0.11957960E+001  0.18656948E+001  0.26182370E+001  0.43780459E+001  0.81246492E+001
  0.31531182E+000  0.34468199E+000  0.45504586E+000  0.60307812E+000  0.79527284E+000  0.88960476E+000  0.11950708E+001  0.18641931E+001  0.26172625E+001  0.43768919E+001  0.81188604E+001
  0.31404084E+000  0.34431366E+000  0.45460559E+000  0.60166737E+000  0.79483275E+000  0.88871394E+000  0.11941512E+001  0.18629331E+001  0.26165231E+001  0.43759375E+001  0.81218268E+001
  0.31299150E+000  0.34403951E+000  0.45425015E+000  0.60051028E+000  0.79443206E+000  0.88797468E+000  0.11931209E+001  0.18618437E+001  0.26158398E+001  0.43752593E+001  0.81207848E+001
  0.31211902E+000  0.34380610E+000  0.45393503E+000  0.59955270E+000  0.79415900E+000  0.88734700E+000  0.11917485E+001  0.18609204E+001  0.26150432E+001  0.43746192E+001  0.81198654E+001
  0.31139055E+000  0.34360860E+000  0.45367861E+000  0.59875604E+000  0.79388448E+000  0.88683448E+000  0.11908492E+001  0.18601196E+001  0.26148655E+001  0.43739081E+001  0.81184852E+001
  0.31078092E+000  0.34343413E+000  0.45344452E+000  0.59809155E+000  0.79362443E+000  0.88639735E+000  0.11901518E+001  0.18594610E+001  0.26144693E+001  0.43734034E+001  0.81182573E+001
  0.31027028E+000  0.34325935E+000  0.45326856E+000  0.59753691E+000  0.79346972E+000  0.88602958E+000  0.11893326E+001  0.18589470E+001  0.26140397E+001  0.43731938E+001  0.81207385E+001
  0.30984162E+000  0.34314156E+000  0.45310199E+000  0.59707273E+000  0.79331984E+000  0.88572548E+000  0.11886387E+001  0.18584947E+001  0.26137224E+001  0.43727772E+001  0.81219247E+001
  0.30948162E+000  0.34304180E+000  0.45298159E+000  0.59668402E+000  0.79317815E+000  0.88546921E+000  0.11880764E+001  0.18580772E+001  0.26135563E+001  0.43724396E+001  0.81208496E+001
  0.30917890E+000  0.34295746E+000  0.45284677E+000  0.59635796E+000  0.79307473E+000  0.88524873E+000  0.11876039E+001  0.18577649E+001  0.26133744E+001  0.43721995E+001  0.81199898E+001
  0.30892421E+000  0.34288633E+000  0.45276597E+000  0.59608426E+000  0.79297460E+000  0.88506086E+000  0.11870896E+001  0.18574596E+001  0.26132159E+001  0.43721419E+001  0.81192963E+001
  0.30870981E+000  0.34282646E+000  0.45269974E+000  0.59585426E+000  0.79289451E+000  0.88491409E+000  0.11868703E+001  0.18572377E+001  0.26130066E+001  0.43719811E+001  0.81187330E+001
  0.30852929E+000  0.34277621E+000  0.45260118E+000  0.59566089E+000  0.79283173E+000  0.88478308E+000  0.11865719E+001  0.18570510E+001  0.26128318E+001  0.43718440E+001  0.81182730E+001
  0.30837735E+000  0.34273417E+000  0.45254385E+000  0.59549833E+000  0.79275010E+000  0.88467814E+000  0.11861167E+001  0.18568596E+001  0.26127529E+001  0.43717037E+001  0.81178960E+001
  0.30824963E+000  0.34269913E+000  0.45250481E+000  0.59536184E+000  0.79271416E+000  0.88458133E+000  0.11860093E+001  0.18567293E+001  0.26126649E+001  0.43715901E+001  0.81175862E+001
  0.30814247E+000  0.34267005E+000  0.45247243E+000  0.59524745E+000  0.79268757E+000  0.88451187E+000  0.11858915E+001  0.18566210E+001  0.26126039E+001  0.43714983E+001  0.81173313E+001
  0.30805272E+000  0.34264605E+000  0.45244574E+000  0.59515176E+000  0.79263611E+000  0.88444334E+000  0.11858010E+001  0.18565314E+001  0.26125531E+001  0.43714653E+001  0.81171215E+001
  0.30797772E+000  0.34262637E+000  0.45242391E+000  0.59507187E+000  0.79259147E+000  0.88439449E+000  0.11857259E+001  0.18564577E+001  0.26125110E+001  0.43713997E+001  0.81169491E+001
  0.30791524E+000  0.34261038E+000  0.45240622E+000  0.59497857E+000  0.79255282E+000  0.88434644E+000  0.11855884E+001  0.18563791E+001  0.26124765E+001  0.43713468E+001  0.81168076E+001
  0.30786337E+000  0.34254854E+000  0.45239206E+000  0.59495016E+000  0.79251946E+000  0.88431358E+000  0.11855134E+001  0.18563354E+001  0.26124484E+001  0.43713044E+001  0.81166919E+001
  0.30782048E+000  0.34253676E+000  0.45238090E+000  0.59490451E+000  0.79234745E+000  0.88428705E+000  0.11854595E+001  0.18562938E+001  0.26124258E+001  0.43712706E+001  0.81166214E+001
  0.30778516E+000  0.34252725E+000  0.45232338E+000  0.59486690E+000  0.79206789E+000  0.88426587E+000  0.11854265E+001  0.18562657E+001  0.26124078E+001  0.43712629E+001  0.81165913E+001
  0.30775624E+000  0.34251967E+000  0.45231347E+000  0.59483228E+000  0.79154133E+000  0.88423999E+000  0.11853800E+001  0.18562354E+001  0.26123938E+001  0.43712405E+001  0.81165664E+001
  0.30773272E+000  0.34251372E+000  0.45230573E+000  0.59472711E+000  0.79143276E+000  0.88422679E+000  0.11853438E+001  0.18562218E+001  0.26123831E+001  0.43712231E+001  0.81165459E+001
  0.30771374E+000  0.34250917E+000  0.45229981E+000  0.59479060E+000  0.79133092E+000  0.88421680E+000  0.11853136E+001  0.18562122E+001  0.26123753E+001  0.43712099E+001  0.81165291E+001
  0.30769858E+000  0.34250579E+000  0.45229544E+000  0.59477429E+000  0.79123287E+000  0.88420949E+000  0.11852885E+001  0.18562018E+001  0.26123699E+001  0.43712001E+001  0.81165155E+001
  0.30768660E+000  0.34250341E+000  0.45229236E+000  0.59476133E+000  0.79122686E+000  0.88420443E+000  0.11852686E+001  0.18561991E+001  0.26123666E+001  0.43711933E+001  0.81165044E+001
  0.30767728E+000  0.34250186E+000  0.45229038E+000  0.59475118E+000  0.79107815E+000  0.88420126E+000  0.11852537E+001  0.18561995E+001  0.26123650E+001  0.43711888E+001  0.81164956E+001
  0.30767016E+000  0.34250102E+000  0.45228931E+000  0.59474335E+000  0.79099667E+000  0.88418906E+000  0.11852234E+001  0.18561992E+001  0.26123648E+001  0.43711863E+001  0.81164885E+001
  0.30766486E+000  0.34250077E+000  0.45228970E+000  0.59473745E+000  0.79099196E+000  0.88418851E+000  0.11852115E+001  0.18562030E+001  0.26123658E+001  0.43711854E+001  0.81164828E+001
  0.30766106E+000  0.34250102E+000  0.45229067E+000  0.59473314E+000  0.79098873E+000  0.88418907E+000  0.11852026E+001  0.18562123E+001  0.26123678E+001  0.43711859E+001  0.81164783E+001
  0.30765849E+000  0.34250168E+000  0.45229207E+000  0.59473014E+000  0.79031733E+000  0.88419054E+000  0.11851965E+001  0.18562187E+001  0.26123706E+001  0.43711874E+001  0.81164747E+001
  0.30765691E+000  0.34250269E+000  0.45229382E+000  0.59472823E+000  0.79031529E+000  0.88419277E+000  0.11851926E+001  0.18562264E+001  0.26123742E+001  0.43711898E+001  0.81164719E+001
  0.30765615E+000  0.34250398E+000  0.45229585E+000  0.59472720E+000  0.79031411E+000  0.88419564E+000  0.11851952E+001  0.18562351E+001  0.26123783E+001  0.43711928E+001  0.81164696E+001
  0.30765604E+000  0.34250552E+000  0.45229812E+000  0.59472690E+000  0.79031367E+000  0.88419903E+000  0.11851940E+001  0.18562447E+001  0.26123829E+001  0.43711965E+001  0.81164676E+001
  0.30765646E+000  0.34250726E+000  0.45230059E+000  0.59472720E+000  0.79031384E+000  0.88420287E+000  0.11851943E+001  0.18562559E+001  0.26123879E+001  0.43712006E+001  0.81164660E+001
  0.30765731E+000  0.34250917E+000  0.45230322E+000  0.59465225E+000  0.79031454E+000  0.88420708E+000  0.11851935E+001  0.18562689E+001  0.26123933E+001  0.43712051E+001  0.81164646E+001
  0.30765849E+000  0.34251122E+000  0.45230597E+000  0.59465490E+000  0.79031568E+000  0.88421161E+000  0.11851987E+001  0.18562822E+001  0.26123989E+001  0.43712098E+001  0.81164634E+001
  0.30765995E+000  0.34251339E+000  0.45230884E+000  0.59465776E+000  0.79031721E+000  0.88421641E+000  0.11852025E+001  0.18562959E+001  0.26124048E+001  0.43712148E+001  0.81164622E+001
  0.30766163E+000  0.34251566E+000  0.45231181E+000  0.59466077E+000  0.79031907E+000  0.88422145E+000  0.11852061E+001  0.18563097E+001  0.26124109E+001  0.43712199E+001  0.81164610E+001
  0.30766349E+000  0.34251802E+000  0.45231485E+000  0.59473474E+000  0.79032122E+000  0.88422669E+000  0.11852127E+001  0.18563236E+001  0.26124172E+001  0.43712252E+001  0.81164598E+001
  0.30766551E+000  0.34252045E+000  0.45231795E+000  0.59473708E+000  0.79032362E+000  0.88423212E+000  0.11852189E+001  0.18563377E+001  0.26124236E+001  0.43712305E+001  0.81164587E+001
  0.30766764E+000  0.34252295E+000  0.45232112E+000  0.59473962E+000  0.79032626E+000  0.88423770E+000  0.11852256E+001  0.18563518E+001  0.26124302E+001  0.43712360E+001  0.81164574E+001
  0.30766989E+000  0.34252550E+000  0.45232433E+000  0.59474233E+000  0.79032911E+000  0.88424343E+000  0.11852329E+001  0.18563659E+001  0.26124369E+001  0.43712415E+001  0.81164562E+001
  0.30767222E+000  0.34252810E+000  0.45232759E+000  0.59474521E+000  0.79033213E+000  0.88424928E+000  0.11852407E+001  0.18563800E+001  0.26124437E+001  0.43712471E+001  0.81164548E+001
  0.30767464E+000  0.34253074E+000  0.45233088E+000  0.59474824E+000  0.79033589E+000  0.88425525E+000  0.11852206E+001  0.18563946E+001  0.26124507E+001  0.43712527E+001  0.81164534E+001
  0.30767712E+000  0.34253342E+000  0.45233421E+000  0.59475141E+000  0.79034013E+000  0.88426132E+000  0.11852265E+001  0.18564080E+001  0.26124577E+001  0.43712583E+001  0.81164519E+001
  0.30767966E+000  0.34253613E+000  0.45233756E+000  0.59475470E+000  0.79034451E+000  0.88426748E+000  0.11852322E+001  0.18564219E+001  0.26124648E+001  0.43712639E+001  0.81164504E+001
  0.30768226E+000  0.34253887E+000  0.45234093E+000  0.59475810E+000  0.79034900E+000  0.88427372E+000  0.11852388E+001  0.18564357E+001  0.26124720E+001  0.43712696E+001  0.81164488E+001
  0.30768491E+000  0.34254163E+000  0.45234432E+000  0.59476162E+000  0.79035358E+000  0.88428003E+000  0.11852455E+001  0.18564490E+001  0.26124792E+001  0.43712753E+001  0.81164471E+001
  0.30768760E+000  0.34254440E+000  0.45234773E+000  0.59476524E+000  0.79035824E+000  0.88428640E+000  0.11852527E+001  0.18564627E+001  0.26124865E+001  0.43712810E+001  0.81164453E+001
  0.30769033E+000  0.34254719E+000  0.45235113E+000  0.59476895E+000  0.79036296E+000  0.88429282E+000  0.11852598E+001  0.18564825E+001  0.26124939E+001  0.43712866E+001  0.81164435E+001
  0.30769309E+000  0.34254999E+000  0.45235454E+000  0.59477275E+000  0.79036772E+000  0.88429927E+000  0.11852669E+001  0.18565130E+001  0.26125013E+001  0.43712923E+001  0.81164416E+001
  0.30769588E+000  0.34255280E+000  0.45235795E+000  0.59471216E+000  0.79037251E+000  0.88430576E+000  0.11852740E+001  0.18567653E+001  0.26125087E+001  0.43712979E+001  0.81164397E+001
  0.30769869E+000  0.34255561E+000  0.45236134E+000  0.59471615E+000  0.79037732E+000  0.88431226E+000  0.11852813E+001  0.18568394E+001  0.26125161E+001  0.43713035E+001  0.81164377E+001
  0.30770152E+000  0.34255842E+000  0.45236473E+000  0.59472015E+000  0.79038214E+000  0.88431877E+000  0.11852887E+001  0.18568984E+001  0.26125235E+001  0.43713090E+001  0.81164357E+001
  0.30770436E+000  0.34256122E+000  0.45236809E+000  0.59478861E+000  0.79038696E+000  0.88432528E+000  0.11852961E+001  0.18569163E+001  0.26125310E+001  0.43713146E+001  0.81164336E+001
  0.30770721E+000  0.34256401E+000  0.45237143E+000  0.59479269E+000  0.79039176E+000  0.88433177E+000  0.11852176E+001  0.18569345E+001  0.26125384E+001  0.43713200E+001  0.81164315E+001
  0.30771006E+000  0.34256680E+000  0.45237475E+000  0.59479681E+000  0.79039656E+000  0.88433825E+000  0.11852157E+001  0.18569529E+001  0.26125458E+001  0.43713255E+001  0.81164293E+001
  0.30771190E+000  0.34256956E+000  0.45237804E+000  0.59480095E+000  0.79040132E+000  0.88434469E+000  0.11851414E+001  0.18569717E+001  0.26125531E+001  0.43713308E+001  0.81164272E+001
  0.30771469E+000  0.34257231E+000  0.45238129E+000  0.59480511E+000  0.79040606E+000  0.88435110E+000  0.11850584E+001  0.18569947E+001  0.26125604E+001  0.43713361E+001  0.81164250E+001
  0.30771748E+000  0.34257504E+000  0.45238450E+000  0.59480928E+000  0.79041076E+000  0.88435745E+000  0.11850600E+001  0.18570171E+001  0.26125676E+001  0.43713413E+001  0.81164228E+001
  0.30772025E+000  0.34257774E+000  0.45238768E+000  0.59481344E+000  0.79041542E+000  0.88436376E+000  0.11850679E+001  0.18570387E+001  0.26125747E+001  0.43713465E+001  0.81164205E+001
  0.30772300E+000  0.34258041E+000  0.45239081E+000  0.59481760E+000  0.79042004E+000  0.88437000E+000  0.11850756E+001  0.18570596E+001  0.26125818E+001  0.43713515E+001  0.81164183E+001
  0.30772574E+000  0.34258306E+000  0.45239390E+000  0.59482175E+000  0.79042461E+000  0.88437616E+000  0.11850833E+001  0.18570798E+001  0.26125888E+001  0.43713565E+001  0.81164161E+001
  0.30772845E+000  0.34258567E+000  0.45239694E+000  0.59482587E+000  0.79042912E+000  0.88438225E+000  0.11850908E+001  0.18570993E+001  0.26125956E+001  0.43713614E+001  0.81164139E+001
  0.30773112E+000  0.34258825E+000  0.45239993E+000  0.59482996E+000  0.79043358E+000  0.88438825E+000  0.11850982E+001  0.18571181E+001  0.26126024E+001  0.43713662E+001  0.81164118E+001
  0.30773377E+000  0.34259079E+000  0.45240288E+000  0.59483401E+000  0.79043798E+000  0.88439416E+000  0.11851055E+001  0.18571362E+001  0.26126090E+001  0.43713709E+001  0.81164096E+001
  0.30773638E+000  0.34259329E+000  0.45248614E+000  0.59483802E+000  0.79044231E+000  0.88439997E+000  0.11851126E+001  0.18571536E+001  0.26126155E+001  0.43713755E+001  0.81164075E+001
  0.30773894E+000  0.34259575E+000  0.45248930E+000  0.59484198E+000  0.79044658E+000  0.88440567E+000  0.11851197E+001  0.18571704E+001  0.26126218E+001  0.43713799E+001  0.81164055E+001
  0.30774146E+000  0.34259816E+000  0.45249238E+000  0.59484587E+000  0.79045078E+000  0.88441125E+000  0.11851267E+001  0.18571864E+001  0.26126280E+001  0.43713843E+001  0.81164035E+001
  0.30774393E+000  0.34260053E+000  0.45249540E+000  0.59484969E+000  0.79045490E+000  0.88441670E+000  0.11851336E+001  0.18572094E+001  0.26126341E+001  0.43713886E+001  0.81164015E+001
  0.30774635E+000  0.34260284E+000  0.45249834E+000  0.59485344E+000  0.79045894E+000  0.88442203E+000  0.11851403E+001  0.18572245E+001  0.26126400E+001  0.43713927E+001  0.81163996E+001
  0.30774871E+000  0.34260511E+000  0.45250120E+000  0.59485709E+000  0.79046289E+000  0.88442721E+000  0.11851470E+001  0.18572389E+001  0.26126457E+001  0.43713967E+001  0.81163978E+001
  0.30775101E+000  0.34260731E+000  0.45250399E+000  0.59486066E+000  0.79046675E+000  0.88443225E+000  0.11851535E+001  0.18572537E+001  0.26126513E+001  0.43714007E+001  0.81163961E+001
  0.30775480E+000  0.34260946E+000  0.45250669E+000  0.59486413E+000  0.79047052E+000  0.88443714E+000  0.11851598E+001  0.18573730E+001  0.26126566E+001  0.43714044E+001  0.81163944E+001
  0.30775699E+000  0.34261155E+000  0.45250930E+000  0.59486749E+000  0.79047418E+000  0.88444187E+000  0.11851661E+001  0.18573784E+001  0.26126618E+001  0.43714081E+001  0.81163928E+001
  0.30775911E+000  0.34261357E+000  0.45251183E+000  0.59487074E+000  0.79047774E+000  0.88444644E+000  0.11851724E+001  0.18573844E+001  0.26126668E+001  0.43714859E+001  0.81163913E+001
  0.30776115E+000  0.34261553E+000  0.45251427E+000  0.59487387E+000  0.79048118E+000  0.88445085E+000  0.11851879E+001  0.18573910E+001  0.26126716E+001  0.43714899E+001  0.81163899E+001
  0.30776312E+000  0.34261742E+000  0.45251662E+000  0.59487689E+000  0.79048451E+000  0.88445508E+000  0.11851938E+001  0.18573981E+001  0.26126762E+001  0.43714938E+001  0.81163886E+001
  0.30776501E+000  0.34261924E+000  0.45251887E+000  0.59487978E+000  0.79048772E+000  0.88445914E+000  0.11851993E+001  0.18574055E+001  0.26126806E+001  0.43714975E+001  0.81163873E+001
  0.30776681E+000  0.34262098E+000  0.45252103E+000  0.59488254E+000  0.79049080E+000  0.88446302E+000  0.11852047E+001  0.18574131E+001  0.26126849E+001  0.43715011E+001  0.81163862E+001
  0.30776854E+000  0.34262266E+000  0.45252310E+000  0.59488518E+000  0.79049376E+000  0.88446672E+000  0.11852099E+001  0.18574209E+001  0.26126889E+001  0.43715045E+001  0.81163851E+001
  0.30777019E+000  0.34262426E+000  0.45252507E+000  0.59488770E+000  0.79049659E+000  0.88447025E+000  0.11852148E+001  0.18574288E+001  0.26126927E+001  0.43715077E+001  0.81163841E+001
  0.30777176E+000  0.34262579E+000  0.45252694E+000  0.59489009E+000  0.79049928E+000  0.88447360E+000  0.11852195E+001  0.18574366E+001  0.26126963E+001  0.43718930E+001  0.81163831E+001
  0.30777325E+000  0.34262724E+000  0.45252873E+000  0.59489235E+000  0.79050185E+000  0.88447678E+000  0.11852240E+001  0.18574444E+001  0.26126997E+001  0.43719131E+001  0.81163823E+001
  0.30777466E+000  0.34262862E+000  0.45253041E+000  0.59489449E+000  0.79050428E+000  0.88447978E+000  0.11852282E+001  0.18574520E+001  0.26127030E+001  0.43719319E+001  0.81163815E+001
  0.30777600E+000  0.34262993E+000  0.45253201E+000  0.59489651E+000  0.79050658E+000  0.88448261E+000  0.11852326E+001  0.18574594E+001  0.26127060E+001  0.43719494E+001  0.81163808E+001
  0.30777725E+000  0.34263117E+000  0.45253351E+000  0.59489841E+000  0.79050875E+000  0.88448527E+000  0.11852364E+001  0.18574665E+001  0.26127089E+001  0.43719658E+001  0.81163801E+001
  0.30777844E+000  0.34263233E+000  0.45253493E+000  0.59490019E+000  0.79051080E+000  0.88448777E+000  0.11852400E+001  0.18574734E+001  0.26127148E+001  0.43719810E+001  0.81163795E+001
  0.30777955E+000  0.34263342E+000  0.45253625E+000  0.59490187E+000  0.79051272E+000  0.88449011E+000  0.11852434E+001  0.18574799E+001  0.26127206E+001  0.43719952E+001  0.81163790E+001
  0.30778059E+000  0.34263445E+000  0.45253749E+000  0.59490343E+000  0.79051451E+000  0.88449229E+000  0.11852465E+001  0.18574861E+001  0.26127261E+001  0.43720083E+001  0.81163786E+001
  0.30778156E+000  0.34263540E+000  0.45253865E+000  0.59490490E+000  0.79051619E+000  0.88449433E+000  0.11852495E+001  0.18574919E+001  0.26127312E+001  0.43720206E+001  0.81163782E+001
  0.30778247E+000  0.34263630E+000  0.45253974E+000  0.59490626E+000  0.79051775E+000  0.88449622E+000  0.11852522E+001  0.18574973E+001  0.26127359E+001  0.43720319E+001  0.81163778E+001
  0.30778332E+000  0.34263713E+000  0.45254074E+000  0.59490752E+000  0.79051921E+000  0.88449797E+000  0.11852548E+001  0.18575023E+001  0.26127402E+001  0.43720424E+001  0.81163775E+001
  0.30778411E+000  0.34263790E+000  0.45254167E+000  0.59490870E+000  0.79052055E+000  0.88449960E+000  0.11852571E+001  0.18575069E+001  0.26127443E+001  0.43720521E+001  0.81163773E+001
  0.30778484E+000  0.34263862E+000  0.45254253E+000  0.59490978E+000  0.79052180E+000  0.88450109E+000  0.11852593E+001  0.18575111E+001  0.26127480E+001  0.43720610E+001  0.81163771E+001
  0.30778551E+000  0.34263928E+000  0.45254333E+000  0.59491079E+000  0.79052295E+000  0.88450247E+000  0.11852613E+001  0.18575149E+001  0.26127514E+001  0.43720693E+001  0.81163769E+001
  0.30778613E+000  0.34263990E+000  0.45254406E+000  0.59491171E+000  0.79052400E+000  0.88450373E+000  0.11852632E+001  0.18575183E+001  0.26127545E+001  0.43720769E+001  0.81163768E+001
  0.30778671E+000  0.34264046E+000  0.45254474E+000  0.59491256E+000  0.79052497E+000  0.88450489E+000  0.11852649E+001  0.18575213E+001  0.26127574E+001  0.43720839E+001  0.81163767E+001
  0.30778724E+000  0.34264097E+000  0.45254535E+000  0.59491334E+000  0.79052586E+000  0.88450594E+000  0.11852665E+001  0.18575240E+001  0.26127600E+001  0.43720903E+001  0.81163767E+001
  0.30778772E+000  0.34264145E+000  0.45254592E+000  0.59491405E+000  0.79052667E+000  0.88450690E+000  0.11852679E+001  0.18575262E+001  0.26127623E+001  0.43720962E+001  0.81163767E+001
  0.30778817E+000  0.34264188E+000  0.45254643E+000  0.59491470E+000  0.79052740E+000  0.88450777E+000  0.11852692E+001  0.18575282E+001  0.26127644E+001  0.43721016E+001  0.81163767E+001
  0.30778857E+000  0.34264227E+000  0.45254690E+000  0.59491529E+000  0.79052807E+000  0.88450855E+000  0.11852703E+001  0.18575297E+001  0.26127663E+001  0.43721065E+001  0.81163768E+001
  0.30778894E+000  0.34264262E+000  0.45254732E+000  0.59491583E+000  0.79052867E+000  0.88450925E+000  0.11852714E+001  0.18575310E+001  0.26127680E+001  0.43721110E+001  0.81163769E+001
  0.30778927E+000  0.34264295E+000  0.45254770E+000  0.59491632E+000  0.79052921E+000  0.88450988E+000  0.11852723E+001  0.18575320E+001  0.26127695E+001  0.43721150E+001  0.81163770E+001
  0.30778958E+000  0.34264323E+000  0.45254804E+000  0.59491675E+000  0.79052970E+000  0.88451044E+000  0.11852732E+001  0.18575327E+001  0.26127709E+001  0.43721187E+001  0.81163771E+001
  0.30778985E+000  0.34264349E+000  0.45254835E+000  0.59491715E+000  0.79053013E+000  0.88451094E+000  0.11852740E+001  0.18575332E+001  0.26127721E+001  0.43721220E+001  0.81163773E+001
  0.30779010E+000  0.34264373E+000  0.45254863E+000  0.59491750E+000  0.79053052E+000  0.88451138E+000  0.11852746E+001  0.18575334E+001  0.26127731E+001  0.43721250E+001  0.81163775E+001
  0.30779031E+000  0.34264393E+000  0.45254887E+000  0.59491781E+000  0.79053086E+000  0.88451176E+000  0.11852752E+001  0.18575334E+001  0.26127740E+001  0.43721276E+001  0.81163777E+001
  0.30779051E+000  0.34264412E+000  0.45254909E+000  0.59491809E+000  0.79053116E+000  0.88451209E+000  0.11852757E+001  0.18575332E+001  0.26127747E+001  0.43721300E+001  0.81163779E+001
  0.30779069E+000  0.34264428E+000  0.45254927E+000  0.59491833E+000  0.79053142E+000  0.88451237E+000  0.11852762E+001  0.18575328E+001  0.26127754E+001  0.43721320E+001  0.81163781E+001
  0.30779084E+000  0.34264442E+000  0.45254944E+000  0.59491854E+000  0.79053164E+000  0.88451261E+000  0.11852766E+001  0.18575322E+001  0.26127759E+001  0.43721338E+001  0.81163783E+001
  0.30779097E+000  0.34264454E+000  0.45254958E+000  0.59491873E+000  0.79053183E+000  0.88451281E+000  0.11852769E+001  0.18575315E+001  0.26127763E+001  0.43721354E+001  0.81163786E+001
  0.30779109E+000  0.34264464E+000  0.45254970E+000  0.59491889E+000  0.79053199E+000  0.88451297E+000  0.11852772E+001  0.18575307E+001  0.26127766E+001  0.43721367E+001  0.81163788E+001
  0.30779119E+000  0.34264473E+000  0.45254981E+000  0.59491902E+000  0.79053213E+000  0.88451310E+000  0.11852774E+001  0.18575298E+001  0.26127769E+001  0.43721378E+001  0.81163791E+001
  0.30779128E+000  0.34264481E+000  0.45254989E+000  0.59491913E+000  0.79053224E+000  0.88451320E+000  0.11852776E+001  0.18575287E+001  0.26127771E+001  0.43721387E+001  0.81163794E+001
  0.30779136E+000  0.34264487E+000  0.45254996E+000  0.59491923E+000  0.79053232E+000  0.88451327E+000  0.11852777E+001  0.18575276E+001  0.26127772E+001  0.43721394E+001  0.81163797E+001
  0.30779142E+000  0.34264492E+000  0.45255002E+000  0.59491930E+000  0.79053239E+000  0.88451332E+000  0.11852778E+001  0.18575264E+001  0.26127772E+001  0.43721399E+001  0.81163800E+001
  0.30779147E+000  0.34264495E+000  0.45255006E+000  0.59491936E+000  0.79053243E+000  0.88451334E+000  0.11852779E+001  0.18575252E+001  0.26127772E+001  0.43721402E+001  0.81163803E+001
  0.30779151E+000  0.34264498E+000  0.45255009E+000  0.59491941E+000  0.79053246E+000  0.88451334E+000  0.11852779E+001  0.18575239E+001  0.26127771E+001  0.43721404E+001  0.81163806E+001
  0.30779154E+000  0.34264500E+000  0.45255011E+000  0.59491944E+000  0.79053247E+000  0.88451333E+000  0.11852779E+001  0.18575225E+001  0.26127770E+001  0.43721404E+001  0.81163809E+001
  0.30779156E+000  0.34264501E+000  0.45255012E+000  0.59491945E+000  0.79053247E+000  0.88451329E+000  0.11852779E+001  0.18575212E+001  0.26127769E+001  0.43721403E+001  0.81163812E+001
  0.30779158E+000  0.34264501E+000  0.45255013E+000  0.59491946E+000  0.79053246E+000  0.88451324E+000  0.11852779E+001  0.18575198E+001  0.26127767E+001  0.43721400E+001  0.81163815E+001
  0.30779159E+000  0.34264501E+000  0.45255012E+000  0.59491946E+000  0.79053243E+000  0.88451318E+000  0.11852778E+001  0.18575184E+001  0.26127764E+001  0.43721396E+001  0.81163818E+001
  0.30779159E+000  0.34264500E+000  0.45255011E+000  0.59491945E+000  0.79053240E+000  0.88451311E+000  0.11852778E+001  0.18575171E+001  0.26127762E+001  0.43721391E+001  0.81163821E+001
  0.30779159E+000  0.34264499E+000  0.45255009E+000  0.59491943E+000  0.79053235E+000  0.88451303E+000  0.11852777E+001  0.18575157E+001  0.26127759E+001  0.43721385E+001  0.81163824E+001
  0.30779158E+000  0.34264497E+000  0.45255007E+000  0.59491940E+000  0.79053230E+000  0.88451293E+000  0.11852776E+001  0.18575144E+001  0.26127756E+001  0.43721377E+001  0.81163827E+001
  0.30779157E+000  0.34264495E+000  0.45255004E+000  0.59491937E+000  0.79053224E+000  0.88451283E+000  0.11852775E+001  0.18575130E+001  0.26127753E+001  0.43721369E+001  0.81163830E+001
  0.30779155E+000  0.34264492E+000  0.45255001E+000  0.59491933E+000  0.79053217E+000  0.88451273E+000  0.11852774E+001  0.18575117E+001  0.26127750E+001  0.43721360E+001  0.81163833E+001
  0.30779153E+000  0.34264489E+000  0.45254997E+000  0.59491928E+000  0.79053210E+000  0.88451261E+000  0.11852772E+001  0.18575105E+001  0.26127746E+001  0.43721350E+001  0.81163835E+001
  0.30779151E+000  0.34264486E+000  0.45254994E+000  0.59491924E+000  0.79053202E+000  0.88451250E+000  0.11852771E+001  0.18575093E+001  0.26127743E+001  0.43721339E+001  0.81163838E+001
  0.30779149E+000  0.34264483E+000  0.45254990E+000  0.59491919E+000  0.79053194E+000  0.88451238E+000  0.11852770E+001  0.18575081E+001  0.26127739E+001  0.43721327E+001  0.81163841E+001
  0.30779146E+000  0.34264479E+000  0.45254985E+000  0.59491913E+000  0.79053185E+000  0.88451226E+000  0.11852768E+001  0.18575070E+001  0.26127736E+001  0.43721315E+001  0.81163844E+001
  0.30779143E+000  0.34264475E+000  0.45254981E+000  0.59491908E+000  0.79053176E+000  0.88451213E+000  0.11852767E+001  0.18575059E+001  0.26127732E+001  0.43721302E+001  0.81163846E+001
  0.30779141E+000  0.34264472E+000  0.45254977E+000  0.59491902E+000  0.79053167E+000  0.88451200E+000  0.11852765E+001  0.18575048E+001  0.26127728E+001  0.43721289E+001  0.81163849E+001
  0.30779137E+000  0.34264468E+000  0.45254972E+000  0.59491896E+000  0.79053158E+000  0.88451188E+000  0.11852764E+001  0.18575039E+001  0.26127725E+001  0.43721275E+001  0.81163852E+001
  0.30779134E+000  0.34264464E+000  0.45254967E+000  0.59491890E+000  0.79053148E+000  0.88451175E+000  0.11852762E+001  0.18575029E+001  0.26127721E+001  0.43721261E+001  0.81163854E+001
  0.30779131E+000  0.34264460E+000  0.45254963E+000  0.59491884E+000  0.79053139E+000  0.88451162E+000  0.11852761E+001  0.18575021E+001  0.26127717E+001  0.43721246E+001  0.81163856E+001
  0.30779128E+000  0.34264456E+000  0.45254958E+000  0.59491878E+000  0.79053129E+000  0.88451150E+000  0.11852759E+001  0.18575013E+001  0.26127714E+001  0.43721231E+001  0.81163859E+001
  0.30779125E+000  0.34264453E+000  0.45254953E+000  0.59491871E+000  0.79053119E+000  0.88451137E+000  0.11852758E+001  0.18575005E+001  0.26127710E+001  0.43721216E+001  0.81163861E+001
  0.30779121E+000  0.34264449E+000  0.45254949E+000  0.59491865E+000  0.79053110E+000  0.88451125E+000  0.11852756E+001  0.18574998E+001  0.26127707E+001  0.43721201E+001  0.81163863E+001
  0.30779118E+000  0.34264445E+000  0.45254944E+000  0.59491859E+000  0.79053100E+000  0.88451113E+000  0.11852755E+001  0.18574992E+001  0.26127704E+001  0.43721186E+001  0.81163865E+001
  0.30779115E+000  0.34264441E+000  0.45254940E+000  0.59491853E+000  0.79053090E+000  0.88451101E+000  0.11852753E+001  0.18574986E+001  0.26127700E+001  0.43721170E+001  0.81163867E+001
  0.30779112E+000  0.34264438E+000  0.45254935E+000  0.59491847E+000  0.79053081E+000  0.88451090E+000  0.11852752E+001  0.18574980E+001  0.26127697E+001  0.43721155E+001  0.81163869E+001
  0.30779108E+000  0.34264434E+000  0.45254931E+000  0.59491841E+000  0.79053072E+000  0.88451079E+000  0.11852751E+001  0.18574975E+001  0.26127694E+001  0.43721140E+001  0.81163870E+001
  0.30779105E+000  0.34264431E+000  0.45254927E+000  0.59491835E+000  0.79053062E+000  0.88451068E+000  0.11852749E+001  0.18574971E+001  0.26127691E+001  0.43721125E+001  0.81163872E+001
  0.30779102E+000  0.34264428E+000  0.45254923E+000  0.59491830E+000  0.79053053E+000  0.88451057E+000  0.11852748E+001  0.18574967E+001  0.26127688E+001  0.43721110E+001  0.81163874E+001
  0.30779099E+000  0.34264425E+000  0.45254919E+000  0.59491824E+000  0.79053044E+000  0.88451047E+000  0.11852747E+001  0.18574963E+001  0.26127685E+001  0.43721095E+001  0.81163875E+001
  0.30779096E+000  0.34264422E+000  0.45254915E+000  0.59491819E+000  0.79053036E+000  0.88451037E+000  0.11852746E+001  0.18574960E+001  0.26127683E+001  0.43721081E+001  0.81163877E+001
  0.30779094E+000  0.34264419E+000  0.45254912E+000  0.59491814E+000  0.79053027E+000  0.88451028E+000  0.11852745E+001  0.18574957E+001  0.26127680E+001  0.43721067E+001  0.81163878E+001
  0.30779091E+000  0.34264416E+000  0.45254908E+000  0.59491809E+000  0.79053019E+000  0.88451019E+000  0.11852744E+001  0.18574954E+001  0.26127678E+001  0.43721054E+001  0.81163879E+001
  0.30779088E+000  0.34264413E+000  0.45254905E+000  0.59491804E+000  0.79053011E+000  0.88451010E+000  0.11852742E+001  0.18574952E+001  0.26127675E+001  0.43721041E+001  0.81163880E+001
  0.30779086E+000  0.34264411E+000  0.45254901E+000  0.59491799E+000  0.79053004E+000  0.88451002E+000  0.11852741E+001  0.18574950E+001  0.26127673E+001  0.43721029E+001  0.81163881E+001
  0.30779084E+000  0.34264408E+000  0.45254898E+000  0.59491795E+000  0.79052996E+000  0.88450994E+000  0.11852740E+001  0.18574948E+001  0.26127671E+001  0.43721017E+001  0.81163882E+001
  0.30779081E+000  0.34264406E+000  0.45254895E+000  0.59491791E+000  0.79052989E+000  0.88450986E+000  0.11852740E+001  0.18574947E+001  0.26127669E+001  0.43721005E+001  0.81163883E+001
  0.30779079E+000  0.34264404E+000  0.45254893E+000  0.59491787E+000  0.79052982E+000  0.88450979E+000  0.11852739E+001  0.18574946E+001  0.26127667E+001  0.43720994E+001  0.81163884E+001
  0.30779077E+000  0.34264402E+000  0.45254890E+000  0.59491783E+000  0.79052976E+000  0.88450972E+000  0.11852738E+001  0.18574945E+001  0.26127665E+001  0.43720984E+001  0.81163885E+001
  0.30779075E+000  0.34264400E+000  0.45254887E+000  0.59491779E+000  0.79052970E+000  0.88450966E+000  0.11852737E+001  0.18574944E+001  0.26127663E+001  0.43720975E+001  0.81163885E+001
  0.30779073E+000  0.34264398E+000  0.45254885E+000  0.59491776E+000  0.79052964E+000  0.88450960E+000  0.11852736E+001  0.18574943E+001  0.26127662E+001  0.43720966E+001  0.81163886E+001
  0.30779071E+000  0.34264396E+000  0.45254883E+000  0.59491772E+000  0.79052958E+000  0.88450954E+000  0.11852736E+001  0.18574943E+001  0.26127660E+001  0.43720958E+001  0.81163886E+001
  0.30779070E+000  0.34264394E+000  0.45254881E+000  0.59491769E+000  0.79052953E+000  0.88450949E+000  0.11852735E+001  0.18574942E+001  0.26127659E+001  0.43720950E+001  0.81163887E+001
  0.30779068E+000  0.34264393E+000  0.45254879E+000  0.59491766E+000  0.79052947E+000  0.88450944E+000  0.11852734E+001  0.18574941E+001  0.26127658E+001  0.43720943E+001  0.81163887E+001
  0.30779067E+000  0.34264392E+000  0.45254877E+000  0.59491764E+000  0.79052943E+000  0.88450939E+000  0.11852734E+001  0.18574941E+001  0.26127656E+001  0.43720937E+001  0.81163888E+001
  0.30779065E+000  0.34264390E+000  0.45254875E+000  0.59491761E+000  0.79052938E+000  0.88450935E+000  0.11852733E+001  0.18574941E+001  0.26127655E+001  0.43720931E+001  0.81163888E+001
  0.30779064E+000  0.34264389E+000  0.45254874E+000  0.59491759E+000  0.79052934E+000  0.88450931E+000  0.11852733E+001  0.18574940E+001  0.26127654E+001  0.43720926E+001  0.81163888E+001
  0.30779063E+000  0.34264388E+000  0.45254872E+000  0.59491757E+000  0.79052930E+000  0.88450927E+000  0.11852732E+001  0.18574940E+001  0.26127653E+001  0.43720922E+001  0.81163889E+001
  0.30779062E+000  0.34264387E+000  0.45254871E+000  0.59491755E+000  0.79052926E+000  0.88450923E+000  0.11852732E+001  0.18574939E+001  0.26127652E+001  0.43720918E+001  0.81163889E+001
  0.30779061E+000  0.34264386E+000  0.45254869E+000  0.59491753E+000  0.79052923E+000  0.88450920E+000  0.11852731E+001  0.18574939E+001  0.26127651E+001  0.43720914E+001  0.81163889E+001
  0.30779060E+000  0.34264385E+000  0.45254868E+000  0.59491751E+000  0.79052920E+000  0.88450917E+000  0.11852731E+001  0.18574938E+001  0.26127651E+001  0.43720912E+001  0.81163889E+001
  0.30779059E+000  0.34264384E+000  0.45254867E+000  0.59491749E+000  0.79052917E+000  0.88450915E+000  0.11852731E+001  0.18574938E+001  0.26127650E+001  0.43720910E+001  0.81163889E+001
  0.30779058E+000  0.34264384E+000  0.45254866E+000  0.59491748E+000  0.79052914E+000  0.88450912E+000  0.11852730E+001  0.18574937E+001  0.26127649E+001  0.43720908E+001  0.81163889E+001
  0.30779057E+000  0.34264383E+000  0.45254865E+000  0.59491746E+000  0.79052912E+000  0.88450910E+000  0.11852730E+001  0.18574937E+001  0.26127649E+001  0.43720907E+001  0.81163889E+001
  0.30779057E+000  0.34264382E+000  0.45254864E+000  0.59491745E+000  0.79052910E+000  0.88450908E+000  0.11852730E+001  0.18574936E+001  0.26127648E+001  0.43720906E+001  0.81163889E+001
  0.30779056E+000  0.34264382E+000  0.45254864E+000  0.59491744E+000  0.79052908E+000  0.88450906E+000  0.11852730E+001  0.18574935E+001  0.26127648E+001  0.43720905E+001  0.81163889E+001
  0.30779056E+000  0.34264381E+000  0.45254863E+000  0.59491743E+000  0.79052906E+000  0.88450905E+000  0.11852729E+001  0.18574934E+001  0.26127647E+001  0.43720905E+001  0.81163889E+001
  0.30779055E+000  0.34264381E+000  0.45254862E+000  0.59491742E+000  0.79052904E+000  0.88450903E+000  0.11852729E+001  0.18574934E+001  0.26127647E+001  0.43720905E+001  0.81163889E+001
  0.30779055E+000  0.34264381E+000  0.45254862E+000  0.59491741E+000  0.79052903E+000  0.88450902E+000  0.11852729E+001  0.18574933E+001  0.26127647E+001  0.43720906E+001  0.81163889E+001
  0.30779054E+000  0.34264380E+000  0.45254861E+000  0.59491741E+000  0.79052902E+000  0.88450901E+000  0.11852729E+001  0.18574932E+001  0.26127646E+001  0.43720906E+001  0.81163889E+001
  0.30779054E+000  0.34264380E+000  0.45254861E+000  0.59491740E+000  0.79052900E+000  0.88450900E+000  0.11852729E+001  0.18574931E+001  0.26127646E+001  0.43720907E+001  0.81163889E+001
  0.30779054E+000  0.34264380E+000  0.45254860E+000  0.59491739E+000  0.79052899E+000  0.88450899E+000  0.11852728E+001  0.18574930E+001  0.26127646E+001  0.43720908E+001  0.81163889E+001
  0.30779053E+000  0.34264379E+000  0.45254860E+000  0.59491739E+000  0.79052898E+000  0.88450898E+000  0.11852728E+001  0.18574929E+001  0.26127646E+001  0.43720909E+001  0.81163889E+001
  0.30779053E+000  0.34264379E+000  0.45254860E+000  0.59491738E+000  0.79052898E+000  0.88450897E+000  0.11852728E+001  0.18574928E+001  0.26127646E+001  0.43720910E+001  0.81163889E+001
  0.30779053E+000  0.34264379E+000  0.45254859E+000  0.59491738E+000  0.79052897E+000  0.88450897E+000  0.11852728E+001  0.18574927E+001  0.26127645E+001  0.43720912E+001  0.81163889E+001
  0.30779053E+000  0.34264379E+000  0.45254859E+000  0.59491738E+000  0.79052897E+000  0.88450896E+000  0.11852728E+001  0.18574925E+001  0.26127645E+001  0.43720913E+001  0.81163889E+001
  0.30779052E+000  0.34264379E+000  0.45254859E+000  0.59491737E+000  0.79052896E+000  0.88450896E+000  0.11852728E+001  0.18574924E+001  0.26127645E+001  0.43720914E+001  0.81163889E+001
  0.30779052E+000  0.34264379E+000  0.45254859E+000  0.59491737E+000  0.79052896E+000  0.88450895E+000  0.11852728E+001  0.18574923E+001  0.26127645E+001  0.43720915E+001  0.81163889E+001
  0.30779052E+000  0.34264379E+000  0.45254859E+000  0.59491737E+000  0.79052895E+000  0.88450895E+000  0.11852728E+001  0.18574922E+001  0.26127645E+001  0.43720917E+001  0.81163889E+001
  0.30779052E+000  0.34264378E+000  0.45254858E+000  0.59491737E+000  0.79052895E+000  0.88450895E+000  0.11852728E+001  0.18574921E+001  0.26127645E+001  0.43720918E+001  0.81163889E+001
  0.30779052E+000  0.34264378E+000  0.45254858E+000  0.59491736E+000  0.79052895E+000  0.88450895E+000  0.11852728E+001  0.18574920E+001  0.26127645E+001  0.43720919E+001  0.81163889E+001
  0.30779052E+000  0.34264378E+000  0.45254858E+000  0.59491736E+000  0.79052895E+000  0.88450894E+000  0.11852728E+001  0.18574919E+001  0.26127645E+001  0.43720920E+001  0.81163889E+001
  0.30779052E+000  0.34264378E+000  0.45254858E+000  0.59491736E+000  0.79052894E+000  0.88450894E+000  0.11852728E+001  0.18574918E+001  0.26127645E+001  0.43720921E+001  0.81163889E+001
  0.30779052E+000  0.34264378E+000  0.45254858E+000  0.59491736E+000  0.79052894E+000  0.88450894E+000  0.11852728E+001  0.18574916E+001  0.26127645E+001  0.43720921E+001  0.81163889E+001
  0.30779052E+000  0.34264378E+000  0.45254858E+000  0.59491736E+000  0.79052894E+000  0.88450894E+000  0.11852728E+001  0.18574915E+001  0.26127645E+001  0.43720922E+001  0.81163889E+001
  0.30779052E+000  0.34264377E+000  0.45254857E+000  0.59491736E+000  0.79052893E+000  0.88450894E+000  0.11852728E+001  0.18574914E+001  0.26127645E+001  0.43720922E+001  0.81163889E+001
  0.30779052E+000  0.34264376E+000  0.45254856E+000  0.59491736E+000  0.79052891E+000  0.88450892E+000  0.11852728E+001  0.18574913E+001  0.26127645E+001  0.43720922E+001  0.81163889E+001
  0.30779052E+000  0.34264375E+000  0.45254855E+000  0.59491736E+000  0.79052891E+000  0.88450893E+000  0.11852727E+001  0.18574912E+001  0.26127644E+001  0.43720922E+001  0.81163889E+001
