  0.00000000E+000  0.00000000E+000  0.00000000E+000  0.00000000E+000  0.41772911E-001  0.36576306E+000  0.69180189E+001  0.46401380E+002  0.11350135E+003  0.30046530E+003  0.58995308E+003
  0.00000000E+000  0.00000000E+000  0.00000000E+000  0.00000000E+000  0.41841824E-001  0.36594362E+000  0.69206239E+001  0.46418574E+002  0.11353608E+003  0.30054577E+003  0.59009319E+003
  0.00000000E+000  0.00000000E+000  0.00000000E+000  0.00000000E+000  0.41903252E-001  0.36609509E+000  0.69228063E+001  0.46432374E+002  0.11356282E+003  0.30060546E+003  0.59019597E+003
  0.00000000E+000  0.00000000E+000  0.00000000E+000  0.00000000E+000  0.41956945E-001  0.36622341E+000  0.69246392E+001  0.46443628E+002  0.11358409E+003  0.30065159E+003  0.59027445E+003
  0.00000000E+000  0.00000000E+000  0.00000000E+000  0.00000000E+000  0.42003796E-001  0.36633278E+000  0.69261809E+001  0.46452892E+002  0.11360134E+003  0.30068823E+003  0.59033609E+003
  0.00000000E+000  0.00000000E+000  0.00000000E+000  0.00000000E+000  0.42044850E-001  0.36642645E+000  0.69274808E+001  0.46460574E+002  0.11361549E+003  0.30071789E+003  0.59038555E+003
  0.00000000E+000  0.00000000E+000  0.00000000E+000  0.00000000E+000  0.42080986E-001  0.36650693E+000  0.69285809E+001  0.46466983E+002  0.11362719E+003  0.30074228E+003  0.59042590E+003
  0.00000000E+000  0.00000000E+000  0.00000000E+000  0.00000000E+000  0.42112790E-001  0.36657634E+000  0.69295156E+001  0.46472358E+002  0.11363695E+003  0.30076257E+003  0.59045927E+003
  0.00000000E+000  0.00000000E+000  0.00000000E+000  0.00000000E+000  0.42140710E-001  0.36663639E+000  0.69303138E+001  0.46476887E+002  0.11364515E+003  0.30077961E+003  0.59048720E+003
  0.00000000E+000  0.00000000E+000  0.00000000E+000  0.00000000E+000  0.42165150E-001  0.36668853E+000  0.69309986E+001  0.46480720E+002  0.11365207E+003  0.30079407E+003  0.59051086E+003
  0.00000000E+000  0.00000000E+000  0.00000000E+000  0.00000000E+000  0.42186486E-001  0.36673397E+000  0.69315888E+001  0.46483981E+002  0.11365795E+003  0.30080644E+003  0.59053113E+003
  0.00000000E+000  0.00000000E+000  0.00000000E+000  0.00000000E+000  0.42205045E-001  0.36677374E+000  0.69321000E+001  0.46486769E+002  0.11366298E+003  0.30081713E+003  0.59054870E+003
  0.00000000E+000  0.00000000E+000  0.00000000E+000  0.00000000E+000  0.42221223E-001  0.36680870E+000  0.69325450E+001  0.46489166E+002  0.11366731E+003  0.30082645E+003  0.59056410E+003
  0.00000000E+000  0.00000000E+000  0.00000000E+000  0.00000000E+000  0.42235418E-001  0.36683960E+000  0.69329345E+001  0.46491239E+002  0.11367107E+003  0.30083467E+003  0.59057776E+003
  0.00000000E+000  0.00000000E+000  0.00000000E+000  0.00000000E+000  0.42247999E-001  0.36686704E+000  0.69332775E+001  0.46493044E+002  0.11367436E+003  0.30084198E+003  0.59059001E+003
  0.00000000E+000  0.00000000E+000  0.00000000E+000  0.00000000E+000  0.42259280E-001  0.36689154E+000  0.69335816E+001  0.46494627E+002  0.11367727E+003  0.30084856E+003  0.59060112E+003
  0.00000000E+000  0.00000000E+000  0.00000000E+000  0.00000000E+000  0.42269521E-001  0.36691356E+000  0.69338530E+001  0.46496026E+002  0.11367986E+003  0.30085455E+003  0.59061131E+003
  0.00000000E+000  0.00000000E+000  0.00000000E+000  0.00000000E+000  0.42278932E-001  0.36693350E+000  0.69340969E+001  0.46497271E+002  0.11368219E+003  0.30086005E+003  0.59062075E+003
  0.00000000E+000  0.00000000E+000  0.00000000E+000  0.00000000E+000  0.42287678E-001  0.36695167E+000  0.69343178E+001  0.46498391E+002  0.11368431E+003  0.30086516E+003  0.59062960E+003
  0.00000000E+000  0.00000000E+000  0.00000000E+000  0.00000000E+000  0.42295889E-001  0.36696839E+000  0.69345196E+001  0.46499407E+002  0.11368626E+003  0.30086996E+003  0.59063798E+003
  0.00000000E+000  0.00000000E+000  0.00000000E+000  0.00000000E+000  0.42303667E-001  0.36698389E+000  0.69347055E+001  0.46500338E+002  0.11368807E+003  0.30087451E+003  0.59064600E+003
  0.00000000E+000  0.00000000E+000  0.00000000E+000  0.00000000E+000  0.42311095E-001  0.36699839E+000  0.69348783E+001  0.46501201E+002  0.11368978E+003  0.30087888E+003  0.59065373E+003
  0.00000000E+000  0.00000000E+000  0.00000000E+000  0.00000000E+000  0.42318235E-001  0.36701207E+000  0.69350402E+001  0.46502008E+002  0.11369139E+003  0.30088311E+003  0.59066127E+003
  0.00000000E+000  0.00000000E+000  0.00000000E+000  0.00000000E+000  0.42325142E-001  0.36702509E+000  0.69351934E+001  0.46502772E+002  0.11369295E+003  0.30088724E+003  0.59066866E+003
  0.00000000E+000  0.00000000E+000  0.00000000E+000  0.00000000E+000  0.42331856E-001  0.36703757E+000  0.69353394E+001  0.46503502E+002  0.11369446E+003  0.30089130E+003  0.59067596E+003
  0.00000000E+000  0.00000000E+000  0.00000000E+000  0.00000000E+000  0.42338412E-001  0.36704964E+000  0.69354798E+001  0.46504207E+002  0.11369593E+003  0.30089532E+003  0.59068322E+003
  0.00000000E+000  0.00000000E+000  0.00000000E+000  0.00000000E+000  0.42344840E-001  0.36706138E+000  0.69356158E+001  0.46504894E+002  0.11369739E+003  0.30089934E+003  0.59069047E+003
  0.00000000E+000  0.00000000E+000  0.00000000E+000  0.00000000E+000  0.42351162E-001  0.36707289E+000  0.69357483E+001  0.46505568E+002  0.11369883E+003  0.30090336E+003  0.59069776E+003
  0.00000000E+000  0.00000000E+000  0.00000000E+000  0.00000000E+000  0.42357400E-001  0.36708423E+000  0.69358784E+001  0.46506236E+002  0.11370028E+003  0.30090740E+003  0.59070510E+003
  0.00000000E+000  0.00000000E+000  0.00000000E+000  0.00000000E+000  0.42363568E-001  0.36709546E+000  0.69360066E+001  0.46506901E+002  0.11370174E+003  0.30091149E+003  0.59071253E+003
  0.00000000E+000  0.00000000E+000  0.00000000E+000  0.00000000E+000  0.42369681E-001  0.36710663E+000  0.69361338E+001  0.46507567E+002  0.11370321E+003  0.30091563E+003  0.59072006E+003
  0.00000000E+000  0.00000000E+000  0.00000000E+000  0.00000000E+000  0.42375749E-001  0.36711780E+000  0.69362602E+001  0.46508238E+002  0.11370469E+003  0.30091984E+003  0.59072771E+003
  0.00000000E+000  0.00000000E+000  0.00000000E+000  0.00000000E+000  0.42381780E-001  0.36712900E+000  0.69363865E+001  0.46508915E+002  0.11370621E+003  0.30092413E+003  0.59073551E+003
  0.00000000E+000  0.00000000E+000  0.00000000E+000  0.00000000E+000  0.42387778E-001  0.36714025E+000  0.69365129E+001  0.46509602E+002  0.11370775E+003  0.30092849E+003  0.59074345E+003
  0.00000000E+000  0.00000000E+000  0.00000000E+000  0.00000000E+000  0.42393745E-001  0.36715160E+000  0.69366397E+001  0.46510301E+002  0.11370932E+003  0.30093295E+003  0.59075156E+003
  0.00000000E+000  0.00000000E+000  0.00000000E+000  0.00000000E+000  0.42399682E-001  0.36716305E+000  0.69367671E+001  0.46511012E+002  0.11371093E+003  0.30093751E+003  0.59075984E+003
  0.00000000E+000  0.00000000E+000  0.00000000E+000  0.00000000E+000  0.42405582E-001  0.36717463E+000  0.69368953E+001  0.46511736E+002  0.11371257E+003  0.30094216E+003  0.59076830E+003
  0.00000000E+000  0.00000000E+000  0.00000000E+000  0.00000000E+000  0.42411441E-001  0.36718636E+000  0.69370245E+001  0.46512476E+002  0.11371425E+003  0.30094692E+003  0.59077694E+003
  0.00000000E+000  0.00000000E+000  0.00000000E+000  0.00000000E+000  0.42417246E-001  0.36719825E+000  0.69371546E+001  0.46513232E+002  0.11371597E+003  0.30095178E+003  0.59078578E+003
  0.00000000E+000  0.00000000E+000  0.00000000E+000  0.00000000E+000  0.42422984E-001  0.36721031E+000  0.69372859E+001  0.46514003E+002  0.11371773E+003  0.30095676E+003  0.59079481E+003
  0.00000000E+000  0.00000000E+000  0.00000000E+000  0.00000000E+000  0.42428637E-001  0.36722254E+000  0.69374184E+001  0.46514791E+002  0.11371952E+003  0.30096184E+003  0.59080403E+003
  0.00000000E+000  0.00000000E+000  0.00000000E+000  0.00000000E+000  0.42434184E-001  0.36723496E+000  0.69375522E+001  0.46515596E+002  0.11372136E+003  0.30096703E+003  0.59081345E+003
  0.00000000E+000  0.00000000E+000  0.00000000E+000  0.00000000E+000  0.42439601E-001  0.36724756E+000  0.69376872E+001  0.46516417E+002  0.11372323E+003  0.30097232E+003  0.59082306E+003
  0.00000000E+000  0.00000000E+000  0.00000000E+000  0.00000000E+000  0.42444859E-001  0.36726035E+000  0.69378235E+001  0.46517254E+002  0.11372514E+003  0.30097773E+003  0.59083287E+003
  0.00000000E+000  0.00000000E+000  0.00000000E+000  0.00000000E+000  0.42449929E-001  0.36727333E+000  0.69379612E+001  0.46518108E+002  0.11372709E+003  0.30098324E+003  0.59084286E+003
  0.00000000E+000  0.00000000E+000  0.00000000E+000  0.00000000E+000  0.42454776E-001  0.36728650E+000  0.69381002E+001  0.46518977E+002  0.11372908E+003  0.30098885E+003  0.59085305E+003
  0.00000000E+000  0.00000000E+000  0.00000000E+000  0.00000000E+000  0.42459365E-001  0.36729986E+000  0.69382405E+001  0.46519862E+002  0.11373110E+003  0.30099456E+003  0.59086341E+003
  0.00000000E+000  0.00000000E+000  0.00000000E+000  0.00000000E+000  0.42463659E-001  0.36731341E+000  0.69383821E+001  0.46520761E+002  0.11373315E+003  0.30100037E+003  0.59087396E+003
  0.00000000E+000  0.00000000E+000  0.00000000E+000  0.00000000E+000  0.42467619E-001  0.36732713E+000  0.69385250E+001  0.46521674E+002  0.11373523E+003  0.30100627E+003  0.59088467E+003
  0.00000000E+000  0.00000000E+000  0.00000000E+000  0.00000000E+000  0.42471206E-001  0.36734102E+000  0.69386691E+001  0.46522601E+002  0.11373735E+003  0.30101226E+003  0.59089554E+003
  0.00000000E+000  0.00000000E+000  0.00000000E+000  0.00000000E+000  0.42474380E-001  0.36735508E+000  0.69388143E+001  0.46523540E+002  0.11373949E+003  0.30101833E+003  0.59090656E+003
  0.00000000E+000  0.00000000E+000  0.00000000E+000  0.00000000E+000  0.42477105E-001  0.36736929E+000  0.69389605E+001  0.46524491E+002  0.11374165E+003  0.30102448E+003  0.59091773E+003
  0.00000000E+000  0.00000000E+000  0.00000000E+000  0.00000000E+000  0.42479342E-001  0.36738365E+000  0.69391076E+001  0.46525453E+002  0.11374384E+003  0.30103069E+003  0.59092903E+003
  0.00000000E+000  0.00000000E+000  0.00000000E+000  0.00000000E+000  0.42481058E-001  0.36739815E+000  0.69392553E+001  0.46526424E+002  0.11374605E+003  0.30103697E+003  0.59094044E+003
  0.00000000E+000  0.00000000E+000  0.00000000E+000  0.00000000E+000  0.42482221E-001  0.36741278E+000  0.69394035E+001  0.46527405E+002  0.11374828E+003  0.30104331E+003  0.59095197E+003
  0.00000000E+000  0.00000000E+000  0.00000000E+000  0.00000000E+000  0.42482805E-001  0.36742753E+000  0.69395520E+001  0.46528392E+002  0.11375053E+003  0.30104970E+003  0.59096359E+003
  0.00000000E+000  0.00000000E+000  0.00000000E+000  0.00000000E+000  0.42482785E-001  0.36744238E+000  0.69397006E+001  0.46529386E+002  0.11375279E+003  0.30105612E+003  0.59097529E+003
  0.00000000E+000  0.00000000E+000  0.00000000E+000  0.00000000E+000  0.42482144E-001  0.36745734E+000  0.69398489E+001  0.46530385E+002  0.11375505E+003  0.30106258E+003  0.59098706E+003
  0.00000000E+000  0.00000000E+000  0.00000000E+000  0.00000000E+000  0.42480868E-001  0.36747239E+000  0.69399968E+001  0.46531388E+002  0.11375733E+003  0.30106906E+003  0.59099887E+003
  0.00000000E+000  0.00000000E+000  0.00000000E+000  0.00000000E+000  0.42478950E-001  0.36748753E+000  0.69401440E+001  0.46532393E+002  0.11375961E+003  0.30107556E+003  0.59101073E+003
  0.00000000E+000  0.00000000E+000  0.00000000E+000  0.00000000E+000  0.42476387E-001  0.36750275E+000  0.69402902E+001  0.46533399E+002  0.11376189E+003  0.30108206E+003  0.59102259E+003
  0.00000000E+000  0.00000000E+000  0.00000000E+000  0.00000000E+000  0.42473182E-001  0.36751804E+000  0.69404352E+001  0.46534405E+002  0.11376417E+003  0.30108856E+003  0.59103447E+003
  0.00000000E+000  0.00000000E+000  0.00000000E+000  0.00000000E+000  0.42469345E-001  0.36753340E+000  0.69405788E+001  0.46535408E+002  0.11376645E+003  0.30109504E+003  0.59104632E+003
  0.00000000E+000  0.00000000E+000  0.00000000E+000  0.00000000E+000  0.42464892E-001  0.36754883E+000  0.69407208E+001  0.46536408E+002  0.11376872E+003  0.30110149E+003  0.59105814E+003
  0.00000000E+000  0.00000000E+000  0.00000000E+000  0.00000000E+000  0.42459842E-001  0.36756431E+000  0.69408608E+001  0.46537402E+002  0.11377097E+003  0.30110792E+003  0.59106991E+003
  0.00000000E+000  0.00000000E+000  0.00000000E+000  0.00000000E+000  0.42454222E-001  0.36757985E+000  0.69409988E+001  0.46538389E+002  0.11377322E+003  0.30111429E+003  0.59108162E+003
  0.00000000E+000  0.00000000E+000  0.00000000E+000  0.00000000E+000  0.42448062E-001  0.36759544E+000  0.69411345E+001  0.46539368E+002  0.11377544E+003  0.30112062E+003  0.59109324E+003
  0.00000000E+000  0.00000000E+000  0.00000000E+000  0.00000000E+000  0.42441399E-001  0.36761106E+000  0.69412678E+001  0.46540337E+002  0.11377765E+003  0.30112688E+003  0.59110476E+003
  0.00000000E+000  0.00000000E+000  0.00000000E+000  0.00000000E+000  0.42434271E-001  0.36762670E+000  0.69413984E+001  0.46541294E+002  0.11377983E+003  0.30113307E+003  0.59111616E+003
  0.00000000E+000  0.00000000E+000  0.00000000E+000  0.00000000E+000  0.42426722E-001  0.36764236E+000  0.69415262E+001  0.46542237E+002  0.11378199E+003  0.30113917E+003  0.59112743E+003
  0.00000000E+000  0.00000000E+000  0.00000000E+000  0.00000000E+000  0.42418797E-001  0.36765800E+000  0.69416511E+001  0.46543166E+002  0.11378412E+003  0.30114519E+003  0.59113854E+003
  0.00000000E+000  0.00000000E+000  0.00000000E+000  0.00000000E+000  0.42410545E-001  0.36767361E+000  0.69417729E+001  0.46544077E+002  0.11378622E+003  0.30115110E+003  0.59114950E+003
  0.00000000E+000  0.00000000E+000  0.00000000E+000  0.00000000E+000  0.42402015E-001  0.36768916E+000  0.69418915E+001  0.46544970E+002  0.11378828E+003  0.30115691E+003  0.59116027E+003
  0.00000000E+000  0.00000000E+000  0.00000000E+000  0.00000000E+000  0.42393259E-001  0.36770461E+000  0.69420069E+001  0.46545843E+002  0.11379031E+003  0.30116260E+003  0.59117085E+003
  0.00000000E+000  0.00000000E+000  0.00000000E+000  0.00000000E+000  0.42384326E-001  0.36771992E+000  0.69421189E+001  0.46546694E+002  0.11379229E+003  0.30116817E+003  0.59118123E+003
  0.00000000E+000  0.00000000E+000  0.00000000E+000  0.00000000E+000  0.42375266E-001  0.36773504E+000  0.69422274E+001  0.46547521E+002  0.11379424E+003  0.30117361E+003  0.59119139E+003
  0.00000000E+000  0.00000000E+000  0.00000000E+000  0.00000000E+000  0.42366130E-001  0.36774993E+000  0.69423324E+001  0.46548324E+002  0.11379613E+003  0.30117891E+003  0.59120132E+003
  0.00000000E+000  0.00000000E+000  0.00000000E+000  0.00000000E+000  0.42356965E-001  0.36776452E+000  0.69424339E+001  0.46549099E+002  0.11379798E+003  0.30118407E+003  0.59121102E+003
  0.00000000E+000  0.00000000E+000  0.00000000E+000  0.00000000E+000  0.42347815E-001  0.36777875E+000  0.69425318E+001  0.46549846E+002  0.11379977E+003  0.30118909E+003  0.59122047E+003
  0.00000000E+000  0.00000000E+000  0.00000000E+000  0.00000000E+000  0.42338724E-001  0.36779256E+000  0.69426262E+001  0.46550564E+002  0.11380152E+003  0.30119395E+003  0.59122966E+003
  0.00000000E+000  0.00000000E+000  0.00000000E+000  0.00000000E+000  0.42329731E-001  0.36780586E+000  0.69427171E+001  0.46551250E+002  0.11380320E+003  0.30119866E+003  0.59123860E+003
  0.00000000E+000  0.00000000E+000  0.00000000E+000  0.00000000E+000  0.42320873E-001  0.36781858E+000  0.69428046E+001  0.46551904E+002  0.11380483E+003  0.30120321E+003  0.59124726E+003
  0.00000000E+000  0.00000000E+000  0.00000000E+000  0.00000000E+000  0.42312182E-001  0.36783065E+000  0.69428886E+001  0.46552523E+002  0.11380639E+003  0.30120760E+003  0.59125566E+003
  0.00000000E+000  0.00000000E+000  0.00000000E+000  0.00000000E+000  0.42303687E-001  0.36784198E+000  0.69429694E+001  0.46553108E+002  0.11380789E+003  0.30121183E+003  0.59126378E+003
  0.00000000E+000  0.00000000E+000  0.00000000E+000  0.00000000E+000  0.42295414E-001  0.36785250E+000  0.69430471E+001  0.46553657E+002  0.11380933E+003  0.30121589E+003  0.59127163E+003
  0.00000000E+000  0.00000000E+000  0.00000000E+000  0.00000000E+000  0.42287385E-001  0.36786212E+000  0.69431217E+001  0.46554170E+002  0.11381070E+003  0.30121979E+003  0.59127920E+003
  0.00000000E+000  0.00000000E+000  0.00000000E+000  0.00000000E+000  0.42279619E-001  0.36787078E+000  0.69431934E+001  0.46554645E+002  0.11381201E+003  0.30122352E+003  0.59128649E+003
  0.00000000E+000  0.00000000E+000  0.00000000E+000  0.00000000E+000  0.42272129E-001  0.36787839E+000  0.69432624E+001  0.46555083E+002  0.11381325E+003  0.30122709E+003  0.59129351E+003
  0.00000000E+000  0.00000000E+000  0.00000000E+000  0.00000000E+000  0.42264927E-001  0.36788490E+000  0.69433288E+001  0.46555484E+002  0.11381442E+003  0.30123049E+003  0.59130026E+003
  0.00000000E+000  0.00000000E+000  0.00000000E+000  0.00000000E+000  0.42258022E-001  0.36789025E+000  0.69433929E+001  0.46555846E+002  0.11381552E+003  0.30123373E+003  0.59130673E+003
  0.00000000E+000  0.00000000E+000  0.00000000E+000  0.00000000E+000  0.42251419E-001  0.36789439E+000  0.69434548E+001  0.46556172E+002  0.11381655E+003  0.30123682E+003  0.59131295E+003
  0.00000000E+000  0.00000000E+000  0.00000000E+000  0.00000000E+000  0.42245122E-001  0.36789729E+000  0.69435147E+001  0.46556460E+002  0.11381751E+003  0.30123974E+003  0.59131890E+003
  0.00000000E+000  0.00000000E+000  0.00000000E+000  0.00000000E+000  0.42239131E-001  0.36789890E+000  0.69435729E+001  0.46556712E+002  0.11381841E+003  0.30124252E+003  0.59132460E+003
  0.00000000E+000  0.00000000E+000  0.00000000E+000  0.00000000E+000  0.42233445E-001  0.36789922E+000  0.69436294E+001  0.46556928E+002  0.11381924E+003  0.30124514E+003  0.59133005E+003
  0.00000000E+000  0.00000000E+000  0.00000000E+000  0.00000000E+000  0.42228060E-001  0.36789823E+000  0.69436846E+001  0.46557110E+002  0.11382000E+003  0.30124762E+003  0.59133527E+003
  0.00000000E+000  0.00000000E+000  0.00000000E+000  0.00000000E+000  0.42222973E-001  0.36789595E+000  0.69437385E+001  0.46557258E+002  0.11382070E+003  0.30124995E+003  0.59134025E+003
  0.00000000E+000  0.00000000E+000  0.00000000E+000  0.00000000E+000  0.42218176E-001  0.36789239E+000  0.69437913E+001  0.46557374E+002  0.11382133E+003  0.30125215E+003  0.59134501E+003
  0.00000000E+000  0.00000000E+000  0.00000000E+000  0.00000000E+000  0.42213664E-001  0.36788758E+000  0.69438432E+001  0.46557459E+002  0.11382190E+003  0.30125421E+003  0.59134956E+003
  0.00000000E+000  0.00000000E+000  0.00000000E+000  0.00000000E+000  0.42209428E-001  0.36788156E+000  0.69438943E+001  0.46557515E+002  0.11382241E+003  0.30125615E+003  0.59135390E+003
  0.00000000E+000  0.00000000E+000  0.00000000E+000  0.00000000E+000  0.42205460E-001  0.36787438E+000  0.69439447E+001  0.46557543E+002  0.11382286E+003  0.30125796E+003  0.59135804E+003
  0.00000000E+000  0.00000000E+000  0.00000000E+000  0.00000000E+000  0.42201750E-001  0.36786611E+000  0.69439945E+001  0.46557544E+002  0.11382325E+003  0.30125966E+003  0.59136199E+003
  0.00000000E+000  0.00000000E+000  0.00000000E+000  0.00000000E+000  0.42198289E-001  0.36785680E+000  0.69440437E+001  0.46557521E+002  0.11382359E+003  0.30126124E+003  0.59136576E+003
  0.00000000E+000  0.00000000E+000  0.00000000E+000  0.00000000E+000  0.42195068E-001  0.36784654E+000  0.69440923E+001  0.46557475E+002  0.11382387E+003  0.30126271E+003  0.59136936E+003
  0.00000000E+000  0.00000000E+000  0.00000000E+000  0.00000000E+000  0.42192075E-001  0.36783541E+000  0.69441404E+001  0.46557408E+002  0.11382411E+003  0.30126408E+003  0.59137280E+003
  0.00000000E+000  0.00000000E+000  0.00000000E+000  0.00000000E+000  0.42189302E-001  0.36782351E+000  0.69441880E+001  0.46557322E+002  0.11382429E+003  0.30126536E+003  0.59137608E+003
  0.00000000E+000  0.00000000E+000  0.00000000E+000  0.00000000E+000  0.42186737E-001  0.36781091E+000  0.69442349E+001  0.46557219E+002  0.11382443E+003  0.30126653E+003  0.59137922E+003
  0.00000000E+000  0.00000000E+000  0.00000000E+000  0.00000000E+000  0.42184372E-001  0.36779773E+000  0.69442810E+001  0.46557100E+002  0.11382452E+003  0.30126762E+003  0.59138221E+003
  0.00000000E+000  0.00000000E+000  0.00000000E+000  0.00000000E+000  0.42182197E-001  0.36778406E+000  0.69443262E+001  0.46556968E+002  0.11382457E+003  0.30126862E+003  0.59138508E+003
  0.00000000E+000  0.00000000E+000  0.00000000E+000  0.00000000E+000  0.42180200E-001  0.36776999E+000  0.69443704E+001  0.46556823E+002  0.11382457E+003  0.30126955E+003  0.59138782E+003
  0.00000000E+000  0.00000000E+000  0.00000000E+000  0.00000000E+000  0.42178375E-001  0.36775562E+000  0.69444134E+001  0.46556669E+002  0.11382454E+003  0.30127039E+003  0.59139044E+003
  0.00000000E+000  0.00000000E+000  0.00000000E+000  0.00000000E+000  0.42176710E-001  0.36774104E+000  0.69444550E+001  0.46556506E+002  0.11382448E+003  0.30127116E+003  0.59139296E+003
  0.00000000E+000  0.00000000E+000  0.00000000E+000  0.00000000E+000  0.42175197E-001  0.36772635E+000  0.69444948E+001  0.46556336E+002  0.11382438E+003  0.30127187E+003  0.59139537E+003
  0.00000000E+000  0.00000000E+000  0.00000000E+000  0.00000000E+000  0.42173828E-001  0.36771164E+000  0.69445327E+001  0.46556161E+002  0.11382424E+003  0.30127251E+003  0.59139768E+003
  0.00000000E+000  0.00000000E+000  0.00000000E+000  0.00000000E+000  0.42172594E-001  0.36769699E+000  0.69445685E+001  0.46555983E+002  0.11382408E+003  0.30127308E+003  0.59139990E+003
  0.00000000E+000  0.00000000E+000  0.00000000E+000  0.00000000E+000  0.42171486E-001  0.36768247E+000  0.69446018E+001  0.46555803E+002  0.11382389E+003  0.30127360E+003  0.59140203E+003
  0.00000000E+000  0.00000000E+000  0.00000000E+000  0.00000000E+000  0.42170498E-001  0.36766815E+000  0.69446323E+001  0.46555623E+002  0.11382367E+003  0.30127406E+003  0.59140408E+003
  0.00000000E+000  0.00000000E+000  0.00000000E+000  0.00000000E+000  0.42169621E-001  0.36765411E+000  0.69446599E+001  0.46555444E+002  0.11382344E+003  0.30127447E+003  0.59140605E+003
  0.00000000E+000  0.00000000E+000  0.00000000E+000  0.00000000E+000  0.42168849E-001  0.36764040E+000  0.69446842E+001  0.46555266E+002  0.11382318E+003  0.30127483E+003  0.59140795E+003
  0.00000000E+000  0.00000000E+000  0.00000000E+000  0.00000000E+000  0.42168175E-001  0.36762707E+000  0.69447050E+001  0.46555093E+002  0.11382290E+003  0.30127514E+003  0.59140978E+003
  0.00000000E+000  0.00000000E+000  0.00000000E+000  0.00000000E+000  0.42167591E-001  0.36761418E+000  0.69447220E+001  0.46554924E+002  0.11382260E+003  0.30127540E+003  0.59141154E+003
  0.00000000E+000  0.00000000E+000  0.00000000E+000  0.00000000E+000  0.42167092E-001  0.36760175E+000  0.69447352E+001  0.46554760E+002  0.11382230E+003  0.30127562E+003  0.59141323E+003
  0.00000000E+000  0.00000000E+000  0.00000000E+000  0.00000000E+000  0.42166672E-001  0.36758983E+000  0.69447442E+001  0.46554603E+002  0.11382197E+003  0.30127579E+003  0.59141487E+003
  0.00000000E+000  0.00000000E+000  0.00000000E+000  0.00000000E+000  0.42166324E-001  0.36757844E+000  0.69447491E+001  0.46554453E+002  0.11382164E+003  0.30127593E+003  0.59141645E+003
  0.00000000E+000  0.00000000E+000  0.00000000E+000  0.00000000E+000  0.42166044E-001  0.36756760E+000  0.69447496E+001  0.46554311E+002  0.11382130E+003  0.30127603E+003  0.59141797E+003
  0.00000000E+000  0.00000000E+000  0.00000000E+000  0.00000000E+000  0.42165826E-001  0.36755732E+000  0.69447457E+001  0.46554177E+002  0.11382096E+003  0.30127609E+003  0.59141944E+003
  0.00000000E+000  0.00000000E+000  0.00000000E+000  0.00000000E+000  0.42165666E-001  0.36754762E+000  0.69447374E+001  0.46554053E+002  0.11382060E+003  0.30127612E+003  0.59142086E+003
  0.00000000E+000  0.00000000E+000  0.00000000E+000  0.00000000E+000  0.42165558E-001  0.36753851E+000  0.69447247E+001  0.46553937E+002  0.11382025E+003  0.30127611E+003  0.59142222E+003
  0.00000000E+000  0.00000000E+000  0.00000000E+000  0.00000000E+000  0.42165498E-001  0.36752997E+000  0.69447077E+001  0.46553832E+002  0.11381990E+003  0.30127607E+003  0.59142354E+003
  0.00000000E+000  0.00000000E+000  0.00000000E+000  0.00000000E+000  0.42165482E-001  0.36752202E+000  0.69446864E+001  0.46553736E+002  0.11381954E+003  0.30127600E+003  0.59142481E+003
  0.00000000E+000  0.00000000E+000  0.00000000E+000  0.00000000E+000  0.42165506E-001  0.36751464E+000  0.69446611E+001  0.46553649E+002  0.11381919E+003  0.30127589E+003  0.59142603E+003
  0.00000000E+000  0.00000000E+000  0.00000000E+000  0.00000000E+000  0.42165566E-001  0.36750782E+000  0.69446319E+001  0.46553573E+002  0.11381885E+003  0.30127576E+003  0.59142720E+003
  0.00000000E+000  0.00000000E+000  0.00000000E+000  0.00000000E+000  0.42165658E-001  0.36750155E+000  0.69445990E+001  0.46553506E+002  0.11381851E+003  0.30127561E+003  0.59142833E+003
  0.00000000E+000  0.00000000E+000  0.00000000E+000  0.00000000E+000  0.42165780E-001  0.36749582E+000  0.69445627E+001  0.46553447E+002  0.11381818E+003  0.30127542E+003  0.59142941E+003
  0.00000000E+000  0.00000000E+000  0.00000000E+000  0.00000000E+000  0.42165927E-001  0.36749060E+000  0.69445232E+001  0.46553398E+002  0.11381785E+003  0.30127521E+003  0.59143045E+003
  0.00000000E+000  0.00000000E+000  0.00000000E+000  0.00000000E+000  0.42166098E-001  0.36748587E+000  0.69444808E+001  0.46553357E+002  0.11381754E+003  0.30127498E+003  0.59143145E+003
  0.00000000E+000  0.00000000E+000  0.00000000E+000  0.00000000E+000  0.42166288E-001  0.36748163E+000  0.69444359E+001  0.46553324E+002  0.11381723E+003  0.30127473E+003  0.59143239E+003
  0.00000000E+000  0.00000000E+000  0.00000000E+000  0.00000000E+000  0.42166496E-001  0.36747783E+000  0.69443887E+001  0.46553298E+002  0.11381694E+003  0.30127446E+003  0.59143330E+003
  0.00000000E+000  0.00000000E+000  0.00000000E+000  0.00000000E+000  0.42166719E-001  0.36747447E+000  0.69443397E+001  0.46553279E+002  0.11381666E+003  0.30127417E+003  0.59143416E+003
  0.00000000E+000  0.00000000E+000  0.00000000E+000  0.00000000E+000  0.42166955E-001  0.36747152E+000  0.69442891E+001  0.46553266E+002  0.11381639E+003  0.30127386E+003  0.59143497E+003
  0.00000000E+000  0.00000000E+000  0.00000000E+000  0.00000000E+000  0.42167201E-001  0.36746895E+000  0.69442373E+001  0.46553258E+002  0.11381614E+003  0.30127354E+003  0.59143574E+003
  0.00000000E+000  0.00000000E+000  0.00000000E+000  0.00000000E+000  0.42167456E-001  0.36746674E+000  0.69441847E+001  0.46553255E+002  0.11381591E+003  0.30127320E+003  0.59143646E+003
  0.00000000E+000  0.00000000E+000  0.00000000E+000  0.00000000E+000  0.42167717E-001  0.36746487E+000  0.69441316E+001  0.46553255E+002  0.11381568E+003  0.30127285E+003  0.59143714E+003
  0.00000000E+000  0.00000000E+000  0.00000000E+000  0.00000000E+000  0.42167983E-001  0.36746332E+000  0.69440783E+001  0.46553259E+002  0.11381548E+003  0.30127249E+003  0.59143778E+003
  0.00000000E+000  0.00000000E+000  0.00000000E+000  0.00000000E+000  0.42168253E-001  0.36746206E+000  0.69440251E+001  0.46553265E+002  0.11381529E+003  0.30127213E+003  0.59143837E+003
  0.00000000E+000  0.00000000E+000  0.00000000E+000  0.00000000E+000  0.42168524E-001  0.36746106E+000  0.69439723E+001  0.46553273E+002  0.11381511E+003  0.30127175E+003  0.59143892E+003
  0.00000000E+000  0.00000000E+000  0.00000000E+000  0.00000000E+000  0.42168795E-001  0.36746032E+000  0.69439203E+001  0.46553281E+002  0.11381495E+003  0.30127138E+003  0.59143942E+003
  0.00000000E+000  0.00000000E+000  0.00000000E+000  0.00000000E+000  0.42169066E-001  0.36745979E+000  0.69438692E+001  0.46553290E+002  0.11381480E+003  0.30127100E+003  0.59143988E+003
  0.00000000E+000  0.00000000E+000  0.00000000E+000  0.00000000E+000  0.42169335E-001  0.36745948E+000  0.69438193E+001  0.46553299E+002  0.11381467E+003  0.30127061E+003  0.59144029E+003
  0.00000000E+000  0.00000000E+000  0.00000000E+000  0.00000000E+000  0.42169600E-001  0.36745935E+000  0.69437708E+001  0.46553308E+002  0.11381456E+003  0.30127023E+003  0.59144067E+003
  0.00000000E+000  0.00000000E+000  0.00000000E+000  0.00000000E+000  0.42169862E-001  0.36745939E+000  0.69437239E+001  0.46553314E+002  0.11381446E+003  0.30126985E+003  0.59144100E+003
  0.00000000E+000  0.00000000E+000  0.00000000E+000  0.00000000E+000  0.42170119E-001  0.36745958E+000  0.69436788E+001  0.46553319E+002  0.11381437E+003  0.30126948E+003  0.59144129E+003
  0.00000000E+000  0.00000000E+000  0.00000000E+000  0.00000000E+000  0.42170371E-001  0.36745991E+000  0.69436356E+001  0.46553322E+002  0.11381429E+003  0.30126911E+003  0.59144154E+003
  0.00000000E+000  0.00000000E+000  0.00000000E+000  0.00000000E+000  0.42170616E-001  0.36746035E+000  0.69435944E+001  0.46553322E+002  0.11381423E+003  0.30126875E+003  0.59144175E+003
  0.00000000E+000  0.00000000E+000  0.00000000E+000  0.00000000E+000  0.42170855E-001  0.36746090E+000  0.69435554E+001  0.46553320E+002  0.11381418E+003  0.30126840E+003  0.59144193E+003
  0.00000000E+000  0.00000000E+000  0.00000000E+000  0.00000000E+000  0.42171087E-001  0.36746153E+000  0.69435185E+001  0.46553314E+002  0.11381414E+003  0.30126805E+003  0.59144207E+003
  0.00000000E+000  0.00000000E+000  0.00000000E+000  0.00000000E+000  0.42171311E-001  0.36746224E+000  0.69434839E+001  0.46553306E+002  0.11381411E+003  0.30126772E+003  0.59144218E+003
  0.00000000E+000  0.00000000E+000  0.00000000E+000  0.00000000E+000  0.42171527E-001  0.36746302E+000  0.69434515E+001  0.46553293E+002  0.11381408E+003  0.30126741E+003  0.59144225E+003
  0.00000000E+000  0.00000000E+000  0.00000000E+000  0.00000000E+000  0.42171736E-001  0.36746384E+000  0.69434215E+001  0.46553278E+002  0.11381407E+003  0.30126710E+003  0.59144229E+003
  0.00000000E+000  0.00000000E+000  0.00000000E+000  0.00000000E+000  0.42171935E-001  0.36746471E+000  0.69433937E+001  0.46553259E+002  0.11381406E+003  0.30126682E+003  0.59144231E+003
  0.00000000E+000  0.00000000E+000  0.00000000E+000  0.00000000E+000  0.42172127E-001  0.36746562E+000  0.69433681E+001  0.46553237E+002  0.11381406E+003  0.30126654E+003  0.59144230E+003
  0.00000000E+000  0.00000000E+000  0.00000000E+000  0.00000000E+000  0.42172309E-001  0.36746654E+000  0.69433448E+001  0.46553211E+002  0.11381407E+003  0.30126629E+003  0.59144226E+003
  0.00000000E+000  0.00000000E+000  0.00000000E+000  0.00000000E+000  0.42172484E-001  0.36746748E+000  0.69433236E+001  0.46553183E+002  0.11381407E+003  0.30126605E+003  0.59144220E+003
  0.00000000E+000  0.00000000E+000  0.00000000E+000  0.00000000E+000  0.42172649E-001  0.36746844E+000  0.69433045E+001  0.46553151E+002  0.11381409E+003  0.30126583E+003  0.59144212E+003
  0.00000000E+000  0.00000000E+000  0.00000000E+000  0.00000000E+000  0.42172806E-001  0.36746939E+000  0.69432874E+001  0.46553117E+002  0.11381410E+003  0.30126562E+003  0.59144202E+003
  0.00000000E+000  0.00000000E+000  0.00000000E+000  0.00000000E+000  0.42172954E-001  0.36747034E+000  0.69432724E+001  0.46553080E+002  0.11381412E+003  0.30126544E+003  0.59144191E+003
  0.00000000E+000  0.00000000E+000  0.00000000E+000  0.00000000E+000  0.42173094E-001  0.36747128E+000  0.69432591E+001  0.46553041E+002  0.11381414E+003  0.30126527E+003  0.59144179E+003
  0.00000000E+000  0.00000000E+000  0.00000000E+000  0.00000000E+000  0.42173226E-001  0.36747221E+000  0.69432477E+001  0.46553000E+002  0.11381416E+003  0.30126512E+003  0.59144165E+003
  0.00000000E+000  0.00000000E+000  0.00000000E+000  0.00000000E+000  0.42173350E-001  0.36747312E+000  0.69432379E+001  0.46552958E+002  0.11381418E+003  0.30126499E+003  0.59144151E+003
  0.00000000E+000  0.00000000E+000  0.00000000E+000  0.00000000E+000  0.42173465E-001  0.36747401E+000  0.69432297E+001  0.46552914E+002  0.11381420E+003  0.30126487E+003  0.59144135E+003
  0.00000000E+000  0.00000000E+000  0.00000000E+000  0.00000000E+000  0.42173574E-001  0.36747488E+000  0.69432229E+001  0.46552868E+002  0.11381422E+003  0.30126477E+003  0.59144120E+003
  0.00000000E+000  0.00000000E+000  0.00000000E+000  0.00000000E+000  0.42173674E-001  0.36747572E+000  0.69432176E+001  0.46552822E+002  0.11381424E+003  0.30126469E+003  0.59144104E+003
  0.00000000E+000  0.00000000E+000  0.00000000E+000  0.00000000E+000  0.42173768E-001  0.36747653E+000  0.69432135E+001  0.46552776E+002  0.11381425E+003  0.30126462E+003  0.59144088E+003
  0.00000000E+000  0.00000000E+000  0.00000000E+000  0.00000000E+000  0.42173855E-001  0.36747732E+000  0.69432105E+001  0.46552729E+002  0.11381426E+003  0.30126457E+003  0.59144072E+003
  0.00000000E+000  0.00000000E+000  0.00000000E+000  0.00000000E+000  0.42173935E-001  0.36747807E+000  0.69432087E+001  0.46552682E+002  0.11381427E+003  0.30126453E+003  0.59144056E+003
  0.00000000E+000  0.00000000E+000  0.00000000E+000  0.00000000E+000  0.42174009E-001  0.36747879E+000  0.69432078E+001  0.46552636E+002  0.11381428E+003  0.30126451E+003  0.59144041E+003
  0.00000000E+000  0.00000000E+000  0.00000000E+000  0.00000000E+000  0.42174076E-001  0.36747947E+000  0.69432079E+001  0.46552590E+002  0.11381429E+003  0.30126449E+003  0.59144027E+003
  0.00000000E+000  0.00000000E+000  0.00000000E+000  0.00000000E+000  0.42174138E-001  0.36748013E+000  0.69432087E+001  0.46552545E+002  0.11381429E+003  0.30126449E+003  0.59144013E+003
  0.00000000E+000  0.00000000E+000  0.00000000E+000  0.00000000E+000  0.42174195E-001  0.36748074E+000  0.69432102E+001  0.46552500E+002  0.11381429E+003  0.30126449E+003  0.59144000E+003
  0.00000000E+000  0.00000000E+000  0.00000000E+000  0.00000000E+000  0.42174247E-001  0.36748133E+000  0.69432123E+001  0.46552457E+002  0.11381428E+003  0.30126451E+003  0.59143988E+003
  0.00000000E+000  0.00000000E+000  0.00000000E+000  0.00000000E+000  0.42174293E-001  0.36748188E+000  0.69432150E+001  0.46552415E+002  0.11381428E+003  0.30126453E+003  0.59143976E+003
  0.00000000E+000  0.00000000E+000  0.00000000E+000  0.00000000E+000  0.42174335E-001  0.36748240E+000  0.69432182E+001  0.46552375E+002  0.11381427E+003  0.30126456E+003  0.59143966E+003
  0.00000000E+000  0.00000000E+000  0.00000000E+000  0.00000000E+000  0.42174373E-001  0.36748289E+000  0.69432217E+001  0.46552337E+002  0.11381425E+003  0.30126459E+003  0.59143957E+003
  0.00000000E+000  0.00000000E+000  0.00000000E+000  0.00000000E+000  0.42174407E-001  0.36748335E+000  0.69432256E+001  0.46552300E+002  0.11381424E+003  0.30126463E+003  0.59143949E+003
  0.00000000E+000  0.00000000E+000  0.00000000E+000  0.00000000E+000  0.42174437E-001  0.36748377E+000  0.69432298E+001  0.46552265E+002  0.11381422E+003  0.30126467E+003  0.59143942E+003
  0.00000000E+000  0.00000000E+000  0.00000000E+000  0.00000000E+000  0.42174464E-001  0.36748417E+000  0.69432342E+001  0.46552232E+002  0.11381420E+003  0.30126471E+003  0.59143937E+003
  0.00000000E+000  0.00000000E+000  0.00000000E+000  0.00000000E+000  0.42174487E-001  0.36748454E+000  0.69432387E+001  0.46552201E+002  0.11381417E+003  0.30126476E+003  0.59143932E+003
  0.00000000E+000  0.00000000E+000  0.00000000E+000  0.00000000E+000  0.42174508E-001  0.36748488E+000  0.69432434E+001  0.46552172E+002  0.11381415E+003  0.30126480E+003  0.59143928E+003
  0.00000000E+000  0.00000000E+000  0.00000000E+000  0.00000000E+000  0.42174525E-001  0.36748519E+000  0.69432482E+001  0.46552145E+002  0.11381412E+003  0.30126485E+003  0.59143926E+003
  0.00000000E+000  0.00000000E+000  0.00000000E+000  0.00000000E+000  0.42174541E-001  0.36748548E+000  0.69432530E+001  0.46552120E+002  0.11381409E+003  0.30126489E+003  0.59143924E+003
  0.00000000E+000  0.00000000E+000  0.00000000E+000  0.00000000E+000  0.42174553E-001  0.36748575E+000  0.69432578E+001  0.46552097E+002  0.11381406E+003  0.30126493E+003  0.59143924E+003
  0.00000000E+000  0.00000000E+000  0.00000000E+000  0.00000000E+000  0.42174564E-001  0.36748599E+000  0.69432626E+001  0.46552076E+002  0.11381403E+003  0.30126497E+003  0.59143924E+003
  0.00000000E+000  0.00000000E+000  0.00000000E+000  0.00000000E+000  0.42174573E-001  0.36748621E+000  0.69432673E+001  0.46552057E+002  0.11381400E+003  0.30126501E+003  0.59143925E+003
  0.00000000E+000  0.00000000E+000  0.00000000E+000  0.00000000E+000  0.42174581E-001  0.36748641E+000  0.69432719E+001  0.46552040E+002  0.11381397E+003  0.30126504E+003  0.59143926E+003
  0.00000000E+000  0.00000000E+000  0.00000000E+000  0.00000000E+000  0.42174586E-001  0.36748659E+000  0.69432765E+001  0.46552025E+002  0.11381393E+003  0.30126507E+003  0.59143929E+003
  0.00000000E+000  0.00000000E+000  0.00000000E+000  0.00000000E+000  0.42174591E-001  0.36748675E+000  0.69432809E+001  0.46552012E+002  0.11381390E+003  0.30126509E+003  0.59143932E+003
  0.00000000E+000  0.00000000E+000  0.00000000E+000  0.00000000E+000  0.42174594E-001  0.36748690E+000  0.69432852E+001  0.46552000E+002  0.11381386E+003  0.30126511E+003  0.59143935E+003
  0.00000000E+000  0.00000000E+000  0.00000000E+000  0.00000000E+000  0.42174595E-001  0.36748703E+000  0.69432893E+001  0.46551990E+002  0.11381383E+003  0.30126513E+003  0.59143939E+003
  0.00000000E+000  0.00000000E+000  0.00000000E+000  0.00000000E+000  0.42174596E-001  0.36748714E+000  0.69432933E+001  0.46551982E+002  0.11381380E+003  0.30126514E+003  0.59143943E+003
  0.00000000E+000  0.00000000E+000  0.00000000E+000  0.00000000E+000  0.42174596E-001  0.36748724E+000  0.69432971E+001  0.46551975E+002  0.11381377E+003  0.30126514E+003  0.59143947E+003
  0.00000000E+000  0.00000000E+000  0.00000000E+000  0.00000000E+000  0.42174595E-001  0.36748733E+000  0.69433007E+001  0.46551970E+002  0.11381373E+003  0.30126515E+003  0.59143951E+003
