  0.26678667E-002
  0.22258366E-002
  0.18665776E-002
  0.15734708E-002
  0.13329654E-002
  0.11341526E-002
  0.96926192E-003
  0.83186686E-003
  0.71701342E-003
  0.62098031E-003
  0.54036017E-003
  0.47254140E-003
  0.41540309E-003
  0.36711079E-003
  0.32622647E-003
  0.29158643E-003
  0.26216350E-003
  0.23711154E-003
  0.21577304E-003
  0.19752848E-003
  0.18190353E-003
  0.16846619E-003
  0.15687258E-003
  0.14683139E-003
  0.13808331E-003
  0.13042363E-003
  0.12367186E-003
  0.11767871E-003
  0.11231696E-003
  0.10747985E-003
  0.10307735E-003
  0.99034951E-004
  0.95289142E-004
  0.91788097E-004
  0.88489326E-004
  0.85357894E-004
  0.82365768E-004
  0.79490908E-004
  0.76714591E-004
  0.74023987E-004
  0.71407668E-004
  0.68859201E-004
  0.66372563E-004
  0.63944592E-004
  0.61572100E-004
  0.59254392E-004
  0.56989895E-004
  0.54779793E-004
  0.52623211E-004
  0.50521068E-004
  0.48473758E-004
  0.46482376E-004
  0.44548502E-004
  0.42672772E-004
  0.40855176E-004
  0.39096290E-004
  0.37396305E-004
  0.35756170E-004
  0.34176193E-004
  0.32656591E-004
  0.31197905E-004
  0.29799689E-004
  0.28461832E-004
  0.27184231E-004
  0.25966186E-004
  0.24805952E-004
  0.23702519E-004
  0.22652989E-004
  0.21655967E-004
  0.20707498E-004
  0.19804661E-004
  0.18943413E-004
  0.18120054E-004
  0.17330227E-004
  0.16570446E-004
  0.15836124E-004
  0.15124426E-004
  0.14431616E-004
  0.13755375E-004
  0.13092994E-004
  0.12443391E-004
  0.11805528E-004
  0.11178616E-004
  0.10563136E-004
  0.99591766E-005
  0.93678655E-005
  0.87899143E-005
  0.82272157E-005
  0.76803281E-005
  0.71511818E-005
  0.66408934E-005
  0.61502707E-005
  0.56804244E-005
  0.52323830E-005
  0.48066099E-005
  0.44030035E-005
  0.40222784E-005
  0.36639648E-005
  0.33279032E-005
  0.30135657E-005
  0.27204208E-005
  0.24478884E-005
  0.21949782E-005
  0.19610463E-005
  0.17451716E-005
  0.15465663E-005
  0.13639323E-005
  0.11965964E-005
  0.10436520E-005
  0.90401486E-006
  0.77691952E-006
  0.66166023E-006
  0.55719902E-006
  0.46293278E-006
  0.37792855E-006
  0.30164673E-006
  0.23340056E-006
  0.17245367E-006
  0.11826850E-006
  0.70348799E-007
  0.27996763E-007
 -0.91054349E-008
 -0.41484925E-007
 -0.69566277E-007
 -0.93689447E-007
 -0.11426481E-006
 -0.13162483E-006
 -0.14628152E-006
 -0.15823231E-006
 -0.16792129E-006
 -0.17546493E-006
 -0.18126800E-006
 -0.18540315E-006
 -0.18809494E-006
 -0.18947904E-006
 -0.18981282E-006
 -0.18921241E-006
 -0.18771900E-006
 -0.18553182E-006
 -0.18277553E-006
 -0.17941893E-006
 -0.17560784E-006
 -0.17148382E-006
 -0.16700624E-006
 -0.16236338E-006
 -0.15756335E-006
 -0.15263015E-006
 -0.14756800E-006
 -0.14248084E-006
 -0.13736852E-006
 -0.13224782E-006
 -0.12718822E-006
 -0.12221476E-006
 -0.11721007E-006
 -0.11232311E-006
 -0.10752903E-006
 -0.10280968E-006
 -0.98245078E-007
 -0.93794415E-007
 -0.89490145E-007
 -0.85295099E-007
 -0.81196720E-007
 -0.77238299E-007
 -0.73451918E-007
 -0.69759391E-007
 -0.66256532E-007
 -0.62853329E-007
 -0.59549298E-007
 -0.56459779E-007
 -0.53463207E-007
 -0.50605174E-007
 -0.47948294E-007
 -0.45367744E-007
 -0.42796768E-007
 -0.40377460E-007
 -0.38179465E-007
 -0.36084695E-007
 -0.33995467E-007
 -0.32128654E-007
 -0.30295772E-007
 -0.28632187E-007
 -0.26986496E-007
 -0.25406309E-007
 -0.24023744E-007
 -0.22659618E-007
 -0.21430011E-007
 -0.20224099E-007
 -0.19187078E-007
 -0.18120770E-007
 -0.17127139E-007
 -0.16257714E-007
 -0.15434621E-007
 -0.14624174E-007
 -0.13984564E-007
 -0.13397885E-007
 -0.12881412E-007
 -0.12522846E-007
 -0.12745176E-007
 -0.18135049E-007
 -0.24157057E-007
