  0.67664938E-003
  0.47057605E-003
  0.33077827E-003
  0.23498119E-003
  0.16860218E-003
  0.12204019E-003
  0.89123862E-004
  0.65642318E-004
  0.48764590E-004
  0.36575154E-004
  0.27693801E-004
  0.21178002E-004
  0.16365792E-004
  0.12781637E-004
  0.10093156E-004
  0.80634531E-005
  0.65182317E-005
  0.53320042E-005
  0.44155004E-005
  0.37003773E-005
  0.31381248E-005
  0.26916290E-005
  0.23339188E-005
  0.20447098E-005
  0.18083338E-005
  0.16132854E-005
  0.14505843E-005
  0.13134078E-005
  0.11964570E-005
  0.10956281E-005
  0.10077161E-005
  0.93023210E-006
  0.86119959E-006
  0.79908385E-006
  0.74268392E-006
  0.69105441E-006
  0.64345914E-006
  0.59932857E-006
  0.55819842E-006
  0.51973286E-006
  0.48364589E-006
  0.44974292E-006
  0.41784972E-006
  0.38784049E-006
  0.35959695E-006
  0.33303643E-006
  0.30806966E-006
  0.28464041E-006
  0.26267156E-006
  0.24210624E-006
  0.22288297E-006
  0.20494755E-006
  0.18824996E-006
  0.17273207E-006
  0.15833174E-006
  0.14499315E-006
  0.13265889E-006
  0.12127842E-006
  0.11079787E-006
  0.10116453E-006
  0.92329389E-007
  0.84239360E-007
  0.76845737E-007
  0.70102037E-007
  0.63961007E-007
  0.58373155E-007
  0.53295770E-007
  0.48680731E-007
  0.44490111E-007
  0.40678587E-007
  0.37208970E-007
  0.34043285E-007
  0.31148426E-007
  0.28492310E-007
  0.26048911E-007
  0.23791452E-007
  0.21701156E-007
  0.19758631E-007
  0.17950375E-007
  0.16263286E-007
  0.14689584E-007
  0.13222222E-007
  0.11855264E-007
  0.10585768E-007
  0.94098963E-008
  0.83256966E-008
  0.73300988E-008
  0.64216629E-008
  0.55963183E-008
  0.48517629E-008
  0.41840605E-008
  0.35886768E-008
  0.30613173E-008
  0.25974468E-008
  0.21919273E-008
  0.18392772E-008
  0.15349494E-008
  0.12736587E-008
  0.10507332E-008
  0.86161440E-009
  0.70214097E-009
  0.56850705E-009
  0.45710237E-009
  0.36486244E-009
  0.28895493E-009
  0.22692967E-009
  0.17649815E-009
  0.13584704E-009
  0.10333953E-009
  0.77536550E-010
  0.57267422E-010
  0.41536112E-010
  0.29456195E-010
  0.20332557E-010
  0.13551135E-010
  0.86328396E-011
  0.51684501E-011
  0.28216395E-011
  0.13270733E-011
  0.46953744E-012
  0.74365685E-013
  0.78660806E-014
  0.16328177E-012
  0.45915006E-012
  0.83279578E-012
  0.12387458E-011
  0.16437392E-011
  0.20301877E-011
  0.23754597E-011
  0.26752775E-011
  0.29210434E-011
  0.31174510E-011
  0.32613063E-011
  0.33566928E-011
  0.34062752E-011
  0.34182864E-011
  0.33966952E-011
  0.33432882E-011
  0.32658346E-011
  0.31695197E-011
  0.30541747E-011
  0.29258036E-011
  0.27899963E-011
  0.26462004E-011
  0.25011141E-011
  0.23554166E-011
  0.22102327E-011
  0.20660541E-011
  0.19260617E-011
  0.17903243E-011
  0.16593360E-011
  0.15347975E-011
  0.14171132E-011
  0.13034282E-011
  0.11970037E-011
  0.10970051E-011
  0.10028252E-011
  0.91575402E-012
  0.83466304E-012
  0.75981462E-012
  0.69024834E-012
  0.62550989E-012
  0.56600805E-012
  0.51187449E-012
  0.46170286E-012
  0.41649961E-012
  0.37481224E-012
  0.33644222E-012
  0.30243743E-012
  0.27118596E-012
  0.24296685E-012
  0.21812402E-012
  0.19527721E-012
  0.17377173E-012
  0.15468036E-012
  0.13829831E-012
  0.12353877E-012
  0.10964762E-012
  0.97935971E-013
  0.87080563E-013
  0.77779692E-013
  0.69095567E-013
  0.61240724E-013
  0.54756863E-013
  0.48714962E-013
  0.43571447E-013
  0.38805702E-013
  0.34928090E-013
  0.31153760E-013
  0.27830871E-013
  0.25077034E-013
  0.22602116E-013
  0.20290832E-013
  0.18554748E-013
  0.17030590E-013
  0.15742877E-013
  0.14878642E-013
  0.15411640E-013
  0.31202878E-013
  0.55366262E-013
