  0.32879562E-001
  0.32761719E-001
  0.32677557E-001
  0.32613277E-001
  0.32563502E-001
  0.32523734E-001
  0.32491959E-001
  0.32466260E-001
  0.32445069E-001
  0.32427887E-001
  0.32413743E-001
  0.32402064E-001
  0.32392480E-001
  0.32384533E-001
  0.32377906E-001
  0.32372427E-001
  0.32367887E-001
  0.32364076E-001
  0.32360937E-001
  0.32358312E-001
  0.32356143E-001
  0.32354334E-001
  0.32352824E-001
  0.32351571E-001
  0.32350518E-001
  0.32349632E-001
  0.32348881E-001
  0.32348238E-001
  0.32347681E-001
  0.32347191E-001
  0.32346752E-001
  0.32346354E-001
  0.32345983E-001
  0.32345632E-001
  0.32345294E-001
  0.32344963E-001
  0.32344634E-001
  0.32344305E-001
  0.32343973E-001
  0.32343635E-001
  0.32343291E-001
  0.32342939E-001
  0.32342578E-001
  0.32342209E-001
  0.32341832E-001
  0.32341447E-001
  0.32341053E-001
  0.32340652E-001
  0.32340244E-001
  0.32339828E-001
  0.32339406E-001
  0.32338978E-001
  0.32338545E-001
  0.32338108E-001
  0.32337666E-001
  0.32337222E-001
  0.32336774E-001
  0.32336324E-001
  0.32335873E-001
  0.32335421E-001
  0.32334969E-001
  0.32334517E-001
  0.32334067E-001
  0.32333619E-001
  0.32333174E-001
  0.32332732E-001
  0.32332295E-001
  0.32331863E-001
  0.32331436E-001
  0.32331015E-001
  0.32330602E-001
  0.32330196E-001
  0.32329798E-001
  0.32329408E-001
  0.32329028E-001
  0.32328656E-001
  0.32328295E-001
  0.32327944E-001
  0.32327604E-001
  0.32327274E-001
  0.32326955E-001
  0.32326648E-001
  0.32326353E-001
  0.32326069E-001
  0.32325798E-001
  0.32325538E-001
  0.32325290E-001
  0.32325055E-001
  0.32324831E-001
  0.32324619E-001
  0.32324419E-001
  0.32324230E-001
  0.32324053E-001
  0.32323887E-001
  0.32323731E-001
  0.32323586E-001
  0.32323450E-001
  0.32323325E-001
  0.32323208E-001
  0.32323101E-001
  0.32323001E-001
  0.32322910E-001
  0.32322826E-001
  0.32322750E-001
  0.32322680E-001
  0.32322617E-001
  0.32322559E-001
  0.32322507E-001
  0.32322460E-001
  0.32322418E-001
  0.32322381E-001
  0.32322348E-001
  0.32322318E-001
  0.32322292E-001
  0.32322270E-001
  0.32322250E-001
  0.32322234E-001
  0.32322220E-001
  0.32322208E-001
  0.32322198E-001
  0.32322191E-001
  0.32322185E-001
  0.32322180E-001
  0.32322178E-001
  0.32322176E-001
  0.32322176E-001
  0.32322177E-001
  0.32322178E-001
  0.32322181E-001
  0.32322184E-001
  0.32322188E-001
  0.32322193E-001
  0.32322198E-001
  0.32322203E-001
  0.32322209E-001
  0.32322216E-001
  0.32322222E-001
  0.32322229E-001
  0.32322236E-001
  0.32322243E-001
  0.32322250E-001
  0.32322257E-001
  0.32322264E-001
  0.32322271E-001
  0.32322278E-001
  0.32322285E-001
  0.32322292E-001
  0.32322299E-001
  0.32322306E-001
  0.32322312E-001
  0.32322319E-001
  0.32322325E-001
  0.32322331E-001
  0.32322337E-001
  0.32322343E-001
  0.32322348E-001
  0.32322353E-001
  0.32322358E-001
  0.32322363E-001
  0.32322368E-001
  0.32322372E-001
  0.32322377E-001
  0.32322381E-001
  0.32322384E-001
  0.32322388E-001
  0.32322391E-001
  0.32322394E-001
  0.32322397E-001
  0.32322400E-001
  0.32322403E-001
  0.32322405E-001
  0.32322407E-001
  0.32322409E-001
  0.32322411E-001
  0.32322413E-001
  0.32322415E-001
  0.32322416E-001
  0.32322418E-001
  0.32322419E-001
  0.32322420E-001
  0.32322421E-001
  0.32322422E-001
  0.32322423E-001
  0.32322423E-001
  0.32322424E-001
  0.32322424E-001
  0.32322425E-001
  0.32322425E-001
  0.32322426E-001
  0.32322426E-001
  0.32322426E-001
  0.32322426E-001
  0.32322427E-001
  0.32322427E-001
  0.32322427E-001
  0.32322427E-001
  0.32322427E-001
  0.32322427E-001
  0.32322427E-001
  0.32322427E-001
