  0.23203465E+000
  0.23307789E+000
  0.23396693E+000
  0.23472400E+000
  0.23536819E+000
  0.23591584E+000
  0.23638135E+000
  0.23677692E+000
  0.23711303E+000
  0.23739871E+000
  0.23764144E+000
  0.23784768E+000
  0.23802288E+000
  0.23817164E+000
  0.23829788E+000
  0.23840496E+000
  0.23849568E+000
  0.23857244E+000
  0.23863730E+000
  0.23869199E+000
  0.23873800E+000
  0.23877659E+000
  0.23880884E+000
  0.23883569E+000
  0.23885794E+000
  0.23887626E+000
  0.23889125E+000
  0.23890343E+000
  0.23891321E+000
  0.23892100E+000
  0.23892710E+000
  0.23893180E+000
  0.23893535E+000
  0.23893794E+000
  0.23893975E+000
  0.23894093E+000
  0.23894161E+000
  0.23894189E+000
  0.23894185E+000
  0.23894158E+000
  0.23894112E+000
  0.23894053E+000
  0.23893985E+000
  0.23893910E+000
  0.23893830E+000
  0.23893748E+000
  0.23893665E+000
  0.23893582E+000
  0.23893499E+000
  0.23893417E+000
  0.23893337E+000
  0.23893259E+000
  0.23893182E+000
  0.23893108E+000
  0.23893036E+000
  0.23892966E+000
  0.23892899E+000
  0.23892834E+000
  0.23892771E+000
  0.23892711E+000
  0.23892653E+000
  0.23892597E+000
  0.23892544E+000
  0.23892494E+000
  0.23892445E+000
  0.23892399E+000
  0.23892355E+000
  0.23892314E+000
  0.23892274E+000
  0.23892237E+000
  0.23892201E+000
  0.23892167E+000
  0.23892134E+000
  0.23892103E+000
  0.23892072E+000
  0.23892043E+000
  0.23892015E+000
  0.23891987E+000
  0.23891961E+000
  0.23891934E+000
  0.23891909E+000
  0.23891883E+000
  0.23891858E+000
  0.23891834E+000
  0.23891810E+000
  0.23891786E+000
  0.23891764E+000
  0.23891741E+000
  0.23891719E+000
  0.23891698E+000
  0.23891678E+000
  0.23891659E+000
  0.23891640E+000
  0.23891622E+000
  0.23891605E+000
  0.23891589E+000
  0.23891574E+000
  0.23891560E+000
  0.23891547E+000
  0.23891534E+000
  0.23891523E+000
  0.23891512E+000
  0.23891502E+000
  0.23891492E+000
  0.23891484E+000
  0.23891476E+000
  0.23891469E+000
  0.23891462E+000
  0.23891456E+000
  0.23891451E+000
  0.23891445E+000
  0.23891441E+000
  0.23891437E+000
  0.23891433E+000
  0.23891430E+000
  0.23891427E+000
  0.23891424E+000
  0.23891421E+000
  0.23891419E+000
  0.23891417E+000
  0.23891416E+000
  0.23891414E+000
  0.23891413E+000
  0.23891412E+000
  0.23891411E+000
  0.23891410E+000
  0.23891409E+000
  0.23891409E+000
  0.23891408E+000
  0.23891408E+000
  0.23891408E+000
  0.23891407E+000
  0.23891407E+000
  0.23891407E+000
  0.23891407E+000
  0.23891407E+000
  0.23891407E+000
  0.23891407E+000
  0.23891407E+000
  0.23891407E+000
  0.23891408E+000
  0.23891408E+000
  0.23891408E+000
  0.23891408E+000
  0.23891408E+000
  0.23891408E+000
  0.23891409E+000
  0.23891409E+000
  0.23891409E+000
  0.23891409E+000
  0.23891409E+000
  0.23891410E+000
  0.23891410E+000
  0.23891410E+000
  0.23891410E+000
  0.23891410E+000
  0.23891411E+000
  0.23891411E+000
  0.23891411E+000
  0.23891411E+000
  0.23891411E+000
  0.23891411E+000
  0.23891412E+000
  0.23891412E+000
  0.23891412E+000
  0.23891412E+000
  0.23891412E+000
  0.23891412E+000
  0.23891412E+000
  0.23891413E+000
  0.23891413E+000
  0.23891413E+000
  0.23891413E+000
  0.23891413E+000
  0.23891413E+000
  0.23891413E+000
  0.23891413E+000
  0.23891413E+000
  0.23891413E+000
  0.23891413E+000
  0.23891413E+000
  0.23891414E+000
  0.23891414E+000
  0.23891414E+000
  0.23891414E+000
  0.23891414E+000
  0.23891414E+000
  0.23891414E+000
  0.23891414E+000
  0.23891414E+000
  0.23891414E+000
  0.23891414E+000
  0.23891414E+000
  0.23891414E+000
  0.23891414E+000
  0.23891414E+000
  0.23891414E+000
  0.23891414E+000
  0.23891414E+000
  0.23891414E+000
