  0.18233343E+001
  0.18188818E+001
  0.18150932E+001
  0.18120107E+001
  0.18095303E+001
  0.18074876E+001
  0.18058141E+001
  0.18044285E+001
  0.18032623E+001
  0.18022997E+001
  0.18014954E+001
  0.18008206E+001
  0.18002589E+001
  0.17997868E+001
  0.17993883E+001
  0.17990547E+001
  0.17987752E+001
  0.17985384E+001
  0.17983413E+001
  0.17981754E+001
  0.17980374E+001
  0.17979219E+001
  0.17978255E+001
  0.17977458E+001
  0.17976796E+001
  0.17976250E+001
  0.17975802E+001
  0.17975435E+001
  0.17975136E+001
  0.17974896E+001
  0.17974703E+001
  0.17974550E+001
  0.17974431E+001
  0.17974340E+001
  0.17974273E+001
  0.17974225E+001
  0.17974193E+001
  0.17974176E+001
  0.17974171E+001
  0.17974176E+001
  0.17974189E+001
  0.17974211E+001
  0.17974240E+001
  0.17974275E+001
  0.17974316E+001
  0.17974362E+001
  0.17974414E+001
  0.17974470E+001
  0.17974531E+001
  0.17974596E+001
  0.17974665E+001
  0.17974737E+001
  0.17974814E+001
  0.17974893E+001
  0.17974976E+001
  0.17975061E+001
  0.17975149E+001
  0.17975240E+001
  0.17975332E+001
  0.17975427E+001
  0.17975523E+001
  0.17975620E+001
  0.17975719E+001
  0.17975819E+001
  0.17975919E+001
  0.17976020E+001
  0.17976121E+001
  0.17976222E+001
  0.17976323E+001
  0.17976424E+001
  0.17976524E+001
  0.17976623E+001
  0.17976721E+001
  0.17976818E+001
  0.17976913E+001
  0.17977006E+001
  0.17977098E+001
  0.17977187E+001
  0.17977274E+001
  0.17977358E+001
  0.17977439E+001
  0.17977518E+001
  0.17977593E+001
  0.17977666E+001
  0.17977735E+001
  0.17977801E+001
  0.17977864E+001
  0.17977924E+001
  0.17977980E+001
  0.17978034E+001
  0.17978084E+001
  0.17978131E+001
  0.17978176E+001
  0.17978217E+001
  0.17978256E+001
  0.17978292E+001
  0.17978326E+001
  0.17978357E+001
  0.17978386E+001
  0.17978412E+001
  0.17978437E+001
  0.17978459E+001
  0.17978480E+001
  0.17978499E+001
  0.17978516E+001
  0.17978532E+001
  0.17978546E+001
  0.17978559E+001
  0.17978570E+001
  0.17978580E+001
  0.17978590E+001
  0.17978598E+001
  0.17978605E+001
  0.17978611E+001
  0.17978617E+001
  0.17978621E+001
  0.17978625E+001
  0.17978629E+001
  0.17978631E+001
  0.17978634E+001
  0.17978635E+001
  0.17978637E+001
  0.17978637E+001
  0.17978638E+001
  0.17978638E+001
  0.17978638E+001
  0.17978638E+001
  0.17978637E+001
  0.17978636E+001
  0.17978635E+001
  0.17978634E+001
  0.17978633E+001
  0.17978631E+001
  0.17978630E+001
  0.17978628E+001
  0.17978627E+001
  0.17978625E+001
  0.17978623E+001
  0.17978621E+001
  0.17978619E+001
  0.17978617E+001
  0.17978615E+001
  0.17978613E+001
  0.17978611E+001
  0.17978609E+001
  0.17978608E+001
  0.17978606E+001
  0.17978604E+001
  0.17978602E+001
  0.17978600E+001
  0.17978598E+001
  0.17978597E+001
  0.17978595E+001
  0.17978594E+001
  0.17978592E+001
  0.17978591E+001
  0.17978589E+001
  0.17978588E+001
  0.17978586E+001
  0.17978585E+001
  0.17978584E+001
  0.17978583E+001
  0.17978582E+001
  0.17978581E+001
  0.17978580E+001
  0.17978579E+001
  0.17978578E+001
  0.17978577E+001
  0.17978577E+001
  0.17978576E+001
  0.17978575E+001
  0.17978575E+001
  0.17978574E+001
  0.17978574E+001
  0.17978573E+001
  0.17978573E+001
  0.17978572E+001
  0.17978572E+001
  0.17978572E+001
  0.17978571E+001
  0.17978571E+001
  0.17978571E+001
  0.17978571E+001
  0.17978570E+001
  0.17978570E+001
  0.17978570E+001
  0.17978570E+001
  0.17978570E+001
  0.17978570E+001
  0.17978570E+001
  0.17978570E+001
  0.17978570E+001
  0.17978569E+001
  0.17978569E+001
  0.17978569E+001
  0.17978569E+001
  0.17978569E+001
  0.17978569E+001
  0.17978569E+001
  0.17978569E+001
