  0.00000000E+000
 -0.27406773E-003
 -0.49744599E-003
 -0.67799551E-003
 -0.82243119E-003
 -0.93647421E-003
 -0.10249879E-002
 -0.10920831E-002
 -0.11412312E-002
 -0.11753561E-002
 -0.11969134E-002
 -0.12079687E-002
 -0.12102567E-002
 -0.12052328E-002
 -0.11941196E-002
 -0.11779430E-002
 -0.11575640E-002
 -0.11337066E-002
 -0.11069804E-002
 -0.10778987E-002
 -0.10468960E-002
 -0.10143404E-002
 -0.98054617E-003
 -0.94578194E-003
 -0.91027937E-003
 -0.87423975E-003
 -0.83783928E-003
 -0.80123378E-003
 -0.76456244E-003
 -0.72795092E-003
 -0.69151387E-003
 -0.65535697E-003
 -0.61957854E-003
 -0.58427079E-003
 -0.54952079E-003
 -0.51541111E-003
 -0.48202030E-003
 -0.44942312E-003
 -0.41769065E-003
 -0.38689027E-003
 -0.35708539E-003
 -0.32833526E-003
 -0.30069453E-003
 -0.27421283E-003
 -0.24893430E-003
 -0.22489711E-003
 -0.20213286E-003
 -0.18066623E-003
 -0.16051436E-003
 -0.14168662E-003
 -0.12418422E-003
 -0.10800006E-003
 -0.93118613E-004
 -0.79516006E-004
 -0.67160266E-004
 -0.56011741E-004
 -0.46023600E-004
 -0.37142513E-004
 -0.29309399E-004
 -0.22460384E-004
 -0.16527803E-004
 -0.11441227E-004
 -0.71286370E-005
 -0.35174757E-005
 -0.53570654E-006
  0.18871440E-005
  0.38189867E-005
  0.53244553E-005
  0.64640603E-005
  0.72938408E-005
  0.78647248E-005
  0.82224498E-005
  0.84073718E-005
  0.84545884E-005
  0.83940508E-005
  0.82509735E-005
  0.80460457E-005
  0.77961005E-005
  0.75144105E-005
  0.72113491E-005
  0.68947438E-005
  0.65705340E-005
  0.62431012E-005
  0.59156031E-005
  0.55904381E-005
  0.52693377E-005
  0.49537099E-005
  0.46446368E-005
  0.43431863E-005
  0.40501458E-005
  0.37663848E-005
  0.34926537E-005
  0.32295540E-005
  0.29776558E-005
  0.27374898E-005
  0.25094277E-005
  0.22936070E-005
  0.20902334E-005
  0.18992483E-005
  0.17205305E-005
  0.15538279E-005
  0.13988226E-005
  0.12551538E-005
  0.11223228E-005
  0.99987570E-006
  0.88729736E-006
  0.78409321E-006
  0.68961502E-006
  0.60336744E-006
  0.52483772E-006
  0.45344809E-006
  0.38871798E-006
  0.33022408E-006
  0.27743738E-006
  0.22997181E-006
  0.18734995E-006
  0.14923612E-006
  0.11526644E-006
  0.85052529E-007
  0.58291205E-007
  0.34712726E-007
  0.13960705E-007
 -0.41498867E-008
 -0.19889381E-007
 -0.33481249E-007
 -0.45103553E-007
 -0.54969130E-007
 -0.63248276E-007
 -0.70208560E-007
 -0.75827397E-007
 -0.80359338E-007
 -0.83837334E-007
 -0.86494984E-007
 -0.88331808E-007
 -0.89486644E-007
 -0.90010711E-007
 -0.90054809E-007
 -0.89649123E-007
 -0.88811652E-007
 -0.87671463E-007
 -0.86264371E-007
 -0.84553663E-007
 -0.82661293E-007
 -0.80632264E-007
 -0.78413196E-007
 -0.76177106E-007
 -0.73830174E-007
 -0.71448870E-007
 -0.68987400E-007
 -0.66562412E-007
 -0.64090871E-007
 -0.61648916E-007
 -0.59237732E-007
 -0.56878485E-007
 -0.54447067E-007
 -0.52190286E-007
 -0.49857643E-007
 -0.47671340E-007
 -0.45488323E-007
 -0.43415519E-007
 -0.41371287E-007
 -0.39407736E-007
 -0.37452022E-007
 -0.35636238E-007
 -0.33833333E-007
 -0.32117774E-007
 -0.30499495E-007
 -0.28862695E-007
 -0.27367170E-007
 -0.25920414E-007
 -0.24512860E-007
 -0.23214327E-007
 -0.21993554E-007
 -0.20743556E-007
 -0.19554722E-007
 -0.18459022E-007
 -0.17492881E-007
 -0.16433136E-007
 -0.15553452E-007
 -0.14642455E-007
 -0.13839981E-007
 -0.13064829E-007
 -0.12260526E-007
 -0.11613516E-007
 -0.10928475E-007
 -0.10354321E-007
 -0.97415356E-008
 -0.92538740E-008
 -0.87443990E-008
 -0.82395707E-008
 -0.78427978E-008
 -0.73850913E-008
 -0.71600127E-008
 -0.63555395E-008
 -0.73769045E-008
 -0.35761460E-008
 -0.13147671E-007
  0.14466424E-007
 -0.65268855E-007
  0.15818271E-006
